{"total energy": -30.37597642, "HOMO-LUMO gap/eV": 10.73774557, "electronic energy": -30.76250549, "dipole": [0.10467653, 0.45898917, -0.17515605], "partial charges": [-0.10225538, -0.05449973, -0.06259385, 0.08622509, -0.33291717, 0.086041, -0.06350597, -0.05344008, -0.10167996, 0.03445154, 0.03727925, 0.03172494, 0.03554996, 0.03120551, 0.04524368, 0.04663192, 0.0212952, 0.01785763, 0.01719543, 0.01723816, 0.04735943, 0.04728966, 0.03052119, 0.03052056, 0.03477944, 0.03623843, 0.03624413], "atomic dipole moments": [[-0.04113813, -0.01988809, 0.09662367], [-0.07202711, -0.01039154, -0.09279921], [0.01605108, 0.12773064, -0.04034391], [-0.15264059, -0.12255126, 0.03829494], [0.05500448, 0.25661352, -0.09345987], [0.08830176, -0.16044336, 0.06613643], [0.0389014, 0.12170802, -0.04336101], [-0.00313207, -0.10691046, 0.04015003], [0.09908108, 0.04662202, -0.01125506], [0.12066666, 0.02785017, 0.00843596], [-0.01019374, -0.09817692, -0.07930567], [-0.05640243, 0.1006281, -0.05199318], [0.06969521, -0.08579183, 0.04983189], [0.01439537, 0.09863223, 0.07346329], [-0.03052187, -0.04152278, 0.11276329], [-0.01408473, -0.10600594, -0.06640946], [0.01614715, 0.02596115, -0.11460124], [0.00536641, 0.09595723, 0.06873753], [0.02039881, 0.02612911, -0.11302468], [0.00884328, 0.0949071, 0.06933195], [-0.0029933, -0.10894175, -0.06308768], [-0.01458304, -0.04053137, 0.11835336], [0.01247036, 0.03451045, -0.11765925], [0.00073595, 0.10390904, 0.0663037], [-0.08934103, 0.07930171, -0.0355931], [-0.02289479, -0.03168486, 0.12012874], [-0.01069038, -0.10382648, -0.07116695]], "atomic quadrupole moments": [[-0.05845764, 0.02839873, -0.11390437, -0.10752589, -0.06902301, 0.172362], [0.11879171, 0.12268971, -0.17341786, -0.09072197, -0.06218657, 0.05462615], [0.21503938, -0.0640751, -0.02086179, 0.07604848, -0.08575828, -0.19417759], [0.40252511, 0.10047517, -0.07242759, 0.00834236, -0.10551387, -0.33009751], [0.12550326, -0.01021733, 0.0179968, 0.0228634, -0.07344613, -0.14350006], [0.27745436, -0.19220418, 0.02367891, 0.11365015, -0.16041624, -0.30113327], [0.26221311, -0.0001018, -0.03853119, 0.03317283, -0.08235091, -0.22368193], [0.22646793, -0.01847388, -0.0241781, 0.03639942, -0.08072832, -0.20228983], [0.17794451, 0.13248569, -0.05127184, -0.03011641, -0.02246782, -0.12667268], [0.07500202, 0.02891351, -0.04792239, 0.01532631, -0.00373613, -0.02707964], [-0.04742343, 0.02071839, 0.04482961, 0.00506754, 0.0501612, 0.00259382], [-0.00576679, -0.05777824, 0.02486708, 0.01287595, -0.03055767, -0.01910029], [0.00663773, -0.03441362, 0.01794375, 0.00122463, -0.03540644, -0.02458148], [-0.03017942, 0.00693633, 0.03585128, -0.01483358, 0.03784151, -0.00567186], [-0.01387299, -0.00245247, -0.03901796, -0.0210463, -0.01562258, 0.05289095], [-0.02471405, -0.00533089, 0.0114734, 0.00873056, 0.04884144, 0.01324065], [-0.00520183, 0.00814494, -0.03261018, -0.01978284, -0.01211863, 0.03781202], [-0.01163212, 0.01197338, 0.014211, 0.00542348, 0.03972621, -0.00257888], [-0.01815255, -0.00856876, -0.02590176, -0.00357916, -0.01723159, 0.04405431], [-0.0189197, -0.00994888, 0.02100058, 0.00503524, 0.03629845, -0.00208087], [-0.02518053, 0.00105343, 0.01618316, 0.00177259, 0.04721359, 0.00899737], [-0.02375095, 0.00107255, -0.03373156, -0.01084854, -0.00983139, 0.05748251], [-0.01550525, 0.00045717, -0.0371004, -0.01201864, -0.01487001, 0.05260566], [-0.01744887, 0.00164729, 0.01715895, 0.00495053, 0.04722541, 0.00028992], [0.02301848, -0.04993749, 0.01874227, 0.02380783, -0.03098358, -0.04176075], [-0.03373624, 0.01273565, -0.03998676, -0.00560599, -0.02656942, 0.073723], [-0.0328398, 0.00362246, 0.03664588, -0.01013888, 0.0604286, -0.00380608]], "number of molecular orbitals": 54, "number of electrons": 56, "number of unpaired electrons": 0, "orbital energies/eV": [-18.63574469, -17.3754256, -16.96903535, -16.75250342, -16.31562142, -15.97821598, -15.80284149, -15.26155548, -15.07244172, -14.81649428, -14.65602004, -14.14946719, -14.01162885, -13.62162169, -13.52608258, -13.21216287, -13.08378268, -12.91896839, -12.66790809, -12.357947, -12.18425859, -12.03441957, -11.93531224, -11.78373826, -11.70585858, -11.56543622, -11.51697075, -10.65277337, 0.0849722, 2.45221266, 2.5033866, 2.87370422, 3.07406264, 3.10013996, 3.42316432, 3.57448151, 3.78600741, 3.83203877, 4.07607695, 4.50559761, 4.68695284, 4.74630226, 4.95988312, 5.11587533, 5.49066387, 5.97317207, 6.42176429, 6.47845464, 6.84478792, 7.02700376, 7.32153511, 7.71398112, 7.87462058, 8.15730031], "fractional occupation": [2.0, 2.0, 2.0, 2.0, 2.0, 2.0, 2.0, 2.0, 2.0, 2.0, 2.0, 2.0, 2.0, 2.0, 2.0, 2.0, 2.0, 2.0, 2.0, 2.0, 2.0, 2.0, 2.0, 2.0, 2.0, 2.0, 2.0, 2.0, 0.0, 0.0, 0.0, 0.0, 0.0, 0.0, 0.0, 0.0, 0.0, 0.0, 0.0, 0.0, 0.0, 0.0, 0.0, 0.0, 0.0, 0.0, 0.0, 0.0, 0.0, 0.0, 0.0, 0.0, 0.0, 0.0], "program call": "xtb /home/svss/Project-DBcg-Debug/aqme2_20220329/End-to-End-workflows-final/example-3/QDESCP/mol_924_rdkit_conf_5/mol_924_rdkit_conf_5.xyz --pop --wbo --acc 0.2 --gfn 2 --chrg 0 --uhf 0 --etemp 300 --input /home/svss/Project-DBcg-Debug/aqme2_20220329/End-to-End-workflows-final/example-3/QDESCP/mol_924_rdkit_conf_5/mol_924_rdkit_conf_5_xtb.inp", "method": "GFN2-xTB", "xtb version": "6.3.3 (7355c4f)", "Dipole module/D": 1.277, "Total charge": 0, "Transition dipole module/D": NaN, "HOMO": -10.6528, "LUMO": 0.085, "HOMO occupancy": 2.0, "LUMO occupancy": 0, "mulliken charges": [-0.0866, -0.04398, -0.0547, 0.19665, -0.475, 0.19773, -0.05423, -0.04313, -0.08196, 0.02959, 0.02941, 0.0245, 0.02721, 0.02191, 0.03771, 0.03534, 0.01079, 0.01, 0.00978, 0.00974, 0.03585, 0.03581, 0.02119, 0.02119, 0.02827, 0.02847, 0.02847], "cm5 charges": [-0.23696, -0.15609, -0.16162, 0.11292, -0.57636, 0.11416, -0.16125, -0.15532, -0.23225, 0.08037, 0.08085, 0.07629, 0.08147, 0.07659, 0.09475, 0.09238, 0.07453, 0.07317, 0.07286, 0.07281, 0.09313, 0.09308, 0.07596, 0.07596, 0.07904, 0.07977, 0.07977], "FUKUI+": [0.019, -0.01, -0.01, -0.021, -0.143, -0.021, -0.009, -0.015, 0.011, -0.041, -0.024, -0.012, -0.055, -0.036, -0.045, -0.046, -0.065, -0.066, -0.066, -0.066, -0.046, -0.046, -0.037, -0.037, -0.053, -0.03, -0.03], "FUKUI-": [0.014, 0.008, 0.011, 0.019, -0.109, 0.024, 0.013, 0.009, 0.017, -0.045, -0.042, -0.051, -0.072, -0.046, -0.048, -0.042, -0.076, -0.068, -0.067, -0.068, -0.053, -0.053, -0.062, -0.063, -0.041, -0.055, -0.055], "FUKUIrad": [0.017, -0.001, 0.001, -0.001, -0.126, 0.002, 0.002, -0.003, 0.014, -0.043, -0.033, -0.032, -0.064, -0.041, -0.046, -0.044, -0.071, -0.067, -0.066, -0.067, -0.049, -0.05, -0.05, -0.05, -0.047, -0.043, -0.042], "s proportion": [1.008, 1.027, 1.033, 0.995, 1.697, 0.996, 1.033, 1.027, 1.007, 0.97, 0.971, 0.976, 0.973, 0.978, 0.962, 0.965, 0.989, 0.99, 0.99, 0.99, 0.964, 0.964, 0.979, 0.979, 0.972, 0.972, 0.972], "p proportion": [3.079, 3.017, 3.022, 2.808, 4.778, 2.807, 3.021, 3.016, 3.075, 0.0, 0.0, 0.0, 0.0, 0.0, 0.0, 0.0, 0.0, 0.0, 0.0, 0.0, 0.0, 0.0, 0.0, 0.0, 0.0, 0.0, 0.0], "d proportion": [0.0, 0.0, 0.0, 0.0, 0.0, 0.0, 0.0, 0.0, 0.0, 0.0, 0.0, 0.0, 0.0, 0.0, 0.0, 0.0, 0.0, 0.0, 0.0, 0.0, 0.0, 0.0, 0.0, 0.0, 0.0, 0.0, 0.0], "Fermi-level/eV": -5.2839, "Coordination numbers": [3.749, 3.799, 3.799, 3.699, 1.698, 3.7, 3.801, 3.801, 3.75, 0.924, 0.924, 0.924, 0.924, 0.924, 0.924, 0.924, 0.924, 0.924, 0.924, 0.924, 0.924, 0.924, 0.924, 0.924, 0.924, 0.924, 0.924], "Dispersion coefficient C6": [22.518, 21.555, 21.704, 19.302, 19.579, 19.303, 21.719, 21.534, 22.505, 2.524, 2.486, 2.562, 2.509, 2.57, 2.38, 2.363, 2.714, 2.766, 2.776, 2.776, 2.353, 2.354, 2.579, 2.579, 2.52, 2.5, 2.5], "Total dispersion C6": 4882.385786, "Total dispersion C8": 100786.441797, "Polarizability alpha": [6.768, 6.61, 6.633, 6.283, 5.974, 6.283, 6.635, 6.607, 6.766, 2.485, 2.465, 2.503, 2.477, 2.507, 2.413, 2.404, 2.576, 2.601, 2.606, 2.605, 2.399, 2.399, 2.512, 2.512, 2.482, 2.472, 2.472], "Total polarizability alpha": 103.450567, "Wiberg matrix": [[0.0, 1.0208171502635512, 0.0, 0.0, 0.0, 0.0, 0.0, 0.0, 0.0, 0.987059062628047, 0.9871479029342197, 0.986597035712278, 0.0, 0.0, 0.0, 0.0, 0.0, 0.0, 0.0, 0.0, 0.0, 0.0, 0.0, 0.0, 0.0, 0.0, 0.0], [1.0208171502635512, 0.0, 1.0071944391804366, 0.0, 0.0, 0.0, 0.0, 0.0, 0.0, 0.0, 0.0, 0.0, 0.9776554411220948, 0.9775439283717756, 0.0, 0.0, 0.0, 0.0, 0.0, 0.0, 0.0, 0.0, 0.0, 0.0, 0.0, 0.0, 0.0], [0.0, 1.0071944391804366, 0.0, 1.0038177155748103, 0.0, 0.0, 0.0, 0.0, 0.0, 0.0, 0.0, 0.0, 0.0, 0.0, 0.9753464176732652, 0.9755123644045792, 0.0, 0.0, 0.0, 0.0, 0.0, 0.0, 0.0, 0.0, 0.0, 0.0, 0.0], [0.0, 0.0, 1.0038177155748103, 0.0, 0.9765606569588166, 0.0, 0.0, 0.0, 0.0, 0.0, 0.0, 0.0, 0.0, 0.0, 0.0, 0.0, 0.9683130882102988, 0.9693736292504345, 0.0, 0.0, 0.0, 0.0, 0.0, 0.0, 0.0, 0.0, 0.0], [0.0, 0.0, 0.0, 0.9765606569588166, 0.0, 0.9785409101595824, 0.0, 0.0, 0.0, 0.0, 0.0, 0.0, 0.0, 0.0, 0.0, 0.0, 0.0, 0.0, 0.0, 0.0, 0.0, 0.0, 0.0, 0.0, 0.0, 0.0, 0.0], [0.0, 0.0, 0.0, 0.0, 0.9785409101595824, 0.0, 1.0031223865438852, 0.0, 0.0, 0.0, 0.0, 0.0, 0.0, 0.0, 0.0, 0.0, 0.0, 0.0, 0.9692792020204446, 0.9693246179541422, 0.0, 0.0, 0.0, 0.0, 0.0, 0.0, 0.0], [0.0, 0.0, 0.0, 0.0, 0.0, 1.0031223865438852, 0.0, 1.0075459367743032, 0.0, 0.0, 0.0, 0.0, 0.0, 0.0, 0.0, 0.0, 0.0, 0.0, 0.0, 0.0, 0.9753843327129437, 0.9753944631288718, 0.0, 0.0, 0.0, 0.0, 0.0], [0.0, 0.0, 0.0, 0.0, 0.0, 0.0, 1.0075459367743032, 0.0, 1.0203868814800803, 0.0, 0.0, 0.0, 0.0, 0.0, 0.0, 0.0, 0.0, 0.0, 0.0, 0.0, 0.0, 0.0, 0.9777445488429085, 0.977745485186287, 0.0, 0.0, 0.0], [0.0, 0.0, 0.0, 0.0, 0.0, 0.0, 0.0, 1.0203868814800803, 0.0, 0.0, 0.0, 0.0, 0.0, 0.0, 0.0, 0.0, 0.0, 0.0, 0.0, 0.0, 0.0, 0.0, 0.0, 0.0, 0.9871416663804766, 0.9874793536690851, 0.9874792707402034], [0.987059062628047, 0.0, 0.0, 0.0, 0.0, 0.0, 0.0, 0.0, 0.0, 0.0, 0.0, 0.0, 0.0, 0.0, 0.0, 0.0, 0.0, 0.0, 0.0, 0.0, 0.0, 0.0, 0.0, 0.0, 0.0, 0.0, 0.0], [0.9871479029342197, 0.0, 0.0, 0.0, 0.0, 0.0, 0.0, 0.0, 0.0, 0.0, 0.0, 0.0, 0.0, 0.0, 0.0, 0.0, 0.0, 0.0, 0.0, 0.0, 0.0, 0.0, 0.0, 0.0, 0.0, 0.0, 0.0], [0.986597035712278, 0.0, 0.0, 0.0, 0.0, 0.0, 0.0, 0.0, 0.0, 0.0, 0.0, 0.0, 0.0, 0.0, 0.0, 0.0, 0.0, 0.0, 0.0, 0.0, 0.0, 0.0, 0.0, 0.0, 0.0, 0.0, 0.0], [0.0, 0.9776554411220948, 0.0, 0.0, 0.0, 0.0, 0.0, 0.0, 0.0, 0.0, 0.0, 0.0, 0.0, 0.0, 0.0, 0.0, 0.0, 0.0, 0.0, 0.0, 0.0, 0.0, 0.0, 0.0, 0.0, 0.0, 0.0], [0.0, 0.9775439283717756, 0.0, 0.0, 0.0, 0.0, 0.0, 0.0, 0.0, 0.0, 0.0, 0.0, 0.0, 0.0, 0.0, 0.0, 0.0, 0.0, 0.0, 0.0, 0.0, 0.0, 0.0, 0.0, 0.0, 0.0, 0.0], [0.0, 0.0, 0.9753464176732652, 0.0, 0.0, 0.0, 0.0, 0.0, 0.0, 0.0, 0.0, 0.0, 0.0, 0.0, 0.0, 0.0, 0.0, 0.0, 0.0, 0.0, 0.0, 0.0, 0.0, 0.0, 0.0, 0.0, 0.0], [0.0, 0.0, 0.9755123644045792, 0.0, 0.0, 0.0, 0.0, 0.0, 0.0, 0.0, 0.0, 0.0, 0.0, 0.0, 0.0, 0.0, 0.0, 0.0, 0.0, 0.0, 0.0, 0.0, 0.0, 0.0, 0.0, 0.0, 0.0], [0.0, 0.0, 0.0, 0.9683130882102988, 0.0, 0.0, 0.0, 0.0, 0.0, 0.0, 0.0, 0.0, 0.0, 0.0, 0.0, 0.0, 0.0, 0.0, 0.0, 0.0, 0.0, 0.0, 0.0, 0.0, 0.0, 0.0, 0.0], [0.0, 0.0, 0.0, 0.9693736292504345, 0.0, 0.0, 0.0, 0.0, 0.0, 0.0, 0.0, 0.0, 0.0, 0.0, 0.0, 0.0, 0.0, 0.0, 0.0, 0.0, 0.0, 0.0, 0.0, 0.0, 0.0, 0.0, 0.0], [0.0, 0.0, 0.0, 0.0, 0.0, 0.9692792020204446, 0.0, 0.0, 0.0, 0.0, 0.0, 0.0, 0.0, 0.0, 0.0, 0.0, 0.0, 0.0, 0.0, 0.0, 0.0, 0.0, 0.0, 0.0, 0.0, 0.0, 0.0], [0.0, 0.0, 0.0, 0.0, 0.0, 0.9693246179541422, 0.0, 0.0, 0.0, 0.0, 0.0, 0.0, 0.0, 0.0, 0.0, 0.0, 0.0, 0.0, 0.0, 0.0, 0.0, 0.0, 0.0, 0.0, 0.0, 0.0, 0.0], [0.0, 0.0, 0.0, 0.0, 0.0, 0.0, 0.9753843327129437, 0.0, 0.0, 0.0, 0.0, 0.0, 0.0, 0.0, 0.0, 0.0, 0.0, 0.0, 0.0, 0.0, 0.0, 0.0, 0.0, 0.0, 0.0, 0.0, 0.0], [0.0, 0.0, 0.0, 0.0, 0.0, 0.0, 0.9753944631288718, 0.0, 0.0, 0.0, 0.0, 0.0, 0.0, 0.0, 0.0, 0.0, 0.0, 0.0, 0.0, 0.0, 0.0, 0.0, 0.0, 0.0, 0.0, 0.0, 0.0], [0.0, 0.0, 0.0, 0.0, 0.0, 0.0, 0.0, 0.9777445488429085, 0.0, 0.0, 0.0, 0.0, 0.0, 0.0, 0.0, 0.0, 0.0, 0.0, 0.0, 0.0, 0.0, 0.0, 0.0, 0.0, 0.0, 0.0, 0.0], [0.0, 0.0, 0.0, 0.0, 0.0, 0.0, 0.0, 0.977745485186287, 0.0, 0.0, 0.0, 0.0, 0.0, 0.0, 0.0, 0.0, 0.0, 0.0, 0.0, 0.0, 0.0, 0.0, 0.0, 0.0, 0.0, 0.0, 0.0], [0.0, 0.0, 0.0, 0.0, 0.0, 0.0, 0.0, 0.0, 0.9871416663804766, 0.0, 0.0, 0.0, 0.0, 0.0, 0.0, 0.0, 0.0, 0.0, 0.0, 0.0, 0.0, 0.0, 0.0, 0.0, 0.0, 0.0, 0.0], [0.0, 0.0, 0.0, 0.0, 0.0, 0.0, 0.0, 0.0, 0.9874793536690851, 0.0, 0.0, 0.0, 0.0, 0.0, 0.0, 0.0, 0.0, 0.0, 0.0, 0.0, 0.0, 0.0, 0.0, 0.0, 0.0, 0.0, 0.0], [0.0, 0.0, 0.0, 0.0, 0.0, 0.0, 0.0, 0.0, 0.9874792707402034, 0.0, 0.0, 0.0, 0.0, 0.0, 0.0, 0.0, 0.0, 0.0, 0.0, 0.0, 0.0, 0.0, 0.0, 0.0, 0.0, 0.0, 0.0]], "Born radii": [], "Atomic SASAs": [], "Solvent H bonds": [], "Total SASA": NaN, "Total FOD": 0.0, "FOD": [0.0, 0.0, 0.0, 0.0, 0.0, 0.0, 0.0, 0.0, 0.0, 0.0, 0.0, 0.0, 0.0, 0.0, 0.0, 0.0, 0.0, 0.0, 0.0, 0.0, 0.0, 0.0, 0.0, 0.0, 0.0, 0.0, 0.0], "FOD s proportion": [0.0, 0.0, 0.0, 0.0, 0.0, 0.0, 0.0, 0.0, 0.0, 0.0, 0.0, 0.0, 0.0, 0.0, 0.0, 0.0, 0.0, 0.0, 0.0, 0.0, 0.0, 0.0, 0.0, 0.0, 0.0, 0.0, 0.0], "FOD p proportion": [0.0, 0.0, 0.0, 0.0, 0.0, 0.0, 0.0, 0.0, 0.0, 0.0, 0.0, 0.0, 0.0, 0.0, 0.0, 0.0, 0.0, 0.0, 0.0, 0.0, 0.0, 0.0, 0.0, 0.0, 0.0, 0.0, 0.0], "FOD d proportion": [0.0, 0.0, 0.0, 0.0, 0.0, 0.0, 0.0, 0.0, 0.0, 0.0, 0.0, 0.0, 0.0, 0.0, 0.0, 0.0, 0.0, 0.0, 0.0, 0.0, 0.0, 0.0, 0.0, 0.0, 0.0, 0.0, 0.0], "coordinates": [["4.31810", "-0.15420", "-0.47200"], ["3.76800", "-0.47410", "0.90930"], ["2.31750", "-0.95300", "0.89030"], ["1.32870", "0.10810", "0.41930"], ["0.01110", "-0.42910", "0.53740"], ["-0.98110", "0.50780", "0.12080"], ["-2.34980", "-0.14380", "0.27930"], ["-3.47440", "0.79560", "-0.14660"], ["-4.83740", "0.14140", "0.01320"], ["5.38260", "0.09240", "-0.40420"], ["4.21110", "-1.01020", "-1.14570"], ["3.80750", "0.70420", "-0.91820"], ["4.38780", "-1.25940", "1.35810"], ["3.86100", "0.40890", "1.55220"], ["2.03600", "-1.27550", "1.90090"], ["2.22220", "-1.84660", "0.26070"], ["1.51430", "0.37390", "-0.62670"], ["1.41320", "1.00730", "1.04000"], ["-0.81000", "0.78050", "-0.92680"], ["-0.91620", "1.40930", "0.74080"], ["-2.38240", "-1.06790", "-0.31160"], ["-2.48670", "-0.45120", "1.32380"], ["-3.33740", "1.08990", "-1.19370"], ["-3.44250", "1.71160", "0.45480"], ["-5.62800", "0.83170", "-0.29750"], ["-5.01950", "-0.13620", "1.05630"], ["-4.91380", "-0.76130", "-0.60130"]], "bond_dist": [[0.0, 1.5208338863925936, 2.548792476840749, 3.130451938618448, 4.432235030997341, 5.373190530774058, 6.710100614744909, 7.856911699261995, 9.173111721220884, 1.0947916011734835, 1.094557760010864, 1.0939183516149642, 2.1390631453980036, 2.1502110733600084, 3.477923016686827, 2.791749247335799, 2.8572917491918814, 3.4747187310629912, 5.232391111146031, 5.595829927722964, 6.764412472639438, 7.044033622861265, 7.789436176643339, 8.035364350171061, 9.996367053585018, 9.461860210867629, 9.25274372875419], [1.5208338863925936, 0.0, 1.5276309960196537, 2.555238018267574, 3.7755307203093977, 4.913228131279881, 6.159015743607091, 7.428285176270497, 8.673796436393927, 2.157113270090377, 2.1695081977259267, 2.174789044942061, 1.0964805379029767, 1.0962018107994531, 2.150659554648294, 2.166549295538876, 2.856144900035711, 2.785087339743585, 5.089535182116339, 5.05146686121962, 6.298461352584455, 6.268461274507485, 7.573335735328257, 7.5481895173611, 9.562755663510389, 8.79522266119511, 8.816918250726836], [2.548792476840749, 1.5276309960196537, 0.0, 1.524958901085534, 2.3913365676959817, 3.68874353269511, 4.776171576691943, 6.138311590331661, 7.291063693316634, 3.487610846983935, 2.7810589350101877, 2.870032071249379, 2.1444952529674675, 2.1622385321698436, 1.0975248789890826, 1.0972689779630154, 2.16958126144194, 2.1640112453497093, 4.011001235352589, 4.007446472505902, 4.8525071488870575, 4.849748769781791, 6.3635202851880655, 6.36139555522214, 8.229641133123607, 7.384191712029151, 7.386021875136845], [3.130451938618448, 2.555238018267574, 1.524958901085534, 0.0, 1.4277959272949337, 2.363056998889362, 3.6897717896910645, 4.884943056986438, 6.179548147720835, 4.136726235805314, 3.4652632872553855, 2.8790086661905, 3.4798698969932773, 2.790427626726771, 2.1470353536912246, 2.1550750102954654, 1.0950858413841356, 1.0958874851005462, 2.614984638578208, 2.6145859519243193, 3.960991545055354, 3.960835000350305, 5.033705340005511, 5.033569502847855, 7.03086581368184, 6.384754868434653, 6.384848233905015], [4.432235030997341, 3.7755307203093977, 2.3913365676959817, 1.4277959272949337, 0.0, 1.4268139367135437, 2.392041076152331, 3.7571872910463218, 4.91001101220761, 5.4782830394202895, 4.561853002892574, 4.220875881852012, 4.529729513999706, 4.0686352810248305, 2.583746353650064, 2.6409907894576232, 2.0638672559057665, 2.069235639070621, 2.0691106809448354, 2.069050847611049, 2.618722721098971, 2.618762725028749, 4.0640522216133, 4.0640831942764155, 5.8383322498809544, 5.065765882865097, 5.0657313924052465], [5.373190530774058, 4.913228131279881, 3.68874353269511, 2.363056998889362, 1.4268139367135437, 0.0, 1.5241536995985674, 2.52405952584324, 3.875161468893909, 6.398817066458456, 5.555833608919547, 4.903955945968519, 5.786103554206406, 5.0502098550456305, 3.930878694388826, 3.9779268796698615, 2.608391577198485, 2.612872247164028, 1.095949934987908, 1.0960448257256634, 2.1525431331334572, 2.152608036777713, 2.7602355605998556, 2.760286289499696, 4.676918398903279, 4.1950650543227574, 4.1950175816079724], [6.710100614744909, 6.159015743607091, 4.776171576691943, 3.6897717896910645, 2.392041076152331, 1.5241536995985674, 0.0, 1.525971274303681, 2.5179956334354507, 7.766142700852207, 6.76954080939025, 6.32972776191836, 6.914016673396153, 6.363944401077056, 4.810984627911422, 4.878837750940279, 4.002513972492788, 4.007975137148433, 2.1633288561843758, 2.1634026023835693, 1.0973542636724023, 1.0973680421809269, 2.1603468355798796, 2.160394107564636, 3.4685578746793313, 2.7804828447591614, 2.7804421608801717], [7.856911699261995, 7.428285176270497, 6.138311590331661, 4.884943056986438, 3.7571872910463218, 2.52405952584324, 1.525971274303681, 0.0, 1.5202903275361581, 8.888604896157776, 7.9577650568485625, 7.323236178766871, 8.264462228723657, 7.539466260286599, 6.232673553139135, 6.292723233227408, 5.029458677631221, 5.034031208683554, 2.776322641553031, 2.776417419985691, 2.166176643304973, 2.166134273308098, 1.0962663453741521, 1.0962461265610017, 2.159182016412697, 2.1685372166508925, 2.1685391534394762], [9.173111721220884, 8.673796436393927, 7.291063693316634, 6.179548147720835, 4.91001101220761, 3.875161468893909, 2.5179956334354507, 1.5202903275361581, 0.0, 10.228637434184476, 9.194812886622545, 8.713124916469406, 9.427370348617902, 8.837547160270207, 7.267368468709977, 7.3383480709216835, 6.388084309869431, 6.393285650586871, 4.184734109833025, 4.184827548418213, 2.755889426301425, 2.7558370071540876, 2.1462199001966225, 2.1462256661404457, 1.094576146277636, 1.0946596640052104, 1.0946755227006768], [1.0947916011734835, 2.157113270090377, 3.487610846983935, 4.136726235805314, 5.4782830394202895, 6.398817066458456, 7.766142700852207, 8.888604896157776, 10.228637434184476, 0.0, 1.7714291574883823, 1.7661923026669548, 2.433658063492076, 2.498587554999824, 4.287699614012157, 3.7669538316788542, 3.8849058405577863, 4.321908375937649, 6.252590433572314, 6.5360639570004215, 7.851757500712819, 8.075107890920096, 8.812304834718327, 9.013438835982633, 11.03590783488155, 10.506617087340722, 10.333610456176487], [1.094557760010864, 2.1695081977259267, 2.7810589350101877, 3.4652632872553855, 4.561853002892574, 5.555833608919547, 6.76954080939025, 7.9577650568485625, 9.194812886622545, 1.7714291574883823, 0.0, 1.7758988062386887, 2.522367532696217, 3.068400109177419, 3.7527610715312, 2.5755094894020485, 3.075357548318569, 4.083605655545109, 5.3353508703739445, 5.9751207343450385, 6.646299297353378, 7.160407536586168, 7.835341489686331, 8.279335024626072, 10.045891083423113, 9.529777351019277, 9.144513250031409], [1.0939183516149642, 2.174789044942061, 2.870032071249379, 2.8790086661905, 4.220875881852012, 4.903955945968519, 6.32972776191836, 7.323236178766871, 8.713124916469406, 1.7661923026669548, 1.7758988062386887, 0.0, 3.0617012819672658, 2.48856193412983, 3.873596410314322, 3.2263852745758683, 2.3351309556425313, 3.1079075501050544, 4.618138358689571, 5.055965654551067, 6.46708311219208, 6.780742348740291, 7.160604775436219, 7.447313862057916, 9.456753406428657, 9.08409882211769, 8.849247965222807], [2.1390631453980036, 1.0964805379029767, 2.1444952529674675, 3.4798698969932773, 4.529729513999706, 5.786103554206406, 6.914016673396153, 8.264462228723657, 9.427370348617902, 2.433658063492076, 2.522367532696217, 3.0617012819672658, 0.0, 1.7602323539805762, 2.413680652033322, 2.4977818079247838, 3.8553990947760526, 3.7533134241627093, 6.0331654096336536, 5.96954227558529, 6.9756847964913105, 6.921929931745915, 8.468152618487697, 8.423561597091814, 10.364842507727747, 9.47892160374797, 9.518776945070202], [2.1502110733600084, 1.0962018107994531, 2.1622385321698436, 2.790427626726771, 4.0686352810248305, 5.0502098550456305, 6.363944401077056, 7.539466260286599, 8.837547160270207, 2.498587554999824, 3.068400109177419, 2.48856193412983, 1.7602323539805762, 0.0, 2.5078716175275004, 3.0726076775273476, 3.2024726540596724, 2.5714113323231658, 5.301110125247353, 4.947808601795345, 6.68092300808803, 6.409776428238351, 7.734383645126482, 7.499495069669691, 9.676841991579693, 8.911023009172402, 9.110655592766088], [3.477923016686827, 2.150659554648294, 1.0975248789890826, 2.1470353536912246, 2.583746353650064, 3.930878694388826, 4.810984627911422, 6.232673553139135, 7.267368468709977, 4.287699614012157, 3.7527610715312, 3.873596410314322, 2.413680652033322, 2.5078716175275004, 0.0, 1.7467345791504787, 3.062915769328305, 2.517976268752349, 4.508074898446121, 4.155654929129703, 4.945757026987881, 4.6332850322422425, 6.6366477893587215, 6.405305134808177, 8.246826686671668, 7.196626563883942, 7.404399132947926], [2.791749247335799, 2.166549295538876, 1.0972689779630154, 2.1550750102954654, 2.6409907894576232, 3.9779268796698615, 4.878837750940279, 6.292723233227408, 7.3383480709216835, 3.7669538316788542, 2.5755094894020485, 3.2263852745758683, 2.4977818079247838, 3.0726076775273476, 1.7467345791504787, 0.0, 2.493836686713867, 3.067007450268095, 4.184022884736651, 4.547629644111314, 4.704916804790495, 5.025043480408901, 6.453484622279657, 6.692330546229766, 8.313273613324657, 7.483359299806471, 7.269347707325603], [2.8572917491918814, 2.856144900035711, 2.16958126144194, 1.0950858413841356, 2.0638672559057665, 2.608391577198485, 4.002513972492788, 5.029458677631221, 6.388084309869431, 3.8849058405577863, 3.075357548318569, 2.3351309556425313, 3.8553990947760526, 3.2024726540596724, 3.062915769328305, 2.493836686713867, 0.0, 1.7858627214878529, 2.378603384341324, 2.9748007765226903, 4.166814867497715, 4.526946129566818, 4.936915827720785, 5.246803768009625, 7.164523903931092, 6.766330870567888, 6.527617774502426], [3.4747187310629912, 2.785087339743585, 2.1640112453497093, 1.0958874851005462, 2.069235639070621, 2.612872247164028, 4.007975137148433, 5.034031208683554, 6.393285650586871, 4.321908375937649, 4.083605655545109, 3.1079075501050544, 3.7533134241627093, 2.5714113323231658, 2.517976268752349, 3.067007450268095, 1.7858627214878529, 0.0, 2.9769714006016255, 2.382693643756998, 4.532091896685238, 4.173366111426123, 5.25018464532439, 4.941287283694401, 7.169256520030511, 6.533566195424976, 6.771465177492978], [5.232391111146031, 5.089535182116339, 4.011001235352589, 2.614984638578208, 2.0691106809448354, 1.095949934987908, 2.1633288561843758, 2.776322641553031, 4.184734109833025, 6.252590433572314, 5.3353508703739445, 4.618138358689571, 6.0331654096336536, 5.301110125247353, 4.508074898446121, 4.184022884736651, 2.378603384341324, 2.9769714006016255, 0.0, 1.7853732494915455, 2.503496626720316, 3.064899368657966, 2.5602177114456497, 3.1154168292541526, 4.859193753082912, 4.74266958052108, 4.39593811717135], [5.595829927722964, 5.05146686121962, 4.007446472505902, 2.6145859519243193, 2.069050847611049, 1.0960448257256634, 2.1634026023835693, 2.776417419985691, 4.184827548418213, 6.5360639570004215, 5.9751207343450385, 5.055965654551067, 5.96954227558529, 4.947808601795345, 4.155654929129703, 4.547629644111314, 2.9748007765226903, 2.382693643756998, 1.7853732494915455, 0.0, 3.0649319796693693, 2.503561363338235, 3.1155282136421105, 2.5603462617388297, 4.859294999277159, 4.39604155917571, 4.742735764303131], [6.764412472639438, 6.298461352584455, 4.8525071488870575, 3.960991545055354, 2.618722721098971, 2.1525431331334572, 1.0973542636724023, 2.166176643304973, 2.755889426301425, 7.851757500712819, 6.646299297353378, 6.46708311219208, 6.9756847964913105, 6.68092300808803, 4.945757026987881, 4.704916804790495, 4.166814867497715, 4.532091896685238, 2.503496626720316, 3.0649319796693693, 0.0, 1.7509227681425588, 2.5191717388856203, 3.071937697935946, 3.7606646128044976, 3.1134404940515563, 2.566303881070985], [7.044033622861265, 6.268461274507485, 4.849748769781791, 3.960835000350305, 2.618762725028749, 2.152608036777713, 1.0973680421809269, 2.166134273308098, 2.7558370071540876, 8.075107890920096, 7.160407536586168, 6.780742348740291, 6.921929931745915, 6.409776428238351, 4.6332850322422425, 5.025043480408901, 4.526946129566818, 4.173366111426123, 3.064899368657966, 2.503561363338235, 1.7509227681425588, 0.0, 3.0718863829901, 2.5192098920097945, 3.760613219941663, 2.566292479434096, 3.113356136069242], [7.789436176643339, 7.573335735328257, 6.3635202851880655, 5.033705340005511, 4.0640522216133, 2.7602355605998556, 2.1603468355798796, 1.0962663453741521, 2.1462199001966225, 8.812304834718327, 7.835341489686331, 7.160604775436219, 8.468152618487697, 7.734383645126482, 6.6366477893587215, 6.453484622279657, 4.936915827720785, 5.25018464532439, 2.5602177114456497, 3.1155282136421105, 2.5191717388856203, 3.0718863829901, 0.0, 1.764967180997992, 2.473194298877466, 3.0651723638320894, 2.502581898759759], [8.035364350171061, 7.5481895173611, 6.36139555522214, 5.033569502847855, 4.0640831942764155, 2.760286289499696, 2.160394107564636, 1.0962461265610017, 2.1462256661404457, 9.013438835982633, 8.279335024626072, 7.447313862057916, 8.423561597091814, 7.499495069669691, 6.405305134808177, 6.692330546229766, 5.246803768009625, 4.941287283694401, 3.1154168292541526, 2.5603462617388297, 3.071937697935946, 2.5192098920097945, 1.764967180997992, 0.0, 2.4731739829619754, 2.5026178473750242, 3.0651762282126622], [9.996367053585018, 9.562755663510389, 8.229641133123607, 7.03086581368184, 5.8383322498809544, 4.676918398903279, 3.4685578746793313, 2.159182016412697, 1.094576146277636, 11.03590783488155, 10.045891083423113, 9.456753406428657, 10.364842507727747, 9.676841991579693, 8.246826686671668, 8.313273613324657, 7.164523903931092, 7.169256520030511, 4.859193753082912, 4.859294999277159, 3.7606646128044976, 3.760613219941663, 2.473194298877466, 2.4731739829619754, 0.0, 1.7719698360863823, 1.7720115913842098], [9.461860210867629, 8.79522266119511, 7.384191712029151, 6.384754868434653, 5.065765882865097, 4.1950650543227574, 2.7804828447591614, 2.1685372166508925, 1.0946596640052104, 10.506617087340722, 9.529777351019277, 9.08409882211769, 9.47892160374797, 8.911023009172402, 7.196626563883942, 7.483359299806471, 6.766330870567888, 6.533566195424976, 4.74266958052108, 4.39604155917571, 3.1134404940515563, 2.566292479434096, 3.0651723638320894, 2.5026178473750242, 1.7719698360863823, 0.0, 1.7747000478954182], [9.25274372875419, 8.816918250726836, 7.386021875136845, 6.384848233905015, 5.0657313924052465, 4.1950175816079724, 2.7804421608801717, 2.1685391534394762, 1.0946755227006768, 10.333610456176487, 9.144513250031409, 8.849247965222807, 9.518776945070202, 9.110655592766088, 7.404399132947926, 7.269347707325603, 6.527617774502426, 6.771465177492978, 4.39593811717135, 4.742735764303131, 2.566303881070985, 3.113356136069242, 2.502581898759759, 3.0651762282126622, 1.7720115913842098, 1.7747000478954182, 0.0]]}