{"total energy": -75.03235049, "HOMO-LUMO gap/eV": 0.98867944, "electronic energy": -75.68449672, "dipole": [-0.73354097, 0.07959203, -0.07793974], "partial charges": [-0.10481338, -0.06039294, 0.00631799, -0.17150453, 0.0042628, -0.05813005, -0.10471617, 0.10601469, 0.01137753, -0.01495095, -0.00605091, -0.01418317, 0.01542739, 0.55307066, -0.34608674, -0.34639742, 0.48209949, -0.1943583, -0.19394183, -0.1927849, 0.54292291, -0.35482268, -0.35591608, 0.03834092, 0.04449177, 0.0402072, 0.03997262, 0.05228375, 0.04634056, 0.04239523, 0.02522428, 0.05844272, 0.05231093, 0.03013056, 0.04127472, 0.0394489, 0.04551176, 0.10014728, 0.10103337], "atomic dipole moments": [[0.0364404, -0.10970292, 0.00031718], [0.05141264, 0.07121447, -0.10349268], [0.01159061, -0.14085896, 0.05810078], [0.03846392, 0.0455121, -0.22766544], [0.1216879, 0.03053555, 0.08065792], [-0.0807395, 0.04735735, -0.0871886], [0.07450573, 0.07840847, 0.04616794], [-0.07701585, 0.0089115, 0.00026725], [-0.08951215, 0.025155, -0.13442562], [-0.02153133, 0.00101538, 0.04722757], [0.15253651, -0.02154352, -0.01083173], [-0.02817164, 0.00683036, -0.04111895], [-0.0773954, 0.00278929, 0.14259721], [-0.0284902, -0.00149739, 0.04896642], [0.02574665, -0.22040581, -0.10951031], [0.04906256, 0.22656999, -0.0850104], [0.1795985, -0.03101861, -0.01624594], [-0.10340306, -0.13911751, 0.20823924], [-0.13363968, -0.07783627, -0.22215457], [-0.05750446, 0.26095075, 0.04115209], [-0.02745719, 0.01471159, -0.05565555], [0.07342644, -0.23542216, 0.03216587], [0.02846947, 0.19804056, 0.15124899], [-0.05860525, 0.02874453, -0.1082231], [-0.082328, 0.02070542, 0.09422906], [0.09683271, 0.08117505, 0.01589235], [-0.1012737, -0.07091045, -0.00395627], [0.04777793, -0.02364585, 0.11460045], [0.09441989, 0.09172732, 0.00997116], [-0.05597587, 0.02330409, -0.11080165], [-0.00112768, 0.00396897, -0.12320076], [-0.12297867, 0.02097641, 0.02225192], [-0.0091863, -0.0084227, 0.12621927], [0.11490876, -0.04116867, -0.02749142], [0.00847466, -0.00408088, -0.12688931], [-0.1198551, 0.02612132, 0.03100719], [0.02578451, -0.11708536, 0.04363892], [0.07352379, 0.00411643, -0.1461332], [0.09183368, -0.02585638, 0.13288614]], "atomic quadrupole moments": [[-0.09063097, -0.11169077, 0.21427662, -0.00521956, -0.00657394, -0.12364565], [-0.057681, -0.13859997, 0.09969292, -0.18116612, 0.03525334, -0.04201192], [-0.06464008, -0.18888767, 0.18512871, -0.14399231, 0.01889601, -0.12048864], [0.07680023, -0.02755647, 0.05591533, 0.02907366, 0.04111165, -0.13271556], [-0.06448204, 0.12212048, 0.21522984, 0.14432647, 0.04174876, -0.15074779], [-0.06160392, 0.06939087, 0.20941865, 0.12480083, -0.02527229, -0.14781474], [0.03021496, 0.15807902, 0.04347069, 0.09929839, 0.09556841, -0.07368565], [-0.15517561, 0.05415028, 0.49284638, 0.00397405, 0.09534994, -0.33767077], [-0.30493195, 0.04772408, 0.35725237, 0.26172542, 0.0322114, -0.05232042], [-0.26704391, 0.10075799, 0.55139726, 0.04862619, 0.08120961, -0.28435335], [-0.01769146, 0.0518874, 0.36002538, -0.02366808, 0.07353904, -0.34233393], [-0.27146644, 0.12063512, 0.54720489, -0.03004043, 0.08758034, -0.27573845], [-0.36505895, 0.1098376, 0.35263098, -0.19823681, 0.05042982, 0.01242797], [0.23036511, -0.02957347, -0.09803992, 0.15791819, -0.00864266, -0.1323252], [0.11530243, -0.05380086, 0.00654108, 0.11066087, 0.1016755, -0.12184351], [0.12538434, 0.03114426, 0.01870863, 0.10462946, -0.09689329, -0.14409297], [-0.29784345, 0.0628142, 0.11857484, 0.04148483, -0.01198702, 0.17926861], [-0.04019611, 0.02279765, -0.00110847, -0.02732405, -0.05296337, 0.04130458], [-0.03026983, 0.01834598, -0.02534042, 0.04470962, 0.03180339, 0.05561025], [-0.05077656, -0.01577574, 0.08466095, -0.00119917, 0.0182493, -0.03388439], [0.17780515, 0.0674093, -0.08026251, -0.18377155, -0.00762732, -0.09754264], [0.09287932, -0.00855521, 0.05578321, -0.13222675, -0.06907991, -0.14866252], [0.07246291, 0.09507535, -0.02576728, -0.12588316, 0.10493659, -0.04669562], [-0.02784617, -0.00906998, -0.02620793, 0.05092138, -0.01053345, 0.05405411], [0.00188891, -0.01169177, -0.02750771, -0.0645202, 0.00357014, 0.0256188], [0.04482523, 0.04806578, 0.00480091, 0.01517723, 0.00433629, -0.04962614], [0.02520715, 0.03647193, 0.00527322, 0.01293046, 0.0181017, -0.03048037], [-0.00357919, -0.01352012, -0.02436646, 0.03787763, -0.0058371, 0.02794565], [0.04129789, 0.02393012, -0.01206503, 0.00265596, 0.01889362, -0.02923286], [-0.00825044, -0.01127936, -0.02021408, 0.0247888, 0.00803883, 0.02846451], [-0.02880904, 0.01207561, -0.0182441, -0.03254131, -0.00087739, 0.04705314], [0.02995848, -0.01865065, -0.00273299, -0.0311309, 0.00879352, -0.02722549], [-0.03074233, 0.00278111, -0.02088514, -0.01498772, 0.00774625, 0.05162748], [0.0460681, -0.00990893, -0.02004829, -0.02944414, 0.00802425, -0.02601981], [-0.03373184, 0.013064, -0.04269243, -0.01479512, -0.00512024, 0.07642427], [0.06155832, -0.02918206, -0.02910732, -0.02875957, 0.0222106, -0.032451], [-0.0296849, -0.02144126, 0.05650757, 0.02306141, -0.03886389, -0.02682267], [0.02668456, -0.01144428, -0.0490548, 0.01176446, -0.01075663, 0.02237024], [0.02335291, -0.0089216, -0.04961686, -0.0127325, -0.00532017, 0.02626396]], "number of molecular orbitals": 108, "number of electrons": 128, "number of unpaired electrons": 0, "orbital energies/eV": [-24.53426934, -24.20320575, -24.18223582, -21.91134645, -21.77366193, -21.36303813, -21.22424134, -20.56955347, -20.34064132, -20.12179217, -19.46840758, -19.26899568, -18.95193373, -18.41391964, -18.34120228, -18.31637671, -17.90421706, -17.82184297, -17.81859963, -17.67210985, -17.56966814, -17.50001303, -17.38838977, -16.99944985, -16.96179129, -16.86852731, -16.81624475, -16.78547745, -16.51166959, -16.01648787, -15.88974087, -15.79028948, -15.66895091, -15.56319391, -15.47835691, -15.46165517, -15.17575695, -15.1496941, -15.14809777, -15.14163783, -14.9403046, -14.70160828, -14.52310966, -14.45976179, -14.26559657, -13.96611921, -13.83656412, -13.79401895, -13.68835944, -13.66235507, -13.59540769, -13.33403282, -13.26868204, -13.19158147, -13.118781, -13.08988246, -12.92665902, -12.79337606, -12.74189612, -12.52631898, -12.38019278, -12.23329598, -12.02919494, -10.73079807, -9.74211863, -9.59958552, -8.85348227, -8.77454761, -5.6589238, -2.62935141, -1.78523374, -1.50462526, -0.43645452, -0.24458228, 0.52299965, 0.87603445, 1.5807683, 1.76596823, 2.05565262, 2.26277041, 2.43104533, 2.53792093, 3.10093916, 3.25323233, 3.49607195, 3.64189018, 3.70710511, 3.77652752, 3.8727243, 4.04046568, 4.20734671, 4.40354817, 5.17356862, 5.33135349, 5.74352737, 6.09000625, 6.46814251, 6.71545504, 6.91536174, 7.24854802, 7.40054458, 8.26445251, 8.386821, 8.73953142, 9.33716969, 9.49736561, 13.35036192, 13.86294379], "fractional occupation": [2.0, 2.0, 2.0, 2.0, 2.0, 2.0, 2.0, 2.0, 2.0, 2.0, 2.0, 2.0, 2.0, 2.0, 2.0, 2.0, 2.0, 2.0, 2.0, 2.0, 2.0, 2.0, 2.0, 2.0, 2.0, 2.0, 2.0, 2.0, 2.0, 2.0, 2.0, 2.0, 2.0, 2.0, 2.0, 2.0, 2.0, 2.0, 2.0, 2.0, 2.0, 2.0, 2.0, 2.0, 2.0, 2.0, 2.0, 2.0, 2.0, 2.0, 2.0, 2.0, 2.0, 2.0, 2.0, 2.0, 2.0, 2.0, 2.0, 2.0, 2.0, 2.0, 2.0, 1.99999999, 1e-08, 0.0, 0.0, 0.0, 0.0, 0.0, 0.0, 0.0, 0.0, 0.0, 0.0, 0.0, 0.0, 0.0, 0.0, 0.0, 0.0, 0.0, 0.0, 0.0, 0.0, 0.0, 0.0, 0.0, 0.0, 0.0, 0.0, 0.0, 0.0, 0.0, 0.0, 0.0, 0.0, 0.0, 0.0, 0.0, 0.0, 0.0, 0.0, 0.0, 0.0, 0.0, 0.0, 0.0], "program call": "xtb /home/svss/Project-DBcg-Debug/aqme2_20220329/End-to-End-workflows-final/example-3/QDESCP/mol_983_rdkit_conf_3/mol_983_rdkit_conf_3.xyz --pop --wbo --acc 0.2 --gfn 2 --chrg 0 --uhf 0 --etemp 300 --input /home/svss/Project-DBcg-Debug/aqme2_20220329/End-to-End-workflows-final/example-3/QDESCP/mol_983_rdkit_conf_3/mol_983_rdkit_conf_3_xtb.inp", "method": "GFN2-xTB", "xtb version": "6.3.3 (7355c4f)", "Dipole module/D": 1.886, "Total charge": 0, "Transition dipole module/D": NaN, "HOMO": -10.7308, "LUMO": -9.7421, "HOMO occupancy": 2.0, "LUMO occupancy": 0, "mulliken charges": [-0.08443, -0.04824, 0.09263, -0.34708, 0.08553, -0.04957, -0.08364, 0.17854, 0.03445, 0.00046, -0.01315, 0.0001, 0.04247, 0.6943, -0.4434, -0.44316, 0.63888, -0.23698, -0.23646, -0.23514, 0.68922, -0.44646, -0.44767, 0.02994, 0.03753, 0.03243, 0.02853, 0.04139, 0.03135, 0.03807, 0.03125, 0.03927, 0.04148, 0.02093, 0.03393, 0.03159, 0.03874, 0.09113, 0.09124], "cm5 charges": [-0.23462, -0.15517, 0.04283, -0.59304, 0.03502, -0.15602, -0.23386, 0.24809, 0.09682, -0.04049, -0.01519, -0.04105, 0.10586, 0.52987, -0.40394, -0.40348, 0.69093, -0.25799, -0.25755, -0.25518, 0.52057, -0.40869, -0.40957, 0.08132, 0.08834, 0.08383, 0.08567, 0.10104, 0.09833, 0.10594, 0.10215, 0.10498, 0.10046, 0.0794, 0.08538, 0.08295, 0.08955, 0.15334, 0.15317], "FUKUI+": [0.008, 0.002, 0.007, 0.0, 0.009, 0.002, 0.008, -0.028, -0.007, -0.015, -0.034, -0.025, -0.001, -0.084, -0.114, -0.114, -0.002, -0.021, -0.021, -0.023, -0.092, -0.123, -0.124, -0.011, -0.019, -0.007, -0.014, 0.003, -0.004, -0.011, 0.0, -0.027, -0.002, 0.006, -0.007, -0.015, -0.017, -0.039, -0.043], "FUKUI-": [0.014, -0.002, 0.02, -0.137, 0.026, 0.006, 0.016, 0.024, -0.009, -0.01, -0.023, -0.009, -0.008, 0.007, -0.024, -0.027, -0.001, -0.015, -0.015, -0.016, 0.005, -0.02, -0.033, -0.042, -0.062, -0.044, -0.035, -0.04, -0.049, -0.071, -0.092, -0.05, -0.052, -0.041, -0.043, -0.033, -0.044, -0.035, -0.033], "FUKUIrad": [0.011, -0.0, 0.014, -0.069, 0.017, 0.004, 0.012, -0.002, -0.008, -0.012, -0.028, -0.017, -0.004, -0.039, -0.069, -0.071, -0.001, -0.018, -0.018, -0.02, -0.044, -0.072, -0.079, -0.027, -0.041, -0.026, -0.025, -0.019, -0.026, -0.041, -0.046, -0.039, -0.027, -0.017, -0.025, -0.024, -0.03, -0.037, -0.038], "s proportion": [1.008, 1.032, 1.018, 1.459, 1.016, 1.03, 1.008, 1.054, 1.074, 1.071, 1.075, 1.07, 1.073, 1.324, 1.747, 1.747, 1.023, 1.823, 1.822, 1.823, 1.325, 1.746, 1.746, 0.97, 0.962, 0.968, 0.971, 0.959, 0.969, 0.962, 0.969, 0.961, 0.959, 0.979, 0.966, 0.968, 0.961, 0.909, 0.909], "p proportion": [3.076, 3.017, 2.889, 3.888, 2.899, 3.019, 3.076, 2.768, 2.891, 2.928, 2.938, 2.93, 2.885, 2.981, 4.697, 4.697, 2.338, 5.414, 5.414, 5.412, 2.986, 4.701, 4.701, 0.0, 0.0, 0.0, 0.0, 0.0, 0.0, 0.0, 0.0, 0.0, 0.0, 0.0, 0.0, 0.0, 0.0, 0.0, 0.0], "d proportion": [0.0, 0.0, 0.0, 0.0, 0.0, 0.0, 0.0, 0.0, 0.0, 0.0, 0.0, 0.0, 0.0, 0.0, 0.0, 0.0, 0.0, 0.0, 0.0, 0.0, 0.0, 0.0, 0.0, 0.0, 0.0, 0.0, 0.0, 0.0, 0.0, 0.0, 0.0, 0.0, 0.0, 0.0, 0.0, 0.0, 0.0, 0.0, 0.0], "Fermi-level/eV": -10.2365, "Coordination numbers": [3.75, 3.8, 3.747, 2.728, 3.741, 3.799, 3.75, 2.902, 2.912, 2.913, 2.959, 2.912, 2.916, 2.759, 0.927, 0.927, 3.331, 0.788, 0.788, 0.788, 2.759, 0.927, 0.927, 0.924, 0.924, 0.924, 0.924, 0.924, 0.923, 0.924, 0.924, 0.924, 0.924, 0.924, 0.924, 0.924, 0.924, 0.924, 0.924], "Dispersion coefficient C6": [22.566, 21.663, 20.537, 24.708, 20.583, 21.622, 22.564, 25.656, 27.762, 28.385, 28.171, 28.367, 27.668, 13.447, 20.601, 20.607, 17.409, 11.177, 11.173, 11.161, 13.556, 20.767, 20.788, 2.471, 2.39, 2.446, 2.449, 2.292, 2.366, 2.417, 2.655, 2.217, 2.291, 2.585, 2.432, 2.456, 2.377, 1.784, 1.776], "Total dispersion C6": 16397.156834, "Total dispersion C8": 366996.760328, "Polarizability alpha": [6.775, 6.627, 6.464, 7.383, 6.473, 6.621, 6.775, 8.305, 8.64, 8.736, 8.706, 8.733, 8.625, 5.446, 6.087, 6.088, 6.619, 3.949, 3.948, 3.946, 5.468, 6.111, 6.115, 2.458, 2.418, 2.446, 2.447, 2.367, 2.406, 2.431, 2.548, 2.329, 2.367, 2.514, 2.439, 2.451, 2.411, 2.089, 2.084], "Total polarizability alpha": 190.846551, "Wiberg matrix": [[0.0, 1.0171973048576481, 0.0, 0.0, 0.0, 0.0, 0.0, 0.0, 0.0, 0.0, 0.0, 0.0, 0.0, 0.0, 0.0, 0.0, 0.0, 0.0, 0.0, 0.0, 0.0, 0.0, 0.0, 0.9871301016385621, 0.98555544031629, 0.9868902192727577, 0.0, 0.0, 0.0, 0.0, 0.0, 0.0, 0.0, 0.0, 0.0, 0.0, 0.0, 0.0, 0.0], [1.0171973048576481, 0.0, 1.0015309804205454, 0.0, 0.0, 0.0, 0.0, 0.0, 0.0, 0.0, 0.0, 0.0, 0.0, 0.0, 0.0, 0.0, 0.0, 0.0, 0.0, 0.0, 0.0, 0.0, 0.0, 0.0, 0.0, 0.0, 0.9744990183456789, 0.9747155779849253, 0.0, 0.0, 0.0, 0.0, 0.0, 0.0, 0.0, 0.0, 0.0, 0.0, 0.0], [0.0, 1.0015309804205454, 0.0, 0.9479498704308464, 0.0, 0.0, 0.0, 0.0, 0.0, 0.0, 0.0, 0.0, 0.0, 0.0, 0.0, 0.0, 0.0, 0.0, 0.0, 0.0, 0.0, 0.0, 0.0, 0.0, 0.0, 0.0, 0.0, 0.0, 0.9726276369898399, 0.9678631888772846, 0.0, 0.0, 0.0, 0.0, 0.0, 0.0, 0.0, 0.0, 0.0], [0.0, 0.0, 0.9479498704308464, 0.0, 0.9653350920094709, 0.0, 0.0, 1.0677351218522053, 0.0, 0.0, 0.0, 0.0, 0.0, 0.0, 0.0, 0.0, 0.0, 0.0, 0.0, 0.0, 0.0, 0.0, 0.0, 0.0, 0.0, 0.0, 0.0, 0.0, 0.0, 0.0, 0.0, 0.0, 0.0, 0.0, 0.0, 0.0, 0.0, 0.0, 0.0], [0.0, 0.0, 0.0, 0.9653350920094709, 0.0, 1.004692443291958, 0.0, 0.0, 0.0, 0.0, 0.0, 0.0, 0.0, 0.0, 0.0, 0.0, 0.0, 0.0, 0.0, 0.0, 0.0, 0.0, 0.0, 0.0, 0.0, 0.0, 0.0, 0.0, 0.0, 0.0, 0.966261896025454, 0.967434368975426, 0.0, 0.0, 0.0, 0.0, 0.0, 0.0, 0.0], [0.0, 0.0, 0.0, 0.0, 1.004692443291958, 0.0, 1.0183937679283364, 0.0, 0.0, 0.0, 0.0, 0.0, 0.0, 0.0, 0.0, 0.0, 0.0, 0.0, 0.0, 0.0, 0.0, 0.0, 0.0, 0.0, 0.0, 0.0, 0.0, 0.0, 0.0, 0.0, 0.0, 0.0, 0.9753514987970355, 0.9768857833539868, 0.0, 0.0, 0.0, 0.0, 0.0], [0.0, 0.0, 0.0, 0.0, 0.0, 1.0183937679283364, 0.0, 0.0, 0.0, 0.0, 0.0, 0.0, 0.0, 0.0, 0.0, 0.0, 0.0, 0.0, 0.0, 0.0, 0.0, 0.0, 0.0, 0.0, 0.0, 0.0, 0.0, 0.0, 0.0, 0.0, 0.0, 0.0, 0.0, 0.0, 0.986984459902173, 0.9869110281311477, 0.9856696901063351, 0.0, 0.0], [0.0, 0.0, 0.0, 1.0677351218522053, 0.0, 0.0, 0.0, 0.0, 1.337800635310999, 0.0, 0.0, 0.0, 1.3393231722181995, 0.0, 0.0, 0.0, 0.0, 0.0, 0.0, 0.0, 0.0, 0.0, 0.0, 0.0, 0.0, 0.0, 0.0, 0.0, 0.0, 0.0, 0.0, 0.0, 0.0, 0.0, 0.0, 0.0, 0.0, 0.0, 0.0], [0.0, 0.0, 0.0, 0.0, 0.0, 0.0, 0.0, 1.337800635310999, 0.0, 1.4021896749312996, 0.0, 0.1013762117292722, 0.0, 0.0, 0.0, 0.0, 0.0, 0.0, 0.0, 0.0, 0.9390589744042166, 0.0, 0.0, 0.0, 0.0, 0.0, 0.0, 0.0, 0.0, 0.0, 0.0, 0.0, 0.0, 0.0, 0.0, 0.0, 0.0, 0.0, 0.0], [0.0, 0.0, 0.0, 0.0, 0.0, 0.0, 0.0, 0.0, 1.4021896749312996, 0.0, 1.411864014633454, 0.0, 0.10405033083804935, 0.0, 0.0, 0.0, 0.0, 0.0, 0.0, 0.0, 0.0, 0.0, 0.0, 0.0, 0.0, 0.0, 0.0, 0.0, 0.0, 0.0, 0.0, 0.0, 0.0, 0.0, 0.0, 0.0, 0.0, 0.9595777245708301, 0.0], [0.0, 0.0, 0.0, 0.0, 0.0, 0.0, 0.0, 0.0, 0.0, 1.411864014633454, 0.0, 1.4075666677336722, 0.0, 0.0, 0.0, 0.0, 0.9532830540916761, 0.0, 0.0, 0.0, 0.0, 0.0, 0.0, 0.0, 0.0, 0.0, 0.0, 0.0, 0.0, 0.0, 0.0, 0.0, 0.0, 0.0, 0.0, 0.0, 0.0, 0.0, 0.0], [0.0, 0.0, 0.0, 0.0, 0.0, 0.0, 0.0, 0.0, 0.1013762117292722, 0.0, 1.4075666677336722, 0.0, 1.4122118913674475, 0.0, 0.0, 0.0, 0.0, 0.0, 0.0, 0.0, 0.0, 0.0, 0.0, 0.0, 0.0, 0.0, 0.0, 0.0, 0.0, 0.0, 0.0, 0.0, 0.0, 0.0, 0.0, 0.0, 0.0, 0.0, 0.9590794909208388], [0.0, 0.0, 0.0, 0.0, 0.0, 0.0, 0.0, 1.3393231722181995, 0.0, 0.10405033083804935, 0.0, 1.4122118913674475, 0.0, 0.9327026067940877, 0.0, 0.0, 0.0, 0.0, 0.0, 0.0, 0.0, 0.0, 0.0, 0.0, 0.0, 0.0, 0.0, 0.0, 0.0, 0.0, 0.0, 0.0, 0.0, 0.0, 0.0, 0.0, 0.0, 0.0, 0.0], [0.0, 0.0, 0.0, 0.0, 0.0, 0.0, 0.0, 0.0, 0.0, 0.0, 0.0, 0.0, 0.9327026067940877, 0.0, 1.4721348943142147, 1.4733495378530717, 0.0, 0.0, 0.0, 0.0, 0.0, 0.0, 0.0, 0.0, 0.0, 0.0, 0.0, 0.0, 0.0, 0.0, 0.0, 0.0, 0.0, 0.0, 0.0, 0.0, 0.0, 0.0, 0.0], [0.0, 0.0, 0.0, 0.0, 0.0, 0.0, 0.0, 0.0, 0.0, 0.0, 0.0, 0.0, 0.0, 1.4721348943142147, 0.0, 0.4052097460147107, 0.0, 0.0, 0.0, 0.0, 0.0, 0.0, 0.0, 0.0, 0.0, 0.0, 0.0, 0.0, 0.0, 0.0, 0.0, 0.0, 0.0, 0.0, 0.0, 0.0, 0.0, 0.0, 0.0], [0.0, 0.0, 0.0, 0.0, 0.0, 0.0, 0.0, 0.0, 0.0, 0.0, 0.0, 0.0, 0.0, 1.4733495378530717, 0.4052097460147107, 0.0, 0.0, 0.0, 0.0, 0.0, 0.0, 0.0, 0.0, 0.0, 0.0, 0.0, 0.0, 0.0, 0.0, 0.0, 0.0, 0.0, 0.0, 0.0, 0.0, 0.0, 0.0, 0.0, 0.0], [0.0, 0.0, 0.0, 0.0, 0.0, 0.0, 0.0, 0.0, 0.0, 0.0, 0.9532830540916761, 0.0, 0.0, 0.0, 0.0, 0.0, 0.0, 0.9526742429781254, 0.9536019088920105, 0.9492131801461061, 0.0, 0.0, 0.0, 0.0, 0.0, 0.0, 0.0, 0.0, 0.0, 0.0, 0.0, 0.0, 0.0, 0.0, 0.0, 0.0, 0.0, 0.0, 0.0], [0.0, 0.0, 0.0, 0.0, 0.0, 0.0, 0.0, 0.0, 0.0, 0.0, 0.0, 0.0, 0.0, 0.0, 0.0, 0.0, 0.9526742429781254, 0.0, 0.0, 0.0, 0.0, 0.0, 0.0, 0.0, 0.0, 0.0, 0.0, 0.0, 0.0, 0.0, 0.0, 0.0, 0.0, 0.0, 0.0, 0.0, 0.0, 0.0, 0.0], [0.0, 0.0, 0.0, 0.0, 0.0, 0.0, 0.0, 0.0, 0.0, 0.0, 0.0, 0.0, 0.0, 0.0, 0.0, 0.0, 0.9536019088920105, 0.0, 0.0, 0.0, 0.0, 0.0, 0.0, 0.0, 0.0, 0.0, 0.0, 0.0, 0.0, 0.0, 0.0, 0.0, 0.0, 0.0, 0.0, 0.0, 0.0, 0.0, 0.0], [0.0, 0.0, 0.0, 0.0, 0.0, 0.0, 0.0, 0.0, 0.0, 0.0, 0.0, 0.0, 0.0, 0.0, 0.0, 0.0, 0.9492131801461061, 0.0, 0.0, 0.0, 0.0, 0.0, 0.0, 0.0, 0.0, 0.0, 0.0, 0.0, 0.0, 0.0, 0.0, 0.0, 0.0, 0.0, 0.0, 0.0, 0.0, 0.0, 0.0], [0.0, 0.0, 0.0, 0.0, 0.0, 0.0, 0.0, 0.0, 0.9390589744042166, 0.0, 0.0, 0.0, 0.0, 0.0, 0.0, 0.0, 0.0, 0.0, 0.0, 0.0, 0.0, 1.4624621503319235, 1.461205762577306, 0.0, 0.0, 0.0, 0.0, 0.0, 0.0, 0.0, 0.0, 0.0, 0.0, 0.0, 0.0, 0.0, 0.0, 0.0, 0.0], [0.0, 0.0, 0.0, 0.0, 0.0, 0.0, 0.0, 0.0, 0.0, 0.0, 0.0, 0.0, 0.0, 0.0, 0.0, 0.0, 0.0, 0.0, 0.0, 0.0, 1.4624621503319235, 0.0, 0.39513128583842194, 0.0, 0.0, 0.0, 0.0, 0.0, 0.0, 0.0, 0.0, 0.0, 0.0, 0.0, 0.0, 0.0, 0.0, 0.0, 0.0], [0.0, 0.0, 0.0, 0.0, 0.0, 0.0, 0.0, 0.0, 0.0, 0.0, 0.0, 0.0, 0.0, 0.0, 0.0, 0.0, 0.0, 0.0, 0.0, 0.0, 1.461205762577306, 0.39513128583842194, 0.0, 0.0, 0.0, 0.0, 0.0, 0.0, 0.0, 0.0, 0.0, 0.0, 0.0, 0.0, 0.0, 0.0, 0.0, 0.0, 0.0], [0.9871301016385621, 0.0, 0.0, 0.0, 0.0, 0.0, 0.0, 0.0, 0.0, 0.0, 0.0, 0.0, 0.0, 0.0, 0.0, 0.0, 0.0, 0.0, 0.0, 0.0, 0.0, 0.0, 0.0, 0.0, 0.0, 0.0, 0.0, 0.0, 0.0, 0.0, 0.0, 0.0, 0.0, 0.0, 0.0, 0.0, 0.0, 0.0, 0.0], [0.98555544031629, 0.0, 0.0, 0.0, 0.0, 0.0, 0.0, 0.0, 0.0, 0.0, 0.0, 0.0, 0.0, 0.0, 0.0, 0.0, 0.0, 0.0, 0.0, 0.0, 0.0, 0.0, 0.0, 0.0, 0.0, 0.0, 0.0, 0.0, 0.0, 0.0, 0.0, 0.0, 0.0, 0.0, 0.0, 0.0, 0.0, 0.0, 0.0], [0.9868902192727577, 0.0, 0.0, 0.0, 0.0, 0.0, 0.0, 0.0, 0.0, 0.0, 0.0, 0.0, 0.0, 0.0, 0.0, 0.0, 0.0, 0.0, 0.0, 0.0, 0.0, 0.0, 0.0, 0.0, 0.0, 0.0, 0.0, 0.0, 0.0, 0.0, 0.0, 0.0, 0.0, 0.0, 0.0, 0.0, 0.0, 0.0, 0.0], [0.0, 0.9744990183456789, 0.0, 0.0, 0.0, 0.0, 0.0, 0.0, 0.0, 0.0, 0.0, 0.0, 0.0, 0.0, 0.0, 0.0, 0.0, 0.0, 0.0, 0.0, 0.0, 0.0, 0.0, 0.0, 0.0, 0.0, 0.0, 0.0, 0.0, 0.0, 0.0, 0.0, 0.0, 0.0, 0.0, 0.0, 0.0, 0.0, 0.0], [0.0, 0.9747155779849253, 0.0, 0.0, 0.0, 0.0, 0.0, 0.0, 0.0, 0.0, 0.0, 0.0, 0.0, 0.0, 0.0, 0.0, 0.0, 0.0, 0.0, 0.0, 0.0, 0.0, 0.0, 0.0, 0.0, 0.0, 0.0, 0.0, 0.0, 0.0, 0.0, 0.0, 0.0, 0.0, 0.0, 0.0, 0.0, 0.0, 0.0], [0.0, 0.0, 0.9726276369898399, 0.0, 0.0, 0.0, 0.0, 0.0, 0.0, 0.0, 0.0, 0.0, 0.0, 0.0, 0.0, 0.0, 0.0, 0.0, 0.0, 0.0, 0.0, 0.0, 0.0, 0.0, 0.0, 0.0, 0.0, 0.0, 0.0, 0.0, 0.0, 0.0, 0.0, 0.0, 0.0, 0.0, 0.0, 0.0, 0.0], [0.0, 0.0, 0.9678631888772846, 0.0, 0.0, 0.0, 0.0, 0.0, 0.0, 0.0, 0.0, 0.0, 0.0, 0.0, 0.0, 0.0, 0.0, 0.0, 0.0, 0.0, 0.0, 0.0, 0.0, 0.0, 0.0, 0.0, 0.0, 0.0, 0.0, 0.0, 0.0, 0.0, 0.0, 0.0, 0.0, 0.0, 0.0, 0.0, 0.0], [0.0, 0.0, 0.0, 0.0, 0.966261896025454, 0.0, 0.0, 0.0, 0.0, 0.0, 0.0, 0.0, 0.0, 0.0, 0.0, 0.0, 0.0, 0.0, 0.0, 0.0, 0.0, 0.0, 0.0, 0.0, 0.0, 0.0, 0.0, 0.0, 0.0, 0.0, 0.0, 0.0, 0.0, 0.0, 0.0, 0.0, 0.0, 0.0, 0.0], [0.0, 0.0, 0.0, 0.0, 0.967434368975426, 0.0, 0.0, 0.0, 0.0, 0.0, 0.0, 0.0, 0.0, 0.0, 0.0, 0.0, 0.0, 0.0, 0.0, 0.0, 0.0, 0.0, 0.0, 0.0, 0.0, 0.0, 0.0, 0.0, 0.0, 0.0, 0.0, 0.0, 0.0, 0.0, 0.0, 0.0, 0.0, 0.0, 0.0], [0.0, 0.0, 0.0, 0.0, 0.0, 0.9753514987970355, 0.0, 0.0, 0.0, 0.0, 0.0, 0.0, 0.0, 0.0, 0.0, 0.0, 0.0, 0.0, 0.0, 0.0, 0.0, 0.0, 0.0, 0.0, 0.0, 0.0, 0.0, 0.0, 0.0, 0.0, 0.0, 0.0, 0.0, 0.0, 0.0, 0.0, 0.0, 0.0, 0.0], [0.0, 0.0, 0.0, 0.0, 0.0, 0.9768857833539868, 0.0, 0.0, 0.0, 0.0, 0.0, 0.0, 0.0, 0.0, 0.0, 0.0, 0.0, 0.0, 0.0, 0.0, 0.0, 0.0, 0.0, 0.0, 0.0, 0.0, 0.0, 0.0, 0.0, 0.0, 0.0, 0.0, 0.0, 0.0, 0.0, 0.0, 0.0, 0.0, 0.0], [0.0, 0.0, 0.0, 0.0, 0.0, 0.0, 0.986984459902173, 0.0, 0.0, 0.0, 0.0, 0.0, 0.0, 0.0, 0.0, 0.0, 0.0, 0.0, 0.0, 0.0, 0.0, 0.0, 0.0, 0.0, 0.0, 0.0, 0.0, 0.0, 0.0, 0.0, 0.0, 0.0, 0.0, 0.0, 0.0, 0.0, 0.0, 0.0, 0.0], [0.0, 0.0, 0.0, 0.0, 0.0, 0.0, 0.9869110281311477, 0.0, 0.0, 0.0, 0.0, 0.0, 0.0, 0.0, 0.0, 0.0, 0.0, 0.0, 0.0, 0.0, 0.0, 0.0, 0.0, 0.0, 0.0, 0.0, 0.0, 0.0, 0.0, 0.0, 0.0, 0.0, 0.0, 0.0, 0.0, 0.0, 0.0, 0.0, 0.0], [0.0, 0.0, 0.0, 0.0, 0.0, 0.0, 0.9856696901063351, 0.0, 0.0, 0.0, 0.0, 0.0, 0.0, 0.0, 0.0, 0.0, 0.0, 0.0, 0.0, 0.0, 0.0, 0.0, 0.0, 0.0, 0.0, 0.0, 0.0, 0.0, 0.0, 0.0, 0.0, 0.0, 0.0, 0.0, 0.0, 0.0, 0.0, 0.0, 0.0], [0.0, 0.0, 0.0, 0.0, 0.0, 0.0, 0.0, 0.0, 0.0, 0.9595777245708301, 0.0, 0.0, 0.0, 0.0, 0.0, 0.0, 0.0, 0.0, 0.0, 0.0, 0.0, 0.0, 0.0, 0.0, 0.0, 0.0, 0.0, 0.0, 0.0, 0.0, 0.0, 0.0, 0.0, 0.0, 0.0, 0.0, 0.0, 0.0, 0.0], [0.0, 0.0, 0.0, 0.0, 0.0, 0.0, 0.0, 0.0, 0.0, 0.0, 0.0, 0.9590794909208388, 0.0, 0.0, 0.0, 0.0, 0.0, 0.0, 0.0, 0.0, 0.0, 0.0, 0.0, 0.0, 0.0, 0.0, 0.0, 0.0, 0.0, 0.0, 0.0, 0.0, 0.0, 0.0, 0.0, 0.0, 0.0, 0.0, 0.0]], "Born radii": [], "Atomic SASAs": [], "Solvent H bonds": [], "Total SASA": NaN, "Total FOD": 0.0, "FOD": [0.0, 0.0, 0.0, 0.0, 0.0, 0.0, 0.0, 0.0, 0.0, 0.0, 0.0, 0.0, 0.0, 0.0, 0.0, 0.0, 0.0, 0.0, 0.0, 0.0, 0.0, 0.0, 0.0, 0.0, 0.0, 0.0, 0.0, 0.0, 0.0, 0.0, 0.0, 0.0, 0.0, 0.0, 0.0, 0.0, 0.0, 0.0, 0.0], "FOD s proportion": [0.0, 0.0, 0.0, 0.0, 0.0, 0.0, 0.0, 0.0, 0.0, 0.0, 0.0, 0.0, 0.0, 0.0, 0.0, 0.0, 0.0, 0.0, 0.0, 0.0, 0.0, 0.0, 0.0, 0.0, 0.0, 0.0, 0.0, 0.0, 0.0, 0.0, 0.0, 0.0, 0.0, 0.0, 0.0, 0.0, 0.0, 0.0, 0.0], "FOD p proportion": [0.0, 0.0, 0.0, 0.0, 0.0, 0.0, 0.0, 0.0, 0.0, 0.0, 0.0, 0.0, 0.0, 0.0, 0.0, 0.0, 0.0, 0.0, 0.0, 0.0, 0.0, 0.0, 0.0, 0.0, 0.0, 0.0, 0.0, 0.0, 0.0, 0.0, 0.0, 0.0, 0.0, 0.0, 0.0, 0.0, 0.0, 0.0, 0.0], "FOD d proportion": [0.0, 0.0, 0.0, 0.0, 0.0, 0.0, 0.0, 0.0, 0.0, 0.0, 0.0, 0.0, 0.0, 0.0, 0.0, 0.0, 0.0, 0.0, 0.0, 0.0, 0.0, 0.0, 0.0, 0.0, 0.0, 0.0, 0.0, 0.0, 0.0, 0.0, 0.0, 0.0, 0.0, 0.0, 0.0, 0.0, 0.0, 0.0, 0.0], "coordinates": [["-2.76740", "3.33600", "1.02100"], ["-2.29910", "1.88970", "1.04090"], ["-1.30470", "1.60920", "-0.08890"], ["-0.82670", "0.20930", "-0.01080"], ["-1.71400", "-0.79310", "-0.64420"], ["-1.42790", "-2.20850", "-0.13750"], ["-2.39890", "-3.21660", "-0.73240"], ["0.55750", "0.07490", "-0.21140"], ["1.22970", "0.12180", "-1.44740"], ["2.62470", "-0.05630", "-1.57830"], ["3.42270", "-0.27290", "-0.44730"], ["2.79780", "-0.31380", "0.80330"], ["1.40390", "-0.13480", "0.89770"], ["0.84030", "-0.17920", "2.23180"], ["0.72220", "0.90220", "2.82420"], ["0.60460", "-1.30000", "2.70290"], ["4.91290", "-0.48850", "-0.57980"], ["5.45190", "0.20160", "-1.62050"], ["5.60310", "-0.10340", "0.52660"], ["5.22260", "-1.79500", "-0.78780"], ["0.51840", "0.38760", "-2.67950"], ["0.15190", "1.55200", "-2.88210"], ["0.37790", "-0.56510", "-3.45770"], ["-3.26510", "3.57390", "0.07550"], ["-3.47810", "3.51550", "1.83380"], ["-1.92500", "4.02320", "1.14920"], ["-3.17150", "1.23230", "0.95670"], ["-1.83680", "1.67410", "2.01060"], ["-0.46800", "2.31490", "0.00120"], ["-1.78180", "1.79280", "-1.05920"], ["-1.65060", "-0.75220", "-1.73550"], ["-2.75430", "-0.55100", "-0.39570"], ["-1.50730", "-2.23530", "0.95540"], ["-0.40650", "-2.51180", "-0.39310"], ["-2.32270", "-3.23630", "-1.82430"], ["-3.43170", "-2.97330", "-0.46350"], ["-2.17850", "-4.22120", "-0.35810"], ["3.08690", "-0.01900", "-2.56670"], ["3.38730", "-0.48340", "1.70550"]], "bond_dist": [[0.0, 1.5203567311654194, 2.5205569900321634, 3.8219341464761007, 4.575151299137549, 5.820469289498914, 6.793141436036792, 4.8175245697349585, 5.69217784419988, 6.880319919160735, 7.314191828903587, 6.658820043371048, 5.427835592572789, 5.180556627429141, 4.6208463337358445, 5.974250380591694, 8.727907480032082, 9.184708928430993, 9.06306647719192, 9.666386007190072, 5.760489948780398, 5.190294606281998, 6.720881414665787, 1.0946560875453075, 1.0945129419061248, 1.0946765915100223, 2.1431250523476226, 2.146447327562454, 2.7147518505380925, 2.7713003518204222, 5.05558243232172, 4.137146299081047, 5.71240221448035, 6.462994078598555, 7.175556944934658, 6.515543049508613, 7.7045435854435915, 7.642018370823248, 7.2757603520181995], [1.5203567311654194, 0.0, 1.5309995591116283, 2.469368099332297, 3.221695184215912, 4.35233951341115, 5.4063714837217764, 3.608589459885954, 4.6657836147854095, 5.90685458429442, 6.295281823715282, 5.557900288778128, 4.22271423257601, 3.9439095298954308, 3.6446630612444824, 4.622542999259174, 7.765014341905622, 8.367241634493412, 8.165887394521185, 8.573046638739346, 4.902650999204409, 4.638035283393174, 5.781848666300424, 2.168336413013442, 2.159156559863133, 2.168755853018039, 1.0956031033179852, 1.0956836861065335, 2.1481848942770267, 2.16504247302449, 3.8869763081346402, 2.8684565693069155, 4.201176322174541, 5.001149168941074, 5.8724614941266315, 5.214860604081378, 6.270155035563314, 6.757729607641903, 6.197454455661616], [2.5205569900321634, 1.5309995591116283, 0.0, 1.4813182034930914, 2.499385898575888, 3.819996530103136, 4.989961074998481, 2.415961833307803, 3.2374471995694383, 4.520219792222497, 5.100888327536684, 4.617841063743966, 3.3691882583197987, 3.631122147491048, 3.6186080500656606, 4.461279902673671, 6.580264269769109, 7.069567163553934, 7.143496332329149, 7.394774110140214, 3.3951743003857695, 3.150701769447562, 4.348279739161224, 2.7803312050905014, 3.471947946038362, 2.782994735891536, 2.172619435151955, 2.16685086473435, 1.0982701807843096, 1.0967294379198544, 2.8995082910728156, 2.6195286675278053, 3.988958448016224, 4.228704515569751, 5.24659960450576, 5.065941216595392, 5.901657329937073, 5.298743118891498, 5.441848042714901], [3.8219341464761007, 2.469368099332297, 1.4813182034930914, 0.0, 1.4809802868370665, 2.494644497719064, 3.8378783474727287, 1.405102615469774, 2.510031228889394, 3.799968627502074, 4.298889327489136, 3.751452074863812, 2.4329721371195356, 2.8211834413947634, 3.304001607142466, 3.419177367437963, 5.809792939511699, 6.4816673271620475, 6.4597916444727534, 6.419889249823551, 2.993834429289636, 3.317358126582054, 3.732542850390334, 4.156173168913923, 4.622059017364447, 4.134936045454634, 2.7350817702584322, 2.692953584820949, 2.1359684103469325, 2.12575417675704, 2.13959892269556, 2.1075687082512875, 2.715295188372712, 2.7797673535747554, 4.171205774113763, 4.1376206991458275, 4.645138402674348, 4.679851563885333, 4.602533539258568], [4.575151299137549, 3.221695184215912, 2.499385898575888, 1.4809802868370665, 0.0, 1.5303448173532657, 2.5199641862534476, 2.4699093282952718, 3.1855206701573917, 4.498859270970808, 5.166726675565488, 4.762491362721827, 3.5400727266540724, 3.8952147180867964, 4.564965617614223, 4.10316121789042, 6.6342092317019965, 7.300185791471338, 7.442204723064261, 7.010053076118611, 3.2434716493288485, 3.7402236871609698, 3.5133761341478937, 4.6898367029140795, 5.27414133011242, 5.143690333797322, 2.964697660807928, 3.626309242191019, 3.4100910779625817, 2.6198665328600232, 1.093904959308623, 1.0966260757432318, 2.1636510555077964, 2.174060061267858, 2.7807153647937435, 2.7814416801364, 3.4712365332832045, 5.229137392534261, 5.62496807724275], [5.820469289498914, 4.35233951341115, 3.819996530103136, 2.494644497719064, 1.5303448173532657, 0.0, 1.5208591716526552, 3.0267457656697894, 3.7694792558123993, 4.809515177229406, 5.231715183379157, 4.7256251671075225, 3.659366334490167, 3.8569900466555525, 4.803233430721434, 3.608919597331035, 6.584813887271226, 7.439053639408712, 7.369357897401917, 6.694999820014934, 4.121842173106583, 4.91629509386896, 4.1213353709689775, 6.07098201282132, 6.391675815464986, 6.382537911364099, 4.009553496338464, 4.456020150313506, 4.626207221904354, 4.121307776665072, 2.173478543717421, 2.138529974070974, 1.0961081196670337, 1.0957099114272901, 2.168486596684425, 2.1694260715682385, 2.1594040867794986, 5.574795236598381, 5.436797775345337], [6.793141436036792, 5.4063714837217764, 4.989961074998481, 3.8378783474727287, 2.5199641862534476, 1.5208591716526552, 0.0, 4.454852883092774, 4.982256267997462, 5.994964542013572, 6.529753307744482, 6.147382631657151, 5.159070176882652, 5.33897902599364, 6.273370880953875, 4.94930842643697, 7.805654079575906, 8.608593002924462, 8.67808154144682, 7.753146327137132, 5.029124709131799, 5.819564991474879, 4.7083256663064414, 6.893032358838887, 7.285000033630748, 7.495312122253483, 4.821066352997021, 5.635508131482022, 5.904577547970727, 5.0578354075632, 2.76395185558649, 2.710184386716151, 2.14629193960188, 2.1404497868438774, 1.0947329080647934, 1.094613146275889, 1.0944851803473625, 6.609334602666141, 6.8479083733648185], [4.8175245697349585, 3.608589459885954, 2.415961833307803, 1.405102615469774, 2.4699093282952718, 3.0267457656697894, 4.454852883092774, 0.0, 1.4077458755045245, 2.481722162128549, 2.895856469164174, 2.4899092091881583, 1.4108401255989282, 2.472603666178629, 3.1506219608197994, 3.222687218766351, 4.407113259266206, 5.094778411275608, 5.102402791822692, 5.058845815005632, 2.4881373977334937, 3.078794286729791, 3.3136565679019907, 5.19014290458365, 5.683892922988609, 4.858303356111061, 4.075472165283429, 3.636948876462247, 2.4727411934935692, 3.0236186498961803, 2.80761123199064, 3.3754609374128446, 3.3108677593646045, 2.766464852478701, 4.675579524508166, 5.026807564448832, 5.095457987266699, 3.457473016525219, 3.4632315169506067], [5.69217784419988, 4.6657836147854095, 3.2374471995694383, 2.510031228889394, 3.1855206701573917, 3.7694792558123993, 4.982256267997462, 1.4077458755045245, 0.0, 1.4124020036802551, 2.4423834874974073, 2.777469254555305, 2.3655196490411994, 3.7119733296455673, 4.371858525844586, 4.431394288483028, 3.832904654436371, 4.226500264994669, 4.8035422970970085, 4.477995624160434, 1.4472967007493662, 2.2946653285392187, 2.288820862365598, 5.868513087656872, 6.666847378634072, 5.649370372882274, 5.136484060132963, 4.875532949329745, 3.128947883874067, 3.4658436909358734, 3.023740349302499, 4.175043560251797, 4.338264313063463, 3.2748355515964462, 4.90290067001158, 5.681228140111961, 5.627081901838643, 2.1729815852878276, 3.868111064848061], [6.880319919160735, 5.90685458429442, 4.520219792222497, 3.799968627502074, 4.498859270970808, 4.809515177229406, 5.994964542013572, 2.481722162128549, 1.4124020036802551, 0.0, 1.4010283937165584, 2.4017261334298716, 2.761718828917962, 4.2090438082776, 4.890831703299552, 4.894513984043768, 2.533704467770462, 2.8392522061275223, 3.647422237690613, 3.2244460532004564, 2.417889232367769, 3.225098939567591, 2.973067782611086, 7.113589144728559, 7.851391563920373, 6.691886624114309, 6.456210142180938, 5.981594237325029, 4.205021162848054, 4.806857379827281, 4.334417924012404, 5.5296393960185135, 5.3142356637620045, 4.0770519655751265, 5.886398114297061, 6.814077266952585, 6.473485173382263, 1.09176677454482, 3.3981341365519993], [7.314191828903587, 6.295281823715282, 5.100888327536684, 4.298889327489136, 5.166726675565488, 5.231715183379157, 6.529753307744482, 2.895856469164174, 2.4423834874974073, 1.4010283937165584, 0.0, 1.398632610802422, 2.4297427950299593, 3.722250160857005, 4.401848760464175, 4.349756551808388, 1.5115342040456772, 2.3914851306249014, 2.394024983161204, 2.38167350197293, 3.722087529868152, 4.467285942269646, 4.291700833003158, 7.732907533392598, 8.196123010911927, 7.042952701104842, 6.907989336992349, 6.123268870464533, 4.6941887030668035, 5.6327931215339335, 5.256192597308435, 6.1834724200888935, 5.4884862257274545, 4.436032404074614, 6.609651255550477, 7.367171910577356, 6.853500636171271, 2.1608061481771106, 2.163356477790935], [6.658820043371048, 5.557900288778128, 4.617841063743966, 3.751452074863812, 4.762491362721827, 4.7256251671075225, 6.147382631657151, 2.4899092091881583, 2.777469254555305, 2.4017261334298716, 1.398632610802422, 0.0, 1.408513248074011, 2.4270425748222877, 3.141784233520819, 3.064505969972974, 2.5332062115035163, 3.6310729006727476, 2.826754170422324, 3.256563785648916, 4.221080686269809, 4.905524397044622, 4.906647399192243, 7.238968195813544, 7.42377192200838, 6.421374903398804, 6.168184437903913, 5.185444711883446, 4.268357733367718, 5.373956267964971, 5.140618888810958, 5.685039951486709, 4.716903928425934, 4.065724468037646, 6.454828290512459, 6.890892013375336, 6.432743303599173, 3.395200413819485, 1.0909808660100324], [5.427835592572789, 4.22271423257601, 3.3691882583197987, 2.4329721371195356, 3.5400727266540724, 3.659366334490167, 5.159070176882652, 1.4108401255989282, 2.3655196490411994, 2.761718828917962, 2.4297427950299593, 1.408513248074011, 0.0, 1.448944143160805, 2.29161212686615, 2.292448160809749, 3.8237665906799276, 4.779204975725565, 4.2156828403000155, 4.492175862541448, 3.722011801432123, 4.324313388273334, 4.495257862459061, 6.019138603654181, 6.167243898209312, 5.332334522514506, 4.77563907451139, 3.874635739008249, 3.210724521038826, 4.206397967382545, 4.079815590195223, 4.3745552048179706, 3.5903363324346094, 3.2548182437733755, 5.560227855942597, 5.77000650346254, 5.577570112513154, 3.853305853419892, 2.16977841264955], [5.180556627429141, 3.9439095298954308, 3.631122147491048, 2.8211834413947634, 3.8952147180867964, 3.8569900466555525, 5.33897902599364, 2.472603666178629, 3.7119733296455673, 4.2090438082776, 3.722250160857005, 2.4270425748222877, 1.448944143160805, 0.0, 1.2386732135636098, 1.2384192908704226, 4.958511047683568, 6.020969896121389, 5.059418595056155, 5.561775533945972, 4.9543667143238395, 5.442694296945217, 5.721288562902592, 5.965710222597138, 5.697173917829787, 5.145782021228649, 4.439904447170006, 3.263512638247323, 3.5927371264817025, 4.64702844945025, 4.719362361590811, 4.468013053920053, 3.3716420228132167, 3.7263431149050135, 5.983508721477725, 5.772488276298185, 5.670846449164357, 5.30079973683217, 2.6185374410154996], [4.6208463337358445, 3.6446630612444824, 3.6186080500656606, 3.304001607142466, 4.564965617614223, 4.803233430721434, 6.273370880953875, 3.1506219608197994, 4.371858525844586, 4.890831703299552, 4.401848760464175, 3.141784233520819, 2.29161212686615, 1.2386732135636098, 0.0, 2.2086711593172943, 5.575233535915782, 6.5281130918512735, 5.487566120786155, 6.369853373508687, 5.531461044787354, 5.771424591901033, 6.4601686812342605, 5.530993931473799, 5.045071767576751, 4.4219830212247535, 4.330983947095625, 2.793967710980211, 3.373666600303, 4.705739040788386, 5.399822523935392, 4.956369487840873, 4.278666841435542, 4.824974505632128, 6.928719254667489, 6.563791339614629, 6.692557160009916, 5.958373799955824, 3.2053291656240237], [5.974250380591694, 4.622542999259174, 4.461279902673671, 3.419177367437963, 4.10316121789042, 3.608919597331035, 4.94930842643697, 3.222687218766351, 4.431394288483028, 4.894513984043768, 4.349756551808388, 3.064505969972974, 2.292448160809749, 1.2384192908704226, 2.2086711593172943, 0.0, 5.476869583073893, 6.666551388086647, 5.581499395323806, 5.809985842495659, 5.641423043878203, 6.2873735605576995, 6.208418740710069, 6.755198743190315, 6.372818399264175, 6.095024043430838, 4.870388992678101, 3.9096015218945266, 4.638658821254265, 5.42344108569458, 5.008533362173003, 4.630824135075743, 2.896319034567843, 3.4750537333975138, 5.728340319848325, 5.396085575674278, 5.06446206916391, 5.964181289162831, 3.0667672898346887], [8.727907480032082, 7.765014341905622, 6.580264269769109, 5.809792939511699, 6.6342092317019965, 6.584813887271226, 7.805654079575906, 4.407113259266206, 3.832904654436371, 2.533704467770462, 1.5115342040456772, 2.5332062115035163, 3.8237665906799276, 4.958511047683568, 5.575233535915782, 5.476869583073893, 0.0, 1.360079225633566, 1.359705486493307, 1.3587201109868066, 4.948527210190927, 5.668451864486457, 5.371629265874553, 9.15490010049263, 9.605538087999026, 8.372679039590613, 8.407110576767739, 7.546221638011966, 6.095137190416636, 7.088946476028719, 6.669686081818243, 7.669664588494075, 6.828405181299656, 5.6942616852406776, 7.839202284033752, 8.707474139496481, 8.0168668530792, 2.7390651434385416, 2.7477404280608453], [9.184708928430993, 8.367241634493412, 7.069567163553934, 6.4816673271620475, 7.300185791471338, 7.439053639408712, 8.608593002924462, 5.094778411275608, 4.226500264994669, 2.8392522061275223, 2.3914851306249014, 3.6310729006727476, 4.779204975725565, 6.020969896121389, 6.5281130918512735, 6.666551388086647, 1.360079225633566, 0.0, 2.173919237230307, 2.1754032591682857, 5.049306808860004, 5.612950625116882, 5.450560405132669, 9.499205876808862, 10.132078843949055, 8.757540651347272, 9.059102046560685, 8.275161095108663, 6.4916225853017675, 7.427879294926649, 7.167179758454506, 8.331161998184887, 7.810519000681069, 6.571902379068027, 8.503240324135266, 9.5045772115334, 8.909422975703869, 2.5567917005497343, 3.9741759095440155], [9.06306647719192, 8.165887394521185, 7.143496332329149, 6.4597916444727534, 7.442204723064261, 7.369357897401917, 8.67808154144682, 5.102402791822692, 4.8035422970970085, 3.647422237690613, 2.394024983161204, 2.826754170422324, 4.2156828403000155, 5.059418595056155, 5.487566120786155, 5.581499395323806, 1.359705486493307, 2.173919237230307, 0.0, 2.1757615149643583, 6.031113686542478, 6.638913035279193, 6.587148732190583, 9.61098318279665, 9.862727943626957, 8.607482090019124, 8.886095073765528, 7.791910822128292, 6.556102139228766, 7.787623776865444, 7.62589021295219, 8.42004262518902, 7.435499661085326, 6.539230138938375, 8.840820033232212, 9.53122421622742, 8.848291896744819, 3.9883443544909714, 2.5384985424459083], [9.666386007190072, 8.573046638739346, 7.394774110140214, 6.419889249823551, 7.010053076118611, 6.694999820014934, 7.753146327137132, 5.058845815005632, 4.477995624160434, 3.2244460532004564, 2.38167350197293, 3.256563785648916, 4.492175862541448, 5.561775533945972, 6.369853373508687, 5.809985842495659, 1.3587201109868066, 2.1754032591682857, 2.1757615149643583, 0.0, 5.520124028497911, 6.426546504927821, 5.66675728349115, 10.080249272215445, 10.525035738656662, 9.417622099022662, 9.092235167988122, 8.348702038640496, 7.063761559537524, 7.874489580918881, 7.016156025203544, 8.082834405083405, 6.965928821054662, 5.688264861976805, 7.75133730591051, 8.740164178663923, 7.800472404925229, 3.2984656584539422, 3.3623155027450946], [5.760489948780398, 4.902650999204409, 3.3951743003857695, 2.993834429289636, 3.2434716493288485, 4.121842173106583, 5.029124709131799, 2.4881373977334937, 1.4472967007493662, 2.417889232367769, 3.722087529868152, 4.221080686269809, 3.722011801432123, 4.9543667143238395, 5.531461044787354, 5.641423043878203, 4.948527210190927, 5.049306808860004, 6.031113686542478, 5.520124028497911, 0.0, 1.2374151970943301, 1.2381327796322978, 5.661925903789275, 6.791586526725548, 5.817794651755938, 5.248888505198029, 5.403617982426219, 3.4458123483440013, 3.14497681549483, 2.625802932438, 4.099667997533459, 4.918898546422766, 3.806518794121474, 4.683574218478874, 5.639999540780123, 5.8226458770905865, 2.6029290520488644, 5.312010279545777], [5.190294606281998, 4.638035283393174, 3.150701769447562, 3.317358126582054, 3.7402236871609698, 4.91629509386896, 5.819564991474879, 3.078794286729791, 2.2946653285392187, 3.225098939567591, 4.467285942269646, 4.905524397044622, 4.324313388273334, 5.442694296945217, 5.771424591901033, 6.2873735605576995, 5.668451864486457, 5.612950625116882, 6.638913035279193, 6.426546504927821, 1.2374151970943301, 0.0, 2.2055620077431515, 4.95089551192509, 6.2667332047886, 5.1644673239357415, 5.087590892554156, 5.282835355185697, 3.0462618584094177, 2.668359934491597, 3.1421386745336366, 4.36472134276634, 5.641187125065078, 4.798062317227654, 5.492759132712812, 6.258606475086926, 6.717974278009703, 3.343911356480611, 5.971326492497291], [6.720881414665787, 5.781848666300424, 4.348279739161224, 3.732542850390334, 3.5133761341478937, 4.1213353709689775, 4.7083256663064414, 3.3136565679019907, 2.288820862365598, 2.973067782611086, 4.291700833003158, 4.906647399192243, 4.495257862459061, 5.721288562902592, 6.4601686812342605, 6.208418740710069, 5.371629265874553, 5.450560405132669, 6.587148732190583, 5.66675728349115, 1.2381327796322978, 2.2055620077431515, 0.0, 6.5487611225330244, 7.714920907566065, 6.897780288614592, 5.942711037901809, 6.310405503610683, 4.579730998650467, 3.9970987916237446, 2.6675440952306677, 4.380264792224324, 5.081239877234689, 3.7143905839316362, 4.134796894649119, 5.410888378076192, 5.432289418836223, 2.9035817897899827, 5.976771493875268], [1.0946560875453075, 2.168336413013442, 2.7803312050905014, 4.156173168913923, 4.6898367029140795, 6.07098201282132, 6.893032358838887, 5.19014290458365, 5.868513087656872, 7.113589144728559, 7.732907533392598, 7.238968195813544, 6.019138603654