{"total energy": -30.27782969, "HOMO-LUMO gap/eV": 4.71919981, "electronic energy": -30.62598983, "dipole": [0.00885922, 0.90626718, 0.01929425], "partial charges": [-0.10227172, -0.05322453, -0.04982691, -0.08663666, 0.35291427, -0.4091986, -0.26950656, 0.08072514, -0.11043615, 0.03606161, 0.03511035, 0.03624615, 0.03413381, 0.03527198, 0.04271534, 0.04258609, 0.06307092, 0.05938825, 0.05563715, 0.05244521, 0.04782458, 0.05684247, 0.05012781], "atomic dipole moments": [[0.05229072, -0.04657332, 0.08215953], [0.05952709, 0.00955954, -0.10403898], [-0.02436233, -0.03227881, 0.12480175], [0.04958843, 0.02003976, -0.11246606], [0.12456388, 0.09882976, -0.00569233], [-0.04270772, 0.16720926, 0.05020478], [0.08546013, -0.19702683, -0.06882261], [-0.24813649, 0.04300279, -0.01440073], [-0.00299007, -0.01102, 0.13271239], [-0.01243044, -0.07901801, -0.09803813], [0.05994914, 0.10364165, -0.03999287], [-0.11516011, 0.03443355, 0.03555449], [0.00190285, 0.08036956, 0.09412531], [-0.06822298, -0.09637705, 0.03839093], [0.06577935, 0.09811893, -0.04325913], [-0.0036273, -0.07842696, -0.09908333], [-0.06003466, -0.10243005, 0.04593706], [0.01017814, 0.07464668, 0.10502168], [0.04163818, -0.1154857, 0.04383215], [0.07523763, 0.08033109, 0.05443656], [0.12160168, -0.01933098, -0.03732601], [-0.0769023, -0.08267746, -0.06494975], [-0.03915915, 0.1143774, -0.04122274]], "atomic quadrupole moments": [[-0.02870843, -0.08080547, -0.0607815, 0.12766512, -0.12120391, 0.08948993], [0.13917091, -0.16346429, -0.14870411, 0.0355902, -0.09357268, 0.0095332], [0.12729707, -0.16834129, -0.14341405, 0.06097778, -0.11320052, 0.01611698], [0.14819004, -0.15494824, -0.1099368, 0.01308988, -0.06283216, -0.03825323], [-0.16345169, 0.1018445, -0.23764293, 0.18567407, -0.2014663, 0.40109462], [-0.0951698, -0.01846662, -0.08148754, 0.07005317, -0.06460402, 0.17665734], [0.07710896, -0.00913975, -0.02871553, -0.04200307, 0.01359044, -0.04839343], [0.34770827, -0.09471227, -0.32967238, -0.20788994, 0.01818539, -0.01803589], [-0.11793174, -0.00023304, -0.13950278, -0.05137008, -0.03345793, 0.25743452], [-0.04914761, -0.00337636, 0.02325543, 0.00891641, 0.05523346, 0.02589218], [-0.00289713, 0.05668622, 0.03126147, -0.00657051, -0.02915062, -0.02836434], [0.05944965, -0.03371161, -0.04184635, -0.03604514, 0.0025348, -0.0176033], [-0.02219985, 0.0007744, 0.01093475, 0.01536111, 0.04372055, 0.0112651], [-0.00194041, 0.03057151, 0.03384272, -0.00363792, -0.02093994, -0.03190231], [0.00059307, 0.03268291, 0.03243098, -0.00399889, -0.01586653, -0.03302406], [-0.02199526, 0.00127674, 0.01560792, 0.01153824, 0.04294437, 0.00638734], [0.00238307, 0.04245548, 0.03061925, -0.0073814, -0.016633, -0.03300232], [-0.03066102, 0.00754018, 0.02361606, 0.00771388, 0.04723341, 0.00704495], [-0.01441966, -0.00681664, 0.03280849, -0.01484244, -0.01446349, -0.01838883], [-0.00307533, 0.03842812, 0.01163239, 0.00666499, 0.03060043, -0.00855706], [0.0770013, -0.02132542, -0.04945417, -0.02763213, 0.00348492, -0.02754713], [-0.00635952, 0.05583335, 0.02275687, 0.02585295, 0.02395486, -0.01639735], [-0.04413458, -0.03286703, 0.0690473, 0.00934836, -0.01843567, -0.02491273]], "number of molecular orbitals": 50, "number of electrons": 54, "number of unpaired electrons": 0, "orbital energies/eV": [-20.03558423, -19.29304728, -18.29717837, -17.32727797, -16.93958286, -16.73875152, -16.21823742, -16.1305055, -15.63309855, -15.3316452, -15.1013494, -15.01622403, -14.26661646, -13.93627167, -13.91396755, -13.57839472, -13.38227051, -13.2687436, -12.97360471, -12.84269778, -12.31724857, -12.28433756, -12.16219079, -12.14055283, -12.04729386, -11.68382837, -11.17201856, -6.45281875, 0.05911896, 2.18289744, 2.76581821, 2.78395859, 3.08860165, 3.18325672, 3.78570335, 3.92070386, 4.05526684, 4.35227192, 4.4493975, 4.67495184, 4.78767255, 5.56806573, 5.60033123, 6.3336824, 6.38834069, 6.78176382, 7.0359402, 7.40852214, 8.03390421, 16.15341125], "fractional occupation": [2.0, 2.0, 2.0, 2.0, 2.0, 2.0, 2.0, 2.0, 2.0, 2.0, 2.0, 2.0, 2.0, 2.0, 2.0, 2.0, 2.0, 2.0, 2.0, 2.0, 2.0, 2.0, 2.0, 2.0, 2.0, 2.0, 2.0, 0.0, 0.0, 0.0, 0.0, 0.0, 0.0, 0.0, 0.0, 0.0, 0.0, 0.0, 0.0, 0.0, 0.0, 0.0, 0.0, 0.0, 0.0, 0.0, 0.0, 0.0, 0.0, 0.0], "program call": "xtb /home/svss/Project-DBcg-Debug/aqme2_20220329/End-to-End-workflows-final/example-3/QDESCP/mol_75_rdkit_conf_12/mol_75_rdkit_conf_12.xyz --pop --wbo --acc 0.2 --gfn 2 --chrg 0 --uhf 0 --etemp 300 --input /home/svss/Project-DBcg-Debug/aqme2_20220329/End-to-End-workflows-final/example-3/QDESCP/mol_75_rdkit_conf_12/mol_75_rdkit_conf_12_xtb.inp", "method": "GFN2-xTB", "xtb version": "6.3.3 (7355c4f)", "Dipole module/D": 2.304, "Total charge": 0, "Transition dipole module/D": NaN, "HOMO": -11.172, "LUMO": -6.4528, "HOMO occupancy": 2.0, "LUMO occupancy": 0, "mulliken charges": [-0.08331, -0.03938, -0.03524, -0.07647, 0.57486, -0.53056, -0.42134, 0.20434, -0.09824, 0.02966, 0.02867, 0.03125, 0.02458, 0.02587, 0.0326, 0.03529, 0.05026, 0.04848, 0.04425, 0.03118, 0.03435, 0.05052, 0.03841], "cm5 charges": [-0.23363, -0.15169, -0.1434, -0.17508, 0.62402, -0.58008, -0.50477, 0.12171, -0.24478, 0.08096, 0.07996, 0.08203, 0.07933, 0.08061, 0.0899, 0.09174, 0.10885, 0.10767, 0.11013, 0.09375, 0.08561, 0.10546, 0.09172], "FUKUI+": [0.013, 0.006, -0.001, 0.022, -0.183, -0.274, -0.123, 0.03, 0.019, -0.016, -0.016, -0.032, -0.024, -0.023, -0.03, -0.026, -0.072, -0.085, -0.032, -0.066, -0.051, -0.005, -0.031], "FUKUI-": [0.017, 0.002, 0.006, -0.003, -0.014, -0.131, -0.055, 0.015, 0.013, -0.07, -0.066, -0.071, -0.081, -0.078, -0.053, -0.058, -0.046, -0.055, -0.047, -0.078, -0.05, -0.053, -0.045], "FUKUIrad": [0.015, 0.004, 0.003, 0.009, -0.099, -0.203, -0.089, 0.022, 0.016, -0.043, -0.041, -0.051, -0.052, -0.05, -0.041, -0.042, -0.059, -0.07, -0.039, -0.072, -0.051, -0.029, -0.038], "s proportion": [1.008, 1.028, 1.031, 1.039, 0.989, 1.731, 1.698, 0.993, 1.012, 0.97, 0.971, 0.969, 0.975, 0.974, 0.967, 0.965, 0.95, 0.952, 0.956, 0.969, 0.966, 0.949, 0.962], "p proportion": [3.076, 3.011, 3.004, 3.038, 2.436, 4.8, 4.723, 2.803, 3.086, 0.0, 0.0, 0.0, 0.0, 0.0, 0.0, 0.0, 0.0, 0.0, 0.0, 0.0, 0.0, 0.0, 0.0], "d proportion": [0.0, 0.0, 0.0, 0.0, 0.0, 0.0, 0.0, 0.0, 0.0, 0.0, 0.0, 0.0, 0.0, 0.0, 0.0, 0.0, 0.0, 0.0, 0.0, 0.0, 0.0, 0.0, 0.0], "Fermi-level/eV": -8.8124, "Coordination numbers": [3.75, 3.801, 3.805, 3.804, 2.714, 0.856, 1.702, 3.695, 3.748, 0.924, 0.924, 0.924, 0.924, 0.924, 0.924, 0.924, 0.924, 0.924, 0.924, 0.924, 0.924, 0.924, 0.924], "Dispersion coefficient C6": [22.517, 21.53, 21.464, 22.15, 21.008, 21.866, 18.469, 19.399, 22.679, 2.502, 2.515, 2.5, 2.529, 2.513, 2.413, 2.415, 2.164, 2.206, 2.251, 2.29, 2.347, 2.236, 2.318], "Total dispersion C6": 3949.83738, "Total dispersion C8": 83669.901983, "Polarizability alpha": [6.767, 6.606, 6.596, 6.7, 7.503, 6.269, 5.802, 6.301, 6.792, 2.474, 2.48, 2.472, 2.487, 2.479, 2.429, 2.43, 2.3, 2.323, 2.346, 2.366, 2.396, 2.339, 2.381], "Total polarizability alpha": 93.040205, "Wiberg matrix": [[0.0, 1.0197221604704017, 0.0, 0.0, 0.0, 0.0, 0.0, 0.0, 0.0, 0.987409957756623, 0.9874685486747328, 0.9866594337189529, 0.0, 0.0, 0.0, 0.0, 0.0, 0.0, 0.0, 0.0, 0.0, 0.0, 0.0], [1.0197221604704017, 0.0, 1.0050998214365932, 0.0, 0.0, 0.0, 0.0, 0.0, 0.0, 0.0, 0.0, 0.0, 0.9776100042198428, 0.9775274979370107, 0.0, 0.0, 0.0, 0.0, 0.0, 0.0, 0.0, 0.0, 0.0], [0.0, 1.0050998214365932, 0.0, 0.9836056808671934, 0.0, 0.0, 0.0, 0.0, 0.0, 0.0, 0.0, 0.0, 0.0, 0.0, 0.9759324940711076, 0.9761128918245798, 0.0, 0.0, 0.0, 0.0, 0.0, 0.0, 0.0], [0.0, 0.0, 0.9836056808671934, 0.0, 0.9773519230333131, 0.0, 0.0, 0.0, 0.0, 0.0, 0.0, 0.0, 0.0, 0.0, 0.0, 0.0, 0.9698917450141029, 0.9655019983228295, 0.0, 0.0, 0.0, 0.0, 0.0], [0.0, 0.0, 0.0, 0.9773519230333131, 0.0, 1.756292620258217, 1.1225338043565762, 0.0, 0.0, 0.0, 0.0, 0.0, 0.0, 0.0, 0.0, 0.0, 0.0, 0.0, 0.0, 0.0, 0.0, 0.0, 0.0], [0.0, 0.0, 0.0, 0.0, 1.756292620258217, 0.0, 0.1721233392855157, 0.0, 0.0, 0.0, 0.0, 0.0, 0.0, 0.0, 0.0, 0.0, 0.0, 0.0, 0.0, 0.0, 0.0, 0.0, 0.0], [0.0, 0.0, 0.0, 0.0, 1.1225338043565762, 0.1721233392855157, 0.0, 0.9425352653843811, 0.0, 0.0, 0.0, 0.0, 0.0, 0.0, 0.0, 0.0, 0.0, 0.0, 0.0, 0.0, 0.0, 0.0, 0.0], [0.0, 0.0, 0.0, 0.0, 0.0, 0.0, 0.9425352653843811, 0.0, 1.0146277807917325, 0.0, 0.0, 0.0, 0.0, 0.0, 0.0, 0.0, 0.0, 0.0, 0.9690420971694638, 0.9717080866032022, 0.0, 0.0, 0.0], [0.0, 0.0, 0.0, 0.0, 0.0, 0.0, 0.0, 1.0146277807917325, 0.0, 0.0, 0.0, 0.0, 0.0, 0.0, 0.0, 0.0, 0.0, 0.0, 0.0, 0.0, 0.9837904611406583, 0.9846610531994895, 0.9858074131119828], [0.987409957756623, 0.0, 0.0, 0.0, 0.0, 0.0, 0.0, 0.0, 0.0, 0.0, 0.0, 0.0, 0.0, 0.0, 0.0, 0.0, 0.0, 0.0, 0.0, 0.0, 0.0, 0.0, 0.0], [0.9874685486747328, 0.0, 0.0, 0.0, 0.0, 0.0, 0.0, 0.0, 0.0, 0.0, 0.0, 0.0, 0.0, 0.0, 0.0, 0.0, 0.0, 0.0, 0.0, 0.0, 0.0, 0.0, 0.0], [0.9866594337189529, 0.0, 0.0, 0.0, 0.0, 0.0, 0.0, 0.0, 0.0, 0.0, 0.0, 0.0, 0.0, 0.0, 0.0, 0.0, 0.0, 0.0, 0.0, 0.0, 0.0, 0.0, 0.0], [0.0, 0.9776100042198428, 0.0, 0.0, 0.0, 0.0, 0.0, 0.0, 0.0, 0.0, 0.0, 0.0, 0.0, 0.0, 0.0, 0.0, 0.0, 0.0, 0.0, 0.0, 0.0, 0.0, 0.0], [0.0, 0.9775274979370107, 0.0, 0.0, 0.0, 0.0, 0.0, 0.0, 0.0, 0.0, 0.0, 0.0, 0.0, 0.0, 0.0, 0.0, 0.0, 0.0, 0.0, 0.0, 0.0, 0.0, 0.0], [0.0, 0.0, 0.9759324940711076, 0.0, 0.0, 0.0, 0.0, 0.0, 0.0, 0.0, 0.0, 0.0, 0.0, 0.0, 0.0, 0.0, 0.0, 0.0, 0.0, 0.0, 0.0, 0.0, 0.0], [0.0, 0.0, 0.9761128918245798, 0.0, 0.0, 0.0, 0.0, 0.0, 0.0, 0.0, 0.0, 0.0, 0.0, 0.0, 0.0, 0.0, 0.0, 0.0, 0.0, 0.0, 0.0, 0.0, 0.0], [0.0, 0.0, 0.0, 0.9698917450141029, 0.0, 0.0, 0.0, 0.0, 0.0, 0.0, 0.0, 0.0, 0.0, 0.0, 0.0, 0.0, 0.0, 0.0, 0.0, 0.0, 0.0, 0.0, 0.0], [0.0, 0.0, 0.0, 0.9655019983228295, 0.0, 0.0, 0.0, 0.0, 0.0, 0.0, 0.0, 0.0, 0.0, 0.0, 0.0, 0.0, 0.0, 0.0, 0.0, 0.0, 0.0, 0.0, 0.0], [0.0, 0.0, 0.0, 0.0, 0.0, 0.0, 0.0, 0.9690420971694638, 0.0, 0.0, 0.0, 0.0, 0.0, 0.0, 0.0, 0.0, 0.0, 0.0, 0.0, 0.0, 0.0, 0.0, 0.0], [0.0, 0.0, 0.0, 0.0, 0.0, 0.0, 0.0, 0.9717080866032022, 0.0, 0.0, 0.0, 0.0, 0.0, 0.0, 0.0, 0.0, 0.0, 0.0, 0.0, 0.0, 0.0, 0.0, 0.0], [0.0, 0.0, 0.0, 0.0, 0.0, 0.0, 0.0, 0.0, 0.9837904611406583, 0.0, 0.0, 0.0, 0.0, 0.0, 0.0, 0.0, 0.0, 0.0, 0.0, 0.0, 0.0, 0.0, 0.0], [0.0, 0.0, 0.0, 0.0, 0.0, 0.0, 0.0, 0.0, 0.9846610531994895, 0.0, 0.0, 0.0, 0.0, 0.0, 0.0, 0.0, 0.0, 0.0, 0.0, 0.0, 0.0, 0.0, 0.0], [0.0, 0.0, 0.0, 0.0, 0.0, 0.0, 0.0, 0.0, 0.9858074131119828, 0.0, 0.0, 0.0, 0.0, 0.0, 0.0, 0.0, 0.0, 0.0, 0.0, 0.0, 0.0, 0.0, 0.0]], "Born radii": [], "Atomic SASAs": [], "Solvent H bonds": [], "Total SASA": NaN, "Total FOD": 0.0, "FOD": [0.0, 0.0, 0.0, 0.0, 0.0, 0.0, 0.0, 0.0, 0.0, 0.0, 0.0, 0.0, 0.0, 0.0, 0.0, 0.0, 0.0, 0.0, 0.0, 0.0, 0.0, 0.0, 0.0], "FOD s proportion": [0.0, 0.0, 0.0, 0.0, 0.0, 0.0, 0.0, 0.0, 0.0, 0.0, 0.0, 0.0, 0.0, 0.0, 0.0, 0.0, 0.0, 0.0, 0.0, 0.0, 0.0, 0.0, 0.0], "FOD p proportion": [0.0, 0.0, 0.0, 0.0, 0.0, 0.0, 0.0, 0.0, 0.0, 0.0, 0.0, 0.0, 0.0, 0.0, 0.0, 0.0, 0.0, 0.0, 0.0, 0.0, 0.0, 0.0, 0.0], "FOD d proportion": [0.0, 0.0, 0.0, 0.0, 0.0, 0.0, 0.0, 0.0, 0.0, 0.0, 0.0, 0.0, 0.0, 0.0, 0.0, 0.0, 0.0, 0.0, 0.0, 0.0, 0.0, 0.0, 0.0], "coordinates": [["-3.33830", "1.15650", "-0.88120"], ["-2.61270", "0.50020", "0.28260"], ["-1.20220", "0.06540", "-0.11080"], ["-0.47800", "-0.59150", "1.05820"], ["0.89880", "-1.04120", "0.64440"], ["1.17340", "-2.18390", "0.30560"], ["1.76770", "0.00640", "0.67980"], ["3.11550", "-0.28780", "0.28510"], ["3.25890", "-0.15720", "-1.21970"], ["-3.43150", "0.46570", "-1.72520"], ["-2.80390", "2.04830", "-1.22400"], ["-4.34520", "1.45970", "-0.57760"], ["-2.56480", "1.20570", "1.12030"], ["-3.18930", "-0.36820", "0.62190"], ["-0.63070", "0.93440", "-0.46000"], ["-1.25060", "-0.63480", "-0.95430"], ["-1.02810", "-1.47000", "1.41500"], ["-0.39010", "0.09030", "1.91200"], ["3.42610", "-1.27950", "0.63360"], ["3.76120", "0.44410", "0.78130"], ["4.29570", "-0.32170", "-1.52620"], ["2.62180", "-0.87970", "-1.73940"], ["2.94620", "0.83870", "-1.55050"]], "bond_dist": [[0.0, 1.5204129340412755, 2.5193131167046308, 3.8727370747315133, 5.011023554125444, 5.737787316553306, 5.461747615003827, 6.715489008255466, 6.735238509511003, 1.0946355009773803, 1.0947156891174983, 1.094509392376329, 2.1463282926896343, 2.1462107771605283, 2.7491517982825173, 2.7518340411441966, 4.184263463263277, 4.1988846042729016, 7.3475045015297535, 7.326276015821408, 7.802503203459772, 6.356524969666996, 6.328024935159468], [1.5204129340412755, 0.0, 1.5275224548267694, 2.519981813426438, 3.8519404785120965, 4.641063996542172, 4.426003890644472, 5.782147134931797, 6.096291217617479, 2.1686135040619847, 2.1686434953675535, 2.1591990505740783, 1.0962508608890578, 1.0962256200253668, 2.160626853484886, 2.1618193772838654, 2.7703745161981255, 2.7862004827363016, 6.305365852192877, 6.393625740532518, 7.188412036743582, 5.778632905800471, 5.863122638151107], [2.5193131167046308, 1.5275224548267694, 0.0, 1.5239895832977337, 2.491804888027953, 3.2979106734415957, 3.0738957968675513, 4.350174748214146, 4.602241104070929, 2.781421568191345, 2.781465358403732, 3.469931372520212, 2.161612837674684, 2.1618105051090857, 1.0971389565592864, 1.097321671161196, 2.171596097344071, 2.179872991713049, 4.8768891990694225, 5.057133146358716, 5.690352184179815, 4.262455626748506, 4.458693927598081], [3.8727370747315133, 2.519981813426438, 1.5239895832977337, 0.0, 1.5063328881757843, 2.4143873922798718, 2.3545359330449815, 3.6882461346824456, 4.397938893390858, 4.1938227966856205, 4.1936608935391995, 4.673167974725497, 2.754726572638381, 2.7552437768734723, 2.157920142173941, 2.156140510263652, 1.0962109742198352, 1.096153315006619, 3.9869318993431526, 4.372637374628726, 5.435082988326857, 4.185496988411293, 4.536070256290129], [5.011023554125444, 3.8519404785120965, 2.491804888027953, 1.5063328881757843, 0.0, 1.2230919384903165, 1.3615087697110144, 2.3686424255256426, 3.1347084106819247, 5.161128738948487, 5.1716453958097315, 5.93694541073101, 4.1559072872238145, 4.143186800036899, 2.7316780502101636, 2.7094137760777697, 2.119112410892825, 2.1326896680014182, 2.538532808533307, 3.2277223331631237, 4.094888792140758, 2.9457280407396738, 3.5416742905015983], [5.737787316553306, 4.641063996542172, 3.2979106734415957, 2.4143873922798718, 1.2230919384903165, 0.0, 2.300137435024264, 2.7142895700348553, 3.2838031655383975, 5.687673760862169, 6.005839515837898, 6.671642163665555, 5.111483492098942, 4.736028237880345, 3.683030689527308, 3.14051505648357, 2.5665197875722683, 3.1932802648687133, 2.449526617532457, 3.71878788451291, 4.070876732351398, 2.8250354334061014, 3.965354689053679], [5.461747615003827, 4.426003890644472, 3.0738957968675513, 2.3545359330449815, 1.3615087697110144, 2.300137435024264, 0.0, 1.434889044490897, 2.4204426557966623, 5.746882818537368, 5.356616152945813, 6.407860958229353, 4.5169588209325084, 4.97147126814588, 2.81294340504746, 3.4916407518529162, 3.2460396855245004, 2.486253585216118, 2.0990387823954086, 2.043508206491963, 3.371182227349925, 2.7142565575125723, 2.656280036065475], [6.715489008255466, 5.782147134931797, 4.350174748214146, 3.6882461346824456, 2.3686424255256426, 2.7142895700348553, 1.434889044490897, 0.0, 1.517248483274905, 6.890012869363889, 6.540186723634119, 7.711034433200257, 5.932445480575443, 6.314301342191391, 4.010356753457228, 4.5518513343473765, 4.454625888893477, 3.8831681112205274, 1.0960809732861894, 1.0949066352890553, 2.162135273288885, 2.1662607299214933, 2.1603453659079603], [6.735238509511003, 6.096291217617479, 4.602241104070929, 4.397938893390858, 3.1347084106819247, 3.2838031655383975, 2.4204426557966623, 1.517248483274905, 0.0, 6.738322255576681, 6.4514953754924145, 7.800576570356835, 6.422505593613758, 6.709343842731569, 4.110683983231988, 4.542480508488727, 5.200332386492232, 4.814976857680626, 2.173070182943938, 2.148922516053103, 1.0935980705908364, 1.0945276378420055, 1.0950007945202596], [1.0946355009773803, 2.1686135040619847, 2.781421568191345, 4.1938227966856205, 5.161128738948487, 5.687673760862169, 5.746882818537368, 6.890012869363889, 6.738322255576681, 0.0, 1.7747410966109958, 1.771967677470444, 3.065230682999242, 2.502584356220585, 3.108840840248983, 2.5615838596462153, 4.402740293271908, 4.756076424953662, 7.458977023694335, 7.616950971353302, 7.769763162413639, 6.201027631772011, 6.390986338586558], [1.0947156891174983, 2.1686434953675535, 2.781465358403732, 4.1936608935391995, 5.1716453958097315, 6.005839515837898, 5.356616152945813, 6.540186723634119, 6.4514953754924145, 1.7747410966109958, 0.0, 1.7719730838813552, 2.5025758849633313, 3.065183880291686, 2.5587628749065434, 3.111993668052684, 4.743018187820915, 4.415279202949685, 7.303275333711581, 7.049483934303277, 7.490830728297096, 6.186844239998288, 5.885013544589341], [1.094509392376329, 2.1591990505740783, 3.469931372520212, 4.673167974725497, 5.93694541073101, 6.671642163665555, 6.407860958229353, 7.711034433200257, 7.800576570356835, 1.771967677470444, 1.7719730838813552, 0.0, 2.4732983180360595, 2.4730797540718337, 3.7533025590804696, 3.755713287779034, 4.853529567232489, 4.869926131883316, 8.328464790704228, 8.282015064584224, 8.873464978800559, 7.4405416872698185, 7.382187302554711], [2.1463282926896343, 1.0962508608890578, 2.161612837674684, 2.754726572638381, 4.1559072872238145, 5.111483492098942, 4.5169588209325084, 5.932445480575443, 6.422505593613758, 3.065230682999242, 2.5025758849633313, 2.4732983180360595, 0.0, 1.7650960370472764, 2.5123086175866214, 3.068961884742136, 3.099623440032676, 2.569090527793834, 6.504150885396187, 6.3806920909882505, 7.510217923602483, 6.2791398144968875, 6.13506174704053], [2.1462107771605283, 1.0962256200253668, 2.1618105051090857, 2.7552437768734723, 4.143186800036899, 4.736028237880345, 4.97147126814588, 6.314301342191391, 6.709343842731569, 2.502584356220585, 3.065183880291686, 2.4730797540718337, 1.7650960370472764, 0.0, 3.068176711012584, 2.5127752963605796, 2.5522061613435545, 3.1161034803099845, 6.677883028325668, 6.999620696866367, 7.787279426089704, 6.293349914791008, 6.619689541058554], [2.7491517982825173, 2.160626853484886, 1.0971389565592864, 2.157920142173941, 2.7316780502101636, 3.683030689527308, 2.81294340504746, 4.010356753457228, 4.110683983231988, 3.108840840248983, 2.5587628749065434, 3.7533025590804696, 2.5123086175866214, 3.068176711012584, 0.0, 1.7581231868102984, 3.0748481458439536, 2.529185080218528, 4.749204187019126, 4.590207554130859, 5.194611304996746, 3.9378394355280664, 3.7406633569461984], [2.7518340411441966, 2.1618193772838654, 1.097321671161196, 2.156140510263652, 2.7094137760777697, 3.14051505648357, 3.4916407518529162, 4.5518513343473765, 4.542480508488727, 2.5615838596462153, 3.111993668052684, 3.755713287779034, 3.068961884742136, 2.5127752963605796, 1.7581231868102984, 0.0, 2.5220324700526757, 3.0792703600041356, 4.980821959275397, 5.412436771917063, 5.584491463866697, 3.9587674571765388, 4.487737395392025], [4.184263463263277, 2.7703745161981255, 2.171596097344071, 1.0962109742198352, 2.119112410892825, 2.5665197875722683, 3.2460396855245004, 4.454625888893477, 5.200332386492232, 4.402740293271908, 4.743018187820915, 4.853529567232489, 3.099623440032676, 2.5522061613435545, 3.0748481458439536, 2.5220324700526757, 0.0, 1.7574382179752435, 4.526231749479914, 5.196416937660026, 6.189676628871657, 4.8600888325214795, 5.469857989929904], [4.1988846042729016, 2.7862004827363016, 2.179872991713049, 1.096153315006619, 2.1326896680014182, 3.1932802648687133, 2.486253585216118, 3.8831681112205274, 4.814976857680626, 4.756076424953662, 4.415279202949685, 4.869926131883316, 2.569090527793834, 3.1161034803099845, 2.529185080218528, 3.0792703600041356, 1.7574382179752435, 0.0, 4.2513575525942295, 4.317053233398911, 5.826464183361982, 4.831683306053906, 4.866200417163272], [7.3475045015297535, 6.305365852192877, 4.8768891990694225, 3.9869318993431526, 2.538532808533307, 2.449526617532457, 2.0990387823954086, 1.0960809732861894, 2.173070182943938, 7.458977023694335, 7.303275333711581, 8.328464790704228, 6.504150885396187, 6.677883028325668, 4.749204187019126, 4.980821959275397, 4.526231749479914, 4.2513575525942295, 0.0, 1.7620738520277748, 2.517602240227793, 2.5372953178532454, 3.0801571485883636], [7.326276015821408, 6.393625740532518, 5.057133146358716, 4.372637374628726, 3.2277223331631237, 3.71878788451291, 2.043508206491963, 1.0949066352890553, 2.148922516053103, 7.616950971353302, 7.049483934303277, 8.282015064584224, 6.3806920909882505, 6.999620696866367, 4.590207554130859, 5.412436771917063, 5.196416937660026, 4.317053233398911, 1.7620738520277748, 0.0, 2.4893164001388013, 3.0666932174575274, 2.50144466259], [7.802503203459772, 7.188412036743582, 5.690352184179815, 5.435082988326857, 4.094888792140758, 4.070876732351398, 3.371182227349925, 2.162135273288885, 1.0935980705908364, 7.769763162413639, 7.490830728297096, 8.873464978800559, 7.510217923602483, 7.787279426089704, 5.194611304996746, 5.584491463866697, 6.189676628871657, 5.826464183361982, 2.517602240227793, 2.4893164001388013, 0.0, 1.777289917261672, 1.7799631737763566], [6.356524969666996, 5.778632905800471, 4.262455626748506, 4.185496988411293, 2.9457280407396738, 2.8250354334061014, 2.7142565575125723, 2.1662607299214933, 1.0945276378420055, 6.201027631772011, 6.186844239998288, 7.4405416872698185, 6.2791398144968875, 6.293349914791008, 3.9378394355280664, 3.9587674571765388, 4.8600888325214795, 4.831683306053906, 2.5372953178532454, 3.0666932174575274, 1.777289917261672, 0.0, 1.7589249927157213], [6.328024935159468, 5.863122638151107, 4.458693927598081, 4.536070256290129, 3.5416742905015983, 3.965354689053679, 2.656280036065475, 2.1603453659079603, 1.0950007945202596, 6.390986338586558, 5.885013544589341, 7.382187302554711, 6.13506174704053, 6.619689541058554, 3.7406633569461984, 4.487737395392025, 5.469857989929904, 4.866200417163272, 3.0801571485883636, 2.50144466259, 1.7799631737763566, 1.7589249927157213, 0.0]]}