{"total energy": -27.21985063, "HOMO-LUMO gap/eV": 11.91986525, "electronic energy": -27.56469143, "dipole": [0.012814, 0.17201807, 0.74960238], "partial charges": [-0.10010486, -0.05232777, -0.05856443, -0.05813859, -0.07052292, 0.11317435, -0.1165958, -0.44965912, 0.03204367, 0.03195083, 0.03168688, 0.02993028, 0.02953122, 0.02862962, 0.02897807, 0.04178905, 0.0314816, 0.02970822, 0.03154812, 0.04304518, 0.03406339, 0.04738191, 0.03608391, 0.2848872], "atomic dipole moments": [[-0.08154443, -0.01169193, -0.05871187], [-0.00689524, 0.03204908, 0.10636414], [0.00329678, -0.03153495, -0.10511479], [-0.0123155, 0.03659958, 0.11099093], [-0.00508404, -0.02575631, -0.10363361], [-0.01935036, -0.17826806, 0.03094641], [0.09247405, -0.02233051, -0.04629162], [0.00679046, 0.14202966, 0.18620911], [0.00976237, 0.11825835, 0.04194894], [-0.0036506, -0.07700998, 0.09938991], [0.10364634, -0.02604976, -0.06431369], [0.00049204, -0.11601138, -0.04313053], [0.01349771, 0.07331592, -0.09887452], [-0.00991153, -0.07272641, 0.0994949], [0.0029766, 0.11565147, 0.04409549], [-0.00102081, -0.11839876, -0.0452034], [0.01002248, 0.07402614, -0.10068689], [-0.00411026, -0.07613011, 0.09737952], [0.0058931, 0.11556074, 0.04776547], [0.00915598, 0.07838212, -0.10333471], [-0.02478069, -0.07411435, 0.09823886], [-0.1027756, -0.01790083, -0.07384469], [0.0025327, 0.12162203, 0.04065862], [-0.00643233, -0.04143646, 0.06556237]], "atomic quadrupole moments": [[0.11791974, 0.03002065, -0.12214086, 0.15938985, 0.0279316, 0.00422112], [0.2293717, -0.02332765, -0.21677907, 0.02937957, 0.06403644, -0.01259263], [0.23220425, -0.02605919, -0.22109272, 0.02167343, 0.0670225, -0.01111152], [0.23913292, -0.02388205, -0.23370444, 0.01135815, 0.06289407, -0.00542848], [0.21486438, -0.02277198, -0.20653768, 0.02973011, 0.0671194, -0.0083267], [-0.0250847, 0.01034239, 0.21095512, 0.02187698, 0.24026423, -0.18587042], [0.11957977, -0.08136187, -0.08521302, -0.14829647, 0.05441167, -0.03436674], [-0.1089094, 0.01791869, 0.13299601, 0.00363563, 0.07829328, -0.02408661], [-0.0382588, -0.00602546, 0.07030757, 0.01134606, 0.03405884, -0.03204877], [-0.03455354, 0.01905234, 0.00540882, -0.00386705, -0.06035751, 0.02914473], [0.04327541, -0.02102721, -0.04731566, -0.0485407, 0.02065513, 0.00404025], [-0.01665499, 0.00475743, 0.05087748, 0.00341022, 0.0220234, -0.03422248], [-0.0166855, 0.00252748, 0.00578929, -0.00170358, -0.04798703, 0.01089621], [-0.02031652, 0.00444327, 0.00881782, -0.00458406, -0.04750388, 0.0114987], [-0.02036529, 0.00258141, 0.05269105, 0.00201428, 0.02044779, -0.03232577], [-0.01873568, 0.004302, 0.04963236, 0.00254048, 0.01927415, -0.03089668], [-0.01877976, 0.00391213, 0.00782365, -0.00427343, -0.04677858, 0.01095612], [-0.01748789, 0.00123534, 0.00748275, -0.01438174, -0.05233623, 0.01000514], [-0.01741371, 0.00511393, 0.05333743, -0.00154566, 0.02901707, -0.03592372], [-0.01064604, 0.0034584, -0.00277683, -0.00651871, -0.01964262, 0.01342287], [-0.03602263, -0.00352371, 0.00112711, -0.00459145, -0.06768485, 0.03489552], [0.02966838, 0.0078045, -0.05060133, 0.05479985, 0.00960202, 0.02093294], [-0.03580475, 0.01187643, 0.07290473, -0.00355608, 0.03845428, -0.03709998], [-0.09118245, 0.01467137, 0.02710874, -0.01416861, -0.0918528, 0.0640737]], "number of molecular orbitals": 48, "number of electrons": 50, "number of unpaired electrons": 0, "orbital energies/eV": [-18.48064073, -17.14894501, -16.89151273, -16.59506871, -16.10510304, -15.97106187, -15.32552817, -15.07834086, -14.58488587, -14.43457983, -14.02591544, -13.89420488, -13.34609872, -13.31607617, -13.22010612, -12.79470304, -12.63530039, -12.40802889, -12.26009043, -11.92439639, -11.71683093, -11.69428882, -11.67922406, -11.41115126, -10.94622874, 0.97363651, 1.54993495, 2.64639133, 2.8032561, 3.23828899, 3.3402127, 3.51149141, 3.8431936, 4.12597925, 4.41085149, 4.73791925, 4.81899619, 4.91065799, 5.12626923, 5.89281688, 5.91224657, 6.05069497, 6.71864397, 6.95831308, 7.08276496, 7.42412189, 7.71568388, 8.43249281], "fractional occupation": [2.0, 2.0, 2.0, 2.0, 2.0, 2.0, 2.0, 2.0, 2.0, 2.0, 2.0, 2.0, 2.0, 2.0, 2.0, 2.0, 2.0, 2.0, 2.0, 2.0, 2.0, 2.0, 2.0, 2.0, 2.0, 0.0, 0.0, 0.0, 0.0, 0.0, 0.0, 0.0, 0.0, 0.0, 0.0, 0.0, 0.0, 0.0, 0.0, 0.0, 0.0, 0.0, 0.0, 0.0, 0.0, 0.0, 0.0, 0.0], "program call": "xtb /home/svss/Project-DBcg-Debug/aqme2_20220329/End-to-End-workflows-final/example-3/QDESCP/mol_46_rdkit_conf_2/mol_46_rdkit_conf_2.xyz --pop --wbo --acc 0.2 --gfn 2 --chrg 0 --uhf 0 --etemp 300 --input /home/svss/Project-DBcg-Debug/aqme2_20220329/End-to-End-workflows-final/example-3/QDESCP/mol_46_rdkit_conf_2/mol_46_rdkit_conf_2_xtb.inp", "method": "GFN2-xTB", "xtb version": "6.3.3 (7355c4f)", "Dipole module/D": 1.955, "Total charge": 0, "Transition dipole module/D": NaN, "HOMO": -10.9462, "LUMO": 0.9736, "HOMO occupancy": 2.0, "LUMO occupancy": 0, "mulliken charges": [-0.08359, -0.03821, -0.04818, -0.04058, -0.0723, 0.22323, -0.11098, -0.5651, 0.02623, 0.02629, 0.02835, 0.02324, 0.02261, 0.02151, 0.02119, 0.03245, 0.02384, 0.02299, 0.02483, 0.02919, 0.02753, 0.04248, 0.02987, 0.33312], "cm5 charges": [-0.23392, -0.15072, -0.15883, -0.15033, -0.17879, 0.17378, -0.2569, -0.77583, 0.07751, 0.07758, 0.07913, 0.07796, 0.07731, 0.07686, 0.07653, 0.09036, 0.07967, 0.08067, 0.08066, 0.09548, 0.08106, 0.09576, 0.0816, 0.50339], "FUKUI+": [0.006, -0.013, -0.016, -0.018, -0.005, -0.034, 0.021, -0.084, -0.035, -0.035, -0.062, -0.039, -0.039, -0.045, -0.046, -0.045, -0.049, -0.052, -0.077, -0.066, -0.046, -0.071, -0.068, -0.083], "FUKUI-": [0.017, 0.001, 0.0, 0.004, -0.006, -0.01, 0.006, -0.114, -0.065, -0.06, -0.073, -0.076, -0.073, -0.06, -0.063, -0.038, -0.045, -0.04, -0.048, -0.051, -0.042, -0.063, -0.051, -0.048], "FUKUIrad": [0.011, -0.006, -0.008, -0.007, -0.006, -0.022, 0.014, -0.099, -0.05, -0.047, -0.068, -0.057, -0.056, -0.052, -0.055, -0.042, -0.047, -0.046, -0.062, -0.059, -0.044, -0.067, -0.059, -0.066], "s proportion": [1.007, 1.027, 1.033, 1.031, 1.042, 1.016, 1.02, 1.698, 0.974, 0.974, 0.972, 0.977, 0.977, 0.978, 0.979, 0.968, 0.976, 0.977, 0.975, 0.971, 0.972, 0.958, 0.97, 0.667], "p proportion": [3.076, 3.011, 3.015, 3.009, 3.031, 2.761, 3.091, 4.867, 0.0, 0.0, 0.0, 0.0, 0.0, 0.0, 0.0, 0.0, 0.0, 0.0, 0.0, 0.0, 0.0, 0.0, 0.0, 0.0], "d proportion": [0.0, 0.0, 0.0, 0.0, 0.0, 0.0, 0.0, 0.0, 0.0, 0.0, 0.0, 0.0, 0.0, 0.0, 0.0, 0.0, 0.0, 0.0, 0.0, 0.0, 0.0, 0.0, 0.0, 0.0], "Fermi-level/eV": -4.9863, "Coordination numbers": [3.75, 3.8, 3.802, 3.801, 3.802, 3.724, 3.75, 1.653, 0.924, 0.924, 0.924, 0.924, 0.924, 0.924, 0.924, 0.924, 0.924, 0.924, 0.924, 0.924, 0.924, 0.924, 0.924, 0.804], "Dispersion coefficient C6": [22.475, 21.514, 21.627, 21.62, 21.849, 18.827, 22.796, 21.838, 2.558, 2.559, 2.563, 2.588, 2.593, 2.606, 2.601, 2.425, 2.566, 2.591, 2.565, 2.409, 2.53, 2.353, 2.502, 0.768], "Total dispersion C6": 3815.217068, "Total dispersion C8": 79049.550561, "Polarizability alpha": [6.761, 6.604, 6.621, 6.62, 6.655, 6.196, 6.809, 6.308, 2.501, 2.502, 2.503, 2.516, 2.518, 2.525, 2.522, 2.435, 2.505, 2.517, 2.504, 2.427, 2.487, 2.399, 2.474, 1.377], "Total polarizability alpha": 91.286997, "Wiberg matrix": [[0.0, 1.020120470703265, 0.0, 0.0, 0.0, 0.0, 0.0, 0.0, 0.9877104255293706, 0.9877221791189921, 0.9873594551239295, 0.0, 0.0, 0.0, 0.0, 0.0, 0.0, 0.0, 0.0, 0.0, 0.0, 0.0, 0.0, 0.0], [1.020120470703265, 0.0, 1.0077185928424544, 0.0, 0.0, 0.0, 0.0, 0.0, 0.0, 0.0, 0.0, 0.978006509142805, 0.9780239339444481, 0.0, 0.0, 0.0, 0.0, 0.0, 0.0, 0.0, 0.0, 0.0, 0.0, 0.0], [0.0, 1.0077185928424544, 0.0, 1.0070118194615418, 0.0, 0.0, 0.0, 0.0, 0.0, 0.0, 0.0, 0.0, 0.0, 0.9773122729837658, 0.9771973603914814, 0.0, 0.0, 0.0, 0.0, 0.0, 0.0, 0.0, 0.0, 0.0], [0.0, 0.0, 1.0070118194615418, 0.0, 1.0066314513788228, 0.0, 0.0, 0.0, 0.0, 0.0, 0.0, 0.0, 0.0, 0.0, 0.0, 0.9762082594725217, 0.977240802423581, 0.0, 0.0, 0.0, 0.0, 0.0, 0.0, 0.0], [0.0, 0.0, 0.0, 1.0066314513788228, 0.0, 0.988786767384098, 0.0, 0.0, 0.0, 0.0, 0.0, 0.0, 0.0, 0.0, 0.0, 0.0, 0.0, 0.9747455792181636, 0.9754431616966456, 0.0, 0.0, 0.0, 0.0, 0.0], [0.0, 0.0, 0.0, 0.0, 0.988786767384098, 0.0, 1.0024699849785397, 0.9845696567886166, 0.0, 0.0, 0.0, 0.0, 0.0, 0.0, 0.0, 0.0, 0.0, 0.0, 0.0, 0.963143655451522, 0.0, 0.0, 0.0, 0.0], [0.0, 0.0, 0.0, 0.0, 0.0, 1.0024699849785397, 0.0, 0.0, 0.0, 0.0, 0.0, 0.0, 0.0, 0.0, 0.0, 0.0, 0.0, 0.0, 0.0, 0.0, 0.9849372254093345, 0.9851065707214793, 0.9856346426082009, 0.0], [0.0, 0.0, 0.0, 0.0, 0.0, 0.9845696567886166, 0.0, 0.0, 0.0, 0.0, 0.0, 0.0, 0.0, 0.0, 0.0, 0.0, 0.0, 0.0, 0.0, 0.0, 0.0, 0.0, 0.0, 0.9008078279073162], [0.9877104255293706, 0.0, 0.0, 0.0, 0.0, 0.0, 0.0, 0.0, 0.0, 0.0, 0.0, 0.0, 0.0, 0.0, 0.0, 0.0, 0.0, 0.0, 0.0, 0.0, 0.0, 0.0, 0.0, 0.0], [0.9877221791189921, 0.0, 0.0, 0.0, 0.0, 0.0, 0.0, 0.0, 0.0, 0.0, 0.0, 0.0, 0.0, 0.0, 0.0, 0.0, 0.0, 0.0, 0.0, 0.0, 0.0, 0.0, 0.0, 0.0], [0.9873594551239295, 0.0, 0.0, 0.0, 0.0, 0.0, 0.0, 0.0, 0.0, 0.0, 0.0, 0.0, 0.0, 0.0, 0.0, 0.0, 0.0, 0.0, 0.0, 0.0, 0.0, 0.0, 0.0, 0.0], [0.0, 0.978006509142805, 0.0, 0.0, 0.0, 0.0, 0.0, 0.0, 0.0, 0.0, 0.0, 0.0, 0.0, 0.0, 0.0, 0.0, 0.0, 0.0, 0.0, 0.0, 0.0, 0.0, 0.0, 0.0], [0.0, 0.9780239339444481, 0.0, 0.0, 0.0, 0.0, 0.0, 0.0, 0.0, 0.0, 0.0, 0.0, 0.0, 0.0, 0.0, 0.0, 0.0, 0.0, 0.0, 0.0, 0.0, 0.0, 0.0, 0.0], [0.0, 0.0, 0.9773122729837658, 0.0, 0.0, 0.0, 0.0, 0.0, 0.0, 0.0, 0.0, 0.0, 0.0, 0.0, 0.0, 0.0, 0.0, 0.0, 0.0, 0.0, 0.0, 0.0, 0.0, 0.0], [0.0, 0.0, 0.9771973603914814, 0.0, 0.0, 0.0, 0.0, 0.0, 0.0, 0.0, 0.0, 0.0, 0.0, 0.0, 0.0, 0.0, 0.0, 0.0, 0.0, 0.0, 0.0, 0.0, 0.0, 0.0], [0.0, 0.0, 0.0, 0.9762082594725217, 0.0, 0.0, 0.0, 0.0, 0.0, 0.0, 0.0, 0.0, 0.0, 0.0, 0.0, 0.0, 0.0, 0.0, 0.0, 0.0, 0.0, 0.0, 0.0, 0.0], [0.0, 0.0, 0.0, 0.977240802423581, 0.0, 0.0, 0.0, 0.0, 0.0, 0.0, 0.0, 0.0, 0.0, 0.0, 0.0, 0.0, 0.0, 0.0, 0.0, 0.0, 0.0, 0.0, 0.0, 0.0], [0.0, 0.0, 0.0, 0.0, 0.9747455792181636, 0.0, 0.0, 0.0, 0.0, 0.0, 0.0, 0.0, 0.0, 0.0, 0.0, 0.0, 0.0, 0.0, 0.0, 0.0, 0.0, 0.0, 0.0, 0.0], [0.0, 0.0, 0.0, 0.0, 0.9754431616966456, 0.0, 0.0, 0.0, 0.0, 0.0, 0.0, 0.0, 0.0, 0.0, 0.0, 0.0, 0.0, 0.0, 0.0, 0.0, 0.0, 0.0, 0.0, 0.0], [0.0, 0.0, 0.0, 0.0, 0.0, 0.963143655451522, 0.0, 0.0, 0.0, 0.0, 0.0, 0.0, 0.0, 0.0, 0.0, 0.0, 0.0, 0.0, 0.0, 0.0, 0.0, 0.0, 0.0, 0.0], [0.0, 0.0, 0.0, 0.0, 0.0, 0.0, 0.9849372254093345, 0.0, 0.0, 0.0, 0.0, 0.0, 0.0, 0.0, 0.0, 0.0, 0.0, 0.0, 0.0, 0.0, 0.0, 0.0, 0.0, 0.0], [0.0, 0.0, 0.0, 0.0, 0.0, 0.0, 0.9851065707214793, 0.0, 0.0, 0.0, 0.0, 0.0, 0.0, 0.0, 0.0, 0.0, 0.0, 0.0, 0.0, 0.0, 0.0, 0.0, 0.0, 0.0], [0.0, 0.0, 0.0, 0.0, 0.0, 0.0, 0.9856346426082009, 0.0, 0.0, 0.0, 0.0, 0.0, 0.0, 0.0, 0.0, 0.0, 0.0, 0.0, 0.0, 0.0, 0.0, 0.0, 0.0, 0.0], [0.0, 0.0, 0.0, 0.0, 0.0, 0.0, 0.0, 0.9008078279073162, 0.0, 0.0, 0.0, 0.0, 0.0, 0.0, 0.0, 0.0, 0.0, 0.0, 0.0, 0.0, 0.0, 0.0, 0.0, 0.0]], "Born radii": [], "Atomic SASAs": [], "Solvent H bonds": [], "Total SASA": NaN, "Total FOD": 0.0, "FOD": [0.0, 0.0, 0.0, 0.0, 0.0, 0.0, 0.0, 0.0, 0.0, 0.0, 0.0, 0.0, 0.0, 0.0, 0.0, 0.0, 0.0, 0.0, 0.0, 0.0, 0.0, 0.0, 0.0, 0.0], "FOD s proportion": [0.0, 0.0, 0.0, 0.0, 0.0, 0.0, 0.0, 0.0, 0.0, 0.0, 0.0, 0.0, 0.0, 0.0, 0.0, 0.0, 0.0, 0.0, 0.0, 0.0, 0.0, 0.0, 0.0, 0.0], "FOD p proportion": [0.0, 0.0, 0.0, 0.0, 0.0, 0.0, 0.0, 0.0, 0.0, 0.0, 0.0, 0.0, 0.0, 0.0, 0.0, 0.0, 0.0, 0.0, 0.0, 0.0, 0.0, 0.0, 0.0, 0.0], "FOD d proportion": [0.0, 0.0, 0.0, 0.0, 0.0, 0.0, 0.0, 0.0, 0.0, 0.0, 0.0, 0.0, 0.0, 0.0, 0.0, 0.0, 0.0, 0.0, 0.0, 0.0, 0.0, 0.0, 0.0, 0.0], "coordinates": [["3.87290", "-0.02740", "0.52510"], ["2.65690", "-0.20710", "-0.36960"], ["1.36040", "0.10230", "0.37860"], ["0.13930", "-0.07950", "-0.52510"], ["-1.15940", "0.23210", "0.22610"], ["-2.39270", "0.09190", "-0.67220"], ["-3.66910", "0.46530", "0.06940"], ["-2.51050", "-1.24990", "-1.13750"], ["3.94260", "1.00230", "0.89020"], ["3.82580", "-0.69650", "1.39020"], ["4.78860", "-0.25370", "-0.03000"], ["2.63460", "-1.23740", "-0.74330"], ["2.75070", "0.45210", "-1.24050"], ["1.27330", "-0.55700", "1.25090"], ["1.39000", "1.13250", "0.75390"], ["0.11550", "-1.10920", "-0.90120"], ["0.22600", "0.58160", "-1.39600"], ["-1.24390", "-0.45480", "1.07770"], ["-1.11310", "1.25130", "0.62830"], ["-2.28810", "0.73590", "-1.55220"], ["-3.82670", "-0.18730", "0.93530"], ["-4.54000", "0.33810", "-0.58260"], ["-3.63950", "1.50340", "0.41400"], ["-2.59370", "-1.82910", "-0.36070"]], "bond_dist": [[0.0, 1.520340810476388, 2.5201072576380557, 3.8788404723576866, 5.047849496567821, 6.380086452392319, 7.571801620486369, 6.7086914200908065, 1.094732017436231, 1.0946740291063821, 1.0944652529888739, 2.1462351804963036, 2.1462983133758455, 2.7504875858654585, 2.7500017927266884, 4.162052100827187, 4.166699631602931, 5.164269528210161, 5.148390032816084, 6.546428276548975, 7.712176878806658, 8.493378359051244, 7.667584079095579, 6.771091499160235], [1.520340810476388, 0.0, 1.528543048134399, 2.525623045903723, 3.887402837370987, 5.067487337922019, 6.37676397242363, 5.3272061167182185, 2.168586841701296, 2.168579168487976, 2.159084206324524, 1.096205760794934, 1.0962709017391643, 2.1593515739684443, 2.15912390103023, 2.7486536577022576, 2.754055093857056, 4.168005904506374, 4.163608407379349, 5.171152362868455, 6.613639316594155, 7.22066351868026, 6.571490863571219, 5.495431154149782], [2.5201072576380557, 1.528543048134399, 0.0, 1.5299706337051049, 2.527745305603395, 3.897441264470832, 5.052053433011174, 4.371598204318416, 2.7819941408996534, 2.7820160243966963, 3.4707701162710265, 2.1626468366332956, 2.1625861693814654, 1.0968911477443875, 1.0968310216254826, 2.1576367395833804, 2.1600456036852558, 2.7534486939109653, 2.738750324509337, 4.176241114926197, 5.224920043407363, 5.982827695997938, 5.19262307316832, 4.462261451327119], [3.8788404723576866, 2.525623045903723, 1.5299706337051049, 0.0, 1.5323242770379903, 2.5420543601583345, 3.892832882362149, 2.9607954944575283, 4.199816212645501, 4.199922063562608, 4.6788310655547285, 2.759504618586459, 2.759312537571632, 2.1605874779790795, 2.1607951059737247, 1.0964942954707972, 1.0968303925402505, 2.1501302681465604, 2.160987265117497, 2.759000241029348, 4.227711555912963, 4.698249088756365, 4.203190533392461, 3.249217832032811], [5.047849496567821, 3.887402837370987, 2.527745305603395, 1.5323242770379903, 0.0, 1.5321970565172094, 2.5253774410966767, 2.4251185888529245, 5.202368772972559, 5.202849777766027, 5.973298322535046, 4.182535428421378, 4.181889234544597, 2.7551629969931, 2.7547655726032296, 2.1668550920631495, 2.161641001646666, 1.0973579270229017, 1.0966663895643014, 2.1656705705162085, 2.7916572658548184, 3.477598028812416, 2.7932787383288478, 2.578778038141321], [6.380086452392319, 5.067487337922019, 3.897441264470832, 2.5420543601583345, 1.5321970565172094, 0.0, 1.5226933637472777, 1.4250642687261512, 6.588319057999544, 6.598849185274657, 7.218235926457378, 5.200561411040159, 5.187222039781987, 4.1903389862873865, 4.174377661400559, 2.7903672607741083, 2.7606669882475865, 2.1635092650598935, 2.16168563163102, 1.0954803330046596, 2.1721797554530333, 2.163224419703143, 2.174091288331748, 1.956444287476646], [7.571801620486369, 6.37676397242363, 5.052053433011174, 3.892832882362149, 2.5253774410966767, 1.5226933637472777, 0.0, 2.396011813409942, 7.674637354950396, 7.698559468497986, 8.488788526639121, 6.579992573704016, 6.5520870178897965, 5.183469619858884, 5.148610385336999, 4.212399763792606, 4.163259163203751, 2.782956690284633, 2.7319043193347747, 2.147084516268514, 1.0956766539449494, 1.0953312969143174, 1.094201503380433, 2.570163911115398], [6.7086914200908065, 5.3272061167182185, 4.371598204318416, 2.9607954944575283, 2.4251185888529245, 1.4250642687261512, 2.396011813409942, 0.0, 7.129268667963076, 6.844283493544083, 7.44955243622058, 5.160194172703194, 5.530609228647419, 4.527881117034766, 4.946425372933468, 2.6403617517302433, 3.3029754389035353, 2.6727458932715624, 3.3655278694433655, 2.0407938381914033, 2.6754440827645793, 2.6360061191127766, 3.3559580062926893, 0.972529238635014], [1.094732017436231, 2.168586841701296, 2.7819941408996534, 4.199816212645501, 5.202368772972559, 6.588319057999544, 7.674637354950396, 7.129268667963076, 0.0, 1.7747010114382646, 1.7720101692710455, 3.0651985808426834, 2.502644229609954, 3.112343726197349, 2.559550056162215, 4.723795150088539, 4.383698722540133, 5.390554601337418, 5.0685989286981465, 6.697604736769707, 7.8599748511048055, 8.635091443638567, 7.613547665838838, 7.232205366276597], [1.0946740291063821, 2.168579168487976, 2.7820160243966963, 4.199922063562608, 5.202849777766027, 6.598849185274657, 7.698559468497986, 6.844283493544083, 1.7747010114382646, 0.0, 1.7720112076395003, 2.502669075207508, 3.065241337969981, 2.5601017538371402, 3.111790534402983, 4.380315210119017, 4.728108510810639, 5.085069638657862, 5.363501623007119, 6.9346420765602605, 7.682901463639892, 8.657305968949002, 7.8436745559718375, 6.749697313213386], [1.0944652529888739, 2.159084206324524, 3.4707701162710265, 4.6788310655547285, 5.973298322535046, 7.218235926457378, 8.488788526639121, 7.44955243622058, 1.7720101692710455, 1.7720112076395003, 0.0, 2.4730908960246487, 2.473155939280821, 3.753668843944548, 3.7532028469028957, 4.829982743240394, 4.835390454761642, 6.136651916965797, 6.1260465865025875, 7.3058937776291275, 8.669464063020273, 9.363672995144587, 8.620754376503253, 7.555766072345014], [2.1462351804963036, 1.096205760794934, 2.1626468366332956, 2.759504618586459, 4.182535428421378, 5.200561411040159, 6.579992573704016, 5.160194172703194, 3.0651985808426834, 2.502669075207508, 2.4730908960246487, 0.0, 1.7649638239918686, 2.508568414454746, 3.06709357698783, 2.5272974617167643, 3.088062863673601, 4.355601681742719, 4.70320843042279, 5.364811962221975, 6.757869905524965, 7.3473063023124325, 6.9437496167416635, 5.275567508808886], [2.1462983133758455, 1.0962709017391643, 2.1625861693814654, 2.759312537571632, 4.181889234544597, 5.187222039781987, 6.5520870178897965, 5.530609228647419, 2.502644229609954, 3.065241337969981, 2.473155939280821, 1.7649638239918686, 0.0, 3.0672573302545056, 2.508401883670159, 3.0817302315420148, 2.532796989496, 4.706734325410773, 4.365785670414891, 5.056402354441348, 6.9573794463145395, 7.321211300051379, 6.684104875000092, 5.877119433872346], [2.7504875858654585, 2.1593515739684443, 1.0968911477443875, 2.1605874779790795, 2.7551629969931, 4.1903389862873865, 5.183469619858884, 4.527881117034766, 3.112343726197349, 2.5601017538371402, 3.753668843944548, 2.508568414454746, 3.0672573302545056, 0.0, 1.7649470643619884, 2.505386215736009, 3.065832164356033, 2.5252205685840594, 3.0581832204758435, 4.713017078263137, 5.123112476805482, 6.160956350275499, 5.392703738385783, 4.378262437314602], [2.7500017927266884, 2.15912390103023, 1.0968310216254826, 2.1607951059737247, 2.7547655726032296, 4.174377661400559, 5.148610385336999, 4.946425372933468, 2.559550056162215, 3.111790534402983, 3.7532028469028957, 3.06709357698783, 2.508401883670159, 1.7649470643619884, 0.0, 3.0641353021692757, 2.5060839610835064, 3.092215539059332, 2.5090632534872452, 4.3593357727984205, 5.384118952066346, 6.130432579353597, 5.054598804059526, 5.087560654183889], [4.162052100827187, 2.7486536577022576, 2.1576367395833804, 1.0964942954707972, 2.1668550920631495, 2.7903672607741083, 4.212399763792606, 2.6403617517302433, 4.723795150088539, 4.380315210119017, 4.829982743240394, 2.5272974617167643, 3.0817302315420148, 2.505386215736009, 3.0641353021692757, 0.0, 1.7651747590536182, 2.488423784245762, 3.0693302950318007, 3.0992721677839135, 4.445623994446674, 4.88567943074451, 4.759774658531641, 2.8548486649908433], [4.166699631602931, 2.754055093857056, 2.1600456036852558, 1.0968303925402505, 2.161641001646666, 2.7606669882475865, 4.163259163203751, 3.3029754389035353, 4.383698722540133, 4.728108510810639, 4.835390454761642, 3.088062863673601, 2.532796989496, 3.065832164356033, 2.5060839610835064, 1.7651747590536182, 0.0, 3.0584183265210796, 2.517831882791224, 2.5236691027153304, 4.7382005223502315, 4.8410399512914575, 4.366681290179076, 3.851496938853775], [5.164269528210161, 4.168005904506374, 2.7534486939109653, 2.1501302681465604, 1.0973579270229017, 2.1635092650598935, 2.782956690284633, 2.6727458932715624, 5.390554601337418, 5.085069638657862, 6.136651916965797, 4.355601681742719, 4.706734325410773, 2.5252205685840594, 3.092215539059332, 2.488423784245762, 3.0584183265210796, 0.0, 1.769137137137763, 3.069933898311167, 2.600517227399196, 3.7748591642603038, 3.1644816779371627, 2.4040913231406167], [5.148390032816084, 4.163608407379349, 2.738750324509337, 2.160987265117497, 1.0966663895643014, 2.16168563163102, 2.7319043193347747, 3.3655278694433655, 5.0685989286981465, 5.363501623007119, 6.1260465865025875, 4.70320843042279, 4.365785670414891, 3.0581832204758435, 2.5090632534872452, 3.0693302950318007, 2.517831882791224, 1.769137137137763, 0.0, 2.529988618551475, 3.086655782558205, 3.7475133969073413, 2.5479748546639933, 3.5579715456984755], [6.546428276548975, 5.171152362868455, 4.176241114926197, 2.759000241029348, 2.1656705705162085, 1.0954803330046596, 2.147084516268514, 2.0407938381914033, 6.697604736769707, 6.9346420765602605, 7.3058937776291275, 5.364811962221975, 5.056402354441348, 4.713017078263137, 4.3593357727984205, 3.0992721677839135, 2.5236691027153304, 3.069933898311167, 2.529988618551475, 0.0, 3.0671231553362834, 2.483832242724939, 2.5062483216951987, 2.8446948184295624], [7.712176878806658, 6.613639316594155, 5.224920043407363, 4.227711555912963, 2.7916572658548184, 2.1721797554530333, 1.0956766539449494, 2.6754440827645793, 7.8599748511048055, 7.682901463639892, 8.669464063020273, 6.757869905524965, 6.9573794463145395, 5.123112476805482, 5.384118952066346, 4.445623994446674, 4.7382005223502315, 2.600517227399196, 3.086655782558205, 3.0671231553362834, 0.0, 1.7575159913923968, 1.7791188886637117, 2.4280470011925224], [8.493378359051244, 7.22066351868026, 5.982827695997938, 4.698249088756365, 3.477598028812416, 2.163224419703143, 1.0953312969143174, 2.6360061191127766, 8.635091443638567, 8.657305968949002, 9.363672995144587, 7.3473063023124325, 7.321211300051379, 6.160956350275499, 6.130432579353597, 4.88567943074451, 4.8410399512914575, 3.7748591642603038, 3.7475133969073413, 2.483832242724939, 1.7575159913923968, 0.0, 1.7782114328729304, 2.921314625301424], [7.667584079095579, 6.571490863571219, 5.19262307316832, 4.203190533392461, 2.7932787383288478, 2.174091288331748, 1.094201503380433, 3.3559580062926893, 7.613547665838838, 7.8436745559718375, 8.620754376503253, 6.9437496167416635, 6.684104875000092, 5.392703738385783, 5.054598804059526, 4.759774658531641, 4.366681290179076, 3.1644816779371627, 2.5479748546639933, 2.5062483216951987, 1.7791188886637117, 1.7782114328729304, 0.0, 3.5776268642774918], [6.771091499160235, 5.495431154149782, 4.462261451327119, 3.249217832032811, 2.578778038141321, 1.956444287476646, 2.570163911115398, 0.972529238635014, 7.232205366276597, 6.749697313213386, 7.555766072345014, 5.275567508808886, 5.877119433872346, 4.378262437314602, 5.087560654183889, 2.8548486649908433, 3.851496938853775, 2.4040913231406167, 3.5579715456984755, 2.8446948184295624, 2.4280470011925224, 2.921314625301424, 3.5776268642774918, 0.0]]}