{"total energy": -30.37512892, "HOMO-LUMO gap/eV": 11.68843438, "electronic energy": -30.76297043, "dipole": [0.25412084, 0.42559168, -0.43219725], "partial charges": [-0.10009479, -0.05310338, -0.0587643, -0.06647015, -0.02313922, -0.05718803, -0.1005156, 0.08405788, -0.44894256, 0.03206696, 0.03056361, 0.03162029, 0.03109921, 0.03305541, 0.02520835, 0.03133487, 0.04042725, 0.02872108, 0.04733558, 0.02783151, 0.05033797, 0.03345005, 0.03241127, 0.03046981, 0.01443327, 0.02066073, 0.28313293], "atomic dipole moments": [[-0.09516173, -0.02661625, 0.01548984], [0.03214807, 0.06156741, -0.09182155], [-0.03693751, -0.06173718, 0.08199919], [0.04517448, 0.06509615, 0.08588949], [-0.04209693, 0.06774038, -0.07929085], [0.1035897, -0.06692859, -0.01276223], [0.00615341, 0.10123018, 0.00591452], [-0.09452449, -0.03157071, 0.17214316], [0.10814932, 0.08873234, -0.19883194], [0.07274181, -0.04183044, 0.09230075], [0.01119758, 0.12526993, -0.00362393], [0.04461919, -0.04699091, -0.1077382], [-0.00204461, -0.12360312, 0.00925208], [-0.03234524, 0.04399099, 0.11167837], [0.00261205, 0.12390308, -0.01112276], [0.040788, -0.03589428, -0.10797629], [0.00505096, -0.12166629, -0.01830292], [-0.06083322, 0.03864788, -0.09900556], [0.05581987, -0.05560914, 0.10023078], [-0.06893751, 0.04772622, -0.09128868], [-0.06391882, 0.03109127, 0.1044238], [0.06920104, -0.05685482, 0.08938052], [-0.11802766, -0.03618821, 0.016481], [0.03298716, -0.04346176, -0.11239976], [-0.06332264, 0.06265805, -0.07856584], [0.10513849, 0.05006824, 0.0155417], [0.00676655, 0.07872539, -0.00316373]], "atomic quadrupole moments": [[0.19987792, 0.09159086, -0.09671184, -0.04688369, -0.02287568, -0.10316607], [0.20131384, 0.03473085, -0.16502453, 0.07543925, -0.10747639, -0.03628931], [0.17795812, 0.04746807, -0.13962299, 0.1112294, -0.07909344, -0.03833513], [0.12752482, 0.09270974, -0.1511315, -0.12069063, 0.05433494, 0.02360668], [0.01049068, 0.05229303, 0.08013562, -0.09926468, 0.11187729, -0.09062631], [0.06802595, 0.09814712, 0.15864829, 0.01770604, 0.02892518, -0.22667425], [-0.09898397, 0.01293512, 0.22122867, -0.01020009, 0.02046706, -0.1222447], [-0.18470423, -0.060949, -0.0414067, -0.31067741, 0.14214381, 0.22611093], [-0.06217396, -0.00986424, -0.0492472, -0.12299038, 0.03100049, 0.11142116], [0.00397911, -0.01761356, -0.03325811, 0.04743946, -0.04158553, 0.02927901], [-0.02975369, -0.00247258, 0.0805972, -0.00694035, -0.00334907, -0.05084351], [-0.02532663, -0.00257327, -0.02437218, -0.02947955, 0.04802111, 0.04969881], [-0.0196141, 0.0039752, 0.05701001, 0.00648072, 0.00553235, -0.03739591], [-0.00515883, -0.01512135, -0.02070991, -0.02089748, 0.03566145, 0.02586874], [-0.02087145, -0.0070151, 0.05598543, 0.0098318, 0.01632542, -0.03511398], [-0.00666627, -0.01321716, -0.02385961, -0.02120618, 0.03738868, 0.03052588], [-0.02071264, 0.00097633, 0.05783544, -0.02139377, -0.00908608, -0.0371228], [0.01089186, -0.02389457, -0.02547867, 0.02569401, -0.03875329, 0.01458681], [0.00507555, -0.01095209, -0.01127531, 0.0218168, -0.01613805, 0.00619976], [-0.0213354, -0.00417086, -0.00861957, 0.03667058, -0.02970063, 0.02995498], [-0.02425152, 0.00942178, -0.00925005, -0.02813899, 0.02659472, 0.03350157], [-0.0044522, -0.023928, -0.01656755, 0.05925736, -0.02598588, 0.02101975], [0.07339666, 0.02337274, -0.02209965, -0.02186266, 0.00351998, -0.05129702], [-0.036988, -0.00915207, -0.02118641, -0.04418525, 0.0202103, 0.05817441], [-0.01046532, -0.02657412, -0.02331766, 0.02346522, -0.0084598, 0.03378298], [0.04738152, 0.01153367, -0.03238364, -0.01786438, 0.02033319, -0.01499789], [-0.08219189, 0.00019002, 0.13219911, -0.02077788, 0.02596453, -0.05000722]], "number of molecular orbitals": 54, "number of electrons": 56, "number of unpaired electrons": 0, "orbital energies/eV": [-18.52880825, -17.12805648, -16.81487996, -16.46998376, -16.36011471, -15.78563105, -15.5053121, -15.22688186, -15.12214665, -14.80673491, -14.20396026, -14.06355132, -13.75288878, -13.6010577, -13.37535844, -13.12482115, -12.92021545, -12.84526333, -12.57113725, -12.22385049, -12.20209568, -12.03765943, -11.7257438, -11.59341162, -11.46730483, -11.32802638, -11.16395702, -10.94524024, 0.74319413, 1.46843723, 1.92108134, 2.51020306, 3.03269923, 3.28893542, 3.39467147, 3.64714862, 3.94429224, 4.10195338, 4.33007136, 4.43407976, 4.58227299, 4.96777037, 5.28511267, 5.51486378, 5.70188266, 5.8887868, 6.49558131, 6.76772854, 7.0525691, 7.28236295, 7.47834206, 7.86548401, 8.23631942, 8.27961824], "fractional occupation": [2.0, 2.0, 2.0, 2.0, 2.0, 2.0, 2.0, 2.0, 2.0, 2.0, 2.0, 2.0, 2.0, 2.0, 2.0, 2.0, 2.0, 2.0, 2.0, 2.0, 2.0, 2.0, 2.0, 2.0, 2.0, 2.0, 2.0, 2.0, 0.0, 0.0, 0.0, 0.0, 0.0, 0.0, 0.0, 0.0, 0.0, 0.0, 0.0, 0.0, 0.0, 0.0, 0.0, 0.0, 0.0, 0.0, 0.0, 0.0, 0.0, 0.0, 0.0, 0.0, 0.0, 0.0], "program call": "xtb /home/svss/Project-DBcg-Debug/aqme2_20220329/End-to-End-workflows-final/example-3/QDESCP/mol_1056_rdkit_conf_33/mol_1056_rdkit_conf_33.xyz --pop --wbo --acc 0.2 --gfn 2 --chrg 0 --uhf 0 --etemp 300 --input /home/svss/Project-DBcg-Debug/aqme2_20220329/End-to-End-workflows-final/example-3/QDESCP/mol_1056_rdkit_conf_33/mol_1056_rdkit_conf_33_xtb.inp", "method": "GFN2-xTB", "xtb version": "6.3.3 (7355c4f)", "Dipole module/D": 1.672, "Total charge": 0, "Transition dipole module/D": NaN, "HOMO": -10.9452, "LUMO": 0.7432, "HOMO occupancy": 2.0, "LUMO occupancy": 0, "mulliken charges": [-0.08333, -0.04074, -0.04857, -0.05931, -0.02204, -0.04066, -0.08508, 0.1928, -0.56915, 0.02916, 0.02596, 0.02656, 0.02387, 0.02476, 0.01908, 0.0258, 0.02959, 0.02375, 0.03382, 0.01832, 0.04133, 0.02765, 0.02869, 0.02335, 0.00778, 0.01105, 0.33557], "cm5 charges": [-0.23378, -0.15352, -0.15945, -0.16767, -0.08955, -0.15002, -0.23583, 0.10717, -0.78528, 0.07994, 0.07726, 0.07784, 0.07874, 0.08042, 0.07481, 0.08069, 0.08598, 0.07923, 0.09562, 0.0739, 0.09991, 0.07914, 0.07946, 0.0751, 0.07086, 0.0753, 0.50372], "FUKUI+": [0.009, -0.001, 0.0, -0.021, -0.028, -0.0, 0.018, -0.012, -0.114, -0.045, -0.024, -0.032, -0.031, -0.013, -0.031, -0.057, -0.068, -0.055, -0.054, -0.038, -0.037, -0.026, -0.047, -0.023, -0.074, -0.076, -0.12], "FUKUI-": [0.018, 0.008, 0.012, 0.01, -0.004, 0.004, 0.018, 0.021, -0.079, -0.044, -0.045, -0.06, -0.059, -0.064, -0.051, -0.074, -0.038, -0.041, -0.048, -0.06, -0.077, -0.044, -0.06, -0.062, -0.069, -0.066, -0.046], "FUKUIrad": [0.014, 0.003, 0.006, -0.006, -0.016, 0.002, 0.018, 0.004, -0.096, -0.045, -0.034, -0.046, -0.045, -0.038, -0.041, -0.066, -0.053, -0.048, -0.051, -0.049, -0.057, -0.035, -0.053, -0.043, -0.071, -0.071, -0.083], "s proportion": [1.008, 1.027, 1.033, 1.037, 1.062, 1.031, 1.008, 0.995, 1.695, 0.971, 0.974, 0.973, 0.976, 0.975, 0.981, 0.974, 0.97, 0.976, 0.966, 0.982, 0.959, 0.972, 0.971, 0.977, 0.992, 0.989, 0.664], "p proportion": [3.076, 3.014, 3.016, 3.022, 2.96, 3.01, 3.077, 2.812, 4.874, 0.0, 0.0, 0.0, 0.0, 0.0, 0.0, 0.0, 0.0, 0.0, 0.0, 0.0, 0.0, 0.0, 0.0, 0.0, 0.0, 0.0, 0.0], "d proportion": [0.0, 0.0, 0.0, 0.0, 0.0, 0.0, 0.0, 0.0, 0.0, 0.0, 0.0, 0.0, 0.0, 0.0, 0.0, 0.0, 0.0, 0.0, 0.0, 0.0, 0.0, 0.0, 0.0, 0.0, 0.0, 0.0, 0.0], "Fermi-level/eV": -5.101, "Coordination numbers": [3.75, 3.799, 3.8, 3.799, 3.845, 3.799, 3.748, 3.675, 1.653, 0.924, 0.924, 0.924, 0.924, 0.924, 0.924, 0.924, 0.924, 0.924, 0.924, 0.924, 0.924, 0.924, 0.924, 0.924, 0.924, 0.924, 0.804], "Dispersion coefficient C6": [22.475, 21.529, 21.633, 21.775, 20.955, 21.604, 22.486, 19.402, 21.824, 2.557, 2.579, 2.564, 2.571, 2.544, 2.656, 2.568, 2.443, 2.605, 2.354, 2.618, 2.316, 2.538, 2.553, 2.58, 2.82, 2.723, 0.774], "Total dispersion C6": 4858.073233, "Total dispersion C8": 100793.374834, "Polarizability alpha": [6.761, 6.606, 6.622, 6.644, 6.512, 6.618, 6.763, 6.311, 6.306, 2.501, 2.511, 2.504, 2.508, 2.494, 2.549, 2.506, 2.444, 2.524, 2.399, 2.53, 2.38, 2.491, 2.498, 2.512, 2.626, 2.581, 1.382], "Total polarizability alpha": 103.084431, "Wiberg matrix": [[0.0, 1.0198131696966142, 0.0, 0.0, 0.0, 0.0, 0.0, 0.0, 0.0, 0.9874088240595833, 0.9878640053854822, 0.9876097596902492, 0.0, 0.0, 0.0, 0.0, 0.0, 0.0, 0.0, 0.0, 0.0, 0.0, 0.0, 0.0, 0.0, 0.0, 0.0], [1.0198131696966142, 0.0, 1.0089070796593775, 0.0, 0.0, 0.0, 0.0, 0.0, 0.0, 0.0, 0.0, 0.0, 0.9778108133125564, 0.9759431613350171, 0.0, 0.0, 0.0, 0.0, 0.0, 0.0, 0.0, 0.0, 0.0, 0.0, 0.0, 0.0, 0.0], [0.0, 1.0089070796593775, 0.0, 1.005842149970888, 0.0, 0.0, 0.0, 0.0, 0.0, 0.0, 0.0, 0.0, 0.0, 0.0, 0.9757334523886496, 0.9759701340723423, 0.0, 0.0, 0.0, 0.0, 0.0, 0.0, 0.0, 0.0, 0.0, 0.0, 0.0], [0.0, 0.0, 1.005842149970888, 0.0, 0.9952898151045325, 0.0, 0.0, 0.0, 0.0, 0.0, 0.0, 0.0, 0.0, 0.0, 0.0, 0.0, 0.9737022591685213, 0.9767646844969924, 0.0, 0.0, 0.0, 0.0, 0.0, 0.0, 0.0, 0.0, 0.0], [0.0, 0.0, 0.0, 0.9952898151045325, 0.0, 0.9933506057843996, 0.0, 0.9934787825415043, 0.0, 0.0, 0.0, 0.0, 0.0, 0.0, 0.0, 0.0, 0.0, 0.0, 0.9651070445155345, 0.0, 0.0, 0.0, 0.0, 0.0, 0.0, 0.0, 0.0], [0.0, 0.0, 0.0, 0.0, 0.9933506057843996, 0.0, 1.0206038711457548, 0.0, 0.0, 0.0, 0.0, 0.0, 0.0, 0.0, 0.0, 0.0, 0.0, 0.0, 0.0, 0.9777973615893796, 0.9751886645879212, 0.0, 0.0, 0.0, 0.0, 0.0, 0.0], [0.0, 0.0, 0.0, 0.0, 0.0, 1.0206038711457548, 0.0, 0.0, 0.0, 0.0, 0.0, 0.0, 0.0, 0.0, 0.0, 0.0, 0.0, 0.0, 0.0, 0.0, 0.0, 0.9873353072686025, 0.9867761900213791, 0.9857846957153676, 0.0, 0.0, 0.0], [0.0, 0.0, 0.0, 0.0, 0.9934787825415043, 0.0, 0.0, 0.0, 0.9869665047153311, 0.0, 0.0, 0.0, 0.0, 0.0, 0.0, 0.0, 0.0, 0.0, 0.0, 0.0, 0.0, 0.0, 0.0, 0.0, 0.9733881337968653, 0.9709581224895771, 0.0], [0.0, 0.0, 0.0, 0.0, 0.0, 0.0, 0.0, 0.9869665047153311, 0.0, 0.0, 0.0, 0.0, 0.0, 0.0, 0.0, 0.0, 0.0, 0.0, 0.0, 0.0, 0.0, 0.0, 0.0, 0.0, 0.0, 0.0, 0.906944639782012], [0.9874088240595833, 0.0, 0.0, 0.0, 0.0, 0.0, 0.0, 0.0, 0.0, 0.0, 0.0, 0.0, 0.0, 0.0, 0.0, 0.0, 0.0, 0.0, 0.0, 0.0, 0.0, 0.0, 0.0, 0.0, 0.0, 0.0, 0.0], [0.9878640053854822, 0.0, 0.0, 0.0, 0.0, 0.0, 0.0, 0.0, 0.0, 0.0, 0.0, 0.0, 0.0, 0.0, 0.0, 0.0, 0.0, 0.0, 0.0, 0.0, 0.0, 0.0, 0.0, 0.0, 0.0, 0.0, 0.0], [0.9876097596902492, 0.0, 0.0, 0.0, 0.0, 0.0, 0.0, 0.0, 0.0, 0.0, 0.0, 0.0, 0.0, 0.0, 0.0, 0.0, 0.0, 0.0, 0.0, 0.0, 0.0, 0.0, 0.0, 0.0, 0.0, 0.0, 0.0], [0.0, 0.9778108133125564, 0.0, 0.0, 0.0, 0.0, 0.0, 0.0, 0.0, 0.0, 0.0, 0.0, 0.0, 0.0, 0.0, 0.0, 0.0, 0.0, 0.0, 0.0, 0.0, 0.0, 0.0, 0.0, 0.0, 0.0, 0.0], [0.0, 0.9759431613350171, 0.0, 0.0, 0.0, 0.0, 0.0, 0.0, 0.0, 0.0, 0.0, 0.0, 0.0, 0.0, 0.0, 0.0, 0.0, 0.0, 0.0, 0.0, 0.0, 0.0, 0.0, 0.0, 0.0, 0.0, 0.0], [0.0, 0.0, 0.9757334523886496, 0.0, 0.0, 0.0, 0.0, 0.0, 0.0, 0.0, 0.0, 0.0, 0.0, 0.0, 0.0, 0.0, 0.0, 0.0, 0.0, 0.0, 0.0, 0.0, 0.0, 0.0, 0.0, 0.0, 0.0], [0.0, 0.0, 0.9759701340723423, 0.0, 0.0, 0.0, 0.0, 0.0, 0.0, 0.0, 0.0, 0.0, 0.0, 0.0, 0.0, 0.0, 0.0, 0.0, 0.0, 0.0, 0.0, 0.0, 0.0, 0.0, 0.0, 0.0, 0.0], [0.0, 0.0, 0.0, 0.9737022591685213, 0.0, 0.0, 0.0, 0.0, 0.0, 0.0, 0.0, 0.0, 0.0, 0.0, 0.0, 0.0, 0.0, 0.0, 0.0, 0.0, 0.0, 0.0, 0.0, 0.0, 0.0, 0.0, 0.0], [0.0, 0.0, 0.0, 0.9767646844969924, 0.0, 0.0, 0.0, 0.0, 0.0, 0.0, 0.0, 0.0, 0.0, 0.0, 0.0, 0.0, 0.0, 0.0, 0.0, 0.0, 0.0, 0.0, 0.0, 0.0, 0.0, 0.0, 0.0], [0.0, 0.0, 0.0, 0.0, 0.9651070445155345, 0.0, 0.0, 0.0, 0.0, 0.0, 0.0, 0.0, 0.0, 0.0, 0.0, 0.0, 0.0, 0.0, 0.0, 0.0, 0.0, 0.0, 0.0, 0.0, 0.0, 0.0, 0.0], [0.0, 0.0, 0.0, 0.0, 0.0, 0.9777973615893796, 0.0, 0.0, 0.0, 0.0, 0.0, 0.0, 0.0, 0.0, 0.0, 0.0, 0.0, 0.0, 0.0, 0.0, 0.0, 0.0, 0.0, 0.0, 0.0, 0.0, 0.0], [0.0, 0.0, 0.0, 0.0, 0.0, 0.9751886645879212, 0.0, 0.0, 0.0, 0.0, 0.0, 0.0, 0.0, 0.0, 0.0, 0.0, 0.0, 0.0, 0.0, 0.0, 0.0, 0.0, 0.0, 0.0, 0.0, 0.0, 0.0], [0.0, 0.0, 0.0, 0.0, 0.0, 0.0, 0.9873353072686025, 0.0, 0.0, 0.0, 0.0, 0.0, 0.0, 0.0, 0.0, 0.0, 0.0, 0.0, 0.0, 0.0, 0.0, 0.0, 0.0, 0.0, 0.0, 0.0, 0.0], [0.0, 0.0, 0.0, 0.0, 0.0, 0.0, 0.9867761900213791, 0.0, 0.0, 0.0, 0.0, 0.0, 0.0, 0.0, 0.0, 0.0, 0.0, 0.0, 0.0, 0.0, 0.0, 0.0, 0.0, 0.0, 0.0, 0.0, 0.0], [0.0, 0.0, 0.0, 0.0, 0.0, 0.0, 0.9857846957153676, 0.0, 0.0, 0.0, 0.0, 0.0, 0.0, 0.0, 0.0, 0.0, 0.0, 0.0, 0.0, 0.0, 0.0, 0.0, 0.0, 0.0, 0.0, 0.0, 0.0], [0.0, 0.0, 0.0, 0.0, 0.0, 0.0, 0.0, 0.9733881337968653, 0.0, 0.0, 0.0, 0.0, 0.0, 0.0, 0.0, 0.0, 0.0, 0.0, 0.0, 0.0, 0.0, 0.0, 0.0, 0.0, 0.0, 0.0, 0.0], [0.0, 0.0, 0.0, 0.0, 0.0, 0.0, 0.0, 0.9709581224895771, 0.0, 0.0, 0.0, 0.0, 0.0, 0.0, 0.0, 0.0, 0.0, 0.0, 0.0, 0.0, 0.0, 0.0, 0.0, 0.0, 0.0, 0.0, 0.0], [0.0, 0.0, 0.0, 0.0, 0.0, 0.0, 0.0, 0.0, 0.906944639782012, 0.0, 0.0, 0.0, 0.0, 0.0, 0.0, 0.0, 0.0, 0.0, 0.0, 0.0, 0.0, 0.0, 0.0, 0.0, 0.0, 0.0, 0.0]], "Born radii": [], "Atomic SASAs": [], "Solvent H bonds": [], "Total SASA": NaN, "Total FOD": 0.0, "FOD": [0.0, 0.0, 0.0, 0.0, 0.0, 0.0, 0.0, 0.0, 0.0, 0.0, 0.0, 0.0, 0.0, 0.0, 0.0, 0.0, 0.0, 0.0, 0.0, 0.0, 0.0, 0.0, 0.0, 0.0, 0.0, 0.0, 0.0], "FOD s proportion": [0.0, 0.0, 0.0, 0.0, 0.0, 0.0, 0.0, 0.0, 0.0, 0.0, 0.0, 0.0, 0.0, 0.0, 0.0, 0.0, 0.0, 0.0, 0.0, 0.0, 0.0, 0.0, 0.0, 0.0, 0.0, 0.0, 0.0], "FOD p proportion": [0.0, 0.0, 0.0, 0.0, 0.0, 0.0, 0.0, 0.0, 0.0, 0.0, 0.0, 0.0, 0.0, 0.0, 0.0, 0.0, 0.0, 0.0, 0.0, 0.0, 0.0, 0.0, 0.0, 0.0, 0.0, 0.0, 0.0], "FOD d proportion": [0.0, 0.0, 0.0, 0.0, 0.0, 0.0, 0.0, 0.0, 0.0, 0.0, 0.0, 0.0, 0.0, 0.0, 0.0, 0.0, 0.0, 0.0, 0.0, 0.0, 0.0, 0.0, 0.0, 0.0, 0.0, 0.0, 0.0], "coordinates": [["3.62340", "0.15720", "-0.24360"], ["2.18470", "-0.27070", "0.00250"], ["1.25790", "0.22670", "-1.10710"], ["-0.18490", "-0.27640", "-0.96890"], ["-0.91810", "0.09590", "0.33840"], ["-2.36810", "-0.44820", "0.34360"], ["-2.46080", "-1.96620", "0.26190"], ["-0.93010", "1.61670", "0.56890"], ["-1.55050", "1.92010", "1.81300"], ["4.26960", "-0.20540", "0.56190"], ["3.70680", "1.24810", "-0.28130"], ["3.99810", "-0.24950", "-1.18830"], ["2.14030", "-1.36420", "0.06290"], ["1.86430", "0.12340", "0.97270"], ["1.27680", "1.32140", "-1.15040"], ["1.64290", "-0.11980", "-2.07490"], ["-0.16120", "-1.36720", "-1.07460"], ["-0.76060", "0.10340", "-1.82290"], ["-0.40220", "-0.37130", "1.18720"], ["-2.93480", "-0.00920", "-0.48670"], ["-2.87260", "-0.13750", "1.26630"], ["-1.84890", "-2.44040", "1.03540"], ["-3.49800", "-2.28530", "0.40790"], ["-2.14040", "-2.33850", "-0.71520"], ["-1.47960", "2.12880", "-0.22810"], ["0.08500", "2.02060", "0.61040"], ["-1.53900", "2.88760", "1.90910"]], "bond_dist": [[0.0, 1.5210264001653624, 2.519137302728853, 3.900925267164189, 4.579050550059477, 6.0505690021683085, 6.463887951535051, 4.850222546440524, 5.840090853745342, 1.0944786201657843, 1.0947326888332145, 1.0946520314693613, 2.1466685398542555, 2.1389158328461644, 2.7720352523010963, 2.711598963711264, 4.163838796111108, 4.660100742473278, 4.304875869290542, 6.56481331113079, 6.6756769020077655, 6.191076970124019, 7.556758330130719, 6.298596311083923, 5.470654056874735, 4.089235884612185, 6.22411240338733], [1.5210264001653624, 0.0, 1.5289137189521191, 2.5609870382335007, 3.142386387763287, 4.569009006338245, 4.952037849209152, 3.6857925552043755, 4.693531072657344, 2.159629704370636, 2.1688901055609064, 2.1695330465332856, 1.0960664988950262, 1.0951068486682018, 2.165235144274173, 2.152186983047709, 2.804586149505841, 3.4852299866723286, 2.8470486578209373, 5.149463966278432, 5.214519725727384, 4.695147437514609, 6.042850454048984, 4.847409631958083, 4.386099759467402, 3.166755151570768, 5.2417481950204365], [2.519137302728853, 1.5289137189521191, 0.0, 1.534236191073591, 2.6156366127579727, 3.963318874377887, 4.528984555063088, 3.086813891377321, 4.391093045017379, 3.4702461440076546, 2.778905325843254, 2.7824550167073676, 2.1629823323365356, 2.168861427108703, 1.0957190287660428, 1.0976903434029106, 2.1343425849661535, 2.1452073978988606, 2.894364956255517, 4.244912043847317, 4.777729528761544, 4.621248197186556, 5.587839816064881, 4.275778237935171, 3.4473949092031795, 2.746557457982629, 4.899030604109347], [3.900925267164189, 2.5609870382335007, 1.534236191073591, 0.0, 1.5444166601018003, 2.553141932991584, 3.0903096107024615, 2.5502900795791836, 3.7984790666791883, 4.710728169826825, 4.235826117772069, 4.188836230983494, 2.7666722104362127, 2.851117542298107, 2.173125394449202, 2.1421046659768983, 1.0961655075762966, 1.0977224284854528, 2.1690994698261306, 2.8046145350118974, 3.498448733367405, 3.386592755263024, 4.111920361582894, 2.853173732880632, 2.8301978323078405, 2.80057913653587, 4.486353397805393], [4.579050550059477, 3.142386387763287, 2.6156366127579727, 1.5444166601018003, 0.0, 1.548732336461017, 2.5764378412839695, 1.5382154888051285, 2.4294197990466775, 5.201246507328795, 4.806380440622653, 5.1593736528768686, 3.4002357006537065, 2.853917045045283, 2.921636818634376, 3.5255161863193876, 2.1702829815487195, 2.1670441135334553, 1.0976748562302046, 2.1814937336604934, 2.1761305613404724, 2.7901640328124078, 3.511527829876904, 2.920683757273286, 2.1837781274662498, 2.1873874142455882, 3.262852155706722], [6.0505690021683085, 4.569009006338245, 3.963318874377887, 2.553141932991584, 1.548732336461017, 0.0, 1.5230207418154227, 2.5263444143663394, 2.904556938674124, 6.64572554504021, 6.338165642360571, 6.550931364317597, 4.609069217314923, 4.316908978655909, 4.318427511259162, 4.69522201924467, 2.7796150542835965, 2.7535506278258257, 2.140639479221104, 1.0969357228206218, 1.096553705935099, 2.171869406755388, 2.157717523217532, 2.178563476238413, 2.7851754235595285, 3.490537965700989, 3.7770039316897726], [6.463887951535051, 4.952037849209152, 4.528984555063088, 3.0903096107024615, 2.5764378412839695, 1.5230207418154227, 0.0, 3.9082558641931313, 4.282275678888504, 6.963382856054951, 6.976107832452133, 6.83867883000803, 4.644580305043719, 4.855734219456415, 5.174220599278697, 5.0705207710845634, 2.7263883454122966, 3.394158988615589, 2.763642534771818, 2.148238105983599, 2.1266269748124613, 1.0943443242416895, 1.0949541771234086, 1.093612298760397, 4.239325234043738, 4.743113337250123, 5.207912971623085], [4.850222546440524, 3.6857925552043755, 3.086813891377321, 2.5502900795791836, 1.5382154888051285, 2.5263444143663394, 3.9082558641931313, 0.0, 1.4229309645938553, 5.509716644256763, 4.728588331627104, 5.554962602934425, 4.309194468807367, 3.194005430490061, 2.8131125448513434, 4.077430525465762, 3.492271276690859, 2.8354037419739715, 2.1478168683572627, 2.788667111722014, 2.708669535030067, 4.185914010105798, 4.673931472540008, 4.3309751719445355, 1.0951738035581384, 1.0932911185955918, 1.9447575838648887], [5.840090853745342, 4.693531072657344, 4.391093045017379, 3.7984790666791883, 2.4294197990466775, 2.904556938674124, 4.282275678888504, 1.4229309645938553, 0.0, 6.3211205865732385, 5.698848987295592, 6.670976525966794, 5.241324368897616, 3.949062422904961, 4.139300247626403, 5.429066400404402, 4.590722115310401, 4.140544615144244, 2.6383200128111826, 3.3056171995559316, 2.506101965204129, 4.439331545401853, 4.842773112587456, 4.987529569837155, 2.0529665632932264, 2.0325371484920023, 0.9723290132460309], [1.0944786201657843, 2.159629704370636, 3.4702461440076546, 4.710728169826825, 5.201246507328795, 6.64572554504021, 6.963382856054951, 5.509716644256763, 6.3211205865732385, 0.0, 1.7721152135230935, 1.7716819974250457, 2.475022612017918, 2.462180775247828, 3.770933753064352, 3.7228476318538744, 4.864144336879817, 5.5754408363823575, 4.716379770544352, 7.282955152958173, 7.177172884221195, 6.5311154866531025, 8.042717809919727, 6.875259996538313, 6.25506916668393, 4.740074409753501, 6.717248752279462], [1.0947326888332145, 2.1688901055609064, 2.778905325843254, 4.235826117772069, 4.806380440622653, 6.338165642360571, 6.976107832452133, 4.728588331627104, 5.698848987295592, 1.7721152135230935, 0.0, 1.7749113921545492, 3.0653722742923084, 2.4964519502686207, 2.5817838213142474, 3.0574228657482103, 4.7360894184970785, 4.862564283379706, 4.654334497003841, 6.7626801646980175, 6.899525888059266, 6.797391678430778, 8.05413280496417, 6.873260988060908, 5.260913199245926, 3.80911018218166, 5.9164372767739195], [1.0946520314693613, 2.1695330465332856, 2.7824550167073676, 4.188836230983494, 5.1593736528768686, 6.550931364317597, 6.83867883000803, 5.554962602934425, 6.670976525966794, 1.7716819974250457, 1.7749113921545492, 0.0, 2.5018949558284818, 3.059751272571024, 3.1423935001842147, 2.519890610721029, 4.308359022876343, 4.813780350202946, 5.002047138922223, 6.972452155447178, 7.296857107686843, 6.628144046412992, 7.929933876773501, 6.501455749291846, 6.048428905095935, 4.868370087616594, 7.0777651543407405], [2.1466685398542555, 1.0960664988950262, 2.1629823323365356, 2.7666722104362127, 3.4002357006537065, 4.609069217314923, 4.644580305043719, 4.309194468807367, 5.241324368897616, 2.475022612017918, 3.0653722742923084, 2.5018949558284818, 0.0, 1.7654647546750968, 3.070859244576345, 2.5231184990007898, 2.5672587520544163, 3.7583656301642607, 2.95198359582163, 5.2815457178746446, 5.299257576302552, 4.244723704789276, 5.723449755173885, 4.458597603507183, 5.038790133553888, 3.9976099584626814, 5.9180660836121115], [2.1389158328461644, 1.0951068486682018, 2.168861427108703, 2.851117542298107, 2.853917045045283, 4.316908978655909, 4.855734219456415, 3.194005430490061, 3.949062422904961, 2.462180775247828, 2.4964519502686207, 3.059751272571024, 1.7654647546750968, 0.0, 2.507571307061875, 3.065294432840017, 3.2428345471207747, 3.8348245553088867, 2.329755478585682, 5.01784734024462, 4.753155938952561, 4.512743729705909, 5.9055140352047255, 4.994755260270517, 4.079855023159524, 2.62612597184522, 4.483313226844628], [2.7720352523010963, 2.165235144274173, 1.0957190287660428, 2.173125394449202, 2.921636818634376, 4.318427511259162, 5.174220599278697, 2.8131125448513434, 4.139300247626403, 3.770933753064352, 2.5817838213142474, 3.1423935001842147, 3.070859244576345, 2.507571307061875, 0.0, 1.7509388624392341, 3.0499441962108094, 2.467139844029924, 3.338959126733959, 4.466382049265378, 5.01860024907344, 5.357131823093399, 6.183469804244216, 5.026084250189206, 3.0166658764271523, 2.2382324544157606, 4.443225442175987], [2.711598963711264, 2.152186983047709, 1.0976903434029106, 2.1421046659768983, 3.5255161863193876, 4.69522201924467, 5.0705207710845634, 4.077430525465762, 5.429066400404402, 3.7228476318538744, 3.0574228657482103, 2.519890610721029, 2.5231184990007898, 3.065294432840017, 1.7509388624392341, 0.0, 2.410681160999936, 2.4269599275637, 3.858365284676919, 4.846643053702222, 5.6172654361352725, 5.220327354678057, 6.105942916536315, 4.591815835810491, 4.268123527968703, 3.770835538710221, 5.919560656839323], [4.163838796111108, 2.804586149505841, 2.1343425849661535, 1.0961655075762966, 2.1702829815487195, 2.7796150542835965, 2.7263883454122966, 3.492271276690859, 4.590722115310401, 4.864144336879817, 4.7360894184970785, 4.308359022876343, 2.5672587520544163, 3.2428345471207747, 3.0499441962108094, 2.410681160999936, 0.0, 1.7555334260560234, 2.4830700855996795, 3.143667821192309, 3.7873031117141918, 2.9072649569655673, 3.7649632269120503, 2.233791550257096, 3.831025555905364, 3.791705194236493, 5.376255348288434], [4.660100742473278, 3.4852299866723286, 2.1452073978988606, 1.0977224284854528, 2.1670441135334553, 2.7535506278258257, 3.394158988615589, 2.8354037419739715, 4.140544615144244, 5.5754408363823575, 4.862564283379706, 4.813780350202946, 3.7583656301642607, 3.8348245553088867, 2.467139844029924, 2.4269599275637, 1.7555334260560234, 0.0, 3.0683045253038363, 2.5544578368021655, 3.749897791940468, 3.9780892674750272, 4.263298616095288, 3.0155800337580163, 2.676302150355972, 3.211174876894748, 4.720752079912692], [4.304875869290542, 2.8470486578209373, 2.894364956255517, 2.1690994698261306, 1.0976748562302046, 2.140639479221104, 2.763642534771818, 2.1478168683572627, 2.6383200128111826, 4.716379770544352, 4.654334497003841, 5.002047138922223, 2.95198359582163, 2.329755478585682, 3.338959126733959, 3.858365284676919, 2.4830700855996795, 3.0683045253038363, 0.0, 3.057306065803684, 2.482699218592538, 2.529260552019107, 3.722187814981936, 3.241965582790786, 3.068283699399389, 2.5082359717538543, 3.5261711614724547], [6.56481331113079, 5.149463966278432, 4.244912043847317, 2.8046145350118974, 2.1814937336604934, 1.0969357228206218, 2.148238105983599, 2.788667111722014, 3.3056171995559316, 7.282955152958173, 6.7626801646980175, 6.972452155447178, 5.2815457178746446, 5.01784734024462, 4.466382049265378, 4.846643053702222, 3.143667821192309, 2.5544578368021655, 3.057306065803684, 0.0, 1.7587889953033025, 3.0670345058378463, 2.50960845750886, 2.471623373412705, 2.5991392806081017, 3.8003826767840105, 4.009933356054686], [6.6756769020077655, 5.214519725727384, 4.777729528761544, 3.498448733367405, 2.1761305613404724, 1.096553705935099, 2.1266269748124613, 2.708669535030067, 2.506101965204129, 7.177172884221195, 6.899525888059266, 7.296857107686843, 5.299257576302552, 4.753155938952561, 5.01860024907344, 5.6172654361352725, 3.7873031117141918, 3.749897791940468, 2.482699218592538, 1.7587889953033025, 0.0, 2.5307360411548254, 2.396042687432759, 3.0507146851188818, 3.0511958393390617, 3.7195427380257375, 3.367923812974397], [6.191076970124019, 4.695147437514609, 4.621248197186556, 3.386592755263024, 2.7901640328124078, 2.171869406755388, 1.0943443242416895, 4.185914010105798, 4.439331545401853, 6.5311154866531025, 6.797391678430778, 6.628144046412992, 4.244723704789276, 4.512743729705909, 5.357131823093399, 5.220327354678057, 2.9072649569655673, 3.9780892674750272, 2.529260552019107, 3.0670345058378463, 2.5307360411548254, 0.0, 1.771254659838613, 1.7776265693333906, 4.755039787425548, 4.880687985315185, 5.40804712442486], [7.556758330130719, 6.042850454048984, 5.587839816064881, 4.111920361582894, 3.511527829876904, 2.157717523217532, 1.0949541771234086, 4.673931472540008, 4.842773112587456, 8.042717809919727, 8.05413280496417, 7.929933876773501, 5.723449755173885, 5.9055140352047255, 6.183469804244216, 6.105942916536315, 3.7649632269120503, 4.263298616095288, 3.722187814981936, 2.50960845750886, 2.396042687432759, 1.771254659838613, 0.0, 1.7627426386174472, 4.895172455593367, 5.605325152031771, 5.731507380262195], [6.298596311083923, 4.847409631958083, 4.275778237935171, 2.853173732880632, 2.920683757273286, 2.178563476238413, 1.093612298760397, 4.3309751719445355, 4.987529569837155, 6.875259996538313, 6.873260988060908, 6.501455749291846, 4.458597603507183, 4.994755260270517, 5.026084250189206, 4.591815835810491, 2.233791550257096, 3.0155800337580163, 3.241965582790786, 2.471623373412705, 3.0507146851188818, 1.7776265693333906, 1.7627426386174472, 0.0, 4.542102193918582, 5.070638355276385, 5.878839482414875], [5.470654056874735, 4.386099759467402, 3.4473949092031795, 2.8301978323078405, 2.1837781274662498, 2.7851754235595285, 4.239325234043738, 1.0951738035581384, 2.0529665632932264, 6.25506916668393, 5.260913199245926, 6.048428905095935, 5.038790133553888, 4.079855023159524, 3.0166658764271523, 4.268123527968703, 3.831025555905364, 2.676302150355972, 3.068283699399389, 2.5991392806081017, 3.0511958393390617, 4.755039787425548, 4.895172455593367, 4.542102193918582, 0.0, 1.7784157697231546, 2.2686845615907028], [4.089235884612185, 3.166755151570768, 2.746557457982629, 2.80057913653587, 2.1873874142455882, 3.490537965700989, 4.743113337250123, 1.0932911185955918, 2.0325371484920023, 4.740074409753501, 3.80911018218166, 4.868370087616594, 3.9976099584626814, 2.62612597184522, 2.2382324544157606, 3.770835538710221, 3.791705194236493, 3.211174876894748, 2.5082359717538543, 3.8003826767840105, 3.7195427380257375, 4.880687985315185, 5.605325152031771, 5.070638355276385, 1.7784157697231546, 0.0, 2.2529284697921503], [6.22411240338733, 5.2417481950204365, 4.899030604109347, 4.486353397805393, 3.262852155706722, 3.7770039316897726, 5.207912971623085, 1.9447575838648887, 0.9723290132460309, 6.717248752279462, 5.9164372767739195, 7.0777651543407405, 5.9180660836121115, 4.483313226844628, 4.443225442175987, 5.919560656839323, 5.376255348288434, 4.720752079912692, 3.5261711614724547, 4.009933356054686, 3.367923812974397, 5.40804712442486, 5.731507380262195, 5.878839482414875, 2.2686845615907028, 2.2529284697921503, 0.0]]}