{"total energy": -31.55098467, "HOMO-LUMO gap/eV": 4.03685765, "electronic energy": -32.03803656, "dipole": [0.12386242, 0.46696898, -0.15888996], "partial charges": [0.14107468, -0.27509031, 0.03737699, -0.06718565, -0.04014062, 0.00506816, -0.06013093, -0.02346151, -0.09515379, -0.03954907, -0.05569437, 0.05719997, 0.04102628, 0.04093873, 0.03222215, 0.03430325, 0.04204795, 0.04358795, 0.0320791, 0.03546199, 0.03367097, 0.03524575, 0.04510231], "atomic dipole moments": [[0.2562271, -0.02178095, -0.05249856], [-0.07831091, 0.21743892, -0.08210173], [-0.14049351, -0.15144861, 0.10547824], [0.01896794, -0.02565167, 0.00745502], [0.00451805, -0.00210172, -0.00211032], [-0.08340031, 0.00560612, 0.01997199], [0.03381713, -0.02577386, -0.07858404], [0.1104732, -0.03063471, 0.10817369], [-0.0533841, 0.0470686, -0.0319773], [0.00401326, 0.00207842, -0.00200027], [0.03065999, 0.03583738, -0.02339141], [0.11944605, -0.03705973, -0.01232358], [-0.04300686, 0.01465504, -0.11731975], [0.00398446, 0.10297683, 0.07205853], [0.0615262, 0.12035937, -0.07193591], [-0.07269126, 0.12630402, -0.04327395], [-0.02136955, 0.11423167, 0.0522292], [-0.03215372, -0.07311361, 0.09721544], [0.00908233, -0.13534003, -0.06729033], [-0.01978612, 0.13921814, 0.05795474], [-0.07678246, -0.04712349, -0.12122807], [-0.06676545, -0.11693151, 0.06903977], [0.07285392, -0.12918241, 0.0412536]], "atomic quadrupole moments": [[0.15247267, 0.02956968, -0.32279537, 0.02445269, 0.28558348, 0.1703227], [0.03735655, 0.05317453, 0.02133177, -0.06061707, -0.07339731, -0.05868832], [0.00279987, 0.25744556, 0.11621928, -0.19101461, -0.2499363, -0.11901915], [-0.18208925, 0.06788673, -0.12146592, 0.12517759, 0.25159431, 0.30355517], [-0.20727652, 0.06506451, -0.13617684, 0.14397548, 0.29015358, 0.34345336], [-0.03400486, 0.03716106, -0.22014068, 0.08598317, 0.28530368, 0.25414554], [0.14444776, -0.02155631, -0.1301109, 0.05852562, 0.01571946, -0.01433686], [0.14617487, 0.3203821, -0.28073051, -0.3129811, -0.10936131, 0.13455564], [0.15288274, 0.26204833, -0.1957626, -0.40560894, -0.1721022, 0.04287986], [-0.20359844, 0.06860647, -0.14308844, 0.14037462, 0.28272784, 0.34668688], [-0.19415158, 0.09244181, -0.12732241, 0.12037145, 0.25034738, 0.321474], [0.06275648, -0.03882201, -0.01428303, -0.01130921, -0.00975253, -0.04847344], [-0.0092577, 0.01099493, -0.02965548, 0.03953394, -0.02404495, 0.03891319], [-0.03744359, 0.00263486, 0.03852715, -0.02207998, 0.03967516, -0.00108356], [0.04839896, -0.00439214, -0.00042431, -0.0269089, -0.03055891, -0.04797465], [0.03296384, -0.00720486, 0.01305788, -0.02266491, -0.03503752, -0.04602172], [-0.01627479, -0.01391808, 0.05886632, 0.00035333, 0.01743963, -0.04259153], [-0.02028643, 0.0108117, 0.01826993, -0.01012058, -0.05383531, 0.0020165], [-0.01439381, -0.03495302, 0.01962318, 0.04361285, 0.00941467, -0.00522936], [-0.02453391, -0.02384811, 0.03398983, 0.02967183, 0.0270584, -0.00945592], [-0.01243071, -0.02017239, 0.00763343, 0.05157141, 0.01886991, 0.00479729], [0.03423058, -0.01036564, 0.01244381, -0.02076903, -0.03456653, -0.04667439], [0.03119018, -0.01085035, 0.01145253, -0.01782773, -0.03109783, -0.0426427]], "number of molecular orbitals": 56, "number of electrons": 58, "number of unpaired electrons": 0, "orbital energies/eV": [-19.31264697, -17.80501933, -17.33392201, -16.96573851, -16.68641587, -16.46375291, -16.15745042, -15.64061417, -15.50991011, -14.96632047, -14.92164579, -14.75508806, -14.59533747, -13.86718386, -13.63206444, -13.39398893, -13.28778244, -13.01728818, -12.92040742, -12.82383492, -12.63616507, -12.24332318, -12.035165, -11.75380381, -11.65359596, -11.34006502, -10.84919431, -10.77139268, -10.1088042, -6.07194655, -5.83806218, -5.46149764, -2.51007608, 0.65230822, 2.43684722, 2.86783628, 3.05178219, 3.52405924, 3.80974106, 3.96446961, 4.39311231, 4.51406827, 4.836155, 5.17534396, 5.45117976, 5.71022566, 5.89983887, 6.30981003, 10.12852744, 10.87702284, 11.13935594, 11.62340979, 12.34281908, 15.40890338, 16.48539825, 17.36747952], "fractional occupation": [2.0, 2.0, 2.0, 2.0, 2.0, 2.0, 2.0, 2.0, 2.0, 2.0, 2.0, 2.0, 2.0, 2.0, 2.0, 2.0, 2.0, 2.0, 2.0, 2.0, 2.0, 2.0, 2.0, 2.0, 2.0, 2.0, 2.0, 2.0, 2.0, 0.0, 0.0, 0.0, 0.0, 0.0, 0.0, 0.0, 0.0, 0.0, 0.0, 0.0, 0.0, 0.0, 0.0, 0.0, 0.0, 0.0, 0.0, 0.0, 0.0, 0.0, 0.0, 0.0, 0.0, 0.0, 0.0, 0.0], "program call": "xtb /home/svss/Project-DBcg-Debug/aqme2_20220329/End-to-End-workflows-final/example-3/QDESCP/mol_597_rdkit_conf_1/mol_597_rdkit_conf_1.xyz --pop --wbo --acc 0.2 --gfn 2 --chrg 0 --uhf 0 --etemp 300 --input /home/svss/Project-DBcg-Debug/aqme2_20220329/End-to-End-workflows-final/example-3/QDESCP/mol_597_rdkit_conf_1/mol_597_rdkit_conf_1_xtb.inp", "method": "GFN2-xTB", "xtb version": "6.3.3 (7355c4f)", "Dipole module/D": 1.293, "Total charge": 0, "Transition dipole module/D": NaN, "HOMO": -10.1088, "LUMO": -6.0719, "HOMO occupancy": 2.0, "LUMO occupancy": 0, "mulliken charges": [0.25333, -0.4213, 0.16981, -0.09133, -0.03389, -0.00829, -0.04345, -0.01698, -0.08755, -0.03906, -0.06503, 0.03772, 0.02572, 0.02556, 0.03255, 0.03077, 0.03217, 0.03582, 0.02671, 0.02856, 0.03211, 0.03066, 0.04538], "cm5 charges": [0.269, -0.50939, 0.04854, -0.14316, -0.0868, -0.02309, -0.14269, -0.0799, -0.18946, -0.0921, -0.11466, 0.09676, 0.08485, 0.0847, 0.09131, 0.08711, 0.08814, 0.09146, 0.08249, 0.0814, 0.08435, 0.08685, 0.10429], "FUKUI+": [-0.042, -0.045, 0.021, -0.043, -0.042, -0.035, 0.018, -0.044, -0.046, -0.045, -0.044, -0.039, -0.02, -0.021, -0.071, -0.064, -0.045, -0.054, -0.056, -0.065, -0.072, -0.07, -0.074], "FUKUI-": [-0.04, -0.116, 0.031, -0.027, -0.025, -0.057, 0.009, -0.025, -0.032, -0.02, -0.035, -0.053, -0.053, -0.054, -0.056, -0.055, -0.056, -0.052, -0.048, -0.053, -0.065, -0.058, -0.061], "FUKUIrad": [-0.041, -0.081, 0.026, -0.035, -0.034, -0.046, 0.013, -0.034, -0.039, -0.032, -0.04, -0.046, -0.037, -0.038, -0.064, -0.06, -0.05, -0.053, -0.052, -0.059, -0.069, -0.064, -0.068], "s proportion": [1.017, 1.684, 0.971, 1.057, 1.062, 1.083, 1.026, 1.071, 1.048, 1.064, 1.058, 0.962, 0.974, 0.974, 0.967, 0.969, 0.968, 0.964, 0.973, 0.971, 0.968, 0.969, 0.955], "p proportion": [2.73, 4.737, 2.859, 3.035, 2.972, 2.925, 3.017, 2.946, 3.04, 2.976, 3.007, 0.0, 0.0, 0.0, 0.0, 0.0, 0.0, 0.0, 0.0, 0.0, 0.0, 0.0, 0.0], "d proportion": [0.0, 0.0, 0.0, 0.0, 0.0, 0.0, 0.0, 0.0, 0.0, 0.0, 0.0, 0.0, 0.0, 0.0, 0.0, 0.0, 0.0, 0.0, 0.0, 0.0, 0.0, 0.0, 0.0], "Fermi-level/eV": -8.0904, "Coordination numbers": [2.859, 1.704, 3.643, 2.911, 2.914, 2.962, 3.808, 2.886, 2.834, 2.913, 2.914, 0.924, 0.924, 0.924, 0.925, 0.925, 0.924, 0.924, 0.925, 0.925, 0.925, 0.925, 0.925], "Dispersion coefficient C6": [24.923, 18.564, 20.286, 29.673, 28.997, 27.907, 21.65, 28.588, 30.382, 28.983, 29.384, 2.232, 2.435, 2.437, 2.555, 2.526, 2.422, 2.402, 2.557, 2.51, 2.535, 2.513, 2.382], "Total dispersion C6": 5615.739497, "Total dispersion C8": 132141.283215, "Polarizability alpha": [8.183, 5.817, 6.475, 8.932, 8.83, 8.665, 6.624, 8.766, 9.033, 8.828, 8.889, 2.336, 2.44, 2.441, 2.5, 2.485, 2.434, 2.424, 2.501, 2.478, 2.49, 2.479, 2.414], "Total polarizability alpha": 118.46179, "Wiberg matrix": [[0.0, 1.0548810434214138, 0.0, 1.3750324636178062, 0.0, 0.0, 0.0, 0.0, 0.0, 0.0, 1.3579187489457845, 0.0, 0.0, 0.0, 0.0, 0.0, 0.0, 0.0, 0.0, 0.0, 0.0, 0.0, 0.0], [1.0548810434214138, 0.0, 0.9835076996445244, 0.0, 0.0, 0.0, 0.0, 0.0, 0.0, 0.0, 0.0, 0.0, 0.0, 0.0, 0.0, 0.0, 0.0, 0.0, 0.0, 0.0, 0.0, 0.0, 0.0], [0.0, 0.9835076996445244, 0.0, 0.0, 0.0, 0.0, 0.0, 0.0, 0.0, 0.0, 0.0, 0.9806697348459034, 0.9781621356733208, 0.9781583653310738, 0.0, 0.0, 0.0, 0.0, 0.0, 0.0, 0.0, 0.0, 0.0], [1.3750324636178062, 0.0, 0.0, 0.0, 1.4391128489604261, 0.0, 0.0, 0.0, 0.0, 0.10337150504209855, 0.0, 0.0, 0.0, 0.0, 0.9668379770192361, 0.0, 0.0, 0.0, 0.0, 0.0, 0.0, 0.0, 0.0], [0.0, 0.0, 0.0, 1.4391128489604261, 0.0, 1.4139446843120478, 0.0, 0.0, 0.0, 0.0, 0.11229670832111716, 0.0, 0.0, 0.0, 0.0, 0.9703763949903047, 0.0, 0.0, 0.0, 0.0, 0.0, 0.0, 0.0], [0.0, 0.0, 0.0, 0.0, 1.4139446843120478, 0.0, 0.9954647555509496, 0.0, 0.0, 1.4022621081324393, 0.0, 0.0, 0.0, 0.0, 0.0, 0.0, 0.0, 0.0, 0.0, 0.0, 0.0, 0.0, 0.0], [0.0, 0.0, 0.0, 0.0, 0.0, 0.9954647555509496, 0.0, 1.0131948181256265, 0.0, 0.0, 0.0, 0.0, 0.0, 0.0, 0.0, 0.0, 0.9681186900223889, 0.9573885776703858, 0.0, 0.0, 0.0, 0.0, 0.0], [0.0, 0.0, 0.0, 0.0, 0.0, 0.0, 1.0131948181256265, 0.0, 1.9726180057130354, 0.0, 0.0, 0.0, 0.0, 0.0, 0.0, 0.0, 0.0, 0.0, 0.9679853235839035, 0.0, 0.0, 0.0, 0.0], [0.0, 0.0, 0.0, 0.0, 0.0, 0.0, 0.0, 1.9726180057130354, 0.0, 0.0, 0.0, 0.0, 0.0, 0.0, 0.0, 0.0, 0.0, 0.0, 0.0, 0.976698498894953, 0.9775957284655341, 0.0, 0.0], [0.0, 0.0, 0.0, 0.10337150504209855, 0.0, 1.4022621081324393, 0.0, 0.0, 0.0, 0.0, 1.4586860626032776, 0.0, 0.0, 0.0, 0.0, 0.0, 0.0, 0.0, 0.0, 0.0, 0.0, 0.969370149667393, 0.0], [1.3579187489457845, 0.0, 0.0, 0.0, 0.11229670832111716, 0.0, 0.0, 0.0, 0.0, 1.4586860626032776, 0.0, 0.0, 0.0, 0.0, 0.0, 0.0, 0.0, 0.0, 0.0, 0.0, 0.0, 0.0, 0.9686366859299735], [0.0, 0.0, 0.9806697348459034, 0.0, 0.0, 0.0, 0.0, 0.0, 0.0, 0.0, 0.0, 0.0, 0.0, 0.0, 0.0, 0.0, 0.0, 0.0, 0.0, 0.0, 0.0, 0.0, 0.0], [0.0, 0.0, 0.9781621356733208, 0.0, 0.0, 0.0, 0.0, 0.0, 0.0, 0.0, 0.0, 0.0, 0.0, 0.0, 0.0, 0.0, 0.0, 0.0, 0.0, 0.0, 0.0, 0.0, 0.0], [0.0, 0.0, 0.9781583653310738, 0.0, 0.0, 0.0, 0.0, 0.0, 0.0, 0.0, 0.0, 0.0, 0.0, 0.0, 0.0, 0.0, 0.0, 0.0, 0.0, 0.0, 0.0, 0.0, 0.0], [0.0, 0.0, 0.0, 0.9668379770192361, 0.0, 0.0, 0.0, 0.0, 0.0, 0.0, 0.0, 0.0, 0.0, 0.0, 0.0, 0.0, 0.0, 0.0, 0.0, 0.0, 0.0, 0.0, 0.0], [0.0, 0.0, 0.0, 0.0, 0.9703763949903047, 0.0, 0.0, 0.0, 0.0, 0.0, 0.0, 0.0, 0.0, 0.0, 0.0, 0.0, 0.0, 0.0, 0.0, 0.0, 0.0, 0.0, 0.0], [0.0, 0.0, 0.0, 0.0, 0.0, 0.0, 0.9681186900223889, 0.0, 0.0, 0.0, 0.0, 0.0, 0.0, 0.0, 0.0, 0.0, 0.0, 0.0, 0.0, 0.0, 0.0, 0.0, 0.0], [0.0, 0.0, 0.0, 0.0, 0.0, 0.0, 0.9573885776703858, 0.0, 0.0, 0.0, 0.0, 0.0, 0.0, 0.0, 0.0, 0.0, 0.0, 0.0, 0.0, 0.0, 0.0, 0.0, 0.0], [0.0, 0.0, 0.0, 0.0, 0.0, 0.0, 0.0, 0.9679853235839035, 0.0, 0.0, 0.0, 0.0, 0.0, 0.0, 0.0, 0.0, 0.0, 0.0, 0.0, 0.0, 0.0, 0.0, 0.0], [0.0, 0.0, 0.0, 0.0, 0.0, 0.0, 0.0, 0.0, 0.976698498894953, 0.0, 0.0, 0.0, 0.0, 0.0, 0.0, 0.0, 0.0, 0.0, 0.0, 0.0, 0.0, 0.0, 0.0], [0.0, 0.0, 0.0, 0.0, 0.0, 0.0, 0.0, 0.0, 0.9775957284655341, 0.0, 0.0, 0.0, 0.0, 0.0, 0.0, 0.0, 0.0, 0.0, 0.0, 0.0, 0.0, 0.0, 0.0], [0.0, 0.0, 0.0, 0.0, 0.0, 0.0, 0.0, 0.0, 0.0, 0.969370149667393, 0.0, 0.0, 0.0, 0.0, 0.0, 0.0, 0.0, 0.0, 0.0, 0.0, 0.0, 0.0, 0.0], [0.0, 0.0, 0.0, 0.0, 0.0, 0.0, 0.0, 0.0, 0.0, 0.0, 0.9686366859299735, 0.0, 0.0, 0.0, 0.0, 0.0, 0.0, 0.0, 0.0, 0.0, 0.0, 0.0, 0.0]], "Born radii": [], "Atomic SASAs": [], "Solvent H bonds": [], "Total SASA": NaN, "Total FOD": 0.0, "FOD": [0.0, 0.0, 0.0, 0.0, 0.0, 0.0, 0.0, 0.0, 0.0, 0.0, 0.0, 0.0, 0.0, 0.0, 0.0, 0.0, 0.0, 0.0, 0.0, 0.0, 0.0, 0.0, 0.0], "FOD s proportion": [0.0, 0.0, 0.0, 0.0, 0.0, 0.0, 0.0, 0.0, 0.0, 0.0, 0.0, 0.0, 0.0, 0.0, 0.0, 0.0, 0.0, 0.0, 0.0, 0.0, 0.0, 0.0, 0.0], "FOD p proportion": [0.0, 0.0, 0.0, 0.0, 0.0, 0.0, 0.0, 0.0, 0.0, 0.0, 0.0, 0.0, 0.0, 0.0, 0.0, 0.0, 0.0, 0.0, 0.0, 0.0, 0.0, 0.0, 0.0], "FOD d proportion": [0.0, 0.0, 0.0, 0.0, 0.0, 0.0, 0.0, 0.0, 0.0, 0.0, 0.0, 0.0, 0.0, 0.0, 0.0, 0.0, 0.0, 0.0, 0.0, 0.0, 0.0, 0.0, 0.0], "coordinates": [["1.96840", "-0.37450", "0.17030"], ["3.29780", "-0.61020", "-0.04910"], ["4.03040", "0.41430", "-0.70880"], ["1.26730", "0.77550", "-0.19090"], ["-0.09830", "0.88630", "0.09540"], ["-0.78010", "-0.14840", "0.75030"], ["-2.25650", "-0.02770", "1.04330"], ["-3.10410", "-0.33870", "-0.15800"], ["-3.98120", "0.51240", "-0.70660"], ["-0.07250", "-1.30320", "1.10320"], ["1.29070", "-1.41040", "0.81660"], ["5.06590", "0.07440", "-0.80700"], ["3.64140", "0.59150", "-1.71700"], ["4.03770", "1.33700", "-0.11910"], ["1.74890", "1.60400", "-0.69870"], ["-0.63160", "1.78730", "-0.20070"], ["-2.46250", "0.98020", "1.42570"], ["-2.53040", "-0.71510", "1.85350"], ["-2.98600", "-1.32820", "-0.59560"], ["-4.13660", "1.50980", "-0.30750"], ["-4.56350", "0.22340", "-1.57630"], ["-0.57510", "-2.12810", "1.60270"], ["1.82980", "-2.31170", "1.09790"]], "bond_dist": [[0.0, 1.3678432695305411, 2.3763135841045897, 1.3944556823363012, 2.4220808285439195, 2.8181152318526648, 4.328068766782709, 5.08323900480786, 6.078921399393153, 2.428591960375394, 1.3964489929818418, 3.278892000356218, 2.7007381009642533, 2.7009233791427705, 2.1720505288781844, 3.4016202374750772, 4.800428737102551, 4.815430618335187, 5.103158420037535, 6.407019925831353, 6.787769411227815, 3.4053303760428295, 2.1523000627235973], [1.3678432695305411, 0.0, 1.4217971374285432, 2.462356996862965, 3.7140123465061343, 4.181096508094497, 5.69059684918902, 6.408579801328839, 7.394347706863669, 3.6286314748125084, 2.3277042209009293, 2.041878346033377, 2.0842346940783805, 2.084212045354311, 2.779164084756422, 4.60555894219149, 6.155116838046212, 6.1317865267799405, 6.348253987514992, 7.735080731317547, 8.05153814435478, 4.475691908520961, 2.5230408736284873], [2.3763135841045897, 1.4217971374285432, 0.0, 2.8343266325531364, 4.232692444532204, 5.058311412912416, 6.541431801983416, 7.19524008563995, 8.01220088427643, 4.802805290660865, 3.627992742550624, 1.094273960212889, 1.0950744632215657, 1.09506834033315, 2.5730779914336064, 4.886464837691968, 6.858139942433372, 7.133373836411492, 7.23042111152594, 8.249912177714378, 8.639682648685659, 5.746082166137202, 3.941811924737151], [1.3944556823363012, 2.462356996862965, 2.8343266325531364, 0.0, 1.39968128157806, 2.435425098417112, 3.819102816107469, 4.511281637184714, 5.280333355953959, 2.7911919568528423, 2.4070236018784694, 3.911583104064133, 2.8282835819627423, 2.827641004441688, 1.0845329178959946, 2.15166365633665, 4.070221823193424, 4.563330473459051, 4.76234151127363, 5.454807719800947, 6.018502821300327, 3.8784444923190535, 3.3923760891151207], [2.4220808285439195, 3.7140123465061343, 4.232692444532204, 1.39968128157806, 0.0, 1.4015524749362758, 2.5281886104481996, 3.2557134701935917, 3.9824512074851586, 2.410443264215111, 2.779259133294339, 5.304947597290665, 4.166180131727383, 4.166009690339186, 2.13490888330158, 1.088064841817803, 2.7143980806064536, 3.4015449401705693, 3.7040926743266027, 4.10596487442355, 4.813733305865625, 3.4038065294608035, 3.8664945182943167], [2.8181152318526648, 4.181096508094497, 5.058311412912416, 2.435425098417112, 1.4015524749362758, 0.0, 1.5100246521166467, 2.502438606639531, 3.5785828843272585, 1.3995710807243766, 2.4259539010459372, 6.05396887421797, 5.117097180042607, 5.116001012509673, 3.4009333660041032, 2.1618019659534036, 2.135502957150844, 2.145168809208264, 2.8406635950073356, 3.890329077340373, 4.457063872102351, 2.1651380671910974, 3.4076781919659025], [4.328068766782709, 5.69059684918902, 6.541431801983416, 3.819102816107469, 2.5281886104481996, 1.5100246521166467, 0.0, 1.5027536225210036, 2.515640695727432, 2.5298901675764505, 3.8139061367579568, 7.553249384205449, 6.541245228547849, 6.544504067536363, 4.662642818187986, 2.7353356302289487, 1.0975099862871407, 1.097252938022952, 2.215730965167026, 2.779090300799886, 3.4996577504093174, 2.7480382966763766, 4.68161135187448], [5.08323900480786, 6.408579801328839, 7.19524008563995, 4.511281637184714, 3.2557134701935917, 2.502438606639531, 1.5027536225210036, 0.0, 1.3396408399268813, 3.422204589150099, 4.627380802354611, 8.206141152210336, 6.98552240637735, 7.335856523951379, 5.255287697167492, 3.261127955171339, 2.1585303935780007, 2.12530960097582, 1.0883710856137256, 2.1225830372449503, 2.111250733570033, 3.563405372673729, 5.460163277778421], [6.078921399393153, 7.394347706863669, 8.01220088427643, 5.280333355953959, 3.9824512074851586, 3.5785828843272585, 2.515640695727432, 1.3396408399268813, 0.0, 4.674367881328982, 5.814656283048896, 9.05825273272942, 7.689681120176571, 8.082566338731777, 5.833155147945235, 3.6195476209051316, 2.6593213081536424, 3.1883677485509727, 2.095364502896811, 1.085466134893208, 1.0858049456509216, 4.889440044626787, 6.7081653274200095], [2.428591960375394, 3.6286314748125084, 4.802805290660865, 2.7911919568528423, 2.410443264215111, 1.3995710807243766, 2.5298901675764505, 3.422204589150099, 4.674367881328982, 0.0, 1.3971204815619875, 5.652415444745723, 5.033534477879336, 5.035714186686929, 3.875068181335652, 3.400579108034395, 3.321147664588252, 2.636301217615317, 3.3726886440939077, 5.140034270313769, 5.447871952423259, 1.0874589739387872, 2.153101397983848], [1.3964489929818418, 2.3277042209009293, 3.627992742550624, 2.4070236018784694, 2.779259133294339, 2.4259539010459372, 3.8139061367579568, 4.627380802354611, 5.814656283048896, 1.3971204815619875, 0.0, 4.369535792278168, 3.994060973495522, 3.996216992356646, 3.4048037667389877, 3.867224052211095, 4.491378564538954, 4.019876728209462, 4.50457862291247, 6.264722989885507, 6.531992842157745, 2.1480819677097984, 1.0872443101713616], [3.278892000356218, 2.041878346033377, 1.094273960212889, 3.911583104064133, 5.304947597290665, 6.05396887421797, 7.553249384205449, 8.206141152210336, 9.05825273272942, 5.652415444745723, 4.369535792278168, 0.0, 1.767680021949674, 1.7676426137655765, 3.6542980242448757, 5.980228452994083, 7.90457016478442, 8.087357058396767, 8.17588345868506, 9.32715817706551, 9.661230141653805, 6.517556393311837, 4.449096585825037], [2.7007381009642533, 2.0842346940783805, 1.0950744632215657, 2.8282835819627423, 4.166180131727383, 5.117097180042607, 6.541245228547849, 6.98552240637735, 7.689681120176571, 5.033534477879336, 3.994060973495522, 1.767680021949674, 0.0, 1.8072377679763116, 2.3756362074189727, 4.689097176429595, 6.876426847571345, 7.248916405229129, 6.9903659997170395, 7.957841990137778, 8.214358046128742, 6.016269982306312, 4.43104127830017], [2.7009233791427705, 2.084212045354311, 1.09506834033315, 2.827641004441688, 4.166009690339186, 5.116001012509673, 6.544504067536363, 7.335856523951379, 8.082566338731777, 5.035714186686929, 3.996216992356646, 1.7676426137655765, 1.8072377679763116, 0.0, 2.3760956630573613, 4.691672531198229, 6.6907632838114965, 7.158365929456248, 7.527463382840199, 8.178296576304872, 8.794553896588502, 6.020750542083603, 4.434965963792732], [2.1720505288781844, 2.779164084756422, 2.5730779914336064, 1.0845329178959946, 2.13490888330158, 3.4009333660041032, 4.662642818187986, 5.255287697167492, 5.833155147945235, 3.875068181335652, 3.4048037667389877, 3.6542980242448757, 2.3756362074189727, 2.3760956630573613, 0.0, 2.4389307370239117, 4.757950373847965, 5.495849173694635, 5.570251741169334, 5.899239046690682, 6.520937960140397, 4.962457896043048, 4.308946838845891], [3.4016202374750772, 4.60555894219149, 4.886464837691968, 2.15166365633665, 1.088064841817803, 2.1618019659534036, 2.7353356302289487, 3.261127955171339, 3.6195476209051316, 3.400579108034395, 3.867224052211095, 5.980228452994083, 4.689097176429595, 4.691672531198229, 2.4389307370239117, 0.0, 2.578523255663985, 3.7532898689016814, 3.924982244545827, 3.5175897273559342, 4.4494826867850605, 4.311125255661218, 4.954457883563045], [4.800428737102551, 6.155116838046212, 6.858139942433372, 4.070221823193424, 2.7143980806064536, 2.135502957150844, 1.0975099862871407, 2.1585303935780007, 2.6593213081536424, 3.321147664588252, 4.491378564538954, 7.90457016478442, 6.876426847571345, 6.6907632838114965, 4.757950373847965, 2.578523255663985, 0.0, 1.7497615094635042, 3.112622126118106, 2.467198656371229, 3.7415172376991666, 3.6407604494116335, 5.4192156019114055], [4.815430618335187, 6.1317865267799405, 7.133373836411492, 4.563330473459051, 3.4015449401705693, 2.145168809208264, 1.097252938022952, 2.12530960097582, 3.1883677485509727, 2.636301217615317, 4.019876728209462, 8.087357058396767, 7.248916405229129, 7.158365929456248, 5.495849173694635, 3.7532898689016814, 1.7497615094635042, 0.0, 2.565453913053205, 3.4928468975894145, 4.096072008644379, 2.4254211448736074, 4.704402933423115], [5.103158420037535, 6.348253987514992, 7.23042111152594, 4.76234151127363, 3.7040926743266027, 2.8406635950073356, 2.215730965167026, 1.0883710856137256, 2.095364502896811, 3.3726886440939077, 4.50457862291247, 8.17588345868506, 6.9903659997170395, 7.527463382840199, 5.570251741169334, 3.924982244545827, 3.112622126118106, 2.565453913053205, 0.0, 3.0758943366117113, 2.4202771122332254, 3.3592858928647322, 5.198763712653231], [6.407019925831353, 7.735080731317547, 8.249912177714378, 5.454807719800947, 4.10596487442355, 3.890329077340373, 2.779090300799886, 2.1225830372449503, 1.085466134893208, 5.140034270313769, 6.264722989885507, 9.32715817706551, 7.957841990137778, 8.178296576304872, 5.899239046690682, 3.5175897273559342, 2.467198656371229, 3.4928468975894145, 3.0758943366117113, 0.0, 1.8565888101569505, 5.437597143959821, 7.223360739295803], [6.787769411227815, 8.05153814435478, 8.639682648685659, 6.018502821300327, 4.813733305865625, 4.457063872102351, 3.4996577504093174, 2.111250733570033, 1.0858049456509216, 5.447871952423259, 6.531992842157745, 9.661230141653805, 8.214358046128742, 8.794553896588502, 6.520937960140397, 4.4494826867850605, 3.7415172376991666, 4.096072008644379, 2.4202771122332254, 1.8565888101569505, 0.0, 5.616309091387333, 7.379184408862541], [3.4053303760428295, 4.475691908520961, 5.746082166137202, 3.8784444923190535, 3.4038065294608035, 2.1651380671910974, 2.7480382966763766, 3.563405372673729, 4.889440044626787, 1.0874589739387872, 2.1480819677097984, 6.517556393311837, 6.016269982306312, 6.020750542083603, 4.962457896043048, 4.311125255661218, 3.6407604494116335, 2.4254211448736074, 3.3592858928647322, 5.437597143959821, 5.616309091387333, 0.0, 2.464158276166529], [2.1523000627235973, 2.5230408736284873, 3.941811924737151, 3.3923760891151207, 3.8664945182943167, 3.4076781919659025, 4.68161135187448, 5.460163277778421, 6.7081653274200095, 2.153101397983848, 1.0872443101713616, 4.449096585825037, 4.43104127830017, 4.434965963792732, 4.308946838845891, 4.954457883563045, 5.4192156019114055, 4.704402933423115, 5.198763712653231, 7.223360739295803, 7.379184408862541, 2.464158276166529, 0.0]]}