{"total energy": -44.55160865, "HOMO-LUMO gap/eV": 4.10122026, "electronic energy": -45.08494955, "dipole": [-0.42387898, -0.64717134, -0.48037023], "partial charges": [-0.097154, 0.01004952, -0.17956927, 0.29552579, -0.44352451, -0.12733793, 0.00698447, -0.11078991, 0.04024708, -0.05988629, -0.05505539, -0.05649098, -0.05542809, -0.05925414, 0.0506444, 0.04224844, 0.03970385, 0.04862658, 0.06294474, 0.05302935, 0.05134421, 0.05165586, 0.0455639, 0.04453481, 0.0669492, 0.03655586, 0.03386727, 0.03229824, 0.03405715, 0.0309333, 0.03154314, 0.03581565, 0.03230316, 0.03810171, 0.02896282], "atomic dipole moments": [[-0.04099352, -0.02864063, 0.10792439], [-0.07379714, -0.09914316, -0.09072901], [-0.04010565, 0.51538853, -0.09201146], [0.03429918, -0.03338237, 0.01461568], [0.00533613, -0.184941, -0.00188979], [-0.04303987, -0.02331558, 0.02223138], [0.0492198, 0.12490982, -0.08304459], [-0.06075258, 0.05580045, 0.09831905], [0.04458134, -0.14296987, 0.05841219], [-0.03133768, 0.10582653, 0.05923924], [0.01500708, -0.05480227, 0.10158487], [0.10968508, 0.04016589, 0.00942451], [0.04516749, -0.09912961, -0.04253627], [0.00371289, 0.04602612, -0.11073186], [-0.09095777, 0.0433183, -0.08302584], [0.06040154, -0.09804726, -0.05480734], [0.08531308, 0.09292429, 0.00953602], [0.0942142, -0.03341826, 0.07194747], [-0.0498895, 0.10688636, 0.06181965], [0.04635566, -0.03934048, 0.11104164], [-0.11651256, -0.04398529, 0.00889227], [0.12568986, 0.03269925, -0.01185562], [-0.05068039, 0.02344549, -0.11342833], [-0.00342758, -0.1256424, 0.0149014], [0.03149151, 0.11841321, -0.03271414], [-0.03419057, -0.1187177, 0.0106713], [0.08422624, -0.00215865, -0.09187131], [-0.04880745, -0.05507943, -0.09908458], [0.03431092, 0.11261792, -0.04021207], [-0.09380583, 0.06878798, -0.04117532], [-0.04969909, -0.10993142, 0.02400097], [0.02883517, 0.11975518, -0.01853374], [-0.08756761, 0.00194376, 0.08707831], [0.04362485, 0.0591771, 0.10379455], [-0.03766507, -0.10749329, 0.04579118]], "atomic quadrupole moments": [[-0.07040157, 0.06294295, -0.08805155, -0.12464431, -0.07551388, 0.15845312], [0.00051221, 0.31200135, 0.05480007, -0.03887566, -0.03582653, -0.05531228], [0.26069939, 0.08143183, 0.14396958, 0.25886946, -0.12073477, -0.40466896], [-0.03849814, -0.09503849, -0.26065271, -0.22187858, -0.09093889, 0.29915085], [-0.02195834, -0.00948511, -0.07826417, -0.07612673, -0.00959201, 0.10022251], [-0.02324557, -0.05817328, 0.06770435, -0.0056143, -0.02342866, -0.04445878], [-0.1518253, -0.04288996, 0.23486956, -0.08337222, 0.05458865, -0.08304426], [-0.05612898, -0.08476181, -0.02783018, -0.12886715, 0.12541153, 0.08395916], [0.12150053, -0.12018944, -0.15376288, 0.07617148, 0.05109643, 0.03226235], [0.02480314, -0.09865523, -0.05147535, 0.16730478, 0.06624476, 0.0266722], [0.14595084, -0.1566833, -0.12968725, -0.07306359, -0.03488771, -0.01626359], [-0.00379202, 0.02832051, -0.16589233, -0.05874378, 0.12767797, 0.16968434], [0.03891567, -0.08849098, -0.0865413, 0.18553472, 0.05878943, 0.04762563], [0.14982063, -0.14600065, -0.13568319, -0.07006849, -0.05274954, -0.01413744], [0.03898973, -0.02433409, -0.03821148, 0.03974829, -0.02146087, -0.00077825], [-0.02884004, -0.04276877, 0.0454799, -0.0244682, 0.02502504, -0.01663987], [0.00598514, 0.06645609, 0.02158083, 0.01289597, 0.01614972, -0.02756598], [0.03786816, -0.01159671, -0.02956069, 0.03402409, -0.03006969, -0.00830747], [-0.00343783, -0.01831002, 0.03103535, -0.02754882, 0.0082882, -0.02759753], [-0.01076515, -0.01344343, -0.00760321, 0.03810901, 0.00495423, 0.01836836], [0.05021191, 0.00520731, -0.01066416, 0.011412, 0.01229237, -0.03954775], [0.0612886, 0.04288523, -0.03174753, 0.00654074, 0.01237646, -0.02954107], [-0.00174948, -0.02759052, -0.04158765, 0.04633138, -0.02689145, 0.04333713], [-0.04916248, 0.00727583, 0.08131593, -0.01112852, -0.02345044, -0.03215346], [-0.00365309, 0.01441317, 0.01171484, 0.00261391, -0.00360161, -0.00806175], [-0.01596078, 0.0228798, 0.04107545, 0.00696306, -0.03389665, -0.02511467], [0.02234455, 0.00515181, -0.03323196, -0.04115306, -0.00686787, 0.0108874], [-0.00871635, 0.01399111, -0.00783341, 0.02425348, 0.04113372, 0.01654976], [-0.00385343, 0.01838819, 0.04792792, -0.01460288, -0.01347511, -0.04407449], [0.00954985, -0.04439855, 0.00165507, 0.0204876, -0.01616888, -0.01120492], [-0.04208228, 0.02397195, 0.04935633, -0.01470048, -0.0125296, -0.00727404], [-0.01632444, 0.03029297, 0.03754434, 0.01275578, -0.02684451, -0.02121991], [0.01850214, 0.00510935, -0.03838856, -0.03879636, -0.00718503, 0.01988642], [-0.00561198, 0.01823957, -0.0041214, 0.02739966, 0.03523152, 0.00973337], [-0.01229715, 0.01933532, 0.05575664, -0.01027609, -0.015052, -0.04345949]], "number of molecular orbitals": 82, "number of electrons": 82, "number of unpaired electrons": 0, "orbital energies/eV": [-19.52896706, -18.86909953, -17.85162787, -17.47393726, -17.19683235, -16.97171643, -16.80433979, -16.7709513, -16.19783509, -16.05235997, -15.76712036, -15.614176, -15.23589615, -15.13314171, -14.87754398, -14.77254707, -14.46885326, -14.14564381, -13.93187872, -13.77202079, -13.73129691, -13.68781146, -13.59933599, -13.41210149, -13.24062138, -13.11535646, -13.04583187, -13.01588103, -12.83410887, -12.69274551, -12.21993374, -12.13817782, -12.08991617, -12.03527503, -12.002852, -11.71914063, -11.60560191, -11.43790025, -10.80063798, -10.56199861, -10.15044836, -6.0492281, -5.23523886, -3.79795917, -1.06445462, -0.24057256, 0.24207979, 1.02377222, 1.34599486, 1.97935334, 2.3488482, 2.4608376, 2.70408343, 2.78408947, 2.91792359, 3.23933741, 3.30075547, 3.85304884, 3.98666621, 4.10615878, 4.33287173, 4.45136901, 4.65101624, 4.77519778, 4.98579542, 5.09016424, 5.21137387, 5.30562549, 5.56358091, 5.85839904, 6.21897423, 6.43421107, 6.72323464, 7.008126, 7.36301197, 7.49521885, 7.65656161, 7.86881121, 8.00269393, 9.13505045, 13.29571254, 16.06295476], "fractional occupation": [2.0, 2.0, 2.0, 2.0, 2.0, 2.0, 2.0, 2.0, 2.0, 2.0, 2.0, 2.0, 2.0, 2.0, 2.0, 2.0, 2.0, 2.0, 2.0, 2.0, 2.0, 2.0, 2.0, 2.0, 2.0, 2.0, 2.0, 2.0, 2.0, 2.0, 2.0, 2.0, 2.0, 2.0, 2.0, 2.0, 2.0, 2.0, 2.0, 2.0, 2.0, 0.0, 0.0, 0.0, 0.0, 0.0, 0.0, 0.0, 0.0, 0.0, 0.0, 0.0, 0.0, 0.0, 0.0, 0.0, 0.0, 0.0, 0.0, 0.0, 0.0, 0.0, 0.0, 0.0, 0.0, 0.0, 0.0, 0.0, 0.0, 0.0, 0.0, 0.0, 0.0, 0.0, 0.0, 0.0, 0.0, 0.0, 0.0, 0.0, 0.0, 0.0], "program call": "xtb /home/svss/Project-DBcg-Debug/aqme2_20220329/End-to-End-workflows-final/example-3/QDESCP/mol_271_rdkit_conf_4/mol_271_rdkit_conf_4.xyz --pop --wbo --acc 0.2 --gfn 2 --chrg 0 --uhf 0 --etemp 300 --input /home/svss/Project-DBcg-Debug/aqme2_20220329/End-to-End-workflows-final/example-3/QDESCP/mol_271_rdkit_conf_4/mol_271_rdkit_conf_4_xtb.inp", "method": "GFN2-xTB", "xtb version": "6.3.3 (7355c4f)", "Dipole module/D": 2.315, "Total charge": 0, "Transition dipole module/D": NaN, "HOMO": -10.1504, "LUMO": -6.0492, "HOMO occupancy": 2.0, "LUMO occupancy": 0, "mulliken charges": [-0.08685, 0.04132, -0.12737, 0.4979, -0.55805, -0.30093, 0.09465, -0.09531, 0.1187, -0.06152, -0.04446, -0.04858, -0.04581, -0.06063, 0.04412, 0.02358, 0.03098, 0.02756, 0.04809, 0.03174, 0.03243, 0.03534, 0.0339, 0.03329, 0.05355, 0.02408, 0.03232, 0.02756, 0.02742, 0.02762, 0.02257, 0.02925, 0.02789, 0.04276, 0.02085], "cm5 charges": [-0.23396, -0.05113, -0.16127, 0.60533, -0.60769, -0.54534, 0.04316, -0.24028, 0.10945, -0.16537, -0.15405, -0.15807, -0.15524, -0.16281, 0.09828, 0.07533, 0.08189, 0.08343, 0.10735, 0.09815, 0.09803, 0.08967, 0.08773, 0.08449, 0.12995, 0.08264, 0.08927, 0.08178, 0.08279, 0.08184, 0.07791, 0.08465, 0.08213, 0.10092, 0.07903], "FUKUI+": [0.031, 0.021, -0.362, -0.045, -0.147, -0.06, 0.017, 0.015, 0.011, 0.004, 0.006, 0.008, 0.005, 0.004, -0.022, -0.036, -0.059, -0.066, -0.059, -0.011, -0.047, 0.001, -0.026, -0.034, -0.013, -0.014, -0.009, -0.022, -0.011, -0.021, -0.012, -0.01, -0.021, 0.001, -0.015], "FUKUI-": [0.014, 0.032, -0.288, 0.025, -0.062, -0.075, 0.019, 0.01, -0.002, 0.006, 0.004, 0.005, 0.005, -0.005, -0.014, -0.022, -0.043, -0.041, -0.042, -0.027, -0.037, -0.013, -0.021, -0.037, -0.035, -0.027, -0.041, -0.046, -0.025, -0.035, -0.026, -0.031, -0.065, -0.029, -0.032], "FUKUIrad": [0.023, 0.027, -0.325, -0.01, -0.105, -0.068, 0.018, 0.012, 0.004, 0.005, 0.005, 0.007, 0.005, -0.001, -0.018, -0.029, -0.051, -0.053, -0.051, -0.019, -0.042, -0.006, -0.024, -0.035, -0.024, -0.021, -0.025, -0.034, -0.018, -0.028, -0.019, -0.021, -0.043, -0.014, -0.023], "s proportion": [1.011, 1.032, 1.924, 1.0, 1.73, 1.454, 1.005, 1.012, 1.037, 1.037, 1.029, 1.029, 1.029, 1.036, 0.956, 0.976, 0.969, 0.972, 0.952, 0.968, 0.968, 0.965, 0.966, 0.967, 0.946, 0.976, 0.968, 0.972, 0.973, 0.972, 0.977, 0.971, 0.972, 0.957, 0.979], "p proportion": [3.076, 2.927, 4.203, 2.503, 4.828, 3.847, 2.901, 3.083, 2.844, 3.025, 3.015, 3.02, 3.017, 3.024, 0.0, 0.0, 0.0, 0.0, 0.0, 0.0, 0.0, 0.0, 0.0, 0.0, 0.0, 0.0, 0.0, 0.0, 0.0, 0.0, 0.0, 0.0, 0.0, 0.0, 0.0], "d proportion": [0.0, 0.0, 0.0, 0.0, 0.0, 0.0, 0.0, 0.0, 0.0, 0.0, 0.0, 0.0, 0.0, 0.0, 0.0, 0.0, 0.0, 0.0, 0.0, 0.0, 0.0, 0.0, 0.0, 0.0, 0.0, 0.0, 0.0, 0.0, 0.0, 0.0, 0.0, 0.0, 0.0, 0.0, 0.0], "Fermi-level/eV": -8.0998, "Coordination numbers": [3.782, 3.793, 2.033, 2.748, 0.88, 2.756, 3.735, 3.749, 3.791, 3.802, 3.802, 3.803, 3.802, 3.802, 0.924, 0.924, 0.924, 0.924, 0.924, 0.924, 0.924, 0.924, 0.924, 0.924, 0.923, 0.924, 0.924, 0.924, 0.924, 0.924, 0.924, 0.924, 0.924, 0.924, 0.924], "Dispersion coefficient C6": [22.374, 20.416, 148.664, 21.986, 22.559, 23.761, 20.546, 22.685, 19.907, 21.652, 21.562, 21.588, 21.569, 21.64, 2.312, 2.419, 2.453, 2.337, 2.165, 2.283, 2.303, 2.299, 2.376, 2.389, 2.12, 2.495, 2.532, 2.554, 2.53, 2.573, 2.565, 2.505, 2.554, 2.474, 2.601], "Total dispersion C6": 11058.398635, "Total dispersion C8": 265974.742858, "Polarizability alpha": [6.738, 6.434, 20.521, 7.678, 6.369, 7.24, 6.469, 6.793, 6.354, 6.625, 6.611, 6.615, 6.612, 6.623, 2.378, 2.432, 2.449, 2.391, 2.301, 2.363, 2.373, 2.371, 2.411, 2.417, 2.277, 2.47, 2.489, 2.499, 2.487, 2.509, 2.504, 2.475, 2.499, 2.46, 2.522], "Total polarizability alpha": 158.760961, "Wiberg matrix": [[0.0, 1.025462198018993, 0.0, 0.0, 0.0, 0.0, 0.0, 0.0, 0.0, 0.0, 0.0, 0.0, 0.0, 0.0, 0.9855395238740801, 0.9869923536405297, 0.9796323230714308, 0.0, 0.0, 0.0, 0.0, 0.0, 0.0, 0.0, 0.0, 0.0, 0.0, 0.0, 0.0, 0.0, 0.0, 0.0, 0.0, 0.0, 0.0], [1.025462198018993, 0.0, 0.9836836782194629, 0.0, 0.0, 0.0, 0.0, 0.0, 0.0, 0.0, 0.0, 0.0, 0.0, 0.0, 0.0, 0.0, 0.0, 0.971651502966864, 0.9693576226373443, 0.0, 0.0, 0.0, 0.0, 0.0, 0.0, 0.0, 0.0, 0.0, 0.0, 0.0, 0.0, 0.0, 0.0, 0.0, 0.0], [0.0, 0.9836836782194629, 0.0, 1.0168203118589454, 0.15561540933383558, 0.0, 0.0, 0.0, 0.0, 0.0, 0.0, 0.0, 0.0, 0.0, 0.0, 0.0, 0.0, 0.0, 0.0, 0.0, 0.0, 0.0, 0.0, 0.0, 0.0, 0.0, 0.0, 0.0, 0.0, 0.0, 0.0, 0.0, 0.0, 0.0, 0.0], [0.0, 0.0, 1.0168203118589454, 0.0, 1.6630569015834054, 1.2101754905121709, 0.0, 0.0, 0.0, 0.0, 0.0, 0.0, 0.0, 0.0, 0.0, 0.0, 0.0, 0.0, 0.0, 0.0, 0.0, 0.0, 0.0, 0.0, 0.0, 0.0, 0.0, 0.0, 0.0, 0.0, 0.0, 0.0, 0.0, 0.0, 0.0], [0.0, 0.0, 0.15561540933383558, 1.6630569015834054, 0.0, 0.17109215767039637, 0.0, 0.0, 0.0, 0.0, 0.0, 0.0, 0.0, 0.0, 0.0, 0.0, 0.0, 0.0, 0.0, 0.0, 0.0, 0.0, 0.0, 0.0, 0.0, 0.0, 0.0, 0.0, 0.0, 0.0, 0.0, 0.0, 0.0, 0.0, 0.0], [0.0, 0.0, 0.0, 1.2101754905121709, 0.17109215767039637, 0.0, 0.9839405384271539, 0.0, 0.9631036156896523, 0.0, 0.0, 0.0, 0.0, 0.0, 0.0, 0.0, 0.0, 0.0, 0.0, 0.0, 0.0, 0.0, 0.0, 0.0, 0.0, 0.0, 0.0, 0.0, 0.0, 0.0, 0.0, 0.0, 0.0, 0.0, 0.0], [0.0, 0.0, 0.0, 0.0, 0.0, 0.9839405384271539, 0.0, 1.0117644617279429, 0.0, 0.0, 0.0, 0.0, 0.0, 0.0, 0.0, 0.0, 0.0, 0.0, 0.0, 0.9651583115175331, 0.9656541863781187, 0.0, 0.0, 0.0, 0.0, 0.0, 0.0, 0.0, 0.0, 0.0, 0.0, 0.0, 0.0, 0.0, 0.0], [0.0, 0.0, 0.0, 0.0, 0.0, 0.0, 1.0117644617279429, 0.0, 0.0, 0.0, 0.0, 0.0, 0.0, 0.0, 0.0, 0.0, 0.0, 0.0, 0.0, 0.0, 0.0, 0.9849291482726009, 0.9839817592433843, 0.9835856157411303, 0.0, 0.0, 0.0, 0.0, 0.0, 0.0, 0.0, 0.0, 0.0, 0.0, 0.0], [0.0, 0.0, 0.0, 0.0, 0.0, 0.9631036156896523, 0.0, 0.0, 0.0, 0.9919769828757881, 0.0, 0.0, 0.0, 0.9863162816942994, 0.0, 0.0, 0.0, 0.0, 0.0, 0.0, 0.0, 0.0, 0.0, 0.0, 0.9576809785947784, 0.0, 0.0, 0.0, 0.0, 0.0, 0.0, 0.0, 0.0, 0.0, 0.0], [0.0, 0.0, 0.0, 0.0, 0.0, 0.0, 0.0, 0.0, 0.9919769828757881, 0.0, 1.005437326771872, 0.0, 0.0, 0.0, 0.0, 0.0, 0.0, 0.0, 0.0, 0.0, 0.0, 0.0, 0.0, 0.0, 0.0, 0.9732310181726981, 0.9754099657033992, 0.0, 0.0, 0.0, 0.0, 0.0, 0.0, 0.0, 0.0], [0.0, 0.0, 0.0, 0.0, 0.0, 0.0, 0.0, 0.0, 0.0, 1.005437326771872, 0.0, 1.0092580385596408, 0.0, 0.0, 0.0, 0.0, 0.0, 0.0, 0.0, 0.0, 0.0, 0.0, 0.0, 0.0, 0.0, 0.0, 0.0, 0.976644367664403, 0.977582640087284, 0.0, 0.0, 0.0, 0.0, 0.0, 0.0], [0.0, 0.0, 0.0, 0.0, 0.0, 0.0, 0.0, 0.0, 0.0, 0.0, 1.0092580385596408, 0.0, 1.009192482716523, 0.0, 0.0, 0.0, 0.0, 0.0, 0.0, 0.0, 0.0, 0.0, 0.0, 0.0, 0.0, 0.0, 0.0, 0.0, 0.0, 0.976920179058625, 0.9776341188266754, 0.0, 0.0, 0.0, 0.0], [0.0, 0.0, 0.0, 0.0, 0.0, 0.0, 0.0, 0.0, 0.0, 0.0, 0.0, 1.009192482716523, 0.0, 1.0063613284094182, 0.0, 0.0, 0.0, 0.0, 0.0, 0.0, 0.0, 0.0, 0.0, 0.0, 0.0, 0.0, 0.0, 0.0, 0.0, 0.0, 0.0, 0.9774292574593461, 0.9765789792261722, 0.0, 0.0], [0.0, 0.0, 0.0, 0.0, 0.0, 0.0, 0.0, 0.0, 0.9863162816942994, 0.0, 0.0, 0.0, 1.0063613284094182, 0.0, 0.0, 0.0, 0.0, 0.0, 0.0, 0.0, 0.0, 0.0, 0.0, 0.0, 0.0, 0.0, 0.0, 0.0, 0.0, 0.0, 0.0, 0.0, 0.0, 0.9762255259654207, 0.9750022872060955], [0.9855395238740801, 0.0, 0.0, 0.0, 0.0, 0.0, 0.0, 0.0, 0.0, 0.0, 0.0, 0.0, 0.0, 0.0, 0.0, 0.0, 0.0, 0.0, 0.0, 0.0, 0.0, 0.0, 0.0, 0.0, 0.0, 0.0, 0.0, 0.0, 0.0, 0.0, 0.0, 0.0, 0.0, 0.0, 0.0], [0.9869923536405297, 0.0, 0.0, 0.0, 0.0, 0.0, 0.0, 0.0, 0.0, 0.0, 0.0, 0.0, 0.0, 0.0, 0.0, 0.0, 0.0, 0.0, 0.0, 0.0, 0.0, 0.0, 0.0, 0.0, 0.0, 0.0, 0.0, 0.0, 0.0, 0.0, 0.0, 0.0, 0.0, 0.0, 0.0], [0.9796323230714308, 0.0, 0.0, 0.0, 0.0, 0.0, 0.0, 0.0, 0.0, 0.0, 0.0, 0.0, 0.0, 0.0, 0.0, 0.0, 0.0, 0.0, 0.0, 0.0, 0.0, 0.0, 0.0, 0.0, 0.0, 0.0, 0.0, 0.0, 0.0, 0.0, 0.0, 0.0, 0.0, 0.0, 0.0], [0.0, 0.971651502966864, 0.0, 0.0, 0.0, 0.0, 0.0, 0.0, 0.0, 0.0, 0.0, 0.0, 0.0, 0.0, 0.0, 0.0, 0.0, 0.0, 0.0, 0.0, 0.0, 0.0, 0.0, 0.0, 0.0, 0.0, 0.0, 0.0, 0.0, 0.0, 0.0, 0.0, 0.0, 0.0, 0.0], [0.0, 0.9693576226373443, 0.0, 0.0, 0.0, 0.0, 0.0, 0.0, 0.0, 0.0, 0.0, 0.0, 0.0, 0.0, 0.0, 0.0, 0.0, 0.0, 0.0, 0.0, 0.0, 0.0, 0.0, 0.0, 0.0, 0.0, 0.0, 0.0, 0.0, 0.0, 0.0, 0.0, 0.0, 0.0, 0.0], [0.0, 0.0, 0.0, 0.0, 0.0, 0.0, 0.9651583115175331, 0.0, 0.0, 0.0, 0.0, 0.0, 0.0, 0.0, 0.0, 0.0, 0.0, 0.0, 0.0, 0.0, 0.0, 0.0, 0.0, 0.0, 0.0, 0.0, 0.0, 0.0, 0.0, 0.0, 0.0, 0.0, 0.0, 0.0, 0.0], [0.0, 0.0, 0.0, 0.0, 0.0, 0.0, 0.9656541863781187, 0.0, 0.0, 0.0, 0.0, 0.0, 0.0, 0.0, 0.0, 0.0, 0.0, 0.0, 0.0, 0.0, 0.0, 0.0, 0.0, 0.0, 0.0, 0.0, 0.0, 0.0, 0.0, 0.0, 0.0, 0.0, 0.0, 0.0, 0.0], [0.0, 0.0, 0.0, 0.0, 0.0, 0.0, 0.0, 0.9849291482726009, 0.0, 0.0, 0.0, 0.0, 0.0, 0.0, 0.0, 0.0, 0.0, 0.0, 0.0, 0.0, 0.0, 0.0, 0.0, 0.0, 0.0, 0.0, 0.0, 0.0, 0.0, 0.0, 0.0, 0.0, 0.0, 0.0, 0.0], [0.0, 0.0, 0.0, 0.0, 0.0, 0.0, 0.0, 0.9839817592433843, 0.0, 0.0, 0.0, 0.0, 0.0, 0.0, 0.0, 0.0, 0.0, 0.0, 0.0, 0.0, 0.0, 0.0, 0.0, 0.0, 0.0, 0.0, 0.0, 0.0, 0.0, 0.0, 0.0, 0.0, 0.0, 0.0, 0.0], [0.0, 0.0, 0.0, 0.0, 0.0, 0.0, 0.0, 0.9835856157411303, 0.0, 0.0, 0.0, 0.0, 0.0, 0.0, 0.0, 0.0, 0.0, 0.0, 0.0, 0.0, 0.0, 0.0, 0.0, 0.0, 0.0, 0.0, 0.0, 0.0, 0.0, 0.0, 0.0, 0.0, 0.0, 0.0, 0.0], [0.0, 0.0, 0.0, 0.0, 0.0, 0.0, 0.0, 0.0, 0.9576809785947784, 0.0, 0.0, 0.0, 0.0, 0.0, 0.0, 0.0, 0.0, 0.0, 0.0, 0.0, 0.0, 0.0, 0.0, 0.0, 0.0, 0.0, 0.0, 0.0, 0.0, 0.0, 0.0, 0.0, 0.0, 0.0, 0.0], [0.0, 0.0, 0.0, 0.0, 0.0, 0.0, 0.0, 0.0, 0.0, 0.9732310181726981, 0.0, 0.0, 0.0, 0.0, 0.0, 0.0, 0.0, 0.0, 0.0, 0.0, 0.0, 0.0, 0.0, 0.0, 0.0, 0.0, 0.0, 0.0, 0.0, 0.0, 0.0, 0.0, 0.0, 0.0, 0.0], [0.0, 0.0, 0.0, 0.0, 0.0, 0.0, 0.0, 0.0, 0.0, 0.9754099657033992, 0.0, 0.0, 0.0, 0.0, 0.0, 0.0, 0.0, 0.0, 0.0, 0.0, 0.0, 0.0, 0.0, 0.0, 0.0, 0.0, 0.0, 0.0, 0.0, 0.0, 0.0, 0.0, 0.0, 0.0, 0.0], [0.0, 0.0, 0.0, 0.0, 0.0, 0.0, 0.0, 0.0, 0.0, 0.0, 0.976644367664403, 0.0, 0.0, 0.0, 0.0, 0.0, 0.0, 0.0, 0.0, 0.0, 0.0, 0.0, 0.0, 0.0, 0.0, 0.0, 0.0, 0.0, 0.0, 0.0, 0.0, 0.0, 0.0, 0.0, 0.0], [0.0, 0.0, 0.0, 0.0, 0.0, 0.0, 0.0, 0.0, 0.0, 0.0, 0.977582640087284, 0.0, 0.0, 0.0, 0.0, 0.0, 0.0, 0.0, 0.0, 0.0, 0.0, 0.0, 0.0, 0.0, 0.0, 0.0, 0.0, 0.0, 0.0, 0.0, 0.0, 0.0, 0.0, 0.0, 0.0], [0.0, 0.0, 0.0, 0.0, 0.0, 0.0, 0.0, 0.0, 0.0, 0.0, 0.0, 0.976920179058625, 0.0, 0.0, 0.0, 0.0, 0.0, 0.0, 0.0, 0.0, 0.0, 0.0, 0.0, 0.0, 0.0, 0.0, 0.0, 0.0, 0.0, 0.0, 0.0, 0.0, 0.0, 0.0, 0.0], [0.0, 0.0, 0.0, 0.0, 0.0, 0.0, 0.0, 0.0, 0.0, 0.0, 0.0, 0.9776341188266754, 0.0, 0.0, 0.0, 0.0, 0.0, 0.0, 0.0, 0.0, 0.0, 0.0, 0.0, 0.0, 0.0, 0.0, 0.0, 0.0, 0.0, 0.0, 0.0, 0.0, 0.0, 0.0, 0.0], [0.0, 0.0, 0.0, 0.0, 0.0, 0.0, 0.0, 0.0, 0.0, 0.0, 0.0, 0.0, 0.9774292574593461, 0.0, 0.0, 0.0, 0.0, 0.0, 0.0, 0.0, 0.0, 0.0, 0.0, 0.0, 0.0, 0.0, 0.0, 0.0, 0.0, 0.0, 0.0, 0.0, 0.0, 0.0, 0.0], [0.0, 0.0, 0.0, 0.0, 0.0, 0.0, 0.0, 0.0, 0.0, 0.0, 0.0, 0.0, 0.9765789792261722, 0.0, 0.0, 0.0, 0.0, 0.0, 0.0, 0.0, 0.0, 0.0, 0.0, 0.0, 0.0, 0.0, 0.0, 0.0, 0.0, 0.0, 0.0, 0.0, 0.0, 0.0, 0.0], [0.0, 0.0, 0.0, 0.0, 0.0, 0.0, 0.0, 0.0, 0.0, 0.0, 0.0, 0.0, 0.0, 0.9762255259654207, 0.0, 0.0, 0.0, 0.0, 0.0, 0.0, 0.0, 0.0, 0.0, 0.0, 0.0, 0.0, 0.0, 0.0, 0.0, 0.0, 0.0, 0.0, 0.0, 0.0, 0.0], [0.0, 0.0, 0.0, 0.0, 0.0, 0.0, 0.0, 0.0, 0.0, 0.0, 0.0, 0.0, 0.0, 0.9750022872060955, 0.0, 0.0, 0.0, 0.0, 0.0, 0.0, 0.0, 0.0, 0.0, 0.0, 0.0, 0.0, 0.0, 0.0, 0.0, 0.0, 0.0, 0.0, 0.0, 0.0, 0.0]], "Born radii": [], "Atomic SASAs": [], "Solvent H bonds": [], "Total SASA": NaN, "Total FOD": 0.0, "FOD": [0.0, 0.0, 0.0, 0.0, 0.0, 0.0, 0.0, 0.0, 0.0, 0.0, 0.0, 0.0, 0.0, 0.0, 0.0, 0.0, 0.0, 0.0, 0.0, 0.0, 0.0, 0.0, 0.0, 0.0, 0.0, 0.0, 0.0, 0.0, 0.0, 0.0, 0.0, 0.0, 0.0, 0.0, 0.0], "FOD s proportion": [0.0, 0.0, 0.0, 0.0, 0.0, 0.0, 0.0, 0.0, 0.0, 0.0, 0.0, 0.0, 0.0, 0.0, 0.0, 0.0, 0.0, 0.0, 0.0, 0.0, 0.0, 0.0, 0.0, 0.0, 0.0, 0.0, 0.0, 0.0, 0.0, 0.0, 0.0, 0.0, 0.0, 0.0, 0.0], "FOD p proportion": [0.0, 0.0, 0.0, 0.0, 0.0, 0.0, 0.0, 0.0, 0.0, 0.0, 0.0, 0.0, 0.0, 0.0, 0.0, 0.0, 0.0, 0.0, 0.0, 0.0, 0.0, 0.0, 0.0, 0.0, 0.0, 0.0, 0.0, 0.0, 0.0, 0.0, 0.0, 0.0, 0.0, 0.0, 0.0], "FOD d proportion": [0.0, 0.0, 0.0, 0.0, 0.0, 0.0, 0.0, 0.0, 0.0, 0.0, 0.0, 0.0, 0.0, 0.0, 0.0, 0.0, 0.0, 0.0, 0.0, 0.0, 0.0, 0.0, 0.0, 0.0, 0.0, 0.0, 0.0, 0.0, 0.0, 0.0, 0.0, 0.0, 0.0, 0.0, 0.0], "coordinates": [["4.49520", "1.28830", "0.48920"], ["3.93870", "0.92130", "1.85430"], ["2.76450", "-0.45880", "1.74820"], ["1.35760", "0.36410", "1.08040"], ["1.30310", "1.58940", "1.09530"], ["0.34170", "-0.44330", "0.55030"], ["0.30440", "-1.90950", "0.67360"], ["1.02580", "-2.61400", "-0.46690"], ["-0.85360", "0.25350", "0.02820"], ["-1.43470", "-0.36520", "-1.25440"], ["-2.65160", "0.41590", "-1.74850"], ["-3.71740", "0.53740", "-0.66350"], ["-3.15280", "1.15200", "0.61370"], ["-1.93080", "0.38770", "1.11880"], ["3.71420", "1.64080", "-0.19170"], ["5.00400", "0.43780", "0.02260"], ["5.22910", "2.09450", "0.59290"], ["4.76310", "0.60090", "2.49990"], ["3.47630", "1.78820", "2.33660"], ["0.74170", "-2.21250", "1.63000"], ["-0.73760", "-2.24250", "0.71540"], ["2.07630", "-2.31650", "-0.53060"], ["0.56400", "-2.38890", "-1.43220"], ["0.98890", "-3.69830", "-0.32180"], ["-0.54880", "1.27320", "-0.24280"], ["-1.73700", "-1.40520", "-1.08740"], ["-0.66990", "-0.37840", "-2.03980"], ["-3.07590", "-0.08200", "-2.62770"], ["-2.33860", "1.41730", "-2.06860"], ["-4.54850", "1.15010", "-1.03060"], ["-4.12630", "-0.45580", "-0.44060"], ["-2.87550", "2.19630", "0.42380"], ["-3.92600", "1.16390", "1.39010"], ["-1.51800", "0.90330", "1.99440"], ["-2.24540", "-0.60490", "1.46400"]], "bond_dist": [[0.0, 1.5191705829168758, 2.7627453556200217, 3.3238827957676245, 3.2630539115987647, 4.500414871986804, 5.274725854487605, 5.308371582698407, 5.467448534737204, 6.398274550220552, 7.539571160881764, 8.327026291540097, 7.650227574392804, 6.51927545974244, 1.0944597114558396, 1.095419211991464, 1.0951353067087193, 2.1417758192677403, 2.168166040689688, 5.257926162471284, 6.3166376277256875, 4.4593331665171645, 5.715584942943286, 6.14963740801033, 5.096860603351832, 6.970001911764444, 5.987652954205011, 8.301466310839308, 7.297931506940854, 9.171553901602497, 8.84514980653239, 7.426705841084591, 8.470165618805808, 6.210670356732837, 7.06895534290605], [1.5191705829168758, 0.0, 1.8151250259968321, 2.7516304730105023, 2.822910903659554, 4.062137141948805, 4.755588041451866, 5.135299595934009, 5.171724793528751, 6.339757526909054, 7.527791913303662, 8.068615944509938, 7.202894078077228, 5.939420801728061, 2.1804120023518494, 2.173421549078779, 2.1523615774307068, 1.095030081778578, 1.094505669240685, 4.482390202782439, 5.759731360054911, 4.431662285192769, 5.757352375875564, 5.897239643256835, 4.965814965340533, 6.802923756003738, 6.171906420223819, 8.384482574971457, 7.418871592095392, 8.967026334855943, 8.497481710483406, 7.078508097756193, 7.882121699770945, 5.458527905946804, 6.381591755980634], [2.7627453556200217, 1.8151250259968321, 0.0, 1.7613883331054514, 2.599440634059566, 2.702806781847345, 3.0514566456038663, 3.546072861631582, 4.068957962427236, 5.163104527316874, 6.505855069858227, 6.9873985817326885, 6.236682305521101, 4.812332978919891, 3.0122188267122962, 2.965964795812654, 3.7320653986767165, 2.3837824858824677, 2.4293790976296803, 2.6797676708998486, 4.063614885788268, 3.019536052111317, 4.322317713912294, 4.234621070414684, 4.235783503674379, 5.4036841663813036, 5.113757084570991, 7.307581762115289, 6.642992026188199, 7.98688034529127, 7.230074624787768, 6.37284797951434, 6.89377843783799, 4.500637410411996, 5.020080961498529], [3.3238827957676245, 2.7516304730105023, 1.7613883331054514, 0.0, 1.226601952550215, 1.4017680193241675, 2.538498264722669, 3.3724335634671885, 2.4512777565996062, 3.712156895929912, 4.90704015573543, 5.369063707947597, 4.602423650643213, 3.2887088773559756, 2.9667768470176523, 3.7974472333397866, 4.268542217197811, 3.69709138918691, 2.8451694044467724, 2.7055979985947656, 3.364142030295392, 3.2089666638966508, 3.810770095400666, 4.3133743507838505, 2.492324619707473, 4.172089223638439, 3.7944315173685768, 5.796976200572156, 4.968634186574818, 6.321086473858745, 5.749681401608266, 4.659100343413951, 5.352758456160711, 3.0651603546959825, 3.7506957967822445], [3.2630539115987647, 2.822910903659554, 2.599440634059566, 1.226601952550215, 0.0, 2.31369493451492, 3.6629951938270406, 4.492876104456921, 2.7522147645123916, 4.103303558110221, 5.010384494227963, 5.4226839931900885, 4.5031435830983675, 3.4500354128617294, 2.7335716873716702, 4.021632586400702, 3.990113754017547, 3.8628530142887914, 2.5106065741170998, 3.8801440256773976, 4.358008502745262, 4.300865478017187, 4.770890477678146, 5.483307883020978, 2.3065185149918044, 4.793121786476951, 4.194498521873622, 5.985812222246869, 4.827200069398408, 6.241286554869917, 6.001684447719656, 4.275504393635914, 5.254659275347927, 3.039361648438698, 4.188405953343109], [4.500414871986804, 4.062137141948805, 2.702806781847345, 1.4017680193241675, 2.31369493451492, 0.0, 1.471848028839934, 2.492915389659264, 1.4788038206604688, 2.5335032386006535, 3.870730030627298, 4.348721161445051, 3.841943765856028, 2.4855601984261013, 4.033335227823247, 4.774080622486386, 5.507170086351064, 4.943690095465127, 4.242190130109682, 2.1108815054379533, 2.104582414637165, 2.7723744714594383, 2.786589833470294, 3.431392028025944, 2.090064618618286, 2.8157248782507143, 2.781396156609123, 4.680834482226433, 4.1838352811744395, 5.380727126513665, 4.576577658032255, 4.163395999661814, 4.63698384405208, 2.7124233555991957, 2.7484629631850597], [5.274725854487605, 4.755588041451866, 3.0514566456038663, 2.538498264722669, 3.6629951938270406, 1.471848028839934, 0.0, 1.5223266600831766, 2.5369418913329485, 3.021012297227537, 4.473476228840386, 4.8938769150848085, 4.618289954084737, 3.2359619775269297, 4.9980106262392034, 5.293378736686049, 6.347534842755886, 5.432999681575547, 5.14776688477635, 1.0944136557993052, 1.0947146842899298, 2.1806825193044492, 2.175226461773578, 2.158510331223828, 3.420134279527633, 2.742763834164364, 3.264363224275142, 5.066040468650048, 5.056946517415425, 5.984654393530173, 4.794349572152619, 5.199207409788534, 5.277825685829345, 3.602429491329428, 2.971227584686168], [5.308371582698407, 5.135299595934009, 3.546072861631582, 3.3724335634671885, 4.492876104456921, 2.492915389659264, 1.5223266600831766, 0.0, 3.4640763011227103, 3.4251011576302384, 4.934173013788633, 5.698062807656651, 5.728101807754468, 4.501791969871554, 5.040491309386417, 5.037774184101545, 6.400068685568929, 5.753685387645035, 5.765754706887902, 2.1538116607540223, 2.155324824707404, 1.093670055364048, 1.0934959259183363, 1.0945876438184383, 4.199989263081514, 3.07884418735343, 3.2167250830619643, 5.282425913347011, 5.489627486451153, 6.74974273509739, 5.585933524488095, 6.257193801537555, 6.499330784780845, 4.990021585123656, 4.2971626755337065], [5.467448534737204, 5.171724793528751, 4.068957962427236, 2.4512777565996062, 2.7522147645123916, 1.4788038206604688, 2.5369418913329485, 3.4640763011227103, 0.0, 1.5380278476022469, 2.532950976627854, 2.9597970437176935, 2.5370126408829736, 1.5387585385628246, 4.778886286573473, 5.860501310468243, 6.380235605367563, 6.146324636723967, 5.141210816529507, 3.3454299170659665, 2.591469822320916, 3.9371908069078896, 3.335361401707467, 4.374246162483314, 1.0982404700246662, 2.185462104452969, 2.1701767900334756, 3.479221514936926, 2.8206782304970552, 3.9468006042869708, 3.3813377855517475, 2.8317928614218943, 3.481844558563751, 2.1747666173638036, 2.176115677072338], [6.398274550220552, 6.339757526909054, 5.163104527316874, 3.712156895929912, 4.103303558110221, 2.5335032386006535, 3.021012297227537, 3.4251011576302384, 1.5380278476022469, 0.0, 1.5281026241715576, 2.5247908547046034, 2.9569513117398465, 2.538710668823842, 5.627125242963764, 6.613047383014884, 7.339541662801568, 7.3103243799437525, 6.45370696266882, 4.058201277659846, 2.8089705836836383, 4.08149226754137, 2.849873018223794, 4.225297070029515, 2.1195537101003126, 1.0958440993134015, 1.0963331792844728, 2.158632106219121, 2.1580692991653443, 3.470154315012518, 2.813394632823486, 3.3843082203014547, 3.9418400208532054, 3.488657704619357, 2.8468208830202153], [7.539571160881764, 7.527791913303662, 6.505855069858227, 4.90704015573543, 5.010384494227963, 3.870730030627298, 4.473476228840386, 4.934173013788633, 2.532950976627854, 1.5281026241715576, 0.0, 1.5257512543006477, 2.5244867775450914, 2.9566462706925223, 6.6668895213585175, 7.857829610013187, 8.390785684904603, 8.547567118777131, 7.491489018212602, 5.462346904033101, 4.098937639193844, 5.59484839651621, 4.278671767032382, 5.675857184602164, 2.7246767918415578, 2.142417228272775, 2.1547396756917063, 1.0958683953833142, 1.0969206762569481, 2.1570024710231555, 2.155273391010987, 2.817595190938542, 3.469064617443728, 3.9410541901882037, 3.3951711783060365], [8.327026291540097, 8.068615944509938, 6.9873985817326885, 5.369063707947597, 5.4226839931900885, 4.348721161445051, 4.8938769150848085, 5.698062807656651, 2.9597970437176935, 2.5247908547046034, 1.5257512543006477, 0.0, 1.5256953037877519, 2.5280314357222697, 7.527865923354373, 8.748912579858139, 9.167494947912434, 9.051519875689385, 7.893948336542366, 5.7188866984755, 4.302141008846642, 6.459827188865039, 5.242567819303819, 6.340912636994772, 3.2800024527429854, 2.8063089869078923, 3.467008448215839, 2.157141685193627, 2.156297627879788, 1.0958516824826248, 1.0969639283039345, 2.154754303859259, 2.1571483884981117, 3.4692471200535713, 2.828054019993253], [7.650227574392804, 7.202894078077228, 6.236682305521101, 4.602423650643213, 4.5031435830983675, 3.841943765856028, 4.618289954084737, 5.728101807754468, 2.5370126408829736, 2.9569513117398465, 2.5244867775450914, 1.5256953037877519, 0.0, 1.5272735511361413, 6.931326251158576, 8.209315872227114, 8.434748751444824, 8.156159295894115, 6.878815425638342, 5.245937112661569, 4.167272990817856, 6.378354141155851, 5.526145298487907, 6.446258545078688, 2.743920131855153, 3.3819377123181913, 3.943092545198502, 3.4691992692839078, 2.8156773643299404, 2.156781071411746, 2.1550572103774877, 1.097050495647306, 1.0957996212811902, 2.154241216762877, 2.1524596302834578], [6.51927545974244, 5.939420801728061, 4.812332978919891, 3.2887088773559756, 3.4500354128617294, 2.4855601984261013, 3.2359619775269297, 4.501791969871554, 1.5387585385628246, 2.538710668823842, 2.9566462706925223, 2.5280314357222697, 1.5272735511361413, 0.0, 5.929055140576785, 7.021083640720995, 7.379288926448131, 6.838215312491995, 5.716744484407187, 3.7635915997886915, 2.916232130678215, 5.107843812216657, 4.521187410404484, 5.224497339457644, 2.132601418455873, 2.849450348751492, 3.48619161550251, 3.9456475197361462, 3.3742992991138174, 3.4718190347424502, 2.8219569202948507, 2.1555781243091148, 2.15798822285943, 1.0967782638254644, 1.0969917775443896], [1.0944597114558396, 2.1804120023518494, 3.0122188267122962, 2.9667768470176523, 2.7335716873716702, 4.033335227823247, 4.9980106262392034, 5.040491309386417, 4.778886286573473, 5.627125242963764, 6.6668895213585175, 7.527865923354373, 6.931326251158576, 5.929055140576785, 0.0, 1.7767153767556578, 1.7653223105144282, 3.070226991608275, 2.5437421370885844, 5.196370659412202, 5.976735943640142, 4.296253357287021, 5.263181773414253, 5.995846471516762, 4.279124907034148, 6.308405181184861, 5.16845964093752, 7.416710446687264, 6.341064082628404, 8.319660509299643, 8.119798213009975, 6.641653904713796, 7.8167883999760415, 5.718291379424452, 6.580375607820575], [1.095419211991464, 2.173421549078779, 2.965964795812654, 3.7974472333397866, 4.021632586400702, 4.774080622486386, 5.293378736686049, 5.037774184101545, 5.860501310468243, 6.613047383014884, 7.857829610013187, 8.748912579858139, 8.209315872227114, 7.021083640720995, 1.7767153767556578, 0.0, 1.7665126634134272, 2.4943234974637907, 3.0841600882574167, 5.270201717202103, 6.374162728547177, 4.057539404614575, 5.460794441287824, 5.7746828986533965, 5.621558339108471, 7.076003815714064, 6.092029006004486, 8.519334841406339, 7.697162623330755, 9.63674518600549, 9.185611209386122, 8.083304023726932, 9.063232175112805, 6.829434053419067, 7.464493124787509], [1.0951353067087193, 2.1523615774307068, 3.7320653986767165, 4.268542217197811, 3.990113754017547, 5.507170086351064, 6.347534842755886, 6.400068685568929, 6.380235605367563, 7.339541662801568, 8.390785684904603, 9.167494947912434, 8.434748751444824, 7.379288926448131, 1.7653223105144282, 1.7665126634134272, 0.0, 2.4667075140762025, 2.491308334991877, 6.305758017082482, 7.377403617804843, 5.537085974589883, 6.779753946862673, 7.236884963159218, 5.895511563045228, 7.9748264802439435, 6.916975111998019, 9.169647845473675, 8.050606522492576, 9.956360046221711, 9.751700441461479, 8.107003096705958, 9.236741861175943, 6.993319533669257, 7.994606045328313], [2.1417758192677403, 1.095030081778578, 2.3837824858824677, 3.69709138918691, 3.8628530142887914, 4.943690095465127, 5.432999681575547, 5.753685387645035, 6.146324636723967, 7.3103243799437525, 8.547567118777131, 9.051519875689385, 8.156159295894115, 6.838215312491995, 3.070226991608275, 2.4943234974637907, 2.4667075140762025, 0.0, 1.758465928017941, 4.984335816335011, 6.444149618064435, 4.991397324397247, 6.48326732905562, 6.378847636524954, 6.015868365414921, 7.690543446987345, 7.147404674425536, 9.391940969256567, 8.483622109688762, 9.97356232496694, 9.422557375787106, 8.074880948348403, 8.777760753745799, 6.308660176297341, 7.18652313013741], [2.168166040689688, 1.094505669240685, 2.4293790976296803, 2.8451694044467724, 2.5106065741170998, 4.242190130109682, 5.14776688477635, 5.765754706887902, 5.141210816529507, 6.45370696266882, 7.491489018212602, 7.893948336542366, 6.878815425638342, 5.716744484407187, 2.5437421370885844, 3.0841600882574167, 2.491308334991877, 1.758465928017941, 0.0, 4.897236078646812, 6.052419775593891, 5.198980470246066, 6.335101351991143, 6.584522121612168, 4.808321887103649, 7.00714467169046, 6.406091394914688, 8.430495084513128, 7.30454761501354, 8.72597401382791, 8.399279885799734, 6.646105076659563, 7.488635258176219, 5.083618921595127, 6.263083047509429], [5.257926162471284, 4.482390202782439, 2.6797676708998486, 2.7055979985947656, 3.8801440256773976, 2.1108815054379533, 1.0944136557993052, 2.1538116607540223, 3.3454299170659665, 4.058201277659846, 5.462346904033101, 5.7188866984755, 5.245937112661569, 3.7635915997886915, 5.196370659412202, 5.270201717202103, 6.305758017082482, 4.984335816335011, 4.897236078646812, 0.0, 1.739460160509576, 2.541685566705685, 3.0724197450869237, 2.465407211800923, 4.162075753755571, 3.7656274032357473, 4.33865986336795, 6.102549409877809, 6.028543612681259, 6.809705365138788, 5.574119055958528, 5.8289425902130825, 5.765852257906024, 3.8661662005144066, 3.396277398858933], [6.3166376277256875, 5.759731360054911, 4.063614885788268, 3.364142030295392, 4.358008502745262, 2.104582414637165, 1.0947146842899298, 2.155324824707404, 2.591469822320916, 2.8089705836836383, 4.098937639193844, 4.302141008846642, 4.167272990817856, 2.916232130678215, 5.976735943640142, 6.374162728547177, 7.377403617804843, 6.444149618064435, 6.052419775593891, 1.739460160509576, 0.0, 3.0783153201061126, 2.515508155423075, 2.485143804692195, 3.6488270951087833, 2.2248504421645965, 3.3272479829432613, 4.61646236310879, 4.869085441846343, 5.3926996550892765, 4.001489795063833, 4.935442473578231, 4.714305421798635, 3.4843826999914924, 2.3485307236653306], [4.4593331665171645, 4.431662285192769, 3.019536052111317, 3.2089666638966508, 4.300865478017187, 2.7723744714594383, 2.1806825193044492, 1.093670055364048, 3.9371908069078896, 4.08149226754137, 5.59484839651621, 6.459827188865039, 6.378354141155851, 5.107843812216657, 4.296253357287021, 4.057539404614575, 5.537085974589883, 4.991397324397247, 5.198980470246066, 2.541685566705685, 3.0783153201061126, 0.0, 1.7621508476858612, 1.7707081747142863, 4.456447569533384, 3.960019042883506, 3.684498702673133, 5.994662917962944, 5.983147035632669, 7.493683380020802, 6.476306914438196, 6.767316044045823, 7.199297044850977, 5.446258305479093, 5.0581710736193966], [5.715584942943286, 5.757352375875564, 4.322317713912294, 3.810770095400666, 4.770890477678146, 2.786589833470294, 2.175226461773578, 1.0934959259183363, 3.335361401707467, 2.849873018223794, 4.278671767032382, 5.242567819303819, 5.526145298487907, 4.521187410404484, 5.263181773414253, 5.460794441287824, 6.779753946862673, 6.48326732905562, 6.335101351991143, 3.0724197450869237, 2.515508155423075, 1.7621508476858612, 0.0, 1.7686312589118174, 4.007988599035681, 2.5260945607795446, 2.4359386732838737, 4.472122524037104, 4.828793861825124, 6.23084743915304, 5.169048293448224, 6.024861433261349, 6.383405449288021, 5.187956476301627, 4.411729683468832], [6.14963740801033, 5.897239643256835, 4.234621070414684, 4.3133743507838505, 5.483307883020978, 3.431392028025944, 2.158510331223828, 1.0945876438184383, 4.374246162483314, 4.225297070029515, 5.675857184602164, 6.340912636994772, 6.446258545078688, 5.224497339457644, 5.995846471516762, 5.7746828986533965, 7.236884963159218, 6.378847636524954, 6.584522121612168, 2.465407211800923, 2.485143804692195, 1.7707081747142863, 1.7686312589118174, 0.0, 5.2044763944127945, 3.6434848400947133, 4.0896060262572975, 5.909094646390426, 6.3476712147054375, 7.394063751415726, 6.05749046470566, 7.087722898082289, 7.122347398154628, 5.729227924424023, 4.818599556925228], [5.096860603351832, 4.965814965340533, 4.235783503674379, 2.492324619707473, 2.3065185149918044, 2.090064618618286, 3.420134279527633, 4.199989263081514, 1.0982404700246662, 2.1195537101003126, 2.7246767918415578, 3.2800024527429854, 2.743920131855153, 2.132601418455873, 4.279124907034148, 5.621558339108471, 5.895511563045228, 6.015868365414921, 4.808321887103649, 4.162075753755571, 3.6488270951087833, 4.456447569533384, 4.007988599035681, 5.2044763944127945, 0.0, 3.049425349143671, 2.4436973564662217, 3.7296849008998065, 2.5607995802092756, 4.078404411041161, 3.9783252871026016, 2.590367167024783, 3.7528374252024297, 2.4660167254096232, 3.0526836406676665], [6.970001911764444, 6.802923756003738, 5.4036841663813036, 4.172089223638439, 4.793121786476951, 2.8157248782507143, 2.742763834164364, 3.07884418735343, 2.185462104452969, 1.0958440993134015, 2.142417228272775, 2.8063089869078923, 3.3819377123181913, 2.849450348751492, 6.308405181184861, 7.076003815714064, 7.9748264802439435, 7.690543446987345, 7.00714467169046, 3.7656274032357473, 2.2248504421645965, 3.960019042883506, 2.5260945607795446, 3.6434848400947133, 3.049425349143671, 0.0, 1.7607062247859522, 2.432290184167999, 3.0481440664771733, 3.7996469020160277, 2.651125249776026, 4.068256375893731, 4.186884529097978, 3.8567634734320952, 2.7218729966697564], [5.987652954205011, 6.171906420223819, 5.113757084570991, 3.7944315173685768, 4.194498521873622, 2.781396156609123, 3.264363224275142, 3.2167250830619643, 2.1701767900334756, 1.0963331792844728, 2.1547396756917063, 3.467008448215839, 3.943092545198502, 3.48619161550251, 5.16845964093752, 6.092029006004486, 6.916975111998019, 7.147404674425536, 6.406091394914688, 4.33865986336795, 3.3272479829432613, 3.684498702673133, 2.4359386732838737, 4.0896060262572975, 2.4436973564662217, 1.7607062247859522, 0.0, 2.4944569288724945, 2.4515153721728935, 4.289328018466295, 3.8092167646381054, 4.190832424471301, 4.974443738751098, 4.317035804808666, 3.8483914743695187], [8.301466310839308, 8.384482574971457, 7.307581762115289, 5.796976200572156, 5.985812222246869, 4.680834482226433, 5.066040468650048, 5.282425913347011, 3.479221514936926, 2.158632106219121, 1.0958683953833142, 2.157141685193627, 3.4691992692839078, 3.9456475197361462, 7.416710446687264, 8.519334841406339, 9.169647845473675, 9.391940969256567, 8.430495084513128, 6.102549409877809, 4.61646236310879, 5.994662917962944, 4.472122524037104, 5.909094646390426, 3.7296849008998065, 2.432290184167999, 2.4944569288724945, 0.0, 1.761846925813931, 2.497468634437678, 2.454887575837232, 3.8134581812313084, 4.291579389921616, 4.976110620755933, 4.207750414413858], [7.297931506940854, 7.418871592095392, 6.642992026188199, 4.968634186574818, 4.827200069398408, 4.1838352811744395, 5.056946517415425, 5.489627486451153, 2.8206782304970552, 2.1580692991653443, 1.0969206762569481, 2.156297627879788, 2.8156773643299404, 3.3742992991138174, 6.341064082628404, 7.697162623330755, 8.050606522492576, 8.483622109688762, 7.30454761501354, 6.028543612681259, 4.869085441846343, 5.983147035632669, 4.828793861825124, 6.3476712147054375, 2.5607995802092756, 3.0481440664771733, 2.4515153721728935, 1.761846925813931, 0.0, 2.4561143804798666, 3.058555034652801, 2.665925799792635, 3.814007867060581, 4.176786966078112, 4.071515914251104], [9.171553901602497, 8.967026334855943, 7.98688034529127, 6.321086473858745, 6.241286554869917, 5.380727126513665, 5.984654393530173, 6.74974273509739, 3.9468006042869708, 3.470154315012518, 2.1570024710231555, 1.0958516824826248, 2.156781071411746, 3.4718190347424502, 8.319660509299643, 9.63674518600549, 9.956360046221711, 9.97356232496694, 8.72597401382791, 6.809705365138788, 5.3926996550892765, 7.493683380020802, 6.23084743915304, 7.394063751415726, 4.078404411041161, 3.7996469020160277, 4.289328018466295, 2.497468634437678, 2.4561143804798666, 0.0, 1.7621769633041966, 2.451273709727251, 2.4994969853952616, 4.2889935287897085, 3.8219528738591215], [8.84514980653239, 8.497481710483406, 7.230074624787768, 5.749681401608266, 6.001684447719656, 4.576577658032255, 4.794349572152619, 5.585933524488095, 3.3813377855517475, 2.813394632823486, 2.155273391010987, 1.0969639283039345, 2.1550572103774877, 2.8219569202948507, 8.119798213009975, 9.185611209386122, 9.751700441461479, 9.422557375787106, 8.399279885799734, 5.574119055958528, 4.001489795063833, 6.476306914438196, 5.169048293448224, 6.05749046470566, 3.9783252871026016, 2.651125249776026, 3.8092167646381054, 2.454887575837232, 3.058555034652801, 1.76217696330