{"total energy": -64.33482209, "HOMO-LUMO gap/eV": 2.3529535, "electronic energy": -65.16621892, "dipole": [-0.72197204, -0.52251161, 0.17412294], "partial charges": [-0.102615, -0.05607462, -0.04475967, -0.06350494, 0.25391534, -0.39048093, -0.04612728, -0.01718384, 0.2487827, -0.41048561, 0.04343156, -0.05881055, 0.01940676, -0.10975355, -0.04523911, -0.04264696, 0.06891629, -0.29781184, 0.20950145, -0.10399021, -0.04612585, -0.03877154, 0.0352817, 0.03517875, 0.03789818, 0.03492796, 0.05348258, 0.06025593, 0.03826107, 0.0860831, 0.07045915, 0.04586777, 0.04969837, 0.05424733, 0.03940761, 0.05352812, 0.05261574, 0.06072983, 0.05988049, 0.05625834, 0.04120725, 0.06515812], "atomic dipole moments": [[-0.08336479, -0.03629486, -0.05921551], [-0.03019233, 0.09920181, 0.08247745], [-0.04791229, -0.09330535, -0.09406305], [-0.01178548, 0.00489856, 0.06880759], [-0.07314301, -0.00248489, 0.02832963], [-0.08606983, 0.15739737, -0.0251977], [-0.03512686, 0.11792155, -0.00956873], [0.01254926, -0.12589463, 0.03718516], [-0.05478575, -0.01542944, 0.02162212], [-0.01756946, -0.1813057, 0.05322337], [0.17916303, -0.07111035, -0.03368564], [-0.00833232, -0.04757737, 0.01977912], [-0.00876503, 0.07498799, -0.02522828], [0.02164459, -0.0724721, 0.02644714], [0.01179034, 0.00153412, -0.00169475], [0.03082544, -0.00858099, -0.00980806], [0.06765773, -0.07254766, -0.00714545], [0.18854177, 0.17385146, -0.09275981], [0.16772119, -0.01043267, -0.04853103], [-0.16484566, -0.02007575, -0.06303043], [0.08667345, 0.07304428, -0.13421218], [-0.04222077, 0.11529091, 0.12303501], [0.01994566, 0.12304718, -0.01688051], [-0.01955552, -0.02069054, 0.12326623], [0.10587689, -0.05996423, -0.03204874], [0.03016937, 0.01729165, -0.11900501], [-0.00614741, -0.12598461, 0.01627881], [0.02075276, 0.1250591, -0.00875081], [-0.02130358, -0.01560611, 0.12576992], [0.03223194, -0.02053711, -0.13485784], [0.10081863, 0.1057831, -0.05993539], [-0.1249569, 0.01307076, -0.02994397], [0.06025393, 0.04387675, -0.10668676], [0.02961574, 0.07503031, 0.10495783], [-0.1413663, 0.04488236, 0.03319494], [-0.10551642, -0.09357577, 0.06079238], [-0.11785426, -0.02085126, -0.03482888], [0.04881952, -0.11114893, 0.0405609], [-0.00109439, 0.07327054, 0.10923426], [0.05697411, 0.05272913, -0.10899109], [-0.10232738, -0.04883615, -0.04256454], [0.07697149, -0.09464976, 0.03562624]], "atomic quadrupole moments": [[0.09556045, 0.08567582, -0.08226913, 0.15221682, 0.07295935, -0.01329132], [0.22028713, -0.05437965, -0.12704362, 0.07425023, 0.12438644, -0.09324351], [0.2323589, -0.03616408, -0.1307418, 0.11401581, 0.1088626, -0.1016171], [0.11292284, -0.01041002, 0.13944757, 0.03818694, -0.07562387, -0.25237041], [-0.2052112, 0.04949342, -0.17814021, 0.15634468, 0.18718601, 0.38335141], [-0.09939198, 0.01531383, -0.06924247, 0.07305668, 0.07506429, 0.16863445], [-0.05636277, -0.04056556, 0.11980261, -0.00406428, -0.04608367, -0.06343985], [-0.05515876, -0.0546038, 0.12838483, 0.00712486, -0.04828254, -0.07322607], [-0.17052919, 0.02251663, -0.18335186, 0.16147862, 0.17523331, 0.35388105], [-0.09721093, 0.01463221, -0.05536782, 0.06780725, 0.0637304, 0.15257874], [0.05138878, -0.04659697, -0.28599888, 0.09718538, 0.18827351, 0.23461011], [-0.19011212, 0.04041396, -0.18509652, 0.18997701, 0.17833967, 0.37520864], [-0.26707474, 0.00376755, -0.06252383, 0.21816086, 0.14387127, 0.32959857], [-0.05737786, -0.05958016, 0.17376974, -0.0070943, -0.0569423, -0.11639187], [-0.20343426, 0.05473554, -0.17638163, 0.21288328, 0.17889592, 0.37981589], [-0.18349336, 0.0325261, -0.20316684, 0.20845208, 0.19916523, 0.3866602], [-0.24670931, -0.02015311, 0.0021659, 0.18752818, 0.11743364, 0.24454341], [-0.12774585, -0.01439793, -0.02759935, 0.11491329, 0.07158493, 0.1553452], [-0.25722459, 0.11064073, -0.10447166, 0.16385283, 0.10760063, 0.36169624], [-0.02485549, -0.01764556, 0.01382566, -0.05132501, 0.01839504, 0.01102984], [-0.05879261, 0.09530277, -0.05721984, -0.21205864, -0.14826347, 0.11601245], [-0.14861848, -0.04318181, 0.04898375, -0.09741121, 0.22311481, 0.09963473], [-0.04075121, 0.01022975, 0.07500927, 0.01117288, -0.02346058, -0.03425806], [-0.02812133, 0.01712271, -0.04060362, -0.02585514, -0.02044033, 0.06872495], [0.04283069, -0.04838861, -0.01205218, -0.02283801, 0.02932408, -0.03077851], [-0.01552091, 0.00218098, -0.03312849, -0.01085506, -0.0240286, 0.04864941], [-0.01328577, 0.01517908, 0.04359076, 0.00218035, -0.01987462, -0.03030499], [-0.00758892, 0.00394113, 0.04559587, -0.0013004, -0.02612998, -0.03800695], [-0.01106561, 0.00720931, -0.02848294, -0.02150761, -0.02550481, 0.03954855], [-0.01075687, -0.0094124, -0.01676277, -0.02343501, 0.00693498, 0.02751963], [0.0352392, -0.01374373, 0.01042166, -0.02463997, -0.01627956, -0.04566085], [0.08026638, 0.00131551, -0.02715021, 0.01641583, -0.00875066, -0.05311617], [-0.00032819, 0.00769211, -0.02267651, -0.06054747, -0.03108979, 0.02300469], [-0.03595758, 0.0116847, -0.00384538, 0.02869387, 0.04769505, 0.03980296], [0.02003705, -0.0090927, 0.03179648, -0.02426814, -0.02606619, -0.05183353], [0.02194695, -0.00801052, 0.02611172, -0.02445744, -0.02380292, -0.04805868], [0.05382176, 0.02104675, -0.04189232, 0.03102806, -0.00925784, -0.01192944], [-0.00638275, -0.05278715, 0.0418755, -0.0046246, -0.02006332, -0.03549275], [-0.04272198, 0.01505093, 0.02024288, -0.00611871, 0.05237275, 0.02247909], [-0.02469014, 0.03591348, 0.01621791, -0.03592401, -0.04023736, 0.00847224], [0.05681701, 0.02802891, -0.02429073, 0.01513917, 0.02489069, -0.03252628], [-0.01053368, -0.05186376, 0.01860645, 0.03356681, -0.01728971, -0.00807276]], "number of molecular orbitals": 108, "number of electrons": 116, "number of unpaired electrons": 0, "orbital energies/eV": [-19.96913249, -19.61361367, -19.47745518, -19.01563358, -18.69009918, -18.1481908, -17.95372553, -17.83056624, -17.51330774, -17.41555885, -17.26111427, -17.09929217, -16.88683725, -16.78086635, -16.53238011, -16.42030284, -16.3407772, -16.21505808, -15.98300645, -15.83731091, -15.49650336, -15.32781785, -15.27155492, -15.0454078, -14.85392101, -14.80641526, -14.69324933, -14.4181105, -14.32709317, -14.22901942, -14.14312652, -14.0690855, -13.90994455, -13.76261428, -13.60547445, -13.4872722, -13.40931115, -13.2139285, -13.16723909, -13.1082749, -13.05289796, -12.9314013, -12.90751101, -12.82317014, -12.65554415, -12.60966546, -12.36603576, -12.09981939, -12.0393869, -11.95193038, -11.75914128, -11.61623054, -11.36095612, -11.10774529, -11.00439863, -10.50157911, -10.39277922, -9.85909637, -7.50614287, -6.76902087, -6.37616927, -5.76297073, -4.95657701, -3.03674401, -2.40156287, -0.38342821, 0.31552388, 0.64854186, 1.77157275, 2.16978713, 2.39434571, 2.75131634, 2.983092, 3.2508468, 3.35051453, 3.55873052, 3.68586987, 3.85108084, 4.06874332, 4.167993, 4.26123981, 4.61128101, 4.66069904, 4.70260013, 4.86783008, 4.98445981, 5.11638082, 5.32260676, 5.3852226, 5.54938835, 5.95455351, 5.97903218, 6.00469775, 6.33929058, 6.79031661, 7.10754235, 7.14653616, 8.10018222, 8.85730117, 10.12333062, 10.38894469, 11.29823499, 12.12138463, 13.4874779, 16.34846683, 16.42157917, 16.97132984, 17.43432796], "fractional occupation": [2.0, 2.0, 2.0, 2.0, 2.0, 2.0, 2.0, 2.0, 2.0, 2.0, 2.0, 2.0, 2.0, 2.0, 2.0, 2.0, 2.0, 2.0, 2.0, 2.0, 2.0, 2.0, 2.0, 2.0, 2.0, 2.0, 2.0, 2.0, 2.0, 2.0, 2.0, 2.0, 2.0, 2.0, 2.0, 2.0, 2.0, 2.0, 2.0, 2.0, 2.0, 2.0, 2.0, 2.0, 2.0, 2.0, 2.0, 2.0, 2.0, 2.0, 2.0, 2.0, 2.0, 2.0, 2.0, 2.0, 2.0, 2.0, 0.0, 0.0, 0.0, 0.0, 0.0, 0.0, 0.0, 0.0, 0.0, 0.0, 0.0, 0.0, 0.0, 0.0, 0.0, 0.0, 0.0, 0.0, 0.0, 0.0, 0.0, 0.0, 0.0, 0.0, 0.0, 0.0, 0.0, 0.0, 0.0, 0.0, 0.0, 0.0, 0.0, 0.0, 0.0, 0.0, 0.0, 0.0, 0.0, 0.0, 0.0, 0.0, 0.0, 0.0, 0.0, 0.0, 0.0, 0.0, 0.0, 0.0], "program call": "xtb /home/svss/Project-DBcg-Debug/aqme2_20220329/End-to-End-workflows-final/example-3/QDESCP/mol_746_rdkit_conf_7/mol_746_rdkit_conf_7.xyz --pop --wbo --acc 0.2 --gfn 2 --chrg 0 --uhf 0 --etemp 300 --input /home/svss/Project-DBcg-Debug/aqme2_20220329/End-to-End-workflows-final/example-3/QDESCP/mol_746_rdkit_conf_7/mol_746_rdkit_conf_7_xtb.inp", "method": "GFN2-xTB", "xtb version": "6.3.3 (7355c4f)", "Dipole module/D": 2.308, "Total charge": 0, "Transition dipole module/D": NaN, "HOMO": -9.8591, "LUMO": -7.5061, "HOMO occupancy": 2.0, "LUMO occupancy": 0, "mulliken charges": [-0.08344, -0.0402, -0.02666, -0.09151, 0.45568, -0.52024, -0.14166, -0.12322, 0.44917, -0.53038, 0.11289, -0.06839, 0.01523, -0.08492, -0.05163, -0.04335, 0.12822, -0.40542, 0.40962, -0.28678, 0.06403, 0.06544, 0.02827, 0.02922, 0.03224, 0.02482, 0.04067, 0.0486, 0.03336, 0.08386, 0.06444, 0.03545, 0.04052, 0.04361, 0.0335, 0.04277, 0.03167, 0.03374, 0.0396, 0.04391, 0.02592, 0.04134], "cm5 charges": [-0.23382, -0.15197, -0.13015, -0.13021, 0.55725, -0.56564, -0.29911, -0.2911, 0.55225, -0.57695, 0.18325, -0.11289, -0.00202, -0.22825, -0.10449, -0.08936, 0.19666, -0.57343, 0.62278, -0.53682, -0.02181, -0.02119, 0.07957, 0.08053, 0.08301, 0.0798, 0.0988, 0.10756, 0.09141, 0.1489, 0.12985, 0.08726, 0.09234, 0.09531, 0.08959, 0.10183, 0.09433, 0.09438, 0.10232, 0.11034, 0.08712, 0.10278], "FUKUI+": [0.008, 0.005, 0.003, 0.003, -0.044, -0.102, -0.024, -0.011, -0.022, -0.071, -0.024, -0.009, -0.044, 0.018, -0.021, -0.019, -0.022, -0.066, -0.049, -0.036, 0.02, 0.016, -0.012, -0.008, -0.019, -0.013, -0.003, -0.024, -0.013, -0.052, -0.034, -0.031, -0.028, -0.034, -0.05, -0.043, -0.025, -0.033, -0.017, -0.009, -0.034, -0.031], "FUKUI-": [0.008, 0.004, 0.006, 0.0, -0.008, -0.061, -0.027, -0.035, -0.01, -0.069, -0.022, -0.009, -0.04, 0.017, -0.026, -0.017, -0.025, -0.069, -0.006, -0.068, 0.023, 0.022, -0.019, -0.015, -0.02, -0.02, -0.015, -0.02, -0.013, -0.032, -0.033, -0.036, -0.034, -0.047, -0.048, -0.042, -0.038, -0.038, -0.023, -0.018, -0.042, -0.036], "FUKUIrad": [0.008, 0.004, 0.005, 0.002, -0.026, -0.082, -0.025, -0.023, -0.016, -0.07, -0.023, -0.009, -0.042, 0.018, -0.023, -0.018, -0.023, -0.067, -0.027, -0.052, 0.022, 0.019, -0.015, -0.011, -0.019, -0.016, -0.009, -0.022, -0.013, -0.042, -0.033, -0.033, -0.031, -0.041, -0.049, -0.042, -0.031, -0.036, -0.02, -0.013, -0.038, -0.034], "s proportion": [1.008, 1.029, 1.032, 1.072, 1.001, 1.729, 1.432, 1.423, 0.993, 1.727, 1.04, 1.062, 1.085, 1.007, 1.062, 1.062, 1.038, 1.538, 0.971, 1.444, 0.984, 0.985, 0.972, 0.971, 0.968, 0.975, 0.959, 0.951, 0.967, 0.916, 0.936, 0.965, 0.959, 0.956, 0.966, 0.957, 0.968, 0.966, 0.96, 0.956, 0.974, 0.959], "p proportion": [3.076, 3.011, 2.994, 3.019, 2.543, 4.791, 3.71, 3.7, 2.558, 4.803, 2.847, 3.006, 2.9, 3.078, 2.99, 2.981, 2.833, 3.868, 2.619, 3.842, 2.952, 2.95, 0.0, 0.0, 0.0, 0.0, 0.0, 0.0, 0.0, 0.0, 0.0, 0.0, 0.0, 0.0, 0.0, 0.0, 0.0, 0.0, 0.0, 0.0, 0.0, 0.0], "d proportion": [0.0, 0.0, 0.0, 0.0, 0.0, 0.0, 0.0, 0.0, 0.0, 0.0, 0.0, 0.0, 0.0, 0.0, 0.0, 0.0, 0.0, 0.0, 0.0, 0.0, 0.0, 0.0, 0.0, 0.0, 0.0, 0.0, 0.0, 0.0, 0.0, 0.0, 0.0, 0.0, 0.0, 0.0, 0.0, 0.0, 0.0, 0.0, 0.0, 0.0, 0.0, 0.0], "Fermi-level/eV": -8.6826, "Coordination numbers": [3.75, 3.8, 3.805, 3.885, 2.788, 0.856, 2.843, 2.852, 2.79, 0.856, 2.902, 2.916, 2.96, 3.755, 2.913, 2.917, 2.934, 1.84, 2.786, 2.732, 3.698, 3.697, 0.924, 0.924, 0.924, 0.924, 0.924, 0.924, 0.924, 0.924, 0.925, 0.924, 0.924, 0.924, 0.925, 0.925, 0.924, 0.924, 0.924, 0.924, 0.924, 0.924], "Dispersion coefficient C6": [22.524, 21.583, 21.371, 21.665, 22.734, 21.492, 22.128, 21.58, 22.828, 21.892, 27.025, 29.462, 27.573, 22.655, 29.123, 29.059, 26.458, 28.567, 23.562, 23.28, 21.571, 21.438, 2.513, 2.514, 2.477, 2.518, 2.277, 2.196, 2.472, 1.918, 2.08, 2.372, 2.324, 2.268, 2.457, 2.276, 2.288, 2.191, 2.201, 2.243, 2.433, 2.14], "Total dispersion C6": 18999.289967, "Total dispersion C8": 438543.473255, "Polarizability alpha": [6.768, 6.615, 6.581, 6.617, 7.81, 6.216, 6.987, 6.899, 7.826, 6.273, 8.524, 8.901, 8.613, 6.787, 8.849, 8.84, 8.436, 7.921, 7.951, 7.166, 6.643, 6.623, 2.479, 2.48, 2.461, 2.481, 2.36, 2.318, 2.459, 2.166, 2.256, 2.409, 2.384, 2.355, 2.451, 2.359, 2.365, 2.315, 2.32, 2.342, 2.439, 2.288], "Total polarizability alpha": 211.331368, "Wiberg matrix": [[0.0, 1.0194072775757708, 0.0, 0.0, 0.0, 0.0, 0.0, 0.0, 0.0, 0.0, 0.0, 0.0, 0.0, 0.0, 0.0, 0.0, 0.0, 0.0, 0.0, 0.0, 0.0, 0.0, 0.9873213084442772, 0.9874669318189643, 0.9864676704882465, 0.0, 0.0, 0.0, 0.0, 0.0, 0.0, 0.0, 0.0, 0.0, 0.0, 0.0, 0.0, 0.0, 0.0, 0.0, 0.0, 0.0], [1.0194072775757708, 0.0, 1.0057847146963728, 0.0, 0.0, 0.0, 0.0, 0.0, 0.0, 0.0, 0.0, 0.0, 0.0, 0.0, 0.0, 0.0, 0.0, 0.0, 0.0, 0.0, 0.0, 0.0, 0.0, 0.0, 0.0, 0.977337210815874, 0.975274418579886, 0.0, 0.0, 0.0, 0.0, 0.0, 0.0, 0.0, 0.0, 0.0, 0.0, 0.0, 0.0, 0.0, 0.0, 0.0], [0.0, 1.0057847146963728, 0.0, 0.9616706811786574, 0.0, 0.0, 0.0, 0.0, 0.0, 0.0, 0.0, 0.0, 0.0, 0.0, 0.0, 0.0, 0.0, 0.0, 0.0, 0.0, 0.0, 0.0, 0.0, 0.0, 0.0, 0.0, 0.0, 0.9696318650172601, 0.9764123467778284, 0.0, 0.0, 0.0, 0.0, 0.0, 0.0, 0.0, 0.0, 0.0, 0.0, 0.0, 0.0, 0.0], [0.0, 0.0, 0.9616706811786574, 0.0, 0.9689053786244638, 0.0, 0.0, 0.0, 0.9630890644503475, 0.0, 0.0, 0.0, 0.0, 0.0, 0.0, 0.0, 0.0, 0.0, 0.0, 0.0, 0.0, 0.0, 0.0, 0.0, 0.0, 0.0, 0.0, 0.0, 0.0, 0.9218809258222265, 0.0, 0.0, 0.0, 0.0, 0.0, 0.0, 0.0, 0.0, 0.0, 0.0, 0.0, 0.0], [0.0, 0.0, 0.0, 0.9689053786244638, 0.0, 1.7231717245403342, 1.12045883272365, 0.0, 0.0, 0.0, 0.0, 0.0, 0.0, 0.0, 0.0, 0.0, 0.0, 0.0, 0.0, 0.0, 0.0, 0.0, 0.0, 0.0, 0.0, 0.0, 0.0, 0.0, 0.0, 0.0, 0.0, 0.0, 0.0, 0.0, 0.0, 0.0, 0.0, 0.0, 0.0, 0.0, 0.0, 0.0], [0.0, 0.0, 0.0, 0.0, 1.7231717245403342, 0.0, 0.15798131369980392, 0.0, 0.0, 0.0, 0.0, 0.0, 0.0, 0.0, 0.0, 0.0, 0.0, 0.0, 0.0, 0.0, 0.0, 0.0, 0.0, 0.0, 0.0, 0.0, 0.0, 0.0, 0.0, 0.0, 0.0, 0.0, 0.0, 0.0, 0.0, 0.0, 0.0, 0.0, 0.0, 0.0, 0.0, 0.0], [0.0, 0.0, 0.0, 0.0, 1.12045883272365, 0.15798131369980392, 0.0, 0.9917385416633492, 0.0, 0.0, 0.0, 0.0, 0.0, 0.0, 0.0, 0.0, 0.0, 0.0, 1.0439785894869642, 0.0, 0.0, 0.0, 0.0, 0.0, 0.0, 0.0, 0.0, 0.0, 0.0, 0.0, 0.0, 0.0, 0.0, 0.0, 0.0, 0.0, 0.0, 0.0, 0.0, 0.0, 0.0, 0.0], [0.0, 0.0, 0.0, 0.0, 0.0, 0.0, 0.9917385416633492, 0.0, 1.163763715370662, 0.1712677792876927, 1.0362072411995755, 0.0, 0.0, 0.0, 0.0, 0.0, 0.0, 0.0, 0.0, 0.0, 0.0, 0.0, 0.0, 0.0, 0.0, 0.0, 0.0, 0.0, 0.0, 0.0, 0.0, 0.0, 0.0, 0.0, 0.0, 0.0, 0.0, 0.0, 0.0, 0.0, 0.0, 0.0], [0.0, 0.0, 0.0, 0.9630890644503475, 0.0, 0.0, 0.0, 1.163763715370662, 0.0, 1.6896876717412486, 0.0, 0.0, 0.0, 0.0, 0.0, 0.0, 0.0, 0.0, 0.0, 0.0, 0.0, 0.0, 0.0, 0.0, 0.0, 0.0, 0.0, 0.0, 0.0, 0.0, 0.0, 0.0, 0.0, 0.0, 0.0, 0.0, 0.0, 0.0, 0.0, 0.0, 0.0, 0.0], [0.0, 0.0, 0.0, 0.0, 0.0, 0.0, 0.0, 0.1712677792876927, 1.6896876717412486, 0.0, 0.0, 0.0, 0.0, 0.0, 0.0, 0.0, 0.0, 0.0, 0.0, 0.0, 0.0, 0.0, 0.0, 0.0, 0.0, 0.0, 0.0, 0.0, 0.0, 0.0, 0.0, 0.0, 0.0, 0.0, 0.0, 0.0, 0.0, 0.0, 0.0, 0.0, 0.0, 0.0], [0.0, 0.0, 0.0, 0.0, 0.0, 0.0, 0.0, 1.0362072411995755, 0.0, 0.0, 0.0, 1.3968316481295098, 0.0, 0.0, 0.0, 0.0, 1.297594798154121, 0.0, 0.0, 0.0, 0.0, 0.0, 0.0, 0.0, 0.0, 0.0, 0.0, 0.0, 0.0, 0.0, 0.0, 0.0, 0.0, 0.0, 0.0, 0.0, 0.0, 0.0, 0.0, 0.0, 0.0, 0.0], [0.0, 0.0, 0.0, 0.0, 0.0, 0.0, 0.0, 0.0, 0.0, 0.0, 1.3968316481295098, 0.0, 1.3944672164213419, 0.0, 0.0, 0.0, 0.0, 0.0, 0.0, 0.0, 0.0, 0.0, 0.0, 0.0, 0.0, 0.0, 0.0, 0.0, 0.0, 0.0, 0.9610283113432747, 0.0, 0.0, 0.0, 0.0, 0.0, 0.0, 0.0, 0.0, 0.0, 0.0, 0.0], [0.0, 0.0, 0.0, 0.0, 0.0, 0.0, 0.0, 0.0, 0.0, 0.0, 0.0, 1.3944672164213419, 0.0, 1.0276166025631244, 1.4054095083566907, 0.0, 0.0, 0.0, 0.0, 0.0, 0.0, 0.0, 0.0, 0.0, 0.0, 0.0, 0.0, 0.0, 0.0, 0.0, 0.0, 0.0, 0.0, 0.0, 0.0, 0.0, 0.0, 0.0, 0.0, 0.0, 0.0, 0.0], [0.0, 0.0, 0.0, 0.0, 0.0, 0.0, 0.0, 0.0, 0.0, 0.0, 0.0, 0.0, 1.0276166025631244, 0.0, 0.0, 0.0, 0.0, 0.0, 0.0, 0.0, 0.0, 0.0, 0.0, 0.0, 0.0, 0.0, 0.0, 0.0, 0.0, 0.0, 0.0, 0.9818915000174362, 0.9802006965618512, 0.96559644911417, 0.0, 0.0, 0.0, 0.0, 0.0, 0.0, 0.0, 0.0], [0.0, 0.0, 0.0, 0.0, 0.0, 0.0, 0.0, 0.0, 0.0, 0.0, 0.0, 0.0, 1.4054095083566907, 0.0, 0.0, 1.4423912027362296, 0.0, 0.0, 0.0, 0.0, 0.0, 0.0, 0.0, 0.0, 0.0, 0.0, 0.0, 0.0, 0.0, 0.0, 0.0, 0.0, 0.0, 0.0, 0.968984160158678, 0.0, 0.0, 0.0, 0.0, 0.0, 0.0, 0.0], [0.0, 0.0, 0.0, 0.0, 0.0, 0.0, 0.0, 0.0, 0.0, 0.0, 0.0, 0.0, 0.0, 0.0, 1.4423912027362296, 0.0, 1.3737969747560452, 0.0, 0.0, 0.0, 0.0, 0.0, 0.0, 0.0, 0.0, 0.0, 0.0, 0.0, 0.0, 0.0, 0.0, 0.0, 0.0, 0.0, 0.0, 0.9680067470111419, 0.0, 0.0, 0.0, 0.0, 0.0, 0.0], [0.0, 0.0, 0.0, 0.0, 0.0, 0.0, 0.0, 0.0, 0.0, 0.0, 1.297594798154121, 0.0, 0.0, 0.0, 0.0, 1.3737969747560452, 0.0, 1.1067478481029245, 0.0, 0.0, 0.0, 0.0, 0.0, 0.0, 0.0, 0.0, 0.0, 0.0, 0.0, 0.0, 0.0, 0.0, 0.0, 0.0, 0.0, 0.0, 0.0, 0.0, 0.0, 0.0, 0.0, 0.0], [0.0, 0.0, 0.0, 0.0, 0.0, 0.0, 0.0, 0.0, 0.0, 0.0, 0.0, 0.0, 0.0, 0.0, 0.0, 0.0, 1.1067478481029245, 0.0, 1.596237127054742, 0.0, 0.0, 0.0, 0.0, 0.0, 0.0, 0.0, 0.0, 0.0, 0.0, 0.0, 0.0, 0.0, 0.0, 0.0, 0.0, 0.0, 0.0, 0.0, 0.0, 0.0, 0.0, 0.0], [0.0, 0.0, 0.0, 0.0, 0.0, 0.0, 1.0439785894869642, 0.0, 0.0, 0.0, 0.0, 0.0, 0.0, 0.0, 0.0, 0.0, 0.0, 1.596237127054742, 0.0, 1.1499430492467488, 0.0, 0.0, 0.0, 0.0, 0.0, 0.0, 0.0, 0.0, 0.0, 0.0, 0.0, 0.0, 0.0, 0.0, 0.0, 0.0, 0.0, 0.0, 0.0, 0.0, 0.0, 0.0], [0.0, 0.0, 0.0, 0.0, 0.0, 0.0, 0.0, 0.0, 0.0, 0.0, 0.0, 0.0, 0.0, 0.0, 0.0, 0.0, 0.0, 0.0, 1.1499430492467488, 0.0, 0.9956363606859392, 0.9832768023539762, 0.0, 0.0, 0.0, 0.0, 0.0, 0.0, 0.0, 0.0, 0.0, 0.0, 0.0, 0.0, 0.0, 0.0, 0.0, 0.0, 0.0, 0.0, 0.0, 0.0], [0.0, 0.0, 0.0, 0.0, 0.0, 0.0, 0.0, 0.0, 0.0, 0.0, 0.0, 0.0, 0.0, 0.0, 0.0, 0.0, 0.0, 0.0, 0.0, 0.9956363606859392, 0.0, 0.0, 0.0, 0.0, 0.0, 0.0, 0.0, 0.0, 0.0, 0.0, 0.0, 0.0, 0.0, 0.0, 0.0, 0.0, 0.9754486695270808, 0.9795332066540492, 0.9825177324191405, 0.0, 0.0, 0.0], [0.0, 0.0, 0.0, 0.0, 0.0, 0.0, 0.0, 0.0, 0.0, 0.0, 0.0, 0.0, 0.0, 0.0, 0.0, 0.0, 0.0, 0.0, 0.0, 0.9832768023539762, 0.0, 0.0, 0.0, 0.0, 0.0, 0.0, 0.0, 0.0, 0.0, 0.0, 0.0, 0.0, 0.0, 0.0, 0.0, 0.0, 0.0, 0.0, 0.0, 0.9818426977484761, 0.9747280190797062, 0.9799800919043071], [0.9873213084442772, 0.0, 0.0, 0.0, 0.0, 0.0, 0.0, 0.0, 0.0, 0.0, 0.0, 0.0, 0.0, 0.0, 0.0, 0.0, 0.0, 0.0, 0.0, 0.0, 0.0, 0.0, 0.0, 0.0, 0.0, 0.0, 0.0, 0.0, 0.0, 0.0, 0.0, 0.0, 0.0, 0.0, 0.0, 0.0, 0.0, 0.0, 0.0, 0.0, 0.0, 0.0], [0.9874669318189643, 0.0, 0.0, 0.0, 0.0, 0.0, 0.0, 0.0, 0.0, 0.0, 0.0, 0.0, 0.0, 0.0, 0.0, 0.0, 0.0, 0.0, 0.0, 0.0, 0.0, 0.0, 0.0, 0.0, 0.0, 0.0, 0.0, 0.0, 0.0, 0.0, 0.0, 0.0, 0.0, 0.0, 0.0, 0.0, 0.0, 0.0, 0.0, 0.0, 0.0, 0.0], [0.9864676704882465, 0.0, 0.0, 0.0, 0.0, 0.0, 0.0, 0.0, 0.0, 0.0, 0.0, 0.0, 0.0, 0.0, 0.0, 0.0, 0.0, 0.0, 0.0, 0.0, 0.0, 0.0, 0.0, 0.0, 0.0, 0.0, 0.0, 0.0, 0.0, 0.0, 0.0, 0.0, 0.0, 0.0, 0.0, 0.0, 0.0, 0.0, 0.0, 0.0, 0.0, 0.0], [0.0, 0.977337210815874, 0.0, 0.0, 0.0, 0.0, 0.0, 0.0, 0.0, 0.0, 0.0, 0.0, 0.0, 0.0, 0.0, 0.0, 0.0, 0.0, 0.0, 0.0, 0.0, 0.0, 0.0, 0.0, 0.0, 0.0, 0.0, 0.0, 0.0, 0.0, 0.0, 0.0, 0.0, 0.0, 0.0, 0.0, 0.0, 0.0, 0.0, 0.0, 0.0, 0.0], [0.0, 0.975274418579886, 0.0, 0.0, 0.0, 0.0, 0.0, 0.0, 0.0, 0.0, 0.0, 0.0, 0.0, 0.0, 0.0, 0.0, 0.0, 0.0, 0.0, 0.0, 0.0, 0.0, 0.0, 0.0, 0.0, 0.0, 0.0, 0.0, 0.0, 0.0, 0.0, 0.0, 0.0, 0.0, 0.0, 0.0, 0.0, 0.0, 0.0, 0.0, 0.0, 0.0], [0.0, 0.0, 0.9696318650172601, 0.0, 0.0, 0.0, 0.0, 0.0, 0.0, 0.0, 0.0, 0.0, 0.0, 0.0, 0.0, 0.0, 0.0, 0.0, 0.0, 0.0, 0.0, 0.0, 0.0, 0.0, 0.0, 0.0, 0.0, 0.0, 0.0, 0.0, 0.0, 0.0, 0.0, 0.0, 0.0, 0.0, 0.0, 0.0, 0.0, 0.0, 0.0, 0.0], [0.0, 0.0, 0.9764123467778284, 0.0, 0.0, 0.0, 0.0, 0.0, 0.0, 0.0, 0.0, 0.0, 0.0, 0.0, 0.0, 0.0, 0.0, 0.0, 0.0, 0.0, 0.0, 0.0, 0.0, 0.0, 0.0, 0.0, 0.0, 0.0, 0.0, 0.0, 0.0, 0.0, 0.0, 0.0, 0.0, 0.0, 0.0, 0.0, 0.0, 0.0, 0.0, 0.0], [0.0, 0.0, 0.0, 0.9218809258222265, 0.0, 0.0, 0.0, 0.0, 0.0, 0.0, 0.0, 0.0, 0.0, 0.0, 0.0, 0.0, 0.0, 0.0, 0.0, 0.0, 0.0, 0.0, 0.0, 0.0, 0.0, 0.0, 0.0, 0.0, 0.0, 0.0, 0.0, 0.0, 0.0, 0.0, 0.0, 0.0, 0.0, 0.0, 0.0, 0.0, 0.0, 0.0], [0.0, 0.0, 0.0, 0.0, 0.0, 0.0, 0.0, 0.0, 0.0, 0.0, 0.0, 0.9610283113432747, 0.0, 0.0, 0.0, 0.0, 0.0, 0.0, 0.0, 0.0, 0.0, 0.0, 0.0, 0.0, 0.0, 0.0, 0.0, 0.0, 0.0, 0.0, 0.0, 0.0, 0.0, 0.0, 0.0, 0.0, 0.0, 0.0, 0.0, 0.0, 0.0, 0.0], [0.0, 0.0, 0.0, 0.0, 0.0, 0.0, 0.0, 0.0, 0.0, 0.0, 0.0, 0.0, 0.0, 0.9818915000174362, 0.0, 0.0, 0.0, 0.0, 0.0, 0.0, 0.0, 0.0, 0.0, 0.0, 0.0, 0.0, 0.0, 0.0, 0.0, 0.0, 0.0, 0.0, 0.0, 0.0, 0.0, 0.0, 0.0, 0.0, 0.0, 0.0, 0.0, 0.0], [0.0, 0.0, 0.0, 0.0, 0.0, 0.0, 0.0, 0.0, 0.0, 0.0, 0.0, 0.0, 0.0, 0.9802006965618512, 0.0, 0.0, 0.0, 0.0, 0.0, 0.0, 0.0, 0.0, 0.0, 0.0, 0.0, 0.0, 0.0, 0.0, 0.0, 0.0, 0.0, 0.0, 0.0, 0.0, 0.0, 0.0, 0.0, 0.0, 0.0, 0.0, 0.0, 0.0], [0.0, 0.0, 0.0, 0.0, 0.0, 0.0, 0.0, 0.0, 0.0, 0.0, 0.0, 0.0, 0.0, 0.96559644911417, 0.0, 0.0, 0.0, 0.0, 0.0, 0.0, 0.0, 0.0, 0.0, 0.0, 0.0, 0.0, 0.0, 0.0, 0.0, 0.0, 0.0, 0.0, 0.0, 0.0, 0.0, 0.0, 0.0, 0.0, 0.0, 0.0, 0.0, 0.0], [0.0, 0.0, 0.0, 0.0, 0.0, 0.0, 0.0, 0.0, 0.0, 0.0, 0.0, 0.0, 0.0, 0.0, 0.968984160158678, 0.0, 0.0, 0.0, 0.0, 0.0, 0.0, 0.0, 0.0, 0.0, 0.0, 0.0, 0.0, 0.0, 0.0, 0.0, 0.0, 0.0, 0.0, 0.0, 0.0, 0.0, 0.0, 0.0, 0.0, 0.0, 0.0, 0.0], [0.0, 0.0, 0.0, 0.0, 0.0, 0.0, 0.0, 0.0, 0.0, 0.0, 0.0, 0.0, 0.0, 0.0, 0.0, 0.9680067470111419, 0.0, 0.0, 0.0, 0.0, 0.0, 0.0, 0.0, 0.0, 0.0, 0.0, 0.0, 0.0, 0.0, 0.0, 0.0, 0.0, 0.0, 0.0, 0.0, 0.0, 0.0, 0.0, 0.0, 0.0, 0.0, 0.0], [0.0, 0.0, 0.0, 0.0, 0.0, 0.0, 0.0, 0.0, 0.0, 0.0, 0.0, 0.0, 0.0, 0.0, 0.0, 0.0, 0.0, 0.0, 0.0, 0.0, 0.9754486695270808, 0.0, 0.0, 0.0, 0.0, 0.0, 0.0, 0.0, 0.0, 0.0, 0.0, 0.0, 0.0, 0.0, 0.0, 0.0, 0.0, 0.0, 0.0, 0.0, 0.0, 0.0], [0.0, 0.0, 0.0, 0.0, 0.0, 0.0, 0.0, 0.0, 0.0, 0.0, 0.0, 0.0, 0.0, 0.0, 0.0, 0.0, 0.0, 0.0, 0.0, 0.0, 0.9795332066540492, 0.0, 0.0, 0.0, 0.0, 0.0, 0.0, 0.0, 0.0, 0.0, 0.0, 0.0, 0.0, 0.0, 0.0, 0.0, 0.0, 0.0, 0.0, 0.0, 0.0, 0.0], [0.0, 0.0, 0.0, 0.0, 0.0, 0.0, 0.0, 0.0, 0.0, 0.0, 0.0, 0.0, 0.0, 0.0, 0.0, 0.0, 0.0, 0.0, 0.0, 0.0, 0.9825177324191405, 0.0, 0.0, 0.0, 0.0, 0.0, 0.0, 0.0, 0.0, 0.0, 0.0, 0.0, 0.0, 0.0, 0.0, 0.0, 0.0, 0.0, 0.0, 0.0, 0.0, 0.0], [0.0, 0.0, 0.0, 0.0, 0.0, 0.0, 0.0, 0.0, 0.0, 0.0, 0.0, 0.0, 0.0, 0.0, 0.0, 0.0, 0.0, 0.0, 0.0, 0.0, 0.0, 0.9818426977484761, 0.0, 0.0, 0.0, 0.0, 0.0, 0.0, 0.0, 0.0, 0.0, 0.0, 0.0, 0.0, 0.0, 0.0, 0.0, 0.0, 0.0, 0.0, 0.0, 0.0], [0.0, 0.0, 0.0, 0.0, 0.0, 0.0, 0.0, 0.0, 0.0, 0.0, 0.0, 0.0, 0.0, 0.0, 0.0, 0.0, 0.0, 0.0, 0.0, 0.0, 0.0, 0.9747280190797062, 0.0, 0.0, 0.0, 0.0, 0.0, 0.0, 0.0, 0.0, 0.0, 0.0, 0.0, 0.0, 0.0, 0.0, 0.0, 0.0, 0.0, 0.0, 0.0, 0.0], [0.0, 0.0, 0.0, 0.0, 0.0, 0.0, 0.0, 0.0, 0.0, 0.0, 0.0, 0.0, 0.0, 0.0, 0.0, 0.0, 0.0, 0.0, 0.0, 0.0, 0.0, 0.9799800919043071, 0.0, 0.0, 0.0, 0.0, 0.0, 0.0, 0.0, 0.0, 0.0, 0.0, 0.0, 0.0, 0.0, 0.0, 0.0, 0.0, 0.0, 0.0, 0.0, 0.0]], "Born radii": [], "Atomic SASAs": [], "Solvent H bonds": [], "Total SASA": NaN, "Total FOD": 0.0, "FOD": [0.0, 0.0, 0.0, 0.0, 0.0, 0.0, 0.0, 0.0, 0.0, 0.0, 0.0, 0.0, 0.0, 0.0, 0.0, 0.0, 0.0, 0.0, 0.0, 0.0, 0.0, 0.0, 0.0, 0.0, 0.0, 0.0, 0.0, 0.0, 0.0, 0.0, 0.0, 0.0, 0.0, 0.0, 0.0, 0.0, 0.0, 0.0, 0.0, 0.0, 0.0, 0.0], "FOD s proportion": [0.0, 0.0, 0.0, 0.0, 0.0, 0.0, 0.0, 0.0, 0.0, 0.0, 0.0, 0.0, 0.0, 0.0, 0.0, 0.0, 0.0, 0.0, 0.0, 0.0, 0.0, 0.0, 0.0, 0.0, 0.0, 0.0, 0.0, 0.0, 0.0, 0.0, 0.0, 0.0, 0.0, 0.0, 0.0, 0.0, 0.0, 0.0, 0.0, 0.0, 0.0, 0.0], "FOD p proportion": [0.0, 0.0, 0.0, 0.0, 0.0, 0.0, 0.0, 0.0, 0.0, 0.0, 0.0, 0.0, 0.0, 0.0, 0.0, 0.0, 0.0, 0.0, 0.0, 0.0, 0.0, 0.0, 0.0, 0.0, 0.0, 0.0, 0.0, 0.0, 0.0, 0.0, 0.0, 0.0, 0.0, 0.0, 0.0, 0.0, 0.0, 0.0, 0.0, 0.0, 0.0, 0.0], "FOD d proportion": [0.0, 0.0, 0.0, 0.0, 0.0, 0.0, 0.0, 0.0, 0.0, 0.0, 0.0, 0.0, 0.0, 0.0, 0.0, 0.0, 0.0, 0.0, 0.0, 0.0, 0.0, 0.0, 0.0, 0.0, 0.0, 0.0, 0.0, 0.0, 0.0, 0.0, 0.0, 0.0, 0.0, 0.0, 0.0, 0.0, 0.0, 0.0, 0.0, 0.0, 0.0, 0.0], "coordinates": [["5.60540", "0.42660", "0.40700"], ["4.44530", "-0.07690", "-0.43810"], ["3.13940", "0.63560", "-0.07560"], ["1.96320", "0.16380", "-0.93280"], ["1.33530", "-1.10250", "-0.39820"], ["1.94400", "-2.15140", "-0.24290"], ["-0.02110", "-0.81770", "-0.17050"], ["-0.28530", "0.52920", "-0.45910"], ["0.84660", "1.17950", "-0.92400"], ["0.98150", "2.34220", "-1.27660"], ["-1.56350", "1.06290", "-0.22580"], ["-1.91100", "2.39130", "-0.50180"], ["-3.20970", "2.85850", "-0.24800"], ["-3.56380", "4.29200", "-0.51660"], ["-4.15050", "1.98870", "0.31030"], ["-3.80460", "0.66560", "0.58740"], ["-2.51690", "0.19480", "0.32160"], ["-2.22600", "-1.14310", "0.62660"], ["-1.03590", "-1.62120", "0.37870"], ["-0.76670", "-2.94890", "0.68050"], ["-1.52640", "-3.57110", "1.76580"], ["-0.51240", "-3.87230", "-0.42680"], ["5.76270", "1.49970", "0.25880"], ["5.42070", "0.24950", "1.47140"], ["6.52850", "-0.09300", "0.13130"], ["4.67620", "0.08820", "-1.49700"], ["4.34540", "-1.15740", "-0.29270"], ["3.28730", "1.71560", "-0.20180"], ["2.91930", "0.47510", "0.98790"], ["2.24970", "-0.00210", "-1.97760"], ["-1.18580", "3.08460", "-0.91890"], ["-4.63280", "4.39810", "-0.72910"], ["-3.02070", "4.67050", "-1.38890"], ["-3.31360", "4.90800", "0.35260"], ["-5.15790", "2.33280", "0.53380"], ["-4.54030", "-0.00860", "1.01820"], ["-2.56070", "-3.76690", "1.46250"], ["-1.06600", "-4.52070", "2.05930"], ["-1.53270", "-2.92620", "2.65140"], ["-0.03860", "-3.38100", "-1.28170"], ["-1.45210", "-4.30840", "-0.78390"], ["0.14470", "-4.68340", "-0.09660"]], "bond_dist": [[0.0, 1.5210319753377974, 2.521455881033813, 3.8896977671793476, 4.6065440256226795, 4.524854027479782, 5.791311681303295, 5.9549141437975415, 4.998459447669852, 5.280576060431287, 7.224848838557109, 7.821907215634817, 9.167832383938965, 9.993426977768937, 9.880642292381605, 9.414763149437166, 8.126055727719324, 7.990181988540686, 6.949902979178918, 7.216125061970587, 8.28797405702986, 7.523512510124511, 1.0946461254670388, 1.0947263859065424, 1.0945813172167702, 2.1454936960988724, 2.141549927038826, 2.721350041799107, 2.7486233408744827, 4.138939881177305, 7.412379661755056, 11.04012113611078, 9.779854049524463, 9.981706583545723, 10.931527961360207, 10.173406163620914, 9.240384824778674, 8.468379451819574, 8.199455519118327, 7.014574930100896, 8.581769867573938, 7.4956625757834106], [1.5210319753377974, 0.0, 1.5311555472909988, 2.5423384884786677, 3.274988148070157, 3.2554807601950277, 4.535319543317758, 4.769315943612878, 3.8425618355466966, 4.307323705040057, 6.1196317511758815, 6.818989560044802, 8.200715588898325, 9.123548228074426, 8.872123959909487, 8.346484679791846, 7.0087940346396245, 6.83934296698155, 5.752875643536891, 6.055129557656054, 7.261391721977268, 6.243715091193703, 2.1695344961534953, 2.1689011895427606, 2.159675394590586, 1.096285560426662, 1.0948065673898746, 2.1470579731344, 2.160290721176203, 2.682594760674821, 6.475765445103768, 10.125324963180194, 8.898482084041074, 9.256077123166163, 9.948502095290525, 9.103102874295116, 8.143243601907043, 7.507249355789376, 7.307530686901013, 5.633302493209467, 7.2666702587911605, 6.311230059188144], [2.521455881033813, 1.5311555472909988, 0.0, 1.5299782743555546, 2.5258343532385497, 3.0371597669533297, 3.4799205666221753, 3.447747569065926, 2.504504264320586, 3.0019022252565124, 4.724660171906546, 5.363829703672554, 6.729195864291661, 7.6483091072471705, 7.4244488300479246, 6.975643697896275, 5.687337001620354, 5.695996461550867, 4.76787844014505, 5.355179237896712, 6.5465081142544985, 5.812069088543253, 2.782120604862413, 2.7832735941692834, 3.4727027485807076, 2.1637418884885506, 2.1717314313699103, 1.097360856783219, 1.097832642072552, 2.1945002574618218, 5.04143937085432, 8.659709079409076, 7.4801074129988265, 7.750997742226481, 8.490997791190386, 7.783905457416605, 7.3647062310726294, 6.987890730399267, 6.476995186813095, 5.261885286662946, 6.784297836917244, 6.104132214328258], [3.8896977671793476, 2.5423384884786677, 1.5299782743555546, 0.0, 1.511148986698532, 2.415881141529939, 2.3413436377430803, 2.3267275517344097, 1.5094765615934553, 2.4139925207009236, 3.707538630951807, 4.489648414965252, 5.872755191560431, 6.9110770998448565, 6.500221943133941, 5.985843977251663, 4.652502162277843, 4.657157138212109, 3.728385449494191, 4.443421225812381, 5.7800716370993195, 4.761799509639188, 4.200088049077066, 4.212104982072503, 4.694701176858865, 2.7720761172810526, 2.7982448588356235, 2.1669529413441353, 2.167976796462545, 1.0959982208014756, 4.295051437410267, 7.840791170538851, 6.734807444166462, 7.2114010455666655, 7.587195909557101, 6.7920273122242385, 6.453955050199839, 6.330344011189282, 5.883528401393164, 4.085895433072168, 5.629122324128336, 5.244189215693881], [4.6065440256226795, 3.274988148070157, 2.5258343532385497, 1.511148986698532, 0.0, 1.2226303570580932, 1.4045566168723849, 2.3005429924259184, 2.392241068538035, 3.572494799156466, 3.6223915249459155, 4.77030765150425, 6.030680396107889, 7.288060758528292, 6.336520443429501, 5.524143099160267, 4.128019400390458, 3.7060384631031558, 2.5485707249358414, 2.9985314155432823, 4.355021107870776, 3.329655431121965, 5.17735111809118, 4.691886754814101, 5.316839920479081, 3.71305005891383, 3.0124485505980014, 3.433739152876934, 2.6304279062540377, 2.1310823259555227, 4.91516837046301, 8.123072865609418, 7.299572007316593, 7.635580010713005, 7.404833308724782, 6.142107254843406, 5.073465073300495, 4.846611102615929, 4.566329581841416, 2.8035220188184717, 4.265695495461437, 3.785675069257793], [4.524854027479782, 3.2554807601950277, 3.0371597669533297, 2.415881141529939, 1.2226303570580932, 0.0, 2.3760503908797896, 3.4931557780894913, 3.572545140372617, 4.710348490292412, 4.757580598371403, 5.963570868196336, 7.187471579769899, 8.481048053749017, 7.3884632028589, 6.455330282022756, 5.071779125711214, 4.377396388265518, 3.08987096979793, 2.9726365906380146, 4.253716015438736, 3.004865551068799, 5.307042847952144, 4.55966974571624, 5.039313093071317, 3.7487987155887685, 2.5994687918880657, 4.093877514044601, 3.060160286651665, 2.778871546149624, 6.137452243398722, 9.294441291976618, 8.51468623614517, 8.822250640851234, 8.434944939950705, 6.944646250169983, 5.080408595772588, 4.469206566047267, 4.589632928677412, 2.5537667003859217, 4.059411929085295, 3.109647597397492], [5.791311681303295, 4.535319543317758, 3.4799205666221753, 2.3413436377430803, 1.4045566168723849, 2.3760503908797896, 0.0, 1.4025801973505827, 2.3042294547201676, 3.494800706764264, 2.432840358511014, 3.7388718485660886, 4.866993183681275, 6.227322264826191, 5.015874196987002, 4.133940438613019, 2.737943808773292, 2.367031385512241, 1.40607678666565, 2.4129098201134664, 3.6873292963878344, 3.1044559169039587, 6.245557116062585, 5.783419290523557, 6.5964788705793636, 4.964361424191433, 4.381398313324183, 4.16702521470653, 3.4145533470719123, 3.0145225840918823, 4.140600673815334, 6.984581625981617, 6.3720042341479965, 6.625543777683459, 6.066992910824934, 4.742448643896948, 4.220667932922466, 4.447025191068744, 3.8332527206016564, 2.793846556273268, 3.8221730795451947, 3.8699596044403357], [5.9549141437975415, 4.769315943612878, 3.447747569065926, 2.3267275517344097, 2.3005429924259184, 3.4931557780894913, 1.4025801973505827, 0.0, 1.3857199248044316, 2.3579774150741986, 1.4046564775773471, 2.472274295057084, 3.7446384418258596, 4.991045215182888, 4.2026048648427565, 3.6741311489929154, 2.3877509103757038, 2.782381762088014, 2.426835256048502, 3.691559796346254, 4.827314917218474, 4.407473193338786, 6.167297192449866, 6.030215447229063, 6.867574203457871, 5.088044777711769, 4.931094301471023, 3.773223954392318, 3.516560389073391, 3.0023902044870847, 2.7481603755967376, 5.825980042876906, 5.0494858045151485, 5.385475579742239, 5.289712102751906, 4.536151356601761, 5.227472327042966, 5.696781640540561, 4.813627132423116, 4.0033980179342645, 4.986911974358481, 5.242852754941722], [4.998459447669852, 3.8425618355466966, 2.504504264320586, 1.5094765615934553, 2.392241068538035, 3.572545140372617, 2.3042294547201676, 1.3857199248044316, 0.0, 1.2224549316846, 2.5119038218052854, 3.041557140676466, 4.441799938088162, 5.413433214698414, 5.210499931868342, 4.9175283029180425, 3.7194469615791004, 4.152071998412359, 3.6172854504448497, 4.713898991280997, 5.952676154470358, 5.254975935244613, 5.066515872865692, 5.246449463208427, 5.91750808617952, 4.023071071954856, 4.254555527901827, 2.6011521562569153, 2.9064800463791247, 2.115405665587572, 2.7856923340527033, 6.357766614936412, 5.230604391463762, 5.730504676727871, 6.285642527220268, 5.848283001018334, 6.46312219441966, 6.7119593033629155, 5.941491911969585, 4.659365684296522, 5.951528888445388, 5.96245341952455], [5.280576060431287, 4.307323705040057, 3.0019022252565124, 2.4139925207009236, 3.572494799156466, 4.710348490292412, 3.494800706764264, 2.3579774150741986, 1.2224549316846, 0.0, 3.0360853298285275, 2.994875974059694, 4.34634801758902, 5.003905687560468, 5.3833667773986935, 5.402984061608918, 4.405039450447634, 5.10465890927102, 4.745361989353394, 5.9061140236199305, 7.10724117080601, 6.447783146167371, 5.09186928838516, 5.624712786445189, 6.219452584432171, 4.333578227054405, 4.95288628781239, 2.6200259998709936, 3.516971921980612, 2.7559888842301232, 2.3186841828933926, 6.003902526690453, 4.63154369730007, 5.2617018435103295, 6.400770959814138, 6.425157034656819, 7.574361521606953, 7.900625384740121, 7.036080172937202, 5.813402468434472, 7.098988844194643, 7.172983312402169], [7.224848838557109, 6.1196317511758815, 4.724660171906546, 3.707538630951807, 3.6223915249459155, 4.757580598371403, 2.432840358511014, 1.4046564775773471, 2.5119038218052854, 3.0360853298285275, 0.0, 1.4005637472103871, 2.436113018724706, 3.8095736690606206, 2.7994781388680283, 2.416954848564615, 1.4007911800122101, 2.455998373370797, 2.8014594089509846, 4.189368588462944, 5.043986813027964, 5.049892201819758, 7.355191217092863, 7.233336508140624, 8.181936764605311, 6.4420373811396034, 6.312630743992554, 4.894573927319925, 4.681246881974929, 4.329378994728921, 2.1703261943772416, 4.560424587689178, 4.06091260802298, 4.264057994446136, 3.887074675125241, 3.3995568078795215, 5.2126512227464445, 6.053575573163352, 4.918551340587999, 4.815443077225604, 5.401365499575084, 5.99621577080078], [7.821907215634817, 6.818989560044802, 5.363829703672554, 4.489648414965252, 4.77030765150425, 5.963570868196336, 3.7388718485660886, 2.472274295057084, 3.041557140676466, 2.994875974059694, 1.4005637472103871, 0.0, 1.403321762818492, 2.5188543764973788, 2.4159787706020928, 2.7839033909243334, 2.422749392735452, 3.723505729819682, 4.200147200991889, 5.5879326964450815, 6.390629130218715, 6.418285746209809, 7.762675737785265, 7.888894115780741, 8.820301715360989, 7.0488223477400815, 7.195799848522747, 5.2506088580278, 5.405814149598559, 5.021730149062174, 1.0865322544683151, 3.3892634553837797, 2.68572767420675, 3.005173041606756, 3.4085552980698433, 3.8708059238355004, 6.496461484531406, 7.419501479883942, 6.193673173489219, 6.118298216007454, 6.721320533198814, 7.378446287667886], [9.167832383938965, 8.200715588898325, 6.729195864291661, 5.872755191560431, 6.030680396107889, 7.187471579769899, 4.866993183681275, 3.7446384418258596, 4.441799938088162, 4.34634801758902, 2.436113018724706, 1.403321762818492, 0.0, 1.5008181168949153, 1.3976249747339233, 2.420869591696339, 2.8106429317862487, 4.2125281494608435, 5.01855272165193, 6.368379386468742, 6.9446846933464155, 7.253348562560606, 9.08884731085301, 9.178617625764785, 10.182718692962112, 8.451152696526078, 8.556225038531887, 6.596920785487726, 6.69123944945927, 6.401530823170345, 2.1441546655966777, 2.1510553177452225, 2.1495854972529007, 2.1382155691136484, 2.164036730279779, 3.4049994434654463, 6.873349722660706, 8.023196097566107, 6.6844299270768035, 7.075010328614368, 7.398702736291005, 8.255614872921338], [9.993426977768937, 9.123548228074426, 7.6483091072471705, 6.9110770998448565, 7.288060758528292, 8.481048053749017, 6.227322264826191, 4.991045215182888, 5.413433214698414, 5.003905687560468, 3.8095736690606206, 2.5188543764973788, 1.5008181168949153, 0.0, 2.5165793033401513, 3.7983651219965675, 4.311105042793552, 5.7128738030871995, 6.492901873584722, 7.85413582961232, 8.437339043205505, 8.71635821257938, 9.766359951384139, 10.050631348328324, 11.022818092484336, 9.30218891444374, 9.607368849482151, 7.326288774679852, 7.672211641371737, 7.373642116349288, 2.6971362683409232, 1.095068244448719, 1.0950466428422123, 1.09433298405924, 2.7354998830195547, 4.669510001060069, 8.358762804984957, 9.51514303308153, 8.140270416269965, 8.478640342059569, 8.859887490256297, 9.720451502373747], [9.880642292381605, 8.872123959909487, 7.4244488300479246, 6.500221943133941, 6.336520443429501, 7.3884632028589, 5.015874196987002, 4.2026048648427565, 5.210499931868342, 5.3833667773986935, 2.7994781388680283, 2.4159787706020928, 1.3976249747339233, 2.5165793033401513, 0.0, 1.3953583159891225, 2.4262839611224405, 3.6894331786874797, 4.7683109934231425, 5.997253057859073, 6.317891824018515, 6.937608306902315, 9.925387019658226, 9.796981131450648, 10.881477697904822, 9.208087012512424, 9.079750603403156, 7.460408759578795, 7.26169393185915, 7.08239585804126, 3.3913677978066605, 2.667990631542773, 3.3698338119260423, 3.0371867558647105, 1.0877554044912852, 2.1545936368605565, 6.081279490370427, 7.412518439100168, 6.0406844032774965, 6.94808345516949, 6.937730508602939, 7.945516286560616], [9.414763149437166, 8.346484679791846, 6.975643697896275, 5.985843977251663, 5.524143099160267, 6.455330282022756, 4.133940438613019, 3.6741311489929154, 4.9175283029180425, 5.402984061608918, 2.416954848564615, 2.7839033909243334, 2.420869591696339, 3.7983651219965675, 1.3953583159891225, 0.0, 1.396593559343591, 2.4010227591591047, 3.5970417873580507, 4.722511436725167, 4.952620386219803, 5.69734314307994, 9.609210688709037, 9.276893623406492, 10.370942906987773, 8.75226157972898, 8.397642824626445, 7.212515667227351, 6.738510347992352, 6.609054151692207, 3.8702214574879306, 4.043592924615434, 4.534256820031261, 4.27716843250298, 2.1479873579702464, 1.0869170943544866, 4.68616511339496, 6.0468278675682505, 4.7246854763042165, 5.835345951184042, 5.670572805281667, 6.684057711450433], [8.126055727719324, 7.0087940346396245, 5.687337001620354, 4.652502162277843, 4.128019400390458, 5.071779125711214, 2.737943808773292, 2.3877509103757038, 3.7194469615791004, 4.405039450447634, 1.4007911800122101, 2.422749392735452, 2.8106429317862487, 4.311105042793552, 2.4262839611224405, 1.396593559343591, 0.0, 1.4027202928595566, 2.344030164055062, 3.6159174409823023, 4.15316827253604, 4.595587581583012, 8.382033405445245, 8.020631265056386, 9.051977910379588, 7.420199264844576, 7.021180144391682, 6.022916057857689, 5.484049071625818, 5.295806436228575, 3.414910174514112, 4.821694120327419, 4.817833037787839, 4.780161726343577, 3.404548992157405, 2.1495977949374625, 4.122940472526859, 5.2307410899412705, 4.01712069522438, 4.636689273608918, 4.757598084117657, 5.572776780026273], [7.990181988540686, 6.83934296698155, 5.695996461550867, 4.657157138212109, 3.7060384631031558, 4.377396388265518, 2.367031385512241, 2.782381762088014, 4.152071998412359, 5.10465890927102, 2.455998373370797, 3.723505729819682, 4.2125281494608435, 5.7128738030871995, 3.6894331786874797, 2.4010227591591047, 1.4027202928595566, 0.0, 1.306281757508693, 2.322364170409111, 2.7717144153032796, 3.3903700623973188, 8.42252909582389, 7.818250615706815, 8.831155210390088, 7.325717813975637, 6.635406162398802, 6.265372226771527, 5.405850628717001, 5.302417291198421, 4.61996034398565, 6.191567343573031, 6.20417063756309, 6.1541661474159115, 4.5482447449538155, 2.606995454541492, 2.7740006020186803, 3.8479099586658725, 2.785664290613641, 3.6653136373303714, 3.5507119778996437, 4.321684951497506], [6.949902979178918, 5.752875643536891, 4.76787844014505, 3.728385449494191, 2.5485707249358414, 3.08987096979793, 1.40607678666565, 2.426835256048502, 3.6172854504448497, 4.745361989353394, 2.8014594089509846, 4.200147200991889, 5.01855272165193, 6.492901873584722, 4.7683109934231425, 3.5970417873580507, 2.344030164055062, 1.306281757508693, 0.0, 1.3879262120156102, 2.4426925041846754, 2.4475158242593653, 7.4816679143089475, 6.81037409692008, 7.721188338591411, 6.250470803067557, 5.442818947016334, 5.491927961108011, 4.517654852907645, 4.355318801190103, 4.883726999945841, 7.099076203281664, 6.830031456003698, 6.91513204067717, 5.713935247270483, 3.910275996652922, 2.8466938665757513, 3.3514806608423084, 2.667395833017665, 2.6169508000724813, 2.957347