{"total energy": -26.29142561, "HOMO-LUMO gap/eV": 4.20983453, "electronic energy": -26.68812759, "dipole": [0.58093015, -0.26224434, -0.01608753], "partial charges": [-0.10138553, -0.02545382, -0.04757981, -0.04640782, -0.04673265, -0.00273431, -0.10098809, 0.12594953, -0.39884739, 0.03656643, 0.03656927, 0.04436824, 0.0289878, 0.02830064, 0.03256495, 0.05116512, 0.036207, 0.05117265, 0.29827779], "atomic dipole moments": [[-0.05747238, 0.02777459, 0.00200772], [0.06162726, -0.07373094, -0.01247302], [0.00241737, -0.0145476, -0.00322978], [-0.00208891, -0.00302417, -0.00087232], [-0.00390065, -0.01304628, -0.00336367], [-0.04792133, -0.06251686, -0.01841889], [0.06919692, 0.03026099, 0.0125366], [-0.01768817, -0.23462024, -0.05651583], [0.14449519, 0.13270333, 0.04249506], [0.01639892, -0.04330908, -0.11903323], [9.916e-05, -0.09205853, 0.08853914], [0.10758211, 0.07132532, 0.02519593], [0.13017799, 0.07080595, 0.02685394], [0.00925727, 0.14573167, 0.03495228], [-0.12083235, 0.08975376, 0.01158046], [-0.00803307, -0.04364022, -0.12346586], [-0.09539276, 0.08232091, 0.01183956], [-0.02467282, -0.09347073, 0.08868627], [0.07509307, -0.02716897, -0.00049397]], "atomic quadrupole moments": [[0.07723943, -0.12377301, 0.0344042, -0.0138453, 0.02575164, -0.11164363], [-0.13812683, -0.11912964, -0.17964287, -0.06669011, -0.13485881, 0.3177697], [-0.22760085, 0.00113895, -0.21859576, -0.05604813, -0.16626072, 0.44619661], [-0.23804157, 0.0147785, -0.21602597, -0.05426628, -0.16639761, 0.45406754], [-0.23085795, 0.02645263, -0.22100593, -0.05078635, -0.16602986, 0.45186388], [-0.12005342, 0.10089912, -0.2320307, -0.01600496, -0.13716171, 0.35208412], [0.12617891, 0.1027525, -0.00726086, 0.04430916, 0.03716078, -0.11891805], [-0.46690508, 0.05637866, 0.19388325, -0.04541571, -0.01589783, 0.27302183], [-0.02780711, 0.01680842, 0.08584724, 0.00704854, 0.03730026, -0.05804013], [-0.03106538, -0.00877483, -0.03149108, 0.00055641, 0.04894725, 0.06255646], [-0.02875401, 0.00433616, 0.02628001, -0.01179979, -0.0669915, 0.002474], [0.02834073, 0.04610965, 0.01957601, 0.01730993, 0.02094582, -0.04791674], [0.03779305, -0.00986016, 0.02600015, 0.00609596, 0.02162125, -0.0637932], [0.03930597, -0.00197497, 0.02509573, 0.00813895, 0.02224223, -0.0644017], [0.03794565, 0.00358782, 0.02439567, 0.00917584, 0.02204232, -0.06234132], [-0.02768425, 0.00021092, -0.03106231, -0.00500669, 0.04812054, 0.05874656], [0.02022816, -0.05474409, 0.03442486, -0.00670012, 0.01747136, -0.05465303], [-0.02776743, 0.00945026, 0.02485397, -0.00228473, -0.06434128, 0.00291347], [0.08150113, -0.07689617, 0.00346974, -0.00475028, 0.01550893, -0.08497088]], "number of molecular orbitals": 46, "number of electrons": 48, "number of unpaired electrons": 0, "orbital energies/eV": [-19.07502587, -17.51140146, -17.10843098, -16.74442846, -16.35834187, -15.94970724, -15.83203103, -15.31084347, -14.80111755, -14.26077067, -14.11491021, -13.62852889, -13.36326639, -13.2833143, -13.01355603, -12.85310431, -12.79465332, -12.656911, -12.11024229, -12.036581, -11.48799003, -11.397237, -10.45320905, -10.07176047, -5.86192595, -5.63681912, -2.42658271, 1.68292497, 2.31757815, 3.08375724, 3.63332271, 3.82076835, 4.46355418, 5.16417338, 5.23352407, 5.41567916, 5.7717782, 5.8340339, 6.23679358, 6.34256402, 10.47537796, 10.6940787, 12.1232967, 12.22687697, 16.73663385, 17.13831651], "fractional occupation": [2.0, 2.0, 2.0, 2.0, 2.0, 2.0, 2.0, 2.0, 2.0, 2.0, 2.0, 2.0, 2.0, 2.0, 2.0, 2.0, 2.0, 2.0, 2.0, 2.0, 2.0, 2.0, 2.0, 2.0, 0.0, 0.0, 0.0, 0.0, 0.0, 0.0, 0.0, 0.0, 0.0, 0.0, 0.0, 0.0, 0.0, 0.0, 0.0, 0.0, 0.0, 0.0, 0.0, 0.0, 0.0, 0.0], "program call": "xtb /home/svss/Project-DBcg-Debug/aqme2_20220329/End-to-End-workflows-final/example-3/QDESCP/mol_470_rdkit_conf_1/mol_470_rdkit_conf_1.xyz --pop --wbo --acc 0.2 --gfn 2 --chrg 0 --uhf 0 --etemp 300 --input /home/svss/Project-DBcg-Debug/aqme2_20220329/End-to-End-workflows-final/example-3/QDESCP/mol_470_rdkit_conf_1/mol_470_rdkit_conf_1_xtb.inp", "method": "GFN2-xTB", "xtb version": "6.3.3 (7355c4f)", "Dipole module/D": 1.621, "Total charge": 0, "Transition dipole module/D": NaN, "HOMO": -10.0718, "LUMO": -5.8619, "HOMO occupancy": 2.0, "LUMO occupancy": 0, "mulliken charges": [-0.0852, -0.04931, -0.04438, -0.04591, -0.04708, -0.01879, -0.07292, 0.23375, -0.52377, 0.0333, 0.0333, 0.03953, 0.02835, 0.02789, 0.0299, 0.04301, 0.02647, 0.04302, 0.34885], "cm5 charges": [-0.22896, -0.06317, -0.09762, -0.1012, -0.10029, -0.03101, -0.2147, 0.24918, -0.72386, 0.08619, 0.08619, 0.0915, 0.08449, 0.08329, 0.08606, 0.0965, 0.07844, 0.09651, 0.52248], "FUKUI+": [0.034, -0.085, -0.062, -0.034, -0.065, -0.081, 0.032, -0.04, -0.054, -0.057, -0.057, -0.05, -0.094, -0.088, -0.094, -0.058, -0.049, -0.058, -0.041], "FUKUI-": [0.029, -0.046, -0.037, -0.059, -0.027, -0.056, 0.026, -0.054, -0.114, -0.057, -0.057, -0.051, -0.075, -0.08, -0.072, -0.078, -0.058, -0.078, -0.056], "FUKUIrad": [0.032, -0.066, -0.05, -0.047, -0.046, -0.069, 0.029, -0.047, -0.084, -0.057, -0.057, -0.05, -0.084, -0.084, -0.083, -0.068, -0.053, -0.068, -0.048], "s proportion": [1.007, 1.083, 1.061, 1.055, 1.062, 1.08, 1.003, 1.021, 1.691, 0.967, 0.967, 0.96, 0.972, 0.972, 0.97, 0.957, 0.974, 0.957, 0.651], "p proportion": [3.078, 2.966, 2.984, 2.991, 2.985, 2.938, 3.07, 2.745, 4.833, 0.0, 0.0, 0.0, 0.0, 0.0, 0.0, 0.0, 0.0, 0.0, 0.0], "d proportion": [0.0, 0.0, 0.0, 0.0, 0.0, 0.0, 0.0, 0.0, 0.0, 0.0, 0.0, 0.0, 0.0, 0.0, 0.0, 0.0, 0.0, 0.0, 0.0], "Fermi-level/eV": -7.9668, "Coordination numbers": [3.754, 2.957, 2.917, 2.908, 2.915, 2.959, 3.754, 2.845, 1.659, 0.924, 0.924, 0.924, 0.925, 0.925, 0.925, 0.924, 0.924, 0.924, 0.805], "Dispersion coefficient C6": [22.494, 28.637, 29.181, 29.152, 29.16, 28.092, 22.486, 25.232, 20.826, 2.495, 2.495, 2.392, 2.601, 2.611, 2.55, 2.306, 2.5, 2.305, 0.726], "Total dispersion C6": 3698.735802, "Total dispersion C8": 86782.796525, "Polarizability alpha": [6.763, 8.777, 8.858, 8.853, 8.855, 8.693, 6.762, 8.232, 6.161, 2.47, 2.47, 2.418, 2.522, 2.527, 2.497, 2.375, 2.473, 2.374, 1.339], "Total polarizability alpha": 95.420254, "Wiberg matrix": [[0.0, 1.0226305043991468, 0.0, 0.0, 0.0, 0.0, 0.0, 0.0, 0.0, 0.9726732515841383, 0.972672953611625, 0.9831598059625498, 0.0, 0.0, 0.0, 0.0, 0.0, 0.0, 0.0], [1.0226305043991468, 0.0, 1.4120895152080843, 0.0, 0.1008499532014262, 0.0, 0.0, 1.3568020088099415, 0.0, 0.0, 0.0, 0.0, 0.0, 0.0, 0.0, 0.0, 0.0, 0.0, 0.0], [0.0, 1.4120895152080843, 0.0, 1.4390782267706053, 0.0, 0.10398908308729028, 0.0, 0.0, 0.0, 0.0, 0.0, 0.0, 0.9697189548482936, 0.0, 0.0, 0.0, 0.0, 0.0, 0.0], [0.0, 0.0, 1.4390782267706053, 0.0, 1.4341874034206827, 0.0, 0.0, 0.0, 0.0, 0.0, 0.0, 0.0, 0.0, 0.9713708183280796, 0.0, 0.0, 0.0, 0.0, 0.0], [0.0, 0.1008499532014262, 0.0, 1.4341874034206827, 0.0, 1.4198948487907501, 0.0, 0.0, 0.0, 0.0, 0.0, 0.0, 0.0, 0.0, 0.969327526212628, 0.0, 0.0, 0.0, 0.0], [0.0, 0.0, 0.10398908308729028, 0.0, 1.4198948487907501, 0.0, 1.027257628307802, 1.3460202504177883, 0.0, 0.0, 0.0, 0.0, 0.0, 0.0, 0.0, 0.0, 0.0, 0.0, 0.0], [0.0, 0.0, 0.0, 0.0, 0.0, 1.027257628307802, 0.0, 0.0, 0.0, 0.0, 0.0, 0.0, 0.0, 0.0, 0.0, 0.9715944224141113, 0.9858359588423091, 0.9715952063213857, 0.0], [0.0, 1.3568020088099415, 0.0, 0.0, 0.0, 1.3460202504177883, 0.0, 0.0, 1.0625126407720629, 0.0, 0.0, 0.0, 0.0, 0.0, 0.0, 0.0, 0.0, 0.0, 0.0], [0.0, 0.0, 0.0, 0.0, 0.0, 0.0, 0.0, 1.0625126407720629, 0.0, 0.0, 0.0, 0.0, 0.0, 0.0, 0.0, 0.0, 0.0, 0.0, 0.8855896059250877], [0.9726732515841383, 0.0, 0.0, 0.0, 0.0, 0.0, 0.0, 0.0, 0.0, 0.0, 0.0, 0.0, 0.0, 0.0, 0.0, 0.0, 0.0, 0.0, 0.0], [0.972672953611625, 0.0, 0.0, 0.0, 0.0, 0.0, 0.0, 0.0, 0.0, 0.0, 0.0, 0.0, 0.0, 0.0, 0.0, 0.0, 0.0, 0.0, 0.0], [0.9831598059625498, 0.0, 0.0, 0.0, 0.0, 0.0, 0.0, 0.0, 0.0, 0.0, 0.0, 0.0, 0.0, 0.0, 0.0, 0.0, 0.0, 0.0, 0.0], [0.0, 0.0, 0.9697189548482936, 0.0, 0.0, 0.0, 0.0, 0.0, 0.0, 0.0, 0.0, 0.0, 0.0, 0.0, 0.0, 0.0, 0.0, 0.0, 0.0], [0.0, 0.0, 0.0, 0.9713708183280796, 0.0, 0.0, 0.0, 0.0, 0.0, 0.0, 0.0, 0.0, 0.0, 0.0, 0.0, 0.0, 0.0, 0.0, 0.0], [0.0, 0.0, 0.0, 0.0, 0.969327526212628, 0.0, 0.0, 0.0, 0.0, 0.0, 0.0, 0.0, 0.0, 0.0, 0.0, 0.0, 0.0, 0.0, 0.0], [0.0, 0.0, 0.0, 0.0, 0.0, 0.0, 0.9715944224141113, 0.0, 0.0, 0.0, 0.0, 0.0, 0.0, 0.0, 0.0, 0.0, 0.0, 0.0, 0.0], [0.0, 0.0, 0.0, 0.0, 0.0, 0.0, 0.9858359588423091, 0.0, 0.0, 0.0, 0.0, 0.0, 0.0, 0.0, 0.0, 0.0, 0.0, 0.0, 0.0], [0.0, 0.0, 0.0, 0.0, 0.0, 0.0, 0.9715952063213857, 0.0, 0.0, 0.0, 0.0, 0.0, 0.0, 0.0, 0.0, 0.0, 0.0, 0.0, 0.0], [0.0, 0.0, 0.0, 0.0, 0.0, 0.0, 0.0, 0.0, 0.8855896059250877, 0.0, 0.0, 0.0, 0.0, 0.0, 0.0, 0.0, 0.0, 0.0, 0.0]], "Born radii": [], "Atomic SASAs": [], "Solvent H bonds": [], "Total SASA": NaN, "Total FOD": 0.0, "FOD": [0.0, 0.0, 0.0, 0.0, 0.0, 0.0, 0.0, 0.0, 0.0, 0.0, 0.0, 0.0, 0.0, 0.0, 0.0, 0.0, 0.0, 0.0, 0.0], "FOD s proportion": [0.0, 0.0, 0.0, 0.0, 0.0, 0.0, 0.0, 0.0, 0.0, 0.0, 0.0, 0.0, 0.0, 0.0, 0.0, 0.0, 0.0, 0.0, 0.0], "FOD p proportion": [0.0, 0.0, 0.0, 0.0, 0.0, 0.0, 0.0, 0.0, 0.0, 0.0, 0.0, 0.0, 0.0, 0.0, 0.0, 0.0, 0.0, 0.0, 0.0], "FOD d proportion": [0.0, 0.0, 0.0, 0.0, 0.0, 0.0, 0.0, 0.0, 0.0, 0.0, 0.0, 0.0, 0.0, 0.0, 0.0, 0.0, 0.0, 0.0, 0.0], "coordinates": [["2.44380", "-0.88940", "-0.01700"], ["1.17440", "-0.09250", "0.07050"], ["1.24510", "1.27020", "0.39610"], ["0.08790", "2.04360", "0.48690"], ["-1.15850", "1.46610", "0.25340"], ["-1.26020", "0.10860", "-0.07340"], ["-2.60660", "-0.50830", "-0.32410"], ["-0.08890", "-0.65900", "-0.16180"], ["-0.23780", "-1.98180", "-0.48410"], ["2.56530", "-1.29910", "-1.02490"], ["2.42900", "-1.70680", "0.71110"], ["3.32400", "-0.27370", "0.19670"], ["2.20690", "1.74310", "0.58270"], ["0.15790", "3.09830", "0.74010"], ["-2.05130", "2.08240", "0.32800"], ["-2.65760", "-0.90710", "-1.34240"], ["-3.41160", "0.22620", "-0.21480"], ["-2.79380", "-1.31460", "0.39240"], ["0.63200", "-2.40630", "-0.51560"]], "bond_dist": [[0.0, 1.50136012335482, 2.504277432713876, 3.795611811025991, 4.312547008439444, 3.836508954766038, 5.074060285412462, 2.5472770736612067, 2.933001658710748, 1.0947505423611354, 1.0947563244850427, 1.0952197131169614, 2.710316946410512, 4.658357061239509, 5.399680013667477, 5.270795045341831, 5.964008497646528, 5.27075489469962, 2.4149962339515145], [1.50136012335482, 0.0, 1.40284180861564, 2.4324461802884763, 2.811602528808082, 2.447125983679631, 3.824207081213045, 1.4038562711331957, 2.423085737236716, 2.1425189684107813, 2.142511145828651, 2.1609118538246763, 2.1674483730875806, 3.415090196466266, 3.8989276410315696, 4.164622860476084, 4.605905098892074, 4.1645839239952895, 2.447729848247147], [2.504277432713876, 1.40284180861564, 0.0, 1.394813263487267, 2.4157882895651266, 2.801119936739589, 4.303178264957193, 2.4109377947180635, 3.6809303783146996, 3.219234618663262, 3.2192193479165105, 2.5971547470260603, 1.0878939332490094, 2.154597282556534, 3.395667741402271, 4.795214784553451, 4.811235776804126, 4.795197382798752, 3.837152687866356], [3.795611811025991, 2.4324461802884763, 1.394813263487267, 0.0, 1.3933920697348612, 2.4239502263866726, 3.7987162120906053, 2.7849805546897453, 4.153644983625828, 4.426815253655837, 4.426795117237751, 3.990794224211516, 2.1423442510483697, 1.086923332162853, 2.145444310626589, 4.42614270330273, 4.005224825150268, 4.426130632956962, 4.593763279708696], [4.312547008439444, 2.811602528808082, 2.4157882895651266, 1.3933920697348612, 0.0, 1.3999812070167228, 2.515701735102951, 2.415053873105111, 3.644119804561864, 4.811140028101448, 4.811126681973777, 4.808630281067573, 3.3927989404030416, 2.1526408641480352, 1.0874201993709696, 3.2289250053229788, 2.6140051377149205, 3.2289037737287867, 4.33505859360632], [3.836508954766038, 2.447125983679631, 2.801119936739589, 2.4239502263866726, 1.3999812070167228, 0.0, 1.5020682607658016, 1.4031992053874602, 2.3629956432460895, 4.185859743230774, 4.185846873692347, 4.608036126160471, 3.888809569778392, 3.4075058253802, 2.1639888192871974, 2.1435331231403913, 2.159246553777497, 2.1434544175232655, 3.1781572789904526], [5.074060285412462, 3.824207081213045, 4.303178264957193, 3.7987162120906053, 2.515701735102951, 1.5020682607658016, 0.0, 2.527422614047757, 2.794282678971474, 5.27873421285823, 5.278760143253338, 5.958043819912707, 5.390813523949794, 4.667177460735771, 2.728611183367832, 1.0947955653910917, 1.095199406500935, 1.0947765890810783, 3.75867080362194], [2.5472770736612067, 1.4038562711331957, 2.4109377947180635, 2.7849805546897453, 2.415053873105111, 1.4031992053874602, 2.527422614047757, 0.0, 1.3696161287017614, 2.863467698438382, 2.8635047860969256, 3.4532397469622635, 3.4051523167106637, 3.871903555100514, 3.406786133586903, 2.837884715769828, 3.4390003387612507, 2.837857115853439, 1.922999880395212], [2.933001658710748, 2.423085737236716, 3.6809303783146996, 4.153644983625828, 3.644119804561864, 2.3629956432460895, 2.794282678971474, 1.3696161287017614, 0.0, 2.9352876417823177, 2.9352939001060863, 4.00843030249997, 4.581429944897117, 5.240482815542857, 4.5239374774636305, 2.7833596641469103, 3.8756667723115723, 2.783261412444041, 0.9683721082311282], [1.0947505423611354, 2.1425189684107813, 3.219234618663262, 4.426815253655837, 4.811140028101448, 4.185859743230774, 5.27873421285823, 2.863467698438382, 2.9352876417823177, 0.0, 1.7884331074994109, 1.7661759283831266, 3.4594521473782525, 5.314877846197408, 5.880295589509085, 5.2472044614251505, 6.221425536804246, 5.543368321697558, 2.2853724466703453], [1.0947563244850427, 2.142511145828651, 3.2192193479165105, 4.426795117237751, 4.811126681973777, 4.185846873692347, 5.278760143253338, 2.8635047860969256, 2.9352939001060863, 1.7884331074994109, 0.0, 1.7661845798217128, 3.459425527453945, 5.314858626529967, 5.880296790128879, 5.5434539684207715, 6.221445826333297, 5.247192617962485, 2.285454471215736], [1.0952197131169614, 2.1609118538246763, 2.5971547470260603, 3.990794224211516, 4.808630281067573, 4.608036126160471, 5.958043819912707, 3.4532397469622635, 4.00843030249997, 1.7661759283831266, 1.7661845798217128, 0.0, 2.3376036126768795, 4.657237031760355, 5.870459691540347, 6.2088294331540475, 6.766649068778429, 6.208804082913231, 3.5074517886921837], [2.710316946410512, 2.1674483730875806, 1.0878939332490094, 2.1423442510483697, 3.3927989404030416, 3.888809569778392, 5.390813523949794, 3.4051523167106637, 4.581429944897117, 3.4594521473782525, 3.459425527453945, 2.3376036126768795, 0.0, 2.4616544842849084, 4.2792830965010955, 5.864548601554939, 5.874056018629717, 5.864532706874436, 4.572099436801435], [4.658357061239509, 3.415090196466266, 2.154597282556534, 1.086923332162853, 2.1526408641480352, 3.4075058253802, 4.667177460735771, 3.871903555100514, 5.240482815542857, 5.314877846197408, 5.314858626529967, 4.657237031760355, 2.4616544842849084, 0.0, 2.4662611094529305, 5.320439423581477, 4.679970370632703, 5.320443082112617, 5.665878083757186], [5.399680013667477, 3.8989276410315696, 3.395667741402271, 2.145444310626589, 1.0874201993709696, 2.1639888192871974, 2.728611183367832, 3.406786133586903, 4.5239374774636305, 5.880295589509085, 5.880296790128879, 5.870459691540347, 4.2792830965010955, 2.4662611094529305, 0.0, 3.4777789032657034, 2.364429396281479, 3.4777956538589208, 5.29718675713817], [5.270795045341831, 4.164622860476084, 4.795214784553451, 4.42614270330273, 3.2289250053229788, 2.1435331231403913, 1.0947955653910917, 2.837884715769828, 2.7833596641469103, 5.2472044614251505, 5.5434539684207715, 6.2088294331540475, 5.864548601554939, 5.320439423581477, 3.4777789032657034, 0.0, 1.7675878054569172, 1.78721507659263, 3.7084588497110227], [5.964008497646528, 4.605905098892074, 4.811235776804126, 4.005224825150268, 2.6140051377149205, 2.159246553777497, 1.095199406500935, 3.4390003387612507, 3.8756667723115723, 6.221425536804246, 6.221445826333297, 6.766649068778429, 5.874056018629717, 4.679970370632703, 2.364429396281479, 1.7675878054569172, 0.0, 1.7676066643911477, 4.834380813506524], [5.27075489469962, 4.1645839239952895, 4.795197382798752, 4.426130632956962, 3.2289037737287867, 2.1434544175232655, 1.0947765890810783, 2.837857115853439, 2.783261412444041, 5.543368321697558, 5.247192617962485, 6.208804082913231, 5.864532706874436, 5.320443082112617, 3.4777956538589208, 1.78721507659263, 1.7676066643911477, 0.0, 3.7084199505989073], [2.4149962339515145, 2.447729848247147, 3.837152687866356, 4.593763279708696, 4.33505859360632, 3.1781572789904526, 3.75867080362194, 1.922999880395212, 0.9683721082311282, 2.2853724466703453, 2.285454471215736, 3.5074517886921837, 4.572099436801435, 5.665878083757186, 5.29718675713817, 3.7084588497110227, 4.834380813506524, 3.7084199505989073, 0.0]]}