{"total energy": -45.17060104, "HOMO-LUMO gap/eV": 5.15235015, "electronic energy": -45.39476314, "dipole": [-1.30298862, -0.09250078, -0.74250344], "partial charges": [0.03354666, -0.26729488, 0.49088292, -0.45255851, -0.27770802, 0.03737848, 0.08346139, -0.40856267, 0.1994142, -0.08646024, -0.09827042, -0.08712888, 0.0501445, 0.07752458, 0.07346501, 0.07379541, 0.07286601, 0.06270537, 0.09250475, 0.33029437], "atomic dipole moments": [[0.11816509, 0.23372216, -0.14772776], [0.05890541, -0.06810752, 0.17479818], [0.06706657, -0.10796812, -0.28396096], [0.0106356, -0.02216773, -0.12146689], [-0.15500841, -0.00029665, 0.13781543], [0.21607378, -0.20948196, -0.03797227], [0.04237226, 0.10037893, -0.10476989], [-0.06309018, 0.09404674, 0.20972894], [0.04569472, 0.04560908, 0.05547166], [-0.09521796, 0.08851485, -0.03772611], [-0.0813429, 0.06118452, 0.02673644], [-0.03971288, -0.07330984, 0.07262109], [0.1024794, -0.06276466, 0.02638526], [-0.08048931, -0.06886017, -0.06754834], [-0.05729017, 0.0503456, 0.09959114], [2.881e-05, 0.08866838, -0.08835421], [0.02501074, 0.04963799, 0.11293449], [-0.10381688, -0.06976454, -0.0051139], [-0.01664863, -0.11933056, 0.0160322], [-0.03610772, 0.07796629, -0.0075224]], "atomic quadrupole moments": [[-0.18702784, 0.24065665, 0.26133758, -0.13227054, -0.35137788, -0.07430974], [-0.03051461, 0.10393784, 0.04555463, 0.01283269, -0.07413966, -0.01504002], [0.79296589, -0.19846733, 0.71990532, 0.02062222, -0.46417777, -1.51287121], [-0.03932061, -0.00660679, -0.03624043, -0.01509923, 0.02907241, 0.07556104], [0.01121548, -0.09415236, 0.03997128, -0.04761904, -0.03794591, -0.05118676], [0.16814004, -0.43104798, 0.10608946, -0.09030734, 0.05678302, -0.27422949], [0.02433771, -0.01945855, -0.30010187, -0.04135179, -0.00012051, 0.27576416], [-0.10351013, -0.01323451, -0.08171647, -0.04264371, -0.00214111, 0.1852266], [-0.06033138, -0.06971434, 0.03867668, -0.10396753, -0.04646345, 0.02165471], [-0.2813601, -0.01383341, -0.23828885, -0.02796395, -0.19507974, 0.51964896], [0.288729, -0.32700965, -0.11511923, -0.27282368, 0.13807918, -0.17360977], [-0.2713334, 0.07014334, 0.53842841, -0.02370492, -0.11043391, -0.267095], [0.02904085, -0.02593501, 0.01500984, 0.0082748, -0.03670738, -0.04405069], [-0.00420148, 0.0438905, -0.01031252, 0.04673971, 0.02229131, 0.014514], [-0.02913042, 0.00012523, 0.00566862, -0.05122612, 0.01287681, 0.0234618], [-0.03464048, -0.00556407, 0.0093707, -0.01998231, -0.05983411, 0.02526978], [-0.02155525, -0.02549804, -0.01051786, 0.01791925, 0.04207253, 0.03207311], [0.05011521, 0.01731618, 0.01091269, 0.00112054, 0.00472415, -0.0610279], [-0.0407158, -0.01604448, 0.05353439, 0.01745781, -0.01593491, -0.01281859], [-0.0690653, -0.05440951, 0.07206864, -0.00853955, -0.04529511, -0.00300334]], "number of molecular orbitals": 76, "number of electrons": 74, "number of unpaired electrons": 0, "orbital energies/eV": [-29.59137864, -29.47864502, -29.34701741, -20.71928118, -20.19981707, -19.90755488, -19.32276563, -18.71430416, -18.40002812, -18.02603559, -17.54302853, -17.02538892, -16.6151638, -16.47359494, -15.99399775, -15.96000133, -15.85216693, -15.54321702, -15.44189258, -15.26690456, -15.04918362, -14.80364204, -14.56317979, -13.78494101, -13.56017026, -13.42612579, -13.09880642, -12.80437342, -12.66681827, -12.58204179, -12.55560212, -12.42590794, -12.30672314, -12.27243846, -12.13140692, -12.05246953, -11.89933975, -6.7469896, -5.60723016, -5.31922302, -3.61609429, -2.57355692, -2.47701881, -1.1503312, -0.94601901, -0.5091541, -0.49454187, -0.47485754, -0.45874166, -0.4219369, -0.3773344, -0.36332875, -0.31754134, -0.2784673, -0.24532303, -0.23731762, 0.37237779, 1.35354917, 1.62260542, 2.14751489, 2.6981863, 2.90575207, 3.21955543, 3.34187393, 3.59294196, 3.95095405, 4.30377909, 4.50772474, 4.74525504, 5.10795275, 5.31338831, 10.71356016, 11.23024, 24.30684979, 26.47522533, 33.01475515], "fractional occupation": [2.0, 2.0, 2.0, 2.0, 2.0, 2.0, 2.0, 2.0, 2.0, 2.0, 2.0, 2.0, 2.0, 2.0, 2.0, 2.0, 2.0, 2.0, 2.0, 2.0, 2.0, 2.0, 2.0, 2.0, 2.0, 2.0, 2.0, 2.0, 2.0, 2.0, 2.0, 2.0, 2.0, 2.0, 2.0, 2.0, 2.0, 0.0, 0.0, 0.0, 0.0, 0.0, 0.0, 0.0, 0.0, 0.0, 0.0, 0.0, 0.0, 0.0, 0.0, 0.0, 0.0, 0.0, 0.0, 0.0, 0.0, 0.0, 0.0, 0.0, 0.0, 0.0, 0.0, 0.0, 0.0, 0.0, 0.0, 0.0, 0.0, 0.0, 0.0, 0.0, 0.0, 0.0, 0.0, 0.0], "program call": "xtb /home/svss/Project-DBcg-Debug/aqme2_20220329/End-to-End-workflows-final/example-3/QDESCP/mol_486_rdkit_conf_1/mol_486_rdkit_conf_1.xyz --pop --wbo --acc 0.2 --gfn 2 --chrg 0 --uhf 0 --etemp 300 --input /home/svss/Project-DBcg-Debug/aqme2_20220329/End-to-End-workflows-final/example-3/QDESCP/mol_486_rdkit_conf_1/mol_486_rdkit_conf_1_xtb.inp", "method": "GFN2-xTB", "xtb version": "6.3.3 (7355c4f)", "Dipole module/D": 3.819, "Total charge": 0, "Transition dipole module/D": NaN, "HOMO": -11.8993, "LUMO": -6.747, "HOMO occupancy": 2.0, "LUMO occupancy": 0, "mulliken charges": [0.17803, -0.35095, 0.44343, -0.4343, -0.36405, 0.18554, 0.21865, -0.54407, 0.25024, -0.08266, -0.10538, -0.07902, 0.03179, 0.04133, 0.04896, 0.03617, 0.04857, 0.0447, 0.06791, 0.36512], "cm5 charges": [0.06267, -0.41822, 0.39182, -0.451, -0.43676, 0.07073, 0.22269, -0.73806, 0.25061, -0.08141, -0.10504, -0.07651, 0.09387, 0.10074, 0.11122, 0.09565, 0.11113, 0.10816, 0.1422, 0.54551], "FUKUI+": [0.018, -0.023, -0.047, -0.003, 0.006, 0.014, 0.044, -0.033, -0.08, -0.234, -0.244, -0.242, -0.003, -0.027, -0.018, -0.02, -0.008, -0.02, -0.056, -0.023], "FUKUI-": [0.023, -0.035, -0.115, -0.063, -0.025, 0.022, 0.018, -0.065, 0.029, -0.16, -0.175, -0.126, -0.039, -0.054, -0.032, -0.046, -0.046, -0.037, -0.045, -0.029], "FUKUIrad": [0.021, -0.029, -0.081, -0.033, -0.01, 0.018, 0.031, -0.049, -0.025, -0.197, -0.21, -0.184, -0.021, -0.04, -0.025, -0.033, -0.027, -0.028, -0.051, -0.026], "s proportion": [0.974, 1.643, 1.412, 1.673, 1.645, 0.974, 1.017, 1.711, 1.148, 1.954, 1.957, 1.953, 0.968, 0.959, 0.951, 0.964, 0.951, 0.955, 0.932, 0.635], "p proportion": [2.848, 4.708, 1.992, 4.761, 4.719, 2.841, 2.764, 4.833, 2.602, 5.139, 5.158, 5.137, 0.0, 0.0, 0.0, 0.0, 0.0, 0.0, 0.0, 0.0], "d proportion": [0.0, 0.0, 1.152, 0.0, 0.0, 0.0, 0.0, 0.0, 0.0, -0.01, -0.01, -0.011, 0.0, 0.0, 0.0, 0.0, 0.0, 0.0, 0.0, 0.0], "Fermi-level/eV": -9.3232, "Coordination numbers": [3.896, 1.657, 4.071, 0.808, 1.657, 3.906, 3.732, 1.703, 3.714, 1.202, 1.226, 1.195, 0.924, 0.924, 0.924, 0.924, 0.924, 0.924, 0.927, 0.803], "Dispersion coefficient C6": [19.957, 18.447, 140.234, 22.784, 18.624, 19.89, 19.28, 20.999, 17.565, 101.874, 102.243, 101.895, 2.318, 2.005, 2.048, 2.044, 2.054, 2.168, 1.855, 0.637], "Total dispersion C6": 7761.458516, "Total dispersion C8": 244317.808026, "Polarizability alpha": [6.35, 5.798, 21.272, 6.398, 5.826, 6.339, 6.267, 6.187, 5.988, 15.442, 15.47, 15.443, 2.381, 2.214, 2.238, 2.236, 2.241, 2.302, 2.13, 1.254], "Total polarizability alpha": 133.778045, "Wiberg matrix": [[0.0, 0.9429136762658542, 0.0, 0.0, 0.0, 0.0, 0.0, 0.0, 0.0, 0.0, 0.0, 0.0, 0.9782684508142602, 0.9772412665387625, 0.9777087380777436, 0.0, 0.0, 0.0, 0.0, 0.0], [0.9429136762658542, 0.0, 1.2123765842749, 0.0, 0.0, 0.0, 0.0, 0.0, 0.0, 0.0, 0.0, 0.0, 0.0, 0.0, 0.0, 0.0, 0.0, 0.0, 0.0, 0.0], [0.0, 1.2123765842749, 0.0, 1.9033599606151406, 1.1992999424895083, 0.0, 0.8902858913916781, 0.0, 0.0, 0.0, 0.0, 0.0, 0.0, 0.0, 0.0, 0.0, 0.0, 0.0, 0.0, 0.0], [0.0, 0.0, 1.9033599606151406, 0.0, 0.0, 0.0, 0.0, 0.0, 0.0, 0.0, 0.0, 0.0, 0.0, 0.0, 0.0, 0.0, 0.0, 0.0, 0.0, 0.0], [0.0, 0.0, 1.1992999424895083, 0.0, 0.0, 0.9337253232718172, 0.0, 0.0, 0.0, 0.0, 0.0, 0.0, 0.0, 0.0, 0.0, 0.0, 0.0, 0.0, 0.0, 0.0], [0.0, 0.0, 0.0, 0.0, 0.9337253232718172, 0.0, 0.0, 0.0, 0.0, 0.0, 0.0, 0.0, 0.0, 0.0, 0.0, 0.9774531575215426, 0.9770611245010734, 0.9782754175901457, 0.0, 0.0], [0.0, 0.0, 0.8902858913916781, 0.0, 0.0, 0.0, 0.0, 0.9989254968791157, 0.9753191525901601, 0.0, 0.0, 0.0, 0.0, 0.0, 0.0, 0.0, 0.0, 0.0, 0.9326222032770091, 0.0], [0.0, 0.0, 0.0, 0.0, 0.0, 0.0, 0.9989254968791157, 0.0, 0.0, 0.0, 0.0, 0.0, 0.0, 0.0, 0.0, 0.0, 0.0, 0.0, 0.0, 0.8680431418775352], [0.0, 0.0, 0.0, 0.0, 0.0, 0.0, 0.9753191525901601, 0.0, 0.0, 0.9759879490890108, 0.9567460980441057, 0.9744751782393803, 0.0, 0.0, 0.0, 0.0, 0.0, 0.0, 0.0, 0.0], [0.0, 0.0, 0.0, 0.0, 0.0, 0.0, 0.0, 0.0, 0.9759879490890108, 0.0, 0.0, 0.0, 0.0, 0.0, 0.0, 0.0, 0.0, 0.0, 0.0, 0.0], [0.0, 0.0, 0.0, 0.0, 0.0, 0.0, 0.0, 0.0, 0.9567460980441057, 0.0, 0.0, 0.0, 0.0, 0.0, 0.0, 0.0, 0.0, 0.0, 0.0, 0.0], [0.0, 0.0, 0.0, 0.0, 0.0, 0.0, 0.0, 0.0, 0.9744751782393803, 0.0, 0.0, 0.0, 0.0, 0.0, 0.0, 0.0, 0.0, 0.0, 0.0, 0.0], [0.9782684508142602, 0.0, 0.0, 0.0, 0.0, 0.0, 0.0, 0.0, 0.0, 0.0, 0.0, 0.0, 0.0, 0.0, 0.0, 0.0, 0.0, 0.0, 0.0, 0.0], [0.9772412665387625, 0.0, 0.0, 0.0, 0.0, 0.0, 0.0, 0.0, 0.0, 0.0, 0.0, 0.0, 0.0, 0.0, 0.0, 0.0, 0.0, 0.0, 0.0, 0.0], [0.9777087380777436, 0.0, 0.0, 0.0, 0.0, 0.0, 0.0, 0.0, 0.0, 0.0, 0.0, 0.0, 0.0, 0.0, 0.0, 0.0, 0.0, 0.0, 0.0, 0.0], [0.0, 0.0, 0.0, 0.0, 0.0, 0.9774531575215426, 0.0, 0.0, 0.0, 0.0, 0.0, 0.0, 0.0, 0.0, 0.0, 0.0, 0.0, 0.0, 0.0, 0.0], [0.0, 0.0, 0.0, 0.0, 0.0, 0.9770611245010734, 0.0, 0.0, 0.0, 0.0, 0.0, 0.0, 0.0, 0.0, 0.0, 0.0, 0.0, 0.0, 0.0, 0.0], [0.0, 0.0, 0.0, 0.0, 0.0, 0.9782754175901457, 0.0, 0.0, 0.0, 0.0, 0.0, 0.0, 0.0, 0.0, 0.0, 0.0, 0.0, 0.0, 0.0, 0.0], [0.0, 0.0, 0.0, 0.0, 0.0, 0.0, 0.9326222032770091, 0.0, 0.0, 0.0, 0.0, 0.0, 0.0, 0.0, 0.0, 0.0, 0.0, 0.0, 0.0, 0.0], [0.0, 0.0, 0.0, 0.0, 0.0, 0.0, 0.0, 0.8680431418775352, 0.0, 0.0, 0.0, 0.0, 0.0, 0.0, 0.0, 0.0, 0.0, 0.0, 0.0, 0.0]], "Born radii": [], "Atomic SASAs": [], "Solvent H bonds": [], "Total SASA": NaN, "Total FOD": 0.0, "FOD": [0.0, 0.0, 0.0, 0.0, 0.0, 0.0, 0.0, 0.0, 0.0, 0.0, 0.0, 0.0, 0.0, 0.0, 0.0, 0.0, 0.0, 0.0, 0.0, 0.0], "FOD s proportion": [0.0, 0.0, 0.0, 0.0, 0.0, 0.0, 0.0, 0.0, 0.0, 0.0, 0.0, 0.0, 0.0, 0.0, 0.0, 0.0, 0.0, 0.0, 0.0, 0.0], "FOD p proportion": [0.0, 0.0, 0.0, 0.0, 0.0, 0.0, 0.0, 0.0, 0.0, 0.0, 0.0, 0.0, 0.0, 0.0, 0.0, 0.0, 0.0, 0.0, 0.0, 0.0], "FOD d proportion": [0.0, 0.0, 0.0, 0.0, 0.0, 0.0, 0.0, 0.0, 0.0, 0.0, 0.0, 0.0, 0.0, 0.0, 0.0, 0.0, 0.0, 0.0, 0.0, 0.0], "coordinates": [["-1.86700", "-1.90310", "0.37820"], ["-1.43260", "-0.78920", "-0.37720"], ["-0.25210", "0.12000", "0.25100"], ["-0.45220", "0.43500", "1.69890"], ["-0.31190", "1.41400", "-0.72120"], ["-1.36780", "2.32940", "-0.49480"], ["1.27150", "-0.69180", "-0.24700"], ["1.37350", "-0.57710", "-1.69440"], ["2.50760", "-0.15050", "0.48340"], ["2.47230", "-0.54620", "2.23110"], ["3.99710", "-0.94350", "-0.17690"], ["2.71590", "1.61360", "0.27210"], ["-1.01820", "-2.53400", "0.65400"], ["-2.56190", "-2.48890", "-0.22850"], ["-2.38390", "-1.56170", "1.27890"], ["-1.34540", "3.09000", "-1.27900"], ["-1.23680", "2.81650", "0.47500"], ["-2.33190", "1.81480", "-0.52720"], ["1.17620", "-1.76340", "-0.03930"], ["1.04750", "0.31600", "-1.93710"]], "bond_dist": [[0.0, 1.4142509430790562, 2.5917205597826323, 3.035229668410613, 3.82494036293378, 4.350331698847802, 3.4217400514942686, 4.0687574282574275, 4.713788175130486, 4.909576408408367, 5.967967575314063, 5.777664624223182, 1.0929601502342159, 1.0927637164547515, 1.0931605828971331, 5.28672166942804, 4.762472723281467, 3.8546934482524033, 3.0748802545790297, 4.333512334123442], [1.4142509430790562, 0.0, 1.6170529150278294, 2.60193024695129, 2.4956752052300395, 3.121489189473512, 2.708984239525952, 3.1071207668837078, 4.083349861327094, 4.702182674035538, 5.435583746940158, 4.8378807943148, 2.0686777999485564, 2.046071912225961, 2.0601929885328705, 3.983596329951116, 3.7102095587715795, 2.758995558169676, 2.805187959834421, 3.1313976208715495], [2.5917205597826323, 1.6170529150278294, 0.0, 1.4952188535461959, 1.6196249195415586, 2.5850440015597416, 1.7967693786348877, 2.6292784048099582, 2.7826469592817555, 3.433216248650819, 4.401117051385932, 3.3226962199394636, 2.7916006537468787, 3.5173079904950035, 2.9033195724893948, 3.5152673995017785, 2.8793961762841875, 2.7934763861539977, 2.381493342421935, 2.5524807090358195], [3.035229668410613, 2.60193024695129, 1.4952188535461959, 0.0, 2.6143850328518945, 3.039637216840194, 2.833257266822058, 3.983969351036727, 3.2527936516170217, 3.1302860140888087, 5.021469743013494, 3.6690208244162363, 3.1979889008562865, 4.0883855077524185, 2.8097465686428023, 4.088363933164463, 2.790173940814443, 3.2237619856310733, 3.241294241502921, 3.934940544658839], [3.82494036293378, 2.4956752052300395, 1.6196249195415586, 2.6143850328518945, 0.0, 1.4156761388114163, 2.6770160328246075, 2.7842720071860794, 3.4421362059046996, 4.506687139130029, 4.941816441350285, 3.1928134756042357, 4.239898433925039, 4.5318739722106125, 4.1410595866275575, 2.04651877342965, 2.0623628924124873, 2.068496226730907, 3.5742551643664164, 2.1288459714126806], [4.350331698847802, 3.121489189473512, 2.5850440015597416, 3.039637216840194, 1.4156761388114163, 0.0, 4.01932317312256, 4.171511488657319, 4.703775548429155, 5.517787072731242, 6.292462699929178, 4.2162911355835, 5.009453179739283, 4.971197581066358, 4.395353240639483, 1.0926956392335423, 1.0931328601775723, 1.0933214211749445, 4.840498743931249, 3.4594339045572187], [3.4217400514942686, 2.708984239525952, 1.7967693786348877, 2.833257266822058, 2.6770160328246075, 4.01932317312256, 0.0, 1.4555160081565577, 1.5344161951700066, 2.757553192596654, 2.738094640438858, 2.7695893793123916, 3.07379698906743, 4.23377682690054, 4.055495774871428, 4.713300420087817, 4.3727590580776345, 4.398414164218735, 1.0956951857154436, 1.9804733903791791], [4.0687574282574275, 3.1071207668837078, 2.6292784048099582, 3.983969351036727, 2.7842720071860794, 4.171511488657319, 1.4555160081565577, 0.0, 2.492184425358605, 4.076501747822513, 3.052921906960609, 3.235479330794743, 3.8813231068799205, 4.614240480295755, 4.891625988360108, 4.5839499102847965, 4.799633674563091, 4.562184850485565, 2.045871694412922, 0.9812272417742998], [4.713788175130486, 4.083349861327094, 2.7826469592817555, 3.2527936516170217, 3.4421362059046996, 4.703775548429155, 1.5344161951700066, 2.492184425358605, 0.0, 1.7922834234573504, 1.8120307226976038, 1.7888782490711883, 4.259277198070114, 5.628032197846775, 5.152773810288979, 5.33408877035244, 4.777414669044336, 5.320195174991233, 2.155756864769309, 2.8650191116291004], [4.909576408408367, 4.702182674035538, 3.433216248650819, 3.1302860140888087, 4.506687139130029, 5.517787072731242, 2.757553192596654, 4.076501747822513, 1.7922834234573504, 0.0, 2.8777293705280904, 2.9260481882566456, 4.315342802142142, 5.930167374535056, 5.051792110726648, 6.333844467619962, 5.305568895980902, 6.021866615095356, 2.8837765534104753, 4.488578296075497], [5.967967575314063, 5.435583746940158, 4.401117051385932, 5.021469743013494, 4.941816441350285, 6.292462699929178, 2.738094640438858, 3.052921906960609, 1.8120307226976038, 2.8777293705280904, 0.0, 2.895139867087599, 5.326661163430615, 6.738798462634121, 6.57409201943508, 6.784250357261294, 6.4773669665999325, 6.912826482705899, 2.940858136666915, 3.658522167487851], [5.777664624223182, 4.8378807943148, 3.3226962199394636, 3.6690208244162363, 3.1928134756042357, 4.2162911355835, 2.7695893793123916, 3.235479330794743, 1.7888782490711883, 2.9260481882566456, 2.895139867087599, 0.0, 5.593919572178349, 6.703452800609549, 6.091316472651869, 4.591277149116572, 4.1366621943301105, 5.11465020993616, 3.724483192336891, 3.057431758845976], [1.0929601502342159, 2.0686777999485564, 2.7916006537468787, 3.1979889008562865, 4.239898433925039, 5.009453179739283, 3.07379698906743, 3.8813231068799205, 4.259277198070114, 4.315342802142142, 5.326661163430615, 5.593919572178349, 0.0, 1.7787214368753754, 1.7891349278352373, 5.9559151135656725, 5.357954573342331, 4.69394317924706, 2.4269076228814312, 4.370745439853481], [1.0927637164547515, 2.046071912225961, 3.5173079904950035, 4.0883855077524185, 4.5318739722106125, 4.971197581066358, 4.23377682690054, 4.614240480295755, 5.628032197846775, 5.930167374535056, 6.738798462634121, 6.703452800609549, 1.7787214368753754, 0.0, 1.7786620252313252, 5.80582015825499, 5.513444605688898, 4.320180017082621, 3.8125501308179546, 4.8800149928048375], [1.0931605828971331, 2.0601929885328705, 2.9033195724893948, 2.8097465686428023, 4.1410595866275575, 4.395353240639483, 4.055495774871428, 4.891625988360108, 5.152773810288979, 5.051792110726648, 6.57409201943508, 6.091316472651869, 1.7891349278352373, 1.7786620252313252, 0.0, 5.409218755975765, 4.59681725327427, 3.8295500336201376, 3.8016636016354735, 5.063883810870862], [5.28672166942804, 3.983596329951116, 3.5152673995017785, 4.088363933164463, 2.04651877342965, 1.0926956392335423, 4.713300420087817, 4.5839499102847965, 5.33408877035244, 6.333844467619962, 6.784250357261294, 4.591277149116572, 5.9559151135656725, 5.80582015825499, 5.409218755975765, 0.0, 1.7785140454885364, 1.7789099274555753, 5.6081025498826245, 3.7221152615146136], [4.762472723281467, 3.7102095587715795, 2.8793961762841875, 2.790173940814443, 2.0623628924124873, 1.0931328601775723, 4.3727590580776345, 4.799633674563091, 4.777414669044336, 5.305568895980902, 6.4773669665999325, 4.1366621943301105, 5.357954573342331, 5.513444605688898, 4.59681725327427, 1.7785140454885364, 0.0, 1.790824318575108, 5.202168538215577, 4.157974645184841], [3.8546934482524033, 2.758995558169676, 2.7934763861539977, 3.2237619856310733, 2.068496226730907, 1.0933214211749445, 4.398414164218735, 4.562184850485565, 5.320195174991233, 6.021866615095356, 6.912826482705899, 5.11465020993616, 4.69394317924706, 4.320180017082621, 3.8295500336201376, 1.7789099274555753, 1.790824318575108, 0.0, 5.034712232094303, 3.956584867028635], [3.0748802545790297, 2.805187959834421, 2.381493342421935, 3.241294241502921, 3.5742551643664164, 4.840498743931249, 1.0956951857154436, 2.045871694412922, 2.155756864769309, 2.8837765534104753, 2.940858136666915, 3.724483192336891, 2.4269076228814312, 3.8125501308179546, 3.8016636016354735, 5.6081025498826245, 5.202168538215577, 5.034712232094303, 0.0, 2.8181754540837236], [4.333512334123442, 3.1313976208715495, 2.5524807090358195, 3.934940544658839, 2.1288459714126806, 3.4594339045572187, 1.9804733903791791, 0.9812272417742998, 2.8650191116291004, 4.488578296075497, 3.658522167487851, 3.057431758845976, 4.370745439853481, 4.8800149928048375, 5.063883810870862, 3.7221152615146136, 4.157974645184841, 3.956584867028635, 2.8181754540837236, 0.0]]}