{"total energy": -44.14288905, "HOMO-LUMO gap/eV": 3.20267883, "electronic energy": -44.54209375, "dipole": [-0.71876391, 0.36392858, 0.59766304], "partial charges": [-0.11423724, 0.09450705, -0.25597573, 0.38115542, -0.41589079, -0.26710822, 0.09723035, -0.11298047, -0.1266509, 0.04351536, -0.15283256, -0.00438269, -0.10345942, 0.06002384, 0.05728612, 0.05958146, 0.04301581, 0.054794, 0.04774664, 0.05103566, 0.05882491, 0.05627843, 0.05778069, 0.06681013, 0.06883394, 0.05968948, 0.05396541, 0.04626828, 0.04400194, 0.05117311], "atomic dipole moments": [[0.09808665, -0.08025905, -0.07889112], [-0.05856405, -0.23749653, 0.1387878], [0.12474945, 0.08751352, -0.08961621], [-0.09616045, 0.06275813, 0.20778831], [-0.13551844, 0.06138598, 0.39264936], [-0.11909103, 0.04999438, -0.14709579], [0.22197095, 0.07692854, 0.14934316], [0.04875658, 0.08585322, -0.10792831], [-0.21312912, -0.45108891, -0.23035497], [-0.00471038, 0.16813137, 0.05515158], [-0.12644658, 0.18277239, -0.38789181], [-0.06788669, -0.12999681, 0.02234667], [-0.04995048, 0.06330346, 0.091961], [0.01892859, -0.00448247, 0.12726633], [0.00950334, 0.12293571, -0.0399835], [-0.12146586, -0.03953802, -0.01366907], [0.11694502, 0.03178928, 0.02220733], [-0.02637203, -0.003005, -0.11946721], [-0.07315351, 0.09794527, -0.02159925], [0.02800999, -0.06239671, -0.10134685], [-0.01937309, 0.0608937, 0.11125265], [-0.11185898, -0.05183161, -0.0399878], [0.08126211, -0.09431484, 0.03122977], [0.03008071, -0.04090926, -0.11713937], [-0.07731673, -0.08775429, 0.05042017], [0.09611004, 0.04240503, 0.06892147], [-0.0585888, 0.10917265, -0.042865], [0.08266111, 0.0705553, -0.06627923], [-0.08658453, -0.03672368, -0.08503858], [0.06576093, -0.10435663, 0.0399764]], "atomic quadrupole moments": [[0.0249739, -0.16667537, 0.02175959, -0.13477123, 0.12144501, -0.04673348], [-0.24137945, -0.05400855, 0.45980534, -0.13746872, -0.17786861, -0.21842589], [-0.03678897, -0.03024374, 0.11457303, -0.04293457, -0.05920159, -0.07778405], [0.29519569, 0.16687381, 0.71763328, 0.57199893, -0.19346976, -1.01282897], [-0.30112542, -0.02747039, -0.33253665, -0.17117472, 0.18276375, 0.63366207], [0.04194955, 0.0905773, -0.01775791, 0.04847947, -0.03391925, -0.02419164], [0.26013792, 0.35436289, -0.14125738, 0.16567951, -0.03721504, -0.11888055], [-0.06875213, 0.11191951, 0.01442098, -0.11271402, -0.17780144, 0.05433115], [0.15888288, -0.18911363, 0.08209974, 0.47864273, 0.16678073, -0.24098262], [0.10289359, -0.20674014, 0.10009575, 0.23948327, 0.02022245, -0.20298935], [0.35822837, 0.31560729, -0.38018135, 0.18276589, -0.26482386, 0.02195298], [-0.04463996, 0.15285385, -0.02499966, -0.26686995, -0.06683883, 0.06963962], [-0.06680012, -0.05066878, -0.02531091, -0.12616124, 0.13874981, 0.09211103], [-0.02230593, -0.01049552, -0.04868142, 0.02990405, -0.00416386, 0.07098735], [-0.04063707, 0.01118195, 0.06880782, -0.01368679, -0.04173095, -0.02817075], [0.0606721, 0.03799435, -0.03029629, 0.02093443, 0.02077485, -0.03037581], [0.02077089, 0.0081127, 0.01891753, 0.01653607, -0.00295066, -0.03968842], [-0.03590597, -0.00769884, 0.00397527, 0.01972887, -0.00204062, 0.03193071], [0.02379451, -0.00582891, 0.01950569, 0.00720582, -0.00680293, -0.0433002], [-0.00364881, 0.01168848, -0.006196, -0.01441011, 0.03460161, 0.00984481], [-0.04859168, -0.01252671, 0.00994521, -0.02020054, 0.05002114, 0.03864647], [0.04913687, 0.04377854, -0.02889346, 0.04232046, 0.01092154, -0.0202434], [0.01225407, -0.06309192, 0.01995391, 0.00050227, -0.01650773, -0.03220798], [-0.01062478, -0.03282908, -0.02281154, -0.00508541, 0.00239593, 0.03343632], [0.02155456, 0.01123466, 0.01796711, -0.01257148, -0.03237156, -0.03952167], [0.0362278, 0.02427214, -0.04325313, 0.0257373, 0.01863619, 0.00702533], [0.00187081, -0.0360765, -0.00194086, -0.000913, -0.02968803, 7.005e-05], [0.000294, 0.05229692, 0.01119287, -0.0403659, -0.02792315, -0.01148687], [0.03859478, 0.01778461, -0.03567417, 0.04589597, 0.02605475, -0.00292061], [-0.02454848, -0.04695641, 0.02862351, 0.01765637, -0.03328732, -0.00407503]], "number of molecular orbitals": 89, "number of electrons": 80, "number of unpaired electrons": 0, "orbital energies/eV": [-20.51461715, -20.22484167, -20.05608848, -19.75142533, -18.97837862, -18.56856704, -18.0698457, -17.23833844, -17.17286117, -16.97081253, -16.78761401, -16.6675514, -16.2004399, -15.88640775, -15.82684273, -15.59881362, -15.17085723, -14.97369147, -14.74619421, -14.66073529, -14.3235014, -13.98495754, -13.79385019, -13.75643, -13.60164218, -13.50231535, -13.324974, -13.23189181, -13.16902796, -13.00979961, -12.97432228, -12.69827962, -12.41805325, -12.25088589, -12.16883619, -11.95657623, -11.00951755, -10.25728364, -10.08413011, -10.05817657, -6.85549774, -6.39325289, -5.3294035, -4.3131234, -4.19034824, -3.86548388, -3.36521884, -0.87950522, -0.78547951, -0.70234216, -0.45631641, -0.20538214, 0.01025114, 0.07963207, 0.57292372, 0.63794826, 0.71426637, 2.21164055, 2.55753333, 2.69544246, 2.97045884, 3.23694677, 3.26715891, 3.32191461, 3.5323847, 3.68519643, 3.80778218, 3.87338047, 4.11509879, 4.26136476, 4.37011018, 4.52965197, 4.86220134, 4.95775961, 5.70638763, 5.94783108, 6.16614783, 6.24679252, 6.26062059, 6.62219409, 6.63887842, 7.66146878, 9.27162454, 10.61914179, 11.27223054, 12.62146776, 25.9277608, 27.3425078, 33.92959326], "fractional occupation": [2.0, 2.0, 2.0, 2.0, 2.0, 2.0, 2.0, 2.0, 2.0, 2.0, 2.0, 2.0, 2.0, 2.0, 2.0, 2.0, 2.0, 2.0, 2.0, 2.0, 2.0, 2.0, 2.0, 2.0, 2.0, 2.0, 2.0, 2.0, 2.0, 2.0, 2.0, 2.0, 2.0, 2.0, 2.0, 2.0, 2.0, 2.0, 2.0, 2.0, 0.0, 0.0, 0.0, 0.0, 0.0, 0.0, 0.0, 0.0, 0.0, 0.0, 0.0, 0.0, 0.0, 0.0, 0.0, 0.0, 0.0, 0.0, 0.0, 0.0, 0.0, 0.0, 0.0, 0.0, 0.0, 0.0, 0.0, 0.0, 0.0, 0.0, 0.0, 0.0, 0.0, 0.0, 0.0, 0.0, 0.0, 0.0, 0.0, 0.0, 0.0, 0.0, 0.0, 0.0, 0.0, 0.0, 0.0, 0.0, 0.0], "program call": "xtb /home/svss/Project-DBcg-Debug/aqme2_20220329/End-to-End-workflows-final/example-3/QDESCP/mol_23_rdkit_conf_1/mol_23_rdkit_conf_1.xyz --pop --wbo --acc 0.2 --gfn 2 --chrg 0 --uhf 0 --etemp 300 --input /home/svss/Project-DBcg-Debug/aqme2_20220329/End-to-End-workflows-final/example-3/QDESCP/mol_23_rdkit_conf_1/mol_23_rdkit_conf_1_xtb.inp", "method": "GFN2-xTB", "xtb version": "6.3.3 (7355c4f)", "Dipole module/D": 2.55, "Total charge": 0, "Transition dipole module/D": NaN, "HOMO": -10.0582, "LUMO": -6.8555, "HOMO occupancy": 2.0, "LUMO occupancy": 0, "mulliken charges": [-0.09603, 0.20678, -0.37092, 0.37677, -0.24543, -0.37909, 0.21296, -0.09649, -0.08386, 0.08272, -0.11874, 0.01993, -0.0898, 0.04277, 0.03166, 0.04229, 0.02471, 0.02776, 0.03459, 0.02414, 0.04201, 0.03024, 0.03937, 0.03502, 0.04954, 0.03399, 0.02787, 0.03245, 0.03174, 0.03105], "cm5 charges": [-0.24248, 0.12858, -0.43437, 0.31615, -0.21657, -0.44045, 0.13497, -0.24295, -0.08521, 0.01135, -0.16274, -0.07404, -0.23786, 0.09611, 0.08287, 0.09561, 0.09041, 0.09183, 0.10257, 0.08854, 0.09537, 0.08146, 0.09268, 0.09452, 0.10966, 0.08972, 0.08449, 0.08327, 0.08378, 0.08272], "FUKUI+": [0.01, 0.013, 0.007, -0.154, -0.147, -0.003, 0.012, 0.011, -0.279, 0.043, -0.164, 0.021, 0.018, -0.008, -0.023, -0.019, 0.002, -0.019, -0.02, -0.019, -0.014, -0.028, -0.013, -0.062, -0.058, -0.034, -0.015, -0.031, -0.006, -0.021], "FUKUI-": [0.008, 0.012, -0.006, -0.101, -0.298, 0.002, 0.012, 0.008, -0.101, 0.062, -0.308, 0.037, 0.015, -0.011, -0.022, -0.016, -0.003, -0.011, -0.013, -0.007, -0.013, -0.024, -0.011, -0.032, -0.037, -0.038, -0.034, -0.038, -0.011, -0.022], "FUKUIrad": [0.009, 0.012, 0.001, -0.128, -0.223, -0.0, 0.012, 0.01, -0.19, 0.053, -0.236, 0.029, 0.017, -0.009, -0.022, -0.018, -0.001, -0.015, -0.017, -0.013, -0.013, -0.026, -0.012, -0.047, -0.047, -0.036, -0.024, -0.035, -0.008, -0.022], "s proportion": [1.012, 0.992, 1.659, 1.52, 1.89, 1.653, 0.993, 1.012, 1.909, 1.042, 1.931, 1.034, 1.011, 0.957, 0.968, 0.958, 0.975, 0.972, 0.965, 0.976, 0.958, 0.97, 0.961, 0.965, 0.95, 0.966, 0.972, 0.968, 0.968, 0.969], "p proportion": [3.084, 2.801, 4.712, 2.025, 4.37, 4.726, 2.794, 3.084, 4.177, 2.875, 4.187, 2.946, 3.078, 0.0, 0.0, 0.0, 0.0, 0.0, 0.0, 0.0, 0.0, 0.0, 0.0, 0.0, 0.0, 0.0, 0.0, 0.0, 0.0, 0.0], "d proportion": [0.0, 0.0, 0.0, 1.079, -0.015, 0.0, 0.0, 0.0, -0.002, 0.0, 0.001, 0.0, 0.0, 0.0, 0.0, 0.0, 0.0, 0.0, 0.0, 0.0, 0.0, 0.0, 0.0, 0.0, 0.0, 0.0, 0.0, 0.0, 0.0, 0.0], "Fermi-level/eV": -8.4568, "Coordination numbers": [3.749, 3.902, 1.658, 3.918, 0.926, 1.658, 3.894, 3.749, 2.031, 3.795, 2.104, 3.792, 3.776, 0.924, 0.924, 0.924, 0.924, 0.924, 0.924, 0.924, 0.924, 0.924, 0.924, 0.924, 0.924, 0.924, 0.924, 0.924, 0.924, 0.924], "Dispersion coefficient C6": [22.753, 18.969, 18.257, 144.403, 157.373, 18.444, 18.929, 22.728, 146.369, 19.85, 147.5, 20.666, 22.502, 2.199, 2.231, 2.204, 2.409, 2.261, 2.348, 2.307, 2.213, 2.243, 2.225, 2.121, 2.098, 2.203, 2.271, 2.367, 2.396, 2.305], "Total dispersion C6": 13096.467339, "Total dispersion C8": 414198.142886, "Polarizability alpha": [6.803, 6.191, 5.768, 21.586, 21.218, 5.798, 6.185, 6.8, 20.362, 6.344, 20.441, 6.474, 6.759, 2.319, 2.336, 2.322, 2.427, 2.352, 2.396, 2.375, 2.326, 2.342, 2.333, 2.277, 2.265, 2.321, 2.357, 2.406, 2.421, 2.374], "Total polarizability alpha": 180.679109, "Wiberg matrix": [[0.0, 1.016361119242893, 0.0, 0.0, 0.0, 0.0, 0.0, 0.0, 0.0, 0.0, 0.0, 0.0, 0.0, 0.984505421231177, 0.9816461072697186, 0.9841816771569056, 0.0, 0.0, 0.0, 0.0, 0.0, 0.0, 0.0, 0.0, 0.0, 0.0, 0.0, 0.0, 0.0, 0.0], [1.016361119242893, 0.0, 0.9219245212417609, 0.0, 0.0, 0.0, 0.0, 0.0, 0.0, 0.0, 0.0, 0.0, 0.0, 0.0, 0.0, 0.0, 0.9693243499013589, 0.9700968437746315, 0.0, 0.0, 0.0, 0.0, 0.0, 0.0, 0.0, 0.0, 0.0, 0.0, 0.0, 0.0], [0.0, 0.9219245212417609, 0.0, 1.2563398145126743, 0.0, 0.0, 0.0, 0.0, 0.0, 0.0, 0.0, 0.0, 0.0, 0.0, 0.0, 0.0, 0.0, 0.0, 0.0, 0.0, 0.0, 0.0, 0.0, 0.0, 0.0, 0.0, 0.0, 0.0, 0.0, 0.0], [0.0, 0.0, 1.2563398145126743, 0.0, 1.5532636106509194, 1.2415715410655501, 0.0, 0.0, 1.014469985272091, 0.0, 0.0, 0.0, 0.0, 0.0, 0.0, 0.0, 0.0, 0.0, 0.0, 0.0, 0.0, 0.0, 0.0, 0.0, 0.0, 0.0, 0.0, 0.0, 0.0, 0.0], [0.0, 0.0, 0.0, 1.5532636106509194, 0.0, 0.0, 0.0, 0.0, 0.1470520513372213, 0.0, 0.0, 0.0, 0.0, 0.0, 0.0, 0.0, 0.0, 0.0, 0.0, 0.0, 0.0, 0.0, 0.0, 0.0, 0.0, 0.0, 0.0, 0.0, 0.0, 0.0], [0.0, 0.0, 0.0, 1.2415715410655501, 0.0, 0.0, 0.9137869495939008, 0.0, 0.0, 0.0, 0.0, 0.0, 0.0, 0.0, 0.0, 0.0, 0.0, 0.0, 0.0, 0.0, 0.0, 0.0, 0.0, 0.0, 0.0, 0.0, 0.0, 0.0, 0.0, 0.0], [0.0, 0.0, 0.0, 0.0, 0.0, 0.9137869495939008, 0.0, 1.0152525553752167, 0.0, 0.0, 0.0, 0.0, 0.0, 0.0, 0.0, 0.0, 0.0, 0.0, 0.9703819454812871, 0.9704288227140189, 0.0, 0.0, 0.0, 0.0, 0.0, 0.0, 0.0, 0.0, 0.0, 0.0], [0.0, 0.0, 0.0, 0.0, 0.0, 0.0, 1.0152525553752167, 0.0, 0.0, 0.0, 0.0, 0.0, 0.0, 0.0, 0.0, 0.0, 0.0, 0.0, 0.0, 0.0, 0.9847666071406052, 0.980757132231335, 0.9846596786698095, 0.0, 0.0, 0.0, 0.0, 0.0, 0.0, 0.0], [0.0, 0.0, 0.0, 1.014469985272091, 0.1470520513372213, 0.0, 0.0, 0.0, 0.0, 0.9613864283327981, 0.0, 0.0, 0.0, 0.0, 0.0, 0.0, 0.0, 0.0, 0.0, 0.0, 0.0, 0.0, 0.0, 0.0, 0.0, 0.0, 0.0, 0.0, 0.0, 0.0], [0.0, 0.0, 0.0, 0.0, 0.0, 0.0, 0.0, 0.0, 0.9613864283327981, 0.0, 1.0125867941128117, 0.0, 0.0, 0.0, 0.0, 0.0, 0.0, 0.0, 0.0, 0.0, 0.0, 0.0, 0.0, 0.9646443959377127, 0.969502000242103, 0.0, 0.0, 0.0, 0.0, 0.0], [0.0, 0.0, 0.0, 0.0, 0.0, 0.0, 0.0, 0.0, 0.0, 1.0125867941128117, 0.0, 0.9853139030624681, 0.0, 0.0, 0.0, 0.0, 0.0, 0.0, 0.0, 0.0, 0.0, 0.0, 0.0, 0.0, 0.0, 0.0, 0.0, 0.0, 0.0, 0.0], [0.0, 0.0, 0.0, 0.0, 0.0, 0.0, 0.0, 0.0, 0.0, 0.0, 0.9853139030624681, 0.0, 1.026974577231848, 0.0, 0.0, 0.0, 0.0, 0.0, 0.0, 0.0, 0.0, 0.0, 0.0, 0.0, 0.0, 0.9694102105603668, 0.9720045443725089, 0.0, 0.0, 0.0], [0.0, 0.0, 0.0, 0.0, 0.0, 0.0, 0.0, 0.0, 0.0, 0.0, 0.0, 1.026974577231848, 0.0, 0.0, 0.0, 0.0, 0.0, 0.0, 0.0, 0.0, 0.0, 0.0, 0.0, 0.0, 0.0, 0.0, 0.0, 0.9784920467478545, 0.9830103748684849, 0.9859806711392114], [0.984505421231177, 0.0, 0.0, 0.0, 0.0, 0.0, 0.0, 0.0, 0.0, 0.0, 0.0, 0.0, 0.0, 0.0, 0.0, 0.0, 0.0, 0.0, 0.0, 0.0, 0.0, 0.0, 0.0, 0.0, 0.0, 0.0, 0.0, 0.0, 0.0, 0.0], [0.9816461072697186, 0.0, 0.0, 0.0, 0.0, 0.0, 0.0, 0.0, 0.0, 0.0, 0.0, 0.0, 0.0, 0.0, 0.0, 0.0, 0.0, 0.0, 0.0, 0.0, 0.0, 0.0, 0.0, 0.0, 0.0, 0.0, 0.0, 0.0, 0.0, 0.0], [0.9841816771569056, 0.0, 0.0, 0.0, 0.0, 0.0, 0.0, 0.0, 0.0, 0.0, 0.0, 0.0, 0.0, 0.0, 0.0, 0.0, 0.0, 0.0, 0.0, 0.0, 0.0, 0.0, 0.0, 0.0, 0.0, 0.0, 0.0, 0.0, 0.0, 0.0], [0.0, 0.9693243499013589, 0.0, 0.0, 0.0, 0.0, 0.0, 0.0, 0.0, 0.0, 0.0, 0.0, 0.0, 0.0, 0.0, 0.0, 0.0, 0.0, 0.0, 0.0, 0.0, 0.0, 0.0, 0.0, 0.0, 0.0, 0.0, 0.0, 0.0, 0.0], [0.0, 0.9700968437746315, 0.0, 0.0, 0.0, 0.0, 0.0, 0.0, 0.0, 0.0, 0.0, 0.0, 0.0, 0.0, 0.0, 0.0, 0.0, 0.0, 0.0, 0.0, 0.0, 0.0, 0.0, 0.0, 0.0, 0.0, 0.0, 0.0, 0.0, 0.0], [0.0, 0.0, 0.0, 0.0, 0.0, 0.0, 0.9703819454812871, 0.0, 0.0, 0.0, 0.0, 0.0, 0.0, 0.0, 0.0, 0.0, 0.0, 0.0, 0.0, 0.0, 0.0, 0.0, 0.0, 0.0, 0.0, 0.0, 0.0, 0.0, 0.0, 0.0], [0.0, 0.0, 0.0, 0.0, 0.0, 0.0, 0.9704288227140189, 0.0, 0.0, 0.0, 0.0, 0.0, 0.0, 0.0, 0.0, 0.0, 0.0, 0.0, 0.0, 0.0, 0.0, 0.0, 0.0, 0.0, 0.0, 0.0, 0.0, 0.0, 0.0, 0.0], [0.0, 0.0, 0.0, 0.0, 0.0, 0.0, 0.0, 0.9847666071406052, 0.0, 0.0, 0.0, 0.0, 0.0, 0.0, 0.0, 0.0, 0.0, 0.0, 0.0, 0.0, 0.0, 0.0, 0.0, 0.0, 0.0, 0.0, 0.0, 0.0, 0.0, 0.0], [0.0, 0.0, 0.0, 0.0, 0.0, 0.0, 0.0, 0.980757132231335, 0.0, 0.0, 0.0, 0.0, 0.0, 0.0, 0.0, 0.0, 0.0, 0.0, 0.0, 0.0, 0.0, 0.0, 0.0, 0.0, 0.0, 0.0, 0.0, 0.0, 0.0, 0.0], [0.0, 0.0, 0.0, 0.0, 0.0, 0.0, 0.0, 0.9846596786698095, 0.0, 0.0, 0.0, 0.0, 0.0, 0.0, 0.0, 0.0, 0.0, 0.0, 0.0, 0.0, 0.0, 0.0, 0.0, 0.0, 0.0, 0.0, 0.0, 0.0, 0.0, 0.0], [0.0, 0.0, 0.0, 0.0, 0.0, 0.0, 0.0, 0.0, 0.0, 0.9646443959377127, 0.0, 0.0, 0.0, 0.0, 0.0, 0.0, 0.0, 0.0, 0.0, 0.0, 0.0, 0.0, 0.0, 0.0, 0.0, 0.0, 0.0, 0.0, 0.0, 0.0], [0.0, 0.0, 0.0, 0.0, 0.0, 0.0, 0.0, 0.0, 0.0, 0.969502000242103, 0.0, 0.0, 0.0, 0.0, 0.0, 0.0, 0.0, 0.0, 0.0, 0.0, 0.0, 0.0, 0.0, 0.0, 0.0, 0.0, 0.0, 0.0, 0.0, 0.0], [0.0, 0.0, 0.0, 0.0, 0.0, 0.0, 0.0, 0.0, 0.0, 0.0, 0.0, 0.9694102105603668, 0.0, 0.0, 0.0, 0.0, 0.0, 0.0, 0.0, 0.0, 0.0, 0.0, 0.0, 0.0, 0.0, 0.0, 0.0, 0.0, 0.0, 0.0], [0.0, 0.0, 0.0, 0.0, 0.0, 0.0, 0.0, 0.0, 0.0, 0.0, 0.0, 0.9720045443725089, 0.0, 0.0, 0.0, 0.0, 0.0, 0.0, 0.0, 0.0, 0.0, 0.0, 0.0, 0.0, 0.0, 0.0, 0.0, 0.0, 0.0, 0.0], [0.0, 0.0, 0.0, 0.0, 0.0, 0.0, 0.0, 0.0, 0.0, 0.0, 0.0, 0.0, 0.9784920467478545, 0.0, 0.0, 0.0, 0.0, 0.0, 0.0, 0.0, 0.0, 0.0, 0.0, 0.0, 0.0, 0.0, 0.0, 0.0, 0.0, 0.0], [0.0, 0.0, 0.0, 0.0, 0.0, 0.0, 0.0, 0.0, 0.0, 0.0, 0.0, 0.0, 0.9830103748684849, 0.0, 0.0, 0.0, 0.0, 0.0, 0.0, 0.0, 0.0, 0.0, 0.0, 0.0, 0.0, 0.0, 0.0, 0.0, 0.0, 0.0], [0.0, 0.0, 0.0, 0.0, 0.0, 0.0, 0.0, 0.0, 0.0, 0.0, 0.0, 0.0, 0.9859806711392114, 0.0, 0.0, 0.0, 0.0, 0.0, 0.0, 0.0, 0.0, 0.0, 0.0, 0.0, 0.0, 0.0, 0.0, 0.0, 0.0, 0.0]], "Born radii": [], "Atomic SASAs": [], "Solvent H bonds": [], "Total SASA": NaN, "Total FOD": 0.0, "FOD": [0.0, 0.0, 0.0, 0.0, 0.0, 0.0, 0.0, 0.0, 0.0, 0.0, 0.0, 0.0, 0.0, 0.0, 0.0, 0.0, 0.0, 0.0, 0.0, 0.0, 0.0, 0.0, 0.0, 0.0, 0.0, 0.0, 0.0, 0.0, 0.0, 0.0], "FOD s proportion": [0.0, 0.0, 0.0, 0.0, 0.0, 0.0, 0.0, 0.0, 0.0, 0.0, 0.0, 0.0, 0.0, 0.0, 0.0, 0.0, 0.0, 0.0, 0.0, 0.0, 0.0, 0.0, 0.0, 0.0, 0.0, 0.0, 0.0, 0.0, 0.0, 0.0], "FOD p proportion": [0.0, 0.0, 0.0, 0.0, 0.0, 0.0, 0.0, 0.0, 0.0, 0.0, 0.0, 0.0, 0.0, 0.0, 0.0, 0.0, 0.0, 0.0, 0.0, 0.0, 0.0, 0.0, 0.0, 0.0, 0.0, 0.0, 0.0, 0.0, 0.0, 0.0], "FOD d proportion": [0.0, 0.0, 0.0, 0.0, 0.0, 0.0, 0.0, 0.0, 0.0, 0.0, 0.0, 0.0, 0.0, 0.0, 0.0, 0.0, 0.0, 0.0, 0.0, 0.0, 0.0, 0.0, 0.0, 0.0, 0.0, 0.0, 0.0, 0.0, 0.0, 0.0], "coordinates": [["-2.72940", "3.34980", "-0.07630"], ["-1.76340", "2.44270", "-0.81050"], ["-1.93520", "1.11930", "-0.33010"], ["-0.74180", "0.03760", "-0.55110"], ["-0.31870", "-0.27740", "-2.43000"], ["-1.42480", "-1.25670", "0.15950"], ["-2.64530", "-1.76960", "-0.35100"], ["-3.24650", "-2.69550", "0.68700"], ["0.82390", "0.58670", "0.73860"], ["1.78530", "-0.93480", "0.81210"], ["3.24730", "-0.76210", "1.87460"], ["4.32610", "0.25080", "0.80910"], ["4.89890", "-0.54220", "-0.35210"], ["-2.53860", "3.32320", "1.00170"], ["-2.63790", "4.38210", "-0.42560"], ["-3.76160", "3.01620", "-0.22550"], ["-0.73630", "2.78230", "-0.64820"], ["-1.97630", "2.46290", "-1.88350"], ["-3.34280", "-0.95590", "-0.57050"], ["-2.44660", "-2.32570", "-1.27180"], ["-3.43400", "-2.15630", "1.62150"], ["-4.18810", "-3.12250", "0.33070"], ["-2.55530", "-3.51130", "0.92320"], ["2.07300", "-1.26030", "-0.18970"], ["1.15580", "-1.71850", "1.24290"], ["5.15020", "0.60960", "1.43470"], ["3.79070", "1.13450", "0.45050"], ["5.60330", "0.08120", "-0.91310"], ["4.12310", "-0.86450", "-1.05250"], ["5.44490", "-1.42570", "-0.00470"]], "bond_dist": [[0.0, 1.5149376389805622, 2.3812388225459453, 3.891870712138316, 4.950551284453076, 4.793477344266894, 5.1274544620113405, 6.115200028617217, 4.57435509225071, 6.287254393612526, 7.512301598711277, 7.756791502290106, 8.568237305887367, 1.0950781707257249, 1.09362974996111, 1.0949823925525013, 2.1497845171086336, 2.1493541029807073, 4.377161830455895, 5.806935193370079, 5.804836191487232, 6.647113808262953, 6.935705030492575, 6.657997246169452, 6.520945680650929, 8.478202238682442, 6.906285277918948, 8.989875944082875, 8.103705768350675, 9.467296726098743], [1.5149376389805622, 0.0, 1.4183395080163281, 2.625920967965335, 3.479781940007161, 3.8394153617445452, 4.328089549674313, 5.553664654982329, 3.5409840581397707, 5.160775978474555, 6.525919057113718, 6.6715470484738395, 7.314779549651514, 2.158769123829596, 2.1619830295356164, 2.1596135047734815, 1.0938938979626864, 1.0941039484436565, 3.7553410391068347, 4.839131997579731, 5.4640945599431205, 6.176808121513894, 6.251634770202111, 5.368013282397874, 5.482131486930973, 7.496602137635423, 5.843760351862489, 7.736632206587049, 6.7562576986080085, 8.220305413425951], [2.3812388225459453, 1.4183395080163281, 0.0, 1.6257673419035086, 2.9955672501214194, 2.479030520183243, 2.974965887199381, 4.160132106075479, 3.0063957257819536, 4.400689480070141, 5.937901506424639, 6.423079213274581, 7.033206172152214, 2.6447982928760374, 3.3389775950131804, 2.6353192842613966, 2.0746367923084756, 2.054264279492782, 2.519044453756225, 3.6078184336243972, 4.096913394251824, 4.848204027266179, 4.837121174831161, 4.663461757107053, 4.481263085336544, 7.319645229790853, 5.77888382042761, 7.631940962821974, 6.415631152895248, 7.813372266185708], [3.891870712138316, 2.625920967965335, 1.6257673419035086, 0.0, 1.951538833843693, 1.6268539731641558, 2.6323609364978813, 3.9084842727072604, 2.1014883749381057, 3.031519488639319, 4.736713986510058, 5.251591062716137, 5.673910955416908, 4.053991297474626, 4.7419010649738365, 4.254088076192123, 2.7464225366829487, 3.0300759231412004, 2.784352637508403, 3.0018225164056584, 4.096502021237144, 4.758233594518034, 4.249356886635906, 3.120617472552507, 3.146936442001967, 6.243896991462943, 4.769690600028476, 6.355567556874838, 4.973171863107086, 6.380835113055344], [4.950551284453076, 3.479781940007161, 2.9955672501214194, 1.951538833843693, 0.0, 2.981274215834565, 3.4586080147943914, 4.912729327980527, 3.477388320277159, 3.920485068202658, 5.610781696876114, 5.687260420448496, 5.622378252127831, 5.446911166890828, 5.5773872243192875, 5.249874438498506, 3.565244043540358, 3.2489296852963743, 3.6143164374470587, 3.1725255775170673, 5.445182416595426, 5.53970349928586, 5.167633792172197, 3.4212958641427083, 4.212020164956479, 6.755112308466825, 5.213243733032248, 6.123696887501862, 4.6874065217345935, 6.357653493231602], [4.793477344266894, 3.8394153617445452, 2.479030520183243, 1.6268539731641558, 2.981274215834565, 0.0, 1.4189069419803402, 2.3805445973558235, 2.96481568735731, 3.2915419456540427, 5.001471341515415, 5.980584187184393, 6.38446759722375, 4.788040861354465, 5.79741486009066, 4.8853386423051575, 4.176114526686259, 4.279418816848849, 2.0741515470186838, 2.0580223346698645, 2.642651849941645, 3.3386143787505618, 2.6352398562559727, 3.515189673403129, 2.8366372979286583, 6.952685504896651, 5.744907195943203, 7.2342682269874405, 5.692271888270974, 6.873739937617658], [5.1274544620113405, 4.328089549674313, 2.974965887199381, 2.6323609364978813, 3.4586080147943914, 1.4189069419803402, 0.0, 1.5153139113728218, 4.332981247363067, 4.656168919830981, 6.378956526736955, 7.350392243275186, 7.643393592508501, 5.2704643078195685, 6.152156760844119, 4.915867937607763, 4.944937052177712, 4.5508431636346245, 1.0939808910579745, 1.0938928375302581, 2.1592454307002713, 2.1622407682772056, 2.159908454078552, 4.748448069632857, 4.1220734624700714, 8.343808325938463, 7.106215241603649, 8.472356166380164, 6.864586427455044, 8.104907583680395], [6.115200028617217, 5.553664654982329, 4.160132106075479, 3.9084842727072604, 4.912729327980527, 2.3805445973558235, 1.5153139113728218, 0.0, 5.229116135638986, 5.332422126951317, 6.878798424143565, 8.126491423732631, 8.48905005639618, 6.068353004728713, 7.190319497769206, 5.807021710825611, 6.171722281502952, 5.90169203279873, 2.1486712405577544, 2.147903510402644, 1.0950722076648645, 1.0935672132978387, 1.0950239814725522, 5.579021614942892, 4.5435447725316855, 9.054684543925315, 8.015423637587723, 9.412191186965977, 7.790341803156008, 8.81086118889635], [4.57435509225071, 3.5409840581397707, 3.0063957257819536, 2.1014883749381057, 3.477388320277159, 2.96481568735731, 4.332981247363067, 5.229116135638986, 0.0, 1.8012924415541194, 2.997102767674142, 3.5189776782469084, 4.366882950114418, 4.343277576899731, 5.267303108802455, 5.278140705778882, 3.029537529062811, 4.270439660035017, 4.631926862548673, 4.818708558317259, 5.141329966069091, 6.248575121577718, 5.314759994581128, 2.4152434038829296, 2.3829442167201482, 4.382003116155897, 3.030674626217734, 5.081959021873356, 4.0247659919553085, 5.094692301798019], [6.287254393612526, 5.160775978474555, 4.400689480070141, 3.031519488639319, 3.920485068202658, 3.2915419456540427, 4.656168919830981, 5.332422126951317, 1.8012924415541194, 0.0, 1.8155372593257346, 2.8038047364251315, 3.347237870244659, 6.0714597396342835, 7.0260960098763245, 6.888767260548145, 4.723110739756162, 5.741102612739124, 5.311255744171993, 4.917948721774151, 5.421096116100507, 6.379599110445734, 5.048911151921769, 1.091936252718079, 1.0936382308606445, 3.7543779950878675, 2.9042014754489744, 4.3111129699881445, 2.991150964093922, 3.7816421314027053], [7.512301598711277, 6.525919057113718, 5.937901506424639, 4.736713986510058, 5.610781696876114, 5.001471341515415, 6.378956526736955, 6.878798424143565, 2.997102767674142, 1.8155372593257346, 0.0, 1.8234763776917982, 2.7810666047399875, 7.136404508574328, 8.147962488868, 8.234722224216188, 5.898843968100869, 7.197912028498264, 7.03174874835556, 6.690678226458062, 6.829906510341119, 7.952376281967548, 6.491026834022488, 2.4266269222935777, 2.3849775889932383, 2.386650646827055, 2.433194593533366, 3.7460862483397257, 3.057028918737931, 2.9667455586888467], [7.756791502290106, 6.6715470484738395, 6.423079213274581, 5.251591062716137, 5.687260420448496, 5.980584187184393, 7.350392243275186, 8.126491423732631, 3.5189776782469084, 2.8038047364251315, 1.8234763776917982, 0.0, 1.5183327303328478, 7.523353149360996, 8.190813133016771, 8.609804040162587, 5.84466502889601, 7.201647514978778, 7.884887333373889, 7.539095592310791, 8.165370547623667, 9.170584555523165, 7.843473795455684, 2.8909313827899825, 3.7572765429230786, 1.095104383152583, 1.093696854708836, 2.1508084154568485, 2.179600341805809, 2.173622812265274], [8.568237305887367, 7.314779549651514, 7.033206172152214, 5.673910955416908, 5.622378252127831, 6.38446759722375, 7.643393592508501, 8.48905005639618, 4.366882950114418, 3.347237870244659, 2.7810666047399875, 1.5183327303328478, 0.0, 8.490612336575024, 9.003193154653522, 9.36389333397172, 6.549462153490163, 7.657949269223453, 8.25496608957299, 7.614662867783445, 8.714220457390322, 9.470888708563733, 8.124471831448492, 2.920231528492219, 4.235387148774006, 2.140665590418083, 2.1641619371017504, 1.0952296197601668, 1.0937564125526307, 1.095159810256019], [1.0950781707257249, 2.158769123829596, 2.6447982928760374, 4.053991297474626, 5.446911166890828, 4.788040861354465, 5.2704643078195685, 6.068353004728713, 4.343277576899731, 6.0714597396342835, 7.136404508574328, 7.523353149360996, 8.490612336575024, 0.0, 1.7799761206263416, 1.759544782038809, 2.5026042655601786, 3.0627889937114507, 4.629173499664924, 6.089937393766868, 5.586663892700186, 6.687162308483323, 6.834971206230499, 6.6102012654683975, 6.25503858421353, 8.165093961492422, 6.719692524215673, 8.970371154528669, 8.132331511934323, 9.343509213352336], [1.09362974996111, 2.1619830295356164, 3.3389775950131804, 4.7419010649738365, 5.5773872243192875, 5.79741486009066, 6.152156760844119, 7.190319497769206, 5.267303108802455, 7.0260960098763245, 8.147962488868, 8.190813133016771, 9.003193154653522, 1.7799761206263416, 0.0, 1.780006884818146, 2.4949936593105804, 2.499303024845127, 5.38629037650218, 6.76366993354939, 6.897468244218309, 7.700268234938313, 8.008236245266493, 7.354244038648704, 7.375186255275184, 8.85138260104036, 7.255436232922181, 9.308747203571487, 8.58084705434143, 9.961895075235434], [1.0949823925525013, 2.1596135047734815, 2.6353192842613966, 4.254088076192123, 5.249874438498506, 4.8853386423051575, 4.915867937607763, 5.807021710825611, 5.278140705778882, 6.888767260548145, 8.234722224216188, 8.609804040162587, 9.36389333397172, 1.759544782038809, 1.780006884818146, 0.0, 3.063629316676546, 2.498479733758111, 4.008989504850319, 5.599987883915464, 5.502134768433066, 6.178583849070917, 6.7366852108436825, 7.234106098890174, 6.982435492720287, 9.37913465304769, 7.8124903955140965, 9.838108088956941, 8.82679191892502, 10.224425191667256], [2.1497845171086336, 1.0938938979626864, 2.0746367923084756, 2.7464225366829487, 3.565244043540358, 4.176114526686259, 4.944937052177712, 6.171722281502952, 3.029537529062811, 4.723110739756162, 5.898843968100869, 5.84466502889601, 6.549462153490163, 2.5026042655601786, 2.4949936593105804, 3.063629316676546, 0.0, 1.7792083773408893, 4.557852430695842, 5.422699240230829, 6.067857392852933, 6.909401673806496, 6.737021591178107, 4.944188861683987, 5.235790509560137, 6.611352354095189, 4.941266591674649, 6.896132349368014, 6.089037451847377, 7.505237483917481], [2.1493541029807073, 1.0941039484436565, 2.054264279492782, 3.0300759231412004, 3.2489296852963743, 4.279418816848849, 4.5508431636346245, 5.90169203279873, 4.270439660035017, 5.741102612739124, 7.197912028498264, 7.201647514978778, 7.657949269223453, 3.0627889937114507, 2.499303024845127, 2.498479733758111, 1.7792083773408893, 0.0, 3.9088981426995515, 4.8503658563040375, 5.978873048493336, 6.402455313393448, 6.625999662692416, 5.755693456917246, 6.0883933291140115, 8.076643757155567, 6.361642206223171, 8.004030685223539, 6.997487557688117, 8.586344323400967], [4.377161830455895, 3.7553410391068347, 2.519044453756225, 2.784352637508403, 3.6143164374470587, 2.0741515470186838, 1.0939808910579745, 2.1486712405577544, 4.631926862548673, 5.311255744171993, 7.03174874835556, 7.884887333373889, 8.25496608957299, 4.629173499664924, 5.38629037650218, 4.008989504850319, 4.557852430695842, 3.9088981426995515, 0.0, 1.7808279450862174, 2.5008281828226426, 2.4941630038952947, 3.062901418589896, 5.437697825366908, 4.909926708210622, 8.865814474147314, 7.503268315207713, 9.012527746420535, 7.482001120689571, 8.818418960902232], [5.806935193370079, 4.839131997579731, 3.6078184336243972, 3.0018225164056584, 3.1725255775170673, 2.0580223346698645, 1.0938928375302581, 2.147903510402644, 4.818708558317259, 4.917948721774151, 6.690678226458062, 7.539095592310791, 7.614662867783445, 6.089937393766868, 6.76366993354939, 5.599987883915464, 5.422699240230829, 4.8503658563040375, 1.7808279450862174, 0.0, 3.06183605210991, 2.4971421144980916, 2.4970959232676666, 4.767892797662297, 4.435052839595037, 8.582103389029987, 7.337793443536007, 8.409680333401504, 6.733806948524735, 8.043091113496104], [5.804836191487232, 5.4640945599431205, 4.096913394251824, 4.096502021237144, 5.445182416595426, 2.642651849941645, 2.1592454307002713, 1.0950722076648645, 5.141329966069091, 5.421096116100507, 6.829906510341119, 8.165370547623667, 8.714220457390322, 5.586663892700186, 6.897468244218309, 5.502134768433066, 6.067857392852933, 5.978873048493336, 2.5008281828226426, 3.06183605210991, 0.0, 1.7799926657152272, 1.759477644075082, 5.86603021130986, 4.626150758459997, 9.020730939896167, 8.024767643365134, 9.649010037304345, 8.119654158275463, 9.0561121906699], [6.647113808262953, 6.176808121513894, 4.848204027266179, 4.758233594518034, 5.53970349928586, 3.3386143787505618, 2.1622407682772056, 1.0935672132978387, 6.248575121577718, 6.379599110445734, 7.952376281967548, 9.170584555523165, 9.470888708563733, 6.687162308483323, 7.700268234938313, 6.178583849070917, 6.909401673806496, 6.402455313393448, 2.4941630038952947, 2.4971421144980916, 1.7799926657152272, 0.0, 1.7799599798871888, 6.552860307529835, 5.600052861357651, 10.116878634242877, 9.044205353705765, 10.377005641802455, 8.722835071236872, 9.787048196468636], [6.935705030492575, 6.251634770202111, 4.837121174831161, 4.249356886635906, 5.167633792172197, 2.6352398562559727, 2.159908454078552, 1.0950239814725522, 5.314759994581128, 5.048911151921769, 6.491026834022488, 7.843473795455684, 8.124471831448492, 6.834971206230499, 8.008236245266493, 6.7366852108436825, 6.737021591178107, 6.625999662692416, 3.062901418589896, 2.4970959232676666, 1.759477644075082, 1.7799599798871888, 0.0, 5.265615662009524, 4.133836370733607, 8.753181096607108, 7.878998599441428, 9.101692584349353, 7.450501143547325, 8.319490718187021], [6.657997246169452, 5.368013282397874, 4.663461757107053, 3.120617472552507, 3.4212958641427083, 3.515189673403129, 4.748448069632857, 5.579021614942892, 2.4152434038829296, 1.091936252718079, 2.4266269222935777, 2.8909313827899825, 2.920231528492219, 6.6102012654683975, 7.354244038648704, 7.234106098890174, 4.944188861683987, 5.755693456917246, 5.437697825366908, 4.767892797662297, 5.86603021130986, 6.552860307529835, 5.265615662009524, 0.0, 1.7616883492831528, 3.950235589176929, 3.0158608008328236, 3.8452500438853128, 2.2592015160228627, 3.381019338897664], [6.520945680650929, 5.482131486930973, 4.481263085336544, 3.146936442001967, 4.212020164956479, 2.8366372979286583, 4.1220734624700714, 4.5435447725316855, 2.3829442167201482, 1.0936382308606445, 2.3849775889932383, 3.7572765429230786, 4.235387148774006, 6.25503858421353, 7.375186255275184, 6.982435492720287, 5.235790509560137, 6.0883933291140115, 4.909926708210622, 4.435052839595037, 4.626150758459997, 5.600052861357651, 4.133836370733607, 1.7616883492831528, 0.0, 4.627317604184956, 3.963610067854808, 5.25999166729378, 3.8474727354459572, 4.4764513188462125], [8.478202238682442, 7.496602137635423, 7.319645229790853, 6.243896991462943, 6.755112308466825, 6.952685504896651, 8.343808325938463, 9.054684543925315, 4.382003116155897, 3.7543779950878675, 2.386650646827055, 1.095104383152583, 2.140665590418083, 8.165093961492422, 8.85138260104036, 9.37913465304769, 6.611352354095189, 8.076643757155567, 8.865814474147314, 8.582103389029987, 9.020730939896167, 10.116878634242877, 8.753181096607108, 3.950235589176929, 4.627317604184956, 0.0, 1.7585249216317633, 2.4488101212629783, 3.0682354961769147, 2.510212449176364], [6.906285277918948, 5.843760351862489, 5.77888382042761, 4.769690600028476, 5.213243733032248, 5.744907195943203, 7.106215241603649, 8.015423637587723, 3.030674626217734, 2.9042014754489744, 2.433194593533366, 1.093696854708836, 2.1641619371017504, 6.719692524215673, 7.255436232922181, 7.8124903955140965, 4.941266591674649, 6.361642206223171, 7.503268315207713, 7.337793443536007, 8.024767643365134, 9.044205353705765, 7.878998599441428, 3.0158608008328236, 3.963610067854808, 1.7585249216317633, 0.0, 2.500872769654626, 2.5229942053044834, 3.08191640379813], [8.989875944082875, 7.736632206587049, 7.631940962821974, 6.355567556874838, 6.123696887501862, 7.2342682269874405, 8.472356166380164, 9.412191186965977, 5.081959021873356, 4.3111129699881445, 3.7460862483397257, 2.1508084154568485, 1.0952296197601668, 8.970371154528669, 9.308747203571487, 9.838108088956941, 6.896132349368014, 8.004030685223539, 9.012527746420535, 8.409680333401504, 9.649010037304345, 10.377005641802455, 9.101692584349353, 3.8452500438853128, 5.25999166729378, 2.4488101212629783, 2.500872769654626, 0.0, 1.7620365745352733, 1.7666433511040083], [8.103705768350675, 6.7562576986080085, 6.415631152895248, 4.973171863107086, 4.6874065217345935, 5.692271888270974, 6.864586427455044, 7.790341803156008, 4.0247659919553085, 2.991150964093922, 3.057028918737931, 2.179600341805809, 1.0937564125526307, 8.132331511934323, 8.58084705434143, 8.82679191892502, 6.089037451847377, 6.997487557688117, 7.482001120689571, 6.733806948524735, 8.119654158275463, 8.722835071236872, 7.450501143547325, 2.2592015160228627, 3.8474727354459572, 3.0682354961769147, 2.5229942053044834, 1.7620365745352733, 0.0, 1.7776348106402504], [9.467296726098743, 8.220305413425951, 7.813372266185708, 6.380835113055344, 6.357653493231602, 6.873739937617658, 8.104907583680395, 8.81086118889635, 5.094692301798019, 3.7816421314027053, 2.9667455586888467, 2.173622812265274, 1.095159810256019, 9.343509213352336, 9.961895075235434, 10.224425191667256, 7.505237483917481, 8.586344323400967, 8.818418960902232, 8.043091113496104, 9.0561121906699, 9.787048196468636, 8.319490718187021, 3.381019338897664, 4.4764513188462125, 2.510212449176364, 3.08191640379813, 1.7666433511040083, 1.7776348106402504, 0.0]]}