{"total energy": -42.39410355, "HOMO-LUMO gap/eV": 4.22100871, "electronic energy": -42.90509451, "dipole": [-0.38578181, -0.63479427, 0.23392023], "partial charges": [-0.1012137, -0.05265736, -0.06182438, 0.00503749, -0.1175125, 0.00331561, -0.10999868, 0.29422316, -0.44454445, -0.1853327, 0.00816283, -0.05271452, -0.10268632, 0.03495883, 0.03733586, 0.03357107, 0.03553879, 0.02879099, 0.03244706, 0.04818785, 0.06309265, 0.04230907, 0.05191404, 0.05844614, 0.04666549, 0.04311515, 0.05141991, 0.05551388, 0.05571374, 0.04164866, 0.04170169, 0.03751382, 0.03749894, 0.04036189], "atomic dipole moments": [[0.04601302, -0.05773374, -0.07884396], [0.05495469, 0.0061658, 0.10235793], [-0.03548931, -0.02790691, -0.11686542], [0.11148223, -0.02434554, 0.12269871], [-0.04062945, -0.01985998, 0.0074017], [0.01759324, 0.08689945, -0.13336955], [-0.01147526, 0.08887026, 0.08907749], [0.03878978, -0.03098931, 0.01474297], [0.0015851, -0.17299866, 0.06946663], [-0.04604968, 0.4766705, -0.1948305], [-0.02138577, -0.13942265, 0.05400672], [-0.05430111, 0.10487651, -0.0475056], [-0.07209227, -0.08197512, 0.02602478], [-0.10874134, 0.04768818, -0.03918719], [0.07325586, 0.09683657, 0.03674833], [-0.0240008, -0.07164662, 0.10043419], [0.01413923, 0.07550677, -0.09834959], [-0.0789603, -0.08698376, -0.03491914], [-0.01612661, -0.069183, 0.10056227], [0.07851475, 0.09306881, 0.04135262], [0.01792364, 0.0750337, -0.1029908], [-0.0743515, -0.09062676, -0.04108363], [-0.10682786, -0.01533055, 0.06199043], [0.08849145, -0.01801934, 0.09133742], [-0.00477289, -0.11544002, 0.05321865], [-0.09187176, 0.00434775, -0.08642904], [0.11137141, 0.00643264, -0.06771548], [-0.0318219, 0.10549918, 0.06940607], [-0.01266353, 0.02648603, -0.12688863], [0.01616509, -0.02712985, 0.12167784], [0.03431466, -0.10219522, -0.06466224], [-0.00481923, 0.02881349, -0.12326454], [-0.02328421, 0.10527367, 0.06651601], [0.11830176, -0.03525215, 0.02571559]], "atomic quadrupole moments": [[-0.04829821, -0.09071551, -0.02670211, -0.10853411, 0.13880424, 0.07500031], [0.09245496, -0.19166405, -0.08856138, -0.01248873, 0.10111621, -0.00389358], [0.08664428, -0.20813141, -0.0987934, -0.02736621, 0.10248532, 0.01214912], [0.18139527, -0.20540905, -0.10911014, 0.03984444, 0.05069581, -0.07228514], [-0.01549045, -0.05747561, 0.04559725, 0.02298416, -0.03849977, -0.0301068], [-0.21899132, 0.00188903, 0.25520678, -0.01893123, -0.03266042, -0.03621546], [-0.13777857, -0.02323217, 0.08327212, -0.01634696, 0.18110562, 0.05450645], [-0.13537487, -0.12730842, -0.18502879, 0.00206834, 0.21440006, 0.32040366], [-0.06013981, -0.01811815, -0.0445551, -0.00986631, 0.07044693, 0.10469492], [0.37071288, 0.06187288, 0.07891164, 0.06975848, -0.24573974, -0.44962452], [0.21796473, 0.19890614, 0.07469252, -0.02437825, -0.15133186, -0.29265725], [0.2204364, 0.07132583, -0.00920227, 0.01697056, -0.08982968, -0.21123413], [0.03392741, 0.17077548, 0.0769564, -0.05255613, -0.06802678, -0.11088381], [0.04776042, -0.04459842, -0.03184431, 0.0381532, -0.00745159, -0.01591612], [0.01256795, 0.05864459, 0.01782981, 0.00802675, 0.02621983, -0.03039777], [-0.04867769, 0.00615289, 0.01782148, -0.017896, -0.05389341, 0.03085621], [-0.02031384, 0.00464373, 0.00655895, -0.02122596, -0.04004374, 0.01375489], [0.00726029, 0.03555156, 0.0273241, 0.00604089, 0.01859892, -0.0345844], [-0.02413075, 0.0086325, 0.01143375, -0.01672629, -0.04518366, 0.012697], [0.00911506, 0.03725872, 0.02138685, 0.00481088, 0.00959485, -0.03050191], [-0.01137279, -0.00105793, 0.0077313, -0.01882609, -0.03414122, 0.00364149], [0.01137667, 0.0307005, 0.02854355, 0.00552751, 0.00893711, -0.03992021], [0.03952417, 0.000826, -0.00812912, -0.02783499, -0.00119377, -0.03139505], [0.02313838, -0.00063619, -0.00635498, 0.03872053, 0.00506656, -0.01678341], [-0.05308193, 0.0044752, 0.05735794, -0.00391049, -0.05030042, -0.00427601], [0.03422797, -0.02162736, -0.04171077, 0.05730248, -0.0023167, 0.0074828], [0.0541609, 0.02459956, -0.03801899, -0.04198245, 0.00162596, -0.01614191], [-0.01279243, 0.00114068, 0.02150008, -0.01770278, 0.03191146, -0.00870765], [-0.01724188, 0.01630507, -0.02295016, 0.00390316, -0.01314909, 0.04019204], [-0.01397539, 0.0084502, -0.03579475, 0.00156927, -0.01179034, 0.04977015], [-0.0109606, -0.00421864, 0.01713241, -0.01126219, 0.04265377, -0.00617181], [-0.04187951, 0.00945096, -0.03260521, 0.01713533, -0.01941175, 0.07448472], [-0.03219092, -0.01892628, 0.03658966, -0.02869489, 0.05062063, -0.00439874], [0.06263695, -0.03298826, -0.01816624, 0.02463837, -0.01762775, -0.04447071]], "number of molecular orbitals": 78, "number of electrons": 78, "number of unpaired electrons": 0, "orbital energies/eV": [-19.54982517, -18.86395969, -17.94563134, -17.35982815, -17.18862171, -17.0680609, -16.80691589, -16.25918159, -16.16436701, -16.03126762, -15.41892472, -15.34930213, -15.19211919, -14.99036376, -14.70439802, -14.49559492, -14.21252585, -14.12761486, -13.8074417, -13.76834662, -13.61008687, -13.58637756, -13.41406334, -13.14805557, -12.98686923, -12.94824604, -12.92757709, -12.65008924, -12.34391453, -12.23726338, -12.19541998, -12.11660334, -12.04584083, -11.96754988, -11.86497141, -11.60687376, -10.80993196, -10.63004242, -10.13791848, -5.91690977, -5.37178571, -3.73714227, -0.88189172, -0.0344186, -0.00315278, 1.10089766, 1.79390736, 2.47030017, 2.72876748, 2.94314314, 3.18134152, 3.3904489, 3.42964155, 3.59447024, 3.70522851, 3.94188627, 3.9583609, 4.08590768, 4.42500105, 4.45609759, 4.65132509, 4.74449559, 4.9474009, 5.37341946, 5.59307773, 5.9428524, 6.01054487, 6.25485472, 6.46405467, 6.7042762, 6.75270514, 7.00199607, 7.32043999, 7.89517492, 8.06351828, 9.513834, 13.34867595, 16.15972108], "fractional occupation": [2.0, 2.0, 2.0, 2.0, 2.0, 2.0, 2.0, 2.0, 2.0, 2.0, 2.0, 2.0, 2.0, 2.0, 2.0, 2.0, 2.0, 2.0, 2.0, 2.0, 2.0, 2.0, 2.0, 2.0, 2.0, 2.0, 2.0, 2.0, 2.0, 2.0, 2.0, 2.0, 2.0, 2.0, 2.0, 2.0, 2.0, 2.0, 2.0, 0.0, 0.0, 0.0, 0.0, 0.0, 0.0, 0.0, 0.0, 0.0, 0.0, 0.0, 0.0, 0.0, 0.0, 0.0, 0.0, 0.0, 0.0, 0.0, 0.0, 0.0, 0.0, 0.0, 0.0, 0.0, 0.0, 0.0, 0.0, 0.0, 0.0, 0.0, 0.0, 0.0, 0.0, 0.0, 0.0, 0.0, 0.0, 0.0], "program call": "xtb /home/svss/Project-DBcg-Debug/aqme2_20220329/End-to-End-workflows-final/example-3/QDESCP/mol_575_rdkit_conf_2/mol_575_rdkit_conf_2.xyz --pop --wbo --acc 0.2 --gfn 2 --chrg 0 --uhf 0 --etemp 300 --input /home/svss/Project-DBcg-Debug/aqme2_20220329/End-to-End-workflows-final/example-3/QDESCP/mol_575_rdkit_conf_2/mol_575_rdkit_conf_2_xtb.inp", "method": "GFN2-xTB", "xtb version": "6.3.3 (7355c4f)", "Dipole module/D": 1.979, "Total charge": 0, "Transition dipole module/D": NaN, "HOMO": -10.1379, "LUMO": -5.9169, "HOMO occupancy": 2.0, "LUMO occupancy": 0, "mulliken charges": [-0.08242, -0.03957, -0.05739, 0.09681, -0.29588, 0.0951, -0.09539, 0.49715, -0.56164, -0.12901, 0.03321, -0.04204, -0.08375, 0.02914, 0.03078, 0.02588, 0.02789, 0.01894, 0.02118, 0.04372, 0.05183, 0.02159, 0.03158, 0.03257, 0.03381, 0.03519, 0.03756, 0.04065, 0.04071, 0.02584, 0.02582, 0.02989, 0.02988, 0.03038], "cm5 charges": [-0.23276, -0.15182, -0.16207, 0.0487, -0.54945, 0.0441, -0.23984, 0.6061, -0.60903, -0.16268, -0.0574, -0.15157, -0.23403, 0.07992, 0.08208, 0.07719, 0.0827, 0.07373, 0.07889, 0.10268, 0.12155, 0.08737, 0.09671, 0.09885, 0.085, 0.08864, 0.0916, 0.09966, 0.09973, 0.08098, 0.08096, 0.08119, 0.08118, 0.08114], "FUKUI+": [0.008, 0.004, 0.004, 0.022, -0.06, 0.017, 0.014, -0.04, -0.143, -0.382, 0.027, 0.011, 0.017, -0.018, -0.006, -0.009, -0.009, -0.014, -0.015, -0.001, -0.021, -0.041, -0.047, -0.009, -0.035, -0.026, -0.0, -0.061, -0.062, -0.023, -0.024, -0.02, -0.02, -0.035], "FUKUI-": [0.009, 0.003, -0.004, 0.013, -0.082, 0.018, 0.009, 0.026, -0.061, -0.293, 0.037, 0.01, 0.013, -0.045, -0.033, -0.032, -0.036, -0.037, -0.03, -0.023, -0.037, -0.043, -0.042, -0.023, -0.038, -0.025, -0.013, -0.057, -0.058, -0.03, -0.03, -0.021, -0.021, -0.029], "FUKUIrad": [0.009, 0.004, 0.0, 0.018, -0.071, 0.018, 0.012, -0.007, -0.102, -0.337, 0.032, 0.011, 0.015, -0.032, -0.019, -0.021, -0.022, -0.025, -0.022, -0.012, -0.029, -0.042, -0.044, -0.016, -0.036, -0.025, -0.007, -0.059, -0.06, -0.026, -0.027, -0.021, -0.02, -0.032], "s proportion": [1.007, 1.027, 1.036, 1.009, 1.445, 1.005, 1.012, 0.995, 1.73, 1.925, 1.038, 1.028, 1.008, 0.971, 0.969, 0.974, 0.972, 0.981, 0.979, 0.956, 0.948, 0.978, 0.968, 0.967, 0.966, 0.965, 0.962, 0.959, 0.959, 0.974, 0.974, 0.97, 0.97, 0.97], "p proportion": [3.075, 3.013, 3.022, 2.894, 3.851, 2.9, 3.084, 2.507, 4.832, 4.204, 2.929, 3.014, 3.075, 0.0, 0.0, 0.0, 0.0, 0.0, 0.0, 0.0, 0.0, 0.0, 0.0, 0.0, 0.0, 0.0, 0.0, 0.0, 0.0, 0.0, 0.0, 0.0, 0.0, 0.0], "d proportion": [0.0, 0.0, 0.0, 0.0, 0.0, 0.0, 0.0, 0.0, 0.0, 0.0, 0.0, 0.0, 0.0, 0.0, 0.0, 0.0, 0.0, 0.0, 0.0, 0.0, 0.0, 0.0, 0.0, 0.0, 0.0, 0.0, 0.0, 0.0, 0.0, 0.0, 0.0, 0.0, 0.0, 0.0], "Fermi-level/eV": -8.0274, "Coordination numbers": [3.75, 3.8, 3.801, 3.745, 2.762, 3.736, 3.749, 2.749, 0.879, 2.043, 3.795, 3.839, 3.75, 0.924, 0.924, 0.924, 0.924, 0.924, 0.924, 0.924, 0.924, 0.924, 0.924, 0.924, 0.924, 0.924, 0.924, 0.924, 0.924, 0.924, 0.924, 0.924, 0.924, 0.924], "Dispersion coefficient C6": [22.496, 21.52, 21.688, 20.562, 23.556, 20.606, 22.669, 22.009, 22.581, 148.917, 20.446, 21.49, 22.525, 2.517, 2.485, 2.536, 2.509, 2.604, 2.552, 2.343, 2.163, 2.418, 2.296, 2.217, 2.362, 2.408, 2.302, 2.252, 2.25, 2.427, 2.426, 2.482, 2.483, 2.444], "Total dispersion C6": 10116.220792, "Total dispersion C8": 241417.717743, "Polarizability alpha": [6.764, 6.605, 6.63, 6.468, 7.208, 6.478, 6.791, 7.682, 6.372, 20.539, 6.439, 6.595, 6.769, 2.481, 2.465, 2.491, 2.477, 2.523, 2.498, 2.394, 2.3, 2.432, 2.37, 2.329, 2.403, 2.427, 2.373, 2.347, 2.346, 2.436, 2.436, 2.464, 2.464, 2.445], "Total polarizability alpha": 152.240034, "Wiberg matrix": [[0.0, 1.0201963632160531, 0.0, 0.0, 0.0, 0.0, 0.0, 0.0, 0.0, 0.0, 0.0, 0.0, 0.0, 0.9869852300129096, 0.9873851923199001, 0.9875909508893903, 0.0, 0.0, 0.0, 0.0, 0.0, 0.0, 0.0, 0.0, 0.0, 0.0, 0.0, 0.0, 0.0, 0.0, 0.0, 0.0, 0.0, 0.0], [1.0201963632160531, 0.0, 1.0062126034519072, 0.0, 0.0, 0.0, 0.0, 0.0, 0.0, 0.0, 0.0, 0.0, 0.0, 0.0, 0.0, 0.0, 0.97752649119482, 0.9778950329969934, 0.0, 0.0, 0.0, 0.0, 0.0, 0.0, 0.0, 0.0, 0.0, 0.0, 0.0, 0.0, 0.0, 0.0, 0.0, 0.0], [0.0, 1.0062126034519072, 0.0, 0.9964903499875074, 0.0, 0.0, 0.0, 0.0, 0.0, 0.0, 0.0, 0.0, 0.0, 0.0, 0.0, 0.0, 0.0, 0.0, 0.9755865662688099, 0.9755302007965313, 0.0, 0.0, 0.0, 0.0, 0.0, 0.0, 0.0, 0.0, 0.0, 0.0, 0.0, 0.0, 0.0, 0.0], [0.0, 0.0, 0.9964903499875074, 0.0, 0.9800104764713649, 0.0, 0.0, 0.0, 0.0, 0.0, 0.0, 0.0, 0.0, 0.0, 0.0, 0.0, 0.0, 0.0, 0.0, 0.0, 0.9679159234004852, 0.9699648938508076, 0.0, 0.0, 0.0, 0.0, 0.0, 0.0, 0.0, 0.0, 0.0, 0.0, 0.0, 0.0], [0.0, 0.0, 0.0, 0.9800104764713649, 0.0, 0.9847780348518936, 0.0, 1.212637886562899, 0.17094664514881536, 0.0, 0.0, 0.0, 0.0, 0.0, 0.0, 0.0, 0.0, 0.0, 0.0, 0.0, 0.0, 0.0, 0.0, 0.0, 0.0, 0.0, 0.0, 0.0, 0.0, 0.0, 0.0, 0.0, 0.0, 0.0], [0.0, 0.0, 0.0, 0.0, 0.9847780348518936, 0.0, 1.0113005335645966, 0.0, 0.0, 0.0, 0.0, 0.0, 0.0, 0.0, 0.0, 0.0, 0.0, 0.0, 0.0, 0.0, 0.0, 0.0, 0.9689365722386298, 0.9649802829633559, 0.0, 0.0, 0.0, 0.0, 0.0, 0.0, 0.0, 0.0, 0.0, 0.0], [0.0, 0.0, 0.0, 0.0, 0.0, 1.0113005335645966, 0.0, 0.0, 0.0, 0.0, 0.0, 0.0, 0.0, 0.0, 0.0, 0.0, 0.0, 0.0, 0.0, 0.0, 0.0, 0.0, 0.0, 0.0, 0.9834277013179376, 0.985404079618769, 0.985408860864739, 0.0, 0.0, 0.0, 0.0, 0.0, 0.0, 0.0], [0.0, 0.0, 0.0, 0.0, 1.212637886562899, 0.0, 0.0, 0.0, 1.657113869408512, 1.0223121300808, 0.0, 0.0, 0.0, 0.0, 0.0, 0.0, 0.0, 0.0, 0.0, 0.0, 0.0, 0.0, 0.0, 0.0, 0.0, 0.0, 0.0, 0.0, 0.0, 0.0, 0.0, 0.0, 0.0, 0.0], [0.0, 0.0, 0.0, 0.0, 0.17094664514881536, 0.0, 0.0, 1.657113869408512, 0.0, 0.16115589716111173, 0.0, 0.0, 0.0, 0.0, 0.0, 0.0, 0.0, 0.0, 0.0, 0.0, 0.0, 0.0, 0.0, 0.0, 0.0, 0.0, 0.0, 0.0, 0.0, 0.0, 0.0, 0.0, 0.0, 0.0], [0.0, 0.0, 0.0, 0.0, 0.0, 0.0, 0.0, 1.0223121300808, 0.16115589716111173, 0.0, 0.9811546353117336, 0.0, 0.0, 0.0, 0.0, 0.0, 0.0, 0.0, 0.0, 0.0, 0.0, 0.0, 0.0, 0.0, 0.0, 0.0, 0.0, 0.0, 0.0, 0.0, 0.0, 0.0, 0.0, 0.0], [0.0, 0.0, 0.0, 0.0, 0.0, 0.0, 0.0, 0.0, 0.0, 0.9811546353117336, 0.0, 1.0103605211489366, 0.0, 0.0, 0.0, 0.0, 0.0, 0.0, 0.0, 0.0, 0.0, 0.0, 0.0, 0.0, 0.0, 0.0, 0.0, 0.9727512196451394, 0.9727202007694962, 0.0, 0.0, 0.0, 0.0, 0.0], [0.0, 0.0, 0.0, 0.0, 0.0, 0.0, 0.0, 0.0, 0.0, 0.0, 1.0103605211489366, 0.0, 1.0155036793889276, 0.0, 0.0, 0.0, 0.0, 0.0, 0.0, 0.0, 0.0, 0.0, 0.0, 0.0, 0.0, 0.0, 0.0, 0.0, 0.0, 0.9772966783425536, 0.9772846254814007, 0.0, 0.0, 0.0], [0.0, 0.0, 0.0, 0.0, 0.0, 0.0, 0.0, 0.0, 0.0, 0.0, 0.0, 1.0155036793889276, 0.0, 0.0, 0.0, 0.0, 0.0, 0.0, 0.0, 0.0, 0.0, 0.0, 0.0, 0.0, 0.0, 0.0, 0.0, 0.0, 0.0, 0.0, 0.0, 0.9872396163953767, 0.9872417382779666, 0.985609081059005], [0.9869852300129096, 0.0, 0.0, 0.0, 0.0, 0.0, 0.0, 0.0, 0.0, 0.0, 0.0, 0.0, 0.0, 0.0, 0.0, 0.0, 0.0, 0.0, 0.0, 0.0, 0.0, 0.0, 0.0, 0.0, 0.0, 0.0, 0.0, 0.0, 0.0, 0.0, 0.0, 0.0, 0.0, 0.0], [0.9873851923199001, 0.0, 0.0, 0.0, 0.0, 0.0, 0.0, 0.0, 0.0, 0.0, 0.0, 0.0, 0.0, 0.0, 0.0, 0.0, 0.0, 0.0, 0.0, 0.0, 0.0, 0.0, 0.0, 0.0, 0.0, 0.0, 0.0, 0.0, 0.0, 0.0, 0.0, 0.0, 0.0, 0.0], [0.9875909508893903, 0.0, 0.0, 0.0, 0.0, 0.0, 0.0, 0.0, 0.0, 0.0, 0.0, 0.0, 0.0, 0.0, 0.0, 0.0, 0.0, 0.0, 0.0, 0.0, 0.0, 0.0, 0.0, 0.0, 0.0, 0.0, 0.0, 0.0, 0.0, 0.0, 0.0, 0.0, 0.0, 0.0], [0.0, 0.97752649119482, 0.0, 0.0, 0.0, 0.0, 0.0, 0.0, 0.0, 0.0, 0.0, 0.0, 0.0, 0.0, 0.0, 0.0, 0.0, 0.0, 0.0, 0.0, 0.0, 0.0, 0.0, 0.0, 0.0, 0.0, 0.0, 0.0, 0.0, 0.0, 0.0, 0.0, 0.0, 0.0], [0.0, 0.9778950329969934, 0.0, 0.0, 0.0, 0.0, 0.0, 0.0, 0.0, 0.0, 0.0, 0.0, 0.0, 0.0, 0.0, 0.0, 0.0, 0.0, 0.0, 0.0, 0.0, 0.0, 0.0, 0.0, 0.0, 0.0, 0.0, 0.0, 0.0, 0.0, 0.0, 0.0, 0.0, 0.0], [0.0, 0.0, 0.9755865662688099, 0.0, 0.0, 0.0, 0.0, 0.0, 0.0, 0.0, 0.0, 0.0, 0.0, 0.0, 0.0, 0.0, 0.0, 0.0, 0.0, 0.0, 0.0, 0.0, 0.0, 0.0, 0.0, 0.0, 0.0, 0.0, 0.0, 0.0, 0.0, 0.0, 0.0, 0.0], [0.0, 0.0, 0.9755302007965313, 0.0, 0.0, 0.0, 0.0, 0.0, 0.0, 0.0, 0.0, 0.0, 0.0, 0.0, 0.0, 0.0, 0.0, 0.0, 0.0, 0.0, 0.0, 0.0, 0.0, 0.0, 0.0, 0.0, 0.0, 0.0, 0.0, 0.0, 0.0, 0.0, 0.0, 0.0], [0.0, 0.0, 0.0, 0.9679159234004852, 0.0, 0.0, 0.0, 0.0, 0.0, 0.0, 0.0, 0.0, 0.0, 0.0, 0.0, 0.0, 0.0, 0.0, 0.0, 0.0, 0.0, 0.0, 0.0, 0.0, 0.0, 0.0, 0.0, 0.0, 0.0, 0.0, 0.0, 0.0, 0.0, 0.0], [0.0, 0.0, 0.0, 0.9699648938508076, 0.0, 0.0, 0.0, 0.0, 0.0, 0.0, 0.0, 0.0, 0.0, 0.0, 0.0, 0.0, 0.0, 0.0, 0.0, 0.0, 0.0, 0.0, 0.0, 0.0, 0.0, 0.0, 0.0, 0.0, 0.0, 0.0, 0.0, 0.0, 0.0, 0.0], [0.0, 0.0, 0.0, 0.0, 0.0, 0.9689365722386298, 0.0, 0.0, 0.0, 0.0, 0.0, 0.0, 0.0, 0.0, 0.0, 0.0, 0.0, 0.0, 0.0, 0.0, 0.0, 0.0, 0.0, 0.0, 0.0, 0.0, 0.0, 0.0, 0.0, 0.0, 0.0, 0.0, 0.0, 0.0], [0.0, 0.0, 0.0, 0.0, 0.0, 0.9649802829633559, 0.0, 0.0, 0.0, 0.0, 0.0, 0.0, 0.0, 0.0, 0.0, 0.0, 0.0, 0.0, 0.0, 0.0, 0.0, 0.0, 0.0, 0.0, 0.0, 0.0, 0.0, 0.0, 0.0, 0.0, 0.0, 0.0, 0.0, 0.0], [0.0, 0.0, 0.0, 0.0, 0.0, 0.0, 0.9834277013179376, 0.0, 0.0, 0.0, 0.0, 0.0, 0.0, 0.0, 0.0, 0.0, 0.0, 0.0, 0.0, 0.0, 0.0, 0.0, 0.0, 0.0, 0.0, 0.0, 0.0, 0.0, 0.0, 0.0, 0.0, 0.0, 0.0, 0.0], [0.0, 0.0, 0.0, 0.0, 0.0, 0.0, 0.985404079618769, 0.0, 0.0, 0.0, 0.0, 0.0, 0.0, 0.0, 0.0, 0.0, 0.0, 0.0, 0.0, 0.0, 0.0, 0.0, 0.0, 0.0, 0.0, 0.0, 0.0, 0.0, 0.0, 0.0, 0.0, 0.0, 0.0, 0.0], [0.0, 0.0, 0.0, 0.0, 0.0, 0.0, 0.985408860864739, 0.0, 0.0, 0.0, 0.0, 0.0, 0.0, 0.0, 0.0, 0.0, 0.0, 0.0, 0.0, 0.0, 0.0, 0.0, 0.0, 0.0, 0.0, 0.0, 0.0, 0.0, 0.0, 0.0, 0.0, 0.0, 0.0, 0.0], [0.0, 0.0, 0.0, 0.0, 0.0, 0.0, 0.0, 0.0, 0.0, 0.0, 0.9727512196451394, 0.0, 0.0, 0.0, 0.0, 0.0, 0.0, 0.0, 0.0, 0.0, 0.0, 0.0, 0.0, 0.0, 0.0, 0.0, 0.0, 0.0, 0.0, 0.0, 0.0, 0.0, 0.0, 0.0], [0.0, 0.0, 0.0, 0.0, 0.0, 0.0, 0.0, 0.0, 0.0, 0.0, 0.9727202007694962, 0.0, 0.0, 0.0, 0.0, 0.0, 0.0, 0.0, 0.0, 0.0, 0.0, 0.0, 0.0, 0.0, 0.0, 0.0, 0.0, 0.0, 0.0, 0.0, 0.0, 0.0, 0.0, 0.0], [0.0, 0.0, 0.0, 0.0, 0.0, 0.0, 0.0, 0.0, 0.0, 0.0, 0.0, 0.9772966783425536, 0.0, 0.0, 0.0, 0.0, 0.0, 0.0, 0.0, 0.0, 0.0, 0.0, 0.0, 0.0, 0.0, 0.0, 0.0, 0.0, 0.0, 0.0, 0.0, 0.0, 0.0, 0.0], [0.0, 0.0, 0.0, 0.0, 0.0, 0.0, 0.0, 0.0, 0.0, 0.0, 0.0, 0.9772846254814007, 0.0, 0.0, 0.0, 0.0, 0.0, 0.0, 0.0, 0.0, 0.0, 0.0, 0.0, 0.0, 0.0, 0.0, 0.0, 0.0, 0.0, 0.0, 0.0, 0.0, 0.0, 0.0], [0.0, 0.0, 0.0, 0.0, 0.0, 0.0, 0.0, 0.0, 0.0, 0.0, 0.0, 0.0, 0.9872396163953767, 0.0, 0.0, 0.0, 0.0, 0.0, 0.0, 0.0, 0.0, 0.0, 0.0, 0.0, 0.0, 0.0, 0.0, 0.0, 0.0, 0.0, 0.0, 0.0, 0.0, 0.0], [0.0, 0.0, 0.0, 0.0, 0.0, 0.0, 0.0, 0.0, 0.0, 0.0, 0.0, 0.0, 0.9872417382779666, 0.0, 0.0, 0.0, 0.0, 0.0, 0.0, 0.0, 0.0, 0.0, 0.0, 0.0, 0.0, 0.0, 0.0, 0.0, 0.0, 0.0, 0.0, 0.0, 0.0, 0.0], [0.0, 0.0, 0.0, 0.0, 0.0, 0.0, 0.0, 0.0, 0.0, 0.0, 0.0, 0.0, 0.985609081059005, 0.0, 0.0, 0.0, 0.0, 0.0, 0.0, 0.0, 0.0, 0.0, 0.0, 0.0, 0.0, 0.0, 0.0, 0.0, 0.0, 0.0, 0.0, 0.0, 0.0, 0.0]], "Born radii": [], "Atomic SASAs": [], "Solvent H bonds": [], "Total SASA": NaN, "Total FOD": 0.0, "FOD": [0.0, 0.0, 0.0, 0.0, 0.0, 0.0, 0.0, 0.0, 0.0, 0.0, 0.0, 0.0, 0.0, 0.0, 0.0, 0.0, 0.0, 0.0, 0.0, 0.0, 0.0, 0.0, 0.0, 0.0, 0.0, 0.0, 0.0, 0.0, 0.0, 0.0, 0.0, 0.0, 0.0, 0.0], "FOD s proportion": [0.0, 0.0, 0.0, 0.0, 0.0, 0.0, 0.0, 0.0, 0.0, 0.0, 0.0, 0.0, 0.0, 0.0, 0.0, 0.0, 0.0, 0.0, 0.0, 0.0, 0.0, 0.0, 0.0, 0.0, 0.0, 0.0, 0.0, 0.0, 0.0, 0.0, 0.0, 0.0, 0.0, 0.0], "FOD p proportion": [0.0, 0.0, 0.0, 0.0, 0.0, 0.0, 0.0, 0.0, 0.0, 0.0, 0.0, 0.0, 0.0, 0.0, 0.0, 0.0, 0.0, 0.0, 0.0, 0.0, 0.0, 0.0, 0.0, 0.0, 0.0, 0.0, 0.0, 0.0, 0.0, 0.0, 0.0, 0.0, 0.0, 0.0], "FOD d proportion": [0.0, 0.0, 0.0, 0.0, 0.0, 0.0, 0.0, 0.0, 0.0, 0.0, 0.0, 0.0, 0.0, 0.0, 0.0, 0.0, 0.0, 0.0, 0.0, 0.0, 0.0, 0.0, 0.0, 0.0, 0.0, 0.0, 0.0, 0.0, 0.0, 0.0, 0.0, 0.0, 0.0, 0.0], "coordinates": [["-4.54460", "1.97350", "1.31840"], ["-3.89960", "1.17320", "0.19820"], ["-2.56530", "0.57170", "0.63640"], ["-1.92090", "-0.23310", "-0.49390"], ["-0.64350", "-0.81420", "-0.08190"], ["-0.69050", "-2.15560", "0.51040"], ["-0.56220", "-3.24560", "-0.54270"], ["0.50240", "-0.04370", "-0.27180"], ["0.47660", "1.09330", "-0.73150"], ["2.03500", "-0.78350", "0.17620"], ["3.16450", "0.57100", "-0.25940"], ["4.60460", "0.16510", "0.04430"], ["5.57520", "1.28210", "-0.31110"], ["-5.49750", "2.39480", "0.98310"], ["-3.89920", "2.80030", "1.63170"], ["-4.74060", "1.34090", "2.18990"], ["-3.74670", "1.82680", "-0.66860"], ["-4.58340", "0.37510", "-0.11340"], ["-2.72050", "-0.07390", "1.50950"], ["-1.88620", "1.37170", "0.95600"], ["-1.75950", "0.41730", "-1.36180"], ["-2.58520", "-1.04020", "-0.82390"], ["-1.64160", "-2.26590", "1.04400"], ["0.09450", "-2.27000", "1.26290"], ["-0.60440", "-4.23320", "-0.07300"], ["-1.37350", "-3.18230", "-1.27510"], ["0.38290", "-3.16700", "-1.08860"], ["2.89780", "1.46290", "0.31770"], ["3.05780", "0.80130", "-1.32480"], ["4.71820", "-0.07360", "1.10880"], ["4.87730", "-0.73180", "-0.52520"], ["5.51750", "1.52770", "-1.37630"], ["5.35790", "2.18820", "0.26340"], ["6.60240", "0.97670", "-0.08810"]], "bond_dist": [[0.0, 1.5203134972761376, 2.519483226774888, 3.8777978982922767, 4.9950668253788155, 5.705823132555022, 6.823650619719624, 5.663041663276017, 5.494478272775314, 7.224735704508505, 7.992914480963749, 9.41283708612871, 10.27344422528297, 1.0945036272210336, 1.0946672051358803, 1.0945825734041266, 2.1462372422451343, 2.1462616895430062, 2.7487645915938312, 2.749652261650553, 4.1667748307293975, 4.184624874466049, 5.145407342475424, 6.287417698069693, 7.482265358165266, 6.585164470231552, 7.516558088646691, 7.5267144631638585, 8.133698103568879, 9.488625527967683, 9.974452800028681, 10.426217057974576, 9.960854749468039, 11.279515126546885], [1.5203134972761376, 0.0, 1.5278016821564242, 2.524269357655795, 3.8249708469477253, 4.634296180651384, 5.586856451529787, 4.591225284169793, 4.4745784762366165, 6.248890785571468, 7.104474041757067, 8.565125128099412, 9.489103263217237, 2.159087534121764, 2.1684964422382618, 2.168472545364594, 1.0963182065440673, 1.0961936918264035, 2.1598710401317947, 2.1604264972453935, 2.7540901982324395, 2.76974282741196, 4.200160764780319, 5.3797813282697655, 6.337274922235897, 5.24615805613975, 6.231612674902059, 6.804619982041612, 7.131847822969865, 8.755008820098356, 9.010344397968371, 9.554396522543954, 9.31320472716025, 10.507739240198152], [2.519483226774888, 1.5278016821564242, 0.0, 1.5298798939786091, 2.475881447081019, 3.31193543566296, 4.469280222809932, 3.257963733683971, 3.3758513859469588, 4.817791109004209, 5.79940222522977, 7.205787394865324, 8.226187735518804, 3.4701140240631863, 2.781468903295523, 2.7815393184350277, 2.1619451820062414, 2.161846250314763, 1.0969001823320115, 1.0969598762033186, 2.1600824613889165, 2.175107746756468, 3.0118654036991757, 3.942372024555775, 5.237885182017643, 4.377983039026076, 5.064127361155127, 5.544480926110217, 5.959721068137333, 7.327274124802484, 7.644653136016049, 8.384303974093498, 8.095016954275017, 9.205196822447633], [3.8777978982922767, 2.524269357655795, 1.5298798939786091, 0.0, 1.4625908416231794, 2.4936938264349937, 3.3050874995981574, 2.440816187261958, 2.7502358026176594, 4.049829500114789, 5.153916978376738, 6.559754014442919, 7.649886410267803, 4.6775479655477605, 4.199209664925056, 4.19892444918934, 2.758125040675277, 2.7574614666391986, 2.1629415988417255, 2.1630527362965517, 1.0965037756432943, 1.0961774035255425, 2.5642583216205033, 3.3611225818169737, 4.232154187881155, 3.099629145559191, 3.7774239555548963, 5.172521652927129, 5.1524588169145025, 6.831671563387691, 6.8165390499871705, 7.694728127750843, 7.70825054211395, 8.618290582824416], [4.9950668253788155, 3.8249708469477253, 2.475881447081019, 1.4625908416231794, 0.0, 1.4670999454706555, 2.4760154058486794, 1.3938504475014526, 2.3054631682158795, 2.69108163198369, 4.056001638313278, 5.340178699257169, 6.566523891679676, 5.915506909809166, 5.157578666389878, 5.156719854713846, 4.116910022091811, 4.115609159043166, 2.719287967465013, 2.720238686218546, 2.0976635240190453, 2.0908942799673063, 2.090762375307151, 2.1148249762096154, 3.4192351513167387, 2.7503679481116703, 2.7572830268218746, 4.229145334461799, 4.225430433695483, 5.542028666472234, 5.539182005495035, 6.716985035713567, 6.719407697855519, 7.463941858026495], [5.705823132555022, 4.634296180651384, 3.31193543566296, 2.4936938264349937, 1.4670999454706555, 0.0, 1.5210458572968797, 2.548522878060937, 3.668758540705561, 3.0696413959940014, 4.784136766439689, 5.800084629554985, 7.193861274030796, 6.636025501005854, 6.009493671683164, 5.607989168142178, 5.156540429396438, 4.684894805649322, 3.0745041388815855, 3.7510136150112814, 3.3567407183159084, 2.5718401466654184, 1.0961232868614734, 1.093420600683927, 2.159673709151454, 2.169933671797366, 2.1752973405950735, 5.099663952654136, 5.114779520174843, 5.8263918723340264, 5.839526576701231, 7.4609382640523165, 7.450687887705403, 7.95964169733789], [6.823650619719624, 5.586856451529787, 4.469280222809932, 3.3050874995981574, 2.4760154058486794, 1.5210458572968797, 0.0, 3.3851031860195935, 4.465512746594729, 3.6502330692710565, 5.341814985564364, 6.21878329981034, 7.630293874419254, 7.648487686464559, 7.239923422937565, 6.779536235613761, 5.990503553124729, 5.428058255030062, 4.350800457387123, 5.031752873502434, 3.9397066527852047, 3.005892812460218, 2.154653879396874, 2.1548182313132584, 1.094418882329796, 1.0948170349423687, 1.0942571818361533, 5.90608672557388, 5.485752457047256, 6.377433685268707, 5.992299803915021, 7.774447500626652, 8.076110676557127, 8.328623632389688], [5.663041663276017, 4.591225284169793, 3.257963733683971, 2.440816187261958, 1.3938504475014526, 2.548522878060937, 3.3851031860195935, 0.0, 1.2266860763862937, 1.759792828715926, 2.7321761034018284, 4.1196555062286455, 5.243337674611468, 6.596958107340079, 5.575457901374559, 5.9553449144445025, 4.659514062646448, 5.105472127041729, 3.682529855955006, 3.0358293693816196, 2.5528048515309583, 3.2910637216559633, 3.3565217830367198, 2.734611158830447, 4.337791826494213, 3.791625200359339, 3.2305487738153715, 2.8905527101231003, 2.8901389516768905, 4.436205586985347, 4.435926417333814, 5.370330177931335, 5.370632821185973, 6.1874842908891505], [5.494478272775314, 4.4745784762366165, 3.3758513859469588, 2.7502358026176594, 2.3054631682158795, 3.668758540705561, 4.465512746594729, 1.2266860763862937, 0.0, 2.6028653614814576, 2.77857555412841, 4.3016049190970564, 5.119385076354385, 6.35008867812096, 5.2579643285210675, 5.984568452277909, 4.286985135266975, 5.147956764581459, 4.075031932390224, 2.9168453250043958, 2.4195861836272745, 3.732958511690158, 4.350103002228797, 3.9287935374615954, 5.474832006555087, 4.690322625363845, 4.27626661820799, 2.664513884369905, 2.664556685454449, 4.7685983538142525, 4.768617219907674, 5.100504211350089, 5.100560921114461, 6.160599383176932], [7.224735704508505, 6.248890785571468, 4.817791109004209, 4.049829500114789, 2.69108163198369, 3.0696413959940014, 3.6502330692710565, 1.759792828715926, 2.6028653614814576, 0.0, 1.8166419184858635, 2.7422771067125944, 4.1276119839442265, 8.215304909131493, 7.083560709840779, 7.380841307737215, 6.399641241507215, 6.72528368769675, 4.9895892917153, 4.541892173973309, 4.2668014823752936, 4.734167607932783, 4.058075179195181, 2.6750961459356932, 4.350742820484796, 4.413432380812014, 3.163894072183833, 2.410551606997867, 2.4105418229103597, 2.9280134921137235, 2.9280205156385084, 4.458666610097687, 4.458729543266782, 4.901969123729769], [7.992914480963749, 7.104474041757067, 5.79940222522977, 5.153916978376738, 4.056001638313278, 4.784136766439689, 5.341814985564364, 2.7321761034018284, 2.77857555412841, 1.8166419184858635, 0.0, 1.526720835647434, 2.5139233460867496, 8.938696587870067, 7.64472990955207, 8.311583634302188, 7.036274846820582, 7.751751235688617, 6.17884521735251, 5.256223752847665, 5.048235875035951, 5.997805913832157, 5.731095041961876, 4.4512445776434255, 6.1089843517560265, 5.975981206463086, 4.732601314287947, 1.095289418373062, 1.095216937414684, 2.168285979754516, 2.1683222362001455, 2.7747701706627885, 2.7748259837330345, 3.465990852555731], [9.41283708612871, 8.565125128099412, 7.205787394865324, 6.559754014442919, 5.340178699257169, 5.800084629554985, 6.21878329981034, 4.1196555062286455, 4.3016049190970564, 2.7422771067125944, 1.526720835647434, 0.0, 1.5218615311518982, 10.387749127698456, 9.043159416929461, 9.660169151728141, 8.54480456125241, 9.191752460222151, 7.47402315021836, 6.664650410186568, 6.522460491256348, 7.3416444595199515, 6.776737823613955, 5.268367866806568, 6.818539666233526, 6.977362161304227, 5.4962808980255, 2.161526923265125, 2.161429038853693, 1.0968331231322295, 1.096870616800359, 2.169831682412256, 2.169884630573709, 2.160423375174413], [10.27344422528297, 9.489103263217237, 8.226187735518804, 7.649886410267803, 6.566523891679676, 7.193861274030796, 7.630293874419254, 5.243337674611468, 5.119385076354385, 4.1276119839442265, 2.5139233460867496, 1.5218615311518982, 0.0, 11.20347000799306, 9.789977448390777, 10.614809846624668, 9.344641456471189, 10.200925852588087, 8.600695253873374, 7.568755546983929, 7.459870884941642, 8.499892310494293, 8.155170277192253, 6.7181070920312065, 8.286294820967933, 8.315322907139565, 6.881785840172593, 2.7561837456889546, 2.756094898583864, 2.142075512207728, 2.1421242797746354, 1.0946687581181809, 1.0946628476384865, 1.0945949022355261], [1.0945036272210336, 2.159087534121764, 3.4701140240631863, 4.6775479655477605, 5.915506909809166, 6.636025501005854, 7.648487686464559, 6.596958107340079, 6.35008867812096, 8.215304909131493, 8.938696587870067, 10.387749127698456, 11.20347000799306, 0.0, 1.7719128364566918, 1.771995784419365, 2.4730623789140456, 2.4732729630997063, 3.7527730613507657, 3.753525770525626, 4.8354633966146405, 4.852418499057969, 6.049280792788512, 7.287599816126019, 8.305911077058314, 7.294579333313196, 8.354918568723456, 8.473031149476554, 9.003266226764595, 10.510438884271199, 10.940158659269983, 11.298179312172383, 10.88119298652496, 12.229720236374993], [1.0946672051358803, 2.1684964422382618, 2.781468903295523, 4.199209664925056, 5.157578666389878, 6.009493671683164, 7.239923422937565, 5.575457901374559, 5.2579643285210675, 7.083560709840779, 7.64472990955207, 9.043159416929461, 9.789977448390777, 1.7719128364566918, 0.0, 1.774651954609692, 2.502466501274293, 3.0651425236031034, 3.1089053009057706, 2.559225947430199, 4.3838393378407465, 4.744049705683953, 5.5775022626620245, 6.464796610876478, 7.951844526900661, 7.114783868115741, 7.832310118349502, 7.050847024294316, 7.818998800997478, 9.099027881043117, 9.703344798058039, 9.967036352396835, 9.377676242545377, 10.796612040820953], [1.0945825734041266, 2.168472545364594, 2.7815393184350277, 4.19892444918934, 5.156719854713846, 5.607989168142178, 6.779536235613761, 5.9553449144445025, 5.984568452277909, 7.380841307737215, 8.311583634302188, 9.660169151728141, 10.614809846624668, 1.771995784419365, 1.774651954609692, 0.0, 3.065119617567967, 2.502533190589088, 2.55839934529385, 3.10983234435556, 4.7280616599194225, 4.404358842101765, 4.891410231211444, 6.10541725191653, 7.300647756192596, 6.618377871502956, 7.570995767400745, 7.865441589637546, 8.57084166287069, 9.624888825331958, 10.206461370622042, 10.86191936491889, 10.315474869825431, 11.57521380536878], [2.1462372422451343, 1.0963182065440673, 2.1619451820062414, 2.758125040675277, 4.116910022091811, 5.156540429396438, 5.990503553124729, 4.659514062646448, 4.286985135266975, 6.399641241507215, 7.036274846820582, 8.54480456125241, 9.344641456471189, 2.4730623789140456, 2.502466501274293, 3.065119617567967, 0.0, 1.7651478181727445, 3.0675505766001643, 2.5115535869258294, 2.5330180279658494, 3.097238986581436, 4.910665745089967, 5.938794484573447, 6.852181305978411, 5.575930711549418, 6.493691908306091, 6.7271532723730925, 6.91255878383685, 8.855800524514992, 8.996686807931018, 9.296004611659786, 9.15931084307111, 10.400169280833847], [2.1462616895430062, 1.0961936918264035, 2.161846250314763, 2.7574614666391986, 4.115609159043166, 4.684894805649322, 5.428058255030062, 5.105472127041729, 5.147956764581459, 6.72528368769675, 7.751751235688617, 9.191752460222151, 10.200925852588087, 2.4732729630997063, 3.0651425236031034, 2.502533190589088, 1.7651478181727445, 0.0, 2.5111355638435775, 3.0678519781762614, 3.087830081141124, 2.5496445987627374, 4.119301275701985, 5.547387142610474, 6.088555005089467, 4.930324498448353, 6.17750946093974, 7.572153556947984, 7.748359428937199, 9.392276991762968, 9.534130864425975, 10.24458803368881, 10.112307132400597, 11.201994656756447], [2.7487645915938312, 2.1598710401317947, 1.0969001823320115, 2.1629415988417255, 2.719287967465013, 3.0745041388815855, 4.350800457387123, 3.682529855955006, 4.075031932390224, 4.9895892917153, 6.17884521735251, 7.47402315021836, 8.600695253873374, 3.7527730613507657, 3.1089053009057706, 2.55839934529385, 3.0675505766001643, 2.5111355638435775, 0.0, 1.7584590128859985, 3.0674357580885045, 2.5291890676657607, 2.48708251974075, 3.57881150244044, 4.927673076615371, 4.385265866512543, 5.093965329681779, 5.945371003562352, 6.495227664986039, 7.449484429811235, 7.8929969808685465, 8.874548337802889, 8.4811796455446, 9.516961202505767], [2.749652261650553, 2.1604264972453935, 1.0969598762033186, 2.1630527362965517, 2.720238686218546, 3.7510136150112814, 5.031752873502434, 3.0358293693816196, 2.9168453250043958, 4.541892173973309, 5.256223752847665, 6.664650410186568, 7.568755546983929, 3.753525770525626, 2.559225947430199, 3.10983234435556, 2.5115535869258294, 3.0678519781762614, 1.7584590128859985, 0.0, 2.509806584181339, 3.077971185700087, 3.6468763236501456, 4.156842430258814, 5.840955080292948, 5.097017215980342, 5.470740503807505, 4.8272559834754984, 5.474535669807988, 6.762421111554648, 7.236269614932821, 7.7639379814627585, 7.322796721198807, 8.561687904262804], [4.1667748307293975, 2.7540901982324395, 2.1600824613889165, 1.0965037756432943, 2.0976635240190453, 3.3567407183159084, 3.9397066527852047, 2.5528048515309583, 2.4195861836272745, 4.2668014823752936, 5.048235875035951, 6.522460491256348, 7.459870884941642, 4.8354633966146405, 4.3838393378407465, 4.7280616599194225, 2.5330180279658494, 3.087830081141124, 3.0674357580885045, 2.509806584181339, 0.0, 1.7593814680165298, 3.6057365807834603, 4.189027020681533, 4.962097510126136, 3.6212750585946933, 4.1847010036560555, 5.0600832898283405, 4.832722244242886, 6.950211828426527, 6.787300244574421, 7.361244963319724, 7.512306211144484, 8.47682792440663], [4.184624874466049, 2.76974282741196, 2.175107746756468, 1.0961774035255425, 2.0908942799673063, 2.5718401466654184, 3.005892812460218, 3.2910637216559633, 3.732958511690158, 4.734167607932783, 5.997805913832157, 7.3416444595199515, 8.499892310494293, 4.852418499057969, 4.744049705683953, 4.404358842101765, 3.097238986581436, 2.5496445987627374, 2.5291890676657607, 3.077971185700087, 1.7593814680165298, 0.0, 2.4252364544514005, 3.6121924602656486, 3.831797026200631, 2.5020772849774247, 3.661005591364208, 6.134496651722944, 5.9569683615073865, 7.616383420626879, 7.474840366188432, 8.517805084644753, 8.642778804296682, 9.435108955915666], [5.145407342475424, 4.200160764780319, 3.0118654036991757, 2.5642583216205033, 2.090762375307151, 1.0961232868614734, 2.154653879396874, 3.3565217830367198, 4.350103002228797, 4.058075179195181, 5.731095041961876, 6.776737823613955, 8.155170277192253, 6.049280792788512, 5.5775022626620245, 4.891410231211444, 4.910665745089967, 4.119301275701985, 2.48708251974075, 3.6468763236501456, 3.6057365807834603, 2.4252364544514005, 0.0, 1.749850630768238, 2.4887229918172897, 2.507965585888291, 3.075477884817252, 5.919257849595674, 6.091246969217387, 6.727364593211817, 6.878365260728744, 8.455883505583554, 8.333147269789487, 8.930825335320359], [6.287417698069693, 5.3797813282697655, 3.942372024555775, 3.3611225818169737, 2.1148249762096154, 1.093420600683927, 2.1548182313132584, 2.734611158830447, 3.9287935374615954, 2.6750961459356932, 4.4512445776434255, 5.268367866806568, 6.7181070920312065, 7.287599816126019, 6.464796610876478, 6.10541725191653, 5.938794484573447, 5.547387142610474, 3.57881150244044, 4.156842430258814, 4.189027020681533, 3.6121924602656486, 1.749850630768238, 0.0, 2.475327101617077, 3.0706284845288594, 2.5332461013490177, 4.763028064162545, 4.991014112382373, 5.12118359952072, 5.332779452593178, 7.127189553393399, 6.969786729161804, 7.3972308535018705], [7.482265358165266, 6.337274922235897, 5.237885182017643, 4.232154187881155, 3.4192351513167387, 2.159673709151454, 1.094418882329796, 4.337791826494213, 5.474832006555087, 4.350742820484796, 6.1089843517560265, 6.818539666233526, 8.286294820967933, 8.305911077058314, 7.951844526900661, 7.300647756192596, 6.852181305978411, 6.088555005089467, 4.927673076615371, 5.840955080292948, 4.962097510126136, 3.831797026200631, 2.4887229918172897, 2.475327101617077, 0.0, 1.7722725608664147, 1.7728471705141424, 6.698030049201034, 6.3501891570251665, 6.857768890827395, 6.520224052131952, 8.5067161296237, 8.769068605615992, 8.892764039374935], [6.585164470231552, 5.24615805613975, 4.377983039026076, 3.099629145559191, 2.7503679481116703, 2.169933671797366, 1.0948170349423687, 3.791625200359339, 4.690322625363845, 4.413432380812014, 5.975981206463086, 6.977362161304227, 8.315322907139565, 7.294579333313196, 7.114783868115741, 6.618377871502956, 5.575930711549418, 4.930324498448353, 4.385265866512543, 5.097017215980342, 3.6212750585946933, 2.5020772849774247, 2.507965585888291, 3.0706284845288594, 1.7722725608664147, 0.0, 1.766340086166874, 6.5083714222530356, 5.958855489101913, 7.242637902725774, 6.755723565984624, 8.347468025694978, 8.747628161964819, 9.073104805412534], [7.516558088646691, 6.231612674902059, 5.064127361155127, 3.7774239555548963, 2.7572830268218746, 2.1752973405950735, 1.0942571818361533, 3.2305487738153715, 4.27626661820799, 3.163894072183833, 4.732601314287947, 5.4962808980255, 6.881785840172593, 8.354918568723456, 7.832310118349502, 7.570995767400745, 6.493691908306091, 6.17750946093974, 5.093965329681779, 5.470740503807505, 4.1847010036560555, 3.661005591364208, 3.075477884817252, 2.5332461013490177, 1.7728471705141424, 1.766340086166874, 0.0, 5.453290356289494, 4.791480495629717, 5.761294681753399, 5.142688981457074, 6.963267662527414, 7.433484784406301, 7.54012136440787], [7.5267144631638585, 6.804619982041612, 5.544480926110217, 5.172521652927129, 4.229145334461799, 5.099663952654136, 5.90608672557388, 2.8905527101231003, 2.664513884369905, 2.410551606997867, 1.095289418373062, 2.161526923265125, 2.7561837456889546, 8.473031149476554, 7.050847024294316, 7.865441589637546, 6.7271532723730925, 7.572153556947984, 5.945371003562352, 4.8272559834754984, 5.0600832898283405, 6.134496651722944, 5.919257849595674, 4.763028064162545, 6.698030049201034, 6.5083714222530356, 5.453290356289494, 0.0, 1.7779541079566705, 2.510085181821526, 3.0733709099293565, 3.1203626600124545, 2.5653655860325246, 3.7583407562380504], [8.133698103568879, 7.131847822969865, 5.959721068137333, 5.1524588169145025, 4.225430433695483, 5.114779520174843, 5.485752457047256, 2.8901389516768905, 2.664556685454449, 2.4105418229103597, 1.095216937414684, 2.161429038853693, 2.756094898583864, 9.003266226764595, 7.818998800997478, 8.57084166287069, 6.91255878383685, 7.748359428937199, 6.495227664986039, 5.474535669807988, 4.832722244242886, 5.9569683615073865, 6.091246969217387, 4.991014112382373, 6.3501891570251665, 5.958855489101913, 4.791480495629717, 1.7779541079566705, 0.0, 3.073237239459395, 2.510047015495925, 2.5652355252490953, 3.120309417349504, 3.7582417710945637], [9.488625527967683, 8.755008820098356, 7.327274124802484, 6.831671563387691, 5.542028666472234, 5.8263918723340264, 6.377433685268707, 4.436205586985347, 4.7685983538142525, 2.9280134921137235, 2.168285979754516, 1.0968331231322295, 2.142075512207728, 10.510438884271199, 9.099027881043117, 9.624888825331958, 8.855800524514992, 9.392276991762968, 7.449484429811235, 6.762421111554648, 6.950211828426527, 7.616383420626879, 6.727364593211817, 5.12118359952072, 6.857768890827395, 7.242637902725774, 5.761294681753399, 2.510085181821526, 3.073237239459395, 0.0, 1.7687555088253435, 3.062476806442785, 2.497930441385428, 2.466963587084333], [9.974452800028681, 9.010344397968371, 7.644653136016049, 6.8165390499871705, 5.539182005495035, 5.839526576701231, 5.992299803915021, 4.435926417333814, 4.768617219907674, 2.9280205156385084, 2.1683222362001455, 1.096870616800359, 2.1421242797746354, 10.940158659269983, 9.703344798058039, 10.206461370622042, 8.996686807931018, 9.534130864425975, 7.8929969808685465, 7.236269614932821, 6.787300244574421, 7.474840366188432, 6.878365260728744, 5.332779452593178, 6.520224052131952, 6.755723565984624, 5.142688981457074, 3.0733709099293565, 2.510047015495925, 1.7687555088253435, 0.0, 2.497912628576108, 3.062558786374557, 2.466981692270942], [10.426217057974576, 9.554396522543954, 8.384303974093498, 7.694728127750843, 6.716985035713567, 7.4609382640523165, 7.774447500626652, 5.370330177931335, 5.100504211350089, 4.458666610097687, 2.7747701706627885, 2.169831682412256, 1.0946687581181809, 11.298179312172383, 9.967036352396835, 10.86191936491889, 9.296004611659786, 10.24458803368881, 8.874548337802889, 7.7639379814627585, 7.361244963319724, 8.517805084644753, 8.455883505583554, 7.127189553393399, 8.5067161296237, 8.347468025694978, 6.963267662527414, 3.1203626600124545, 2.5652355252490953, 3.062476806442785, 2.497912628576108, 0.0, 1.7749221109671265, 1.7720237724139032], [9.960854749468039, 9.31320472716025, 8.095016954275017, 7.70825054211395, 6.719407697855519, 7.450687887705403, 8.076110676557127, 5.370632821185973, 5.100560921114461, 4.458729543266782, 2.7748259837330345, 2.169884630573709, 1.0946628476384865, 10.88119298652496, 9.377676242545377, 10.315474869825431, 9.15931084307111, 10.112307132400597, 8.4811796455446, 7.322796721198807, 7.512306211144484, 8.642778804296682, 8.333147269789487, 6.969786729161804, 8.769068605615992, 8.747628161964819, 7.433484784406301, 2.5653655860325246, 3.120309417349504, 2.497930441385428, 3.062558786374557, 1.7749221109671265, 0.0, 1.7720227848422268], [11.27