{"total energy": -11.3092405, "HOMO-LUMO gap/eV": 4.44899469, "electronic energy": -11.35303792, "dipole": [-0.03179856, -1.26839167, 0.0276415], "partial charges": [-0.12587152, 0.08267315, -0.12589317, 0.08455234, 0.0845392], "atomic dipole moments": [[-0.59402345, -0.29205095, 0.00777852], [0.00436623, 0.17498061, -0.00384788], [0.57844951, -0.32122099, 0.00559783], [-0.0018382, -0.06597867, -0.11182177], [-0.00129786, -0.06106047, 0.11462131]], "atomic quadrupole moments": [[0.63783925, 0.59679617, -0.1033586, -0.0157727, -0.01080088, -0.53448065], [0.3681299, -0.0082656, 0.03714936, -0.0016735, -0.00957849, -0.40527926], [0.57651397, -0.63083233, -0.04195945, 0.01103095, -0.00918818, -0.53455452], [0.02997051, -0.00098881, -0.01298316, 0.00083236, 0.03628927, -0.01698735], [0.02998754, -0.00120606, -0.01613515, -0.00100033, -0.03628603, -0.01385239]], "number of molecular orbitals": 24, "number of electrons": 20, "number of unpaired electrons": 0, "orbital energies/eV": [-23.55288967, -23.4434411, -17.68613158, -15.45732354, -14.82088527, -14.57205863, -12.01312416, -11.99097431, -11.83666112, -11.73547556, -7.28648087, -6.09706432, 0.01474681, 0.03653333, 0.05565862, 0.35976402, 0.47044601, 0.70213131, 0.79550668, 1.16265072, 3.32384307, 4.98753, 8.11427779, 12.07852555], "fractional occupation": [2.0, 2.0, 2.0, 2.0, 2.0, 2.0, 2.0, 2.0, 2.0, 2.0, 0.0, 0.0, 0.0, 0.0, 0.0, 0.0, 0.0, 0.0, 0.0, 0.0, 0.0, 0.0, 0.0, 0.0], "program call": "xtb /home/svss/Project-DBcg-Debug/aqme2_20220329/End-to-End-workflows-final/example-3/QDESCP/mol_615_rdkit_conf_1/mol_615_rdkit_conf_1.xyz --pop --wbo --acc 0.2 --gfn 2 --chrg 0 --uhf 0 --etemp 300 --input /home/svss/Project-DBcg-Debug/aqme2_20220329/End-to-End-workflows-final/example-3/QDESCP/mol_615_rdkit_conf_1/mol_615_rdkit_conf_1_xtb.inp", "method": "GFN2-xTB", "xtb version": "6.3.3 (7355c4f)", "Dipole module/D": 3.226, "Total charge": 0, "Transition dipole module/D": NaN, "HOMO": -11.7355, "LUMO": -7.2865, "HOMO occupancy": 2.0, "LUMO occupancy": 0, "mulliken charges": [-0.07692, 0.08874, -0.07693, 0.03256, 0.03255], "cm5 charges": [-0.07013, -0.03222, -0.07014, 0.08625, 0.08623], "FUKUI+": [-0.336, -0.03, -0.336, -0.149, -0.149], "FUKUI-": [-0.387, 0.045, -0.387, -0.135, -0.135], "FUKUIrad": [-0.362, 0.008, -0.362, -0.142, -0.142], "s proportion": [1.953, 1.077, 1.953, 0.967, 0.967], "p proportion": [5.126, 2.834, 5.126, 0.0, 0.0], "d proportion": [-0.002, 0.0, -0.002, 0.0, 0.0], "Fermi-level/eV": -9.511, "Coordination numbers": [1.165, 3.68, 1.165, 0.927, 0.927], "Dispersion coefficient C6": [188.522, 19.41, 188.522, 1.932, 1.933], "Total dispersion C6": 1198.492347, "Total dispersion C8": 63285.114133, "Polarizability alpha": [22.138, 6.31, 22.138, 2.174, 2.174], "Total polarizability alpha": 54.934619, "Wiberg matrix": [[0.0, 0.9982930250303329, 0.0, 0.0, 0.0], [0.9982930250303329, 0.0, 0.9982647197291763, 0.9747183879161878, 0.9747111820226632], [0.0, 0.9982647197291763, 0.0, 0.0, 0.0], [0.0, 0.9747183879161878, 0.0, 0.0, 0.0], [0.0, 0.9747111820226632, 0.0, 0.0, 0.0]], "Born radii": [], "Atomic SASAs": [], "Solvent H bonds": [], "Total SASA": NaN, "Total FOD": 0.0, "FOD": [0.0, 0.0, 0.0, 0.0, 0.0], "FOD s proportion": [0.0, 0.0, 0.0, 0.0, 0.0], "FOD p proportion": [0.0, 0.0, 0.0, 0.0, 0.0], "FOD d proportion": [0.0, 0.0, 0.0, 0.0, 0.0], "coordinates": [["1.63730", "0.84440", "-0.02230"], ["-0.00440", "-0.17640", "0.00380"], ["-1.59320", "0.92520", "-0.01630"], ["-0.02200", "-0.81610", "-0.88020"], ["-0.01770", "-0.77710", "0.91500"]], "bond_dist": [[0.0, 1.9333630647139197, 3.231515881130712, 2.499305733598833, 2.4993636270058825], [1.9333630647139197, 0.0, 1.9334456315086803, 1.0913211488833157, 1.0914681946809077], [3.231515881130712, 1.9334456315086803, 0.0, 2.4994236015529663, 2.4994689896055924], [2.499305733598833, 1.0913211488833157, 2.4994236015529663, 0.0, 1.7956287283288825], [2.4993636270058825, 1.0914681946809077, 2.4994689896055924, 1.7956287283288825, 0.0]]}