{"total energy": -37.60449071, "HOMO-LUMO gap/eV": 3.45312198, "electronic energy": -38.23519294, "dipole": [-0.00529242, -0.00443909, 0.75252708], "partial charges": [-0.12161404, -0.1216134, 0.06121627, -0.05270217, -0.03068524, -0.04213962, -0.02997172, -0.05762061, 0.06120897, -0.05269519, -0.03068124, -0.04215281, -0.0299667, -0.05761776, 0.13406884, 0.13407199, 0.03487999, 0.02938215, 0.02507424, 0.02878858, 0.02133562, 0.034876, 0.02936964, 0.02508215, 0.0287909, 0.02131515], "atomic dipole moments": [[-0.02222343, 0.17384163, 0.10126818], [0.02081726, -0.17501889, 0.09954061], [0.13939771, 0.0129732, 0.04516798], [0.00866061, 0.03342712, 0.01217409], [-0.00126417, -0.00574372, -0.00268766], [0.00444052, 0.00173118, 0.00277049], [-0.00099398, 0.00576792, 0.00345107], [0.0299297, -0.01759952, -0.0138374], [-0.14001369, -0.01351561, 0.04306216], [-0.00882968, -0.03357718, 0.01167802], [0.00126507, 0.00576803, -0.00257627], [-0.00446537, -0.00176029, 0.00266156], [0.00095028, -0.00579496, 0.00339496], [-0.02968182, 0.01777131, -0.01404653], [-0.01993169, -0.08401116, 0.0989531], [0.01859013, 0.08282046, 0.10020476], [0.09119047, -0.11219004, -0.04783447], [-0.0517466, -0.12155441, -0.0738155], [-0.14617751, -0.01097098, -0.03452865], [-0.09553715, 0.11186102, 0.03578583], [0.04317668, 0.12755352, 0.06544197], [-0.09051565, 0.11275974, -0.04776047], [0.05276264, 0.12239912, -0.07167592], [0.14663706, 0.01136377, -0.03235722], [0.09500518, -0.11228495, 0.03578328], [-0.04408342, -0.12830944, 0.06334177]], "atomic quadrupole moments": [[0.04903862, -0.11405072, 0.07913719, -0.01099841, 0.02180509, -0.12817581], [0.0487326, -0.11392745, 0.07964635, 0.01207746, -0.02092132, -0.12837895], [-0.03994892, 0.08056186, -0.19600285, -0.03075609, -0.27649606, 0.23595176], [-0.22086516, 0.0556418, -0.07181799, -0.09454454, -0.28623121, 0.29268315], [-0.24498415, 0.05212712, -0.10012307, -0.11790006, -0.31818978, 0.34510722], [-0.22754597, 0.05399694, -0.1012943, -0.10725102, -0.28616585, 0.32884027], [-0.24946999, 0.0620953, -0.11269866, -0.11431814, -0.29939672, 0.36216865], [-0.20790846, 0.04802188, -0.10800522, -0.10296001, -0.24683343, 0.31591367], [-0.04081893, 0.07648795, -0.20244994, 0.02781179, 0.2723589, 0.24326887], [-0.22335873, 0.05064575, -0.07857398, 0.0880275, 0.28253099, 0.30193271], [-0.24815447, 0.04643429, -0.10751521, 0.11031067, 0.31348941, 0.35566969], [-0.23043148, 0.04887475, -0.10795886, 0.10008643, 0.28166851, 0.33839034], [-0.25245224, 0.05667568, -0.11971105, 0.10650572, 0.29453196, 0.37216329], [-0.2106716, 0.04345887, -0.11370859, 0.09620306, 0.24238117, 0.32438019], [0.0291465, -0.01956358, 0.0036428, -0.03546868, -0.03211316, -0.03278931], [0.0281524, -0.02044453, 0.00290419, 0.03604688, 0.03226128, -0.03105659], [0.03536241, -0.00925076, 0.00843465, 0.01711517, 0.03447632, -0.04379706], [0.03593676, -0.01185418, 0.01100709, 0.01312948, 0.03898551, -0.04694386], [0.02823416, -0.00832142, 0.01783418, 0.01286191, 0.04185228, -0.04606835], [0.0309869, -0.00165471, 0.01518417, 0.01781869, 0.04063367, -0.04617107], [0.03324666, -0.00159291, 0.01012301, 0.01882801, 0.03855984, -0.04336966], [0.03584202, -0.00858922, 0.00923105, -0.01612425, -0.03396246, -0.04507308], [0.03628176, -0.01118672, 0.01193316, -0.01210335, -0.03843995, -0.04821492], [0.02858016, -0.00759015, 0.01880535, -0.01194287, -0.04119746, -0.04738551], [0.03150187, -0.00092214, 0.01611507, -0.01675426, -0.03991392, -0.04761694], [0.03374694, -0.000874, 0.01102658, -0.01776068, -0.03792693, -0.04477352]], "number of molecular orbitals": 68, "number of electrons": 70, "number of unpaired electrons": 0, "orbital energies/eV": [-18.27611153, -17.68179418, -17.40330047, -17.08584095, -16.72366148, -16.56085314, -16.50801721, -16.17334916, -15.79937854, -15.77323093, -15.53213814, -15.15096174, -14.90413754, -14.75710219, -14.60331416, -13.82210308, -13.76367685, -13.29705513, -13.1964892, -13.11755526, -13.03290089, -13.00665567, -12.83071004, -12.82090899, -12.78753798, -11.93612433, -11.69752819, -11.56337585, -11.54364972, -11.42287252, -11.36227872, -10.77584943, -10.77479209, -10.18827305, -9.44559604, -5.99247406, -5.99110156, -5.73123878, -5.6392313, -2.48485229, -2.43198965, -1.06604332, 1.45203632, 3.1289213, 3.25478884, 3.54867048, 3.68110733, 3.80647511, 4.46262163, 4.54251249, 4.86510341, 5.06597621, 5.18529952, 5.26869858, 5.58514623, 6.01271809, 10.60481792, 10.70898444, 10.82373244, 10.82516303, 11.59444764, 11.67757546, 11.76958413, 12.21450849, 16.37518489, 16.60019281, 17.38416809, 17.4261895], "fractional occupation": [2.0, 2.0, 2.0, 2.0, 2.0, 2.0, 2.0, 2.0, 2.0, 2.0, 2.0, 2.0, 2.0, 2.0, 2.0, 2.0, 2.0, 2.0, 2.0, 2.0, 2.0, 2.0, 2.0, 2.0, 2.0, 2.0, 2.0, 2.0, 2.0, 2.0, 2.0, 2.0, 2.0, 2.0, 2.0, 0.0, 0.0, 0.0, 0.0, 0.0, 0.0, 0.0, 0.0, 0.0, 0.0, 0.0, 0.0, 0.0, 0.0, 0.0, 0.0, 0.0, 0.0, 0.0, 0.0, 0.0, 0.0, 0.0, 0.0, 0.0, 0.0, 0.0, 0.0, 0.0, 0.0, 0.0, 0.0, 0.0], "program call": "xtb /home/svss/Project-DBcg-Debug/aqme2_20220329/End-to-End-workflows-final/example-3/QDESCP/mol_1099_rdkit_conf_1/mol_1099_rdkit_conf_1.xyz --pop --wbo --acc 0.2 --gfn 2 --chrg 0 --uhf 0 --etemp 300 --input /home/svss/Project-DBcg-Debug/aqme2_20220329/End-to-End-workflows-final/example-3/QDESCP/mol_1099_rdkit_conf_1/mol_1099_rdkit_conf_1_xtb.inp", "method": "GFN2-xTB", "xtb version": "6.3.3 (7355c4f)", "Dipole module/D": 1.913, "Total charge": 0, "Transition dipole module/D": NaN, "HOMO": -9.4456, "LUMO": -5.9925, "HOMO occupancy": 2.0, "LUMO occupancy": 0, "mulliken charges": [-0.23199, -0.23199, 0.13356, -0.0691, -0.02423, -0.05122, -0.0226, -0.08005, 0.13356, -0.0691, -0.02423, -0.05124, -0.02259, -0.08006, 0.20515, 0.20515, 0.03232, 0.02784, 0.02648, 0.02764, 0.02623, 0.03232, 0.02783, 0.02648, 0.02764, 0.02621], "cm5 charges": [-0.5149, -0.51489, 0.18859, -0.11534, -0.07933, -0.10653, -0.07774, -0.12813, 0.18859, -0.11533, -0.07932, -0.10655, -0.07774, -0.12813, 0.40631, 0.40632, 0.09402, 0.08327, 0.08188, 0.08304, 0.08484, 0.09402, 0.08326, 0.08189, 0.08305, 0.08482], "FUKUI+": [-0.012, -0.012, -0.015, -0.034, -0.042, -0.016, -0.04, -0.04, -0.015, -0.034, -0.042, -0.016, -0.04, -0.04, -0.026, -0.026, -0.046, -0.059, -0.056, -0.061, -0.054, -0.046, -0.059, -0.056, -0.061, -0.054], "FUKUI-": [-0.069, -0.069, -0.012, -0.021, -0.019, -0.041, -0.019, -0.024, -0.012, -0.021, -0.019, -0.041, -0.019, -0.024, -0.063, -0.063, -0.032, -0.049, -0.057, -0.051, -0.042, -0.032, -0.049, -0.057, -0.051, -0.042], "FUKUIrad": [-0.041, -0.041, -0.013, -0.028, -0.031, -0.028, -0.029, -0.032, -0.013, -0.028, -0.031, -0.028, -0.029, -0.032, -0.044, -0.044, -0.039, -0.054, -0.056, -0.056, -0.048, -0.039, -0.054, -0.056, -0.056, -0.048], "s proportion": [1.402, 1.402, 1.049, 1.055, 1.06, 1.054, 1.059, 1.055, 1.049, 1.055, 1.06, 1.054, 1.059, 1.055, 0.795, 0.795, 0.968, 0.972, 0.974, 0.972, 0.974, 0.968, 0.972, 0.974, 0.972, 0.974], "p proportion": [3.83, 3.83, 2.818, 3.015, 2.964, 2.998, 2.964, 3.025, 2.818, 3.015, 2.964, 2.998, 2.964, 3.025, 0.0, 0.0, 0.0, 0.0, 0.0, 0.0, 0.0, 0.0, 0.0, 0.0, 0.0, 0.0], "d proportion": [0.0, 0.0, 0.0, 0.0, 0.0, 0.0, 0.0, 0.0, 0.0, 0.0, 0.0, 0.0, 0.0, 0.0, 0.0, 0.0, 0.0, 0.0, 0.0, 0.0, 0.0, 0.0, 0.0, 0.0, 0.0, 0.0], "Fermi-level/eV": -7.719, "Coordination numbers": [2.757, 2.757, 2.894, 2.916, 2.91, 2.912, 2.91, 2.918, 2.894, 2.916, 2.91, 2.912, 2.91, 2.918, 0.86, 0.86, 0.925, 0.925, 0.925, 0.925, 0.925, 0.925, 0.925, 0.925, 0.925, 0.925], "Dispersion coefficient C6": [23.642, 23.642, 26.627, 29.309, 28.765, 29.047, 28.748, 29.432, 26.627, 29.309, 28.765, 29.047, 28.748, 29.432, 1.515, 1.515, 2.518, 2.595, 2.658, 2.604, 2.713, 2.518, 2.595, 2.657, 2.604, 2.713], "Total dispersion C6": 8561.778805, "Total dispersion C8": 207591.44257, "Polarizability alpha": [7.222, 7.222, 8.46, 8.878, 8.795, 8.838, 8.792, 8.896, 8.46, 8.878, 8.795, 8.838, 8.792, 8.896, 1.928, 1.928, 2.482, 2.519, 2.549, 2.523, 2.576, 2.482, 2.519, 2.549, 2.523, 2.576], "Total polarizability alpha": 148.914165, "Wiberg matrix": [[0.0, 1.0280605651317145, 0.0, 0.0, 0.0, 0.0, 0.0, 0.0, 1.1024672949945162, 0.0, 0.0, 0.0, 0.0, 0.0, 0.9398484819162528, 0.0, 0.0, 0.0, 0.0, 0.0, 0.0, 0.0, 0.0, 0.0, 0.0, 0.0], [1.0280605651317145, 0.0, 1.1024469346474641, 0.0, 0.0, 0.0, 0.0, 0.0, 0.0, 0.0, 0.0, 0.0, 0.0, 0.0, 0.0, 0.9398512433614037, 0.0, 0.0, 0.0, 0.0, 0.0, 0.0, 0.0, 0.0, 0.0, 0.0], [0.0, 1.1024469346474641, 0.0, 1.361151736236088, 0.0, 0.0, 0.0, 1.355842054833014, 0.0, 0.0, 0.0, 0.0, 0.0, 0.0, 0.0, 0.0, 0.0, 0.0, 0.0, 0.0, 0.0, 0.0, 0.0, 0.0, 0.0, 0.0], [0.0, 0.0, 1.361151736236088, 0.0, 1.4500287150950197, 0.0, 0.10606560626544476, 0.0, 0.0, 0.0, 0.0, 0.0, 0.0, 0.0, 0.0, 0.0, 0.9689899598388441, 0.0, 0.0, 0.0, 0.0, 0.0, 0.0, 0.0, 0.0, 0.0], [0.0, 0.0, 0.0, 1.4500287150950197, 0.0, 1.433475472525341, 0.0, 0.1074864980051582, 0.0, 0.0, 0.0, 0.0, 0.0, 0.0, 0.0, 0.0, 0.0, 0.9717020888950942, 0.0, 0.0, 0.0, 0.0, 0.0, 0.0, 0.0, 0.0], [0.0, 0.0, 0.0, 0.0, 1.433475472525341, 0.0, 1.4290526227217097, 0.0, 0.0, 0.0, 0.0, 0.0, 0.0, 0.0, 0.0, 0.0, 0.0, 0.0, 0.9716554131936732, 0.0, 0.0, 0.0, 0.0, 0.0, 0.0, 0.0], [0.0, 0.0, 0.0, 0.10606560626544476, 0.0, 1.4290526227217097, 0.0, 1.4547457807188418, 0.0, 0.0, 0.0, 0.0, 0.0, 0.0, 0.0, 0.0, 0.0, 0.0, 0.0, 0.9716384361234947, 0.0, 0.0, 0.0, 0.0, 0.0, 0.0], [0.0, 0.0, 1.355842054833014, 0.0, 0.1074864980051582, 0.0, 1.4547457807188418, 0.0, 0.0, 0.0, 0.0, 0.0, 0.0, 0.0, 0.0, 0.0, 0.0, 0.0, 0.0, 0.0, 0.9688486988589265, 0.0, 0.0, 0.0, 0.0, 0.0], [1.1024672949945162, 0.0, 0.0, 0.0, 0.0, 0.0, 0.0, 0.0, 0.0, 1.3611058962028624, 0.0, 0.0, 0.0, 1.3558366039032852, 0.0, 0.0, 0.0, 0.0, 0.0, 0.0, 0.0, 0.0, 0.0, 0.0, 0.0, 0.0], [0.0, 0.0, 0.0, 0.0, 0.0, 0.0, 0.0, 0.0, 1.3611058962028624, 0.0, 1.4501234183967382, 0.0, 0.10603673789854731, 0.0, 0.0, 0.0, 0.0, 0.0, 0.0, 0.0, 0.0, 0.968984961695426, 0.0, 0.0, 0.0, 0.0], [0.0, 0.0, 0.0, 0.0, 0.0, 0.0, 0.0, 0.0, 0.0, 1.4501234183967382, 0.0, 1.4333874760771128, 0.0, 0.10748155148326739, 0.0, 0.0, 0.0, 0.0, 0.0, 0.0, 0.0, 0.0, 0.9716995003204983, 0.0, 0.0, 0.0], [0.0, 0.0, 0.0, 0.0, 0.0, 0.0, 0.0, 0.0, 0.0, 0.0, 1.4333874760771128, 0.0, 1.4290897233066882, 0.0, 0.0, 0.0, 0.0, 0.0, 0.0, 0.0, 0.0, 0.0, 0.0, 0.971661334750198, 0.0, 0.0], [0.0, 0.0, 0.0, 0.0, 0.0, 0.0, 0.0, 0.0, 0.0, 0.10603673789854731, 0.0, 1.4290897233066882, 0.0, 1.454749035157835, 0.0, 0.0, 0.0, 0.0, 0.0, 0.0, 0.0, 0.0, 0.0, 0.0, 0.9716358743490616, 0.0], [0.0, 0.0, 0.0, 0.0, 0.0, 0.0, 0.0, 0.0, 1.3558366039032852, 0.0, 0.10748155148326739, 0.0, 1.454749035157835, 0.0, 0.0, 0.0, 0.0, 0.0, 0.0, 0.0, 0.0, 0.0, 0.0, 0.0, 0.0, 0.9688435065500103], [0.9398484819162528, 0.0, 0.0, 0.0, 0.0, 0.0, 0.0, 0.0, 0.0, 0.0, 0.0, 0.0, 0.0, 0.0, 0.0, 0.0, 0.0, 0.0, 0.0, 0.0, 0.0, 0.0, 0.0, 0.0, 0.0, 0.0], [0.0, 0.9398512433614037, 0.0, 0.0, 0.0, 0.0, 0.0, 0.0, 0.0, 0.0, 0.0, 0.0, 0.0, 0.0, 0.0, 0.0, 0.0, 0.0, 0.0, 0.0, 0.0, 0.0, 0.0, 0.0, 0.0, 0.0], [0.0, 0.0, 0.0, 0.9689899598388441, 0.0, 0.0, 0.0, 0.0, 0.0, 0.0, 0.0, 0.0, 0.0, 0.0, 0.0, 0.0, 0.0, 0.0, 0.0, 0.0, 0.0, 0.0, 0.0, 0.0, 0.0, 0.0], [0.0, 0.0, 0.0, 0.0, 0.9717020888950942, 0.0, 0.0, 0.0, 0.0, 0.0, 0.0, 0.0, 0.0, 0.0, 0.0, 0.0, 0.0, 0.0, 0.0, 0.0, 0.0, 0.0, 0.0, 0.0, 0.0, 0.0], [0.0, 0.0, 0.0, 0.0, 0.0, 0.9716554131936732, 0.0, 0.0, 0.0, 0.0, 0.0, 0.0, 0.0, 0.0, 0.0, 0.0, 0.0, 0.0, 0.0, 0.0, 0.0, 0.0, 0.0, 0.0, 0.0, 0.0], [0.0, 0.0, 0.0, 0.0, 0.0, 0.0, 0.9716384361234947, 0.0, 0.0, 0.0, 0.0, 0.0, 0.0, 0.0, 0.0, 0.0, 0.0, 0.0, 0.0, 0.0, 0.0, 0.0, 0.0, 0.0, 0.0, 0.0], [0.0, 0.0, 0.0, 0.0, 0.0, 0.0, 0.0, 0.9688486988589265, 0.0, 0.0, 0.0, 0.0, 0.0, 0.0, 0.0, 0.0, 0.0, 0.0, 0.0, 0.0, 0.0, 0.0, 0.0, 0.0, 0.0, 0.0], [0.0, 0.0, 0.0, 0.0, 0.0, 0.0, 0.0, 0.0, 0.0, 0.968984961695426, 0.0, 0.0, 0.0, 0.0, 0.0, 0.0, 0.0, 0.0, 0.0, 0.0, 0.0, 0.0, 0.0, 0.0, 0.0, 0.0], [0.0, 0.0, 0.0, 0.0, 0.0, 0.0, 0.0, 0.0, 0.0, 0.0, 0.9716995003204983, 0.0, 0.0, 0.0, 0.0, 0.0, 0.0, 0.0, 0.0, 0.0, 0.0, 0.0, 0.0, 0.0, 0.0, 0.0], [0.0, 0.0, 0.0, 0.0, 0.0, 0.0, 0.0, 0.0, 0.0, 0.0, 0.0, 0.971661334750198, 0.0, 0.0, 0.0, 0.0, 0.0, 0.0, 0.0, 0.0, 0.0, 0.0, 0.0, 0.0, 0.0, 0.0], [0.0, 0.0, 0.0, 0.0, 0.0, 0.0, 0.0, 0.0, 0.0, 0.0, 0.0, 0.0, 0.9716358743490616, 0.0, 0.0, 0.0, 0.0, 0.0, 0.0, 0.0, 0.0, 0.0, 0.0, 0.0, 0.0, 0.0], [0.0, 0.0, 0.0, 0.0, 0.0, 0.0, 0.0, 0.0, 0.0, 0.0, 0.0, 0.0, 0.0, 0.9688435065500103, 0.0, 0.0, 0.0, 0.0, 0.0, 0.0, 0.0, 0.0, 0.0, 0.0, 0.0, 0.0]], "Born radii": [], "Atomic SASAs": [], "Solvent H bonds": [], "Total SASA": NaN, "Total FOD": 0.0, "FOD": [0.0, 0.0, 0.0, 0.0, 0.0, 0.0, 0.0, 0.0, 0.0, 0.0, 0.0, 0.0, 0.0, 0.0, 0.0, 0.0, 0.0, 0.0, 0.0, 0.0, 0.0, 0.0, 0.0, 0.0, 0.0, 0.0], "FOD s proportion": [0.0, 0.0, 0.0, 0.0, 0.0, 0.0, 0.0, 0.0, 0.0, 0.0, 0.0, 0.0, 0.0, 0.0, 0.0, 0.0, 0.0, 0.0, 0.0, 0.0, 0.0, 0.0, 0.0, 0.0, 0.0, 0.0], "FOD p proportion": [0.0, 0.0, 0.0, 0.0, 0.0, 0.0, 0.0, 0.0, 0.0, 0.0, 0.0, 0.0, 0.0, 0.0, 0.0, 0.0, 0.0, 0.0, 0.0, 0.0, 0.0, 0.0, 0.0, 0.0, 0.0, 0.0], "FOD d proportion": [0.0, 0.0, 0.0, 0.0, 0.0, 0.0, 0.0, 0.0, 0.0, 0.0, 0.0, 0.0, 0.0, 0.0, 0.0, 0.0, 0.0, 0.0, 0.0, 0.0, 0.0, 0.0, 0.0, 0.0, 0.0, 0.0], "coordinates": [["0.42810", "-0.53490", "0.51490"], ["-0.43480", "0.52920", "0.51520"], ["-1.81220", "0.37490", "0.24220"], ["-2.30910", "-0.74130", "-0.44250"], ["-3.66830", "-0.84850", "-0.74950"], ["-4.54550", "0.17320", "-0.39420"], ["-4.06150", "1.30600", "0.25580"], ["-2.70130", "1.41010", "0.56080"], ["1.80910", "-0.37760", "0.26260"], ["2.31530", "0.74660", "-0.40190"], ["3.67850", "0.85730", "-0.68890"], ["4.55090", "-0.16860", "-0.33370"], ["4.05810", "-1.30890", "0.29620"], ["2.69390", "-1.41650", "0.58120"], ["0.23970", "-1.24030", "1.22770"], ["-0.25620", "1.22610", "1.23880"], ["-1.63280", "-1.53340", "-0.75330"], ["-4.03580", "-1.72490", "-1.27630"], ["-5.60170", "0.09290", "-0.63690"], ["-4.73970", "2.11370", "0.51800"], ["-2.34110", "2.31050", "1.05070"], ["1.64330", "1.54240", "-0.71260"], ["4.05320", "1.73980", "-1.20030"], ["5.61030", "-0.08550", "-0.56080"], ["4.73260", "-2.11970", "0.55820"], ["2.32700", "-2.32260", "1.05550"]], "bond_dist": [[0.0, 1.3700019379548336, 2.433319835122379, 2.9071428516672517, 4.298551532784038, 5.105346744345578, 4.8592750261741715, 3.684871255552899, 1.4126427644666575, 2.4585134390521444, 3.7352985744114218, 4.225136387147757, 3.7180378817327826, 2.4321726686236733, 1.020376185531591, 2.023219884243925, 2.6177552024587785, 4.954886542596106, 6.170839822909034, 5.806999949199242, 4.006476187374636, 2.70160000370151, 4.6105879386473045, 5.3117123124280745, 4.587176275226406, 2.663445298856352], [1.3700019379548336, 0.0, 1.412645833179711, 2.458528020991422, 3.7353775752927576, 4.225115246948892, 3.718018220772996, 2.432095068043188, 2.4333475316937365, 2.9071266191894707, 4.298458248023353, 5.105365857605114, 4.859292440263294, 3.684951584485202, 2.023298482676246, 1.0203747007839816, 2.701594901164866, 4.610600835032241, 5.311736788471356, 4.587244499696959, 2.6634131542064594, 2.617740760656028, 4.954859898120229, 6.1708075727573934, 5.806939208395417, 4.006523002554709], [2.433319835122379, 1.412645833179711, 0.0, 1.4005806438759605, 2.4341905554002956, 2.8136482971402095, 2.4344368260441676, 1.4013007564402438, 3.698714114391649, 4.193957790679349, 5.589941275183488, 6.412183299781752, 6.107251470997407, 4.860964119390308, 2.791124307514805, 2.0344259632633475, 2.1598179321415034, 3.4145862487276553, 3.900339864678462, 3.4161011884895918, 2.1633203230219977, 3.770302314138748, 6.192469250630156, 7.479992206546742, 7.0112261552456, 5.007088952674997], [2.9071428516672517, 2.458528020991422, 1.4005806438759605, 0.0, 1.3975569684274054, 2.416635698652157, 2.7838760640517024, 2.406024457481677, 4.193925957858579, 4.858041799943677, 6.202224494485829, 6.884723867374785, 6.4349889891125684, 5.151103350739529, 3.087871512870961, 3.303306050005055, 1.0869226007402735, 2.155036957919748, 3.4021898477304293, 3.870581559662579, 3.397668830242288, 4.572713139920325, 6.870879080583503, 7.947387299609853, 7.244786121066653, 5.122298009682764], [4.298551532784038, 3.7353775752927576, 2.4341905554002956, 1.3975569684274054, 0.0, 1.3926912148785888, 2.4097934724785026, 2.7844656668739876, 5.589991411442417, 6.202309144987858, 7.542472819970914, 8.257748015651725, 7.810423395053561, 6.524643693719987, 4.397191271709703, 4.460911169256792, 2.147641194427039, 1.086577861913264, 2.153357443621472, 3.3954503456831766, 3.870589216127178, 5.825020084085548, 8.156229507560464, 9.31183089676783, 8.596577780721814, 6.43231046358927], [5.105346744345578, 4.225115246948892, 2.8136482971402095, 2.416635698652157, 1.3926912148785888, 0.0, 1.3928358984460445, 2.4172340081175423, 6.412153151633232, 6.884723922569444, 8.257664130975538, 9.103020402591659, 8.757579890015277, 7.475791838327228, 5.246587548111629, 4.708862059988591, 3.394886987809756, 2.1542233194355687, 1.0866967470274311, 2.1529892545017497, 3.3934004567689913, 6.3464425184507895, 8.777338688919325, 10.160460368014828, 9.604561196639853, 7.4539857780921475], [4.8592750261741715, 3.718018220772996, 2.4344368260441676, 2.7838760640517024, 2.4097934724785026, 1.3928358984460445, 0.0, 1.3978575928899193, 6.1072497541855935, 6.434988414130983, 7.810338646947391, 8.757590374640733, 8.530371523562145, 7.2906323847798005, 5.092008910047193, 3.9310279953213256, 3.8702789124299555, 3.396225214852513, 2.1542379023682603, 1.0867765961778901, 2.144915480852334, 5.791237049197692, 8.255711098385165, 9.805448640934284, 9.442619396120973, 7.390479707028495], [3.684871255552899, 2.432095068043188, 1.4013007564402438, 2.406024457481677, 2.7844656668739876, 2.4172340081175423, 1.3978575928899193, 0.0, 4.860915828318775, 5.151048349608068, 6.524506569082446, 7.475749379159256, 7.290573538481043, 6.090834652163856, 4.014829606596026, 2.54402319368358, 3.3959892976863166, 3.870923876802539, 3.403207500285576, 2.1568401331577642, 1.0864926184746957, 4.529304583487403, 6.988093126883757, 8.519242952281616, 8.22935987850817, 6.2818451326023625], [1.4126427644666575, 2.4333475316937365, 3.698714114391649, 4.193925957858579, 5.589991411442417, 6.412153151633232, 6.1072497541855935, 4.860915828318775, 0.0, 1.4005799977152324, 2.434129540513405, 2.8136669898905953, 2.4344300462325874, 1.4013173123885971, 2.0343759878645833, 2.7911080631175853, 3.7702257306426628, 6.192437848699008, 7.480001814170903, 7.011318441634213, 5.007109271825411, 2.159839040299068, 3.414592798563249, 3.900311706774216, 3.416012883465166, 2.16331593161979], [2.4585134390521444, 2.9071266191894707, 4.193957790679349, 4.858041799943677, 6.202309144987858, 6.884723922569444, 6.434988414130983, 5.151048349608068, 1.4005799977152324, 0.0, 1.3974754845792465, 2.416640155256881, 2.7838418956542768, 2.405997751453646, 3.3032534159522187, 3.087787070055188, 4.572677068195391, 6.870906695626132, 7.947417045178892, 7.244874286003864, 5.122293522436995, 1.0869296803381534, 2.155037171373153, 3.402155878263075, 3.8705047461539173, 3.3976668892050026], [3.7352985744114218, 4.298458248023353, 5.589941275183488, 6.202224494485829, 7.542472819970914, 8.257664130975538, 7.810338646947391, 6.524506569082446, 2.434129540513405, 1.3974754845792465, 0.0, 1.3927381699371926, 2.4097594506506246, 2.784377418741935, 4.460787683806528, 4.3970336387159925, 5.824903564866975, 8.156176805955104, 9.31177337567877, 8.59658303106531, 6.432229983450529, 2.147548076295383, 1.0866169058136361, 2.1534002623757615, 3.395425484383363, 3.870561667251925], [4.225136387147757, 5.105365857605114, 6.412183299781752, 6.884723867374785, 8.257748015651725, 9.103020402591659, 8.757590374640733, 7.475749379159256, 2.8136669898905953, 2.416640155256881, 1.3927381699371926, 0.0, 1.3928064976873136, 2.417177159415503, 4.70881686732453, 5.246537405756295, 6.346407557823561, 8.777356170282713, 10.160492077158468, 9.604662125238972, 7.4540032311503595, 3.394882025932566, 2.1542264063927914, 1.0866500724704335, 2.1529727610910454, 3.3934236178231565], [3.7180378817327826, 4.859292440263294, 6.107251470997407, 6.4349889891125684, 7.810423395053561, 8.757579890015277, 8.530371523562145, 7.290573538481043, 2.4344300462325874, 2.7838418956542768, 2.4097594506506246, 1.3928064976873136, 0.0, 1.3977998426098062, 3.930976566961446, 5.091945036034855, 5.791216910978209, 8.255727070343351, 9.805480859702906, 9.442704635855131, 7.390472735217958, 3.870251693365691, 3.396190211104202, 2.154177662125387, 1.0867340475019636, 2.144954868989089], [2.4321726686236733, 3.684951584485202, 4.860964119390308, 5.151103350739529, 6.524643693719987, 7.475791838327228, 7.2906323847798005, 6.090834652163856, 1.4013173123885971, 2.405997751453646, 2.784377418741935, 2.417177159415503, 1.3977998426098062, 0.0, 2.5440334765879165, 4.014830323936492, 4.529336458025613, 6.988152753052841, 8.519333033166388, 8.229502733458444, 6.281893365061206, 3.3959929343271607, 3.8708743753834223, 3.403103577618524, 2.156691199499826, 1.0865511078637764], [1.020376185531591, 2.023298482676246, 2.791124307514805, 3.087871512870961, 4.397191271709703, 5.246587548111629, 5.092008910047193, 4.014829606596026, 2.0343759878645833, 3.3032534159522187, 4.460787683806528, 4.70881686732453, 3.930976566961446, 2.5440334765879165, 0.0, 2.515783969262862, 2.741628140357477, 4.978428809373495, 6.2750385943036235, 6.045445761066755, 4.3931808840520095, 3.6712772082750713, 5.414698722920787, 5.777165364605724, 4.626848281497892, 2.357508731691147], [2.023219884243925, 1.0203747007839816, 2.0344259632633475, 3.303306050005055, 4.460911169256792, 4.708862059988591, 3.9310279953213256, 2.54402319368358, 2.7911080631175853, 3.087787070055188, 4.3970336387159925, 5.246537405756295, 5.091945036034855, 4.014830323936492, 2.515783969262862, 0.0, 3.6712845463134562, 5.414748855671886, 5.777262585342648, 4.6270032040187745, 2.3575650531851715, 2.7415520968969385, 4.978355638160054, 6.274924459306263, 6.045305570440587, 4.393152947485439], [2.6177552024587785, 2.701594901164866, 2.1598179321415034, 1.0869226007402735, 2.147641194427039, 3.394886987809756, 3.8702789124299555, 3.3959892976863166, 3.7702257306426628, 4.572677068195391, 5.824903564866975, 6.346407557823561, 5.791216910978209, 4.529336458025613, 2.741628140357477, 3.6712845463134562, 0.0, 2.466700275671935, 4.290753763617763, 4.956850785529054, 4.304842865889532, 4.493888443208175, 6.576035526059755, 7.388908462689195, 6.5254959275138615, 4.42432030033993], [4.954886542596106, 4.610600835032241, 3.4145862487276553, 2.155036957919748, 1.086577861913264, 2.1542233194355687, 3.396225214852513, 3.870923876802539, 6.192437848699008, 6.870906695626132, 8.156176805955104, 8.777356170282713, 8.255727070343351, 6.988152753052841, 4.978428809373495, 5.414748855671886, 2.466700275671935, 0.0, 2.4829965787330437, 4.295327421745635, 4.956953726836675, 6.576107039122767, 8.80010472039964, 9.81054625492383, 8.966944621776138, 6.802922928418343], [6.170839822909034, 5.311736788471356, 3.900339864678462, 3.4021898477304293, 2.153357443621472, 1.0866967470274311, 2.1542379023682603, 3.403207500285576, 7.480001814170903, 7.947417045178892, 9.31177337567877, 10.160492077158468, 9.805480859702906, 8.519333033166388, 6.2750385943036235, 5.777262585342648, 4.290753763617763, 2.4829965787330437, 0.0, 2.482029542531676, 4.289202242841902, 7.388965133224002, 9.810544999132313, 11.21367744185644, 10.635864763149256, 8.459500085702464], [5.806999949199242, 4.587244499696959, 3.4161011884895918, 3.870581559662579, 3.3954503456831766, 2.1529892545017497, 1.0867765961778901, 2.1568401331577642, 7.011318441634213, 7.244874286003864, 8.59658303106531, 9.604662125238972, 9.442704635855131, 8.229502733458444, 6.045445761066755, 4.6270032040187745, 4.956850785529054, 4.295327421745635, 2.482029542531676, 0.0, 2.4649100368978987, 6.525599516519536, 8.96701993473863, 10.635919804135417, 10.375343796231526, 8.36109519321482], [4.006476187374636, 2.6634131542064594, 2.1633203230219977, 3.397668830242288, 3.870589216127178, 3.3934004567689913, 2.144915480852334, 1.0864926184746957, 5.007109271825411, 5.122293522436995, 6.432229983450529, 7.4540032311503595, 7.390472735217958, 6.281893365061206, 4.3931808840520095, 2.3575650531851715, 4.304842865889532, 4.956953726836675, 4.289202242841902, 2.4649100368978987, 0.0, 4.424324565399785, 6.802923781727971, 8.459462761310554, 8.361008311202662, 6.576989908765256], [2.70160000370151, 2.617740760656028, 3.770302314138748, 4.572713139920325, 5.825020084085548, 6.3464425184507895, 5.791237049197692, 4.529304583487403, 2.159839040299068, 1.0869296803381534, 2.147548076295383, 3.394882025932566, 3.870251693365691, 3.3959929343271607, 3.6712772082750713, 2.7415520968969385, 4.493888443208175, 6.576107039122767, 7.388965133224002, 6.525599516519536, 4.424324565399785, 0.0, 2.466664967116532, 4.2907098072463485, 4.956781570737205, 4.304863331163952], [4.6105879386473045, 4.954859898120229, 6.192469250630156, 6.870879080583503, 8.156229507560464, 8.777338688919325, 8.255711098385165, 6.988093126883757, 3.414592798563249, 2.155037171373153, 1.0866169058136361, 2.1542264063927914, 3.396190211104202, 3.8708743753834223, 5.414698722920787, 4.978355638160054, 6.576035526059755, 8.80010472039964, 9.810544999132313, 8.96701993473863, 6.802923781727971, 2.466664967116532, 0.0, 2.4829902839117186, 4.2953052115070935, 4.9569641757834], [5.3117123124280745, 6.1708075727573934, 7.479992206546742, 7.947387299609853, 9.31183089676783, 10.160460368014828, 9.805448640934284, 8.519242952281616, 3.900311706774216, 3.402155878263075, 2.1534002623757615, 1.0866500724704335, 2.154177662125387, 3.403103577618524, 5.777165364605724, 6.274924459306263, 7.388908462689195, 9.81054625492383, 11.21367744185644, 10.635919804135417, 8.459462761310554, 4.2907098072463485, 2.4829902839117186, 0.0, 2.4820330235514594, 4.289184186998735], [4.587176275226406, 5.806939208395417, 7.0112261552456, 7.244786121066653, 8.596577780721814, 9.604561196639853, 9.442619396120973, 8.22935987850817, 3.416012883465166, 3.8705047461539173, 3.395425484383363, 2.1529727610910454, 1.0867340475019636, 2.156691199499826, 4.626848281497892, 6.045305570440587, 6.5254959275138615, 8.966944621776138, 10.635864763149256, 10.375343796231526, 8.361008311202662, 4.956781570737205, 4.2953052115070935, 2.4820330235514594, 0.0, 2.4648300265941256], [2.663445298856352, 4.006523002554709, 5.007088952674997, 5.122298009682764, 6.43231046358927, 7.4539857780921475, 7.390479707028495, 6.2818451326023625, 2.16331593161979, 3.3976668892050026, 3.870561667251925, 3.3934236178231565, 2.144954868989089, 1.0865511078637764, 2.357508731691147, 4.393152947485439, 4.42432030033993, 6.802922928418343, 8.459500085702464, 8.36109519321482, 6.576989908765256, 4.304863331163952, 4.9569641757834, 4.289184186998735, 2.4648300265941256, 0.0]]}