{"total energy": -52.94828533, "HOMO-LUMO gap/eV": 3.24012698, "electronic energy": -53.58949515, "dipole": [-0.06652407, -0.6941177, -0.61321174], "partial charges": [-0.3782533, 0.28026616, -0.17649159, 0.33924385, -0.42168132, -0.17672629, 0.28012228, -0.37843175, -0.02332057, -0.01112084, -0.10868803, -0.05975782, -0.05021458, -0.10174792, -0.05012517, -0.02976884, -0.08841755, 0.23346578, 0.23339983, 0.06433765, 0.04438167, 0.05625707, 0.03480893, 0.02733211, 0.03773775, 0.0319882, 0.03434032, 0.04137407, 0.03334706, 0.03141456, 0.04257065, 0.06666417, 0.0499186, 0.04140886, 0.05036601], "atomic dipole moments": [[-0.0556804, 0.0982283, -0.1458441], [-0.07982049, 0.04208262, 0.01105423], [0.05750163, 0.06647606, 0.00268099], [0.06300092, -0.06043171, -0.02733545], [0.14746583, -0.13914968, -0.07182953], [0.01822849, -0.01323578, 0.07128685], [-0.07358558, 0.04603098, 0.02199572], [-0.13215132, -0.09133156, 0.09750489], [-0.04510674, 0.01146084, -0.00604284], [-0.06574484, 0.10887968, -0.053886], [-0.06979041, 0.00170364, 0.10472835], [0.03735175, -0.11002193, -0.03325339], [-0.10230771, -0.05444673, 0.01322717], [0.00114385, 0.0901461, -0.05702325], [0.06630028, 0.03068593, 0.12334041], [0.05410662, 0.16288272, -0.03846774], [-0.05954889, -0.0373112, 0.00905643], [-0.06168866, -0.00706818, 0.12008774], [-0.00788206, 0.13079095, -0.03933671], [0.00812326, -0.1131407, 0.05615624], [0.11474065, -0.04802478, 0.02221164], [0.02373943, 0.11051326, -0.06678657], [-0.04306648, -0.08387062, -0.08340604], [-0.06973965, 0.02744456, 0.10074726], [0.0152016, 0.11322254, -0.04945135], [0.04141649, 0.08802488, 0.07335255], [0.08622674, -0.00347729, -0.08855208], [-0.08680413, 0.00046076, 0.09469052], [-0.01883351, -0.10075095, -0.0722582], [0.11152609, -0.01623644, 0.05248735], [-0.12002144, 0.03242622, -0.02921537], [0.04466592, 0.01677949, -0.11976509], [0.12996057, -0.07994611, 0.00604853], [-0.14001285, 0.06097806, -0.00420165], [0.01918494, -0.14798604, 0.03169927]], "atomic quadrupole moments": [[-0.0436776, 0.10879364, 0.10986344, 0.07240258, 0.10128859, -0.06618584], [-0.05456473, 0.23409615, 0.27651453, 0.14510394, 0.2871339, -0.2219498], [0.00114066, -0.05093929, 0.06757922, 0.07056471, -0.0145681, -0.06871988], [0.06959236, 0.19153449, -0.12426654, 0.2793977, 0.1137766, 0.05467418], [0.04749334, 0.03807872, -0.04587334, 0.10202791, 0.08296583, -0.00162], [0.06953471, 0.01022398, -0.09846031, -0.0558321, 0.03959991, 0.0289256], [-0.11508973, 0.06604913, -0.17549805, 0.23614019, 0.31416978, 0.29058778], [-0.04678554, 0.05328837, -0.07070291, 0.08889384, 0.11732737, 0.11748845], [-0.05547249, -0.00514201, 0.00819367, -0.01407664, -0.04419124, 0.04727881], [0.1221989, -0.02917369, -0.13870884, -0.00670685, 0.11397184, 0.01650994], [-0.00014045, -7.48e-06, -0.13233692, -0.12269884, 0.03418469, 0.13247737], [0.09248229, -0.00582811, -0.02300349, 0.14039047, 0.0966987, -0.0694788], [0.04388786, -0.07782099, 0.05391047, 0.09301751, -0.16300061, -0.09779833], [-0.10615812, 0.00579862, 0.13753744, 0.01514685, -0.15729745, -0.03137932], [-0.09789237, 0.07429773, 0.13446483, 0.09495777, 0.0956328, -0.03657246], [-0.43641495, -0.05936174, -0.09648654, 0.0844973, 0.11612922, 0.53290149], [-0.33846676, -0.02665384, -0.27846601, 0.05964094, 0.18730723, 0.61693277], [0.00366964, -0.01405868, -0.00787761, -0.03634806, -0.03236317, 0.00420798], [-0.00479536, -0.01798648, 0.01877819, -0.0226728, -0.03501763, -0.01398283], [-0.01158616, 0.00368223, 0.0167468, -0.01208809, -0.01890941, -0.00516064], [0.0510039, -0.03733317, -0.04080251, 0.03915557, -0.01901338, -0.01020139], [-0.04427452, -0.00302772, 0.06321391, -0.00797167, -0.0378676, -0.01893939], [0.00466966, 0.05202815, -0.00095906, 0.03238601, 0.04738369, -0.0037106], [0.02466509, 0.01201775, -0.04887212, -0.03680496, 0.00325929, 0.02420702], [-0.02194952, 0.01114751, 0.01897949, 0.01179145, -0.04922391, 0.00297003], [-0.02991457, 0.00168401, 0.02404065, 0.02541445, 0.0359777, 0.00587392], [-0.00990949, -0.02241698, -0.02402936, -0.03926183, 0.00297193, 0.03393884], [0.01680863, -0.01343103, -0.02829969, -0.06288229, 0.00349943, 0.01149106], [-0.0472105, 0.02233907, 0.0252437, 0.0192873, 0.05068427, 0.02196681], [0.06130723, -0.00347655, -0.02973103, 0.04925519, -0.01250282, -0.0315762], [0.05100661, -0.02330865, -0.00309349, -0.00933148, 0.01055157, -0.04791312], [0.00490291, 0.01285056, -0.02049384, -0.05067242, -0.00662589, 0.01559093], [0.04094542, 0.0188413, 0.01899831, -0.00825861, -0.0216751, -0.05994374], [0.04046746, -0.01425693, 0.01609604, -0.00385618, -0.01427479, -0.05656349], [0.01945913, 0.00388263, 0.04203785, -0.00668646, -0.01878906, -0.06149698]], "number of molecular orbitals": 86, "number of electrons": 94, "number of unpaired electrons": 0, "orbital energies/eV": [-20.61794628, -20.27812413, -20.19783425, -19.78211723, -19.38509412, -18.69129177, -18.22820943, -18.09026708, -17.62326454, -17.22061471, -17.04791949, -16.90079144, -16.76415712, -16.55576305, -16.40268316, -16.07060103, -15.69456819, -15.62855354, -15.61921642, -15.56885793, -15.32711512, -15.25468734, -14.96755621, -14.81671415, -14.62219037, -14.44017568, -14.20783536, -13.97616478, -13.83095609, -13.66329965, -13.27912032, -13.20022491, -13.15031061, -12.96871305, -12.83078596, -12.69467495, -12.59658499, -12.51573931, -12.36931866, -12.33409052, -12.20165643, -12.00986986, -11.79578958, -11.73133627, -11.5465859, -11.42964218, -11.32284925, -8.08272227, -7.1646937, -6.26893401, -5.87034015, -0.66484658, -0.14314266, 0.12309163, 1.22044604, 1.37717665, 2.13534429, 2.39333429, 2.85585567, 3.1704138, 3.22971678, 3.3561307, 3.47454535, 3.5669452, 3.73951822, 3.94908683, 4.22750211, 4.42950048, 4.55611852, 5.1168545, 5.42584139, 5.48504705, 5.68590475, 6.20959304, 6.40082878, 7.10989719, 7.25619579, 7.62790088, 7.73385431, 7.98585273, 10.63147363, 11.23844558, 14.07651281, 14.22490061, 14.75152476, 16.2439981], "fractional occupation": [2.0, 2.0, 2.0, 2.0, 2.0, 2.0, 2.0, 2.0, 2.0, 2.0, 2.0, 2.0, 2.0, 2.0, 2.0, 2.0, 2.0, 2.0, 2.0, 2.0, 2.0, 2.0, 2.0, 2.0, 2.0, 2.0, 2.0, 2.0, 2.0, 2.0, 2.0, 2.0, 2.0, 2.0, 2.0, 2.0, 2.0, 2.0, 2.0, 2.0, 2.0, 2.0, 2.0, 2.0, 2.0, 2.0, 2.0, 0.0, 0.0, 0.0, 0.0, 0.0, 0.0, 0.0, 0.0, 0.0, 0.0, 0.0, 0.0, 0.0, 0.0, 0.0, 0.0, 0.0, 0.0, 0.0, 0.0, 0.0, 0.0, 0.0, 0.0, 0.0, 0.0, 0.0, 0.0, 0.0, 0.0, 0.0, 0.0, 0.0, 0.0, 0.0, 0.0, 0.0, 0.0, 0.0], "program call": "xtb /home/svss/Project-DBcg-Debug/aqme2_20220329/End-to-End-workflows-final/example-3/QDESCP/mol_426_rdkit_conf_13/mol_426_rdkit_conf_13.xyz --pop --wbo --acc 0.2 --gfn 2 --chrg 0 --uhf 0 --etemp 300 --input /home/svss/Project-DBcg-Debug/aqme2_20220329/End-to-End-workflows-final/example-3/QDESCP/mol_426_rdkit_conf_13/mol_426_rdkit_conf_13_xtb.inp", "method": "GFN2-xTB", "xtb version": "6.3.3 (7355c4f)", "Dipole module/D": 2.36, "Total charge": 0, "Transition dipole module/D": NaN, "HOMO": -11.3228, "LUMO": -8.0827, "HOMO occupancy": 2.0, "LUMO occupancy": 0, "mulliken charges": [-0.50464, 0.47544, -0.3278, 0.57507, -0.53597, -0.32628, 0.47562, -0.5059, -0.05811, 0.00319, -0.09337, -0.05772, -0.03545, -0.08594, -0.03672, -0.02267, -0.06788, 0.27938, 0.28049, 0.0423, 0.03698, 0.04794, 0.02719, 0.03074, 0.03594, 0.02728, 0.02328, 0.03609, 0.02658, 0.02842, 0.03333, 0.05774, 0.03857, 0.03281, 0.0441], "cm5 charges": [-0.55131, 0.57446, -0.6717, 0.74278, -0.57308, -0.66953, 0.57401, -0.55421, -0.05825, -0.06034, -0.24157, -0.16434, -0.14831, -0.23657, -0.13328, -0.08622, -0.16971, 0.4826, 0.48319, 0.10733, 0.0893, 0.10432, 0.08032, 0.09095, 0.09558, 0.0815, 0.07838, 0.0879, 0.07852, 0.07921, 0.0953, 0.11561, 0.09492, 0.08596, 0.0963], "FUKUI+": [-0.13, -0.047, -0.03, -0.048, -0.136, -0.031, -0.053, -0.139, -0.004, 0.007, 0.015, 0.004, 0.006, 0.008, -0.002, -0.008, -0.022, -0.044, -0.045, -0.019, -0.032, -0.009, -0.012, 0.005, -0.002, -0.019, -0.015, -0.001, -0.002, -0.021, -0.02, -0.036, -0.037, -0.032, -0.049], "FUKUI-": [-0.037, 0.002, -0.014, -0.0, -0.069, -0.021, -0.003, -0.063, -0.01, -0.004, 0.016, 0.007, 0.008, 0.015, 0.01, -0.02, -0.03, -0.024, -0.027, -0.051, -0.035, -0.049, -0.036, -0.038, -0.042, -0.08, -0.059, -0.047, -0.056, -0.044, -0.032, -0.038, -0.029, -0.045, -0.051], "FUKUIrad": [-0.083, -0.023, -0.022, -0.024, -0.102, -0.026, -0.028, -0.101, -0.007, 0.002, 0.015, 0.006, 0.007, 0.011, 0.004, -0.014, -0.026, -0.034, -0.036, -0.035, -0.033, -0.029, -0.024, -0.016, -0.022, -0.049, -0.037, -0.024, -0.029, -0.033, -0.026, -0.037, -0.033, -0.038, -0.05], "s proportion": [1.73, 1.015, 1.434, 0.938, 1.721, 1.43, 1.014, 1.729, 1.115, 1.062, 1.013, 1.038, 1.027, 1.007, 1.039, 1.068, 1.052, 0.721, 0.72, 0.958, 0.963, 0.952, 0.973, 0.969, 0.964, 0.973, 0.977, 0.964, 0.973, 0.972, 0.967, 0.942, 0.961, 0.967, 0.956], "p proportion": [4.774, 2.509, 3.894, 2.487, 4.815, 3.896, 2.51, 4.777, 2.943, 2.935, 3.08, 3.02, 3.009, 3.079, 2.998, 2.954, 3.016, 0.0, 0.0, 0.0, 0.0, 0.0, 0.0, 0.0, 0.0, 0.0, 0.0, 0.0, 0.0, 0.0, 0.0, 0.0, 0.0, 0.0, 0.0], "d proportion": [0.0, 0.0, 0.0, 0.0, 0.0, 0.0, 0.0, 0.0, 0.0, 0.0, 0.0, 0.0, 0.0, 0.0, 0.0, 0.0, 0.0, 0.0, 0.0, 0.0, 0.0, 0.0, 0.0, 0.0, 0.0, 0.0, 0.0, 0.0, 0.0, 0.0, 0.0, 0.0, 0.0, 0.0, 0.0], "Fermi-level/eV": -9.7028, "Coordination numbers": [0.859, 2.77, 2.696, 2.708, 0.86, 2.696, 2.767, 0.859, 3.896, 3.841, 3.749, 3.798, 3.798, 3.749, 3.811, 2.883, 2.834, 0.86, 0.86, 0.924, 0.924, 0.924, 0.924, 0.924, 0.924, 0.924, 0.924, 0.924, 0.924, 0.924, 0.923, 0.924, 0.925, 0.925, 0.925], "Dispersion coefficient C6": [21.251, 22.257, 24.821, 21.235, 22.117, 24.826, 22.259, 21.254, 20.935, 20.745, 22.644, 21.653, 21.478, 22.509, 21.464, 28.741, 30.207, 0.95, 0.951, 2.149, 2.391, 2.243, 2.519, 2.625, 2.479, 2.559, 2.526, 2.431, 2.539, 2.567, 2.415, 2.123, 2.321, 2.43, 2.315], "Total dispersion C6": 11638.535792, "Total dispersion C8": 260464.935387, "Polarizability alpha": [6.181, 7.727, 7.399, 7.543, 6.305, 7.4, 7.727, 6.181, 6.504, 6.479, 6.787, 6.626, 6.599, 6.767, 6.595, 8.789, 9.007, 1.527, 1.527, 2.293, 2.418, 2.342, 2.482, 2.534, 2.462, 2.501, 2.485, 2.438, 2.492, 2.505, 2.43, 2.278, 2.382, 2.438, 2.379], "Total polarizability alpha": 162.530516, "Wiberg matrix": [[0.0, 1.7570380346402783, 0.13022186799074117, 0.0, 0.0, 0.0, 0.0, 0.0, 0.0, 0.0, 0.0, 0.0, 0.0, 0.0, 0.0, 0.0, 0.0, 0.0, 0.0, 0.0, 0.0, 0.0, 0.0, 0.0, 0.0, 0.0, 0.0, 0.0, 0.0, 0.0, 0.0, 0.0, 0.0, 0.0, 0.0], [1.7570380346402783, 0.0, 1.1326591466016414, 0.0, 0.0, 0.0, 0.0, 0.0, 0.9492374136045931, 0.0, 0.0, 0.0, 0.0, 0.0, 0.0, 0.0, 0.0, 0.0, 0.0, 0.0, 0.0, 0.0, 0.0, 0.0, 0.0, 0.0, 0.0, 0.0, 0.0, 0.0, 0.0, 0.0, 0.0, 0.0, 0.0], [0.13022186799074117, 1.1326591466016414, 0.0, 1.121117220588451, 0.11587218107496895, 0.0, 0.0, 0.0, 0.0, 0.0, 0.0, 0.0, 0.0, 0.0, 0.0, 0.0, 0.0, 0.9081447221565035, 0.0, 0.0, 0.0, 0.0, 0.0, 0.0, 0.0, 0.0, 0.0, 0.0, 0.0, 0.0, 0.0, 0.0, 0.0, 0.0, 0.0], [0.0, 0.0, 1.121117220588451, 0.0, 1.6530346231487527, 1.1233392950149133, 0.0, 0.0, 0.0, 0.0, 0.0, 0.0, 0.0, 0.0, 0.0, 0.0, 0.0, 0.0, 0.0, 0.0, 0.0, 0.0, 0.0, 0.0, 0.0, 0.0, 0.0, 0.0, 0.0, 0.0, 0.0, 0.0, 0.0, 0.0, 0.0], [0.0, 0.0, 0.11587218107496895, 1.6530346231487527, 0.0, 0.11474566621069572, 0.0, 0.0, 0.0, 0.0, 0.0, 0.0, 0.0, 0.0, 0.0, 0.0, 0.0, 0.0, 0.0, 0.0, 0.0, 0.0, 0.0, 0.0, 0.0, 0.0, 0.0, 0.0, 0.0, 0.0, 0.0, 0.0, 0.0, 0.0, 0.0], [0.0, 0.0, 0.0, 1.1233392950149133, 0.11474566621069572, 0.0, 1.13830876935037, 0.13363334798705712, 0.0, 0.0, 0.0, 0.0, 0.0, 0.0, 0.0, 0.0, 0.0, 0.0, 0.9088950343666343, 0.0, 0.0, 0.0, 0.0, 0.0, 0.0, 0.0, 0.0, 0.0, 0.0, 0.0, 0.0, 0.0, 0.0, 0.0, 0.0], [0.0, 0.0, 0.0, 0.0, 0.0, 1.13830876935037, 0.0, 1.7505910363887867, 0.9487472199630566, 0.0, 0.0, 0.0, 0.0, 0.0, 0.0, 0.0, 0.0, 0.0, 0.0, 0.0, 0.0, 0.0, 0.0, 0.0, 0.0, 0.0, 0.0, 0.0, 0.0, 0.0, 0.0, 0.0, 0.0, 0.0, 0.0], [0.0, 0.0, 0.0, 0.0, 0.0, 0.13363334798705712, 1.7505910363887867, 0.0, 0.0, 0.0, 0.0, 0.0, 0.0, 0.0, 0.0, 0.0, 0.0, 0.0, 0.0, 0.0, 0.0, 0.0, 0.0, 0.0, 0.0, 0.0, 0.0, 0.0, 0.0, 0.0, 0.0, 0.0, 0.0, 0.0, 0.0], [0.0, 0.9492374136045931, 0.0, 0.0, 0.0, 0.0, 0.9487472199630566, 0.0, 0.0, 0.9558429010946481, 0.0, 0.0, 0.0, 0.0, 0.9137060986547929, 0.0, 0.0, 0.0, 0.0, 0.0, 0.0, 0.0, 0.0, 0.0, 0.0, 0.0, 0.0, 0.0, 0.0, 0.0, 0.0, 0.0, 0.0, 0.0, 0.0], [0.0, 0.0, 0.0, 0.0, 0.0, 0.0, 0.0, 0.0, 0.9558429010946481, 0.0, 1.0109826754681324, 0.9931083621850674, 0.0, 0.0, 0.0, 0.0, 0.0, 0.0, 0.0, 0.9600570347583681, 0.0, 0.0, 0.0, 0.0, 0.0, 0.0, 0.0, 0.0, 0.0, 0.0, 0.0, 0.0, 0.0, 0.0, 0.0], [0.0, 0.0, 0.0, 0.0, 0.0, 0.0, 0.0, 0.0, 0.0, 1.0109826754681324, 0.0, 0.0, 0.0, 0.0, 0.0, 0.0, 0.0, 0.0, 0.0, 0.0, 0.9810035450300687, 0.983791941124574, 0.9818767748368128, 0.0, 0.0, 0.0, 0.0, 0.0, 0.0, 0.0, 0.0, 0.0, 0.0, 0.0, 0.0], [0.0, 0.0, 0.0, 0.0, 0.0, 0.0, 0.0, 0.0, 0.0, 0.9931083621850674, 0.0, 0.0, 1.0060935585217103, 0.0, 0.0, 0.0, 0.0, 0.0, 0.0, 0.0, 0.0, 0.0, 0.0, 0.9762457670843017, 0.9760826495160155, 0.0, 0.0, 0.0, 0.0, 0.0, 0.0, 0.0, 0.0, 0.0, 0.0], [0.0, 0.0, 0.0, 0.0, 0.0, 0.0, 0.0, 0.0, 0.0, 0.0, 0.0, 1.0060935585217103, 0.0, 1.0215475248329975, 0.0, 0.0, 0.0, 0.0, 0.0, 0.0, 0.0, 0.0, 0.0, 0.0, 0.0, 0.9767469749131845, 0.9755285297368224, 0.0, 0.0, 0.0, 0.0, 0.0, 0.0, 0.0, 0.0], [0.0, 0.0, 0.0, 0.0, 0.0, 0.0, 0.0, 0.0, 0.0, 0.0, 0.0, 0.0, 1.0215475248329975, 0.0, 0.0, 0.0, 0.0, 0.0, 0.0, 0.0, 0.0, 0.0, 0.0, 0.0, 0.0, 0.0, 0.0, 0.986702743127762, 0.9853031700079425, 0.9868774122921, 0.0, 0.0, 0.0, 0.0, 0.0], [0.0, 0.0, 0.0, 0.0, 0.0, 0.0, 0.0, 0.0, 0.9137060986547929, 0.0, 0.0, 0.0, 0.0, 0.0, 0.0, 1.0215037912738194, 0.0, 0.0, 0.0, 0.0, 0.0, 0.0, 0.0, 0.0, 0.0, 0.0, 0.0, 0.0, 0.0, 0.0, 0.9717706541138154, 0.9540623591834387, 0.0, 0.0, 0.0], [0.0, 0.0, 0.0, 0.0, 0.0, 0.0, 0.0, 0.0, 0.0, 0.0, 0.0, 0.0, 0.0, 0.0, 1.0215037912738194, 0.0, 1.9771244299234128, 0.0, 0.0, 0.0, 0.0, 0.0, 0.0, 0.0, 0.0, 0.0, 0.0, 0.0, 0.0, 0.0, 0.0, 0.0, 0.9643942729565796, 0.0, 0.0], [0.0, 0.0, 0.0, 0.0, 0.0, 0.0, 0.0, 0.0, 0.0, 0.0, 0.0, 0.0, 0.0, 0.0, 0.0, 1.9771244299234128, 0.0, 0.0, 0.0, 0.0, 0.0, 0.0, 0.0, 0.0, 0.0, 0.0, 0.0, 0.0, 0.0, 0.0, 0.0, 0.0, 0.0, 0.9757451870397096, 0.9761088217776568], [0.0, 0.0, 0.9081447221565035, 0.0, 0.0, 0.0, 0.0, 0.0, 0.0, 0.0, 0.0, 0.0, 0.0, 0.0, 0.0, 0.0, 0.0, 0.0, 0.0, 0.0, 0.0, 0.0, 0.0, 0.0, 0.0, 0.0, 0.0, 0.0, 0.0, 0.0, 0.0, 0.0, 0.0, 0.0, 0.0], [0.0, 0.0, 0.0, 0.0, 0.0, 0.9088950343666343, 0.0, 0.0, 0.0, 0.0, 0.0, 0.0, 0.0, 0.0, 0.0, 0.0, 0.0, 0.0, 0.0, 0.0, 0.0, 0.0, 0.0, 0.0, 0.0, 0.0, 0.0, 0.0, 0.0, 0.0, 0.0, 0.0, 0.0, 0.0, 0.0], [0.0, 0.0, 0.0, 0.0, 0.0, 0.0, 0.0, 0.0, 0.0, 0.9600570347583681, 0.0, 0.0, 0.0, 0.0, 0.0, 0.0, 0.0, 0.0, 0.0, 0.0, 0.0, 0.0, 0.0, 0.0, 0.0, 0.0, 0.0, 0.0, 0.0, 0.0, 0.0, 0.0, 0.0, 0.0, 0.0], [0.0, 0.0, 0.0, 0.0, 0.0, 0.0, 0.0, 0.0, 0.0, 0.0, 0.9810035450300687, 0.0, 0.0, 0.0, 0.0, 0.0, 0.0, 0.0, 0.0, 0.0, 0.0, 0.0, 0.0, 0.0, 0.0, 0.0, 0.0, 0.0, 0.0, 0.0, 0.0, 0.0, 0.0, 0.0, 0.0], [0.0, 0.0, 0.0, 0.0, 0.0, 0.0, 0.0, 0.0, 0.0, 0.0, 0.983791941124574, 0.0, 0.0, 0.0, 0.0, 0.0, 0.0, 0.0, 0.0, 0.0, 0.0, 0.0, 0.0, 0.0, 0.0, 0.0, 0.0, 0.0, 0.0, 0.0, 0.0, 0.0, 0.0, 0.0, 0.0], [0.0, 0.0, 0.0, 0.0, 0.0, 0.0, 0.0, 0.0, 0.0, 0.0, 0.9818767748368128, 0.0, 0.0, 0.0, 0.0, 0.0, 0.0, 0.0, 0.0, 0.0, 0.0, 0.0, 0.0, 0.0, 0.0, 0.0, 0.0, 0.0, 0.0, 0.0, 0.0, 0.0, 0.0, 0.0, 0.0], [0.0, 0.0, 0.0, 0.0, 0.0, 0.0, 0.0, 0.0, 0.0, 0.0, 0.0, 0.9762457670843017, 0.0, 0.0, 0.0, 0.0, 0.0, 0.0, 0.0, 0.0, 0.0, 0.0, 0.0, 0.0, 0.0, 0.0, 0.0, 0.0, 0.0, 0.0, 0.0, 0.0, 0.0, 0.0, 0.0], [0.0, 0.0, 0.0, 0.0, 0.0, 0.0, 0.0, 0.0, 0.0, 0.0, 0.0, 0.9760826495160155, 0.0, 0.0, 0.0, 0.0, 0.0, 0.0, 0.0, 0.0, 0.0, 0.0, 0.0, 0.0, 0.0, 0.0, 0.0, 0.0, 0.0, 0.0, 0.0, 0.0, 0.0, 0.0, 0.0], [0.0, 0.0, 0.0, 0.0, 0.0, 0.0, 0.0, 0.0, 0.0, 0.0, 0.0, 0.0, 0.9767469749131845, 0.0, 0.0, 0.0, 0.0, 0.0, 0.0, 0.0, 0.0, 0.0, 0.0, 0.0, 0.0, 0.0, 0.0, 0.0, 0.0, 0.0, 0.0, 0.0, 0.0, 0.0, 0.0], [0.0, 0.0, 0.0, 0.0, 0.0, 0.0, 0.0, 0.0, 0.0, 0.0, 0.0, 0.0, 0.9755285297368224, 0.0, 0.0, 0.0, 0.0, 0.0, 0.0, 0.0, 0.0, 0.0, 0.0, 0.0, 0.0, 0.0, 0.0, 0.0, 0.0, 0.0, 0.0, 0.0, 0.0, 0.0, 0.0], [0.0, 0.0, 0.0, 0.0, 0.0, 0.0, 0.0, 0.0, 0.0, 0.0, 0.0, 0.0, 0.0, 0.986702743127762, 0.0, 0.0, 0.0, 0.0, 0.0, 0.0, 0.0, 0.0, 0.0, 0.0, 0.0, 0.0, 0.0, 0.0, 0.0, 0.0, 0.0, 0.0, 0.0, 0.0, 0.0], [0.0, 0.0, 0.0, 0.0, 0.0, 0.0, 0.0, 0.0, 0.0, 0.0, 0.0, 0.0, 0.0, 0.9853031700079425, 0.0, 0.0, 0.0, 0.0, 0.0, 0.0, 0.0, 0.0, 0.0, 0.0, 0.0, 0.0, 0.0, 0.0, 0.0, 0.0, 0.0, 0.0, 0.0, 0.0, 0.0], [0.0, 0.0, 0.0, 0.0, 0.0, 0.0, 0.0, 0.0, 0.0, 0.0, 0.0, 0.0, 0.0, 0.9868774122921, 0.0, 0.0, 0.0, 0.0, 0.0, 0.0, 0.0, 0.0, 0.0, 0.0, 0.0, 0.0, 0.0, 0.0, 0.0, 0.0, 0.0, 0.0, 0.0, 0.0, 0.0], [0.0, 0.0, 0.0, 0.0, 0.0, 0.0, 0.0, 0.0, 0.0, 0.0, 0.0, 0.0, 0.0, 0.0, 0.9717706541138154, 0.0, 0.0, 0.0, 0.0, 0.0, 0.0, 0.0, 0.0, 0.0, 0.0, 0.0, 0.0, 0.0, 0.0, 0.0, 0.0, 0.0, 0.0, 0.0, 0.0], [0.0, 0.0, 0.0, 0.0, 0.0, 0.0, 0.0, 0.0, 0.0, 0.0, 0.0, 0.0, 0.0, 0.0, 0.9540623591834387, 0.0, 0.0, 0.0, 0.0, 0.0, 0.0, 0.0, 0.0, 0.0, 0.0, 0.0, 0.0, 0.0, 0.0, 0.0, 0.0, 0.0, 0.0, 0.0, 0.0], [0.0, 0.0, 0.0, 0.0, 0.0, 0.0, 0.0, 0.0, 0.0, 0.0, 0.0, 0.0, 0.0, 0.0, 0.0, 0.9643942729565796, 0.0, 0.0, 0.0, 0.0, 0.0, 0.0, 0.0, 0.0, 0.0, 0.0, 0.0, 0.0, 0.0, 0.0, 0.0, 0.0, 0.0, 0.0, 0.0], [0.0, 0.0, 0.0, 0.0, 0.0, 0.0, 0.0, 0.0, 0.0, 0.0, 0.0, 0.0, 0.0, 0.0, 0.0, 0.0, 0.9757451870397096, 0.0, 0.0, 0.0, 0.0, 0.0, 0.0, 0.0, 0.0, 0.0, 0.0, 0.0, 0.0, 0.0, 0.0, 0.0, 0.0, 0.0, 0.0], [0.0, 0.0, 0.0, 0.0, 0.0, 0.0, 0.0, 0.0, 0.0, 0.0, 0.0, 0.0, 0.0, 0.0, 0.0, 0.0, 0.9761088217776568, 0.0, 0.0, 0.0, 0.0, 0.0, 0.0, 0.0, 0.0, 0.0, 0.0, 0.0, 0.0, 0.0, 0.0, 0.0, 0.0, 0.0, 0.0]], "Born radii": [], "Atomic SASAs": [], "Solvent H bonds": [], "Total SASA": NaN, "Total FOD": 0.0, "FOD": [0.0, 0.0, 0.0, 0.0, 0.0, 0.0, 0.0, 0.0, 0.0, 0.0, 0.0, 0.0, 0.0, 0.0, 0.0, 0.0, 0.0, 0.0, 0.0, 0.0, 0.0, 0.0, 0.0, 0.0, 0.0, 0.0, 0.0, 0.0, 0.0, 0.0, 0.0, 0.0, 0.0, 0.0, 0.0], "FOD s proportion": [0.0, 0.0, 0.0, 0.0, 0.0, 0.0, 0.0, 0.0, 0.0, 0.0, 0.0, 0.0, 0.0, 0.0, 0.0, 0.0, 0.0, 0.0, 0.0, 0.0, 0.0, 0.0, 0.0, 0.0, 0.0, 0.0, 0.0, 0.0, 0.0, 0.0, 0.0, 0.0, 0.0, 0.0, 0.0], "FOD p proportion": [0.0, 0.0, 0.0, 0.0, 0.0, 0.0, 0.0, 0.0, 0.0, 0.0, 0.0, 0.0, 0.0, 0.0, 0.0, 0.0, 0.0, 0.0, 0.0, 0.0, 0.0, 0.0, 0.0, 0.0, 0.0, 0.0, 0.0, 0.0, 0.0, 0.0, 0.0, 0.0, 0.0, 0.0, 0.0], "FOD d proportion": [0.0, 0.0, 0.0, 0.0, 0.0, 0.0, 0.0, 0.0, 0.0, 0.0, 0.0, 0.0, 0.0, 0.0, 0.0, 0.0, 0.0, 0.0, 0.0, 0.0, 0.0, 0.0, 0.0, 0.0, 0.0, 0.0, 0.0, 0.0, 0.0, 0.0, 0.0, 0.0, 0.0, 0.0, 0.0], "coordinates": [["-1.11890", "-0.55080", "1.81820"], ["-1.46830", "0.11850", "0.84850"], ["-2.67370", "0.76320", "0.87200"], ["-2.87170", "1.96330", "0.26820"], ["-3.70980", "2.75810", "0.68020"], ["-2.03790", "2.28000", "-0.75800"], ["-0.82040", "1.69330", "-0.97750"], ["0.02610", "2.29440", "-1.63330"], ["-0.64960", "0.27280", "-0.43880"], ["0.86120", "-0.08420", "-0.15510"], ["1.72240", "-0.25900", "-1.41780"], ["1.52590", "0.93470", "0.81530"], ["2.91100", "0.54690", "1.34980"], ["2.92120", "-0.75010", "2.14320"], ["-1.32040", "-0.65090", "-1.50480"], ["-1.29450", "-2.12540", "-1.19540"], ["-2.39030", "-2.86330", "-0.97670"], ["-3.19240", "0.64880", "1.73330"], ["-2.12850", "3.22670", "-1.10310"], ["0.86520", "-1.05920", "0.34800"], ["2.71110", "-0.65310", "-1.16180"], ["1.87490", "0.68530", "-1.94690"], ["1.28810", "-0.97590", "-2.11860"], ["0.87420", "1.10950", "1.67890"], ["1.63030", "1.90480", "0.31550"], ["3.25860", "1.35450", "2.00620"], ["3.63810", "0.48590", "0.53350"], ["2.16990", "-0.73110", "2.93890"], ["2.72720", "-1.61470", "1.50200"], ["3.90190", "-0.89830", "2.60670"], ["-2.36450", "-0.34360", "-1.66130"], ["-0.84620", "-0.49960", "-2.48310"], ["-0.32400", "-2.61750", "-1.16200"], ["-3.38900", "-2.43900", "-1.00270"], ["-2.30740", "-3.92510", "-0.76130"]], "bond_dist": [[0.0, 1.22896742837229, 2.2448370720388597, 3.4344587128105064, 4.3539207640929805, 3.93634298302371, 3.597363694429575, 4.6172546269401264, 2.4479804839908343, 2.8341532174531423, 4.316228553957725, 3.1949156013891824, 4.202908262144202, 4.058047991337707, 3.3306082417480445, 3.4047004978411834, 3.8439016922913107, 2.397008639951054, 4.880859770573213, 2.5212321214041364, 4.853840262101752, 4.966564170530771, 4.633870223689913, 2.5977775482130876, 3.980725975246224, 4.777867551533842, 5.035300386272898, 3.479178354152026, 4.003042700246901, 5.094204662162681, 3.7015363634577465, 4.310239949237165, 3.7127761769328353, 4.083641764405884, 4.410470835409752], [1.22896742837229, 0.0, 1.3671793956902658, 2.389469960053903, 3.467006677236143, 2.7527020652442573, 2.4968070510153564, 3.623134473077145, 1.5333686673465061, 2.5445766838513633, 3.9318174461691378, 3.1036298619519695, 4.428667603241408, 4.658156749187387, 2.480296687898446, 3.0402007927109023, 3.6156009569641396, 2.0091316382955102, 3.7290097666806936, 2.6613342123829544, 4.70149518876708, 4.394600054612479, 4.195132266091261, 2.675621686636584, 3.616113749593616, 5.021110325416083, 5.129281501341099, 4.281132041878643, 4.586203739477782, 5.741445594969963, 2.704774831663442, 3.445085569329157, 3.582907860942003, 3.6955156852596365, 4.432408578865445], [2.2448370720388597, 1.3671793956902658, 0.0, 1.3579464091045714, 2.2560843202327345, 2.3155612451412293, 2.778571062614739, 3.9887368389002553, 2.4608270174882265, 3.777371993860282, 5.061005047418941, 4.203482758380246, 5.609273805048208, 5.9337115147266815, 3.0790059986950333, 3.81055709312956, 4.080381048382614, 1.0119163700622695, 3.20423084374394, 4.0149135694308535, 5.927758359616222, 5.351824696306859, 5.259659343531671, 3.6549426411367936, 4.487466858930548, 6.068626584326967, 6.3269500377354015, 5.474072438322314, 5.934730762216598, 7.000591525007011, 2.781765585019701, 4.023818596805775, 4.592099582979445, 3.77892035110559, 4.978152415304296], [3.4344587128105064, 2.389469960053903, 1.3579464091045714, 0.0, 1.2263207777739071, 1.3596351606221426, 2.4150569724128665, 3.481748741652677, 2.8801679916282663, 4.278549000537448, 5.374659812490461, 4.5493100718680415, 6.051088068273343, 6.666022424954779, 3.5191053309044333, 4.620297878925125, 5.007752942188742, 1.994311096594511, 2.0072342887665107, 4.80690086230203, 6.329147241137625, 5.391675395459188, 5.624913058883666, 4.092776043225429, 4.502628514545699, 6.40092645872455, 6.68061306243671, 6.309529333476468, 6.7581082893070015, 7.716151486978466, 3.0499196218916986, 4.21167168117364, 5.43322887149069, 4.6111854647151205, 6.004295071030404], [4.3539207640929805, 3.467006677236143, 2.2560843202327345, 1.2263207777739071, 0.0, 2.2566010857038954, 3.4971989777534827, 4.418625210401986, 4.098011850885744, 5.4470575891943716, 6.55845204678665, 5.545772629670279, 7.01232930202226, 7.643166702355772, 4.701567649199573, 5.761954677017166, 6.0072069899413325, 2.4136836702434725, 2.4290439559629218, 5.967642845378735, 7.500480401280973, 6.510532108821828, 6.837765852235655, 4.97275976194306, 5.420128687586669, 7.230972792093745, 7.69259696981455, 7.200494039994756, 7.825068950494941, 8.661330157660544, 4.112541456326003, 5.368359259587607, 6.614712226544705, 5.472194574391522, 6.97924138069461], [3.93634298302371, 2.7527020652442573, 2.3155612451412293, 1.3596351606221426, 2.2566010857038954, 0.0, 1.3691980828207435, 2.2419753455379476, 2.4613243122351838, 3.789157011790353, 4.584944179594775, 4.121380280925312, 5.651377501105372, 6.4954707496839665, 3.1084869792231715, 4.4890434927721525, 5.159995187982252, 3.1937844917902645, 1.0117031481615546, 4.560864199907733, 5.596349796965876, 4.38936842153857, 4.849164172308461, 3.9735221491769743, 3.8404255662621556, 6.04568144546171, 6.091284188083823, 6.359195991632904, 6.556101440642907, 7.530207236192109, 2.793903257093917, 3.4817086408830935, 5.204438054199512, 4.914703480373968, 6.21095058344534], [3.597363694429575, 2.4968070510153564, 2.778571062614739, 2.4150569724128665, 3.4971989777534827, 1.3691980828207435, 0.0, 1.227989047182425, 1.5287872906326767, 2.5814001181529376, 3.2359189143116676, 3.0487258797733854, 4.544656665799959, 5.450554339697936, 2.4542450835236482, 3.8541822621666455, 4.819459535051623, 3.7504400928424384, 2.019459464807353, 3.489191003656865, 4.243942942594775, 3.0365181458374324, 3.587828047719121, 3.204520644339805, 2.778940758634484, 5.065125085326127, 4.859954527565048, 5.491611640493162, 5.447591211719176, 6.4701620914780795, 2.6459003873917855, 2.660132968481087, 4.343207322935437, 4.865618592738234, 5.815868808699179], [4.6172546269401264, 3.623134473077145, 3.9887368389002553, 3.481748741652677, 4.418625210401986, 2.2419753455379476, 1.227989047182425, 0.0, 2.4434130432655055, 2.9223629497377632, 3.0730645128275453, 3.177078231646177, 4.502809108767548, 5.649118206410626, 3.2410440586329585, 4.63361336431947, 5.733409265873143, 4.939710231379975, 2.4067813548388646, 3.984503916424227, 4.014883995833504, 2.4709530974909257, 3.538788236105687, 3.618553641995652, 2.5540296082856986, 4.9576636140424055, 4.583910829193779, 5.886810811466596, 5.692724313542682, 6.572119820118925, 3.560168024124704, 3.0478686536660335, 4.946863178823526, 5.870744410208981, 6.699834811396473], [2.4479804839908343, 1.5333686673465061, 2.4608270174882265, 2.8801679916282663, 4.098011850885744, 2.4613243122351838, 1.5287872906326767, 2.4434130432655055, 0.0, 1.5781163867091679, 2.62061753027793, 2.5968593858736364, 3.9940071519715636, 4.523677823408736, 1.5619059926897008, 2.596093759863076, 3.626912751914499, 3.3652973494180274, 3.3695644985665436, 2.1651552554031777, 3.560101726074692, 2.969448115391141, 2.852308016326427, 2.7398333197477545, 2.9035041759914866, 4.735200854240504, 4.401721275819267, 4.512898486560495, 4.328064131918564, 5.600240861784428, 2.1943876640192816, 2.1941777070237496, 2.99714325483451, 3.8956584565385093, 4.5248946396573695], [2.8341532174531423, 2.5445766838513633, 3.777371993860282, 4.278549000537448, 5.4470575891943716, 3.789157011790353, 2.5814001181529376, 2.9223629497377632, 1.5781163867091679, 0.0, 1.5383860926308452, 1.556168197850091, 2.6200555833798647, 3.157404899597136, 2.627207174929301, 3.145753331079854, 4.355533907570919, 4.531557846921962, 4.560599620663932, 1.0971556908661595, 2.181564142994654, 2.197786427294518, 2.198341363391955, 2.1882972124462436, 2.183826955140906, 3.5339216375013187, 2.917251716941821, 3.4211125821872628, 2.9275188573261146, 4.187619197109498, 3.5694631655194313, 2.916737204480376, 2.972567163244592, 4.9323127273116, 5.015976197112582], [4.316228553957725, 3.9318174461691378, 5.061005047418941, 5.374659812490461, 6.55845204678665, 4.584944179594775, 3.2359189143116676, 3.0730645128275453, 2.62061753027793, 1.5383860926308452, 0.0, 2.539737693148645, 3.117988859826154, 3.7893299737552546, 3.0691670612724877, 3.554517735220912, 4.88786752991527, 5.908366194642983, 5.203707465836256, 2.1197078855351745, 1.0947047547169968, 1.0931173541756622, 1.092557888626502, 3.4902415933571134, 2.773957775453693, 4.084980867764255, 2.834140820425125, 4.404993706011394, 3.372354899769596, 4.621203846401931, 4.095021492007093, 2.7911392673960216, 3.1330031678886, 5.572353001201557, 5.487309860031599], [3.1949156013891824, 3.1036298619519695, 4.203482758380246, 4.5493100718680415, 5.545772629670279, 4.121380280925312, 3.0487258797733854, 3.177078231646177, 2.5968593858736364, 1.556168197850091, 2.539737693148645, 0.0, 1.5344644342571123, 2.5590489522476902, 3.999801877593439, 4.6218808573999395, 5.74218516246211, 4.815269224041373, 4.721033988439397, 2.1518668615878633, 2.7990591794386916, 2.795308605503156, 3.509232168153028, 1.0959347106465787, 1.0962633853230712, 2.1439972341400066, 2.177664234908587, 2.7747617194995318, 2.900710075136776, 3.4949075753158336, 4.785688102039246, 4.308540061320075, 4.4665389441938155, 6.232432727274317, 6.387293048702244], [4.202908262144202, 4.428667603241408, 5.609273805048208, 6.051088068273343, 7.01232930202226, 5.651377501105372, 4.544656665799959, 4.502809108767548, 3.9940071519715636, 2.6200555833798647, 3.117988859826154, 1.5344644342571123, 0.0, 1.520459338489524, 5.242920174864386, 5.595128289860743, 6.719066005033735, 6.116285426629467, 6.212455770466298, 2.7871953806649437, 2.79071578094223, 3.458451772108439, 4.120985660009023, 2.138546190756702, 2.133977832593394, 1.097225810852078, 1.0948703576223078, 2.1697354723560194, 2.1747325904579626, 2.1564515899968635, 6.139268173813552, 5.468348608126589, 5.175692378803053, 7.357979006493562, 7.189382850426036], [4.058047991337707, 4.658156749187387, 5.9337115147266815, 6.666022424954779, 7.643166702355772, 6.4954707496839665, 5.450554339697936, 5.649118206410626, 4.523677823408736, 3.157404899597136, 3.7893299737552546, 2.5590489522476902, 1.520459338489524, 0.0, 5.5954369981262415, 5.550660009404288, 6.5124052776220855, 6.2849856149397825, 7.200893834795788, 2.746893126788882, 3.313091609056411, 4.459151809481261, 4.569566772682067, 2.804263833878688, 3.472089300406889, 2.1358719343631067, 2.152388371089196, 1.0945095614018177, 1.0937580171134749, 1.0947912951791314, 6.525188655510276, 5.971490994718153, 4.994282014464141, 7.250358202185599, 6.7716322411956185], [3.3306082417480445, 2.480296687898446, 3.0790059986950333, 3.5191053309044333, 4.701567649199573, 3.1084869792231715, 2.4542450835236482, 3.2410440586329585, 1.5619059926897008, 2.627207174929301, 3.0691670612724877, 3.999801877593439, 5.242920174864386, 5.5954369981262415, 0.0, 1.5068342377315427, 2.5136207709199097, 3.9596585332576346, 3.981227230390147, 2.894205260516261, 4.046065507378742, 3.491536186265295, 2.6993791304668564, 4.248673088153524, 4.307171353684457, 6.108681622085079, 5.480301394996447, 5.651114564402318, 5.1335000185058925, 6.651169543771982, 1.0995773506215922, 1.0976466735703252, 2.2311074290584934, 2.7800201402148152, 3.499620963761647], [3.4047004978411834, 3.0402007927109023, 3.81055709312956, 4.620297878925125, 5.761954677017166, 4.4890434927721525, 3.8541822621666455, 4.63361336431947, 2.596093759863076, 3.145753331079854, 3.554517735220912, 4.6218808573999395, 5.595128289860743, 5.550660009404288, 1.5068342377315427, 0.0, 1.3390682357520096, 4.458193999816518, 5.417476322052548, 2.860624073519623, 4.267742683199164, 4.30231136716068, 2.9737974460275534, 4.840396490991208, 5.203824160172978, 6.564348115388153, 5.842818297705312, 5.571227543369594, 4.8693790302255175, 6.5547167581826145, 2.1299704340671024, 2.121878841970012, 1.0886451304258886, 2.126595518663575, 2.110291285581211], [3.8439016922913107, 3.6156009569641396, 4.080381048382614, 5.007752942188742, 6.0072069899413325, 5.159995187982252, 4.819459535051623, 5.733409265873143, 3.626912751914499, 4.355533907570919, 4.88786752991527, 5.74218516246211, 6.719066005033735, 6.5124052776220855, 2.5136207709199097, 1.3390682357520096, 0.0, 4.508027375693276, 6.096934984071915, 3.950681858869428, 5.562690716730528, 5.63256433962365, 4.289153871103251, 5.787254223723026, 6.3694413263645036, 7.654906953059586, 7.0597061723559005, 6.377587650514887, 5.821663155834421, 7.502916859462058, 2.611174235856352, 3.200088039413916, 2.0891025393694775, 1.0854069190861093, 1.086595053366248], [2.397008639951054, 2.0091316382955102, 1.0119163700622695, 1.994311096594511, 2.4136836702434725, 3.1937844917902645, 3.7504400928424384, 4.939710231379975, 3.3652973494180274, 4.531557846921962, 5.908366194642983, 4.815269224041373, 6.116285426629467, 6.2849856149397825, 3.9596585332576346, 4.458193999816518, 4.508027375693276, 0.0, 3.9777652746234287, 4.615239739168487, 6.70282476796164, 6.262805567794676, 6.12794124890244, 4.092974396450582, 5.181324939626929, 6.495220388870574, 6.936986860301813, 5.666732450010323, 6.341813313240937, 7.313373945040689, 3.632297527736405, 4.959990520152231, 5.2229490079839, 4.130236845508984, 5.284582799994717], [4.880859770573213, 3.7290097666806936, 3.20423084374394, 2.0072342887665107, 2.4290439559629218, 1.0117031481615546, 2.019459464807353, 2.4067813548388646, 3.3695644985665436, 4.560599620663932, 5.203707465836256, 4.721033988439397, 6.212455770466298, 7.200893834795788, 3.981227230390147, 5.417476322052548, 6.096934984071915, 3.9777652746234287, 0.0, 5.425575518781394, 6.203065523593959, 4.816422319523071, 5.5105573738053035, 4.6084994445046865, 4.229470771857869, 6.4956697683918625, 6.591215347718507, 7.104800306834809, 7.3350884425479155, 8.194142127154008, 3.621370642450176, 4.175404768402699, 6.116728136839171, 5.8050923248472115, 7.162197685766569], [2.5212321214041364, 2.6613342123829544, 4.0149135694308535, 4.80690086230203, 5.967642845378735, 4.560864199907733, 3.489191003656865, 3.984503916424227, 2.1651552554031777, 1.0971556908661595, 2.1197078855351745, 2.1518668615878633, 2.7871953806649437, 2.746893126788882, 2.894205260516261, 2.860624073519623, 3.950681858869428, 4.615239739168487, 5.425575518781394, 0.0, 2.419041144751366, 3.0543968880942765, 2.5039766093156697, 2.5445305067929525, 3.0613281856083314, 3.782054797329092, 3.1797356289477903, 2.919358578523714, 2.259942532455195, 3.788028694453092, 3.8704433777023532, 3.3551705366493665, 2.4743879101709174, 4.6718792974562176, 4.416935596089216], [4.853840262101752, 4.70149518876708, 5.927758359616222, 6.329147241137625, 7.500480401280973, 5.596349796965876, 4.243942942594775, 4.014883995833504, 3.560101726074692, 2.181564142994654, 1.0947047547169968, 2.7990591794386916, 2.79071578094223, 3.313091609056411, 4.046065507378742, 4.267742683199164, 5.562690716730528, 6.70282476796164, 6.203065523593959, 2.419041144751366, 0.0, 1.7626477271423238, 1.7448768094051799, 3.8145165958480245, 3.1453769789963175, 3.790308432040854, 2.242920437732913, 4.136994311091085, 2.8320953744533397, 3.9597626103088555, 5.109501527546498, 3.797865088441136, 3.6153422258480594, 6.358142152390114, 6.004308994380619], [4.966564170530771, 4.394600054612479, 5.351824696306859, 5.391675395459188, 6.510532108821828, 4.38936842153857, 3.0365181458374324, 2.4709530974909257, 2.969448115391141, 2.197786427294518, 1.0931173541756622, 2.795308605503156, 3.458451772108439, 4.459151809481261, 3.491536186265295, 4.30231136716068, 5.63256433962365, 6.262805567794676, 4.816422319523071, 3.0543968880942765, 1.7626477271423238, 0.0, 1.770141398306926, 3.7852043234150514, 2.5817558308252155, 4.241397639929555, 3.049757164103398, 5.095513281309352, 4.232177512817722, 5.229893968332437, 4.371809114085381, 3.0159382719147287, 4.044714706873651, 6.19365863928583, 6.3366449174622375], [4.633870223689913, 4.195132266091261, 5.259659343531671, 5.624913058883666, 6.837765852235655, 4.849164172308461, 3.587828047719121, 3.538788236105687, 2.852308016326427, 2.198341363391955, 1.092557888626502, 3.509232168153028, 4.120985660009023, 4.569566772682067, 2.6993791304668564, 2.9737974460275534, 4.289153871103251, 6.12794124890244, 5.5105573738053035, 2.5039766093156697, 1.7448768094051799, 1.770141398306926, 0.0, 4.35215034437001, 3.7868689097987005, 5.131043699872376, 3.833144094604324, 5.139630777594826, 3.9481411588239848, 5.400595549566733, 3.7350252127663075, 2.2169705523529175, 2.491746481887754, 5.026048032997695, 4.844343524152679], [2.5977775482130876, 2.675621686636584, 3.6549426411367936, 4.092776043225429, 4.97275976194306, 3.9735221491769743, 3.204520644339805, 3.618553641995652, 2.7398333197477545, 2.1882972124462436, 3.4902415933571134, 1.0959347106465787, 2.138546190756702, 2.804263833878688, 4.248673088153524, 4.840396490991208, 5.787254223723026, 4.092974396450582, 4.6084994445046865, 2.5445305067929525, 3.8145165958480245, 3.7852043234150514, 4.35215034437001, 0.0, 1.7501568101173106, 2.4191969018664023, 3.0561350313754136, 2.5795826891185323, 3.299419380739587, 3.749538767635294, 4.874178222018559, 4.782386744085008, 4.837036804697686, 6.160982474411041, 6.436175243108286], [3.980725975246224, 3.616113749593616, 4.487466858930548, 4.502628514545699, 5.420128687586669, 3.8404255662621556, 2.778940758634484, 2.5540296082856986, 2.9035041759914866, 2.183826955140906, 2.773957775453693, 1.0962633853230712, 2.133977832593394, 3.472089300406889, 4.307171353684457, 5.203824160172978, 6.3694413263645036, 5.181324939626929, 4.229470771857869, 3.0613281856083314, 3.1453769789963175, 2.5817558308252155, 3.7868689097987005, 1.7501568101173106, 0.0, 2.4109453477837275, 2.468210292904557, 3.757840407734208, 3.8727060448735324, 4.274006739582894, 4.992140606994158, 4.4436869342922884, 5.143295833412658, 6.7675418114703945, 7.117071977997694], [4.777867551533842, 5.021110325416083, 6.068626584326967, 6.40092645872455, 7.230972792093745, 6.04568144546171, 5.065125085326127, 4.9576636140424055, 4.735200854240504, 3.5339216375013187, 4.084980867764255, 2.1439972341400066, 1.097225810852078, 2.1358719343631067, 6.108681622085079, 6.564348115388153, 7.654906953059586, 6.495220388870574, 6.4956697683918625, 3.782054797329092, 3.790308432040854, 4.241397639929555, 5.131043699872376, 2.4191969018664023, 2.4109453477837275, 0.0, 1.7513798845481812, 2.530795199141961, 3.0582269765339527, 2.4185828453869425, 6.924835988671501, 6.359314769690206, 6.216855957797318, 8.22403229687238, 8.155586331466305], [5.035300386272898, 5.129281501341099, 6.3269500377354015, 6.68061306243671, 7.69259696981455, 6.091284188083823, 4.859954527565048, 4.583910829193779, 4.401721275819267, 2.917251716941821, 2.834140820425125, 2.177664234908587, 1.0948703576223078, 2.152388371089196, 5.480301394996447, 5.842818297705312, 7.0597061723559005, 6.936986860301813, 6.591215347718507, 3.1797356289477903, 2.242920437732913, 3.049757164103398, 3.833144094604324, 3.0561350313754136, 2.468210292904557, 1.7513798845481812, 0.0, 3.0696334308838895, 2.4860111463949632, 2.50674257154579, 6.4448757978722915, 5.493635617694352, 5.3107483672266005, 7.764990976169901, 7.515477249649552], [3.479178354152026, 4.281132041878643, 5.474072438322314, 6.309529333476468, 7.200494039994756, 6.359195991632904, 5.491611640493162, 5.886810811466596, 4.512898486560495, 3.4211125821872628, 4.404993706011394, 2.7747617194995318, 2.1697354723560194, 1.0945095614018177, 5.651114564402318, 5.571227543369594, 6.377587650514887, 5.666732450010323, 7.104800306834809, 2.919358578523714, 4.136994311091085, 5.095513281309352, 5.139630777594826, 2.5795826891185323, 3.757840407734208, 2.530795199141961, 3.0696334308838895, 0.0, 1.7765173401911953, 1.7714786704897125, 6.470917991289953, 6.208746689952812, 5.157075041144932, 7.025275950452053, 6.628674930180238], [4.003042700246901, 4.586203739477782, 5.934730762216598, 6.7581082893070015, 7.825068950494941, 6.556101440642907, 5.447591211719176, 5.692724313542682, 4.328064131918564, 2.9275188573261146, 3.372354899769596, 2.900710075136776, 2.1747325904579626, 1.0937580171134749, 5.1335000185058925, 4.8693790302255175, 5.821663155834421, 6.341813313240937, 7.3350884425479155, 2.259942532455195, 2.8320953744533397, 4.232177512817722, 3.9481411588239848, 3.299419380739587, 3.8727060448735324, 3.0582269765339527, 2.4860111463949632, 1.7765173401911953, 0.0, 1.764514420456801, 6.1276072809866005, 5.467509266567364, 4.172807841250301, 6.660397512160966, 5.983951220556531], [5.094204662162681, 5.741445594969963, 7.000591525007011, 7.716151486978466, 8.661330157660544, 7.530207236192109, 6.4701620914780795, 6.572119820118925, 5.600240861784428, 4.187619197109498, 4.621203846401931, 3.4949075753158336, 2.1564515899968635, 1.0947912951791314, 6.651169543771982, 6.5547167581826145, 7.502916859462058, 7.313373945040689, 8.194142127154008, 3.788028694453092, 3.9597626103088555, 5.229893968332437, 5.400595549566733, 3.749538767635294, 4.274006739582894, 2.4185828453869425, 2.50674257154579, 1.7714786704897125, 1.764514420456801, 0.0, 7.602057948345303, 6.972049866430963, 5.917514608346988, 8.280020993934738, 7.685073111558536], [3.7015363634577465, 2.704774831663442, 2.781765585019701, 3.0499196218916986, 4.112541456326003, 2.793903257093917, 2.6459003873917855, 3.560168024124704, 2.1943876640192816, 3.5694631655194313, 4.095021492007093, 4.785688102039246, 6.139268173813552, 6.525188655510276, 1.0995773506215922, 2.1299704340671024, 2.611174235856352, 3.632297527736405, 3.621370642450176, 3.8704433777023