{"total energy": -32.49832945, "HOMO-LUMO gap/eV": 3.6867427, "electronic energy": -32.93972701, "dipole": [-0.2585411, 0.80028322, -0.34455931], "partial charges": [-0.10991135, 0.08262573, -0.27091288, 0.34947412, -0.41549842, -0.01643117, -0.02116996, -0.02729607, -0.02149365, -0.02674535, -0.01868417, 0.04988923, 0.05693252, 0.04750076, 0.05086837, 0.05544651, 0.053067, 0.03988645, 0.03982418, 0.04169068, 0.06093748], "atomic dipole moments": [[-0.07366967, -0.05096634, -0.09778125], [-0.20185726, 0.07780111, 0.12857926], [0.1171769, -0.17614317, 0.07498049], [0.13371872, 0.06442248, -0.09951172], [-0.07693357, 0.15134193, -0.07320054], [0.08503614, -0.02339855, -0.01738168], [0.01094689, -0.02445473, 0.01208267], [0.00563224, -0.00628844, 0.00187473], [0.0056736, -0.00168996, -0.00113362], [0.0080734, 0.00250194, -0.00490356], [0.01849736, 0.02085926, -0.02175424], [-0.01788962, 0.12581208, 0.01493099], [-0.02369951, -0.04759468, 0.11908349], [0.12322943, -0.02227231, -0.02903293], [0.02818322, 0.04867466, -0.10899369], [0.01850492, -0.12762774, -0.01797797], [0.08216699, 0.09176805, -0.09417589], [-0.05747981, 0.12567807, -0.06279921], [-0.14277627, 0.04058987, 0.0280588], [-0.08671269, -0.08488036, 0.09131688], [0.05329536, -0.12989946, 0.06736893]], "atomic quadrupole moments": [[0.0376013, 0.09109459, -0.084975, 0.16925181, 0.10585791, 0.0473737], [0.43660667, -0.06516106, -0.29186322, -0.06664599, 0.09877943, -0.14474345], [0.08182132, -0.02262889, -0.03850111, -0.03777904, -0.01481165, -0.04332021], [-0.23009113, 0.25872481, -0.03517325, 0.08396198, 0.23994311, 0.26526438], [-0.08070816, 0.04282673, -0.00622379, 0.07881503, 0.12649893, 0.08693196], [-0.02801829, 0.04905374, -0.09360617, 0.12133797, 0.29316515, 0.12162446], [-0.19665114, 0.13367333, -0.04217992, 0.20287145, 0.35407164, 0.23883106], [-0.18729839, 0.13753758, -0.04425991, 0.18746703, 0.33816957, 0.2315583], [-0.20632367, 0.13925935, -0.03535203, 0.20195169, 0.34596556, 0.2416757], [-0.18976051, 0.12304139, -0.03753107, 0.19947887, 0.34137208, 0.22729159], [-0.18776296, 0.14729465, -0.05454978, 0.19211553, 0.36112745, 0.24231274], [-0.04400709, -0.02245314, 0.07729194, 0.01090555, -0.00157765, -0.03328485], [-0.03691896, 0.02417991, -0.00727145, -0.02111641, -0.04509559, 0.0441904], [0.07341242, -0.02345975, -0.04436482, -0.03106699, 0.01428944, -0.0290476], [-0.01262446, 0.01243668, -0.01743076, -0.00670952, -0.04105899, 0.03005522], [-0.00231275, 0.00080178, 0.03617822, 0.00311357, -0.00762842, -0.03386547], [0.03375694, -0.0223054, -0.00124021, -0.02323425, -0.03443901, -0.03251673], [0.02863734, -0.01275126, 0.00031039, -0.02917722, -0.04174795, -0.02894773], [0.01947844, -0.01502201, 0.0083667, -0.02414063, -0.04640843, -0.02784514], [0.02618354, -0.02274022, 0.00576023, -0.02137996, -0.04139313, -0.03194377], [0.03053876, -0.01423813, -0.00242644, -0.02637327, -0.03483238, -0.02811232]], "number of molecular orbitals": 54, "number of electrons": 58, "number of unpaired electrons": 0, "orbital energies/eV": [-19.99602307, -19.22498949, -18.28718412, -17.78702353, -17.15569288, -16.93181605, -16.78628196, -16.18001779, -16.15376475, -15.80016169, -15.51122139, -15.25610875, -14.97636773, -14.40433941, -13.88279002, -13.82775414, -13.66479709, -13.52910655, -13.31119, -13.1966887, -13.12808802, -12.81142747, -12.20986365, -12.17281527, -12.04727006, -11.75685617, -11.33286418, -11.27067924, -11.13234613, -7.44560343, -6.45697351, -5.21918233, -2.65552785, 0.06284643, 2.62179752, 2.94892043, 3.13210017, 3.3088469, 3.9921599, 4.07820763, 4.24829667, 4.50041357, 4.63724418, 4.82883784, 5.78930144, 6.40148091, 7.39172053, 9.83910332, 10.36966766, 10.72906048, 11.3612104, 15.00050955, 16.87424644, 17.96818645], "fractional occupation": [2.0, 2.0, 2.0, 2.0, 2.0, 2.0, 2.0, 2.0, 2.0, 2.0, 2.0, 2.0, 2.0, 2.0, 2.0, 2.0, 2.0, 2.0, 2.0, 2.0, 2.0, 2.0, 2.0, 2.0, 2.0, 2.0, 2.0, 2.0, 2.0, 0.0, 0.0, 0.0, 0.0, 0.0, 0.0, 0.0, 0.0, 0.0, 0.0, 0.0, 0.0, 0.0, 0.0, 0.0, 0.0, 0.0, 0.0, 0.0, 0.0, 0.0, 0.0, 0.0, 0.0, 0.0], "program call": "xtb /home/svss/Project-DBcg-Debug/aqme2_20220329/End-to-End-workflows-final/example-3/QDESCP/mol_815_rdkit_conf_2/mol_815_rdkit_conf_2.xyz --pop --wbo --acc 0.2 --gfn 2 --chrg 0 --uhf 0 --etemp 300 --input /home/svss/Project-DBcg-Debug/aqme2_20220329/End-to-End-workflows-final/example-3/QDESCP/mol_815_rdkit_conf_2/mol_815_rdkit_conf_2_xtb.inp", "method": "GFN2-xTB", "xtb version": "6.3.3 (7355c4f)", "Dipole module/D": 2.31, "Total charge": 0, "Transition dipole module/D": NaN, "HOMO": -11.1323, "LUMO": -7.4456, "HOMO occupancy": 2.0, "LUMO occupancy": 0, "mulliken charges": [-0.09812, 0.20465, -0.42105, 0.57014, -0.53474, -0.03325, -0.01157, -0.02877, -0.01582, -0.02806, -0.00822, 0.03854, 0.0511, 0.03389, 0.03051, 0.04437, 0.04666, 0.03493, 0.03454, 0.03609, 0.05417], "cm5 charges": [-0.24463, 0.12205, -0.50379, 0.62722, -0.58389, -0.03612, -0.06253, -0.08397, -0.07107, -0.08324, -0.0592, 0.09185, 0.106, 0.08514, 0.09308, 0.11026, 0.10755, 0.09024, 0.08986, 0.09141, 0.11378], "FUKUI+": [0.013, 0.018, -0.067, -0.065, -0.153, -0.057, -0.038, -0.027, -0.065, -0.028, -0.033, -0.019, -0.005, -0.036, -0.042, -0.024, -0.07, -0.076, -0.086, -0.076, -0.066], "FUKUI-": [0.014, 0.015, -0.058, -0.015, -0.128, -0.032, -0.03, -0.038, -0.025, -0.035, -0.032, -0.051, -0.061, -0.052, -0.084, -0.051, -0.063, -0.066, -0.078, -0.077, -0.051], "FUKUIrad": [0.014, 0.017, -0.062, -0.04, -0.141, -0.045, -0.034, -0.032, -0.045, -0.032, -0.033, -0.035, -0.033, -0.044, -0.063, -0.037, -0.066, -0.071, -0.082, -0.077, -0.058], "s proportion": [1.012, 0.993, 1.697, 0.979, 1.73, 1.086, 1.068, 1.062, 1.065, 1.062, 1.07, 0.961, 0.949, 0.966, 0.969, 0.956, 0.953, 0.965, 0.965, 0.964, 0.946], "p proportion": [3.086, 2.803, 4.724, 2.451, 4.805, 2.947, 2.944, 2.967, 2.951, 2.966, 2.938, 0.0, 0.0, 0.0, 0.0, 0.0, 0.0, 0.0, 0.0, 0.0, 0.0], "d proportion": [0.0, 0.0, 0.0, 0.0, 0.0, 0.0, 0.0, 0.0, 0.0, 0.0, 0.0, 0.0, 0.0, 0.0, 0.0, 0.0, 0.0, 0.0, 0.0, 0.0, 0.0], "Fermi-level/eV": -9.289, "Coordination numbers": [3.748, 3.697, 1.703, 2.72, 0.856, 2.963, 2.913, 2.91, 2.911, 2.91, 2.916, 0.924, 0.924, 0.924, 0.924, 0.924, 0.925, 0.925, 0.925, 0.925, 0.925], "Dispersion coefficient C6": [22.669, 19.366, 18.493, 21.065, 21.993, 28.418, 28.535, 28.683, 28.542, 28.67, 28.475, 2.321, 2.235, 2.351, 2.309, 2.253, 2.282, 2.45, 2.451, 2.426, 2.188], "Total dispersion C6": 4885.584254, "Total dispersion C8": 114968.693336, "Polarizability alpha": [6.791, 6.295, 5.806, 7.513, 6.288, 8.744, 8.759, 8.782, 8.761, 8.78, 8.75, 2.383, 2.338, 2.398, 2.376, 2.347, 2.362, 2.448, 2.448, 2.436, 2.313], "Total polarizability alpha": 109.119202, "Wiberg matrix": [[0.0, 1.014209631679069, 0.0, 0.0, 0.0, 0.0, 0.0, 0.0, 0.0, 0.0, 0.0, 0.9858127592065095, 0.9846667462174805, 0.9837237142769761, 0.0, 0.0, 0.0, 0.0, 0.0, 0.0, 0.0], [1.014209631679069, 0.0, 0.9423942010620145, 0.0, 0.0, 0.0, 0.0, 0.0, 0.0, 0.0, 0.0, 0.0, 0.0, 0.0, 0.97184993991723, 0.9689410511299053, 0.0, 0.0, 0.0, 0.0, 0.0], [0.0, 0.9423942010620145, 0.0, 1.114511581208535, 0.16903724733161257, 0.0, 0.0, 0.0, 0.0, 0.0, 0.0, 0.0, 0.0, 0.0, 0.0, 0.0, 0.0, 0.0, 0.0, 0.0, 0.0], [0.0, 0.0, 1.114511581208535, 0.0, 1.7246908245040966, 1.0050152208791896, 0.0, 0.0, 0.0, 0.0, 0.0, 0.0, 0.0, 0.0, 0.0, 0.0, 0.0, 0.0, 0.0, 0.0, 0.0], [0.0, 0.0, 0.16903724733161257, 1.7246908245040966, 0.0, 0.0, 0.0, 0.0, 0.0, 0.0, 0.0, 0.0, 0.0, 0.0, 0.0, 0.0, 0.0, 0.0, 0.0, 0.0, 0.0], [0.0, 0.0, 0.0, 1.0050152208791896, 0.0, 0.0, 1.3877012333476546, 0.0, 0.10085266877674792, 0.0, 1.3879441636329972, 0.0, 0.0, 0.0, 0.0, 0.0, 0.0, 0.0, 0.0, 0.0, 0.0], [0.0, 0.0, 0.0, 0.0, 0.0, 1.3877012333476546, 0.0, 1.4512406949822967, 0.0, 0.10909109840232077, 0.0, 0.0, 0.0, 0.0, 0.0, 0.0, 0.9672524158650158, 0.0, 0.0, 0.0, 0.0], [0.0, 0.0, 0.0, 0.0, 0.0, 0.0, 1.4512406949822967, 0.0, 1.4330129571837364, 0.0, 0.10840160099401136, 0.0, 0.0, 0.0, 0.0, 0.0, 0.0, 0.9706489446776067, 0.0, 0.0, 0.0], [0.0, 0.0, 0.0, 0.0, 0.0, 0.10085266877674792, 0.0, 1.4330129571837364, 0.0, 1.435306889396655, 0.0, 0.0, 0.0, 0.0, 0.0, 0.0, 0.0, 0.0, 0.9706642178641749, 0.0, 0.0], [0.0, 0.0, 0.0, 0.0, 0.0, 0.0, 0.10909109840232077, 0.0, 1.435306889396655, 0.0, 1.449436637005577, 0.0, 0.0, 0.0, 0.0, 0.0, 0.0, 0.0, 0.0, 0.9703755557064202, 0.0], [0.0, 0.0, 0.0, 0.0, 0.0, 1.3879441636329972, 0.0, 0.10840160099401136, 0.0, 1.449436637005577, 0.0, 0.0, 0.0, 0.0, 0.0, 0.0, 0.0, 0.0, 0.0, 0.0, 0.9662217561556821], [0.9858127592065095, 0.0, 0.0, 0.0, 0.0, 0.0, 0.0, 0.0, 0.0, 0.0, 0.0, 0.0, 0.0, 0.0, 0.0, 0.0, 0.0, 0.0, 0.0, 0.0, 0.0], [0.9846667462174805, 0.0, 0.0, 0.0, 0.0, 0.0, 0.0, 0.0, 0.0, 0.0, 0.0, 0.0, 0.0, 0.0, 0.0, 0.0, 0.0, 0.0, 0.0, 0.0, 0.0], [0.9837237142769761, 0.0, 0.0, 0.0, 0.0, 0.0, 0.0, 0.0, 0.0, 0.0, 0.0, 0.0, 0.0, 0.0, 0.0, 0.0, 0.0, 0.0, 0.0, 0.0, 0.0], [0.0, 0.97184993991723, 0.0, 0.0, 0.0, 0.0, 0.0, 0.0, 0.0, 0.0, 0.0, 0.0, 0.0, 0.0, 0.0, 0.0, 0.0, 0.0, 0.0, 0.0, 0.0], [0.0, 0.9689410511299053, 0.0, 0.0, 0.0, 0.0, 0.0, 0.0, 0.0, 0.0, 0.0, 0.0, 0.0, 0.0, 0.0, 0.0, 0.0, 0.0, 0.0, 0.0, 0.0], [0.0, 0.0, 0.0, 0.0, 0.0, 0.0, 0.9672524158650158, 0.0, 0.0, 0.0, 0.0, 0.0, 0.0, 0.0, 0.0, 0.0, 0.0, 0.0, 0.0, 0.0, 0.0], [0.0, 0.0, 0.0, 0.0, 0.0, 0.0, 0.0, 0.9706489446776067, 0.0, 0.0, 0.0, 0.0, 0.0, 0.0, 0.0, 0.0, 0.0, 0.0, 0.0, 0.0, 0.0], [0.0, 0.0, 0.0, 0.0, 0.0, 0.0, 0.0, 0.0, 0.9706642178641749, 0.0, 0.0, 0.0, 0.0, 0.0, 0.0, 0.0, 0.0, 0.0, 0.0, 0.0, 0.0], [0.0, 0.0, 0.0, 0.0, 0.0, 0.0, 0.0, 0.0, 0.0, 0.9703755557064202, 0.0, 0.0, 0.0, 0.0, 0.0, 0.0, 0.0, 0.0, 0.0, 0.0, 0.0], [0.0, 0.0, 0.0, 0.0, 0.0, 0.0, 0.0, 0.0, 0.0, 0.0, 0.9662217561556821, 0.0, 0.0, 0.0, 0.0, 0.0, 0.0, 0.0, 0.0, 0.0, 0.0]], "Born radii": [], "Atomic SASAs": [], "Solvent H bonds": [], "Total SASA": NaN, "Total FOD": 0.0, "FOD": [0.0, 0.0, 0.0, 0.0, 0.0, 0.0, 0.0, 0.0, 0.0, 0.0, 0.0, 0.0, 0.0, 0.0, 0.0, 0.0, 0.0, 0.0, 0.0, 0.0, 0.0], "FOD s proportion": [0.0, 0.0, 0.0, 0.0, 0.0, 0.0, 0.0, 0.0, 0.0, 0.0, 0.0, 0.0, 0.0, 0.0, 0.0, 0.0, 0.0, 0.0, 0.0, 0.0, 0.0], "FOD p proportion": [0.0, 0.0, 0.0, 0.0, 0.0, 0.0, 0.0, 0.0, 0.0, 0.0, 0.0, 0.0, 0.0, 0.0, 0.0, 0.0, 0.0, 0.0, 0.0, 0.0, 0.0], "FOD d proportion": [0.0, 0.0, 0.0, 0.0, 0.0, 0.0, 0.0, 0.0, 0.0, 0.0, 0.0, 0.0, 0.0, 0.0, 0.0, 0.0, 0.0, 0.0, 0.0, 0.0, 0.0], "coordinates": [["3.52430", "0.36980", "-0.23650"], ["2.59530", "-0.20510", "-1.28920"], ["1.23310", "0.12350", "-0.97920"], ["0.59420", "-0.73590", "-0.14620"], ["1.07520", "-1.74080", "0.35320"], ["-0.80510", "-0.28880", "0.09480"], ["-1.33580", "0.87180", "-0.48530"], ["-2.65660", "1.24580", "-0.22480"], ["-3.45230", "0.46570", "0.61380"], ["-2.93160", "-0.68980", "1.19460"], ["-1.61220", "-1.06690", "0.93660"], ["3.37750", "1.45090", "-0.14350"], ["3.32040", "-0.06490", "0.74710"], ["4.56940", "0.17620", "-0.49410"], ["2.81890", "0.24440", "-2.26230"], ["2.73050", "-1.28750", "-1.39620"], ["-0.73360", "1.49480", "-1.14180"], ["-3.06470", "2.14680", "-0.67660"], ["-4.47990", "0.75880", "0.81510"], ["-3.55180", "-1.29800", "1.84850"], ["-1.21510", "-1.97080", "1.39510"]], "bond_dist": [[0.0, 1.5171447854440263, 2.4211287491581275, 3.133083559370864, 3.2864067398908494, 4.391721531472596, 4.892287547763316, 6.242678727918008, 7.0288800288523925, 6.696972762375549, 5.46112650924697, 1.094977830825812, 1.094535636697134, 1.0936511006715073, 2.1487624252113124, 2.172939442322312, 4.496098920175133, 6.838591814840246, 8.082351217312944, 7.563066378791079, 5.531947150868309], [1.5171447854440263, 0.0, 1.4351539290264301, 2.3648676178594012, 2.7141400590242206, 3.67221756572238, 4.154457368899096, 5.5516224457360215, 6.37533116002612, 6.0787186264869995, 4.837348564037947, 2.1602780677496125, 2.1660895041525867, 2.1620926229003232, 1.0949752599944897, 1.0960464406219292, 3.7407167735609175, 6.159733141135256, 7.444167968282285, 6.987591152178267, 4.984206169491788], [2.4211287491581275, 1.4351539290264301, 0.0, 1.3567057787154886, 2.296918949375445, 2.3404543426437527, 2.7208706896874024, 4.118062983976811, 4.960617199502497, 4.767765663285057, 3.630850298483814, 2.656847118296422, 2.7152214532151886, 3.3717943279506235, 2.043458847151075, 2.0992895845976087, 2.4030837147298882, 4.759873369113931, 6.021751205421891, 5.736882215106042, 4.002133958277758], [3.133083559370864, 2.3648676178594012, 1.3567057787154886, 0.0, 1.2208953149226185, 1.4886302092863761, 2.534677119476956, 3.808019628363278, 4.289009770331609, 3.7724177247489443, 2.4799632658569766, 3.539613032522058, 2.9462505545184037, 4.093308669035356, 3.2230664575835237, 2.53585099128478, 2.780340750699453, 4.68815877077558, 5.376310685777003, 4.635094443482247, 2.6784604141185286], [3.2864067398908494, 2.7141400590242206, 2.296918949375445, 1.2208953149226185, 0.0, 2.3896867263304618, 3.652626727438762, 4.814581477137966, 5.04329365196991, 4.22693756755408, 2.8313628396939876, 3.966641535354562, 2.8292615750403844, 4.074584632818418, 3.7178419788904424, 2.4506936446647103, 3.9969850887887985, 5.771714979969126, 6.109049662590736, 4.88273723745196, 2.5266439598803787], [4.391721531472596, 3.67221756572238, 2.3404543426437527, 1.4886302092863761, 2.3896867263304618, 0.0, 1.4018383858348296, 2.4259417903156706, 2.8011246116515416, 2.4274190594126925, 1.4019547995566761, 4.536241367035048, 4.182747512102541, 5.426626803088637, 4.3558694482273, 3.964965327717255, 2.1715249871921802, 3.4107180299755067, 3.8885026539787777, 3.4114966246502427, 2.16517992093036], [4.892287547763316, 4.154457368899096, 2.7208706896874024, 2.534677119476956, 3.652626727438762, 1.4018383858348296, 0.0, 1.3972290041364015, 2.4191962032873646, 2.7941431978336397, 2.42007319310801, 4.761027298808525, 4.906772369898567, 5.946034295225683, 4.562114844016972, 4.693304911253902, 1.0870906539934928, 2.1566909607080937, 3.4042875862652964, 3.8814057350398197, 3.4104028222484217], [6.242678727918008, 5.5516224457360215, 4.118062983976811, 3.808019628363278, 4.814581477137966, 2.4259417903156706, 1.3972290041364015, 0.0, 1.3946126559012721, 2.4159612414109626, 2.790735137916173, 6.038132038138947, 6.195728617362126, 7.309695113340911, 5.927504404047289, 6.067176712442123, 2.144951980814489, 1.087414295473441, 2.154758431936165, 3.401598796154538, 3.879241397489978], [7.0288800288523925, 6.37533116002612, 4.960617199502497, 4.289009770331609, 5.04329365196991, 2.8011246116515416, 2.4191962032873646, 1.3946126559012721, 0.0, 1.3941439595680212, 2.416408618176984, 6.941922670989645, 6.794760521166291, 8.103019409454724, 6.902816406366318, 6.733559688604536, 3.39595463161686, 2.1544055166100926, 1.0873780667274835, 2.155231317051606, 3.398827118286542], [6.696972762375549, 6.0787186264869995, 4.767765663285057, 3.7724177247489443, 4.22693756755408, 2.4274190594126925, 2.7941431978336397, 2.4159612414109626, 1.3941439595680212, 0.0, 1.3962753202717577, 6.795428677427202, 6.299068205695188, 7.737355148240256, 6.774299779312988, 6.2553070540142155, 3.881036732626992, 3.400794702712882, 2.153995148555353, 1.0872628431064864, 2.151170262903427], [5.46112650924697, 4.837348564037947, 3.630850298483814, 2.4799632658569766, 2.8313628396939876, 1.4019547995566761, 2.42007319310801, 2.790735137916173, 2.416408618176984, 1.3962753202717577, 0.0, 5.692366725712601, 5.036909470101681, 6.46563056940311, 5.620241641602255, 4.934537819289665, 3.413794283491611, 3.8781488083878366, 3.4017122203384575, 2.15569408312033, 1.0885521898374924], [1.094977830825812, 2.1602780677496125, 2.656847118296422, 3.539613032522058, 3.966641535354562, 4.536241367035048, 4.761027298808525, 6.038132038138947, 6.941922670989645, 6.795428677427202, 5.692366725712601, 0.0, 1.758999263786088, 1.7800017022463772, 2.5013975393767383, 3.0800488388985006, 4.230800551905041, 6.501570061146769, 7.945857482361485, 7.7161981376841275, 5.930201987285088], [1.094535636697134, 2.1660895041525867, 2.7152214532151886, 2.9462505545184037, 2.8292615750403844, 4.182747512102541, 4.906772369898567, 6.195728617362126, 6.794760521166291, 6.299068205695188, 5.036909470101681, 1.758999263786088, 0.0, 1.777275344452851, 3.0665382926029148, 2.537019444150951, 4.736615173306778, 6.905652799699678, 7.843964927254583, 7.068291901867098, 4.962168785924154], [1.0936511006715073, 2.1620926229003232, 3.3717943279506235, 4.093308669035356, 4.074584632818418, 5.426626803088637, 5.946034295225683, 7.309695113340911, 8.103019409454724, 7.737355148240256, 6.46563056940311, 1.7800017022463772, 1.777275344452851, 0.0, 2.4890626207470152, 2.5174898827999286, 5.502729345515732, 7.886447452433828, 9.162055331092471, 8.579914325912585, 6.452838591658712], [2.1487624252113124, 1.0949752599944897, 2.043458847151075, 3.2230664575835237, 3.7178419788904424, 4.3558694482273, 4.562114844016972, 5.927504404047289, 6.902816406366318, 6.774299779312988, 5.620241641602255, 2.5013975393767383, 3.0665382926029148, 2.4890626207470152, 0.0, 1.762004931888671, 3.9292844972081116, 6.383597669809713, 7.937725087202252, 7.737150178844922, 5.8785067661779555], [2.172939442322312, 1.0960464406219292, 2.0992895845976087, 2.53585099128478, 2.4506936446647103, 3.964965327717255, 4.693304911253902, 6.067176712442123, 6.733559688604536, 6.2553070540142155, 4.934537819289665, 3.0800488388985006, 2.537019444150951, 2.5174898827999286, 1.762004931888671, 0.0, 4.450382170106294, 6.7747017417743205, 7.814541543814327, 7.07074830764043, 4.881189807823499], [4.496098920175133, 3.7407167735609175, 2.4030837147298882, 2.780340750699453, 3.9969850887887985, 2.1715249871921802, 1.0870906539934928, 2.144951980814489, 3.39595463161686, 3.881036732626992, 3.413794283491611, 4.230800551905041, 4.736615173306778, 5.502729345515732, 3.9292844972081116, 4.450382170106294, 0.0, 2.464861507265672, 4.290211801298392, 4.96828714649224, 4.3218152690738645], [6.838591814840246, 6.159733141135256, 4.759873369113931, 4.68815877077558, 5.771714979969126, 3.4107180299755067, 2.1566909607080937, 1.087414295473441, 2.1544055166100926, 3.400794702712882, 3.8781488083878366, 6.501570061146769, 6.905652799699678, 7.886447452433828, 6.383597669809713, 6.7747017417743205, 2.464861507265672, 0.0, 2.480827267263886, 4.298842106893436, 4.966647844371493], [8.082351217312944, 7.444167968282285, 6.021751205421891, 5.376310685777003, 6.109049662590736, 3.8885026539787777, 3.4042875862652964, 2.154758431936165, 1.0873780667274835, 2.153995148555353, 3.4017122203384575, 7.945857482361485, 7.843964927254583, 9.162055331092471, 7.937725087202252, 7.814541543814327, 4.290211801298392, 2.480827267263886, 0.0, 2.4818765904049296, 4.294884771446145], [7.563066378791079, 6.987591152178267, 5.736882215106042, 4.635094443482247, 4.88273723745196, 3.4114966246502427, 3.8814057350398197, 3.401598796154538, 2.155231317051606, 1.0872628431064864, 2.15569408312033, 7.7161981376841275, 7.068291901867098, 8.579914325912585, 7.737150178844922, 7.07074830764043, 4.96828714649224, 4.298842106893436, 2.4818765904049296, 0.0, 2.473539627739972], [5.531947150868309, 4.984206169491788, 4.002133958277758, 2.6784604141185286, 2.5266439598803787, 2.16517992093036, 3.4104028222484217, 3.879241397489978, 3.398827118286542, 2.151170262903427, 1.0885521898374924, 5.930201987285088, 4.962168785924154, 6.452838591658712, 5.8785067661779555, 4.881189807823499, 4.3218152690738645, 4.966647844371493, 4.294884771446145, 2.473539627739972, 0.0]]}