{"total energy": -50.37938648, "HOMO-LUMO gap/eV": 2.94711754, "electronic energy": -50.92009134, "dipole": [-0.7446287, 1.3591148, -1.24880862], "partial charges": [0.04066493, -0.26796124, 0.51408831, -0.39595556, -0.26456126, 0.03983731, -0.26001254, 0.1479226, -0.05916265, -0.03216076, 0.03670283, -0.18933075, -0.04490792, 0.02008542, -0.10697775, -0.06173045, 0.07093209, 0.06431665, 0.05443796, 0.05748489, 0.06824486, 0.07089043, 0.06160774, 0.05790727, 0.0486119, 0.05860784, 0.04592906, 0.06415602, 0.04498844, 0.0607923, 0.054552], "atomic dipole moments": [[0.18228052, -0.03360035, 0.23156806], [-0.08025715, 0.16962543, -0.07576543], [-0.12794655, 0.12951729, -0.25333908], [-0.24452748, 0.07478392, -0.39651627], [0.13648079, 0.10232874, 0.0772644], [0.01725171, -0.2597681, -0.15210385], [0.06434939, -0.13712066, 0.01456545], [-0.2807215, 0.0347181, 0.17925183], [-0.02510285, 0.04113208, 0.01052072], [-0.0177549, 0.01320357, 0.01226667], [0.10758506, -0.01139188, -0.07242244], [-0.03324738, -0.01184219, 0.41425572], [-0.08652997, 0.01245123, -0.10164841], [0.01667456, 0.04857759, -0.03040504], [-0.03101415, -0.07688943, 0.04205535], [-0.01893659, -0.04666178, 0.02416379], [-0.00303797, -0.09878764, -0.07736815], [-0.1127811, 0.01990509, 0.05152063], [0.04815352, 0.09839012, -0.0579875], [0.09635883, 0.06394674, -0.04851421], [0.0123296, -0.03031249, 0.12128659], [-0.10758317, 0.06147829, -0.01749076], [-0.05157176, -0.13327914, 0.06520767], [0.06250281, -0.13963601, -0.00676726], [-0.02993374, -0.10338212, 0.07163691], [0.12133594, -0.01570666, -0.04425599], [-0.00361581, 0.10851564, 0.07094741], [0.00192749, -0.01858505, -0.13299723], [-0.06973286, 0.10584358, 0.01603378], [0.11877506, 0.03239785, 0.04975856], [-0.06941256, 0.13783136, 0.00710396]], "atomic quadrupole moments": [[0.01305305, -0.0741531, -0.24989206, 0.41528683, -0.09028901, 0.23683901], [-0.02456962, -0.00755183, -0.00557448, 0.11372537, 0.00856807, 0.0301441], [0.11786382, 0.21536192, 0.24097515, -0.59911881, 0.45733225, -0.35883897], [-0.13692435, -0.13082557, -0.25975417, 0.42122764, -0.23342863, 0.39667852], [-0.01176036, -0.03744418, 0.06585898, 0.00566113, 0.10505387, -0.05409863], [-0.27182259, -0.0300473, 0.36504659, -0.0078071, 0.37993907, -0.093224], [0.02879407, 0.01856449, -0.01198568, -0.07685374, -0.04330719, -0.0168084], [0.24718644, 0.02129922, -0.4668116, 0.01597319, 0.18216593, 0.21962515], [-0.02428113, 0.06724006, -0.22516812, 0.30020347, 0.13056183, 0.24944924], [-0.00938401, 0.08449923, -0.26724048, 0.32996746, 0.14878807, 0.27662449], [0.14383248, 0.03405577, -0.37926683, 0.10296884, 0.16281723, 0.23543435], [0.40431824, -0.17578606, -0.58261112, 0.057203, -0.00146356, 0.17829288], [0.05180137, -0.03449365, -0.21126011, 0.28475687, -0.03709755, 0.15945874], [-0.0740886, 0.18101956, -0.17366828, 0.29237876, 0.05738608, 0.24775688], [-0.03114854, 0.0731011, 0.08745629, -0.08921061, -0.11202942, -0.05630776], [-0.04531218, 0.12275319, -0.1824661, 0.2856996, 0.0961677, 0.22777828], [-0.03928936, -0.01526421, 0.04212101, 0.01246223, 0.05174149, -0.00283166], [0.04932453, -0.01945917, -0.05720506, -0.01258924, 0.00706117, 0.00788053], [-0.01694898, 0.03735042, 0.01490038, 0.01318729, -0.04191548, 0.0020486], [0.00965076, 0.03296661, 0.01948816, -0.03965765, 0.00902589, -0.02913893], [-0.05776257, -0.00934081, 0.00062913, 0.01209991, -0.00665086, 0.05713344], [0.05172735, -0.04182126, -0.0146648, 0.02950661, 0.00680761, -0.03706255], [0.02171556, -0.00903878, 0.00275415, -0.04709323, -0.01103442, -0.02446971], [0.01255632, -0.00511489, 0.01905343, -0.0511955, -0.02017086, -0.03160974], [-0.03032766, 0.0348703, 0.02172398, 0.00516182, -0.0481022, 0.00860368], [0.06795237, -0.01671959, -0.05325949, -0.03556152, 0.00391923, -0.01469289], [-0.04251519, -0.01824428, 0.03626007, 0.01753206, 0.04502986, 0.00625511], [-0.05052215, -0.00512398, -0.01539544, -0.01156613, 0.02756951, 0.06591759], [0.01162744, -0.0550871, 0.03009599, -0.02939279, 0.01139275, -0.04172343], [0.06288933, 0.00893477, -0.02730155, 0.04239202, -0.00358107, -0.03558777], [0.0052997, -0.01175458, 0.02442819, -0.03935968, -0.01519437, -0.02972789]], "number of molecular orbitals": 94, "number of electrons": 90, "number of unpaired electrons": 0, "orbital energies/eV": [-20.77044264, -20.32081435, -20.07354055, -19.37383936, -19.10692197, -18.58151068, -18.32514295, -17.97128499, -17.91857255, -17.52776899, -17.0316459, -16.88946258, -16.56809202, -16.45464272, -16.38748021, -16.23427408, -15.89332938, -15.67905159, -15.57276205, -15.46913092, -15.24356735, -15.13070551, -14.99733521, -14.35184801, -14.10754918, -13.90799747, -13.81900841, -13.68315521, -13.63317037, -13.43978921, -13.3913835, -13.1874265, -13.13677362, -13.04427047, -12.81527297, -12.73530385, -12.62701348, -12.43674165, -12.08693769, -11.96374898, -11.38650463, -11.15864305, -10.04312273, -9.9448003, -9.8474128, -6.90029526, -6.72979652, -5.31796467, -4.82340562, -4.20335072, -3.84246586, -3.44007117, -3.17306667, -1.35428378, -0.11096086, 0.26561974, 0.31126142, 0.78079264, 0.88420719, 0.9881077, 1.36425552, 1.90605383, 2.21359359, 2.89560604, 3.13249086, 3.26207104, 3.32064164, 3.45996096, 3.72607629, 3.88808954, 4.18204591, 4.41153251, 4.57826397, 4.821883, 4.91792563, 5.1809151, 5.26778862, 5.53852325, 5.7535331, 5.9174091, 6.10652539, 6.34752129, 8.45488737, 9.70213051, 10.24395654, 10.71572426, 11.52597668, 11.68717815, 12.91122315, 15.83904791, 16.63185166, 27.0323623, 29.09321946, 36.21648782], "fractional occupation": [2.0, 2.0, 2.0, 2.0, 2.0, 2.0, 2.0, 2.0, 2.0, 2.0, 2.0, 2.0, 2.0, 2.0, 2.0, 2.0, 2.0, 2.0, 2.0, 2.0, 2.0, 2.0, 2.0, 2.0, 2.0, 2.0, 2.0, 2.0, 2.0, 2.0, 2.0, 2.0, 2.0, 2.0, 2.0, 2.0, 2.0, 2.0, 2.0, 2.0, 2.0, 2.0, 2.0, 2.0, 2.0, 0.0, 0.0, 0.0, 0.0, 0.0, 0.0, 0.0, 0.0, 0.0, 0.0, 0.0, 0.0, 0.0, 0.0, 0.0, 0.0, 0.0, 0.0, 0.0, 0.0, 0.0, 0.0, 0.0, 0.0, 0.0, 0.0, 0.0, 0.0, 0.0, 0.0, 0.0, 0.0, 0.0, 0.0, 0.0, 0.0, 0.0, 0.0, 0.0, 0.0, 0.0, 0.0, 0.0, 0.0, 0.0, 0.0, 0.0, 0.0, 0.0], "program call": "xtb /home/svss/Project-DBcg-Debug/aqme2_20220329/End-to-End-workflows-final/example-3/QDESCP/mol_230_rdkit_conf_4/mol_230_rdkit_conf_4.xyz --pop --wbo --acc 0.2 --gfn 2 --chrg 0 --uhf 0 --etemp 300 --input /home/svss/Project-DBcg-Debug/aqme2_20220329/End-to-End-workflows-final/example-3/QDESCP/mol_230_rdkit_conf_4/mol_230_rdkit_conf_4_xtb.inp", "method": "GFN2-xTB", "xtb version": "6.3.3 (7355c4f)", "Dipole module/D": 5.059, "Total charge": 0, "Transition dipole module/D": NaN, "HOMO": -9.8474, "LUMO": -6.9003, "HOMO occupancy": 2.0, "LUMO occupancy": 0, "mulliken charges": [0.18113, -0.35757, 0.44422, -0.18256, -0.35908, 0.17798, -0.34557, 0.25886, -0.07608, -0.03416, 0.03395, -0.12523, -0.01667, 0.0093, -0.08244, -0.08312, 0.0306, 0.0396, 0.0358, 0.03692, 0.03269, 0.03392, 0.05778, 0.03766, 0.02779, 0.03706, 0.02733, 0.04134, 0.03273, 0.03968, 0.04618], "cm5 charges": [0.06635, -0.42314, 0.40487, -0.15129, -0.42548, 0.06293, -0.39382, 0.2808, -0.12477, -0.0851, 0.03982, -0.16784, -0.14789, -0.00368, -0.22461, -0.13051, 0.09021, 0.10254, 0.10087, 0.10066, 0.09352, 0.09339, 0.12126, 0.09461, 0.08055, 0.08926, 0.08003, 0.09378, 0.08465, 0.09219, 0.10584], "FUKUI+": [0.012, 0.005, -0.063, -0.078, -0.013, 0.012, -0.018, -0.068, -0.02, -0.03, -0.037, -0.193, 0.023, -0.037, 0.025, -0.025, -0.016, -0.02, 0.003, -0.001, -0.014, -0.022, -0.059, -0.06, -0.038, -0.053, -0.039, -0.036, -0.039, -0.035, -0.063], "FUKUI-": [0.015, 0.006, -0.115, -0.274, -0.005, 0.018, -0.002, -0.006, -0.003, -0.006, 0.024, -0.33, 0.051, -0.014, 0.018, -0.01, -0.024, -0.02, -0.008, -0.009, -0.01, -0.03, -0.017, -0.02, -0.046, -0.042, -0.046, -0.019, -0.028, -0.014, -0.032], "FUKUIrad": [0.013, 0.005, -0.089, -0.176, -0.009, 0.015, -0.01, -0.037, -0.011, -0.018, -0.007, -0.262, 0.037, -0.026, 0.022, -0.018, -0.02, -0.02, -0.003, -0.005, -0.012, -0.026, -0.038, -0.04, -0.042, -0.048, -0.043, -0.028, -0.034, -0.025, -0.047], "s proportion": [0.972, 1.646, 1.431, 1.889, 1.648, 0.972, 1.638, 1.016, 1.063, 1.069, 1.09, 1.927, 1.012, 1.092, 1.007, 1.064, 0.969, 0.96, 0.964, 0.963, 0.967, 0.966, 0.942, 0.962, 0.972, 0.963, 0.973, 0.959, 0.967, 0.96, 0.954], "p proportion": [2.847, 4.711, 1.931, 4.307, 4.711, 2.85, 4.708, 2.726, 3.014, 2.965, 2.876, 4.195, 3.005, 2.899, 3.075, 3.019, 0.0, 0.0, 0.0, 0.0, 0.0, 0.0, 0.0, 0.0, 0.0, 0.0, 0.0, 0.0, 0.0, 0.0, 0.0], "d proportion": [0.0, 0.0, 1.193, -0.014, 0.0, 0.0, 0.0, 0.0, 0.0, 0.0, 0.0, 0.004, 0.0, 0.0, 0.0, 0.0, 0.0, 0.0, 0.0, 0.0, 0.0, 0.0, 0.0, 0.0, 0.0, 0.0, 0.0, 0.0, 0.0, 0.0, 0.0], "Fermi-level/eV": -8.3739, "Coordination numbers": [3.862, 1.657, 4.026, 0.924, 1.657, 3.874, 1.663, 3.023, 2.913, 2.952, 2.956, 2.004, 3.742, 2.98, 3.754, 2.917, 0.924, 0.924, 0.924, 0.924, 0.924, 0.924, 0.925, 0.925, 0.924, 0.924, 0.924, 0.924, 0.924, 0.924, 0.925], "Dispersion coefficient C6": [19.852, 18.459, 139.373, 156.433, 18.401, 19.861, 18.323, 24.765, 29.47, 28.801, 27.177, 149.092, 21.454, 27.553, 22.602, 29.535, 2.075, 2.149, 2.265, 2.229, 2.105, 2.076, 2.18, 2.224, 2.337, 2.215, 2.371, 2.151, 2.384, 2.19, 2.264], "Total dispersion C6": 14696.29605, "Total dispersion C8": 438913.380947, "Polarizability alpha": [6.336, 5.8, 21.207, 21.155, 5.791, 6.337, 5.779, 8.163, 8.902, 8.802, 8.551, 20.551, 6.608, 8.61, 6.779, 8.912, 2.253, 2.293, 2.354, 2.335, 2.269, 2.253, 2.309, 2.332, 2.391, 2.328, 2.408, 2.294, 2.414, 2.314, 2.353], "Total polarizability alpha": 193.181004, "Wiberg matrix": [[0.0, 0.9375846752490686, 0.0, 0.0, 0.0, 0.0, 0.0, 0.0, 0.0, 0.0, 0.0, 0.0, 0.0, 0.0, 0.0, 0.0, 0.9769561766796986, 0.9803518816106899, 0.9773086814607189, 0.0, 0.0, 0.0, 0.0, 0.0, 0.0, 0.0, 0.0, 0.0, 0.0, 0.0, 0.0], [0.9375846752490686, 0.0, 1.2197302127832876, 0.0, 0.0, 0.0, 0.0, 0.0, 0.0, 0.0, 0.0, 0.0, 0.0, 0.0, 0.0, 0.0, 0.0, 0.0, 0.0, 0.0, 0.0, 0.0, 0.0, 0.0, 0.0, 0.0, 0.0, 0.0, 0.0, 0.0, 0.0], [0.0, 1.2197302127832876, 0.0, 1.5980996103744374, 1.2243562856015588, 0.0, 1.1742894825150134, 0.0, 0.0, 0.0, 0.0, 0.0, 0.0, 0.0, 0.0, 0.0, 0.0, 0.0, 0.0, 0.0, 0.0, 0.0, 0.0, 0.0, 0.0, 0.0, 0.0, 0.0, 0.0, 0.0, 0.0], [0.0, 0.0, 1.5980996103744374, 0.0, 0.0, 0.0, 0.0, 0.0, 0.0, 0.0, 0.0, 0.0, 0.0, 0.0, 0.0, 0.0, 0.0, 0.0, 0.0, 0.0, 0.0, 0.0, 0.0, 0.0, 0.0, 0.0, 0.0, 0.0, 0.0, 0.0, 0.0], [0.0, 0.0, 1.2243562856015588, 0.0, 0.0, 0.9424071313800098, 0.0, 0.0, 0.0, 0.0, 0.0, 0.0, 0.0, 0.0, 0.0, 0.0, 0.0, 0.0, 0.0, 0.0, 0.0, 0.0, 0.0, 0.0, 0.0, 0.0, 0.0, 0.0, 0.0, 0.0, 0.0], [0.0, 0.0, 0.0, 0.0, 0.9424071313800098, 0.0, 0.0, 0.0, 0.0, 0.0, 0.0, 0.0, 0.0, 0.0, 0.0, 0.0, 0.0, 0.0, 0.0, 0.9796034093979227, 0.9789016189053035, 0.9774369497059052, 0.0, 0.0, 0.0, 0.0, 0.0, 0.0, 0.0, 0.0, 0.0], [0.0, 0.0, 1.1742894825150134, 0.0, 0.0, 0.0, 0.0, 0.973552979969557, 0.0, 0.0, 0.0, 0.0, 0.0, 0.0, 0.0, 0.0, 0.0, 0.0, 0.0, 0.0, 0.0, 0.0, 0.0, 0.0, 0.0, 0.0, 0.0, 0.0, 0.0, 0.0, 0.0], [0.0, 0.0, 0.0, 0.0, 0.0, 0.0, 0.973552979969557, 0.0, 1.3871434566846792, 0.0, 0.0, 0.0, 0.0, 0.0, 0.0, 1.376188785412848, 0.0, 0.0, 0.0, 0.0, 0.0, 0.0, 0.0, 0.0, 0.0, 0.0, 0.0, 0.0, 0.0, 0.0, 0.0], [0.0, 0.0, 0.0, 0.0, 0.0, 0.0, 0.0, 1.3871434566846792, 0.0, 1.434791913730384, 0.0, 0.0, 0.0, 0.10072680720757521, 0.0, 0.0, 0.0, 0.0, 0.0, 0.0, 0.0, 0.0, 0.9541414411698278, 0.0, 0.0, 0.0, 0.0, 0.0, 0.0, 0.0, 0.0], [0.0, 0.0, 0.0, 0.0, 0.0, 0.0, 0.0, 0.0, 1.434791913730384, 0.0, 1.418160527132187, 0.0, 0.0, 0.0, 0.0, 0.10717673942295394, 0.0, 0.0, 0.0, 0.0, 0.0, 0.0, 0.0, 0.9678158831711091, 0.0, 0.0, 0.0, 0.0, 0.0, 0.0, 0.0], [0.0, 0.0, 0.0, 0.0, 0.0, 0.0, 0.0, 0.0, 0.0, 1.418160527132187, 0.0, 0.9976092313265297, 0.0, 1.374194656892028, 0.0, 0.0, 0.0, 0.0, 0.0, 0.0, 0.0, 0.0, 0.0, 0.0, 0.0, 0.0, 0.0, 0.0, 0.0, 0.0, 0.0], [0.0, 0.0, 0.0, 0.0, 0.0, 0.0, 0.0, 0.0, 0.0, 0.0, 0.9976092313265297, 0.0, 0.9959468805288547, 0.0, 0.0, 0.0, 0.0, 0.0, 0.0, 0.0, 0.0, 0.0, 0.0, 0.0, 0.0, 0.0, 0.0, 0.0, 0.0, 0.0, 0.0], [0.0, 0.0, 0.0, 0.0, 0.0, 0.0, 0.0, 0.0, 0.0, 0.0, 0.0, 0.9959468805288547, 0.0, 0.0, 0.0, 0.0, 0.0, 0.0, 0.0, 0.0, 0.0, 0.0, 0.0, 0.0, 0.9841766645327852, 0.9804454643008457, 0.9857592560377251, 0.0, 0.0, 0.0, 0.0], [0.0, 0.0, 0.0, 0.0, 0.0, 0.0, 0.0, 0.0, 0.10072680720757521, 0.0, 1.374194656892028, 0.0, 0.0, 0.0, 1.0303831296492258, 1.4139744776003043, 0.0, 0.0, 0.0, 0.0, 0.0, 0.0, 0.0, 0.0, 0.0, 0.0, 0.0, 0.0, 0.0, 0.0, 0.0], [0.0, 0.0, 0.0, 0.0, 0.0, 0.0, 0.0, 0.0, 0.0, 0.0, 0.0, 0.0, 0.0, 1.0303831296492258, 0.0, 0.0, 0.0, 0.0, 0.0, 0.0, 0.0, 0.0, 0.0, 0.0, 0.0, 0.0, 0.0, 0.9684001579728589, 0.984361755007647, 0.9684003849846432, 0.0], [0.0, 0.0, 0.0, 0.0, 0.0, 0.0, 0.0, 1.376188785412848, 0.0, 0.10717673942295394, 0.0, 0.0, 0.0, 1.4139744776003043, 0.0, 0.0, 0.0, 0.0, 0.0, 0.0, 0.0, 0.0, 0.0, 0.0, 0.0, 0.0, 0.0, 0.0, 0.0, 0.0, 0.964391737924142], [0.9769561766796986, 0.0, 0.0, 0.0, 0.0, 0.0, 0.0, 0.0, 0.0, 0.0, 0.0, 0.0, 0.0, 0.0, 0.0, 0.0, 0.0, 0.0, 0.0, 0.0, 0.0, 0.0, 0.0, 0.0, 0.0, 0.0, 0.0, 0.0, 0.0, 0.0, 0.0], [0.9803518816106899, 0.0, 0.0, 0.0, 0.0, 0.0, 0.0, 0.0, 0.0, 0.0, 0.0, 0.0, 0.0, 0.0, 0.0, 0.0, 0.0, 0.0, 0.0, 0.0, 0.0, 0.0, 0.0, 0.0, 0.0, 0.0, 0.0, 0.0, 0.0, 0.0, 0.0], [0.9773086814607189, 0.0, 0.0, 0.0, 0.0, 0.0, 0.0, 0.0, 0.0, 0.0, 0.0, 0.0, 0.0, 0.0, 0.0, 0.0, 0.0, 0.0, 0.0, 0.0, 0.0, 0.0, 0.0, 0.0, 0.0, 0.0, 0.0, 0.0, 0.0, 0.0, 0.0], [0.0, 0.0, 0.0, 0.0, 0.0, 0.9796034093979227, 0.0, 0.0, 0.0, 0.0, 0.0, 0.0, 0.0, 0.0, 0.0, 0.0, 0.0, 0.0, 0.0, 0.0, 0.0, 0.0, 0.0, 0.0, 0.0, 0.0, 0.0, 0.0, 0.0, 0.0, 0.0], [0.0, 0.0, 0.0, 0.0, 0.0, 0.9789016189053035, 0.0, 0.0, 0.0, 0.0, 0.0, 0.0, 0.0, 0.0, 0.0, 0.0, 0.0, 0.0, 0.0, 0.0, 0.0, 0.0, 0.0, 0.0, 0.0, 0.0, 0.0, 0.0, 0.0, 0.0, 0.0], [0.0, 0.0, 0.0, 0.0, 0.0, 0.9774369497059052, 0.0, 0.0, 0.0, 0.0, 0.0, 0.0, 0.0, 0.0, 0.0, 0.0, 0.0, 0.0, 0.0, 0.0, 0.0, 0.0, 0.0, 0.0, 0.0, 0.0, 0.0, 0.0, 0.0, 0.0, 0.0], [0.0, 0.0, 0.0, 0.0, 0.0, 0.0, 0.0, 0.0, 0.9541414411698278, 0.0, 0.0, 0.0, 0.0, 0.0, 0.0, 0.0, 0.0, 0.0, 0.0, 0.0, 0.0, 0.0, 0.0, 0.0, 0.0, 0.0, 0.0, 0.0, 0.0, 0.0, 0.0], [0.0, 0.0, 0.0, 0.0, 0.0, 0.0, 0.0, 0.0, 0.0, 0.9678158831711091, 0.0, 0.0, 0.0, 0.0, 0.0, 0.0, 0.0, 0.0, 0.0, 0.0, 0.0, 0.0, 0.0, 0.0, 0.0, 0.0, 0.0, 0.0, 0.0, 0.0, 0.0], [0.0, 0.0, 0.0, 0.0, 0.0, 0.0, 0.0, 0.0, 0.0, 0.0, 0.0, 0.0, 0.9841766645327852, 0.0, 0.0, 0.0, 0.0, 0.0, 0.0, 0.0, 0.0, 0.0, 0.0, 0.0, 0.0, 0.0, 0.0, 0.0, 0.0, 0.0, 0.0], [0.0, 0.0, 0.0, 0.0, 0.0, 0.0, 0.0, 0.0, 0.0, 0.0, 0.0, 0.0, 0.9804454643008457, 0.0, 0.0, 0.0, 0.0, 0.0, 0.0, 0.0, 0.0, 0.0, 0.0, 0.0, 0.0, 0.0, 0.0, 0.0, 0.0, 0.0, 0.0], [0.0, 0.0, 0.0, 0.0, 0.0, 0.0, 0.0, 0.0, 0.0, 0.0, 0.0, 0.0, 0.9857592560377251, 0.0, 0.0, 0.0, 0.0, 0.0, 0.0, 0.0, 0.0, 0.0, 0.0, 0.0, 0.0, 0.0, 0.0, 0.0, 0.0, 0.0, 0.0], [0.0, 0.0, 0.0, 0.0, 0.0, 0.0, 0.0, 0.0, 0.0, 0.0, 0.0, 0.0, 0.0, 0.0, 0.9684001579728589, 0.0, 0.0, 0.0, 0.0, 0.0, 0.0, 0.0, 0.0, 0.0, 0.0, 0.0, 0.0, 0.0, 0.0, 0.0, 0.0], [0.0, 0.0, 0.0, 0.0, 0.0, 0.0, 0.0, 0.0, 0.0, 0.0, 0.0, 0.0, 0.0, 0.0, 0.984361755007647, 0.0, 0.0, 0.0, 0.0, 0.0, 0.0, 0.0, 0.0, 0.0, 0.0, 0.0, 0.0, 0.0, 0.0, 0.0, 0.0], [0.0, 0.0, 0.0, 0.0, 0.0, 0.0, 0.0, 0.0, 0.0, 0.0, 0.0, 0.0, 0.0, 0.0, 0.9684003849846432, 0.0, 0.0, 0.0, 0.0, 0.0, 0.0, 0.0, 0.0, 0.0, 0.0, 0.0, 0.0, 0.0, 0.0, 0.0, 0.0], [0.0, 0.0, 0.0, 0.0, 0.0, 0.0, 0.0, 0.0, 0.0, 0.0, 0.0, 0.0, 0.0, 0.0, 0.0, 0.964391737924142, 0.0, 0.0, 0.0, 0.0, 0.0, 0.0, 0.0, 0.0, 0.0, 0.0, 0.0, 0.0, 0.0, 0.0, 0.0]], "Born radii": [], "Atomic SASAs": [], "Solvent H bonds": [], "Total SASA": NaN, "Total FOD": 0.0, "FOD": [0.0, 0.0, 0.0, 0.0, 0.0, 0.0, 0.0, 0.0, 0.0, 0.0, 0.0, 0.0, 0.0, 0.0, 0.0, 0.0, 0.0, 0.0, 0.0, 0.0, 0.0, 0.0, 0.0, 0.0, 0.0, 0.0, 0.0, 0.0, 0.0, 0.0, 0.0], "FOD s proportion": [0.0, 0.0, 0.0, 0.0, 0.0, 0.0, 0.0, 0.0, 0.0, 0.0, 0.0, 0.0, 0.0, 0.0, 0.0, 0.0, 0.0, 0.0, 0.0, 0.0, 0.0, 0.0, 0.0, 0.0, 0.0, 0.0, 0.0, 0.0, 0.0, 0.0, 0.0], "FOD p proportion": [0.0, 0.0, 0.0, 0.0, 0.0, 0.0, 0.0, 0.0, 0.0, 0.0, 0.0, 0.0, 0.0, 0.0, 0.0, 0.0, 0.0, 0.0, 0.0, 0.0, 0.0, 0.0, 0.0, 0.0, 0.0, 0.0, 0.0, 0.0, 0.0, 0.0, 0.0], "FOD d proportion": [0.0, 0.0, 0.0, 0.0, 0.0, 0.0, 0.0, 0.0, 0.0, 0.0, 0.0, 0.0, 0.0, 0.0, 0.0, 0.0, 0.0, 0.0, 0.0, 0.0, 0.0, 0.0, 0.0, 0.0, 0.0, 0.0, 0.0, 0.0, 0.0, 0.0, 0.0], "coordinates": [["-3.49430", "-1.61800", "-0.28360"], ["-2.64670", "-1.89750", "0.81230"], ["-2.17110", "-0.68110", "1.77150"], ["-1.24760", "-1.21910", "3.38980"], ["-3.57110", "0.10660", "2.00030"], ["-3.54130", "1.33270", "2.70430"], ["-1.40140", "0.31690", "0.76040"], ["-0.24050", "0.05230", "0.09070"], ["0.36510", "-1.19580", "0.02310"], ["1.55020", "-1.35230", "-0.70090"], ["2.14220", "-0.26650", "-1.36140"], ["3.65670", "-0.55170", "-2.27150"], ["4.80030", "-0.69720", "-0.87340"], ["1.52370", "0.99520", "-1.31010"], ["2.09550", "2.19770", "-2.01080"], ["0.33210", "1.13700", "-0.57740"], ["-3.50630", "-2.48840", "-0.94450"], ["-4.51190", "-1.43470", "0.07080"], ["-3.13710", "-0.75450", "-0.85010"], ["-2.72770", "1.96940", "2.34670"], ["-3.42690", "1.14690", "3.77510"], ["-4.48930", "1.85130", "2.53930"], ["-0.05310", "-2.07090", "0.51070"], ["2.00660", "-2.33920", "-0.74890"], ["4.54720", "-1.56140", "-0.25340"], ["5.81640", "-0.83020", "-1.25420"], ["4.77400", "0.20880", "-0.26170"], ["2.14640", "2.02390", "-3.09040"], ["1.47460", "3.08630", "-1.85350"], ["3.09410", "2.42670", "-1.62510"], ["-0.15880", "2.10690", "-0.52440"]], "bond_dist": [[0.0, 1.413344551056111, 2.6176470082881687, 4.324424777932899, 2.862925533436034, 4.199569727960235, 3.0354578600270505, 3.6765768073032286, 3.8945200076517774, 5.068699638960668, 5.89562018281368, 7.498369362734807, 8.366368736793758, 5.750029607749859, 6.984887283986765, 4.724159226783111, 1.092945090112033, 1.0930269941771793, 1.0927700307017942, 4.513933141950599, 4.911441790350365, 4.5820117743192235, 3.560602244003112, 5.567453128675624, 8.041755893460085, 9.394244391647474, 8.467730672382064, 7.277297461283275, 7.020327037254034, 7.846415417246273, 5.0058390805138755], [1.413344551056111, 0.0, 1.620459490391537, 3.0101849810269137, 2.506446921440787, 3.848917406232563, 2.541069274931323, 3.179972490447048, 3.1915762203024385, 4.49455079957942, 5.50624154028862, 7.14519780272037, 7.729172891066676, 5.501320860484325, 6.872337119932346, 4.473556278845724, 2.043140036806092, 2.0598488124131826, 2.076177959617142, 4.160992666419877, 4.319174370177708, 4.520089069918866, 2.6168284391606567, 4.928046795638207, 7.280170115457468, 8.776879465390875, 7.788245256795654, 7.319989949446652, 6.994988618289525, 7.589229805454569, 4.90016659512715], [2.6176470082881687, 1.620459490391537, 0.0, 1.9393790604211443, 1.6225969092784565, 2.6082473655694542, 1.6157862791842243, 2.6627392962886924, 3.1231601127703974, 4.517891642126889, 5.347103183967932, 7.0940712006576305, 7.456284140240365, 5.094878535352928, 6.387265321716329, 3.884434200755626, 3.5250174935736136, 2.989922756527332, 2.7948756895432756, 2.7687197131526333, 2.988817592292979, 3.518041762117101, 2.8296792539084707, 5.153143609487319, 7.071824587049654, 8.542672155128043, 7.291106792524713, 7.042435861262779, 6.373778804602495, 6.994114914697928, 4.134422825498137], [4.324424777932899, 3.0101849810269137, 1.9393790604211443, 0.0, 3.014439083809789, 3.498950296874764, 3.049048179350402, 3.676243895608669, 3.733096981060096, 4.957746823911039, 5.913720676528441, 7.519833704278307, 7.4178398648123975, 5.888317942332938, 7.212303391427735, 4.877021133847997, 5.049653915863938, 4.660246651197767, 4.6650632814571775, 3.666781404719949, 3.239716126453057, 4.545253051261283, 3.231348062341784, 5.382683284385215, 6.853450413477871, 8.462746316060763, 7.1855422356284295, 8.001829605783916, 7.310200878908869, 7.569110815677097, 5.250592640835889], [2.862925533436034, 2.506446921440787, 1.6225969092784565, 3.014439083809789, 0.0, 1.4141517775684473, 2.50782299814002, 3.839585525808743, 4.593390473277881, 5.97097850774896, 6.639429748856449, 8.421563214154485, 8.887327162313763, 6.140467829082732, 7.250653624329327, 4.789700584587726, 3.9255663387592876, 2.642665430961703, 3.009091120255417, 2.0739672996457776, 2.062263991345434, 2.043915441010219, 4.397355843003838, 6.682123582365115, 8.58884058415337, 9.979705443548921, 8.646836580507347, 7.891835783263612, 7.01352087185887, 7.934184281323444, 4.692451541571847], [4.199569727960235, 3.848917406232563, 2.6082473655694542, 3.498950296874764, 1.4141517775684473, 0.0, 3.06427297413269, 4.4006374265553845, 5.370484768621917, 6.687898346266935, 7.168649062410574, 8.951019662585933, 9.300683945818179, 6.4717492697106245, 7.399588316251114, 5.0804607015505985, 5.283537796779729, 3.941559256182761, 4.141683334104624, 1.0932564246323917, 1.092804483885384, 1.0931033619928172, 5.344521789645918, 7.495774426968838, 9.085572978629362, 10.388185979756042, 8.899692202542738, 8.149002197815387, 7.000564735076735, 7.998066861435956, 4.739746362412234], [3.0354578600270505, 2.541069274931323, 1.6157862791842243, 3.049048179350402, 2.50782299814002, 3.06427297413269, 0.0, 1.3660893309004358, 2.439753026435258, 3.6923662995428828, 4.171269801870888, 5.960810278812772, 6.492979604157093, 3.647364959803173, 4.842031359873664, 2.3382247753370504, 3.899614866881087, 3.635775153938978, 2.5988964388755473, 2.646918138137256, 3.725582684628004, 3.8799478063499775, 2.753516264705912, 4.576823975203766, 6.319940133418986, 7.580968830565127, 6.260346570278677, 5.507212950304354, 4.772151042244996, 5.509209248158941, 2.5295979522445853], [3.6765768073032286, 3.179972490447048, 2.6627392962886924, 3.676243895608669, 3.839585525808743, 4.4006374265553845, 1.3660893309004358, 0.0, 1.3889113470628713, 2.409592955251986, 2.808467044492422, 4.597061309140873, 5.186608111280434, 2.442069345862234, 3.8047259309968706, 1.3967113015938548, 4.265236824608922, 4.522877731046905, 3.1506066780859845, 3.8666487104468126, 4.992604278330098, 5.223441815508238, 2.1724403328975455, 3.3872789699108043, 5.064040263465527, 6.266865234708658, 5.029302959655542, 4.4389070028555455, 3.990819170295743, 4.438614892058107, 2.146253493881839], [3.8945200076517774, 3.1915762203024385, 3.1231601127703974, 3.733096981060096, 4.593390473277881, 5.370484768621917, 2.439753026435258, 1.3889113470628713, 0.0, 1.3975443678109114, 2.4369085231087357, 4.063826341023937, 4.5522865957670104, 2.8142951515432775, 4.31820282293456, 2.409075567515473, 4.19461589183086, 4.883080738632119, 3.636293273376063, 4.998301695576209, 5.826234743811821, 6.259495204087946, 1.0855620710028515, 2.1442643983427043, 4.207145828230821, 5.610867164708143, 4.635990876824501, 4.820101661790963, 4.805101270524899, 4.825609856795304, 3.3885180757965565], [5.068699638960668, 4.49455079957942, 4.517891642126889, 4.957746823911039, 5.97097850774896, 6.687898346266935, 3.6923662995428828, 2.409592955251986, 1.3975443678109114, 0.0, 1.402029204403389, 2.7468321699732585, 3.3199491366585723, 2.425403706602264, 3.82304722701669, 2.7741006380446978, 5.188280680533774, 6.111576479109134, 4.727621682199201, 6.21465888524865, 7.145075300512935, 7.565547518190603, 2.134228528063478, 1.0883825476366293, 3.0374311613598755, 4.333496479749348, 3.6087139385105047, 4.178982068638247, 4.586433481475558, 4.185524321993602, 3.862369465755445], [5.89562018281368, 5.50624154028862, 5.347103183967932, 5.913720676528441, 6.639429748856449, 7.168649062410574, 4.171269801870888, 2.808467044492422, 2.4369085231087357, 1.402029204403389, 0.0, 1.7897852664495817, 2.7366296972736377, 1.4060799514963578, 2.548761050000569, 2.420935823189041, 6.0840938084483875, 6.906007159712477, 5.326404057147749, 6.516531318884303, 7.706893448076209, 7.979807615475451, 3.402934007588158, 2.1655551020465857, 2.9476185319677985, 3.718735695098537, 2.8916468352826215, 2.869737061125984, 3.453855817778154, 2.868619448445541, 3.4100143049553324], [7.498369362734807, 7.14519780272037, 7.0940712006576305, 7.519833704278307, 8.421563214154485, 8.951019662585933, 5.960810278812772, 4.597061309140873, 4.063826341023937, 2.7468321699732585, 1.7897852664495817, 0.0, 1.8120912835726573, 2.804795637831748, 3.172461235381766, 4.0956864699339475, 7.53792444178104, 8.5435404985287, 6.9438623431056, 8.27310581402172, 9.466995430441488, 9.760918073624019, 4.879674325198353, 2.869894949296925, 2.4259455785322146, 2.4034903016238696, 2.421985875268475, 3.096016579412972, 4.2627841148714065, 3.099228658876269, 4.967751263902008], [8.366368736793758, 7.729172891066676, 7.456284140240365, 7.4178398648123975, 8.887327162313763, 9.300683945818179, 6.492979604157093, 5.186608111280434, 4.5522865957670104, 3.3199491366585723, 2.7366296972736377, 1.8120912835726573, 0.0, 3.7136279040851683, 4.121900994686796, 4.839082235300409, 8.497826558008818, 9.388955678348898, 7.937641018589843, 8.61107331115001, 9.627880187247866, 10.219493221290378, 5.230513938419436, 3.2429036279235928, 1.0932983353138335, 1.0932322946199493, 1.093482775355881, 4.400302196440603, 5.131836781309398, 3.6379833067236578, 5.707665952033283], [5.750029607749859, 5.501320860484325, 5.094878535352928, 5.888317942332938, 6.140467829082732, 6.4717492697106245, 3.647364959803173, 2.442069345862234, 2.8142951515432775, 2.425403706602264, 1.4060799514963578, 2.804795637831748, 3.7136279040851683, 0.0, 1.5046401496703457, 1.4060110561442964, 6.129439804745618, 6.651298082329493, 4.999610657841268, 5.691718004258468, 7.0986415806124485, 7.190754937417907, 3.899048613444054, 3.415605540749693, 4.0980935445643505, 4.665027680518091, 3.504570959475639, 2.14835915758981, 2.161109340130665, 2.1481558160431473, 2.1642568308775187], [6.984887283986765, 6.872337119932346, 6.387265321716329, 7.212303391427735, 7.250653624329327, 7.399588316251114, 4.842031359873664, 3.8047259309968706, 4.31820282293456, 3.82304722701669, 2.548761050000569, 3.172461235381766, 4.121900994686796, 1.5046401496703457, 0.0, 2.507847605019093, 7.380832753829339, 7.822091988720154, 6.119053202089356, 6.504089896365209, 8.067076373135437, 8.011428961802007, 5.403275873949062, 4.709963527459634, 4.819763527394265, 4.856513026853732, 3.766886814068084, 1.0946841599292463, 1.0953858041804265, 1.0947179773804758, 2.7017583330120405], [4.724159226783111, 4.473556278845724, 3.884434200755626, 4.877021133847997, 4.789700584587726, 5.0804607015505985, 2.3382247753370504, 1.3967113015938548, 2.409075567515473, 2.7741006380446978, 2.420935823189041, 4.0956864699339475, 4.839082235300409, 1.4060110561442964, 2.507847605019093, 0.0, 5.292598806824489, 5.522512121308562, 3.9607431348170006, 4.313424000721469, 5.751037755049083, 5.785321195923351, 3.409246699785746, 3.8622958120786137, 5.015317195352653, 5.865618515553155, 4.548812739605798, 3.223886645029567, 2.5949003738101393, 3.2232972838383986, 1.0883463694982403], [1.092945090112033, 2.043140036806092, 3.5250174935736136, 5.049653915863938, 3.9255663387592876, 5.283537796779729, 3.899614866881087, 4.265236824608922, 4.19461589183086, 5.188280680533774, 6.0840938084483875, 7.53792444178104, 8.497826558008818, 6.129439804745618, 7.380832753829339, 5.292598806824489, 0.0, 1.775485606812964, 1.7752828535194045, 5.595551468800908, 5.957880043270425, 5.651207616961175, 3.7704778914615056, 5.518386214284027, 8.136080780080787, 9.474084473974251, 8.735243085913524, 7.544451960878271, 7.530798490200093, 8.257524116222733, 5.700791379273583], [1.0930269941771793, 2.0598488124131826, 2.989922756527332, 4.660246651197767, 2.642665430961703, 3.941559256182761, 3.635775153938978, 4.522877731046905, 4.883080738632119, 6.111576479109134, 6.906007159712477, 8.5435404985287, 9.388955678348898, 6.651298082329493, 7.822091988720154, 5.522512121308562, 1.775485606812964, 0.0, 1.7890790619757413, 4.466652802714802, 4.643675489308011, 4.109963383048564, 4.525390578723565, 6.631807490420692, 9.065784651093363, 10.430475834783376, 9.436079022030285, 8.141747864555866, 7.7447113400048675, 8.696995042541992, 5.643285675030105], [1.0927700307017942, 2.076177959617142, 2.7948756895432756, 4.6650632814571775, 3.009091120255417, 4.141683334104624, 2.5988964388755473, 3.1506066780859845, 3.636293273376063, 4.727621682199201, 5.326404057147749, 6.9438623431056, 7.937641018589843, 4.999610657841268, 6.119053202089356, 3.9607431348170006, 1.7752828535194045, 1.7890790619757413, 0.0, 4.219806845105591, 5.0091696956681355, 4.484046257566931, 3.6188038907904363, 5.383229998801835, 7.749555147877844, 8.962934204265922, 7.991224227863964, 6.3760350453867485, 6.084926711966218, 7.039070384645973, 4.142941146094161], [4.513933141950599, 4.160992666419877, 2.7687197131526333, 3.666781404719949, 2.0739672996457776, 1.0932564246323917, 2.646918138137256, 3.8666487104468126, 4.998301695576209, 6.21465888524865, 6.516531318884303, 8.27310581402172, 8.61107331115001, 5.691718004258468, 6.504089896365209, 4.313424000721469, 5.595551468800908, 4.466652802714802, 4.219806845105591, 0.0, 1.7904506276354009, 1.7760284147501697, 5.181544677989374, 7.110581538102211, 8.494188522748951, 9.685343864829994, 8.135045532140554, 7.3021830619342865, 6.045533139434437, 7.062412744239747, 3.855044574320769], [4.911441790350365, 4.319174370177708, 2.988817592292979, 3.239716126453057, 2.062263991345434, 1.092804483885384, 3.725582684628004, 4.992604278330098, 5.826234743811821, 7.145075300512935, 7.706893448076209, 9.466995430441488, 9.627880187247866, 7.0986415806124485, 8.067076373135437, 5.751037755049083, 5.957880043270425, 4.643675489308011, 5.0091696956681355, 1.7904506276354009, 0.0, 1.77540833613003, 5.691491073523704, 7.883044555246405, 9.335414931860287, 10.707071391841936, 9.188609615170297, 8.886275493141094, 7.711492240156894, 8.562913585923894, 5.485232707916776], [4.5820117743192235, 4.520089069918866, 3.518041762117101, 4.545253051261283, 2.043915441010219, 1.0931033619928172, 3.8799478063499775, 5.223441815508238, 6.259495204087946, 7.565547518190603, 7.979807615475451, 9.760918073624019, 10.219493221290378, 7.190754937417907, 8.011428961802007, 5.785321195923351, 5.651207616961175, 4.109963383048564, 4.484046257566931, 1.7760284147501697, 1.77540833613003, 0.0, 6.259292391317089, 8.40055154736878, 10.05504981738032, 11.304359202980061, 9.815912292802947, 8.703782358262412, 7.5093288681479375, 8.670713239405394, 5.3108209629020635], [3.560602244003112, 2.6168284391606567, 2.8296792539084707, 3.231348062341784, 4.397355843003838, 5.344521789645918, 2.753516264705912, 2.1724403328975455, 1.0855620710028515, 2.134228528063478, 3.402934007588158, 4.879674325198353, 5.230513938419436, 3.899048613444054, 5.403275873949062, 3.409246699785746, 3.7704778914615056, 4.525390578723565, 3.6188038907904363, 5.181544677989374, 5.691491073523704, 6.259292391317089, 0.0, 2.4291852831762344, 4.691076544888177, 6.2534181652916825, 5.393934395225807, 5.879890177545835, 5.875374096174642, 5.890238979871699, 4.305417208587339], [5.567453128675624, 4.928046795638207, 5.153143609487319, 5.382683284385215, 6.682123582365115, 7.495774426968838, 4.576823975203766, 3.3872789699108043, 2.1442643983427043, 1.0883825476366293, 2.1655551020465857, 2.869894949296925, 3.2429036279235928, 3.415605540749693, 4.709963527459634, 3.8622958120786137, 5.518386214284027, 6.631807490420692, 5.383229998801835, 7.110581538102211, 7.883044555246405, 8.40055154736878, 2.4291852831762344, 0.0, 2.702802517758188, 4.1287994780565445, 3.793174211659675, 4.953666107036282, 5.562303067075723, 4.966305014797219, 4.950470949313812], [8.041755893460085, 7.280170115457468, 7.071824587049654, 6.853450413477871, 8.58884058415337, 9.085572978629362, 6.319940133418986, 5.064040263465527, 4.207145828230821, 3.0374311613598755, 2.9476185319677985, 2.4259455785322146, 1.0932983353138335, 4.0980935445643505, 4.819763527394265, 5.015317195352653, 8.136080780080787, 9.065784651093363, 7.749555147877844, 8.494188522748951, 9.335414931860287, 10.05504981738032, 4.691076544888177, 2.702802517758188, 0.0, 1.7740131679330904, 1.7846890961733364, 5.163989323188034, 5.796749611635818, 4.460717667595652, 5.972964246502737], [9.394244391647474, 8.776879465390875, 8.542672155128043, 8.462746316060763, 9.979705443548921, 10.388185979756042, 7.580968830565127, 6.266865234708658, 5.610867164708143, 4.333496479749348, 3.718735695098537, 2.4034903016238696, 1.0932322946199493, 4.665027680518091, 4.856513026853732, 5.865618515553155, 9.474084473974251, 10.430475834783376, 8.962934204265922, 9.685343864829994, 10.707071391841936, 11.304359202980061, 6.2534181652916825, 4.1287994780565445, 1.7740131679330904, 0.0, 1.7751549256332528, 4.998641540458768, 5.87787036093856, 4.260971920818066, 6.69792352076373], [8.467730672382064, 7.788245256795654, 7.291106792524713, 7.1855422356284295, 8.646836580507347, 8.899692202542738, 6.260346570278677, 5.029302959655542, 4.635990876824501, 3.6087139385105047, 2.8916468352826215, 2.421985875268475, 1.093482775355881, 3.504570959475639, 3.766886814068084, 4.548812739605798, 8.735243085913524, 9.436079022030285, 7.991224227863964, 8.135045532140554, 9.188609615170297, 9.815912292802947, 5.393934395225807, 3.793174211659675, 1.7846890961733364, 1.7751549256332528, 0.0, 4.266194259524524, 4.658312339249055, 3.098387319235605, 5.291909933095989], [7.277297461283275, 7.319989949446652, 7.042435861262779, 8.001829605783916, 7.891835783263612, 8.149002197815387, 5.507212950304354, 4.4389070028555455, 4.820101661790963, 4.178982068638247, 2.869737061125984, 3.096016579412972, 4.400302196440603, 2.14835915758981, 1.0946841599292463, 3.223886645029567, 7.544451960878271, 8.141747864555866, 6.3760350453867485, 7.3021830619342865, 8.886275493141094, 8.703782358262412, 5.879890177545835, 4.953666107036282, 5.163989323188034, 4.998641540458768, 4.266194259524524, 0.0, 1.7634995350155327, 1.790945900913816, 3.4503901286666117], [7.020327037254034, 6.994988618289525, 6.373778804602495, 7.310200878908869, 7.01352087185887, 7.000564735076735, 4.772151042244996, 3.990819170295743, 4.805101270524899, 4.586433481475558, 3.453855817778154, 4.2627841148714065, 5.131836781309398, 2.161109340130665, 1.0953858041804265, 2.5949003738101393, 7.530798490200093, 7.7447113400048675, 6.084926711966218, 6.045533139434437, 7.711492240156894, 7.5093288681479375, 5.875374096174642, 5.562303067075723, 5.796749611635818, 5.87787036093856, 4.658312339249055, 1.7634995350155327, 0.0, 1.7635245872967014, 2.322439822686478], [7.846415417246273, 7.589229805454569, 6.994114914697928, 7.569110815677097, 7.934184281323444, 7.998066861435956, 5.509209248158941, 4.438614892058107, 4.825609856795304, 4.185524321993602, 2.868619448445541, 3.099228658876269, 3.6379833067236578, 2.1481558160431473, 1.0947179773804758, 3.2232972838383986, 8.257524116222733, 8.696995042541992, 7.039070384645973, 7.062412744239747, 8.562913585923894, 8.670713239405394, 5.890238979871699, 4.966305014797219, 4.460717667595652, 4.260971920818066, 3.098387319235605, 1.790945900913816, 1.7635245872967014, 0.0, 3.4489376538290744], [5.0058390805138755, 4.90016659512715, 4.134422825498137, 5.250592640835889, 4.692451541571847, 4.739746362412234, 2.5295979522445853, 2.146253493881839, 3.3885180757965565, 3.862369465755445, 3.4100143049553324, 4.967751263902008, 5.707665952033283, 2.1642568308775187, 2.7017583330120405, 1.0883463694982403, 5.700791379273583, 5.643285675030105, 4.142941146094161, 3.855044574320769, 5.485232707916776, 5.3108209629020635, 4.305417208587339, 4.950470949313812, 5.972964246502737, 6.69792352076373, 5.291909933095989, 3.4503901286666117, 2.322439822686478, 3.4489376538290744, 0.0]]}