{"total energy": -14.9501778, "HOMO-LUMO gap/eV": 4.98631029, "electronic energy": -15.03884154, "dipole": [-0.57380597, -0.53501591, -0.10064268], "partial charges": [-0.19030749, 0.03287666, 0.01900497, -0.16596393, 0.07689645, 0.07690335, 0.07529377, 0.07529622], "atomic dipole moments": [[-0.01419818, 0.0434322, 0.00617897], [-0.04730484, -0.20133751, -0.03234802], [-0.00944471, 0.15520308, 0.0234222], [-0.57102582, -0.57826768, -0.10715391], [-0.02444478, 0.06025407, 0.11600003], [-0.01755498, 0.09236895, -0.09403999], [0.03207002, -0.08059221, 0.10079368], [0.03925905, -0.04712442, -0.11797071]], "atomic quadrupole moments": [[0.12515766, 0.42342924, 0.15895341, 0.07866985, 0.08398695, -0.28411106], [0.26678359, 0.25791628, 0.09925227, 0.06066734, 0.08181252, -0.36603586], [0.23659683, 0.20297352, 0.10589942, 0.05048964, 0.0773003, -0.34249625], [0.22726628, 0.69214792, 0.24860703, 0.12973573, 0.13735162, -0.47587331], [0.00122006, 0.01213302, -0.02787933, -0.00954835, 0.0204988, 0.02665927], [-0.00017171, 0.01067665, -0.01151726, 0.01175142, -0.03189362, 0.01168897], [-0.009884, 0.02578128, 0.01158308, 0.00255528, -0.03325042, -0.00169908], [-0.00999329, 0.02333285, -0.00903429, 0.00373007, 0.03264033, 0.01902758]], "number of molecular orbitals": 30, "number of electrons": 26, "number of unpaired electrons": 0, "orbital energies/eV": [-29.1863177, -23.18444952, -18.22815611, -16.92317656, -15.49441071, -14.84727212, -14.72299446, -13.84929312, -13.5363283, -11.96902288, -11.82209398, -11.56021113, -11.5170263, -6.53071601, -4.66598245, -0.32033977, -0.0943825, 0.12264761, 0.12606375, 0.51441804, 0.63606457, 0.9061894, 1.08164157, 1.80523401, 2.86435184, 3.63097878, 4.08968158, 4.3729991, 6.70522369, 9.9822356], "fractional occupation": [2.0, 2.0, 2.0, 2.0, 2.0, 2.0, 2.0, 2.0, 2.0, 2.0, 2.0, 2.0, 2.0, 0.0, 0.0, 0.0, 0.0, 0.0, 0.0, 0.0, 0.0, 0.0, 0.0, 0.0, 0.0, 0.0, 0.0, 0.0, 0.0, 0.0], "program call": "xtb /home/svss/Project-DBcg-Debug/aqme2_20220329/End-to-End-workflows-final/example-3/QDESCP/mol_440_rdkit_conf_1/mol_440_rdkit_conf_1.xyz --pop --wbo --acc 0.2 --gfn 2 --chrg 0 --uhf 0 --etemp 300 --input /home/svss/Project-DBcg-Debug/aqme2_20220329/End-to-End-workflows-final/example-3/QDESCP/mol_440_rdkit_conf_1/mol_440_rdkit_conf_1_xtb.inp", "method": "GFN2-xTB", "xtb version": "6.3.3 (7355c4f)", "Dipole module/D": 2.01, "Total charge": 0, "Transition dipole module/D": NaN, "HOMO": -11.517, "LUMO": -6.5307, "HOMO occupancy": 2.0, "LUMO occupancy": 0, "mulliken charges": [-0.15399, 0.06609, 0.01917, -0.08108, 0.03727, 0.03727, 0.03763, 0.03763], "cm5 charges": [-0.16334, -0.03642, -0.09454, -0.07515, 0.09249, 0.0925, 0.09222, 0.09223], "FUKUI+": [-0.233, 0.029, -0.015, -0.365, -0.091, -0.091, -0.118, -0.118], "FUKUI-": [-0.354, 0.048, 0.034, -0.335, -0.1, -0.1, -0.096, -0.096], "FUKUIrad": [-0.293, 0.039, 0.009, -0.35, -0.096, -0.096, -0.107, -0.107], "s proportion": [1.95, 1.048, 1.062, 1.954, 0.963, 0.963, 0.962, 0.962], "p proportion": [5.22, 2.886, 2.919, 5.139, 0.0, 0.0, 0.0, 0.0], "d proportion": [-0.016, 0.0, 0.0, -0.012, 0.0, 0.0, 0.0, 0.0], "Fermi-level/eV": -9.0239, "Coordination numbers": [0.923, 3.793, 3.773, 0.999, 0.924, 0.924, 0.925, 0.925], "Dispersion coefficient C6": [105.125, 20.029, 20.284, 189.614, 2.011, 2.011, 2.028, 2.028], "Total dispersion C6": 1493.218357, "Total dispersion C8": 59298.63807, "Polarizability alpha": [15.686, 6.373, 6.417, 22.202, 2.218, 2.218, 2.227, 2.227], "Total polarizability alpha": 59.568528, "Wiberg matrix": [[0.0, 0.9492535320823254, 0.0, 0.0, 0.0, 0.0, 0.0, 0.0], [0.9492535320823254, 0.0, 1.0263469340388514, 0.0, 0.9766491721043098, 0.9766492812701113, 0.0, 0.0], [0.0, 1.0263469340388514, 0.0, 0.9631676449751763, 0.0, 0.0, 0.975878921503013, 0.9758820913936861], [0.0, 0.0, 0.9631676449751763, 0.0, 0.0, 0.0, 0.0, 0.0], [0.0, 0.9766491721043098, 0.0, 0.0, 0.0, 0.0, 0.0, 0.0], [0.0, 0.9766492812701113, 0.0, 0.0, 0.0, 0.0, 0.0, 0.0], [0.0, 0.0, 0.975878921503013, 0.0, 0.0, 0.0, 0.0, 0.0], [0.0, 0.0, 0.9758820913936861, 0.0, 0.0, 0.0, 0.0, 0.0]], "Born radii": [], "Atomic SASAs": [], "Solvent H bonds": [], "Total SASA": NaN, "Total FOD": 0.0, "FOD": [0.0, 0.0, 0.0, 0.0, 0.0, 0.0, 0.0, 0.0], "FOD s proportion": [0.0, 0.0, 0.0, 0.0, 0.0, 0.0, 0.0, 0.0], "FOD p proportion": [0.0, 0.0, 0.0, 0.0, 0.0, 0.0, 0.0, 0.0], "FOD d proportion": [0.0, 0.0, 0.0, 0.0, 0.0, 0.0, 0.0, 0.0], "coordinates": [["-1.93660", "-0.99300", "-0.21540"], ["-0.71260", "0.27760", "0.01900"], ["0.67670", "-0.32010", "-0.02670"], ["2.00250", "1.08480", "0.23160"], ["-0.91260", "0.75670", "0.98270"], ["-0.85510", "1.02440", "-0.76850"], ["0.83990", "-1.05010", "0.77120"], ["0.89790", "-0.78020", "-0.99390"]], "bond_dist": [[0.0, 1.7797594556568594, 2.7051319727510528, 4.475887694078125, 2.354882098959521, 2.354881020349011, 2.9471328812932747, 2.947157332074418], [1.7797594556568594, 0.0, 1.513105505244099, 2.840517313800428, 1.09464811697641, 1.0946107710049267, 2.176889611349184, 2.1768365809127705], [2.7051319727510528, 1.513105505244099, 0.0, 1.9488993149980838, 2.1689308633518034, 2.168953372020708, 1.0936995245495904, 1.0936623290577399], [4.475887694078125, 2.840517313800428, 1.9488993149980838, 0.0, 3.0281361973993173, 3.028155532663406, 2.490101389502042, 2.4900233753922874], [2.354882098959521, 1.09464811697641, 2.1689308633518034, 3.0281361973993173, 0.0, 1.7724759462401738, 2.5259680797666464, 3.0898089617321007], [2.354881020349011, 1.0946107710049267, 2.168953372020708, 3.028155532663406, 1.7724759462401738, 0.0, 3.0898626733238483, 2.5259444411942242], [2.9471328812932747, 2.176889611349184, 1.0936995245495904, 2.490101389502042, 2.5259680797666464, 3.0898626733238483, 0.0, 1.786557589332065], [2.947157332074418, 2.1768365809127705, 1.0936623290577399, 2.4900233753922874, 3.0898089617321007, 2.5259444411942242, 1.786557589332065, 0.0]]}