{"total energy": -23.15683855, "HOMO-LUMO gap/eV": 12.52660625, "electronic energy": -23.49346415, "dipole": [0.00195427, -0.01500058, 0.00894793], "partial charges": [-0.09826209, -0.05485953, -0.01971051, -0.10014336, -0.01378294, -0.10169784, -0.10161482, 0.03322228, 0.03039841, 0.0293438, 0.03065493, 0.02570063, 0.02878942, 0.0327529, 0.0314882, 0.03247373, 0.02537108, 0.02994024, 0.0354982, 0.03098421, 0.02925843, 0.03066156, 0.03353308], "atomic dipole moments": [[-0.09620664, 0.00563586, 0.02387284], [0.04246953, -0.06994213, -0.07499443], [-0.0184214, -0.00653162, 0.09001739], [-0.0232534, 0.09399761, -0.029049], [0.00977729, -0.08818199, 0.01959633], [0.03192567, 0.01688668, -0.09361498], [0.05617913, 0.05297925, 0.06134418], [0.05500042, -0.10625578, 0.03918682], [0.01811462, 0.01282115, -0.12408682], [0.06151652, 0.09279451, 0.05548085], [-0.00628121, -0.01110204, 0.12396464], [-0.03561565, 0.11475766, -0.02207592], [0.02635501, 0.01044362, -0.11930629], [-0.00735892, -0.02237585, 0.12492644], [0.11655933, -0.03119535, -0.03374691], [-0.06863979, -0.08816612, -0.05761211], [-0.0218286, 0.11569857, -0.02876926], [-0.11982495, 0.03389481, 0.01149351], [0.00473527, -0.12043587, 0.04057401], [0.06082046, 0.07134856, 0.0839313], [0.03781952, 0.01283185, -0.11909414], [-0.11859872, 0.03987182, 0.00222122], [-0.0063232, -0.12365994, 0.02564595]], "atomic quadrupole moments": [[0.2001822, -0.01140666, -0.1044338, -0.08366536, 0.0178006, -0.09574839], [0.18849584, 0.07068062, -0.07260432, -0.0048055, 0.11337493, -0.11589151], [0.07175244, -0.01619015, 0.10198882, 0.06709666, 0.0384067, -0.17374126], [-0.06629229, -0.05083432, 0.15724711, 0.02458633, -0.08567149, -0.09095482], [0.07869603, 0.0579051, -0.1667196, -0.01613667, 0.0759438, 0.08802356], [-0.06193092, 0.01665739, -0.11287313, -0.07950804, -0.04214205, 0.17480405], [-0.00216893, 0.09220464, -0.02403596, 0.10377539, 0.11692489, 0.02620489], [-0.02137673, -0.03174263, 0.05673671, 0.00119431, -0.03922743, -0.03535998], [-0.02886408, -0.00404869, -0.05161022, -0.00308561, -0.01142502, 0.0804743], [-0.00621138, 0.03688232, 0.02902385, 0.02047245, 0.05309451, -0.02281247], [-0.0151816, 0.00879011, -0.03415843, -0.00831149, -0.02696481, 0.04934003], [-0.00020133, -0.01979106, 0.03918154, 0.01568227, -0.02756285, -0.03898021], [-0.01344315, -0.00416047, -0.01696516, -0.00810147, -0.00694189, 0.03040831], [-0.04724041, -0.00607383, -0.03251716, -0.02020063, -0.00120076, 0.07975757], [0.07089574, -0.0092743, -0.03226119, -0.03728732, -0.00769189, -0.03863455], [0.01345843, 0.04290826, 0.00320059, 0.05010646, 0.03033358, -0.01665902], [-0.01096379, 0.00067951, 0.02922763, -0.00035886, -0.01054175, -0.01826384], [0.07111315, -0.03714991, -0.04107005, 0.00298715, -0.00832331, -0.0300431], [-0.04524381, -0.021574, 0.07644244, -0.00414423, -0.01919091, -0.03119863], [0.00096497, 0.05165218, -0.00556933, 0.03684884, 0.0365835, 0.00460435], [-0.02024176, 0.01833508, -0.0416218, -0.04344037, -0.01199806, 0.06186356], [0.06295939, -0.04088785, -0.01843939, -0.00800977, 0.01774909, -0.04452], [-0.04291743, -0.00987045, 0.06928813, 0.01364689, -0.03559958, -0.0263707]], "number of molecular orbitals": 44, "number of electrons": 44, "number of unpaired electrons": 0, "orbital energies/eV": [-16.94880584, -16.55223584, -16.08608928, -15.82712175, -15.62045336, -15.04893273, -14.56122068, -13.95526292, -13.7277726, -13.46570033, -13.25584515, -12.84962589, -12.75723896, -12.49942244, -12.38953031, -12.27211065, -12.1256738, -11.87396519, -11.54279715, -11.2979262, -11.25380721, -11.20336421, 1.32324204, 2.15934216, 2.3037216, 3.13277361, 3.31100797, 3.65443148, 3.76541731, 3.97834818, 4.25973609, 4.64743764, 5.22167582, 5.3251599, 5.78201972, 6.07062695, 6.16868823, 6.71305084, 6.95172106, 7.01952316, 7.49112054, 7.89930823, 8.03238121, 8.13879428], "fractional occupation": [2.0, 2.0, 2.0, 2.0, 2.0, 2.0, 2.0, 2.0, 2.0, 2.0, 2.0, 2.0, 2.0, 2.0, 2.0, 2.0, 2.0, 2.0, 2.0, 2.0, 2.0, 2.0, 0.0, 0.0, 0.0, 0.0, 0.0, 0.0, 0.0, 0.0, 0.0, 0.0, 0.0, 0.0, 0.0, 0.0, 0.0, 0.0, 0.0, 0.0, 0.0, 0.0, 0.0, 0.0], "program call": "xtb /home/svss/Project-DBcg-Debug/aqme2_20220329/End-to-End-workflows-final/example-3/QDESCP/mol_807_rdkit_conf_3/mol_807_rdkit_conf_3.xyz --pop --wbo --acc 0.2 --gfn 2 --chrg 0 --uhf 0 --etemp 300 --input /home/svss/Project-DBcg-Debug/aqme2_20220329/End-to-End-workflows-final/example-3/QDESCP/mol_807_rdkit_conf_3/mol_807_rdkit_conf_3_xtb.inp", "method": "GFN2-xTB", "xtb version": "6.3.3 (7355c4f)", "Dipole module/D": 0.045, "Total charge": 0, "Transition dipole module/D": NaN, "HOMO": -11.2034, "LUMO": 1.3232, "HOMO occupancy": 2.0, "LUMO occupancy": 0, "mulliken charges": [-0.08299, -0.04571, -0.01476, -0.09115, -0.00627, -0.0912, -0.09031, 0.02692, 0.02639, 0.02795, 0.02309, 0.023, 0.02108, 0.02728, 0.02889, 0.02925, 0.01994, 0.02843, 0.02771, 0.02836, 0.02791, 0.02857, 0.02761], "cm5 charges": [-0.23371, -0.15643, -0.08504, -0.23987, -0.07864, -0.23979, -0.23908, 0.07867, 0.0778, 0.07871, 0.07875, 0.07816, 0.08029, 0.07973, 0.08085, 0.08152, 0.07852, 0.07984, 0.08012, 0.08045, 0.07942, 0.07988, 0.07986], "FUKUI+": [0.009, -0.02, -0.064, 0.03, -0.057, 0.029, 0.016, -0.052, -0.051, -0.088, -0.059, -0.061, -0.066, -0.044, -0.055, -0.042, -0.068, -0.069, -0.047, -0.039, -0.053, -0.097, -0.056], "FUKUI-": [0.018, 0.002, -0.018, 0.017, -0.013, 0.024, 0.015, -0.061, -0.074, -0.075, -0.075, -0.067, -0.06, -0.048, -0.067, -0.06, -0.085, -0.074, -0.059, -0.056, -0.047, -0.075, -0.062], "FUKUIrad": [0.013, -0.009, -0.041, 0.023, -0.035, 0.026, 0.016, -0.057, -0.062, -0.081, -0.067, -0.064, -0.063, -0.046, -0.061, -0.051, -0.076, -0.071, -0.053, -0.047, -0.05, -0.086, -0.059], "s proportion": [1.008, 1.032, 1.062, 1.011, 1.058, 1.011, 1.013, 0.973, 0.974, 0.972, 0.977, 0.977, 0.979, 0.973, 0.971, 0.971, 0.98, 0.972, 0.972, 0.972, 0.972, 0.971, 0.972], "p proportion": [3.075, 3.013, 2.953, 3.08, 2.948, 3.08, 3.077, 0.0, 0.0, 0.0, 0.0, 0.0, 0.0, 0.0, 0.0, 0.0, 0.0, 0.0, 0.0, 0.0, 0.0, 0.0, 0.0], "d proportion": [0.0, 0.0, 0.0, 0.0, 0.0, 0.0, 0.0, 0.0, 0.0, 0.0, 0.0, 0.0, 0.0, 0.0, 0.0, 0.0, 0.0, 0.0, 0.0, 0.0, 0.0, 0.0, 0.0], "Fermi-level/eV": -4.9401, "Coordination numbers": [3.748, 3.799, 3.846, 3.749, 3.847, 3.751, 3.751, 0.924, 0.924, 0.924, 0.924, 0.924, 0.923, 0.924, 0.924, 0.924, 0.923, 0.924, 0.924, 0.924, 0.924, 0.924, 0.924], "Dispersion coefficient C6": [22.442, 21.561, 20.894, 22.477, 20.789, 22.505, 22.503, 2.541, 2.581, 2.596, 2.577, 2.649, 2.604, 2.548, 2.565, 2.552, 2.653, 2.587, 2.51, 2.573, 2.597, 2.577, 2.537], "Total dispersion C6": 3403.283898, "Total dispersion C8": 70231.557841, "Polarizability alpha": [6.757, 6.611, 6.502, 6.762, 6.486, 6.765, 6.765, 2.493, 2.512, 2.52, 2.511, 2.545, 2.524, 2.496, 2.505, 2.498, 2.547, 2.516, 2.477, 2.508, 2.52, 2.511, 2.491], "Total polarizability alpha": 86.820776, "Wiberg matrix": [[0.0, 1.0198622340258539, 0.0, 0.0, 0.0, 0.0, 0.0, 0.9859366793674295, 0.9874239854459445, 0.9870726234975893, 0.0, 0.0, 0.0, 0.0, 0.0, 0.0, 0.0, 0.0, 0.0, 0.0, 0.0, 0.0, 0.0], [1.0198622340258539, 0.0, 0.9949976712164985, 0.0, 0.0, 0.0, 0.0, 0.0, 0.0, 0.0, 0.9756872971458084, 0.9771230870511564, 0.0, 0.0, 0.0, 0.0, 0.0, 0.0, 0.0, 0.0, 0.0, 0.0, 0.0], [0.0, 0.9949976712164985, 0.0, 1.0109094531272642, 0.9803754671787606, 0.0, 0.0, 0.0, 0.0, 0.0, 0.0, 0.0, 0.9675164415683806, 0.0, 0.0, 0.0, 0.0, 0.0, 0.0, 0.0, 0.0, 0.0, 0.0], [0.0, 0.0, 1.0109094531272642, 0.0, 0.0, 0.0, 0.0, 0.0, 0.0, 0.0, 0.0, 0.0, 0.0, 0.9857974445767195, 0.9840489869177433, 0.9833619303915291, 0.0, 0.0, 0.0, 0.0, 0.0, 0.0, 0.0], [0.0, 0.0, 0.9803754671787606, 0.0, 0.0, 1.0103705696098082, 1.0085350321154034, 0.0, 0.0, 0.0, 0.0, 0.0, 0.0, 0.0, 0.0, 0.0, 0.9683515082776738, 0.0, 0.0, 0.0, 0.0, 0.0, 0.0], [0.0, 0.0, 0.0, 0.0, 1.0103705696098082, 0.0, 0.0, 0.0, 0.0, 0.0, 0.0, 0.0, 0.0, 0.0, 0.0, 0.0, 0.0, 0.986193463685456, 0.9854600437318308, 0.9846711030710509, 0.0, 0.0, 0.0], [0.0, 0.0, 0.0, 0.0, 1.0085350321154034, 0.0, 0.0, 0.0, 0.0, 0.0, 0.0, 0.0, 0.0, 0.0, 0.0, 0.0, 0.0, 0.0, 0.0, 0.0, 0.9866254427326647, 0.9865127827073437, 0.9844719633502416], [0.9859366793674295, 0.0, 0.0, 0.0, 0.0, 0.0, 0.0, 0.0, 0.0, 0.0, 0.0, 0.0, 0.0, 0.0, 0.0, 0.0, 0.0, 0.0, 0.0, 0.0, 0.0, 0.0, 0.0], [0.9874239854459445, 0.0, 0.0, 0.0, 0.0, 0.0, 0.0, 0.0, 0.0, 0.0, 0.0, 0.0, 0.0, 0.0, 0.0, 0.0, 0.0, 0.0, 0.0, 0.0, 0.0, 0.0, 0.0], [0.9870726234975893, 0.0, 0.0, 0.0, 0.0, 0.0, 0.0, 0.0, 0.0, 0.0, 0.0, 0.0, 0.0, 0.0, 0.0, 0.0, 0.0, 0.0, 0.0, 0.0, 0.0, 0.0, 0.0], [0.0, 0.9756872971458084, 0.0, 0.0, 0.0, 0.0, 0.0, 0.0, 0.0, 0.0, 0.0, 0.0, 0.0, 0.0, 0.0, 0.0, 0.0, 0.0, 0.0, 0.0, 0.0, 0.0, 0.0], [0.0, 0.9771230870511564, 0.0, 0.0, 0.0, 0.0, 0.0, 0.0, 0.0, 0.0, 0.0, 0.0, 0.0, 0.0, 0.0, 0.0, 0.0, 0.0, 0.0, 0.0, 0.0, 0.0, 0.0], [0.0, 0.0, 0.9675164415683806, 0.0, 0.0, 0.0, 0.0, 0.0, 0.0, 0.0, 0.0, 0.0, 0.0, 0.0, 0.0, 0.0, 0.0, 0.0, 0.0, 0.0, 0.0, 0.0, 0.0], [0.0, 0.0, 0.0, 0.9857974445767195, 0.0, 0.0, 0.0, 0.0, 0.0, 0.0, 0.0, 0.0, 0.0, 0.0, 0.0, 0.0, 0.0, 0.0, 0.0, 0.0, 0.0, 0.0, 0.0], [0.0, 0.0, 0.0, 0.9840489869177433, 0.0, 0.0, 0.0, 0.0, 0.0, 0.0, 0.0, 0.0, 0.0, 0.0, 0.0, 0.0, 0.0, 0.0, 0.0, 0.0, 0.0, 0.0, 0.0], [0.0, 0.0, 0.0, 0.9833619303915291, 0.0, 0.0, 0.0, 0.0, 0.0, 0.0, 0.0, 0.0, 0.0, 0.0, 0.0, 0.0, 0.0, 0.0, 0.0, 0.0, 0.0, 0.0, 0.0], [0.0, 0.0, 0.0, 0.0, 0.9683515082776738, 0.0, 0.0, 0.0, 0.0, 0.0, 0.0, 0.0, 0.0, 0.0, 0.0, 0.0, 0.0, 0.0, 0.0, 0.0, 0.0, 0.0, 0.0], [0.0, 0.0, 0.0, 0.0, 0.0, 0.986193463685456, 0.0, 0.0, 0.0, 0.0, 0.0, 0.0, 0.0, 0.0, 0.0, 0.0, 0.0, 0.0, 0.0, 0.0, 0.0, 0.0, 0.0], [0.0, 0.0, 0.0, 0.0, 0.0, 0.9854600437318308, 0.0, 0.0, 0.0, 0.0, 0.0, 0.0, 0.0, 0.0, 0.0, 0.0, 0.0, 0.0, 0.0, 0.0, 0.0, 0.0, 0.0], [0.0, 0.0, 0.0, 0.0, 0.0, 0.9846711030710509, 0.0, 0.0, 0.0, 0.0, 0.0, 0.0, 0.0, 0.0, 0.0, 0.0, 0.0, 0.0, 0.0, 0.0, 0.0, 0.0, 0.0], [0.0, 0.0, 0.0, 0.0, 0.0, 0.0, 0.9866254427326647, 0.0, 0.0, 0.0, 0.0, 0.0, 0.0, 0.0, 0.0, 0.0, 0.0, 0.0, 0.0, 0.0, 0.0, 0.0, 0.0], [0.0, 0.0, 0.0, 0.0, 0.0, 0.0, 0.9865127827073437, 0.0, 0.0, 0.0, 0.0, 0.0, 0.0, 0.0, 0.0, 0.0, 0.0, 0.0, 0.0, 0.0, 0.0, 0.0, 0.0], [0.0, 0.0, 0.0, 0.0, 0.0, 0.0, 0.9844719633502416, 0.0, 0.0, 0.0, 0.0, 0.0, 0.0, 0.0, 0.0, 0.0, 0.0, 0.0, 0.0, 0.0, 0.0, 0.0, 0.0]], "Born radii": [], "Atomic SASAs": [], "Solvent H bonds": [], "Total SASA": NaN, "Total FOD": 0.0, "FOD": [0.0, 0.0, 0.0, 0.0, 0.0, 0.0, 0.0, 0.0, 0.0, 0.0, 0.0, 0.0, 0.0, 0.0, 0.0, 0.0, 0.0, 0.0, 0.0, 0.0, 0.0, 0.0, 0.0], "FOD s proportion": [0.0, 0.0, 0.0, 0.0, 0.0, 0.0, 0.0, 0.0, 0.0, 0.0, 0.0, 0.0, 0.0, 0.0, 0.0, 0.0, 0.0, 0.0, 0.0, 0.0, 0.0, 0.0, 0.0], "FOD p proportion": [0.0, 0.0, 0.0, 0.0, 0.0, 0.0, 0.0, 0.0, 0.0, 0.0, 0.0, 0.0, 0.0, 0.0, 0.0, 0.0, 0.0, 0.0, 0.0, 0.0, 0.0, 0.0, 0.0], "FOD d proportion": [0.0, 0.0, 0.0, 0.0, 0.0, 0.0, 0.0, 0.0, 0.0, 0.0, 0.0, 0.0, 0.0, 0.0, 0.0, 0.0, 0.0, 0.0, 0.0, 0.0, 0.0, 0.0, 0.0], "coordinates": [["2.66290", "0.93770", "-0.00530"], ["1.18700", "1.00300", "0.36650"], ["0.31370", "-0.02250", "-0.39120"], ["0.68140", "-1.45910", "0.00040"], ["-1.19930", "0.29550", "-0.20600"], ["-1.70600", "0.10180", "1.22590"], ["-2.07410", "-0.50940", "-1.17390"], ["3.11900", "-0.00220", "0.31820"], ["2.80150", "1.03840", "-1.08630"], ["3.20770", "1.75260", "0.48240"], ["1.09310", "0.86200", "1.44930"], ["0.82890", "2.01580", "0.14470"], ["0.53510", "0.08950", "-1.46170"], ["0.59580", "-1.61700", "1.08010"], ["1.71130", "-1.69230", "-0.28780"], ["0.04380", "-2.19050", "-0.50390"], ["-1.34530", "1.35370", "-0.46280"], ["-2.75790", "0.39910", "1.30190"], ["-1.63690", "-0.94350", "1.54310"], ["-1.14490", "0.71470", "1.93700"], ["-1.72300", "-0.39660", "-2.20490"], ["-3.11020", "-0.15510", "-1.13710"], ["-2.08350", "-1.57570", "-0.92830"]], "bond_dist": [[0.0, 1.5234106931487648, 2.567030091370181, 3.1098271623998657, 3.920368626800291, 4.615394832514332, 5.089095535554427, 1.0936596682697959, 1.0944914115697755, 1.0948608770067547, 2.1414629789001722, 2.1326874149767003, 2.7144202032846723, 3.4608507133362454, 2.8110938813920816, 4.110221649741045, 4.055617029503649, 5.602136595978359, 4.942138812295745, 4.28037371382453, 5.084753234917109, 5.983633234916725, 5.449534064486613], [1.5234106931487648, 0.0, 1.5454489412465233, 2.5399994055117414, 2.5539655812089563, 3.149631534005208, 3.9108770282380396, 2.178390215273655, 2.1722088412489255, 2.158370093380651, 1.0959717377742912, 1.0969023156142939, 2.1451739090339506, 2.7790542276105374, 2.8227010238422343, 3.501848747447554, 2.687614605928462, 4.099012610373381, 3.6259703556427487, 2.8261890860308694, 4.127841823519889, 4.6976522231855355, 4.361464316029652], [2.567030091370181, 1.5454489412465233, 0.0, 1.5337448973020253, 1.5571101566684356, 2.5902994016136436, 2.559546784100654, 2.893677338612583, 2.792457996103075, 3.505623050186657, 2.1856909342356707, 2.169628249262993, 1.0988777047515341, 2.187860678836749, 2.17995627479085, 2.1876405783400528, 2.156695156947314, 3.532571404798493, 2.8973432399355104, 2.844554981011968, 2.752745064476549, 3.5067136723718972, 2.906453937360783], [3.1098271623998657, 2.5399994055117414, 1.5337448973020253, 0.0, 2.580359395510633, 3.1045028297619575, 3.1422429616438, 2.857524839787049, 3.4515572065373625, 4.114551321833281, 2.7670043928407484, 3.4810212222852073, 2.13478384385867, 1.094537281228922, 1.0945937556920378, 1.093525587263508, 3.4977008119620527, 4.1201448979374495, 2.832010158880084, 3.436742307767634, 3.4312379252975154, 4.167799516531475, 2.9190325897461302], [3.920368626800291, 2.5539655812089563, 1.5571101566684356, 2.580359395510633, 0.0, 1.5312093880328712, 1.5329610105935505, 4.360174975846727, 4.1633194856988816, 4.692407055019844, 2.883754167747313, 2.682539434938469, 2.151130365645002, 2.9213170779632947, 3.525568385381285, 2.795395861054388, 1.0986580359693363, 2.1711124636922885, 2.1876849796074387, 2.184293249543202, 2.179189140483221, 2.172907356515689, 2.1920119456791287], [4.615394832514332, 3.149631534005208, 2.5902994016136436, 3.1045028297619575, 1.5312093880328712, 0.0, 2.503618000015178, 4.91073928141171, 5.151800136845373, 5.236638289971917, 2.909084462507062, 3.355310335870588, 3.499410558937033, 2.8764238769694566, 4.145843917708432, 3.362833235532205, 2.132853907326988, 1.095744906444926, 1.0945513875556507, 1.0936831488141343, 3.46685451093639, 2.7607144455738264, 2.75628194131152], [5.089095535554427, 3.9108770282380396, 2.559546784100654, 3.1422429616438, 1.5329610105935505, 2.503618000015178, 0.0, 5.426960646623486, 5.116134669845977, 5.979747898532178, 4.335097696707653, 4.067277959520347, 2.6924774260892144, 3.6654685607709148, 4.063702594924978, 2.7857669715896916, 2.123194352856092, 2.724433946712601, 2.785978400849511, 3.4698029137113826, 1.0949685155290996, 1.0956212575520792, 1.094259297424518], [1.0936596682697959, 2.178390215273655, 2.893677338612583, 2.857524839787049, 4.360174975846727, 4.91073928141171, 5.426960646623486, 0.0, 1.776590797004195, 1.7646961126494272, 2.4759845839584704, 3.057283804294263, 3.138947611859746, 3.0910530390143744, 2.2815111877876033, 3.8628176684901914, 4.730581391330245, 5.972157147128665, 5.0005010258973055, 4.6168498199529955, 5.474171076062567, 6.398766220139629, 5.576349231351997], [1.0944914115697755, 2.1722088412489255, 2.792457996103075, 3.4515572065373625, 4.1633194856988816, 5.151800136845373, 5.116134669845977, 1.776590797004195, 0.0, 1.7708471899065712, 3.0625177354588495, 2.522265354795169, 2.4855392433031507, 4.0754816414750294, 3.0467787546850196, 4.286011462887145, 4.205248694191581, 6.084334975163679, 5.526397246850791, 4.9818869457264885, 4.876637285056169, 6.031187261228091, 5.54271664529227], [1.0948608770067547, 2.158370093380651, 3.505623050186657, 4.114551321833281, 4.692407055019844, 5.236638289971917, 5.979747898532178, 1.7646961126494272, 1.7708471899065712, 0.0, 2.489899020040773, 2.417023990365011, 3.699759070534188, 4.305051806889204, 3.8340262140470553, 5.150833768430117, 4.667154727454404, 6.171865670929658, 5.644837363467613, 4.70512745098366, 6.012690281396506, 6.795436700463039, 6.408155180705286], [2.1414629789001722, 1.0959717377742912, 2.1856909342356707, 2.7670043928407484, 2.883754167747313, 2.909084462507062, 4.335097696707653, 2.4759845839584704, 3.0625177354588495, 2.489899020040773, 0.0, 1.7615439932059602, 3.0630117939701114, 2.555201935268522, 3.1502596940569836, 3.772767814218098, 3.137465515348336, 3.8815208578597127, 3.2743745494368843, 2.295254360631954, 4.782015350247216, 5.039016596519603, 4.656839122194366], [2.1326874149767003, 1.0969023156142939, 2.169628249262993, 3.4810212222852073, 2.682539434938469, 3.355310335870588, 4.067277959520347, 3.057283804294263, 2.522265354795169, 2.417023990365011, 1.7615439932059602, 0.0, 2.5253655359175236, 3.7585295808334407, 3.836103702977801, 4.3278197351553365, 2.3525684474633253, 4.100971222771503, 4.097944446914818, 2.9666625928810983, 4.225220412002195, 4.676785954050068, 4.746817355871195], [2.7144202032846723, 2.1451739090339506, 1.0988777047515341, 2.13478384385867, 2.151130365645002, 3.499410558937033, 2.6924774260892144, 3.138947611859746, 2.4855392433031507, 3.699759070534188, 3.0630117939701114, 2.5253655359175236, 0.0, 3.0621191975493054, 2.436452111164921, 2.521340224959734, 2.4762687677229223, 4.3101259981582905, 3.8488304769111354, 3.842451916420035, 2.4264490639615746, 3.6678885492882682, 3.1487255453595826], [3.4608507133362454, 2.7790542276105374, 2.187860678836749, 1.094537281228922, 2.9213170779632947, 2.8764238769694566, 3.6654685607709148, 3.0910530390143744, 4.0754816414750294, 4.305051806889204, 2.555201935268522, 3.7585295808334407, 3.0621191975493054, 0.0, 1.766680715352947, 1.772755552804729, 3.8695565779556707, 3.9193313383790347, 2.377587125638091, 3.0333379287510978, 4.202075035027338, 4.559338049541841, 3.3487347969046457], [2.8110938813920816, 2.8227010238422343, 2.17995627479085, 1.0945937556920378, 3.525568385381285, 4.145843917708432, 4.063702594924978, 2.2815111877876033, 3.0467787546850196, 3.8340262140470553, 3.1502596940569836, 3.836103702977801, 2.436452111164921, 1.766680715352947, 0.0, 1.7536985772931448, 4.318743400573829, 5.184095744679104, 3.888873807415201, 4.347558220426726, 4.1410780468375625, 5.13138934207881, 3.8502393237304093], [4.110221649741045, 3.501848747447554, 2.1876405783400528, 1.093525587263508, 2.795395861054388, 3.362833235532205, 2.7857669715896916, 3.8628176684901914, 4.286011462887145, 5.150833768430117, 3.772767814218098, 4.3278197351553365, 2.521340224959734, 1.772755552804729, 1.7536985772931448, 0.0, 3.8069202329442104, 4.22095542383475, 2.9274511934445635, 3.976328399415723, 3.0385951441414503, 3.8067717819695996, 2.254661768425588], [4.055617029503649, 2.687614605928462, 2.156695156947314, 3.4977008119620527, 1.0986580359693363, 2.132853907326988, 2.123194352856092, 4.730581391330245, 4.205248694191581, 4.667154727454404, 3.137465515348336, 2.3525684474633253, 2.4762687677229223, 3.8695565779556707, 4.318743400573829, 3.8069202329442104, 0.0, 2.4537453025935676, 3.0636241952954997, 2.4914897551465067, 2.498223326686387, 2.4178564763029256, 3.056634399139027], [5.602136595978359, 4.099012610373381, 3.532571404798493, 4.1201448979374495, 2.1711124636922885, 1.095744906444926, 2.724433946712601, 5.972157147128665, 6.084334975163679, 6.171865670929658, 3.8815208578597127, 4.100971222771503, 4.3101259981582905, 3.9193313383790347, 5.184095744679104, 4.22095542383475, 2.4537453025935676, 0.0, 1.7656141141257338, 1.7620228063223242, 3.7418982802850214, 2.5258610274518274, 3.0542498980928197], [4.942138812295745, 3.6259703556427487, 2.8973432399355104, 2.832010158880084, 2.1876849796074387, 1.0945513875556507, 2.785978400849511, 5.0005010258973055, 5.526397246850791, 5.644837363467613, 3.2743745494368843, 4.097944446914818, 3.8488304769111354, 2.377587125638091, 3.888873807415201, 2.9274511934445635, 3.0636241952954997, 1.7656141141257338, 0.0, 1.7739358641168512, 3.7886695316430012, 3.158426742857906, 2.5897772799991894], [4.28037371382453, 2.8261890860308694, 2.844554981011968, 3.436742307767634, 2.184293249543202, 1.0936831488141343, 3.4698029137113826, 4.6168498199529955, 4.9818869457264885, 4.70512745098366, 2.295254360631954, 2.9666625928810983, 3.842451916420035, 3.0333379287510978, 4.347558220426726, 3.976328399415723, 2.4914897551465067, 1.7620228063223242, 1.7739358641168512, 0.0, 4.32718417796146, 3.7508728237571587, 3.78640280609446], [5.084753234917109, 4.127841823519889, 2.752745064476549, 3.4312379252975154, 2.179189140483221, 3.46685451093639, 1.0949685155290996, 5.474171076062567, 4.876637285056169, 6.012690281396506, 4.782015350247216, 4.225220412002195, 2.4264490639615746, 4.202075035027338, 4.1410780468375625, 3.0385951441414503, 2.498223326686387, 3.7418982802850214, 3.7886695316430012, 4.32718417796146, 0.0, 1.7671567361159561, 1.7748083333137692], [5.983633234916725, 4.6976522231855355, 3.5067136723718972, 4.167799516531475, 2.172907356515689, 2.7607144455738264, 1.0956212575520792, 6.398766220139629, 6.031187261228091, 6.795436700463039, 5.039016596519603, 4.676785954050068, 3.6678885492882682, 4.559338049541841, 5.13138934207881, 3.8067717819695996, 2.4178564763029256, 2.5258610274518274, 3.158426742857906, 3.7508728237571587, 1.7671567361159561, 0.0, 1.7651670430868576], [5.449534064486613, 4.361464316029652, 2.906453937360783, 2.9190325897461302, 2.1920119456791287, 2.75628194131152, 1.094259297424518, 5.576349231351997, 5.54271664529227, 6.408155180705286, 4.656839122194366, 4.746817355871195, 3.1487255453595826, 3.3487347969046457, 3.8502393237304093, 2.254661768425588, 3.056634399139027, 3.0542498980928197, 2.5897772799991894, 3.78640280609446, 1.7748083333137692, 1.7651670430868576, 0.0]]}