{"total energy": -43.45965421, "HOMO-LUMO gap/eV": 2.99714612, "electronic energy": -43.96873788, "dipole": [0.06578235, 0.90766943, -0.11186257], "partial charges": [-0.37925395, 0.28200114, -0.17663807, 0.33878415, -0.42054101, -0.17324698, 0.27776184, -0.37793933, -0.01763763, -0.04603223, -0.10673822, -0.05816179, -0.03554168, -0.0900164, 0.23341782, 0.23397634, 0.05919351, 0.03744472, 0.04942915, 0.05002668, 0.05204533, 0.06490057, 0.06917488, 0.04041807, 0.0520046, 0.04116849], "atomic dipole moments": [[-0.08885907, 0.00162942, -0.16495423], [-0.08717482, -0.03049642, -0.00056223], [0.02875242, -0.0652323, -0.04303071], [0.07910123, 0.04619924, -0.00691504], [0.18517013, 0.10852692, -0.01889901], [0.0198235, -0.02170349, 0.05868684], [-0.07433568, -0.03550919, 0.01444823], [-0.09073879, 0.037745, 0.16024017], [-0.03084711, 0.00497484, -0.00714632], [0.05809725, -0.09641273, 0.09596323], [-0.05784222, -0.08497066, -0.0842331], [-0.15154318, -0.04102281, 0.00763603], [-0.05150804, 0.16001933, 0.03122543], [0.02741347, -0.05062971, -0.04211517], [-0.05502045, -0.03938473, 0.1174778], [-0.05235902, -0.07698001, -0.10152241], [0.03714347, 0.03522467, -0.11695048], [-0.12216307, 0.03264514, -0.004959], [-0.03345573, 0.11874543, -0.02985236], [-0.0376848, -0.01583521, 0.12387436], [0.12845044, -5.782e-05, -0.00591206], [0.06467308, 0.03937674, -0.10570862], [0.06390804, 0.06433883, 0.09029632], [-0.01332359, -0.05676527, 0.14112017], [0.02258928, 0.04578514, -0.14547158], [0.03142865, -0.14142894, 0.04363831]], "atomic quadrupole moments": [[-0.09122443, -0.06720904, 0.2019285, 0.0138854, 0.03428173, -0.11070407], [-0.15383505, -0.12517794, 0.49505012, -0.01711254, 0.10357055, -0.34121507], [0.04038065, 0.0181828, 0.01261635, 0.09125312, 0.04160078, -0.052997], [-0.06912284, -0.29736954, 0.20880621, 0.07957379, -0.10309401, -0.13968337], [0.01417292, -0.08720973, 0.09307653, 0.02656675, -0.05294604, -0.10724945], [0.03892049, -0.0117031, -0.02174095, -0.08738244, -0.05928619, -0.01717953], [-0.12981188, -0.16946804, 0.35395217, 0.08400011, -0.29495705, -0.22414029], [-0.07585858, -0.09072085, 0.1459055, 0.01450641, -0.10653621, -0.07004692], [-0.00480062, 0.01927979, -0.05909707, 0.00016515, 0.00841047, 0.06389769], [-0.1419346, 0.01555993, 0.23598593, 0.10698121, 0.03890727, -0.09405132], [-0.06381774, 0.09105811, 0.03835098, 0.11787844, 0.14932265, 0.02546676], [0.14330571, -0.10716374, 0.0475113, 0.01008115, -0.02643434, -0.19081701], [0.41977118, 0.22620835, -0.06821848, 0.24211067, -0.04272582, -0.3515527], [0.50893455, 0.27136737, -0.23702671, 0.24012507, 0.03773207, -0.27190784], [0.00889202, 0.02034715, -0.04600994, -0.01566355, 0.00917542, 0.03711792], [0.00791322, 0.0252389, -0.03460886, 0.00263517, 0.02375158, 0.02669564], [-0.02171532, 0.01500901, -0.01269847, -0.03722091, 0.00704854, 0.03441379], [0.05501355, 0.00573231, -0.01337797, -0.0105022, 0.01369547, -0.04163558], [-0.03002099, -0.03253024, 0.05753459, 0.02551371, -0.03112385, -0.0275136], [-0.02643747, 0.02221862, -0.02926478, -0.03243986, -0.02617517, 0.05570226], [0.07362699, -0.01947276, -0.0389711, -0.00914243, 0.01516587, -0.03465589], [-0.02211389, -0.01148427, -0.02402465, -0.02773286, -0.02042663, 0.04613854], [-0.03331751, 0.0060133, 0.00771636, 0.0237171, 0.03965581, 0.02560115], [-0.0524388, -0.02470916, 0.03075577, -0.0322178, 0.01355936, 0.02168304], [-0.04680651, -0.01784182, 0.01040472, -0.02271426, -0.01238906, 0.03640179], [-0.05141506, -0.03112191, 0.03852535, -0.01809252, -0.00724446, 0.01288971]], "number of molecular orbitals": 68, "number of electrons": 76, "number of unpaired electrons": 0, "orbital energies/eV": [-20.63163499, -20.30038448, -20.20889507, -19.79674948, -19.4085333, -18.78111379, -18.26015053, -18.12000651, -17.59786876, -17.23492868, -17.03878599, -16.80234935, -16.7229324, -16.2738101, -16.04789344, -15.68373906, -15.65815169, -15.50395976, -15.30607038, -15.09558206, -14.86796836, -14.62541833, -14.47787511, -14.15430805, -13.81629825, -13.7772572, -13.41692173, -13.17314238, -12.95500462, -12.83888981, -12.75992041, -12.61729092, -12.42735383, -12.31726557, -12.13425142, -11.78372727, -11.68183894, -11.09173322, -8.0945871, -7.20777874, -5.8779536, -5.81459468, -0.44937919, 0.01105965, 0.70233199, 1.32082405, 1.82171275, 2.86267574, 2.98350158, 3.31432488, 3.44695884, 3.50823686, 3.77884551, 4.12513405, 4.23461128, 4.68842262, 4.93601107, 5.48255981, 6.20748568, 6.65076817, 6.72033792, 7.6602629, 10.93027451, 11.39346411, 14.10026493, 14.13012148, 15.18683461, 16.29624343], "fractional occupation": [2.0, 2.0, 2.0, 2.0, 2.0, 2.0, 2.0, 2.0, 2.0, 2.0, 2.0, 2.0, 2.0, 2.0, 2.0, 2.0, 2.0, 2.0, 2.0, 2.0, 2.0, 2.0, 2.0, 2.0, 2.0, 2.0, 2.0, 2.0, 2.0, 2.0, 2.0, 2.0, 2.0, 2.0, 2.0, 2.0, 2.0, 2.0, 0.0, 0.0, 0.0, 0.0, 0.0, 0.0, 0.0, 0.0, 0.0, 0.0, 0.0, 0.0, 0.0, 0.0, 0.0, 0.0, 0.0, 0.0, 0.0, 0.0, 0.0, 0.0, 0.0, 0.0, 0.0, 0.0, 0.0, 0.0, 0.0, 0.0], "program call": "xtb /home/svss/Project-DBcg-Debug/aqme2_20220329/End-to-End-workflows-final/example-3/QDESCP/mol_692_rdkit_conf_7/mol_692_rdkit_conf_7.xyz --pop --wbo --acc 0.2 --gfn 2 --chrg 0 --uhf 0 --etemp 300 --input /home/svss/Project-DBcg-Debug/aqme2_20220329/End-to-End-workflows-final/example-3/QDESCP/mol_692_rdkit_conf_7/mol_692_rdkit_conf_7_xtb.inp", "method": "GFN2-xTB", "xtb version": "6.3.3 (7355c4f)", "Dipole module/D": 2.331, "Total charge": 0, "Transition dipole module/D": NaN, "HOMO": -11.0917, "LUMO": -8.0946, "HOMO occupancy": 2.0, "LUMO occupancy": 0, "mulliken charges": [-0.50858, 0.47416, -0.32655, 0.57474, -0.53643, -0.32373, 0.47473, -0.50907, -0.05192, -0.03151, -0.08457, -0.03298, -0.03239, -0.07058, 0.27974, 0.28144, 0.05199, 0.03125, 0.04128, 0.04617, 0.03986, 0.04812, 0.05099, 0.03777, 0.04093, 0.03513], "cm5 charges": [-0.55446, 0.57341, -0.6699, 0.74269, -0.57331, -0.66638, 0.57358, -0.5535, -0.05357, -0.13425, -0.2343, -0.13039, -0.09458, -0.17203, 0.48275, 0.48391, 0.10943, 0.091, 0.09211, 0.10045, 0.092, 0.10723, 0.11013, 0.09561, 0.09495, 0.08743], "FUKUI+": [-0.145, -0.056, -0.036, -0.056, -0.15, -0.035, -0.056, -0.145, -0.004, -0.003, 0.016, 0.015, 0.013, -0.008, -0.049, -0.049, -0.035, -0.02, -0.038, -0.011, -0.026, -0.03, -0.031, -0.01, -0.018, -0.033], "FUKUI-": [-0.083, -0.003, -0.026, -0.002, -0.099, -0.026, -0.003, -0.077, -0.019, 0.011, 0.013, 0.01, -0.044, -0.053, -0.033, -0.033, -0.049, -0.052, -0.045, -0.038, -0.043, -0.043, -0.065, -0.059, -0.065, -0.076], "FUKUIrad": [-0.114, -0.029, -0.031, -0.029, -0.124, -0.03, -0.03, -0.111, -0.012, 0.004, 0.015, 0.013, -0.016, -0.031, -0.041, -0.041, -0.042, -0.036, -0.041, -0.024, -0.034, -0.036, -0.048, -0.034, -0.042, -0.055], "s proportion": [1.73, 1.012, 1.432, 0.937, 1.72, 1.427, 1.012, 1.73, 1.105, 1.039, 1.01, 1.031, 1.071, 1.053, 0.72, 0.719, 0.948, 0.969, 0.959, 0.954, 0.96, 0.952, 0.949, 0.962, 0.959, 0.965], "p proportion": [4.779, 2.514, 3.894, 2.488, 4.816, 3.896, 2.513, 4.779, 2.947, 2.993, 3.075, 3.002, 2.962, 3.018, 0.0, 0.0, 0.0, 0.0, 0.0, 0.0, 0.0, 0.0, 0.0, 0.0, 0.0, 0.0], "d proportion": [0.0, 0.0, 0.0, 0.0, 0.0, 0.0, 0.0, 0.0, 0.0, 0.0, 0.0, 0.0, 0.0, 0.0, 0.0, 0.0, 0.0, 0.0, 0.0, 0.0, 0.0, 0.0, 0.0, 0.0, 0.0, 0.0], "Fermi-level/eV": -9.5932, "Coordination numbers": [0.859, 2.768, 2.697, 2.705, 0.86, 2.696, 2.768, 0.859, 3.902, 3.808, 3.748, 3.806, 2.883, 2.833, 0.86, 0.86, 0.923, 0.923, 0.924, 0.924, 0.924, 0.923, 0.924, 0.925, 0.925, 0.925], "Dispersion coefficient C6": [21.27, 22.226, 24.824, 21.243, 22.094, 24.749, 22.302, 21.244, 20.832, 21.392, 22.608, 21.616, 28.882, 30.248, 0.951, 0.948, 2.209, 2.483, 2.327, 2.32, 2.295, 2.143, 2.095, 2.443, 2.295, 2.433], "Total dispersion C6": 7105.786647, "Total dispersion C8": 161495.043377, "Polarizability alpha": [6.183, 7.721, 7.4, 7.544, 6.302, 7.389, 7.734, 6.18, 6.488, 6.584, 6.782, 6.619, 8.811, 9.013, 1.527, 1.525, 2.324, 2.464, 2.386, 2.382, 2.369, 2.289, 2.263, 2.444, 2.369, 2.439], "Total polarizability alpha": 127.530889, "Wiberg matrix": [[0.0, 1.753284298470074, 0.13285747422811292, 0.0, 0.0, 0.0, 0.0, 0.0, 0.0, 0.0, 0.0, 0.0, 0.0, 0.0, 0.0, 0.0, 0.0, 0.0, 0.0, 0.0, 0.0, 0.0, 0.0, 0.0, 0.0, 0.0], [1.753284298470074, 0.0, 1.1355034051192017, 0.0, 0.0, 0.0, 0.0, 0.0, 0.9569645837857508, 0.0, 0.0, 0.0, 0.0, 0.0, 0.0, 0.0, 0.0, 0.0, 0.0, 0.0, 0.0, 0.0, 0.0, 0.0, 0.0, 0.0], [0.13285747422811292, 1.1355034051192017, 0.0, 1.1212251889361604, 0.11584260978974333, 0.0, 0.0, 0.0, 0.0, 0.0, 0.0, 0.0, 0.0, 0.0, 0.9085497289619611, 0.0, 0.0, 0.0, 0.0, 0.0, 0.0, 0.0, 0.0, 0.0, 0.0, 0.0], [0.0, 0.0, 1.1212251889361604, 0.0, 1.6536098176956986, 1.1262276968099048, 0.0, 0.0, 0.0, 0.0, 0.0, 0.0, 0.0, 0.0, 0.0, 0.0, 0.0, 0.0, 0.0, 0.0, 0.0, 0.0, 0.0, 0.0, 0.0, 0.0], [0.0, 0.0, 0.11584260978974333, 1.6536098176956986, 0.0, 0.11543538568094931, 0.0, 0.0, 0.0, 0.0, 0.0, 0.0, 0.0, 0.0, 0.0, 0.0, 0.0, 0.0, 0.0, 0.0, 0.0, 0.0, 0.0, 0.0, 0.0, 0.0], [0.0, 0.0, 0.0, 1.1262276968099048, 0.11543538568094931, 0.0, 1.1437565673845431, 0.13570908674510915, 0.0, 0.0, 0.0, 0.0, 0.0, 0.0, 0.0, 0.9090298773760062, 0.0, 0.0, 0.0, 0.0, 0.0, 0.0, 0.0, 0.0, 0.0, 0.0], [0.0, 0.0, 0.0, 0.0, 0.0, 1.1437565673845431, 0.0, 1.7517071748453379, 0.9489887370843715, 0.0, 0.0, 0.0, 0.0, 0.0, 0.0, 0.0, 0.0, 0.0, 0.0, 0.0, 0.0, 0.0, 0.0, 0.0, 0.0, 0.0], [0.0, 0.0, 0.0, 0.0, 0.0, 0.13570908674510915, 1.7517071748453379, 0.0, 0.0, 0.0, 0.0, 0.0, 0.0, 0.0, 0.0, 0.0, 0.0, 0.0, 0.0, 0.0, 0.0, 0.0, 0.0, 0.0, 0.0, 0.0], [0.0, 0.9569645837857508, 0.0, 0.0, 0.0, 0.0, 0.9489887370843715, 0.0, 0.0, 0.9205346444098015, 0.0, 0.9617992656052979, 0.0, 0.0, 0.0, 0.0, 0.0, 0.0, 0.0, 0.0, 0.0, 0.0, 0.0, 0.0, 0.0, 0.0], [0.0, 0.0, 0.0, 0.0, 0.0, 0.0, 0.0, 0.0, 0.9205346444098015, 0.0, 1.0180833916207364, 0.0, 0.0, 0.0, 0.0, 0.0, 0.971178037505357, 0.9762008469246554, 0.0, 0.0, 0.0, 0.0, 0.0, 0.0, 0.0, 0.0], [0.0, 0.0, 0.0, 0.0, 0.0, 0.0, 0.0, 0.0, 0.0, 1.0180833916207364, 0.0, 0.0, 0.0, 0.0, 0.0, 0.0, 0.0, 0.0, 0.9815032522327519, 0.9857501689952386, 0.9838894501516815, 0.0, 0.0, 0.0, 0.0, 0.0], [0.0, 0.0, 0.0, 0.0, 0.0, 0.0, 0.0, 0.0, 0.9617992656052979, 0.0, 0.0, 0.0, 1.0203348980730016, 0.0, 0.0, 0.0, 0.0, 0.0, 0.0, 0.0, 0.0, 0.9698791855799156, 0.9587543960678145, 0.0, 0.0, 0.0], [0.0, 0.0, 0.0, 0.0, 0.0, 0.0, 0.0, 0.0, 0.0, 0.0, 0.0, 1.0203348980730016, 0.0, 1.982458305522397, 0.0, 0.0, 0.0, 0.0, 0.0, 0.0, 0.0, 0.0, 0.0, 0.967303419544159, 0.0, 0.0], [0.0, 0.0, 0.0, 0.0, 0.0, 0.0, 0.0, 0.0, 0.0, 0.0, 0.0, 0.0, 1.982458305522397, 0.0, 0.0, 0.0, 0.0, 0.0, 0.0, 0.0, 0.0, 0.0, 0.0, 0.0, 0.9748351137939497, 0.9772936029800037], [0.0, 0.0, 0.9085497289619611, 0.0, 0.0, 0.0, 0.0, 0.0, 0.0, 0.0, 0.0, 0.0, 0.0, 0.0, 0.0, 0.0, 0.0, 0.0, 0.0, 0.0, 0.0, 0.0, 0.0, 0.0, 0.0, 0.0], [0.0, 0.0, 0.0, 0.0, 0.0, 0.9090298773760062, 0.0, 0.0, 0.0, 0.0, 0.0, 0.0, 0.0, 0.0, 0.0, 0.0, 0.0, 0.0, 0.0, 0.0, 0.0, 0.0, 0.0, 0.0, 0.0, 0.0], [0.0, 0.0, 0.0, 0.0, 0.0, 0.0, 0.0, 0.0, 0.0, 0.971178037505357, 0.0, 0.0, 0.0, 0.0, 0.0, 0.0, 0.0, 0.0, 0.0, 0.0, 0.0, 0.0, 0.0, 0.0, 0.0, 0.0], [0.0, 0.0, 0.0, 0.0, 0.0, 0.0, 0.0, 0.0, 0.0, 0.9762008469246554, 0.0, 0.0, 0.0, 0.0, 0.0, 0.0, 0.0, 0.0, 0.0, 0.0, 0.0, 0.0, 0.0, 0.0, 0.0, 0.0], [0.0, 0.0, 0.0, 0.0, 0.0, 0.0, 0.0, 0.0, 0.0, 0.0, 0.9815032522327519, 0.0, 0.0, 0.0, 0.0, 0.0, 0.0, 0.0, 0.0, 0.0, 0.0, 0.0, 0.0, 0.0, 0.0, 0.0], [0.0, 0.0, 0.0, 0.0, 0.0, 0.0, 0.0, 0.0, 0.0, 0.0, 0.9857501689952386, 0.0, 0.0, 0.0, 0.0, 0.0, 0.0, 0.0, 0.0, 0.0, 0.0, 0.0, 0.0, 0.0, 0.0, 0.0], [0.0, 0.0, 0.0, 0.0, 0.0, 0.0, 0.0, 0.0, 0.0, 0.0, 0.9838894501516815, 0.0, 0.0, 0.0, 0.0, 0.0, 0.0, 0.0, 0.0, 0.0, 0.0, 0.0, 0.0, 0.0, 0.0, 0.0], [0.0, 0.0, 0.0, 0.0, 0.0, 0.0, 0.0, 0.0, 0.0, 0.0, 0.0, 0.9698791855799156, 0.0, 0.0, 0.0, 0.0, 0.0, 0.0, 0.0, 0.0, 0.0, 0.0, 0.0, 0.0, 0.0, 0.0], [0.0, 0.0, 0.0, 0.0, 0.0, 0.0, 0.0, 0.0, 0.0, 0.0, 0.0, 0.9587543960678145, 0.0, 0.0, 0.0, 0.0, 0.0, 0.0, 0.0, 0.0, 0.0, 0.0, 0.0, 0.0, 0.0, 0.0], [0.0, 0.0, 0.0, 0.0, 0.0, 0.0, 0.0, 0.0, 0.0, 0.0, 0.0, 0.0, 0.967303419544159, 0.0, 0.0, 0.0, 0.0, 0.0, 0.0, 0.0, 0.0, 0.0, 0.0, 0.0, 0.0, 0.0], [0.0, 0.0, 0.0, 0.0, 0.0, 0.0, 0.0, 0.0, 0.0, 0.0, 0.0, 0.0, 0.0, 0.9748351137939497, 0.0, 0.0, 0.0, 0.0, 0.0, 0.0, 0.0, 0.0, 0.0, 0.0, 0.0, 0.0], [0.0, 0.0, 0.0, 0.0, 0.0, 0.0, 0.0, 0.0, 0.0, 0.0, 0.0, 0.0, 0.0, 0.9772936029800037, 0.0, 0.0, 0.0, 0.0, 0.0, 0.0, 0.0, 0.0, 0.0, 0.0, 0.0, 0.0]], "Born radii": [], "Atomic SASAs": [], "Solvent H bonds": [], "Total SASA": NaN, "Total FOD": 0.0, "FOD": [0.0, 0.0, 0.0, 0.0, 0.0, 0.0, 0.0, 0.0, 0.0, 0.0, 0.0, 0.0, 0.0, 0.0, 0.0, 0.0, 0.0, 0.0, 0.0, 0.0, 0.0, 0.0, 0.0, 0.0, 0.0, 0.0], "FOD s proportion": [0.0, 0.0, 0.0, 0.0, 0.0, 0.0, 0.0, 0.0, 0.0, 0.0, 0.0, 0.0, 0.0, 0.0, 0.0, 0.0, 0.0, 0.0, 0.0, 0.0, 0.0, 0.0, 0.0, 0.0, 0.0, 0.0], "FOD p proportion": [0.0, 0.0, 0.0, 0.0, 0.0, 0.0, 0.0, 0.0, 0.0, 0.0, 0.0, 0.0, 0.0, 0.0, 0.0, 0.0, 0.0, 0.0, 0.0, 0.0, 0.0, 0.0, 0.0, 0.0, 0.0, 0.0], "FOD d proportion": [0.0, 0.0, 0.0, 0.0, 0.0, 0.0, 0.0, 0.0, 0.0, 0.0, 0.0, 0.0, 0.0, 0.0, 0.0, 0.0, 0.0, 0.0, 0.0, 0.0, 0.0, 0.0, 0.0, 0.0, 0.0, 0.0], "coordinates": [["-0.13330", "-0.09230", "2.32790"], ["-0.70080", "-0.09580", "1.23780"], ["-2.04230", "-0.34700", "1.16860"], ["-2.63320", "-0.93520", "0.09610"], ["-3.68480", "-1.55670", "0.20600"], ["-1.96690", "-0.86940", "-1.08670"], ["-0.64840", "-0.53370", "-1.23440"], ["-0.07360", "-0.77600", "-2.29400"], ["-0.01580", "0.23500", "-0.08030"], ["-0.28220", "1.73690", "-0.39940"], ["0.35440", "2.73910", "0.55730"], ["1.49950", "-0.06770", "-0.01090"], ["1.83900", "-1.51170", "0.27510"], ["2.34310", "-2.35800", "-0.63140"], ["-2.48250", "-0.56350", "2.05330"], ["-2.37450", "-1.39330", "-1.84940"], ["0.07490", "1.96330", "-1.41330"], ["-1.36360", "1.92940", "-0.41590"], ["0.05410", "3.75540", "0.28090"], ["0.03760", "2.57040", "1.59030"], ["1.44640", "2.70070", "0.51390"], ["1.98240", "0.24570", "-0.94640"], ["1.97340", "0.52250", "0.78320"], ["1.69140", "-1.86240", "1.29610"], ["2.51810", "-2.05410", "-1.66010"], ["2.58750", "-3.38160", "-0.36430"]], "bond_dist": [[0.0, 1.2289778313704443, 2.2479167199876424, 3.4555624231085744, 4.388630677101914, 3.95290608666586, 3.6263126257949687, 4.672576311843392, 2.433178739838074, 3.2872951099650303, 3.3748631987089492, 2.852477246184446, 3.1809827868129057, 4.474752500418319, 2.411674779069516, 4.915832964005184, 4.273805802794507, 3.6234441378335065, 4.3623529258875875, 2.768254298289808, 3.6860408421502875, 3.912987475063012, 2.683703042439681, 2.743609910318885, 5.175202913896228, 5.046799775105012], [1.2289778313704443, 0.0, 1.366569548175284, 2.396297354253015, 3.4789504236191697, 2.757674096045434, 2.5112297804064045, 3.650981117453225, 1.5218545429836585, 2.4928776724901685, 3.1005137154994173, 2.530091182151347, 3.063029242433053, 4.2280946879179515, 2.0145069942792455, 3.743739010668345, 3.445277131088296, 2.697306539865278, 4.039464452127286, 2.7889268993647, 3.599293166720377, 3.4766239557938965, 2.7821397682359525, 2.974373091930466, 4.753323101788895, 4.916922100257437], [2.2479167199876424, 1.366569548175284, 0.0, 1.3584543790646781, 2.255610582525273, 2.3162394112008373, 2.7842814333324855, 4.006172668520417, 2.4505463594880226, 3.146301832310435, 3.9549806307995996, 3.7434711138193655, 4.149621432130888, 5.1493547323912345, 1.0116038651567125, 3.211452090565886, 4.060323822061487, 2.8553933004053924, 4.691757667441914, 3.6076360209976834, 4.678475720787701, 4.585054893891676, 4.1267917199684305, 4.031526894366451, 5.63142808353263, 5.7440079744025425], [3.4555624231085744, 2.396297354253015, 1.3584543790646781, 0.0, 1.2264594652902314, 1.359154579141019, 2.422986491914472, 3.505634722842641, 2.8725020034805895, 3.593443983144861, 4.758039479659663, 4.224122931449793, 4.512755930692463, 5.226583758058413, 1.9978746757492074, 2.0153787609280793, 4.244219153154088, 3.1748954817442416, 5.40901661025366, 4.653497355752982, 5.480644287855216, 4.87699645478649, 4.880344174338527, 4.582779178620764, 5.556263793233723, 5.783817909478133], [4.388630677101914, 3.4789504236191697, 2.255610582525273, 1.2264594652902314, 0.0, 2.257129812394493, 3.512976817458379, 4.460970514361197, 4.093130535421513, 4.774096446449318, 5.906982814432424, 5.398252782150907, 5.524415466816376, 6.138314007934102, 2.4175377597878382, 2.4430011891114587, 5.398877344411521, 4.23410229682751, 6.496413597516709, 5.727608808220058, 6.674538981083263, 6.0575430134667645, 6.055696468615316, 5.4941147548991, 6.496591751064552, 6.557228788901604], [3.95290608666586, 2.757674096045434, 2.3162394112008373, 1.359154579141019, 2.257129812394493, 0.0, 1.3685583765408038, 2.247416681436711, 2.4575051434330715, 3.1785838151604557, 4.594827737793878, 3.716987690321291, 4.092911352570441, 4.582502378613676, 3.196719907968166, 1.0110985411917077, 3.507107653038327, 2.940616426873794, 5.2291056405469565, 4.7975590970825985, 5.192123964236601, 4.106105525921126, 4.578195682799065, 4.4773813473949255, 4.6741337860613275, 5.251244610566147], [3.6263126257949687, 2.5112297804064045, 2.7842814333324855, 2.422986491914472, 3.512976817458379, 1.3685583765408038, 0.0, 1.229575735772303, 1.5241487000945804, 2.446824840482048, 3.8635497369647, 2.515468676012484, 3.069565606075231, 3.5553834870517136, 3.7648083802499164, 2.0239956447581595, 2.6057968263086053, 2.6922694701682444, 4.602827299606188, 4.2526418730008295, 4.231558021580231, 2.758897787160662, 3.47276596389679, 3.6937160123647836, 3.538298870926536, 4.397574016432242], [4.672576311843392, 3.650981117453225, 4.006172668520417, 3.505634722842641, 4.460970514361197, 2.247416681436711, 1.229575735772303, 0.0, 2.434323218062877, 3.1539958037384896, 4.546319797374576, 2.861621587491959, 3.2862696267957077, 3.3327768677185694, 4.974632926156462, 2.423400350746859, 2.881223564737731, 3.537025412687899, 5.21344447174802, 5.128210690874547, 4.720396731208088, 2.66214812698317, 3.917329586593398, 4.1453959967655685, 2.958424869757554, 4.194561557540907], [2.433178739838074, 1.5218545429836585, 2.4505463594880226, 2.8725020034805895, 4.093130535421513, 2.4575051434330715, 1.5241487000945804, 2.434323218062877, 0.0, 1.5583636866919095, 2.610382847399975, 1.5467959593947742, 2.572460512816475, 3.548488328852161, 3.357746282851043, 3.368165879228634, 2.1845220026358168, 2.1909321212671102, 3.539571670414374, 2.871906871749152, 2.9275892761792934, 2.177853746237336, 2.1875111748286, 3.0344843977189933, 3.7624986458469323, 4.465156486619478], [3.2872951099650303, 2.4928776724901685, 3.146301832310435, 3.593443983144861, 4.774096446449318, 3.1785838151604557, 2.446824840482048, 3.1539958037384896, 1.5583636866919095, 0.0, 1.524775160474488, 2.565534700603366, 3.9379997016251793, 4.86972587524185, 4.018569091106933, 4.034646369881752, 1.0985311010617769, 1.0985237639668974, 2.15644337509706, 2.1808026916711194, 2.1796984401517565, 2.7660982628966746, 2.8215317612956268, 4.441258571621337, 4.878803703778212, 5.868172828913614], [3.3748631987089492, 3.1005137154994173, 3.9549806307995996, 4.758039479659663, 5.906982814432424, 4.594827737793878, 3.8635497369647, 4.546319797374576, 2.610382847399975, 1.524775160474488, 0.0, 3.0841905729056367, 4.511427117886312, 5.598960956284658, 4.6036055836702605, 5.505981280389537, 2.1361765493516685, 2.134070366693657, 1.0951907322471277, 1.0935771257666282, 1.0935365197376812, 3.3359468296122468, 2.754179981410075, 4.848422082492406, 5.707295917507695, 6.58020141485046], [2.852477246184446, 2.530091182151347, 3.7434711138193655, 4.224122931449793, 5.398252782150907, 3.716987690321291, 2.515468676012484, 2.861621587491959, 1.5467959593947742, 2.565534700603366, 3.0841905729056367, 0.0, 1.51069263915596, 2.5183636155249705, 4.512545100051633, 4.4883375107048264, 2.8497669939838945, 3.5142246684012677, 4.097611744662981, 3.4147568961787016, 2.8182038978753825, 1.098440813152898, 1.0970469725586047, 2.228457470987499, 2.775462404717455, 3.505790748176508], [3.1809827868129057, 3.063029242433053, 4.149621432130888, 4.512755930692463, 5.524415466816376, 4.092911352570441, 3.069565606075231, 3.2862696267957077, 2.572460512816475, 3.9379997016251793, 4.511427117886312, 1.51069263915596, 0.0, 1.338686949962537, 4.768274397515311, 4.7202861205651505, 4.247160035835711, 4.751346858523381, 5.561316755949081, 4.651702205644725, 4.237389993852347, 2.1450129533408417, 2.1009994312231504, 1.0895949935641223, 2.1214084024534268, 2.1131991434789104], [4.474752500418319, 4.2280946879179515, 5.1493547323912345, 5.226583758058413, 6.138314007934102, 4.582502378613676, 3.5553834870517136, 3.3327768677185694, 3.548488328852161, 4.86972587524185, 5.598960956284658, 2.5183636155249705, 1.338686949962537, 0.0, 5.806398169261216, 4.966882306839976, 4.942644286209559, 5.671672055046907, 6.591317914499347, 5.877108787490665, 5.263670646041601, 2.6473728826895537, 3.230333032366787, 2.0941796723299557, 1.0868320477424283, 1.085739715585646], [2.411674779069516, 2.0145069942792455, 1.0116038651567125, 1.9978746757492074, 2.4175377597878382, 3.196719907968166, 3.7648083802499164, 4.974632926156462, 3.357746282851043, 4.018569091106933, 4.6036055836702605, 4.512545100051633, 4.768274397515311, 5.806398169261216, 0.0, 3.991403178081613, 4.99422952616317, 3.682857078410728, 5.313063008284393, 4.048036835306714, 5.334886054078381, 5.4395162229742455, 4.758948919667031, 4.436432605145716, 6.404469398787069, 6.284216527937274], [4.915832964005184, 3.743739010668345, 3.211452090565886, 2.0153787609280793, 2.4430011891114587, 1.0110985411917077, 2.0239956447581595, 2.423400350746859, 3.368165879228634, 4.034646369881752, 5.505981280389537, 4.4883375107048264, 4.7202861205651505, 4.966882306839976, 3.991403178081613, 0.0, 4.178098506497903, 3.757283107512661, 6.07827177246954, 5.775870513610913, 6.078264530275068, 4.741762078594833, 5.431860345222436, 5.161953881041558, 4.9406503509153525, 5.547999900865175], [4.273805802794507, 3.445277131088296, 4.060323822061487, 4.244219153154088, 5.398877344411521, 3.507107653038327, 2.6057968263086053, 2.881223564737731, 2.1845220026358168, 1.0985311010617769, 2.1361765493516685, 2.8497669939838945, 4.247160035835711, 4.942644286209559, 4.99422952616317, 4.178098506497903, 0.0, 1.7507821737726255, 2.4662458697380516, 3.064567613873122, 2.4776744842694733, 2.6089656226175153, 3.241113873346631, 4.958820535167612, 4.708464637225175, 5.998459449725404], [3.6234441378335065, 2.697306539865278, 2.8553933004053924, 3.1748954817442416, 4.23410229682751, 2.940616426873794, 2.6922694701682444, 3.537025412687899, 2.1909321212671102, 1.0985237639668974, 2.134070366693657, 3.5142246684012677, 4.751346858523381, 5.671672055046907, 3.682857078410728, 3.757283107512661, 1.7507821737726255, 0.0, 2.4144729300615486, 2.529640464571991, 3.0586813711140293, 3.783119339909858, 3.814810273132859, 5.161561414920876, 5.6994649555901296, 6.619711079042649], [4.3623529258875875, 4.039464452127286, 4.691757667441914, 5.40901661025366, 6.496413597516709, 5.2291056405469565, 4.602827299606188, 5.21344447174802, 3.539571670414374, 2.15644337509706, 1.0951907322471277, 4.097611744662981, 5.561316755949081, 6.591317914499347, 5.313063008284393, 6.07827177246954, 2.4662458697380516, 2.4144729300615486, 0.0, 1.7660763318724364, 1.762152201144952, 4.188388743896631, 3.7931069309999685, 5.938944280762365, 6.602201697161333, 7.6007346750166205], [2.768254298289808, 2.7889268993647, 3.6076360209976834, 4.653497355752982, 5.727608808220058, 4.7975590970825985, 4.2526418730008295, 5.128210690874547, 2.871906871749152, 2.1808026916711194, 1.0935771257666282, 3.4147568961787016, 4.651702205644725, 5.877108787490665, 4.048036835306714, 5.775870513610913, 3.064567613873122, 2.529640464571991, 1.7660763318724364, 0.0, 1.7777324011222837, 3.9523820690818847, 2.931318211999509, 4.740392802289701, 6.172842186545838, 6.763782608126905], [3.6860408421502875, 3.599293166720377, 4.678475720787701, 5.480644287855216, 6.674538981083263, 5.192123964236601, 4.231558021580231, 4.720396731208088, 2.9275892761792934, 2.1796984401517565, 1.0935365197376812, 2.8182038978753825, 4.237389993852347, 5.263670646041601, 5.334886054078381, 6.078264530275068, 2.4776744842694733, 3.0586813711140293, 1.762152201144952, 1.7777324011222837, 0.0, 2.906337401266412, 2.2571678559646378, 4.636134537521533, 5.336941064879768, 6.250417405261827], [3.912987475063012, 3.4766239557938965, 4.585054893891676, 4.87699645478649, 6.0575430134667645, 4.106105525921126, 2.758897787160662, 2.66214812698317, 2.177853746237336, 2.7660982628966746, 3.3359468296122468, 1.098440813152898, 2.1450129533408417, 2.6473728826895537, 5.4395162229742455, 4.741762078594833, 2.6089656226175153, 3.783119339909858, 4.188388743896631, 3.9523820690818847, 2.906337401266412, 0.0, 1.7516322102541961, 3.091532445244591, 2.466864856452416, 3.723209866499604], [2.683703042439681, 2.7821397682359525, 4.1267917199684305, 4.880344174338527, 6.055696468615316, 4.578195682799065, 3.47276596389679, 3.917329586593398, 2.1875111748286, 2.8215317612956268, 2.754179981410075, 1.0970469725586047, 2.1009994312231504, 3.230333032366787, 4.758948919667031, 5.431860345222436, 3.241113873346631, 3.814810273132859, 3.7931069309999685, 2.931318211999509, 2.2571678559646378, 1.7516322102541961, 0.0, 2.455674738233873, 3.592392035955987, 4.115321599826677], [2.743609910318885, 2.974373091930466, 4.031526894366451, 4.582779178620764, 5.4941147548991, 4.4773813473949255, 3.6937160123647836, 4.1453959967655685, 3.0344843977189933, 4.441258571621337, 4.848422082492406, 2.228457470987499, 1.0895949935641223, 2.0941796723299557, 4.436432605145716, 5.161953881041558, 4.958820535167612, 5.161561414920876, 5.938944280762365, 4.740392802289701, 4.636134537521533, 3.091532445244591, 2.455674738233873, 0.0, 3.0755975386906527, 2.4223732185606743], [5.175202913896228, 4.753323101788895, 5.63142808353263, 5.556263793233723, 6.496591751064552, 4.6741337860613275, 3.538298870926536, 2.958424869757554, 3.7624986458469323, 4.878803703778212, 5.707295917507695, 2.775462404717455, 2.1214084024534268, 1.0868320477424283, 6.404469398787069, 4.9406503509153525, 4.708464637225175, 5.6994649555901296, 6.602201697161333, 6.172842186545838, 5.336941064879768, 2.466864856452416, 3.592392035955987, 3.0755975386906527, 0.0, 1.856386341794186], [5.046799775105012, 4.916922100257437, 5.7440079744025425, 5.783817909478133, 6.557228788901604, 5.251244610566147, 4.397574016432242, 4.194561557540907, 4.465156486619478, 5.868172828913614, 6.58020141485046, 3.505790748176508, 2.1131991434789104, 1.085739715585646, 6.284216527937274, 5.547999900865175, 5.998459449725404, 6.619711079042649, 7.6007346750166205, 6.763782608126905, 6.250417405261827, 3.723209866499604, 4.115321599826677, 2.4223732185606743, 1.856386341794186, 0.0]]}