{"total energy": -66.36549255, "HOMO-LUMO gap/eV": 3.60380949, "electronic energy": -66.87276678, "dipole": [1.15780458, -2.26279193, -0.18801485], "partial charges": [-0.45529936, 1.14892556, -0.57401256, -0.56381036, -0.10242188, -0.01879341, -0.11610416, 0.08136323, -0.20705753, 0.11081123, -0.35821723, 1.13785642, -0.54492747, -0.55262418, 0.10986238, -0.12216309, -0.12837756, -0.06228498, 0.09971713, -0.09615994, 0.20892072, 0.21085576, 0.1059542, 0.19863305, 0.07513004, 0.21592442, 0.10970903, 0.08859051], "atomic dipole moments": [[-0.07686269, 0.14047531, 0.10869481], [0.10188333, -0.07633251, -0.04774937], [0.01038648, -0.16847512, 0.08960121], [0.05630189, 0.04737104, -0.17601692], [-0.11666834, 0.03072753, 0.01252554], [0.00280702, -0.02913534, 0.01652673], [0.08026325, 0.08477235, -0.04452639], [0.12618426, 0.01954487, -0.00700023], [-0.00069536, 0.16081875, 0.10224342], [-0.05390822, -0.04598269, -0.12827093], [-0.14099337, -0.08609621, 0.11139143], [0.05785397, -0.1411828, 0.02736888], [0.06235411, -0.03577888, 0.17258589], [-0.03974653, -0.11176637, -0.14405153], [-0.04507072, -0.16415848, 0.00975138], [0.00464483, 0.05371802, 0.05332754], [0.08315518, 0.05555342, -0.11391847], [-0.01993699, 0.07178365, -0.03050417], [-0.17084681, -0.10901203, 0.06133209], [-0.11127268, 0.16187355, 0.02407128], [-0.0701956, -0.05787833, 0.07522649], [-0.04798898, 0.07652911, -0.07954678], [-0.04858781, 0.14637202, -0.05418321], [0.03110029, -0.08447308, 0.09842256], [-0.00586922, 0.0701889, 0.11120688], [-0.02482977, -0.05742692, -0.10173952], [0.09755664, 0.10442429, -0.01252258], [0.04531628, -0.14006539, 0.04171824]], "atomic quadrupole moments": [[-0.04298691, 0.1153759, 0.02939045, 0.10971837, 0.14883883, 0.01359646], [0.21399445, 0.07359982, -0.0235796, 0.13667399, 0.21583106, -0.19041486], [-0.07818769, -0.01467275, 0.12067513, 0.01861813, -0.09996472, -0.04248745], [-0.05131882, 0.02266599, -0.08226056, -0.07526237, -0.04657819, 0.13357938], [0.13890852, -0.10821456, -0.31049851, 0.04138441, 0.23440925, 0.17158999], [-0.2068858, 0.06965933, -0.22680963, 0.05435405, 0.31105864, 0.43369543], [-0.18539569, 0.29967137, -0.01986946, -0.07369203, 0.08645191, 0.20526514], [-0.09926577, -0.01096687, -0.19490984, 0.07310851, 0.23048195, 0.29417561], [0.05930962, 0.08590148, 0.04138464, -0.01965347, 0.00144933, -0.10069426], [0.0786274, -0.00044322, 0.03843025, 0.03234798, -0.23903193, -0.11705764], [0.03763916, -0.17379535, 0.01279786, -0.01240785, -0.08873753, -0.05043701], [0.25368536, -0.15220147, 0.11862638, -0.16577801, -0.1566932, -0.37231174], [-0.05344836, -0.02036474, -0.07193145, 0.07020946, -0.06497689, 0.12537981], [-0.06605982, 0.04034337, 0.02234686, 0.03517313, 0.12168973, 0.04371296], [-0.22759683, -0.2210501, -0.06274864, 0.0512395, 0.01573376, 0.29034547], [-0.30206215, -0.06346103, -0.00776949, -0.06210008, 0.39621333, 0.30983164], [-0.26663263, -0.12086731, -0.04321726, 0.16208062, -0.36528691, 0.30984989], [-0.18611375, 0.0544259, -0.17164773, 0.04394131, 0.2009166, 0.35776148], [-0.22476641, 0.26001611, -0.06233324, -0.03680446, 0.11867647, 0.28709965], [-0.01001796, 0.30254094, 0.14126779, -0.13392385, -0.14870751, -0.13124983], [0.00561319, 0.08967173, 0.02618057, -0.01580636, -0.03662881, -0.03179376], [-0.02402439, -0.00078576, -0.03590475, 0.0730384, -0.03985048, 0.05992914], [0.04944716, 0.00649718, -0.00369209, -0.01531449, -0.02234962, -0.04575507], [0.01619883, -0.00827828, 0.02094279, 0.00050009, -0.04685362, -0.03714162], [-0.0009288, 0.00068581, 0.00257078, -0.0008131, 0.00432387, -0.00164198], [-0.04812826, -0.03650905, 0.00479657, -0.00997658, 0.05432177, 0.0433317], [-0.00959412, 0.00571397, -0.00089482, -0.00112196, 0.00344365, 0.01048894], [0.02851571, -0.00462594, 0.01906847, -0.00706461, -0.03133258, -0.04758418]], "number of molecular orbitals": 113, "number of electrons": 112, "number of unpaired electrons": 0, "orbital energies/eV": [-29.9163418, -29.7284729, -29.3476933, -21.88553227, -21.55723063, -19.96910201, -19.60121592, -19.15162093, -18.80537217, -18.59254367, -18.5509884, -18.41501645, -18.39236475, -17.86058197, -17.76294841, -17.64668621, -17.41484131, -17.17113904, -17.00192667, -16.55683227, -16.34935174, -16.18630845, -15.76137005, -15.54567025, -15.43843454, -15.38182499, -15.30301098, -15.24698304, -15.10294252, -14.96022661, -14.93103993, -14.68619333, -14.60169851, -14.5287103, -14.2632629, -14.10069371, -13.80032199, -13.60995865, -13.25351828, -13.0076145, -12.99261471, -12.97294466, -12.8617319, -12.83053471, -12.72617012, -12.68738382, -12.66029909, -12.52946389, -12.48320687, -12.39815657, -12.29921833, -12.11069454, -11.93281068, -11.85655611, -11.75629009, -11.65073948, -8.04692999, -7.88420216, -6.56496904, -5.54853036, -5.03184281, -4.9263879, -4.16614415, -3.72377396, -3.40956075, -2.9240691, -2.49155084, -2.07417006, -1.89027611, -1.42507001, -1.22086627, -0.89506379, -0.81092487, -0.78058492, -0.75288278, -0.7134801, -0.6393229, -0.61049355, -0.56006171, -0.3875257, -0.27903775, -0.27322609, -0.10137676, 0.06992448, 1.12745156, 1.53109256, 1.58769463, 1.68745646, 2.26246772, 2.43759525, 2.62880998, 2.8832495, 3.03100262, 3.51807703, 3.62606649, 3.96973552, 4.08010922, 4.44273143, 4.89990715, 5.99523219, 6.19262631, 7.64741191, 8.59647106, 9.21496515, 10.57356231, 13.19232542, 14.65906008, 15.26295818, 15.43821019, 26.42230321, 26.55223333, 30.62383617, 31.18264456], "fractional occupation": [2.0, 2.0, 2.0, 2.0, 2.0, 2.0, 2.0, 2.0, 2.0, 2.0, 2.0, 2.0, 2.0, 2.0, 2.0, 2.0, 2.0, 2.0, 2.0, 2.0, 2.0, 2.0, 2.0, 2.0, 2.0, 2.0, 2.0, 2.0, 2.0, 2.0, 2.0, 2.0, 2.0, 2.0, 2.0, 2.0, 2.0, 2.0, 2.0, 2.0, 2.0, 2.0, 2.0, 2.0, 2.0, 2.0, 2.0, 2.0, 2.0, 2.0, 2.0, 2.0, 2.0, 2.0, 2.0, 2.0, 0.0, 0.0, 0.0, 0.0, 0.0, 0.0, 0.0, 0.0, 0.0, 0.0, 0.0, 0.0, 0.0, 0.0, 0.0, 0.0, 0.0, 0.0, 0.0, 0.0, 0.0, 0.0, 0.0, 0.0, 0.0, 0.0, 0.0, 0.0, 0.0, 0.0, 0.0, 0.0, 0.0, 0.0, 0.0, 0.0, 0.0, 0.0, 0.0, 0.0, 0.0, 0.0, 0.0, 0.0, 0.0, 0.0, 0.0, 0.0, 0.0, 0.0, 0.0, 0.0, 0.0, 0.0, 0.0, 0.0, 0.0], "program call": "xtb /home/svss/Project-DBcg-Debug/aqme2_20220329/End-to-End-workflows-final/example-3/QDESCP/mol_762_rdkit_conf_2/mol_762_rdkit_conf_2.xyz --pop --wbo --acc 0.2 --gfn 2 --chrg 0 --uhf 0 --etemp 300 --input /home/svss/Project-DBcg-Debug/aqme2_20220329/End-to-End-workflows-final/example-3/QDESCP/mol_762_rdkit_conf_2/mol_762_rdkit_conf_2_xtb.inp", "method": "GFN2-xTB", "xtb version": "6.3.3 (7355c4f)", "Dipole module/D": 6.478, "Total charge": 0, "Transition dipole module/D": NaN, "HOMO": -11.6507, "LUMO": -8.0469, "HOMO occupancy": 2.0, "LUMO occupancy": 0, "mulliken charges": [-0.39419, 0.52404, -0.40155, -0.39509, 0.03429, 0.00853, 0.01592, 0.15901, -0.36908, 0.2235, -0.30936, 0.52424, -0.3849, -0.38773, 0.15377, -0.10598, -0.10558, -0.08986, 0.11902, -0.0415, 0.23581, 0.24229, 0.10001, 0.22413, 0.06458, 0.23815, 0.06229, 0.05525], "cm5 charges": [-0.82081, 0.63876, -0.45245, -0.44265, 0.0481, -0.03537, 0.03411, 0.21762, -0.70724, 0.27918, -0.63679, 0.64529, -0.43164, -0.43384, 0.10959, -0.10789, -0.10999, -0.13365, 0.11732, -0.04059, 0.4264, 0.43313, 0.16409, 0.41654, 0.14647, 0.43783, 0.12334, 0.11515], "FUKUI+": [0.003, -0.049, -0.026, -0.025, -0.026, -0.031, -0.038, -0.037, -0.032, 0.02, -0.015, -0.049, -0.032, -0.031, -0.006, -0.077, -0.087, -0.025, -0.051, -0.117, -0.019, -0.025, -0.054, -0.03, -0.032, -0.018, -0.044, -0.053], "FUKUI-": [-0.031, -0.068, -0.047, -0.05, -0.015, -0.009, -0.017, -0.009, -0.045, 0.017, -0.031, -0.064, -0.036, -0.042, 0.015, -0.088, -0.088, -0.014, -0.006, -0.108, -0.032, -0.037, -0.03, -0.031, -0.038, -0.025, -0.039, -0.032], "FUKUIrad": [-0.014, -0.058, -0.037, -0.037, -0.021, -0.02, -0.027, -0.023, -0.038, 0.019, -0.023, -0.057, -0.034, -0.037, 0.005, -0.083, -0.087, -0.019, -0.028, -0.112, -0.026, -0.031, -0.042, -0.03, -0.035, -0.021, -0.041, -0.043], "s proportion": [1.464, 1.703, 1.721, 1.721, 1.073, 1.075, 1.073, 1.047, 1.45, 1.027, 1.464, 1.702, 1.721, 1.721, 1.102, 1.953, 1.952, 1.062, 1.087, 1.945, 0.764, 0.758, 0.9, 0.776, 0.935, 0.762, 0.938, 0.945], "p proportion": [3.931, 2.804, 4.681, 4.674, 2.892, 2.917, 2.912, 2.794, 3.919, 2.749, 3.846, 2.797, 4.664, 4.667, 2.744, 5.166, 5.166, 3.028, 2.794, 5.109, 0.0, 0.0, 0.0, 0.0, 0.0, 0.0, 0.0, 0.0], "d proportion": [0.0, 0.969, 0.0, 0.0, 0.0, 0.0, 0.0, 0.0, 0.0, 0.0, 0.0, 0.977, 0.0, 0.0, 0.0, -0.013, -0.013, 0.0, 0.0, -0.012, 0.0, 0.0, 0.0, 0.0, 0.0, 0.0, 0.0, 0.0], "Fermi-level/eV": -9.8488, "Coordination numbers": [2.632, 3.7, 0.86, 0.86, 2.978, 3.005, 2.969, 2.944, 2.69, 3.889, 2.687, 3.846, 0.86, 0.86, 3.671, 1.035, 1.04, 2.972, 2.904, 0.966, 0.863, 0.863, 0.925, 0.86, 0.923, 0.862, 0.924, 0.925], "Dispersion coefficient C6": [31.961, 102.483, 25.487, 25.245, 30.576, 28.462, 30.941, 26.185, 25.505, 18.72, 29.226, 102.785, 24.802, 24.981, 19.003, 102.98, 103.177, 29.545, 25.79, 102.151, 1.061, 1.052, 1.732, 1.113, 2.03, 1.028, 1.699, 1.893], "Total dispersion C6": 18695.561829, "Total dispersion C8": 568921.832114, "Polarizability alpha": [8.396, 17.038, 6.769, 6.736, 9.07, 8.751, 9.124, 8.393, 7.501, 6.151, 8.029, 17.063, 6.677, 6.701, 6.249, 15.525, 15.54, 8.916, 8.327, 15.463, 1.614, 1.606, 2.058, 1.653, 2.228, 1.588, 2.038, 2.151], "Total polarizability alpha": 211.357104, "Wiberg matrix": [[0.0, 0.9502996901400502, 0.0, 0.0, 0.0, 0.0, 0.0, 0.0, 0.0, 0.0, 0.0, 0.0, 0.0, 0.0, 0.0, 0.0, 0.0, 0.0, 0.0, 0.0, 0.938036520301234, 0.9373360638147448, 0.0, 0.0, 0.0, 0.0, 0.0, 0.0], [0.9502996901400502, 0.0, 1.6050228133039721, 1.6085615766417984, 0.7676928271142905, 0.0, 0.0, 0.0, 0.0, 0.0, 0.0, 0.0, 0.0, 0.0, 0.0, 0.0, 0.0, 0.0, 0.0, 0.0, 0.0, 0.0, 0.0, 0.0, 0.0, 0.0, 0.0, 0.0], [0.0, 1.6050228133039721, 0.0, 0.11595939198594438, 0.0, 0.0, 0.0, 0.0, 0.0, 0.0, 0.0, 0.0, 0.0, 0.0, 0.0, 0.0, 0.0, 0.0, 0.0, 0.0, 0.0, 0.0, 0.0, 0.0, 0.0, 0.0, 0.0, 0.0], [0.0, 1.6085615766417984, 0.11595939198594438, 0.0, 0.0, 0.0, 0.0, 0.0, 0.0, 0.0, 0.0, 0.0, 0.0, 0.0, 0.0, 0.0, 0.0, 0.0, 0.0, 0.0, 0.0, 0.0, 0.0, 0.0, 0.0, 0.0, 0.0, 0.0], [0.0, 0.7676928271142905, 0.0, 0.0, 0.0, 1.4124724045692376, 0.0, 0.0, 0.0, 0.0, 0.0, 0.0, 0.0, 0.0, 0.0, 0.0, 0.0, 0.0, 1.3659321483371059, 0.0, 0.0, 0.0, 0.0, 0.0, 0.0, 0.0, 0.0, 0.0], [0.0, 0.0, 0.0, 0.0, 1.4124724045692376, 0.0, 1.4275228790629806, 0.0, 0.0, 0.0, 0.0, 0.0, 0.0, 0.0, 0.0, 0.0, 0.0, 0.10417347684761252, 0.0, 0.0, 0.0, 0.0, 0.9537538271775332, 0.0, 0.0, 0.0, 0.0, 0.0], [0.0, 0.0, 0.0, 0.0, 0.0, 1.4275228790629806, 0.0, 1.3314318555885498, 0.0, 0.0, 0.0, 0.7654443726053104, 0.0, 0.0, 0.0, 0.0, 0.0, 0.0, 0.0, 0.0, 0.0, 0.0, 0.0, 0.0, 0.0, 0.0, 0.0, 0.0], [0.0, 0.0, 0.0, 0.0, 0.0, 0.0, 1.3314318555885498, 0.0, 1.1475707389538112, 0.0, 0.0, 0.0, 0.0, 0.0, 0.0, 0.0, 0.0, 1.3449210338153956, 0.0, 0.0, 0.0, 0.0, 0.0, 0.0, 0.0, 0.0, 0.0, 0.0], [0.0, 0.0, 0.0, 0.0, 0.0, 0.0, 0.0, 1.1475707389538112, 0.0, 0.9840597989543121, 0.0, 0.0, 0.0, 0.0, 0.0, 0.0, 0.0, 0.0, 0.0, 0.0, 0.0, 0.0, 0.0, 0.9231651081385159, 0.0, 0.0, 0.0, 0.0], [0.0, 0.0, 0.0, 0.0, 0.0, 0.0, 0.0, 0.0, 0.9840597989543121, 0.0, 1.0064988971490327, 0.0, 0.0, 0.0, 0.9732524765949674, 0.0, 0.0, 0.0, 0.0, 0.0, 0.0, 0.0, 0.0, 0.0, 0.9439946816045454, 0.0, 0.0, 0.0], [0.0, 0.0, 0.0, 0.0, 0.0, 0.0, 0.0, 0.0, 0.0, 1.0064988971490327, 0.0, 0.9349452932645772, 0.0, 0.0, 0.0, 0.0, 0.0, 0.0, 0.0, 0.0, 0.0, 0.0, 0.0, 0.0, 0.0, 0.9214525654466481, 0.0, 0.0], [0.0, 0.0, 0.0, 0.0, 0.0, 0.0, 0.7654443726053104, 0.0, 0.0, 0.0, 0.9349452932645772, 0.0, 1.629390964120198, 1.6196042050601696, 0.0, 0.0, 0.0, 0.0, 0.0, 0.0, 0.0, 0.0, 0.0, 0.0, 0.0, 0.0, 0.0, 0.0], [0.0, 0.0, 0.0, 0.0, 0.0, 0.0, 0.0, 0.0, 0.0, 0.0, 0.0, 1.629390964120198, 0.0, 0.12095618603836558, 0.0, 0.0, 0.0, 0.0, 0.0, 0.0, 0.0, 0.0, 0.0, 0.0, 0.0, 0.0, 0.0, 0.0], [0.0, 0.0, 0.0, 0.0, 0.0, 0.0, 0.0, 0.0, 0.0, 0.0, 0.0, 1.6196042050601696, 0.12095618603836558, 0.0, 0.0, 0.0, 0.0, 0.0, 0.0, 0.0, 0.0, 0.0, 0.0, 0.0, 0.0, 0.0, 0.0, 0.0], [0.0, 0.0, 0.0, 0.0, 0.0, 0.0, 0.0, 0.0, 0.0, 0.9732524765949674, 0.0, 0.0, 0.0, 0.0, 0.0, 0.9748116206537971, 0.9695077490306915, 0.0, 0.0, 0.0, 0.0, 0.0, 0.0, 0.0, 0.0, 0.0, 0.9643397643083275, 0.0], [0.0, 0.0, 0.0, 0.0, 0.0, 0.0, 0.0, 0.0, 0.0, 0.0, 0.0, 0.0, 0.0, 0.0, 0.9748116206537971, 0.0, 0.0, 0.0, 0.0, 0.0, 0.0, 0.0, 0.0, 0.0, 0.0, 0.0, 0.0, 0.0], [0.0, 0.0, 0.0, 0.0, 0.0, 0.0, 0.0, 0.0, 0.0, 0.0, 0.0, 0.0, 0.0, 0.0, 0.9695077490306915, 0.0, 0.0, 0.0, 0.0, 0.0, 0.0, 0.0, 0.0, 0.0, 0.0, 0.0, 0.0, 0.0], [0.0, 0.0, 0.0, 0.0, 0.0, 0.10417347684761252, 0.0, 1.3449210338153956, 0.0, 0.0, 0.0, 0.0, 0.0, 0.0, 0.0, 0.0, 0.0, 0.0, 1.4113707474491572, 0.0, 0.0, 0.0, 0.0, 0.0, 0.0, 0.0, 0.0, 0.9594644907309483], [0.0, 0.0, 0.0, 0.0, 1.3659321483371059, 0.0, 0.0, 0.0, 0.0, 0.0, 0.0, 0.0, 0.0, 0.0, 0.0, 0.0, 0.0, 1.4113707474491572, 0.0, 1.0211997860308084, 0.0, 0.0, 0.0, 0.0, 0.0, 0.0, 0.0, 0.0], [0.0, 0.0, 0.0, 0.0, 0.0, 0.0, 0.0, 0.0, 0.0, 0.0, 0.0, 0.0, 0.0, 0.0, 0.0, 0.0, 0.0, 0.0, 1.0211997860308084, 0.0, 0.0, 0.0, 0.0, 0.0, 0.0, 0.0, 0.0, 0.0], [0.938036520301234, 0.0, 0.0, 0.0, 0.0, 0.0, 0.0, 0.0, 0.0, 0.0, 0.0, 0.0, 0.0, 0.0, 0.0, 0.0, 0.0, 0.0, 0.0, 0.0, 0.0, 0.0, 0.0, 0.0, 0.0, 0.0, 0.0, 0.0], [0.9373360638147448, 0.0, 0.0, 0.0, 0.0, 0.0, 0.0, 0.0, 0.0, 0.0, 0.0, 0.0, 0.0, 0.0, 0.0, 0.0, 0.0, 0.0, 0.0, 0.0, 0.0, 0.0, 0.0, 0.0, 0.0, 0.0, 0.0, 0.0], [0.0, 0.0, 0.0, 0.0, 0.0, 0.9537538271775332, 0.0, 0.0, 0.0, 0.0, 0.0, 0.0, 0.0, 0.0, 0.0, 0.0, 0.0, 0.0, 0.0, 0.0, 0.0, 0.0, 0.0, 0.0, 0.0, 0.0, 0.0, 0.0], [0.0, 0.0, 0.0, 0.0, 0.0, 0.0, 0.0, 0.0, 0.9231651081385159, 0.0, 0.0, 0.0, 0.0, 0.0, 0.0, 0.0, 0.0, 0.0, 0.0, 0.0, 0.0, 0.0, 0.0, 0.0, 0.0, 0.0, 0.0, 0.0], [0.0, 0.0, 0.0, 0.0, 0.0, 0.0, 0.0, 0.0, 0.0, 0.9439946816045454, 0.0, 0.0, 0.0, 0.0, 0.0, 0.0, 0.0, 0.0, 0.0, 0.0, 0.0, 0.0, 0.0, 0.0, 0.0, 0.0, 0.0, 0.0], [0.0, 0.0, 0.0, 0.0, 0.0, 0.0, 0.0, 0.0, 0.0, 0.0, 0.9214525654466481, 0.0, 0.0, 0.0, 0.0, 0.0, 0.0, 0.0, 0.0, 0.0, 0.0, 0.0, 0.0, 0.0, 0.0, 0.0, 0.0, 0.0], [0.0, 0.0, 0.0, 0.0, 0.0, 0.0, 0.0, 0.0, 0.0, 0.0, 0.0, 0.0, 0.0, 0.0, 0.9643397643083275, 0.0, 0.0, 0.0, 0.0, 0.0, 0.0, 0.0, 0.0, 0.0, 0.0, 0.0, 0.0, 0.0], [0.0, 0.0, 0.0, 0.0, 0.0, 0.0, 0.0, 0.0, 0.0, 0.0, 0.0, 0.0, 0.0, 0.0, 0.0, 0.0, 0.0, 0.9594644907309483, 0.0, 0.0, 0.0, 0.0, 0.0, 0.0, 0.0, 0.0, 0.0, 0.0]], "Born radii": [], "Atomic SASAs": [], "Solvent H bonds": [], "Total SASA": NaN, "Total FOD": 0.0, "FOD": [0.0, 0.0, 0.0, 0.0, 0.0, 0.0, 0.0, 0.0, 0.0, 0.0, 0.0, 0.0, 0.0, 0.0, 0.0, 0.0, 0.0, 0.0, 0.0, 0.0, 0.0, 0.0, 0.0, 0.0, 0.0, 0.0, 0.0, 0.0], "FOD s proportion": [0.0, 0.0, 0.0, 0.0, 0.0, 0.0, 0.0, 0.0, 0.0, 0.0, 0.0, 0.0, 0.0, 0.0, 0.0, 0.0, 0.0, 0.0, 0.0, 0.0, 0.0, 0.0, 0.0, 0.0, 0.0, 0.0, 0.0, 0.0], "FOD p proportion": [0.0, 0.0, 0.0, 0.0, 0.0, 0.0, 0.0, 0.0, 0.0, 0.0, 0.0, 0.0, 0.0, 0.0, 0.0, 0.0, 0.0, 0.0, 0.0, 0.0, 0.0, 0.0, 0.0, 0.0, 0.0, 0.0, 0.0, 0.0], "FOD d proportion": [0.0, 0.0, 0.0, 0.0, 0.0, 0.0, 0.0, 0.0, 0.0, 0.0, 0.0, 0.0, 0.0, 0.0, 0.0, 0.0, 0.0, 0.0, 0.0, 0.0, 0.0, 0.0, 0.0, 0.0, 0.0, 0.0, 0.0, 0.0], "coordinates": [["-4.63100", "-0.60430", "-0.86680"], ["-3.92920", "0.48420", "0.19850"], ["-4.09990", "1.77550", "-0.42810"], ["-4.45140", "0.20410", "1.51320"], ["-2.21840", "0.05300", "0.14560"], ["-1.30790", "1.00090", "-0.33670"], ["0.05600", "0.69010", "-0.36610"], ["0.55230", "-0.53290", "0.08860"], ["1.89510", "-0.90810", "-0.01980"], ["2.89970", "0.14830", "-0.12160"], ["2.55270", "0.95280", "-1.28270"], ["1.17890", "1.86990", "-1.03190"], ["0.70050", "2.25970", "-2.33750"], ["1.46870", "2.82410", "0.01340"], ["4.34930", "-0.41440", "-0.25840"], ["4.54480", "-1.44170", "-1.71520"], ["4.79210", "-1.37510", "1.18690"], ["-0.38400", "-1.47870", "0.53000"], ["-1.75980", "-1.19270", "0.57700"], ["-2.78810", "-2.45490", "1.15390"], ["-5.26690", "-1.22490", "-0.36280"], ["-5.07300", "-0.10140", "-1.63770"], ["-1.64720", "1.97280", "-0.69460"], ["2.16130", "-1.63010", "0.65270"], ["2.88810", "0.76260", "0.78900"], ["2.48950", "0.42070", "-2.15140"], ["5.06900", "0.40540", "-0.34500"], ["-0.04120", "-2.46500", "0.84070"]], "bond_dist": [[0.0, 1.6769673759498127, 2.4774932774883567, 2.5199537138606334, 2.697709363515648, 3.728359781458866, 4.88816334117427, 5.271099127316806, 6.587843702608617, 7.604812442789106, 7.3622740311672725, 6.316950344905364, 6.228189684009311, 7.052305912962087, 9.002888462043723, 9.252909107950861, 9.67505193474433, 4.5555059653127445, 3.2671948885856197, 3.302155244684901, 1.0215327552261844, 1.0210578925800435, 3.9464109884805465, 7.035373847920238, 7.819651786364915, 7.307690634530172, 9.766359062107023, 5.238704494433715], [1.6769673759498127, 0.0, 1.445414037568475, 1.4420766068416755, 1.7650973032668764, 2.72481772234401, 4.030258925925231, 4.596782860871285, 5.992380551166623, 6.844645208482321, 6.66547575271263, 5.4338507763831725, 5.569364267131393, 5.886146314015648, 8.339652380045587, 8.898315261890872, 8.971900843188136, 4.0658715793787685, 2.7679509063565413, 3.2944206137043275, 2.2417675593156394, 2.241168498797, 2.867242851591054, 6.463029659532749, 6.848487139507527, 6.835625205495105, 9.014943423560684, 4.922067195802999], [2.4774932774883567, 1.445414037568475, 0.0, 2.5222006066132012, 2.6146089937120616, 2.898900329435284, 4.295746962985599, 5.219066419389582, 6.580915046556975, 7.192782649990196, 6.757533811236167, 5.314058264641064, 5.188843624546803, 5.683642333046653, 8.730030970162707, 9.31331521747224, 9.570902222883692, 5.031469572600037, 3.9110746937382825, 4.703172057239667, 3.22002379649592, 2.4357359011190027, 2.4750124908775715, 7.208943434373723, 7.165154765948883, 6.944453779095948, 9.271073661124694, 6.005392525056126], [2.5199537138606334, 1.4420766068416755, 2.5222006066132012, 0.0, 2.622870559139356, 3.7334451248143448, 4.907608302421862, 5.254490255962037, 6.623076331282918, 7.530893432389015, 7.578589928871992, 6.399429798036697, 6.752440703923286, 6.645403227043487, 8.998523728923539, 9.698599828841274, 9.383103781798429, 4.510237337435802, 3.173677872752683, 3.156888401575196, 2.495287007540415, 3.226125791099907, 3.983242168133893, 6.916108094875326, 7.396259063878171, 7.8518979571820715, 9.70213610964101, 5.198674359872909], [2.697709363515648, 1.7650973032668764, 2.6146089937120616, 2.622870559139356, 0.0, 1.4000492669902724, 2.416739261898147, 2.832544139108868, 4.227523225246669, 5.125956061068023, 5.060936290845796, 4.028557949192241, 4.422136102609236, 4.614236498056856, 6.596693266326699, 7.171999649330722, 7.229860686762919, 2.420514740711157, 1.395775200381494, 2.7623883488749366, 3.344376058400131, 3.369382645233397, 2.1720583601735934, 4.719295298029145, 5.195559447258784, 5.251260296347916, 7.312391734583152, 3.4005422876358997], [3.728359781458866, 2.72481772234401, 2.898900329435284, 3.7334451248143448, 1.4000492669902724, 0.0, 1.399172687697984, 2.448217018566777, 3.7421805955886205, 4.298498869372889, 3.9751052778511418, 2.7244519228644872, 3.101846005203998, 3.3400802101147216, 5.832076544422236, 6.490042704019751, 6.7213639211100595, 2.7844525961129234, 2.418872104928245, 4.044185213364986, 4.541866119779401, 4.133236540533339, 1.08986536324447, 4.465022060415828, 4.350908339645872, 4.248530909620406, 6.404650088021984, 3.873404505083351], [4.88816334117427, 4.030258925925231, 4.295746962985599, 4.907608302421862, 2.416739261898147, 1.399172687697984, 0.0, 1.3959923996927779, 2.460986741126413, 2.905160439631519, 2.6725788557122128, 1.759580089112172, 2.601046399047891, 2.5872181083163435, 4.434404630838283, 5.149171534334432, 5.395137000114084, 2.387527727587682, 2.7805580537007315, 4.504478861089261, 5.656898470009869, 5.343227471294854, 2.1573413684440395, 3.2944756138117035, 3.059461173147978, 3.0301476366672304, 5.021122215202493, 3.37941860236343], [5.271099127316806, 4.596782860871285, 5.219066419389582, 5.254490255962037, 2.832544139108868, 2.448217018566777, 1.3959923996927779, 0.0, 1.3984410749116318, 2.453263997208617, 2.8441814885833145, 2.724260569402274, 3.7022343537382936, 3.4806454861131724, 3.814663844954101, 4.474334378429937, 4.459985175984333, 1.4021516644072423, 2.4535030079459856, 3.9984022121342417, 5.877560259155153, 5.90002576519798, 3.424870067608405, 2.027544734401685, 2.761311653906527, 3.1112211107537826, 4.63346465833074, 2.156596176849064], [6.587843702608617, 5.992380551166623, 6.580915046556975, 6.623076331282918, 4.227523225246669, 3.7421805955886205, 2.460986741126413, 1.3984410749116318, 0.0, 1.4613573690237445, 2.343139556236461, 3.0421329441692717, 4.102896451289016, 3.7566256188233615, 2.5147101801201663, 3.1906143938119507, 3.1728256948656974, 2.412915499970938, 3.7142242002873225, 5.0697656918244265, 7.1772038594427565, 7.198804269460312, 4.615498796446599, 1.0219602193823398, 2.105099743480104, 2.5812282657680625, 3.450315710192329, 2.629383112062599], [7.604812442789106, 6.844645208482321, 7.192782649990196, 7.530893432389015, 5.125956061068023, 4.298498869372889, 2.905160439631519, 2.453263997208617, 1.4613573690237445, 0.0, 1.454572947637897, 2.598789196914594, 3.7689127623228433, 3.0374152893537625, 1.5609886899013719, 2.7881920611751267, 2.759365428862223, 3.722149546968794, 4.8987001551431995, 6.383934470998273, 8.284757765921704, 8.119412207173621, 4.9326898199663844, 2.075447327686251, 1.098495065988009, 2.0886727460279655, 2.1958757842828907, 4.05021616583609], [7.3622740311672725, 6.66547575271263, 6.757533811236167, 7.578589928871992, 5.060936290845796, 3.9751052778511418, 2.6725788557122128, 2.8441814885833145, 2.343139556236461, 1.454572947637897, 0.0, 1.6707182557211735, 2.5002470857897228, 2.5212486787304424, 2.479152655646683, 3.144701720354412, 4.066073650341321, 4.221644280372281, 5.163265496756873, 6.787752462339798, 8.16913321350558, 7.706404033659279, 4.361814028589482, 3.2512058578318292, 2.10727551354824, 1.0206685750036593, 2.7405644929466626, 4.787327188525973], [6.316950344905364, 5.4338507763831725, 5.314058264641064, 6.399429798036697, 4.028557949192241, 2.7244519228644872, 1.759580089112172, 2.724260569402274, 3.0421329441692717, 2.598789196914594, 1.6707182557211735, 0.0, 1.4440920884763546, 1.444691583003099, 3.9834363180550536, 4.7710456149569564, 5.3393176230675765, 4.01189605797558, 4.539166846459821, 6.262483986406672, 7.181491453033973, 6.583256864197235, 2.848017013643002, 4.006617890440764, 2.7318775118954366, 2.251917682776171, 4.213011971262365, 4.877154168159952], [6.228189684009311, 5.569364267131393, 5.188843624546803, 6.752440703923286, 4.422136102609236, 3.101846005203998, 2.601046399047891, 3.7022343537382936, 4.102896451289016, 3.7689127623228433, 2.5002470857897228, 1.4440920884763546, 0.0, 2.5368108739123616, 4.978675432281161, 5.372733172231802, 6.509558891353546, 4.834700720830607, 5.144555578473227, 6.8255151512541525, 7.186914498586998, 6.27676791828406, 2.8797790383986057, 5.119157813547068, 4.0990126152526045, 2.572367627303687, 5.147064890789701, 5.7422873682880065], [7.052305912962087, 5.886146314015648, 5.683642333046653, 6.645403227043487, 4.614236498056856, 3.3400802101147216, 2.5872181083163435, 3.4806454861131724, 3.7566256188233615, 3.0374152893537625, 2.5212486787304424, 1.444691583003099, 2.5368108739123616, 0.0, 4.342765691353841, 5.536018317346864, 5.482277852316498, 4.713115815466452, 5.184162367248927, 6.87669451771707, 7.867924427700103, 7.353809920714568, 3.3067821972425095, 4.552833940525396, 2.620311807781662, 3.391861323816173, 4.352093788051907, 5.562265915074539], [9.002888462043723, 8.339652380045587, 8.730030970162707, 8.998523728923539, 6.596693266326699, 5.832076544422236, 4.434404630838283, 3.814663844954101, 2.5147101801201663, 1.5609886899013719, 2.479152655646683, 3.9834363180550536, 4.978675432281161, 4.342765691353841, 0.0, 1.7932740392923776, 1.791063488545283, 4.915123390109348, 6.214881081726344, 7.556501194335908, 9.650860689596549, 9.527863075212617, 6.468926226971521, 2.663714267709658, 2.1488325202304623, 2.7820311015515267, 1.0943215660855814, 4.968850110438028], [9.252909107950861, 8.898315261890872, 9.31331521747224, 9.698599828841274, 7.171999649330722, 6.490042704019751, 5.149171534334432, 4.474334378429937, 3.1906143938119507, 2.7881920611751267, 3.144701720354412, 4.7710456149569564, 5.372733172231802, 5.536018317346864, 1.7932740392923776, 0.0, 2.9133790107021778, 5.416212835552163, 6.712984656618843, 7.939126618211855, 9.906838289282812, 9.711049746551605, 7.144319324470317, 3.3650434202250645, 3.724863892815414, 2.807679164363336, 2.358815823670852, 5.348940427785675], [9.67505193474433, 8.971900843188136, 9.570902222883692, 9.383103781798429, 7.229860686762919, 6.7213639211100595, 5.395137000114084, 4.459985175984333, 3.1728256948656974, 2.759365428862223, 4.066073650341321, 5.3393176230675765, 6.509558891353546, 5.482277852316498, 1.791063488545283, 2.9133790107021778, 0.0, 5.218645588656122, 6.582753328205455, 7.656793655310295, 10.178782399187046, 10.340255067453606, 7.4975370055772315, 2.696572505978654, 2.8902078990965334, 4.435212654428195, 2.365073248337142, 4.966741924038332], [4.5555059653127445, 4.0658715793787685, 5.031469572600037, 4.510237337435802, 2.420514740711157, 2.7844525961129234, 2.387527727587682, 1.4021516644072423, 2.412915499970938, 3.722149546968794, 4.221644280372281, 4.01189605797558, 4.834700720830607, 4.713115815466452, 4.915123390109348, 5.416212835552163, 5.218645588656122, 0.0, 1.4059980938820649, 2.668691525823095, 4.9703338610198005, 5.346269688296691, 3.874038158046459, 2.5527493688178637, 3.9745622526260673, 4.365160772526025, 5.835294920567426, 1.0894191204490584], [3.2671948885856197, 2.7679509063565413, 3.9110746937382825, 3.173677872752683, 1.395775200381494, 2.418872104928245, 2.7805580537007315, 2.4535030079459856, 3.7142242002873225, 4.8987001551431995, 5.163265496756873, 4.539166846459821, 5.144555578473227, 5.184162367248927, 6.214881081726344, 6.712984656618843, 6.582753328205455, 1.4059980938820649, 0.0, 1.7272415407232422, 3.630979384408564, 4.131963942243446, 3.4132148438092793, 3.9461467864234345, 5.046891766226021, 5.301299520872218, 7.073649485944296, 2.1545001601299547], [3.302155244684901, 3.2944206137043275, 4.703172057239667, 3.156888401575196, 2.7623883488749366, 4.044185213364986, 4.504478861089261, 3.9984022121342417, 5.0697656918244265, 6.383934470998273, 6.787752462339798, 6.262483986406672, 6.8255151512541525, 6.87669451771707, 7.556501194335908, 7.939126618211855, 7.656793655310295, 2.668691525823095, 1.7272415407232422, 0.0, 3.155586843995899, 4.307291587529221, 4.931848776067652, 5.042624003433134, 6.534883679148391, 6.859092156400874, 8.494824171811915, 2.764716234986875], [1.0215327552261844, 2.2417675593156394, 3.22002379649592, 2.495287007540415, 3.344376058400131, 4.541866119779401, 5.656898470009869, 5.877560259155153, 7.1772038594427565, 8.284757765921704, 8.16913321350558, 7.181491453033973, 7.186914498586998, 7.867924427700103, 9.650860689596549, 9.906838289282812, 10.178782399187046, 4.9703338610198005, 3.630979384408564, 3.155586843995899, 0.0, 1.7103272990863474, 4.841239987854351, 7.508234315070355, 8.47235648978488, 8.128273511638248, 10.463700289094675, 5.504016783222958], [1.0210578925800435, 2.241168498797, 2.4357359011190027, 3.226125791099907, 3.369382645233397, 4.133236540533339, 5.343227471294854, 5.90002576519798, 7.198804269460312, 8.119412207173621, 7.706404033659279, 6.583256864197235, 6.27676791828406, 7.353809920714568, 9.527863075212617, 9.711049746551605, 10.340255067453606, 5.346269688296691, 4.131963942243446, 4.307291587529221, 1.7103272990863474, 0.0, 4.114346714850367, 7.740668726925343, 8.367465691593841, 7.597886702893114, 10.236605078345065, 6.086713625594685], [3.9464109884805465, 2.867242851591054, 2.4750124908775715, 3.983242168133893, 2.1720583601735934, 1.08986536324447, 2.1573413684440395, 3.424870067608405, 4.615498796446599, 4.9326898199663844, 4.361814028589482, 2.848017013643002, 2.8797790383986057, 3.3067821972425095, 6.468926226971521, 7.144319324470317, 7.4975370055772315, 3.874038158046459, 3.4132148438092793, 4.931848776067652, 4.841239987854351, 4.114346714850367, 0.0, 5.413019300723026, 4.922864927052133, 4.652264775354043, 6.905527160181183, 4.962907507701509], [7.035373847920238, 6.463029659532749, 7.208943434373723, 6.916108094875326, 4.719295298029145, 4.465022060415828, 3.2944756138117035, 2.027544734401685, 1.0219602193823398, 2.075447327686251, 3.2512058578318292, 4.006617890440764, 5.119157813547068, 4.552833940525396, 2.663714267709658, 3.3650434202250645, 2.696572505978654, 2.5527493688178637, 3.9461467864234345, 5.042624003433134, 7.508234315070355, 7.740668726925343, 5.413019300723026, 0.0, 2.504362038523983, 3.4894802893840797, 3.686920778915652, 2.362923667831866], [7.819651786364915, 6.848487139507527, 7.165154765948883, 7.396259063878171, 5.195559447258784, 4.350908339645872, 3.059461173147978, 2.761311653906527, 2.105099743480104, 1.098495065988009, 2.10727551354824, 2.7318775118954366, 4.0990126152526045, 2.620311807781662, 2.1488325202304623, 3.724863892815414, 2.8902078990965334, 3.9745622526260673, 5.046891766226021, 6.534883679148391, 8.47235648978488, 8.367465691593841, 4.922864927052133, 2.504362038523983, 0.0, 2.986926468796981, 2.483922834952809, 4.358999098416975], [7.307690634530172, 6.835625205495105, 6.944453779095948, 7.8518979571820715, 5.251260296347916, 4.248530909620406, 3.0301476366672304, 3.1112211107537826, 2.5812282657680625, 2.0886727460279655, 1.0206685750036593, 2.251917682776171, 2.572367627303687, 3.391861323816173, 2.7820311015515267, 2.807679164363336, 4.435212654428195, 4.365160772526025, 5.301299520872218, 6.859092156400874, 8.128273511638248, 7.597886702893114, 4.652264775354043, 3.4894802893840797, 2.986926468796981, 0.0, 3.1491483451879496, 4.866658955587498], [9.766359062107023, 9.014943423560684, 9.271073661124694, 9.70213610964101, 7.312391734583152, 6.404650088021984, 5.021122215202493, 4.63346465833074, 3.450315710192329, 2.1958757842828907, 2.7405644929466626, 4.213011971262365, 5.147064890789701, 4.352093788051907, 1.0943215660855814, 2.358815823670852, 2.365073248337142, 5.835294920567426, 7.073649485944296, 8.494824171811915, 10.463700289094675, 10.236605078345065, 6.905527160181183, 3.686920778915652, 2.483922834952809, 3.1491483451879496, 0.0, 5.979901729125655], [5.238704494433715, 4.922067195802999, 6.005392525056126, 5.198674359872909, 3.4005422876358997, 3.873404505083351, 3.37941860236343, 2.156596176849064, 2.629383112062599, 4.05021616583609, 4.787327188525973, 4.877154168159952, 5.7422873682880065, 5.562265915074539, 4.968850110438028, 5.348940427785675, 4.966741924038332, 1.0894191204490584, 2.1545001601299547, 2.764716234986875, 5.504016783222958, 6.086713625594685, 4.962907507701509, 2.362923667831866, 4.358999098416975, 4.866658955587498, 5.979901729125655, 0.0]]}