{"total energy": -33.4414791, "HOMO-LUMO gap/eV": 4.85913931, "electronic energy": -33.83412689, "dipole": [-0.55785657, 0.48408555, 0.61288207], "partial charges": [-0.10122588, -0.05330345, -0.05953262, -0.06478648, 0.08124803, -0.27509081, 0.3498085, -0.40438509, -0.08264086, -0.10262895, 0.03429998, 0.03374882, 0.03403528, 0.03112097, 0.03005079, 0.03430434, 0.04408907, 0.04929555, 0.04232883, 0.0478655, 0.05067765, 0.06831625, 0.06869006, 0.05106688, 0.0511665, 0.04148114], "atomic dipole moments": [[0.05332256, -0.08724139, 0.02452879], [0.04503756, 0.07597577, -0.07215236], [-0.02785158, -0.09554965, 0.07313083], [0.0671988, 0.05913961, -0.09167144], [0.0985764, 0.20119615, 0.10552113], [0.04441923, -0.16437111, -0.15151609], [-0.14772431, -0.03506429, 0.04705901], [-0.05502825, 0.1169236, 0.11963405], [0.01695577, -0.07495894, -0.06745879], [-0.12413461, -0.00595009, 0.05874727], [0.06337202, 0.10388283, 0.03335501], [-0.10966502, 0.00181735, 0.05982872], [-0.02391779, 0.00620326, -0.12369979], [0.01355493, -0.00283611, 0.12293252], [-0.07062934, -0.09693593, -0.02886672], [-0.01705681, 0.00571799, -0.12316456], [0.06792015, 0.10332282, 0.02945146], [0.01845357, 0.00019144, 0.12519959], [-0.07016749, -0.10033771, -0.02635353], [0.05398528, -0.10855129, 0.03360578], [-0.01797404, 0.00706465, -0.12692964], [-0.06182511, 0.11271867, -0.03060652], [0.02012185, -0.01353493, 0.13002287], [-0.00688297, 0.01254705, -0.1286398], [0.07035835, -0.1063312, 0.02247729], [0.06278613, 0.09751685, 0.04457046]], "atomic quadrupole moments": [[-0.02071621, -0.15182128, 0.12380498, 0.03348512, -0.07365255, -0.10308877], [0.11749817, -0.15178011, 0.0184799, -0.10234074, -0.07397738, -0.13597807], [0.11607829, -0.16479882, 0.01696435, -0.10306165, -0.08838856, -0.13304264], [0.14470416, -0.14437639, -0.01187286, -0.13753244, -0.06160992, -0.1328313], [0.16790716, 0.31889801, 0.07331384, -0.02411429, 0.18870379, -0.241221], [0.01941273, 0.06581156, 0.02443205, 0.00090207, 0.04586618, -0.04384478], [0.01115174, -0.12815347, -0.11066593, 0.13520026, -0.39591627, 0.09951418], [-0.06333872, -0.0739329, -0.00401514, 0.08150994, -0.13169094, 0.06735386], [0.14296241, 0.14106094, -0.02139137, -0.09616187, 0.11841493, -0.12157104], [0.19929956, 0.03406741, -0.12738144, -0.15039848, -0.00142476, -0.07191812], [0.00300379, 0.04893957, 0.03382029, 0.02962917, 0.02193623, -0.03682408], [0.04988473, -0.00263842, -0.03378013, -0.05649836, -0.01158804, -0.0161046], [-0.0473021, -0.00812656, -0.03080926, 0.0162958, 0.00569683, 0.07811136], [-0.01950044, -0.00914511, -0.03235162, 0.01881001, 0.00593193, 0.05185206], [0.0016168, 0.02865185, 0.02542, 0.01536505, 0.02815658, -0.0270368], [-0.02224938, -0.00580339, -0.03209425, 0.01622505, 0.00811111, 0.05434364], [0.0048846, 0.03014657, 0.01813184, 0.01587592, 0.02523698, -0.02301644], [-0.02542978, -0.01551361, -0.02628713, 0.02028116, 0.00730418, 0.05171691], [0.00813918, 0.03426226, 0.02774828, 0.01953635, 0.02413742, -0.03588746], [0.00837211, -0.01299735, 0.02760811, 0.01257999, -0.01678499, -0.03598022], [-0.01125239, 0.01890658, -0.02298818, 0.01094527, -0.0116762, 0.03424057], [0.01504475, -0.0334913, 0.03049396, -0.00492597, -0.02454216, -0.04553872], [-0.00544693, 0.0091414, -0.05285825, 0.00161746, -0.01242849, 0.05830517], [-0.02179157, -0.00363156, -0.0496336, 0.01869309, -0.01360868, 0.07142517], [-0.00991187, -0.04344463, 0.0446965, 0.00318094, -0.03181627, -0.03478463], [-0.01000334, 0.04672207, 0.03516841, 0.01310593, 0.04805749, -0.02516508]], "number of molecular orbitals": 56, "number of electrons": 60, "number of unpaired electrons": 0, "orbital energies/eV": [-20.00939979, -19.27847359, -18.28064822, -17.32596773, -17.01329983, -16.63567429, -16.43182924, -15.98364356, -15.82410303, -15.61222433, -15.29314413, -15.23027846, -14.81221891, -14.3421219, -14.11064618, -13.7478297, -13.64287653, -13.41641628, -13.2153252, -13.07312638, -12.91731656, -12.64368766, -12.49877885, -12.26636528, -12.14457084, -12.10940518, -11.8942998, -11.72756184, -11.60216313, -11.25472496, -6.39558564, 0.02482685, 1.5288624, 2.6314842, 2.98863265, 3.02840151, 3.33091292, 3.50092885, 3.77541724, 3.89995387, 4.07427237, 4.10966455, 4.31413298, 4.54128351, 4.77209331, 4.81402939, 5.33225715, 6.10016791, 6.25169671, 6.66456169, 6.87483821, 7.05419505, 7.0864251, 7.29721357, 8.1440447, 16.2327962], "fractional occupation": [2.0, 2.0, 2.0, 2.0, 2.0, 2.0, 2.0, 2.0, 2.0, 2.0, 2.0, 2.0, 2.0, 2.0, 2.0, 2.0, 2.0, 2.0, 2.0, 2.0, 2.0, 2.0, 2.0, 2.0, 2.0, 2.0, 2.0, 2.0, 2.0, 2.0, 0.0, 0.0, 0.0, 0.0, 0.0, 0.0, 0.0, 0.0, 0.0, 0.0, 0.0, 0.0, 0.0, 0.0, 0.0, 0.0, 0.0, 0.0, 0.0, 0.0, 0.0, 0.0, 0.0, 0.0, 0.0, 0.0], "program call": "xtb /home/svss/Project-DBcg-Debug/aqme2_20220329/End-to-End-workflows-final/example-3/QDESCP/mol_636_rdkit_conf_2/mol_636_rdkit_conf_2.xyz --pop --wbo --acc 0.2 --gfn 2 --chrg 0 --uhf 0 --etemp 300 --input /home/svss/Project-DBcg-Debug/aqme2_20220329/End-to-End-workflows-final/example-3/QDESCP/mol_636_rdkit_conf_2/mol_636_rdkit_conf_2_xtb.inp", "method": "GFN2-xTB", "xtb version": "6.3.3 (7355c4f)", "Dipole module/D": 2.44, "Total charge": 0, "Transition dipole module/D": NaN, "HOMO": -11.2547, "LUMO": -6.3956, "HOMO occupancy": 2.0, "LUMO occupancy": 0, "mulliken charges": [-0.08318, -0.03944, -0.04488, -0.05652, 0.19975, -0.42505, 0.57332, -0.52813, -0.07091, -0.07748, 0.02794, 0.02918, 0.02749, 0.02337, 0.02164, 0.02317, 0.0336, 0.03706, 0.02836, 0.03938, 0.03921, 0.05439, 0.05471, 0.04184, 0.04195, 0.02922], "cm5 charges": [-0.23352, -0.15194, -0.15439, -0.16377, 0.11916, -0.5093, 0.62252, -0.5776, -0.17142, -0.22536, 0.07924, 0.07996, 0.07877, 0.07811, 0.07635, 0.07897, 0.09155, 0.09445, 0.08355, 0.1043, 0.10468, 0.11259, 0.1129, 0.09494, 0.09508, 0.08015], "FUKUI+": [0.006, 0.004, 0.005, 0.008, 0.027, -0.123, -0.189, -0.282, 0.028, 0.033, -0.004, -0.017, -0.007, -0.01, -0.013, -0.009, 0.005, -0.023, -0.038, -0.037, -0.037, -0.099, -0.099, -0.033, -0.033, -0.063], "FUKUI-": [0.019, 0.008, 0.011, 0.01, 0.014, -0.042, -0.018, -0.122, -0.008, 0.015, -0.062, -0.05, -0.065, -0.085, -0.087, -0.064, -0.061, -0.041, -0.05, -0.037, -0.027, -0.049, -0.05, -0.04, -0.045, -0.075], "FUKUIrad": [0.013, 0.006, 0.008, 0.009, 0.021, -0.082, -0.103, -0.202, 0.01, 0.024, -0.033, -0.034, -0.036, -0.047, -0.05, -0.036, -0.028, -0.032, -0.044, -0.037, -0.032, -0.074, -0.075, -0.037, -0.039, -0.069], "s proportion": [1.007, 1.027, 1.031, 1.035, 0.998, 1.7, 0.991, 1.731, 1.034, 1.005, 0.972, 0.971, 0.973, 0.977, 0.978, 0.977, 0.966, 0.963, 0.972, 0.961, 0.961, 0.946, 0.945, 0.958, 0.958, 0.971], "p proportion": [3.076, 3.012, 3.013, 3.022, 2.803, 4.725, 2.436, 4.797, 3.037, 3.072, 0.0, 0.0, 0.0, 0.0, 0.0, 0.0, 0.0, 0.0, 0.0, 0.0, 0.0, 0.0, 0.0, 0.0, 0.0, 0.0], "d proportion": [0.0, 0.0, 0.0, 0.0, 0.0, 0.0, 0.0, 0.0, 0.0, 0.0, 0.0, 0.0, 0.0, 0.0, 0.0, 0.0, 0.0, 0.0, 0.0, 0.0, 0.0, 0.0, 0.0, 0.0, 0.0, 0.0], "Fermi-level/eV": -8.8252, "Coordination numbers": [3.75, 3.8, 3.802, 3.8, 3.703, 1.703, 2.719, 0.856, 3.801, 3.751, 0.924, 0.924, 0.924, 0.924, 0.924, 0.924, 0.924, 0.924, 0.924, 0.924, 0.924, 0.924, 0.924, 0.924, 0.924, 0.924], "Dispersion coefficient C6": [22.497, 21.532, 21.645, 21.744, 19.372, 18.564, 21.059, 21.769, 22.076, 22.523, 2.526, 2.534, 2.53, 2.571, 2.586, 2.526, 2.395, 2.329, 2.418, 2.347, 2.312, 2.104, 2.1, 2.307, 2.306, 2.429], "Total dispersion C6": 4997.422472, "Total dispersion C8": 105874.006818, "Polarizability alpha": [6.764, 6.607, 6.624, 6.639, 6.293, 5.817, 7.512, 6.256, 6.689, 6.768, 2.486, 2.489, 2.487, 2.507, 2.515, 2.486, 2.42, 2.387, 2.432, 2.396, 2.378, 2.269, 2.266, 2.375, 2.375, 2.437], "Total polarizability alpha": 104.673773, "Wiberg matrix": [[0.0, 1.0203778229839773, 0.0, 0.0, 0.0, 0.0, 0.0, 0.0, 0.0, 0.0, 0.9875713477754098, 0.987195063852571, 0.9875835469281228, 0.0, 0.0, 0.0, 0.0, 0.0, 0.0, 0.0, 0.0, 0.0, 0.0, 0.0, 0.0, 0.0], [1.0203778229839773, 0.0, 1.0078896625968206, 0.0, 0.0, 0.0, 0.0, 0.0, 0.0, 0.0, 0.0, 0.0, 0.0, 0.9779354503938158, 0.9778505104071173, 0.0, 0.0, 0.0, 0.0, 0.0, 0.0, 0.0, 0.0, 0.0, 0.0, 0.0], [0.0, 1.0078896625968206, 0.0, 1.0072551519798454, 0.0, 0.0, 0.0, 0.0, 0.0, 0.0, 0.0, 0.0, 0.0, 0.0, 0.0, 0.9767886911146906, 0.9763078594610259, 0.0, 0.0, 0.0, 0.0, 0.0, 0.0, 0.0, 0.0, 0.0], [0.0, 0.0, 1.0072551519798454, 0.0, 1.0053716680730749, 0.0, 0.0, 0.0, 0.0, 0.0, 0.0, 0.0, 0.0, 0.0, 0.0, 0.0, 0.0, 0.9754507980867517, 0.9740598205915454, 0.0, 0.0, 0.0, 0.0, 0.0, 0.0, 0.0], [0.0, 0.0, 0.0, 1.0053716680730749, 0.0, 0.9418344852648891, 0.0, 0.0, 0.0, 0.0, 0.0, 0.0, 0.0, 0.0, 0.0, 0.0, 0.0, 0.0, 0.0, 0.9692737592668075, 0.9685902140595755, 0.0, 0.0, 0.0, 0.0, 0.0], [0.0, 0.0, 0.0, 0.0, 0.9418344852648891, 0.0, 1.116172062274753, 0.17043460292926546, 0.0, 0.0, 0.0, 0.0, 0.0, 0.0, 0.0, 0.0, 0.0, 0.0, 0.0, 0.0, 0.0, 0.0, 0.0, 0.0, 0.0, 0.0], [0.0, 0.0, 0.0, 0.0, 0.0, 1.116172062274753, 0.0, 1.7619216981898758, 0.9781128482620731, 0.0, 0.0, 0.0, 0.0, 0.0, 0.0, 0.0, 0.0, 0.0, 0.0, 0.0, 0.0, 0.0, 0.0, 0.0, 0.0, 0.0], [0.0, 0.0, 0.0, 0.0, 0.0, 0.17043460292926546, 1.7619216981898758, 0.0, 0.0, 0.0, 0.0, 0.0, 0.0, 0.0, 0.0, 0.0, 0.0, 0.0, 0.0, 0.0, 0.0, 0.0, 0.0, 0.0, 0.0, 0.0], [0.0, 0.0, 0.0, 0.0, 0.0, 0.0, 0.9781128482620731, 0.0, 0.0, 1.02048486128018, 0.0, 0.0, 0.0, 0.0, 0.0, 0.0, 0.0, 0.0, 0.0, 0.0, 0.0, 0.9546432812619114, 0.9543822712892756, 0.0, 0.0, 0.0], [0.0, 0.0, 0.0, 0.0, 0.0, 0.0, 0.0, 0.0, 1.02048486128018, 0.0, 0.0, 0.0, 0.0, 0.0, 0.0, 0.0, 0.0, 0.0, 0.0, 0.0, 0.0, 0.0, 0.0, 0.9864201094045064, 0.9864080131985171, 0.98683457400574], [0.9875713477754098, 0.0, 0.0, 0.0, 0.0, 0.0, 0.0, 0.0, 0.0, 0.0, 0.0, 0.0, 0.0, 0.0, 0.0, 0.0, 0.0, 0.0, 0.0, 0.0, 0.0, 0.0, 0.0, 0.0, 0.0, 0.0], [0.987195063852571, 0.0, 0.0, 0.0, 0.0, 0.0, 0.0, 0.0, 0.0, 0.0, 0.0, 0.0, 0.0, 0.0, 0.0, 0.0, 0.0, 0.0, 0.0, 0.0, 0.0, 0.0, 0.0, 0.0, 0.0, 0.0], [0.9875835469281228, 0.0, 0.0, 0.0, 0.0, 0.0, 0.0, 0.0, 0.0, 0.0, 0.0, 0.0, 0.0, 0.0, 0.0, 0.0, 0.0, 0.0, 0.0, 0.0, 0.0, 0.0, 0.0, 0.0, 0.0, 0.0], [0.0, 0.9779354503938158, 0.0, 0.0, 0.0, 0.0, 0.0, 0.0, 0.0, 0.0, 0.0, 0.0, 0.0, 0.0, 0.0, 0.0, 0.0, 0.0, 0.0, 0.0, 0.0, 0.0, 0.0, 0.0, 0.0, 0.0], [0.0, 0.9778505104071173, 0.0, 0.0, 0.0, 0.0, 0.0, 0.0, 0.0, 0.0, 0.0, 0.0, 0.0, 0.0, 0.0, 0.0, 0.0, 0.0, 0.0, 0.0, 0.0, 0.0, 0.0, 0.0, 0.0, 0.0], [0.0, 0.0, 0.9767886911146906, 0.0, 0.0, 0.0, 0.0, 0.0, 0.0, 0.0, 0.0, 0.0, 0.0, 0.0, 0.0, 0.0, 0.0, 0.0, 0.0, 0.0, 0.0, 0.0, 0.0, 0.0, 0.0, 0.0], [0.0, 0.0, 0.9763078594610259, 0.0, 0.0, 0.0, 0.0, 0.0, 0.0, 0.0, 0.0, 0.0, 0.0, 0.0, 0.0, 0.0, 0.0, 0.0, 0.0, 0.0, 0.0, 0.0, 0.0, 0.0, 0.0, 0.0], [0.0, 0.0, 0.0, 0.9754507980867517, 0.0, 0.0, 0.0, 0.0, 0.0, 0.0, 0.0, 0.0, 0.0, 0.0, 0.0, 0.0, 0.0, 0.0, 0.0, 0.0, 0.0, 0.0, 0.0, 0.0, 0.0, 0.0], [0.0, 0.0, 0.0, 0.9740598205915454, 0.0, 0.0, 0.0, 0.0, 0.0, 0.0, 0.0, 0.0, 0.0, 0.0, 0.0, 0.0, 0.0, 0.0, 0.0, 0.0, 0.0, 0.0, 0.0, 0.0, 0.0, 0.0], [0.0, 0.0, 0.0, 0.0, 0.9692737592668075, 0.0, 0.0, 0.0, 0.0, 0.0, 0.0, 0.0, 0.0, 0.0, 0.0, 0.0, 0.0, 0.0, 0.0, 0.0, 0.0, 0.0, 0.0, 0.0, 0.0, 0.0], [0.0, 0.0, 0.0, 0.0, 0.9685902140595755, 0.0, 0.0, 0.0, 0.0, 0.0, 0.0, 0.0, 0.0, 0.0, 0.0, 0.0, 0.0, 0.0, 0.0, 0.0, 0.0, 0.0, 0.0, 0.0, 0.0, 0.0], [0.0, 0.0, 0.0, 0.0, 0.0, 0.0, 0.0, 0.0, 0.9546432812619114, 0.0, 0.0, 0.0, 0.0, 0.0, 0.0, 0.0, 0.0, 0.0, 0.0, 0.0, 0.0, 0.0, 0.0, 0.0, 0.0, 0.0], [0.0, 0.0, 0.0, 0.0, 0.0, 0.0, 0.0, 0.0, 0.9543822712892756, 0.0, 0.0, 0.0, 0.0, 0.0, 0.0, 0.0, 0.0, 0.0, 0.0, 0.0, 0.0, 0.0, 0.0, 0.0, 0.0, 0.0], [0.0, 0.0, 0.0, 0.0, 0.0, 0.0, 0.0, 0.0, 0.0, 0.9864201094045064, 0.0, 0.0, 0.0, 0.0, 0.0, 0.0, 0.0, 0.0, 0.0, 0.0, 0.0, 0.0, 0.0, 0.0, 0.0, 0.0], [0.0, 0.0, 0.0, 0.0, 0.0, 0.0, 0.0, 0.0, 0.0, 0.9864080131985171, 0.0, 0.0, 0.0, 0.0, 0.0, 0.0, 0.0, 0.0, 0.0, 0.0, 0.0, 0.0, 0.0, 0.0, 0.0, 0.0], [0.0, 0.0, 0.0, 0.0, 0.0, 0.0, 0.0, 0.0, 0.0, 0.98683457400574, 0.0, 0.0, 0.0, 0.0, 0.0, 0.0, 0.0, 0.0, 0.0, 0.0, 0.0, 0.0, 0.0, 0.0, 0.0, 0.0]], "Born radii": [], "Atomic SASAs": [], "Solvent H bonds": [], "Total SASA": NaN, "Total FOD": 0.0, "FOD": [0.0, 0.0, 0.0, 0.0, 0.0, 0.0, 0.0, 0.0, 0.0, 0.0, 0.0, 0.0, 0.0, 0.0, 0.0, 0.0, 0.0, 0.0, 0.0, 0.0, 0.0, 0.0, 0.0, 0.0, 0.0, 0.0], "FOD s proportion": [0.0, 0.0, 0.0, 0.0, 0.0, 0.0, 0.0, 0.0, 0.0, 0.0, 0.0, 0.0, 0.0, 0.0, 0.0, 0.0, 0.0, 0.0, 0.0, 0.0, 0.0, 0.0, 0.0, 0.0, 0.0, 0.0], "FOD p proportion": [0.0, 0.0, 0.0, 0.0, 0.0, 0.0, 0.0, 0.0, 0.0, 0.0, 0.0, 0.0, 0.0, 0.0, 0.0, 0.0, 0.0, 0.0, 0.0, 0.0, 0.0, 0.0, 0.0, 0.0, 0.0, 0.0], "FOD d proportion": [0.0, 0.0, 0.0, 0.0, 0.0, 0.0, 0.0, 0.0, 0.0, 0.0, 0.0, 0.0, 0.0, 0.0, 0.0, 0.0, 0.0, 0.0, 0.0, 0.0, 0.0, 0.0, 0.0, 0.0, 0.0, 0.0], "coordinates": [["-3.95540", "1.23100", "0.58190"], ["-3.19350", "-0.03370", "0.94470"], ["-1.84210", "-0.09720", "0.23260"], ["-1.07990", "-1.37350", "0.60090"], ["0.25890", "-1.47600", "-0.12530"], ["1.10520", "-0.39910", "0.29690"], ["2.32830", "-0.37840", "-0.30540"], ["2.71660", "-1.18750", "-1.13540"], ["3.12100", "0.79670", "0.21450"], ["4.49730", "0.88230", "-0.42150"], ["-3.39160", "2.12450", "0.86840"], ["-4.91820", "1.25570", "1.10170"], ["-4.14910", "1.27710", "-0.49460"], ["-3.04420", "-0.06460", "2.03020"], ["-3.79820", "-0.90740", "0.67500"], ["-1.99720", "-0.06360", "-0.85270"], ["-1.24750", "0.78410", "0.50120"], ["-0.90530", "-1.38230", "1.68370"], ["-1.68850", "-2.25110", "0.35430"], ["0.73560", "-2.42960", "0.12990"], ["0.10520", "-1.42610", "-1.20980"], ["2.56350", "1.71400", "-0.00250"], ["3.22830", "0.68980", "1.29900"], ["4.42200", "0.99390", "-1.50830"], ["5.08160", "-0.02110", "-0.21760"], ["5.04710", "1.74210", "-0.02640"]], "bond_dist": [[0.0, 1.520388614795573, 2.520349701926302, 3.87972698781757, 5.05848844320119, 5.324295575003326, 6.546934804929709, 7.301633073498011, 7.099227860126762, 8.519186612582214, 1.0946665885099442, 1.094434086640214, 1.0947589460698641, 2.1462613284500094, 2.1461905810062625, 2.751111331807566, 2.745715664448888, 4.164902176522277, 4.1612086921950935, 5.967392844450582, 5.172894901310097, 6.5628400536657905, 7.239659904995538, 8.63747551139799, 9.158292617076613, 9.037491817423684], [1.520388614795573, 0.0, 1.5288559840612848, 2.5259785113892, 3.8915543231464724, 4.362566181732949, 5.67202286137847, 6.370820391440964, 6.410590179538855, 7.864729053184222, 2.1686153508633104, 2.1591182112149396, 2.1686291730030747, 1.0961548932518612, 1.0962444389824744, 2.159322685473387, 2.1569434600841992, 2.7569371048320996, 2.744168347605518, 4.6735492572562025, 4.178764135483121, 6.090541201732404, 6.4721322591554005, 8.066536494059887, 8.356337718163383, 8.485516437436205], [2.520349701926302, 1.5288559840612848, 0.0, 1.5315140939606138, 2.538381935406884, 2.9634195433654007, 4.2143509108758375, 4.882819245067341, 5.042989830447807, 6.447887981347071, 2.782290922962586, 3.4710321850999875, 2.782044092030174, 2.1627466171514405, 2.162976886145573, 1.0968414014797216, 1.0965330865961136, 2.152851007385323, 2.1627965831302767, 3.477811717157788, 2.7637782581097206, 4.769174856303761, 5.240757017836259, 6.592433604519654, 6.938738569797827, 7.135207224040519], [3.87972698781757, 2.5259785113892, 1.5315140939606138, 0.0, 1.5265183031984908, 2.411749027158506, 3.664345908890153, 4.178845048575025, 4.744115703690204, 6.10238438972833, 4.201370864372723, 4.679320481651155, 4.200689139891215, 2.759455053085663, 2.758966275618461, 2.1610715536511047, 2.1663950724648537, 1.0968219727923032, 1.0960781359009037, 2.152493544705768, 2.164685487547787, 4.8136380597215656, 4.827539512008162, 6.350134723767678, 6.361054178357547, 6.902216864892033], [5.05848844320119, 3.8915543231464724, 2.538381935406884, 1.5265183031984908, 0.0, 1.4332446197352355, 2.3493782432805492, 2.672793211230528, 3.670455794584645, 4.859356736235775, 5.222756952989484, 5.9808091676628505, 5.210221310078872, 4.189116830550325, 4.174188119862352, 2.75934262642391, 2.787435240503356, 2.153281758154283, 2.150154164240323, 1.0962312210478227, 1.0964734150903979, 3.9373037728882436, 3.9416565667241987, 5.034331794786673, 5.038222761053743, 5.769992032923443], [5.324295575003326, 4.362566181732949, 2.9634195433654007, 2.411749027158506, 1.4332446197352355, 0.0, 1.3635128858943726, 2.2955757033911994, 2.3452456246627986, 3.6965425643430647, 5.188099791831302, 6.298207176649559, 5.571695180104525, 4.509294789653921, 4.944154129879043, 3.325511414805248, 2.641381839113762, 2.63287043547532, 3.352306437365176, 2.070609429612451, 2.079633114277612, 2.584854127412222, 2.5879453684341946, 4.024966866944372, 4.027325565434213, 4.49753665243542], [6.546934804929709, 5.67202286137847, 4.2143509108758375, 3.664345908890153, 2.3493782432805492, 1.3635128858943726, 0.0, 1.2224236990503743, 1.5098110179754287, 2.5114546979788424, 6.352918294768161, 7.560553912908762, 6.688287348043592, 5.8666220306067105, 6.226959724456229, 4.371336932792987, 3.8455630862072723, 3.926894826704683, 4.480724452585765, 2.633173146604682, 2.6187379135759272, 2.1272529727326743, 2.1272401368909906, 2.777364828393994, 2.7777748324873275, 3.459224579295192], [7.301633073498011, 6.370820391440964, 4.882819245067341, 4.178845048575025, 2.672793211230528, 2.2955757033911994, 1.2224236990503743, 0.0, 2.4336842461584864, 2.8221654345555294, 7.23150507709149, 8.322500446981064, 7.322753190569788, 6.668488915039148, 6.767468005834974, 4.85417149882449, 4.720143528538089, 4.593847130673811, 4.770257546506268, 2.658600665763853, 2.623332857263828, 3.118590109328252, 3.116471649157104, 2.793912942451858, 2.792144480502397, 3.904313948698286], [7.099227860126762, 6.410590179538855, 5.042989830447807, 4.744115703690204, 3.670455794584645, 2.3452456246627986, 1.5098110179754287, 2.4336842461584864, 0.0, 1.5185601897850478, 6.678667292955983, 8.101021014662287, 7.320379838505649, 6.484465685004432, 7.140822480639048, 5.298585015832057, 4.37791593112522, 4.808084996128916, 5.695605247030381, 4.013265753722273, 4.008056882081391, 1.0951413333446967, 1.0950256389692434, 2.1678396342903223, 2.1678237036253662, 2.1590912857033167], [8.519186612582214, 7.864729053184222, 6.447887981347071, 6.10238438972833, 4.859356736235775, 3.6965425643430647, 2.5114546979788424, 2.8221654345555294, 1.5185601897850478, 0.0, 8.089601106358705, 9.54521901529766, 8.655717394300718, 7.986343014797198, 8.556907069145955, 6.577171922642741, 5.819256444770242, 6.224818628683088, 6.977405165245888, 5.042133522627103, 5.024009341153736, 2.146361649396485, 2.1465175284632547, 1.0951067938790262, 1.0950403006282463, 1.0943674382948354], [1.0946665885099442, 2.1686153508633104, 2.782290922962586, 4.201370864372723, 5.222756952989484, 5.188099791831302, 6.352918294768161, 7.23150507709149, 6.678667292955983, 8.089601106358705, 0.0, 1.7719339406422574, 1.7747287144800468, 2.5025236881995743, 3.0651500338482616, 3.1135700056366162, 2.5551267698491986, 4.37539118479708, 4.723422888118319, 6.190233347782619, 5.399378282728485, 6.032428455439815, 6.787256917194162, 8.244956289150354, 8.807843867825996, 8.494619149202629], [1.094434086640214, 2.1591182112149396, 3.4710321850999875, 4.679320481651155, 5.9808091676628505, 6.298207176649559, 7.560553912908762, 8.322500446981064, 8.101021014662287, 9.54521901529766, 1.7719339406422574, 0.0, 1.7720458402648616, 2.473293419713884, 2.4729485437428735, 3.7539942527926167, 3.749272636125572, 4.83747190276078, 4.825682862559454, 6.818451860209911, 6.145700208275701, 7.576617412803685, 8.168514696687518, 9.701544994484125, 10.166945006736292, 10.040736958012593], [1.0947589460698641, 2.1686291730030747, 2.782044092030174, 4.200689139891215, 5.210221310078872, 5.571695180104525, 6.688287348043592, 7.322753190569788, 7.320379838505649, 8.655717394300718, 1.7747287144800468, 1.7720458402648616, 0.0, 3.065220700047551, 2.502625665176476, 2.5605440261788113, 3.107080494612265, 4.72648259173775, 4.384447377948559, 6.163596290316231, 5.090959611900295, 6.744778927437133, 7.614982141147804, 8.635481754945696, 9.325656798853364, 9.219844395650071], [2.1462613284500094, 1.0961548932518612, 2.1627466171514405, 2.759455053085663, 4.189116830550325, 4.509294789653921, 5.8666220306067105, 6.668488915039148, 6.484465685004432, 7.986343014797198, 2.5025236881995743, 2.473293419713884, 3.065220700047551, 0.0, 1.7650481239898246, 3.067135864287723, 2.507242226032419, 2.5359985705831933, 3.0703982722116034, 4.846777602696456, 4.719110362133947, 6.2242739769389965, 6.359876496442364, 8.329798733462892, 8.431080756937392, 8.541832598453333], [2.1461905810062625, 1.0962444389824744, 2.162976886145573, 2.758966275618461, 4.174188119862352, 4.944154129879043, 6.226959724456229, 6.767468005834974, 7.140822480639048, 8.556907069145955, 3.0651500338482616, 2.4729485437428735, 2.502625665176476, 1.7650481239898246, 0.0, 2.5078809242067295, 3.065525922252167, 3.100302583619863, 2.5217478601160748, 4.81347787883148, 4.365552919161558, 6.913896954684818, 7.232712222257983, 8.715126425933246, 8.968450841143078, 9.260191374912292], [2.751111331807566, 2.159322685473387, 1.0968414014797216, 2.1610715536511047, 2.75934262642391, 3.325511414805248, 4.371336932792987, 4.85417149882449, 5.298585015832057, 6.577171922642741, 3.1135700056366162, 3.7539942527926167, 2.5605440261788113, 3.067135864287723, 2.5078809242067295, 0.0, 1.7645652694077372, 3.0601536333981665, 2.5173996385159034, 3.7458850222610947, 2.5306150280119653, 4.968167296901343, 5.701164328450813, 6.538673126101351, 7.107360107663041, 7.31884462671534], [2.745715664448888, 2.1569434600841992, 1.0965330865961136, 2.1663950724648537, 2.787435240503356, 2.641381839113762, 3.8455630862072723, 4.720143528538089, 4.37791593112522, 5.819256444770242, 2.5551267698491986, 3.749272636125572, 3.107080494612265, 2.507242226032419, 3.065525922252167, 1.7645652694077372, 0.0, 2.4917255165848426, 3.070586206247921, 3.794524606587761, 3.1052056823985104, 3.9550156384014463, 4.5473248146575145, 6.018748752024793, 6.420477185536913, 6.3889056120747325], [4.164902176522277, 2.7569371048320996, 2.152851007385323, 1.0968219727923032, 2.153281758154283, 2.63287043547532, 3.926894826704683, 4.593847130673811, 4.808084996128916, 6.224818628683088, 4.37539118479708, 4.83747190276078, 4.72648259173775, 2.5359985705831933, 3.100302583619863, 3.0601536333981665, 2.4917255165848426, 0.0, 1.770739969617222, 2.49071968314381, 3.0651869339405713, 4.94600015871411, 4.6398536032939655, 6.6494598073828515, 6.4273461661871, 6.936669455149208], [4.1612086921950935, 2.744168347605518, 2.1627965831302767, 1.0960781359009037, 2.150154164240323, 3.352306437365176, 4.480724452585765, 4.770257546506268, 5.695605247030381, 6.977405165245888, 4.723422888118319, 4.825682862559454, 4.384447377948559, 3.0703982722116034, 2.5217478601160748, 2.5173996385159034, 3.070586206247921, 1.770739969617222, 0.0, 2.4409994715280052, 2.518807952186907, 5.824845770490409, 5.806571547824069, 7.165020168150262, 7.150819786569929, 7.8395718052709995], [5.967392844450582, 4.6735492572562025, 3.477811717157788, 2.152493544705768, 1.0962312210478227, 2.070609429612451, 2.633173146604682, 2.658600665763853, 4.013265753722273, 5.042133522627103, 6.190233347782619, 6.818451860209911, 6.163596290316231, 4.846777602696456, 4.81347787883148, 3.7458850222610947, 3.794524606587761, 2.49071968314381, 2.4409994715280052, 0.0, 1.7886342555145254, 4.530802261189512, 4.160649523812358, 5.290897508929842, 4.980897961211412, 6.001378410831966], [5.172894901310097, 4.178764135483121, 2.7637782581097206, 2.164685487547787, 1.0964734150903979, 2.079633114277612, 2.6187379135759272, 2.623332857263828, 4.008056882081391, 5.024009341153736, 5.399378282728485, 6.145700208275701, 5.090959611900295, 4.719110362133947, 4.365552919161558, 2.5306150280119653, 3.1052056823985104, 3.0651869339405713, 2.518807952186907, 1.7886342555145254, 0.0, 4.166658156124642, 4.53043749101563, 4.957848776435199, 5.265267590540865, 5.988347218557053], [6.5628400536657905, 6.090541201732404, 4.769174856303761, 4.8136380597215656, 3.9373037728882436, 2.584854127412222, 2.1272529727326743, 3.118590109328252, 1.0951413333446967, 2.146361649396485, 6.032428455439815, 7.576617412803685, 6.744778927437133, 6.2242739769389965, 6.913896954684818, 4.968167296901343, 3.9550156384014463, 4.94600015871411, 5.824845770490409, 4.530802261189512, 4.166658156124642, 0.0, 1.7846139442467661, 2.49799917934334, 3.065561552146686, 2.483873946076975], [7.239659904995538, 6.4721322591554005, 5.240757017836259, 4.827539512008162, 3.9416565667241987, 2.5879453684341946, 2.1272401368909906, 3.116471649157104, 1.0950256389692434, 2.1465175284632547, 6.787256917194162, 8.168514696687518, 7.614982141147804, 6.359876496442364, 7.232712222257983, 5.701164328450813, 4.5473248146575145, 4.6398536032939655, 5.806571547824069, 4.160649523812358, 4.53043749101563, 1.7846139442467661, 0.0, 3.0656695500330753, 2.498034279188338, 2.4843618677640342], [8.63747551139799, 8.066536494059887, 6.592433604519654, 6.350134723767678, 5.034331794786673, 4.024966866944372, 2.777364828393994, 2.793912942451858, 2.1678396342903223, 1.0951067938790262, 8.244956289150354, 9.701544994484125, 8.635481754945696, 8.329798733462892, 8.715126425933246, 6.538673126101351, 6.018748752024793, 6.6494598073828515, 7.165020168150262, 5.290897508929842, 4.957848776435199, 2.49799917934334, 3.0656695500330753, 0.0, 1.7695207402005775, 1.7738604398317248], [9.158292617076613, 8.356337718163383, 6.938738569797827, 6.361054178357547, 5.038222761053743, 4.027325565434213, 2.7777748324873275, 2.792144480502397, 2.1678237036253662, 1.0950403006282463, 8.807843867825996, 10.166945006736292, 9.325656798853364, 8.431080756937392, 8.968450841143078, 7.107360107663041, 6.420477185536913, 6.4273461661871, 7.150819786569929, 4.980897961211412, 5.265267590540865, 3.065561552146686, 2.498034279188338, 1.7695207402005775, 0.0, 1.7738720162401795], [9.037491817423684, 8.485516437436205, 7.135207224040519, 6.902216864892033, 5.769992032923443, 4.49753665243542, 3.459224579295192, 3.904313948698286, 2.1590912857033167, 1.0943674382948354, 8.494619149202629, 10.040736958012593, 9.219844395650071, 8.541832598453333, 9.260191374912292, 7.31884462671534, 6.3889056120747325, 6.936669455149208, 7.8395718052709995, 6.001378410831966, 5.988347218557053, 2.483873946076975, 2.4843618677640342, 1.7738604398317248, 1.7738720162401795, 0.0]]}