{"total energy": -19.99222387, "HOMO-LUMO gap/eV": 13.12357611, "electronic energy": -20.2854534, "dipole": [-1.335e-05, 0.01431404, 0.00828565], "partial charges": [-0.09865997, -0.05481308, -0.01480191, -0.10088184, -0.05502111, -0.09855045, 0.03336769, 0.03005817, 0.02933379, 0.02731027, 0.03213966, 0.02633089, 0.03015725, 0.03195512, 0.033807, 0.02533326, 0.02744201, 0.03485474, 0.03223205, 0.02840646], "atomic dipole moments": [[-0.09412357, -0.03027698, -0.00084831], [0.05001703, 0.05454188, -0.08508276], [-0.05048487, 0.02930578, 0.07045623], [0.00907568, -0.09938242, 0.00666587], [0.02356206, 0.06964987, 0.07983228], [0.06556302, -0.02694214, -0.07301373], [0.01189038, 0.12543091, 0.00468771], [0.06349375, -0.04377308, -0.09973855], [0.05659918, -0.04408756, 0.10154994], [0.00029545, -0.12138137, 0.01635221], [-0.05266304, 0.04526352, 0.10375141], [0.06249091, -0.03875503, -0.09644656], [-0.06974485, 0.03232572, -0.09979173], [0.11096549, 0.05511456, -0.01999488], [-0.05104365, 0.05713487, 0.10139128], [0.01294986, -0.12110299, -0.00080245], [-0.05210782, 0.0217066, -0.10794354], [-0.02979208, 0.12296886, -0.0001712], [0.03956609, -0.03310117, 0.1154628], [-0.10654693, -0.06095148, -0.01803659]], "atomic quadrupole moments": [[0.19542068, 0.09496048, -0.0900909, 0.00315984, -0.0130613, -0.10532977], [0.15352846, 0.07231843, -0.15584425, 0.10712365, -0.07463622, 0.00231579], [0.00728541, 0.05916129, 0.07363216, 0.12651294, -0.07445466, -0.08091757], [-0.0898103, -0.02970791, 0.20243826, 0.01509973, -0.02304513, -0.11262796], [0.15223845, 0.06487744, -0.11531314, -0.12457867, 0.06229477, -0.0369253], [0.03118393, -0.04187349, -0.09274911, -0.14982312, 0.07114367, 0.06156518], [-0.02682343, -0.00569806, 0.07980821, -0.0029243, -0.00287334, -0.05298477], [-0.0137269, -0.00955807, -0.02799992, -0.04095115, 0.04465705, 0.04172682], [-0.01301047, -0.00862988, -0.02789066, 0.04134337, -0.04711114, 0.04090113], [-0.01761646, 0.00228623, 0.05779102, 0.0159987, 0.00158474, -0.04017456], [0.00595954, -0.02073535, -0.01760274, -0.02596574, 0.03814183, 0.0116432], [0.00121617, -0.00460614, -0.00812233, -0.02388287, 0.01400004, 0.00690616], [-0.0056906, -0.00672168, -0.02777587, 0.06486534, -0.01151779, 0.03346647], [0.0700803, 0.03131544, -0.01673668, -0.01409789, -0.00195776, -0.05334361], [-0.02556599, -0.01562734, -0.02250309, -0.05069032, 0.02571756, 0.04806908], [-0.01318689, -0.01723716, 0.05289913, -0.01388221, -0.01602763, -0.03971224], [0.00132379, -0.01225979, -0.03737453, 0.02031124, -0.03307498, 0.03605075], [-0.04461171, -0.01209781, 0.07960432, -0.01069511, -0.01131749, -0.03499262], [-0.01002446, -0.02456103, -0.03998051, 0.04330583, -0.02376889, 0.05000497], [0.04494824, 0.05476257, -0.01383416, 0.01338561, 0.0240769, -0.03111408]], "number of molecular orbitals": 38, "number of electrons": 38, "number of unpaired electrons": 0, "orbital energies/eV": [-16.9225908, -16.43748861, -16.09272048, -15.6362505, -15.28257427, -14.62403129, -13.88907352, -13.66677743, -13.54539156, -13.1849468, -12.68255009, -12.58976224, -12.45621146, -12.31143897, -12.08940264, -11.60478617, -11.36532222, -11.35037457, -11.25141549, 1.87216063, 2.24044027, 2.70659241, 3.47318259, 3.56151079, 3.83924671, 4.00316779, 4.31314782, 4.73008246, 5.32296859, 5.55486585, 5.70635562, 6.18834037, 6.5745181, 6.89487612, 7.59146597, 7.71976644, 7.94586181, 8.09132694], "fractional occupation": [2.0, 2.0, 2.0, 2.0, 2.0, 2.0, 2.0, 2.0, 2.0, 2.0, 2.0, 2.0, 2.0, 2.0, 2.0, 2.0, 2.0, 2.0, 2.0, 0.0, 0.0, 0.0, 0.0, 0.0, 0.0, 0.0, 0.0, 0.0, 0.0, 0.0, 0.0, 0.0, 0.0, 0.0, 0.0, 0.0, 0.0, 0.0], "program call": "xtb /home/svss/Project-DBcg-Debug/aqme2_20220329/End-to-End-workflows-final/example-3/QDESCP/mol_181_rdkit_conf_4/mol_181_rdkit_conf_4.xyz --pop --wbo --acc 0.2 --gfn 2 --chrg 0 --uhf 0 --etemp 300 --input /home/svss/Project-DBcg-Debug/aqme2_20220329/End-to-End-workflows-final/example-3/QDESCP/mol_181_rdkit_conf_4/mol_181_rdkit_conf_4_xtb.inp", "method": "GFN2-xTB", "xtb version": "6.3.3 (7355c4f)", "Dipole module/D": 0.042, "Total charge": 0, "Transition dipole module/D": NaN, "HOMO": -11.2514, "LUMO": 1.8722, "HOMO occupancy": 2.0, "LUMO occupancy": 0, "mulliken charges": [-0.08319, -0.04621, -0.00841, -0.09106, -0.04585, -0.08471, 0.02679, 0.02618, 0.02776, 0.02339, 0.0232, 0.02017, 0.02853, 0.02855, 0.02755, 0.02275, 0.02339, 0.02708, 0.02653, 0.02757], "cm5 charges": [-0.2338, -0.15675, -0.08076, -0.23963, -0.15631, -0.23529, 0.07856, 0.07759, 0.07853, 0.07851, 0.0789, 0.07864, 0.08015, 0.08039, 0.07989, 0.07747, 0.07811, 0.079, 0.07846, 0.07835], "FUKUI+": [0.008, -0.024, -0.064, 0.031, -0.03, 0.027, -0.058, -0.06, -0.098, -0.07, -0.069, -0.086, -0.063, -0.072, -0.055, -0.068, -0.091, -0.045, -0.036, -0.076], "FUKUI-": [0.021, -0.001, -0.014, 0.021, 0.008, 0.019, -0.066, -0.083, -0.087, -0.073, -0.087, -0.079, -0.065, -0.06, -0.056, -0.074, -0.104, -0.062, -0.078, -0.081], "FUKUIrad": [0.014, -0.013, -0.039, 0.026, -0.011, 0.023, -0.062, -0.071, -0.093, -0.071, -0.078, -0.082, -0.064, -0.066, -0.055, -0.071, -0.098, -0.053, -0.057, -0.078], "s proportion": [1.007, 1.031, 1.057, 1.011, 1.032, 1.006, 0.973, 0.974, 0.972, 0.977, 0.977, 0.98, 0.971, 0.971, 0.972, 0.977, 0.977, 0.973, 0.973, 0.972], "p proportion": [3.076, 3.015, 2.952, 3.08, 3.014, 3.079, 0.0, 0.0, 0.0, 0.0, 0.0, 0.0, 0.0, 0.0, 0.0, 0.0, 0.0, 0.0, 0.0, 0.0], "d proportion": [0.0, 0.0, 0.0, 0.0, 0.0, 0.0, 0.0, 0.0, 0.0, 0.0, 0.0, 0.0, 0.0, 0.0, 0.0, 0.0, 0.0, 0.0, 0.0, 0.0], "Fermi-level/eV": -4.6896, "Coordination numbers": [3.749, 3.8, 3.847, 3.75, 3.8, 3.748, 0.924, 0.924, 0.924, 0.924, 0.924, 0.923, 0.924, 0.924, 0.924, 0.924, 0.924, 0.924, 0.924, 0.924], "Dispersion coefficient C6": [22.45, 21.56, 20.806, 22.49, 21.564, 22.449, 2.539, 2.586, 2.596, 2.625, 2.556, 2.639, 2.584, 2.559, 2.533, 2.654, 2.623, 2.519, 2.555, 2.609], "Total dispersion C6": 2549.514222, "Total dispersion C8": 52377.015687, "Polarizability alpha": [6.758, 6.611, 6.488, 6.763, 6.612, 6.758, 2.492, 2.515, 2.52, 2.534, 2.5, 2.541, 2.514, 2.502, 2.489, 2.548, 2.533, 2.482, 2.5, 2.526], "Total polarizability alpha": 75.183778, "Wiberg matrix": [[0.0, 1.019937980821576, 0.0, 0.0, 0.0, 0.0, 0.9862788997238138, 0.9875161123236008, 0.9872554943321084, 0.0, 0.0, 0.0, 0.0, 0.0, 0.0, 0.0, 0.0, 0.0, 0.0, 0.0], [1.019937980821576, 0.0, 0.9962525321774611, 0.0, 0.0, 0.0, 0.0, 0.0, 0.0, 0.9773420214769234, 0.9758367944949359, 0.0, 0.0, 0.0, 0.0, 0.0, 0.0, 0.0, 0.0, 0.0], [0.0, 0.9962525321774611, 0.0, 1.009892518025354, 0.9936589936437015, 0.0, 0.0, 0.0, 0.0, 0.0, 0.0, 0.9684359496182147, 0.0, 0.0, 0.0, 0.0, 0.0, 0.0, 0.0, 0.0], [0.0, 0.0, 1.009892518025354, 0.0, 0.0, 0.0, 0.0, 0.0, 0.0, 0.0, 0.0, 0.0, 0.9861631101141746, 0.9851284439837503, 0.9856450900248948, 0.0, 0.0, 0.0, 0.0, 0.0], [0.0, 0.0, 0.9936589936437015, 0.0, 0.0, 1.021174023616637, 0.0, 0.0, 0.0, 0.0, 0.0, 0.0, 0.0, 0.0, 0.0, 0.9776879640208919, 0.9774802513608141, 0.0, 0.0, 0.0], [0.0, 0.0, 0.0, 0.0, 1.021174023616637, 0.0, 0.0, 0.0, 0.0, 0.0, 0.0, 0.0, 0.0, 0.0, 0.0, 0.0, 0.0, 0.9861642408639526, 0.9861813839454421, 0.9870328347182525], [0.9862788997238138, 0.0, 0.0, 0.0, 0.0, 0.0, 0.0, 0.0, 0.0, 0.0, 0.0, 0.0, 0.0, 0.0, 0.0, 0.0, 0.0, 0.0, 0.0, 0.0], [0.9875161123236008, 0.0, 0.0, 0.0, 0.0, 0.0, 0.0, 0.0, 0.0, 0.0, 0.0, 0.0, 0.0, 0.0, 0.0, 0.0, 0.0, 0.0, 0.0, 0.0], [0.9872554943321084, 0.0, 0.0, 0.0, 0.0, 0.0, 0.0, 0.0, 0.0, 0.0, 0.0, 0.0, 0.0, 0.0, 0.0, 0.0, 0.0, 0.0, 0.0, 0.0], [0.0, 0.9773420214769234, 0.0, 0.0, 0.0, 0.0, 0.0, 0.0, 0.0, 0.0, 0.0, 0.0, 0.0, 0.0, 0.0, 0.0, 0.0, 0.0, 0.0, 0.0], [0.0, 0.9758367944949359, 0.0, 0.0, 0.0, 0.0, 0.0, 0.0, 0.0, 0.0, 0.0, 0.0, 0.0, 0.0, 0.0, 0.0, 0.0, 0.0, 0.0, 0.0], [0.0, 0.0, 0.9684359496182147, 0.0, 0.0, 0.0, 0.0, 0.0, 0.0, 0.0, 0.0, 0.0, 0.0, 0.0, 0.0, 0.0, 0.0, 0.0, 0.0, 0.0], [0.0, 0.0, 0.0, 0.9861631101141746, 0.0, 0.0, 0.0, 0.0, 0.0, 0.0, 0.0, 0.0, 0.0, 0.0, 0.0, 0.0, 0.0, 0.0, 0.0, 0.0], [0.0, 0.0, 0.0, 0.9851284439837503, 0.0, 0.0, 0.0, 0.0, 0.0, 0.0, 0.0, 0.0, 0.0, 0.0, 0.0, 0.0, 0.0, 0.0, 0.0, 0.0], [0.0, 0.0, 0.0, 0.9856450900248948, 0.0, 0.0, 0.0, 0.0, 0.0, 0.0, 0.0, 0.0, 0.0, 0.0, 0.0, 0.0, 0.0, 0.0, 0.0, 0.0], [0.0, 0.0, 0.0, 0.0, 0.9776879640208919, 0.0, 0.0, 0.0, 0.0, 0.0, 0.0, 0.0, 0.0, 0.0, 0.0, 0.0, 0.0, 0.0, 0.0, 0.0], [0.0, 0.0, 0.0, 0.0, 0.9774802513608141, 0.0, 0.0, 0.0, 0.0, 0.0, 0.0, 0.0, 0.0, 0.0, 0.0, 0.0, 0.0, 0.0, 0.0, 0.0], [0.0, 0.0, 0.0, 0.0, 0.0, 0.9861642408639526, 0.0, 0.0, 0.0, 0.0, 0.0, 0.0, 0.0, 0.0, 0.0, 0.0, 0.0, 0.0, 0.0, 0.0], [0.0, 0.0, 0.0, 0.0, 0.0, 0.9861813839454421, 0.0, 0.0, 0.0, 0.0, 0.0, 0.0, 0.0, 0.0, 0.0, 0.0, 0.0, 0.0, 0.0, 0.0], [0.0, 0.0, 0.0, 0.0, 0.0, 0.9870328347182525, 0.0, 0.0, 0.0, 0.0, 0.0, 0.0, 0.0, 0.0, 0.0, 0.0, 0.0, 0.0, 0.0, 0.0]], "Born radii": [], "Atomic SASAs": [], "Solvent H bonds": [], "Total SASA": NaN, "Total FOD": 0.0, "FOD": [0.0, 0.0, 0.0, 0.0, 0.0, 0.0, 0.0, 0.0, 0.0, 0.0, 0.0, 0.0, 0.0, 0.0, 0.0, 0.0, 0.0, 0.0, 0.0, 0.0], "FOD s proportion": [0.0, 0.0, 0.0, 0.0, 0.0, 0.0, 0.0, 0.0, 0.0, 0.0, 0.0, 0.0, 0.0, 0.0, 0.0, 0.0, 0.0, 0.0, 0.0, 0.0], "FOD p proportion": [0.0, 0.0, 0.0, 0.0, 0.0, 0.0, 0.0, 0.0, 0.0, 0.0, 0.0, 0.0, 0.0, 0.0, 0.0, 0.0, 0.0, 0.0, 0.0, 0.0], "FOD d proportion": [0.0, 0.0, 0.0, 0.0, 0.0, 0.0, 0.0, 0.0, 0.0, 0.0, 0.0, 0.0, 0.0, 0.0, 0.0, 0.0, 0.0, 0.0, 0.0, 0.0], "coordinates": [["2.35720", "-0.02740", "0.69530"], ["0.90080", "-0.47280", "0.68360"], ["0.15280", "-0.07970", "-0.60450"], ["0.02290", "1.43870", "-0.75320"], ["-1.22150", "-0.77490", "-0.69810"], ["-2.21570", "-0.40530", "0.39450"], ["2.44390", "1.06280", "0.71220"], ["2.89130", "-0.40530", "-0.18210"], ["2.85940", "-0.41260", "1.58860"], ["0.87710", "-1.56380", "0.79540"], ["0.39940", "-0.05130", "1.56240"], ["0.74120", "-0.44120", "-1.45890"], ["-0.59450", "1.69380", "-1.62110"], ["1.00200", "1.90360", "-0.90560"], ["-0.42880", "1.89490", "0.13340"], ["-1.07310", "-1.86190", "-0.68170"], ["-1.67190", "-0.54270", "-1.67130"], ["-2.44130", "0.66490", "0.38860"], ["-1.84420", "-0.67800", "1.38620"], ["-3.15700", "-0.94200", "0.23630"]], "bond_dist": [[0.0, 1.523029549943139, 2.559608307925258, 3.1139296636244054, 3.9124689775127934, 4.598337032014944, 1.0937726180518508, 1.094487085350942, 1.094791655978433, 2.1357062017047195, 2.1413580877564593, 2.7245667692313953, 4.128046909859432, 2.851001376709594, 3.431146295336298, 4.12655756533215, 4.701061205727915, 4.857874682409994, 4.307247976376564, 5.608348758770268], [1.523029549943139, 0.0, 1.5405301749722398, 2.547338787833295, 2.550395379152025, 3.130608137407172, 2.17716396488643, 2.171654436138494, 2.1584167808836177, 1.0969694298384072, 1.0960627947339514, 2.148668650583426, 3.4988169057554295, 2.860607459963705, 2.770660479019398, 2.7730712414216843, 3.4884416735843526, 3.5427416925313655, 2.840911614253425, 4.109253797224017], [2.559608307925258, 1.5405301749722398, 0.0, 1.5311839406158885, 1.5429726147926281, 2.591101813900797, 2.8789137448002853, 2.7899497074320174, 3.4994561834662252, 2.164921086321624, 2.1810716929986507, 1.0985882622711751, 2.1765190327676898, 2.1783665302239656, 2.1867327523042226, 2.1644924324192036, 2.163784030350534, 2.8757662596254234, 2.8825090424836484, 3.522113281823854], [3.1139296636244054, 2.547338787833295, 1.5311839406158885, 0.0, 2.5399984901570316, 3.1191154595493895, 2.8548097957657355, 3.4574860476941915, 4.117896450859346, 3.4846557720957176, 2.7791825434828854, 2.132602023350817, 1.0952210644431561, 1.0945293874538042, 1.0946281971518914, 3.4785469107085505, 2.7642721664119834, 2.8239609274917385, 3.5416823205928565, 4.093727732763869], [3.9124689775127934, 2.550395379152025, 1.5429726147926281, 2.5399984901570316, 0.0, 1.522764775006304, 4.336040191234394, 4.161488195345506, 4.691908246119056, 2.6938870466298326, 2.874156227486599, 2.131282154009647, 2.7091581146178974, 3.4873156940546695, 2.9064751125719277, 1.0972057783296625, 1.0972216002248587, 2.1775796127811264, 2.1774874029486373, 2.155733290553356], [4.598337032014944, 3.130608137407172, 2.591101813900797, 3.1191154595493895, 1.522764775006304, 0.0, 4.895724977978237, 5.139447106450265, 5.213690450151408, 3.3268986909733216, 2.8858368664912435, 3.4899338073952064, 3.33123905026343, 4.168317707421065, 2.9243982047593997, 2.1413604927708927, 2.1405903017625767, 1.0937358959090628, 1.0935476349935562, 1.095043295947699], [1.0937726180518508, 2.17716396488643, 2.8789137448002853, 2.8548097957657355, 4.336040191234394, 4.895724977978237, 0.0, 1.776304270106898, 1.7656506930873954, 3.059544417066044, 2.478717228729409, 3.1424319403926635, 3.8825667347773947, 2.3244993202838327, 3.0462772592132845, 4.781852810365455, 5.019811962613739, 4.912048494263875, 4.67680042871192, 5.967896166992184], [1.094487085350942, 2.171654436138494, 2.7899497074320174, 3.4574860476941915, 4.161488195345506, 5.139447106450265, 1.776304270106898, 0.0, 1.7710023687166543, 2.5208391737673392, 3.062378464527205, 2.5008872545558707, 4.315986961287071, 3.0698413558358357, 4.051360796078276, 4.252969677766349, 4.802019329407161, 5.468788649234856, 4.995887351612324, 6.086463533120034], [1.094791655978433, 2.1584167808836177, 3.4994561834662252, 4.117896450859346, 4.691908246119056, 5.213690450151408, 1.7656506930873954, 1.7710023687166543, 0.0, 2.4256836087997957, 2.4865285298986617, 3.7114478913221993, 5.164157265227309, 3.8775960129956806, 4.272519459288629, 4.766475514465589, 5.583596843433451, 5.540616097511179, 4.715427433435912, 6.1891880412538764], [2.1357062017047195, 1.0969694298384072, 2.164921086321624, 3.4846557720957176, 2.6938870466298326, 3.3268986909733216, 3.059544417066044, 2.5208391737673392, 2.4256836087997957, 0.0, 1.7618576957291416, 2.5220166652899025, 4.314746408538977, 3.8641769848183714, 3.7558254086152623, 2.4645421603210607, 3.691159045611554, 4.018005536332671, 2.922184109531773, 4.119853257095452], [2.1413580877564593, 1.0960627947339514, 2.1810716929986507, 2.7791825434828854, 2.874156227486599, 2.8858368664912435, 2.478717228729409, 3.062378464527205, 2.4865285298986617, 1.7618576957291416, 0.0, 3.0654694485510703, 3.764024902946313, 3.2055864939196383, 2.5525772622978526, 3.2376709869904943, 3.8715078896987927, 3.155998315905761, 2.3361379004673504, 3.8987008938876038], [2.7245667692313953, 2.148668650583426, 1.0985882622711751, 2.132602023350817, 2.131282154009647, 3.4899338073952064, 3.1424319403926635, 2.5008872545558707, 3.7114478913221993, 2.5220166652899025, 3.0654694485510703, 0.0, 2.5236141404739354, 2.4232714602371725, 3.059686666964446, 2.4318949031567954, 2.424555138576972, 3.8425277760869863, 3.8516180249344565, 4.280241455805969], [4.128046909859432, 3.4988169057554295, 2.1765190327676898, 1.0952210644431561, 2.7091581146178974, 3.33123905026343, 3.8825667347773947, 4.315986961287071, 5.164157265227309, 4.314746408538977, 3.764024902946313, 2.5236141404739354, 0.0, 1.7620353401677278, 1.7737440486158085, 3.708710397159638, 2.482990747062904, 2.916881817969319, 4.028776317940721, 4.118711285098774], [2.851001376709594, 2.860607459963705, 2.1783665302239656, 1.0945293874538042, 3.4873156940546695, 4.168317707421065, 2.3244993202838327, 3.0698413558358357, 3.8775960129956806, 3.8641769848183714, 3.2055864939196383, 2.4232714602371725, 1.7620353401677278, 0.0, 1.7682718484441242, 4.305248131060509, 3.7041087173569838, 3.8814489845932534, 4.47413234493572, 5.167074217581939], [3.431146295336298, 2.770660479019398, 2.1867327523042226, 1.0946281971518914, 2.9064751125719277, 2.9243982047593997, 3.0462772592132845, 4.051360796078276, 4.272519459288629, 3.7558254086152623, 2.5525772622978526, 3.059686666964446, 1.7737440486158085, 1.7682718484441242, 0.0, 3.897827181905324, 3.277824501098251, 2.3723792466635687, 3.1925975960023525, 3.93721541955733], [4.12655756533215, 2.7730712414216843, 2.1644924324192036, 3.4785469107085505, 1.0972057783296625, 2.1413604927708927, 4.781852810365455, 4.252969677766349, 4.766475514465589, 2.4645421603210607, 3.2376709869904943, 2.4318949031567954, 3.708710397159638, 4.305248131060509, 3.897827181905324, 0.0, 1.7544680789344673, 3.0663058506939582, 2.50448095021703, 2.4559273645610937], [4.701061205727915, 3.4884416735843526, 2.163784030350534, 2.7642721664119834, 1.0972216002248587, 2.1405903017625767, 5.019811962613739, 4.802019329407161, 5.583596843433451, 3.691159045611554, 3.8715078896987927, 2.424555138576972, 2.482990747062904, 3.7041087173569838, 3.277824501098251, 1.7544680789344673, 0.0, 2.508677366661564, 3.06533842014222, 2.4502857506829687], [4.857874682409994, 3.5427416925313655, 2.8757662596254234, 2.8239609274917385, 2.1775796127811264, 1.0937358959090628, 4.912048494263875, 5.468788649234856, 5.540616097511179, 4.018005536332671, 3.155998315905761, 3.8425277760869863, 2.916881817969319, 3.8814489845932534, 2.3723792466635687, 3.0663058506939582, 2.508677366661564, 0.0, 1.7762642202104957, 1.7656583446408878], [4.307247976376564, 2.840911614253425, 2.8825090424836484, 3.5416823205928565, 2.1774874029486373, 1.0935476349935562, 4.67680042871192, 4.995887351612324, 4.715427433435912, 2.922184109531773, 2.3361379004673504, 3.8516180249344565, 4.028776317940721, 4.47413234493572, 3.1925975960023525, 2.50448095021703, 3.06533842014222, 1.7762642202104957, 0.0, 1.7650523646623066], [5.608348758770268, 4.109253797224017, 3.522113281823854, 4.093727732763869, 2.155733290553356, 1.095043295947699, 5.967896166992184, 6.086463533120034, 6.1891880412538764, 4.119853257095452, 3.8987008938876038, 4.280241455805969, 4.118711285098774, 5.167074217581939, 3.93721541955733, 2.4559273645610937, 2.4502857506829687, 1.7656583446408878, 1.7650523646623066, 0.0]]}