{"total energy": -56.67177953, "HOMO-LUMO gap/eV": 2.24158175, "electronic energy": -57.25406457, "dipole": [0.72240806, 0.91634098, -1.30592803], "partial charges": [-0.11358675, 0.02142784, -0.23426946, 0.40655337, -0.41841331, -0.26528795, 0.04735927, -0.25392077, 0.17120065, -0.10356298, 0.35530965, -0.42093429, -0.27042866, 0.1219574, -0.11266086, -0.11520024, -0.13112161, 0.04539469, 0.0520295, 0.05327793, 0.05702341, 0.03961747, 0.19761019, 0.06811675, 0.05530721, 0.06572582, 0.08111186, 0.04796151, 0.05262994, 0.04983483, 0.04718897, 0.04917626, 0.0493832, 0.05560147, 0.08395826, 0.07790456, 0.08672485], "atomic dipole moments": [[0.01192103, -0.13215414, 0.0009133], [0.17568559, 0.01594457, 0.08360906], [-0.14579527, -0.10388093, 0.05768509], [0.1314172, 0.0916016, -0.2108214], [0.25240172, 0.22383891, -0.30473225], [0.08410497, -0.15224941, 0.10810227], [-0.06271928, 0.27148004, 0.0875312], [-0.03507104, 0.08770191, -0.11249634], [-0.28924821, -0.08825384, 0.07793802], [0.0683868, 0.04385432, -0.04569511], [0.15678589, -0.04437077, 0.02375153], [-0.01166667, -0.15346821, 0.11081488], [0.03648087, 0.17897955, -0.12817911], [-0.18039172, -0.07822688, 0.12562963], [-0.03150198, -0.0921206, -0.08354452], [-0.07267836, 0.11186917, -0.01005761], [0.02350832, -0.06779118, 0.09937004], [0.00467125, 0.04807041, 0.11801884], [0.08931642, 0.05966203, -0.07011139], [-0.11340152, 0.03497544, -0.04808301], [-0.013584, -0.03811539, -0.12005798], [-0.08359443, -0.05399295, 0.0679737], [0.0029899, 0.03597725, 0.10254111], [-0.09427563, -0.07360485, 0.0384798], [0.10980918, -0.02131972, 0.05626208], [0.01277285, -0.00975116, -0.12381089], [0.0243361, -0.09977204, 0.11346311], [0.00047614, 0.0408841, -0.12353107], [-0.07874523, 0.10299927, 0.00030641], [-0.00240633, -0.03558661, 0.12379916], [0.11910196, 0.04154947, -0.02806317], [-0.04286435, -0.09402483, -0.07482356], [0.12129755, 0.02903408, -0.03517388], [0.00343411, -0.05651159, 0.11598824], [-0.0389543, 0.12222108, 0.04621817], [-0.09156058, -0.0461234, -0.08308266], [0.08948771, 0.02181252, -0.09590437]], "atomic quadrupole moments": [[-0.1211686, -0.04585625, 0.26080105, 0.01202359, 0.0081894, -0.13963245], [0.14405898, -0.17366164, 0.07925422, 0.20296553, -0.04441233, -0.22331321], [0.05326062, -0.08242759, 0.06109238, 0.07494478, -0.03154126, -0.114353], [0.41709562, -0.41018225, -0.1265377, 0.44122322, 0.72415642, -0.29055792], [-0.07690915, 0.27324049, -0.06707739, -0.33493595, -0.39801432, 0.14398654], [-0.09497782, -0.04233848, 0.07317125, 0.01615314, 0.04394334, 0.02180657], [-0.24912025, -0.20104009, 0.4442662, -0.05372882, 0.22537467, -0.19514595], [0.08150838, 0.02532683, -0.04616284, 0.00087937, -0.02515456, -0.03534554], [-0.27523395, 0.1912068, 0.2003277, -0.272526, 0.23771252, 0.07490625], [-0.16297436, 0.04818915, 0.13238223, -0.12474019, 0.31399948, 0.03059213], [-0.16877715, -0.1137507, -0.05383192, 0.11370753, 0.35326099, 0.22260907], [-0.107133, 0.00788966, 0.00636853, 0.01349634, 0.1278988, 0.10076446], [0.08531057, 0.02263968, -0.03043303, -0.02569235, -0.0249225, -0.05487755], [0.32728594, 0.10227108, -0.03596454, -0.11636305, 0.0475816, -0.2913214], [-0.07676001, 0.08462319, 0.06823926, 0.07644771, 0.1713459, 0.00852075], [0.01982394, -0.18835032, 0.11879669, 0.01358418, 7.78e-05, -0.13862063], [-0.01594187, -0.03778859, 0.00571787, 0.06129472, -0.14865531, 0.010224], [-0.05216404, 0.00668124, -0.02211781, 0.00864008, 0.02517445, 0.07428185], [0.02349553, 0.03137398, -0.0165024, -0.05723039, -0.0163073, -0.00699313], [0.05826947, -0.02196013, -0.02641488, 0.0477477, -0.00783023, -0.03185459], [-0.02395936, -0.01993756, -0.01413186, 0.0026237, 0.01894715, 0.03809122], [0.02152439, -0.0041466, -0.01301601, -0.0214766, -0.02677743, -0.00850837], [-0.03753807, -0.00758883, 0.00308174, 0.02691168, 0.07814111, 0.03445633], [0.01205084, 0.03289171, 0.02576816, -0.03753193, -0.00315395, -0.037819], [0.02667053, -0.02741051, -0.00239873, 0.04252026, 0.01603786, -0.0242718], [-0.05626957, -0.00602229, -0.01985926, -0.00953866, -0.00477436, 0.07612883], [0.0254145, 0.00206032, -0.01634357, 0.0013256, -0.0483524, -0.00907093], [1.782e-05, -0.00230754, -0.00431064, 0.00537921, -0.00881592, 0.00429281], [0.00778865, -0.05999634, 0.02605243, 0.01892308, -0.00645811, -0.03384108], [-0.05102258, 0.00211763, -0.00801182, 0.00166176, -0.04752737, 0.0590344], [0.06618592, 0.03125381, -0.03401022, -0.03724905, -0.00012874, -0.0321757], [-0.0260548, 0.02291606, 0.0154798, 0.03888224, 0.05197304, 0.010575], [0.0619948, 0.03477811, -0.02068684, -0.03368809, -0.01412429, -0.04130796], [-0.04650036, -0.00736655, -0.02754289, -0.00336783, -0.03017859, 0.07404324], [-0.03124557, -0.03051395, 0.04271347, -0.01597154, 0.04405449, -0.0114679], [0.03902609, 0.05952325, -0.01688678, 0.03179062, 0.01270938, -0.02213931], [0.05705855, 0.00808452, -0.04394595, -0.04725454, -0.01794191, -0.0131126]], "number of molecular orbitals": 98, "number of electrons": 100, "number of unpaired electrons": 0, "orbital energies/eV": [-20.50422088, -20.10763196, -20.02982613, -19.3778115, -19.18163291, -18.42126263, -18.37467873, -18.27473646, -18.02165433, -17.51051774, -17.23435412, -17.12770103, -16.82460872, -16.59477328, -16.47905185, -16.34396751, -16.14958367, -15.97363341, -15.75573309, -15.57795872, -15.4630771, -15.37770748, -15.09525113, -15.02230339, -14.95276233, -14.91088797, -14.46132943, -14.28600596, -14.09164001, -13.81481628, -13.6420756, -13.54821408, -13.48173015, -13.30562122, -13.14678397, -13.10934026, -12.97561391, -12.96280987, -12.91200817, -12.81461587, -12.67871015, -12.54627931, -12.34995834, -12.17089039, -11.94734199, -11.46953939, -11.38252701, -11.26875156, -9.87420355, -9.74796602, -7.50638427, -4.81762931, -4.72526638, -4.03546896, -3.00169576, -1.8242952, -0.16813373, 0.36956111, 0.88656149, 0.93331272, 1.24106183, 1.79650633, 2.02750251, 2.25140258, 2.42855076, 2.86877455, 2.97683148, 3.0529471, 3.38697486, 3.39366155, 3.60963774, 3.72292218, 3.90387578, 4.03153628, 4.17432344, 4.59163444, 4.68931615, 4.8997188, 4.91056862, 4.97322591, 5.1613882, 5.56329472, 5.6860383, 5.72706726, 6.1241939, 6.18390011, 6.37944823, 6.56019601, 7.08183272, 7.56467121, 9.60404047, 10.79534736, 12.04320539, 13.44408108, 18.36757588, 26.18025787, 29.60250445, 36.86550222], "fractional occupation": [2.0, 2.0, 2.0, 2.0, 2.0, 2.0, 2.0, 2.0, 2.0, 2.0, 2.0, 2.0, 2.0, 2.0, 2.0, 2.0, 2.0, 2.0, 2.0, 2.0, 2.0, 2.0, 2.0, 2.0, 2.0, 2.0, 2.0, 2.0, 2.0, 2.0, 2.0, 2.0, 2.0, 2.0, 2.0, 2.0, 2.0, 2.0, 2.0, 2.0, 2.0, 2.0, 2.0, 2.0, 2.0, 2.0, 2.0, 2.0, 2.0, 2.0, 0.0, 0.0, 0.0, 0.0, 0.0, 0.0, 0.0, 0.0, 0.0, 0.0, 0.0, 0.0, 0.0, 0.0, 0.0, 0.0, 0.0, 0.0, 0.0, 0.0, 0.0, 0.0, 0.0, 0.0, 0.0, 0.0, 0.0, 0.0, 0.0, 0.0, 0.0, 0.0, 0.0, 0.0, 0.0, 0.0, 0.0, 0.0, 0.0, 0.0, 0.0, 0.0, 0.0, 0.0, 0.0, 0.0, 0.0, 0.0], "program call": "xtb /home/svss/Project-DBcg-Debug/aqme2_20220329/End-to-End-workflows-final/example-3/QDESCP/mol_205_rdkit_conf_15/mol_205_rdkit_conf_15.xyz --pop --wbo --acc 0.2 --gfn 2 --chrg 0 --uhf 0 --etemp 300 --input /home/svss/Project-DBcg-Debug/aqme2_20220329/End-to-End-workflows-final/example-3/QDESCP/mol_205_rdkit_conf_15/mol_205_rdkit_conf_15_xtb.inp", "method": "GFN2-xTB", "xtb version": "6.3.3 (7355c4f)", "Dipole module/D": 4.451, "Total charge": 0, "Transition dipole module/D": NaN, "HOMO": -9.748, "LUMO": -7.5064, "HOMO occupancy": 2.0, "LUMO occupancy": 0, "mulliken charges": [-0.09689, 0.10153, -0.34474, 0.40965, -0.21663, -0.37399, 0.18058, -0.35034, 0.29362, -0.14194, 0.57509, -0.5459, -0.42576, 0.23238, -0.10272, -0.09938, -0.10734, 0.03011, 0.03561, 0.03448, 0.03789, 0.02328, 0.21781, 0.03386, 0.03758, 0.03293, 0.07009, 0.03904, 0.05124, 0.03811, 0.03187, 0.04111, 0.03178, 0.04128, 0.05976, 0.06235, 0.06261], "cm5 charges": [-0.24155, 0.05302, -0.67509, 0.4015, -0.18469, -0.44297, 0.06529, -0.39545, 0.30693, -0.18467, 0.63001, -0.59831, -0.50438, 0.18715, -0.24722, -0.24407, -0.24573, 0.08329, 0.08893, 0.08564, 0.10562, 0.08897, 0.41871, 0.09458, 0.10172, 0.09247, 0.13513, 0.10853, 0.10654, 0.09195, 0.08369, 0.09452, 0.08354, 0.09509, 0.11596, 0.12434, 0.12102], "FUKUI+": [0.007, 0.008, 0.014, -0.08, -0.081, 0.003, 0.014, -0.019, -0.111, -0.044, -0.07, -0.151, -0.073, 0.009, 0.013, 0.012, 0.033, -0.01, -0.002, -0.019, -0.009, -0.015, -0.01, -0.022, 0.004, -0.019, -0.083, -0.018, -0.001, -0.019, -0.034, -0.013, -0.03, -0.018, -0.068, -0.063, -0.037], "FUKUI-": [0.011, 0.016, -0.015, -0.133, -0.355, -0.0, 0.022, 0.009, -0.006, -0.018, -0.006, -0.067, -0.036, -0.001, 0.005, 0.007, 0.015, -0.016, -0.018, -0.027, -0.025, -0.025, -0.025, -0.013, -0.011, -0.034, -0.026, -0.026, -0.016, -0.019, -0.026, -0.025, -0.028, -0.028, -0.021, -0.013, -0.026], "FUKUIrad": [0.009, 0.012, -0.0, -0.107, -0.218, 0.002, 0.018, -0.005, -0.058, -0.031, -0.038, -0.109, -0.054, 0.004, 0.009, 0.01, 0.024, -0.013, -0.01, -0.023, -0.017, -0.02, -0.018, -0.017, -0.003, -0.027, -0.054, -0.022, -0.008, -0.019, -0.03, -0.019, -0.029, -0.023, -0.044, -0.038, -0.031], "s proportion": [1.013, 1.004, 1.437, 1.46, 1.887, 1.644, 0.973, 1.643, 1.053, 1.063, 0.971, 1.729, 1.699, 1.017, 1.016, 1.015, 1.014, 0.97, 0.964, 0.966, 0.962, 0.977, 0.782, 0.966, 0.962, 0.967, 0.93, 0.961, 0.949, 0.962, 0.968, 0.959, 0.968, 0.959, 0.94, 0.938, 0.937], "p proportion": [3.084, 2.895, 3.908, 2.01, 4.345, 4.73, 2.847, 4.708, 2.654, 3.079, 2.454, 4.817, 4.726, 2.75, 3.086, 3.084, 3.093, 0.0, 0.0, 0.0, 0.0, 0.0, 0.0, 0.0, 0.0, 0.0, 0.0, 0.0, 0.0, 0.0, 0.0, 0.0, 0.0, 0.0, 0.0, 0.0, 0.0], "d proportion": [0.0, 0.0, 0.0, 1.12, -0.015, 0.0, 0.0, 0.0, 0.0, 0.0, 0.0, 0.0, 0.0, 0.0, 0.0, 0.0, 0.0, 0.0, 0.0, 0.0, 0.0, 0.0, 0.0, 0.0, 0.0, 0.0, 0.0, 0.0, 0.0, 0.0, 0.0, 0.0, 0.0, 0.0, 0.0, 0.0, 0.0], "Fermi-level/eV": -8.6272, "Coordination numbers": [3.75, 3.904, 2.631, 3.951, 0.925, 1.657, 3.864, 1.661, 2.912, 2.893, 2.713, 0.856, 1.705, 3.744, 3.751, 3.751, 3.753, 0.924, 0.924, 0.924, 0.924, 0.924, 0.894, 0.924, 0.924, 0.924, 0.925, 0.924, 0.924, 0.924, 0.924, 0.924, 0.924, 0.924, 0.924, 0.924, 0.924], "Dispersion coefficient C6": [22.737, 20.158, 26.14, 143.424, 157.492, 18.413, 19.741, 18.221, 24.321, 30.611, 20.968, 22.104, 18.484, 18.659, 22.718, 22.767, 23.079, 2.378, 2.295, 2.28, 2.234, 2.454, 1.114, 2.106, 2.255, 2.133, 1.968, 2.346, 2.287, 2.322, 2.355, 2.33, 2.328, 2.251, 1.939, 2.001, 1.911], "Total dispersion C6": 15233.302988, "Total dispersion C8": 401794.118218, "Polarizability alpha": [6.8, 6.382, 7.593, 21.513, 21.226, 5.793, 6.318, 5.763, 8.087, 9.071, 7.496, 6.303, 5.805, 6.162, 6.797, 6.805, 6.851, 2.412, 2.369, 2.361, 2.338, 2.45, 1.651, 2.27, 2.348, 2.284, 2.194, 2.395, 2.365, 2.383, 2.4, 2.387, 2.386, 2.346, 2.177, 2.212, 2.162], "Total polarizability alpha": 190.655439, "Wiberg matrix": [[0.0, 1.0179605342129916, 0.0, 0.0, 0.0, 0.0, 0.0, 0.0, 0.0, 0.0, 0.0, 0.0, 0.0, 0.0, 0.0, 0.0, 0.0, 0.9851089616721154, 0.9858006710575895, 0.9829263136922038, 0.0, 0.0, 0.0, 0.0, 0.0, 0.0, 0.0, 0.0, 0.0, 0.0, 0.0, 0.0, 0.0, 0.0, 0.0, 0.0, 0.0], [1.0179605342129916, 0.0, 0.9717744888405181, 0.0, 0.0, 0.0, 0.0, 0.0, 0.0, 0.0, 0.0, 0.0, 0.0, 0.0, 0.0, 0.0, 0.0, 0.0, 0.0, 0.0, 0.9710283287328778, 0.9706700809435167, 0.0, 0.0, 0.0, 0.0, 0.0, 0.0, 0.0, 0.0, 0.0, 0.0, 0.0, 0.0, 0.0, 0.0, 0.0], [0.0, 0.9717744888405181, 0.0, 1.1841135592820697, 0.0, 0.0, 0.0, 0.0, 0.0, 0.0, 0.0, 0.0, 0.0, 0.0, 0.0, 0.0, 0.0, 0.0, 0.0, 0.0, 0.0, 0.0, 0.907921288124342, 0.0, 0.0, 0.0, 0.0, 0.0, 0.0, 0.0, 0.0, 0.0, 0.0, 0.0, 0.0, 0.0, 0.0], [0.0, 0.0, 1.1841135592820697, 0.0, 1.6029511755504176, 1.209115635239782, 0.0, 1.194425481786909, 0.0, 0.0, 0.0, 0.0, 0.0, 0.0, 0.0, 0.0, 0.0, 0.0, 0.0, 0.0, 0.0, 0.0, 0.0, 0.0, 0.0, 0.0, 0.0, 0.0, 0.0, 0.0, 0.0, 0.0, 0.0, 0.0, 0.0, 0.0, 0.0], [0.0, 0.0, 0.0, 1.6029511755504176, 0.0, 0.0, 0.0, 0.0, 0.0, 0.0, 0.0, 0.0, 0.0, 0.0, 0.0, 0.0, 0.0, 0.0, 0.0, 0.0, 0.0, 0.0, 0.0, 0.0, 0.0, 0.0, 0.0, 0.0, 0.0, 0.0, 0.0, 0.0, 0.0, 0.0, 0.0, 0.0, 0.0], [0.0, 0.0, 0.0, 1.209115635239782, 0.0, 0.0, 0.940481807055034, 0.0, 0.0, 0.0, 0.0, 0.0, 0.0, 0.0, 0.0, 0.0, 0.0, 0.0, 0.0, 0.0, 0.0, 0.0, 0.0, 0.0, 0.0, 0.0, 0.0, 0.0, 0.0, 0.0, 0.0, 0.0, 0.0, 0.0, 0.0, 0.0, 0.0], [0.0, 0.0, 0.0, 0.0, 0.0, 0.940481807055034, 0.0, 0.0, 0.0, 0.0, 0.0, 0.0, 0.0, 0.0, 0.0, 0.0, 0.0, 0.0, 0.0, 0.0, 0.0, 0.0, 0.0, 0.9783916950724705, 0.9762621527545094, 0.9773457937630213, 0.0, 0.0, 0.0, 0.0, 0.0, 0.0, 0.0, 0.0, 0.0, 0.0, 0.0], [0.0, 0.0, 0.0, 1.194425481786909, 0.0, 0.0, 0.0, 0.0, 0.9753767525877041, 0.0, 0.0, 0.0, 0.0, 0.0, 0.0, 0.0, 0.0, 0.0, 0.0, 0.0, 0.0, 0.0, 0.0, 0.0, 0.0, 0.0, 0.0, 0.0, 0.0, 0.0, 0.0, 0.0, 0.0, 0.0, 0.0, 0.0, 0.0], [0.0, 0.0, 0.0, 0.0, 0.0, 0.0, 0.0, 0.9753767525877041, 0.0, 1.7459061393256627, 0.0, 0.0, 0.0, 0.0, 0.0, 0.0, 1.0346931374584194, 0.0, 0.0, 0.0, 0.0, 0.0, 0.0, 0.0, 0.0, 0.0, 0.0, 0.0, 0.0, 0.0, 0.0, 0.0, 0.0, 0.0, 0.0, 0.0, 0.0], [0.0, 0.0, 0.0, 0.0, 0.0, 0.0, 0.0, 0.0, 1.7459061393256627, 0.0, 1.0366701930866185, 0.0, 0.0, 0.0, 0.0, 0.0, 0.0, 0.0, 0.0, 0.0, 0.0, 0.0, 0.0, 0.0, 0.0, 0.0, 0.9575642596492162, 0.0, 0.0, 0.0, 0.0, 0.0, 0.0, 0.0, 0.0, 0.0, 0.0], [0.0, 0.0, 0.0, 0.0, 0.0, 0.0, 0.0, 0.0, 0.0, 1.0366701930866185, 0.0, 1.7060185674482544, 1.1164162342531538, 0.0, 0.0, 0.0, 0.0, 0.0, 0.0, 0.0, 0.0, 0.0, 0.0, 0.0, 0.0, 0.0, 0.0, 0.0, 0.0, 0.0, 0.0, 0.0, 0.0, 0.0, 0.0, 0.0, 0.0], [0.0, 0.0, 0.0, 0.0, 0.0, 0.0, 0.0, 0.0, 0.0, 0.0, 1.7060185674482544, 0.0, 0.16906358646792777, 0.0, 0.0, 0.0, 0.0, 0.0, 0.0, 0.0, 0.0, 0.0, 0.0, 0.0, 0.0, 0.0, 0.0, 0.0, 0.0, 0.0, 0.0, 0.0, 0.0, 0.0, 0.0, 0.0, 0.0], [0.0, 0.0, 0.0, 0.0, 0.0, 0.0, 0.0, 0.0, 0.0, 0.0, 1.1164162342531538, 0.16906358646792777, 0.0, 0.9251700603125532, 0.0, 0.0, 0.0, 0.0, 0.0, 0.0, 0.0, 0.0, 0.0, 0.0, 0.0, 0.0, 0.0, 0.0, 0.0, 0.0, 0.0, 0.0, 0.0, 0.0, 0.0, 0.0, 0.0], [0.0, 0.0, 0.0, 0.0, 0.0, 0.0, 0.0, 0.0, 0.0, 0.0, 0.0, 0.0, 0.9251700603125532, 0.0, 1.002243110646911, 1.0061420332606847, 0.0, 0.0, 0.0, 0.0, 0.0, 0.0, 0.0, 0.0, 0.0, 0.0, 0.0, 0.9612813475810723, 0.0, 0.0, 0.0, 0.0, 0.0, 0.0, 0.0, 0.0, 0.0], [0.0, 0.0, 0.0, 0.0, 0.0, 0.0, 0.0, 0.0, 0.0, 0.0, 0.0, 0.0, 0.0, 1.002243110646911, 0.0, 0.0, 0.0, 0.0, 0.0, 0.0, 0.0, 0.0, 0.0, 0.0, 0.0, 0.0, 0.0, 0.0, 0.9840577585477871, 0.9850540396261948, 0.9838769088034911, 0.0, 0.0, 0.0, 0.0, 0.0, 0.0], [0.0, 0.0, 0.0, 0.0, 0.0, 0.0, 0.0, 0.0, 0.0, 0.0, 0.0, 0.0, 0.0, 1.0061420332606847, 0.0, 0.0, 0.0, 0.0, 0.0, 0.0, 0.0, 0.0, 0.0, 0.0, 0.0, 0.0, 0.0, 0.0, 0.0, 0.0, 0.0, 0.9852736654723739, 0.9840946972274919, 0.9846826889965954, 0.0, 0.0, 0.0], [0.0, 0.0, 0.0, 0.0, 0.0, 0.0, 0.0, 0.0, 1.0346931374584194, 0.0, 0.0, 0.0, 0.0, 0.0, 0.0, 0.0, 0.0, 0.0, 0.0, 0.0, 0.0, 0.0, 0.0, 0.0, 0.0, 0.0, 0.0, 0.0, 0.0, 0.0, 0.0, 0.0, 0.0, 0.0, 0.9503215265200883, 0.960957563793848, 0.9698127396295773], [0.9851089616721154, 0.0, 0.0, 0.0, 0.0, 0.0, 0.0, 0.0, 0.0, 0.0, 0.0, 0.0, 0.0, 0.0, 0.0, 0.0, 0.0, 0.0, 0.0, 0.0, 0.0, 0.0, 0.0, 0.0, 0.0, 0.0, 0.0, 0.0, 0.0, 0.0, 0.0, 0.0, 0.0, 0.0, 0.0, 0.0, 0.0], [0.9858006710575895, 0.0, 0.0, 0.0, 0.0, 0.0, 0.0, 0.0, 0.0, 0.0, 0.0, 0.0, 0.0, 0.0, 0.0, 0.0, 0.0, 0.0, 0.0, 0.0, 0.0, 0.0, 0.0, 0.0, 0.0, 0.0, 0.0, 0.0, 0.0, 0.0, 0.0, 0.0, 0.0, 0.0, 0.0, 0.0, 0.0], [0.9829263136922038, 0.0, 0.0, 0.0, 0.0, 0.0, 0.0, 0.0, 0.0, 0.0, 0.0, 0.0, 0.0, 0.0, 0.0, 0.0, 0.0, 0.0, 0.0, 0.0, 0.0, 0.0, 0.0, 0.0, 0.0, 0.0, 0.0, 0.0, 0.0, 0.0, 0.0, 0.0, 0.0, 0.0, 0.0, 0.0, 0.0], [0.0, 0.9710283287328778, 0.0, 0.0, 0.0, 0.0, 0.0, 0.0, 0.0, 0.0, 0.0, 0.0, 0.0, 0.0, 0.0, 0.0, 0.0, 0.0, 0.0, 0.0, 0.0, 0.0, 0.0, 0.0, 0.0, 0.0, 0.0, 0.0, 0.0, 0.0, 0.0, 0.0, 0.0, 0.0, 0.0, 0.0, 0.0], [0.0, 0.9706700809435167, 0.0, 0.0, 0.0, 0.0, 0.0, 0.0, 0.0, 0.0, 0.0, 0.0, 0.0, 0.0, 0.0, 0.0, 0.0, 0.0, 0.0, 0.0, 0.0, 0.0, 0.0, 0.0, 0.0, 0.0, 0.0, 0.0, 0.0, 0.0, 0.0, 0.0, 0.0, 0.0, 0.0, 0.0, 0.0], [0.0, 0.0, 0.907921288124342, 0.0, 0.0, 0.0, 0.0, 0.0, 0.0, 0.0, 0.0, 0.0, 0.0, 0.0, 0.0, 0.0, 0.0, 0.0, 0.0, 0.0, 0.0, 0.0, 0.0, 0.0, 0.0, 0.0, 0.0, 0.0, 0.0, 0.0, 0.0, 0.0, 0.0, 0.0, 0.0, 0.0, 0.0], [0.0, 0.0, 0.0, 0.0, 0.0, 0.0, 0.9783916950724705, 0.0, 0.0, 0.0, 0.0, 0.0, 0.0, 0.0, 0.0, 0.0, 0.0, 0.0, 0.0, 0.0, 0.0, 0.0, 0.0, 0.0, 0.0, 0.0, 0.0, 0.0, 0.0, 0.0, 0.0, 0.0, 0.0, 0.0, 0.0, 0.0, 0.0], [0.0, 0.0, 0.0, 0.0, 0.0, 0.0, 0.9762621527545094, 0.0, 0.0, 0.0, 0.0, 0.0, 0.0, 0.0, 0.0, 0.0, 0.0, 0.0, 0.0, 0.0, 0.0, 0.0, 0.0, 0.0, 0.0, 0.0, 0.0, 0.0, 0.0, 0.0, 0.0, 0.0, 0.0, 0.0, 0.0, 0.0, 0.0], [0.0, 0.0, 0.0, 0.0, 0.0, 0.0, 0.9773457937630213, 0.0, 0.0, 0.0, 0.0, 0.0, 0.0, 0.0, 0.0, 0.0, 0.0, 0.0, 0.0, 0.0, 0.0, 0.0, 0.0, 0.0, 0.0, 0.0, 0.0, 0.0, 0.0, 0.0, 0.0, 0.0, 0.0, 0.0, 0.0, 0.0, 0.0], [0.0, 0.0, 0.0, 0.0, 0.0, 0.0, 0.0, 0.0, 0.0, 0.9575642596492162, 0.0, 0.0, 0.0, 0.0, 0.0, 0.0, 0.0, 0.0, 0.0, 0.0, 0.0, 0.0, 0.0, 0.0, 0.0, 0.0, 0.0, 0.0, 0.0, 0.0, 0.0, 0.0, 0.0, 0.0, 0.0, 0.0, 0.0], [0.0, 0.0, 0.0, 0.0, 0.0, 0.0, 0.0, 0.0, 0.0, 0.0, 0.0, 0.0, 0.0, 0.9612813475810723, 0.0, 0.0, 0.0, 0.0, 0.0, 0.0, 0.0, 0.0, 0.0, 0.0, 0.0, 0.0, 0.0, 0.0, 0.0, 0.0, 0.0, 0.0, 0.0, 0.0, 0.0, 0.0, 0.0], [0.0, 0.0, 0.0, 0.0, 0.0, 0.0, 0.0, 0.0, 0.0, 0.0, 0.0, 0.0, 0.0, 0.0, 0.9840577585477871, 0.0, 0.0, 0.0, 0.0, 0.0, 0.0, 0.0, 0.0, 0.0, 0.0, 0.0, 0.0, 0.0, 0.0, 0.0, 0.0, 0.0, 0.0, 0.0, 0.0, 0.0, 0.0], [0.0, 0.0, 0.0, 0.0, 0.0, 0.0, 0.0, 0.0, 0.0, 0.0, 0.0, 0.0, 0.0, 0.0, 0.9850540396261948, 0.0, 0.0, 0.0, 0.0, 0.0, 0.0, 0.0, 0.0, 0.0, 0.0, 0.0, 0.0, 0.0, 0.0, 0.0, 0.0, 0.0, 0.0, 0.0, 0.0, 0.0, 0.0], [0.0, 0.0, 0.0, 0.0, 0.0, 0.0, 0.0, 0.0, 0.0, 0.0, 0.0, 0.0, 0.0, 0.0, 0.9838769088034911, 0.0, 0.0, 0.0, 0.0, 0.0, 0.0, 0.0, 0.0, 0.0, 0.0, 0.0, 0.0, 0.0, 0.0, 0.0, 0.0, 0.0, 0.0, 0.0, 0.0, 0.0, 0.0], [0.0, 0.0, 0.0, 0.0, 0.0, 0.0, 0.0, 0.0, 0.0, 0.0, 0.0, 0.0, 0.0, 0.0, 0.0, 0.9852736654723739, 0.0, 0.0, 0.0, 0.0, 0.0, 0.0, 0.0, 0.0, 0.0, 0.0, 0.0, 0.0, 0.0, 0.0, 0.0, 0.0, 0.0, 0.0, 0.0, 0.0, 0.0], [0.0, 0.0, 0.0, 0.0, 0.0, 0.0, 0.0, 0.0, 0.0, 0.0, 0.0, 0.0, 0.0, 0.0, 0.0, 0.9840946972274919, 0.0, 0.0, 0.0, 0.0, 0.0, 0.0, 0.0, 0.0, 0.0, 0.0, 0.0, 0.0, 0.0, 0.0, 0.0, 0.0, 0.0, 0.0, 0.0, 0.0, 0.0], [0.0, 0.0, 0.0, 0.0, 0.0, 0.0, 0.0, 0.0, 0.0, 0.0, 0.0, 0.0, 0.0, 0.0, 0.0, 0.9846826889965954, 0.0, 0.0, 0.0, 0.0, 0.0, 0.0, 0.0, 0.0, 0.0, 0.0, 0.0, 0.0, 0.0, 0.0, 0.0, 0.0, 0.0, 0.0, 0.0, 0.0, 0.0], [0.0, 0.0, 0.0, 0.0, 0.0, 0.0, 0.0, 0.0, 0.0, 0.0, 0.0, 0.0, 0.0, 0.0, 0.0, 0.0, 0.9503215265200883, 0.0, 0.0, 0.0, 0.0, 0.0, 0.0, 0.0, 0.0, 0.0, 0.0, 0.0, 0.0, 0.0, 0.0, 0.0, 0.0, 0.0, 0.0, 0.0, 0.0], [0.0, 0.0, 0.0, 0.0, 0.0, 0.0, 0.0, 0.0, 0.0, 0.0, 0.0, 0.0, 0.0, 0.0, 0.0, 0.0, 0.960957563793848, 0.0, 0.0, 0.0, 0.0, 0.0, 0.0, 0.0, 0.0, 0.0, 0.0, 0.0, 0.0, 0.0, 0.0, 0.0, 0.0, 0.0, 0.0, 0.0, 0.0], [0.0, 0.0, 0.0, 0.0, 0.0, 0.0, 0.0, 0.0, 0.0, 0.0, 0.0, 0.0, 0.0, 0.0, 0.0, 0.0, 0.9698127396295773, 0.0, 0.0, 0.0, 0.0, 0.0, 0.0, 0.0, 0.0, 0.0, 0.0, 0.0, 0.0, 0.0, 0.0, 0.0, 0.0, 0.0, 0.0, 0.0, 0.0]], "Born radii": [], "Atomic SASAs": [], "Solvent H bonds": [], "Total SASA": NaN, "Total FOD": 0.0, "FOD": [0.0, 0.0, 0.0, 0.0, 0.0, 0.0, 0.0, 0.0, 0.0, 0.0, 0.0, 0.0, 0.0, 0.0, 0.0, 0.0, 0.0, 0.0, 0.0, 0.0, 0.0, 0.0, 0.0, 0.0, 0.0, 0.0, 0.0, 0.0, 0.0, 0.0, 0.0, 0.0, 0.0, 0.0, 0.0, 0.0, 0.0], "FOD s proportion": [0.0, 0.0, 0.0, 0.0, 0.0, 0.0, 0.0, 0.0, 0.0, 0.0, 0.0, 0.0, 0.0, 0.0, 0.0, 0.0, 0.0, 0.0, 0.0, 0.0, 0.0, 0.0, 0.0, 0.0, 0.0, 0.0, 0.0, 0.0, 0.0, 0.0, 0.0, 0.0, 0.0, 0.0, 0.0, 0.0, 0.0], "FOD p proportion": [0.0, 0.0, 0.0, 0.0, 0.0, 0.0, 0.0, 0.0, 0.0, 0.0, 0.0, 0.0, 0.0, 0.0, 0.0, 0.0, 0.0, 0.0, 0.0, 0.0, 0.0, 0.0, 0.0, 0.0, 0.0, 0.0, 0.0, 0.0, 0.0, 0.0, 0.0, 0.0, 0.0, 0.0, 0.0, 0.0, 0.0], "FOD d proportion": [0.0, 0.0, 0.0, 0.0, 0.0, 0.0, 0.0, 0.0, 0.0, 0.0, 0.0, 0.0, 0.0, 0.0, 0.0, 0.0, 0.0, 0.0, 0.0, 0.0, 0.0, 0.0, 0.0, 0.0, 0.0, 0.0, 0.0, 0.0, 0.0, 0.0, 0.0, 0.0, 0.0, 0.0, 0.0, 0.0, 0.0], "coordinates": [["-4.67760", "2.62890", "0.12070"], ["-4.52570", "1.11680", "0.08800"], ["-3.22650", "0.73360", "0.61980"], ["-2.81300", "-0.86150", "0.63480"], ["-3.70380", "-1.94290", "1.97870"], ["-3.02520", "-1.37170", "-0.88740"], ["-2.64700", "-2.69150", "-1.22680"], ["-1.19910", "-0.89520", "0.78740"], ["-0.18660", "-0.22760", "0.09910"], ["1.07170", "-0.48670", "0.48970"], ["2.30110", "0.13710", "-0.04560"], ["2.35700", "1.13070", "-0.74740"], ["3.35440", "-0.59320", "0.40240"], ["4.65740", "-0.13640", "-0.00600"], ["5.13590", "0.95640", "0.94320"], ["5.59100", "-1.33980", "0.04250"], ["-0.58350", "0.70300", "-1.01000"], ["-4.61820", "3.01250", "1.14490"], ["-3.89920", "3.11790", "-0.47490"], ["-5.64940", "2.91920", "-0.29140"], ["-4.62520", "0.77090", "-0.94600"], ["-5.32820", "0.65830", "0.67480"], ["-3.10880", "1.14100", "1.54170"], ["-3.42290", "-3.39330", "-0.91100"], ["-1.69190", "-2.96070", "-0.76840"], ["-2.54210", "-2.75350", "-2.31310"], ["1.23850", "-1.20080", "1.29090"], ["4.62730", "0.23820", "-1.03650"], ["4.46870", "1.82370", "0.90810"], ["5.13510", "0.60230", "1.98000"], ["6.14620", "1.28950", "0.68640"], ["5.22940", "-2.12870", "-0.62600"], ["6.60740", "-1.06760", "-0.25750"], ["5.62470", "-1.77190", "1.04890"], ["-0.90360", "1.66640", "-0.60250"], ["-1.39470", "0.28910", "-1.61210"], ["0.22640", "0.88760", "-1.71920"]], "bond_dist": [[0.0, 1.520062271750733, 2.4386377570274758, 3.990479185511434, 5.030090027027349, 4.444265038226231, 5.851986736997957, 4.996371878673564, 5.322512546720768, 6.549624023560436, 7.412083149830417, 7.244570243292559, 8.658770542057342, 9.736794235270663, 9.988921100399184, 11.009125346275242, 4.663606770515713, 1.0952912671979085, 1.0953387238658188, 1.0947583020922929, 2.1430722456324234, 2.147922608009888, 2.587319240062965, 6.237432951142641, 6.399103957586562, 6.281239722379651, 7.143963139602556, 9.676555293078215, 9.215375710734751, 10.190838304084703, 10.921018967568916, 11.01548762651931, 11.881008900341754, 11.241262436666087, 3.961376085402647, 4.388016897187156, 5.51965340397384], [1.520062271750733, 0.0, 1.4551886887960608, 2.673200781834391, 3.689448494016416, 3.0652141295511477, 4.4453753069904005, 3.9501356837455592, 4.542611955692451, 5.8363911709206056, 6.898033001515722, 6.933227650957381, 8.069629692247346, 9.268693103668932, 9.700701508653896, 10.41079116590089, 4.113122327380988, 2.1723886277551725, 2.1711194969416123, 2.15761252545493, 1.0948529855647287, 1.0947889020263222, 2.0301317543450224, 4.749228447863926, 5.038834155834066, 4.9678136297570585, 6.328051817897827, 9.263576372546403, 9.059332369440916, 9.857759932662185, 10.690058814618375, 10.305583062592818, 11.350633868643634, 10.597100389257431, 3.7280636823959967, 3.657675258958892, 5.089298467372492], [2.4386377570274758, 1.4551886887960608, 0.0, 1.6478929758937624, 3.0394204628514294, 2.5970101309005322, 3.9340897066538787, 2.6060372138555503, 3.230483855399993, 4.469964355562581, 5.599368818893786, 5.762152071925906, 6.716837485751758, 7.956406528703773, 8.371616400671977, 9.076374226529007, 3.1052589908089794, 2.721386431582255, 2.7084644856449565, 3.3878573184241394, 2.0998768106724737, 2.1037675679599204, 1.014754975351193, 4.406044167958374, 4.2343770368260785, 4.607621097703239, 4.9120773171846555, 8.041823505275405, 7.777373460237074, 8.472528447281839, 9.389407098427462, 9.013713093947466, 10.035913806923613, 9.208984661731172, 2.7856772138925217, 2.9213779454223308, 4.173386563691411], [3.990479185511434, 2.673200781834391, 1.6478929758937624, 0.0, 1.9413958406260172, 1.619390539678431, 2.61572371629727, 1.6214486300836053, 2.7544111276278276, 3.9054350769152473, 5.254918165870902, 5.710362307244611, 6.177606122924964, 7.532812941391814, 8.15995601581283, 8.438412539097625, 3.181775846913167, 4.304279852658282, 4.271637729255607, 4.816295660567362, 2.9064974178553817, 2.938983341225329, 2.218100876876433, 3.0284462831623746, 2.7626936294131497, 3.513284107498282, 4.1182816744365605, 7.704586158256652, 7.765832010802192, 8.192958384490916, 9.213942055385417, 8.238665561849201, 9.464809171874519, 8.496769283674825, 3.401028970767524, 2.8955163373740445, 4.2235789527366485], [5.030090027027349, 3.689448494016416, 3.0394204628514294, 1.9413958406260172, 0.0, 3.0002160938839055, 3.457232773476498, 2.9648597049438954, 4.341180264628504, 5.209898241808568, 6.66955879350351, 7.32201712713102, 7.356942233020455, 8.7813519335009, 9.360475245947718, 9.513459259911718, 5.066496480804068, 5.107576623018004, 5.627613238309825, 5.707778007245902, 4.094820935034889, 3.3324273450444495, 3.1710303073291493, 3.2454477441487173, 3.553901639044052, 4.519531667108883, 5.044810258077106, 9.124464667036635, 9.062186059113992, 9.198054030065274, 10.44705456336857, 9.307042815524165, 10.587142483692187, 9.37628291435364, 5.246976269243078, 4.817427887368943, 6.093657908022077], [4.444265038226231, 3.0652141295511477, 2.5970101309005322, 1.619390539678431, 3.0002160938839055, 0.0, 1.4142487899941794, 2.5232218491444622, 3.2155554761191727, 4.411827174765575, 5.599515726382059, 5.937144313556813, 6.555069980557034, 7.8310391909375605, 8.681860352482065, 8.666292982584883, 3.2064481502123185, 5.088133442629036, 4.592443838524321, 5.064924920470193, 2.6747277842801127, 3.444586744444099, 3.495880012242983, 2.0604826643289194, 2.077684020730775, 2.0433740088393018, 4.790963931193805, 7.821429860965321, 8.34223822603982, 8.871818012673614, 9.678502458541818, 8.2933587960488, 9.657962185678716, 8.87300331004108, 3.7165045647758865, 2.4376170700091513, 4.045890543502135], [5.851986736997957, 4.4453753069904005, 3.9340897066538787, 2.61572371629727, 3.457232773476498, 1.4142487899941794, 0.0, 3.062696481860388, 3.7259068936300594, 4.651477720036935, 5.8206447245988135, 6.314986397451699, 6.563075307354016, 7.83410160835306, 8.865077936487642, 8.444102046991143, 3.978399771264823, 6.484304614220402, 5.990199229574923, 6.431899673502378, 3.9975414494411443, 4.693194651833653, 4.750358695930235, 1.0928282984988995, 1.0930760312073446, 1.0931128487031885, 4.863960323645742, 7.844411811601939, 8.693561729233883, 9.038460327400902, 9.840175886639425, 7.919304353287605, 9.44566107056568, 8.628180314527507, 4.735027609212009, 3.2558697363377425, 4.616150141622345], [4.996371878673564, 3.9501356837455592, 2.6060372138555503, 1.6214486300836053, 2.9648597049438954, 2.5232218491444622, 3.062696481860388, 0.0, 1.3944901935833038, 2.326377050265069, 3.743117995735641, 4.3710100731981845, 4.5797151931097195, 5.958510992689365, 6.601887699741644, 6.8452905840438945, 2.482710889330451, 5.20462970344673, 4.99889116804917, 5.9597505728008455, 4.1855377169486845, 4.413106368534526, 2.8917180049237166, 3.751046868542167, 2.632423926726089, 3.856167545633877, 2.5077474693437534, 6.209520410627539, 6.2873637193978205, 6.617166361064229, 7.663977242920284, 6.6966285592079835, 7.878006094183984, 6.884855233045935, 2.9293236113478485, 2.682988278021356, 3.390202007255615], [5.322512546720768, 4.542611955692451, 3.230483855399993, 2.7544111276278276, 4.341180264628504, 3.2155554761191727, 3.7259068936300594, 1.3944901935833038, 0.0, 1.3427658247066019, 2.5184510060749643, 3.0052357810993797, 3.5727209868670124, 4.845998292405808, 5.517550820789964, 5.883948857697525, 1.501215767303288, 5.588472439763839, 5.03043189100101, 6.316409132568915, 4.668019517954054, 5.249028468202472, 3.5346023199222856, 4.638490723284892, 3.23856757687716, 4.212749683995003, 2.0972399695790656, 4.9679160832284595, 5.1511290781730565, 5.704998659947258, 6.538414910358627, 5.785586160450816, 6.855012732300357, 6.087543857747557, 2.1432609640452096, 2.157473045022811, 2.172660794970075], [6.549624023560436, 5.8363911709206056, 4.469964355562581, 3.9054350769152473, 5.209898241808568, 4.411827174765575, 4.651477720036935, 2.326377050265069, 1.3427658247066019, 0.0, 1.478883663443477, 2.407985726701884, 2.286849979775674, 3.6367118486346977, 4.336579470043182, 4.620805118158523, 2.530646798745333, 6.71182908676912, 6.215580514320444, 7.575186943567795, 6.008116332096109, 6.504153059392129, 4.607894480128642, 5.532785303081984, 3.916755873168508, 5.104274730066947, 1.0861318934641409, 3.9366302607687205, 4.1294812894599735, 4.4629737451614035, 5.379974682096562, 4.607322408948607, 5.616024139905384, 4.763848515643628, 3.1193830383587073, 3.3320500956618284, 2.735410716875987], [7.412083149830417, 6.898033001515722, 5.599368818893786, 5.254918165870902, 6.66955879350351, 5.599515726382059, 5.8206447245988135, 3.743117995735641, 2.5184510060749643, 1.478883663443477, 0.0, 1.217739302970878, 1.3577492331060255, 2.3724502313009648, 3.112084344936686, 3.607275596624134, 3.093740023014216, 7.586957749981213, 6.892981011144599, 8.426799410215008, 7.013277000803548, 7.680940312878365, 5.726635531444271, 6.780620717898915, 5.105179103616249, 6.078956394809885, 2.169176668692525, 2.530476330653974, 2.907344666529925, 3.5144021397671614, 4.08027496254848, 3.747753285636609, 4.476653146045604, 3.9860416718845273, 3.594300792922039, 4.016959533029926, 2.769217813751746], [7.244570243292559, 6.933227650957381, 5.762152071925906, 5.710362307244611, 7.32201712713102, 5.937144313556813, 6.314986397451699, 4.3710100731981845, 3.0052357810993797, 2.407985726701884, 1.217739302970878, 0.0, 2.2997125929124276, 2.728929557537167, 3.2574213820136935, 4.14560831000711, 2.983023013655778, 7.468292011564626, 6.569875077198956, 8.21639271274201, 6.994284440884572, 7.829949785279597, 5.925795688344309, 7.341701776155171, 5.7561780870643675, 6.445122724975841, 3.292658711436702, 2.456500997353756, 2.77131848404329, 3.9288365873372744, 4.0545081723928, 4.346160153514824, 4.8102416841568365, 4.725425244356321, 3.3074889054991554, 3.9409706342473556, 2.3543468754624928], [8.658770542057342, 8.069629692247346, 6.716837485751758, 6.177606122924964, 7.356942233020455, 6.555069980557034, 6.563075307354016, 4.5797151931097195, 3.5727209868670124, 2.286849979775674, 1.3577492331060255, 2.2997125929124276, 0.0, 1.439883953657377, 2.4222855013395925, 2.3852293663293684, 4.379733394854075, 8.78149927404199, 8.194914975763934, 9.689516326422078, 8.206885373270422, 8.77655950643531, 6.788107863757028, 7.449656022931529, 5.695697725476661, 6.841750403953654, 2.373950888287287, 2.0933068528049104, 2.7090224417675097, 2.662505305159034, 3.3792547299663576, 2.6326776882102374, 3.3529885729003017, 2.638476460004902, 4.9240410406494375, 5.233604336401445, 4.059352066524903], [9.736794235270663, 9.268693103668932, 7.956406528703773, 7.532812941391814, 8.7813519335009, 7.8310391909375605, 7.83410160835306, 5.958510992689365, 4.845998292405808, 3.6367118486346977, 2.3724502313009648, 2.728929557537167, 1.439883953657377, 0.0, 1.524517868048781, 1.523854576395005, 5.401818320713868, 9.862905118675735, 9.16655547411349, 10.75398859772503, 9.374084277944167, 10.040281076244828, 8.021283468996717, 8.758862409011801, 6.9908178877725025, 8.000295186429062, 3.808382094800888, 1.096887150075157, 2.1709856079670358, 2.1721121011586857, 2.174657216666572, 2.16352566196937, 2.175519636776465, 2.1733254588303152, 5.876276124383536, 6.276027554910829, 4.859772756004133], [9.988921100399184, 9.700701508653896, 8.371616400671977, 8.15995601581283, 9.360475245947718, 8.681860352482065, 8.865077936487642, 6.601887699741644, 5.517550820789964, 4.336579470043182, 3.112084344936686, 3.2574213820136935, 2.4222855013395925, 1.524517868048781, 0.0, 2.508168842004063, 6.0490278690050685, 9.970491307352914, 9.397665767093443, 11.031750409159917, 9.943971042797742, 10.471785472401542, 8.268455569210008, 9.77808801197862, 8.055563283222348, 9.127898536903224, 4.468124202615679, 2.1664942395492313, 1.094804612704934, 1.0956010633437703, 1.094352749345475, 3.4625096245353597, 2.775530352923563, 2.7737553641227986, 6.274460035732159, 7.044400878712114, 5.585364576283271], [11.009125346275242, 10.41079116590089, 9.076374226529007, 8.438412539097625, 9.513459259911718, 8.666292982584883, 8.444102046991143, 6.8452905840438945, 5.883948857697525, 4.620805118158523, 3.607275596624134, 4.14560831000711, 2.3852293663293684, 1.523854576395005, 2.508168842004063, 0.0, 6.588265199580236, 11.152827699287746, 10.497746810149309, 12.024856022838694, 10.478689287310699, 11.11850419525936, 9.169977607388144, 9.293891419098891, 7.5050321804773095, 8.58456257825639, 4.530130219982644, 2.1408042157096014, 3.466489997100814, 2.7809177388049435, 2.763344484497002, 1.09544968848414, 1.094148892975723, 1.095758668685765, 7.185617064664663, 7.361455077632411, 6.06991192769714], [4.663606770515713, 4.113122327380988, 3.1052589908089794, 3.181775846913167, 5.066496480804068, 3.2064481502123185, 3.978399771264823, 2.482710889330451, 1.501215767303288, 2.530646798745333, 3.093740023014216, 2.983023013655778, 4.379733394854075, 5.401818320713868, 6.0490278690050685, 6.588265199580236, 0.0, 5.124079268512539, 4.136658133082791, 5.575954735289733, 4.042776929290064, 5.035149175545844, 3.6166499664744998, 4.985144636818474, 3.835312087692474, 4.18109744205992, 3.498325206438075, 5.231555975997963, 5.519039856714209, 6.453884601540378, 6.964956374594173, 6.477328716376836, 7.443811081697332, 6.993278663116464, 1.0939194760127458, 1.0917339694266182, 1.0922361512054068], [1.0952912671979085, 2.1723886277551725, 2.721386431582255, 4.304279852658282, 5.107576623018004, 5.088133442629036, 6.484304614220402, 5.20462970344673, 5.588472439763839, 6.71182908676912, 7.586957749981213, 7.468292011564626, 8.78149927404199, 9.862905118675735, 9.970491307352914, 11.152827699287746, 5.124079268512539, 0.0, 1.7753372074059621, 1.7706032926660902, 3.0654008498074115, 2.5034679246996556, 2.4368526525007623, 6.832989136534611, 6.921204145233689, 7.036669042238664, 7.216241943006069, 9.896186977821305, 9.167391738657184, 10.081335077260352, 10.911061296225954, 11.249144412354212, 12.02613974349209, 11.305604794525589, 4.320144109864855, 5.040725028207747, 6.01568100716785], [1.0953387238658188, 2.1711194969416123, 2.7084644856449565, 4.271637729255607, 5.627613238309825, 4.592443838524321, 5.990199229574923, 4.99889116804917, 5.03043189100101, 6.215580514320444, 6.892981011144599, 6.569875077198956, 8.194914975763934, 9.16655547411349, 9.397665767093443, 10.497746810149309, 4.136658133082791, 1.7753372074059621, 0.0, 1.7709754317889337, 2.5014836017851487, 3.068140031028571, 2.9324974560943784, 6.543146822439491, 6.473615180098366, 6.300320437088894, 6.940113876587328, 9.01716523637002, 8.57959165986354, 9.693985447688686, 10.276270014455635, 10.530003833332637, 11.311689377365346, 10.813731164126468, 3.331178975978325, 3.9456119335281823, 4.852122828206228], [1.0947583020922929, 2.15761252545493, 3.3878573184241394, 4.816295660567362, 5.707778007245902, 5.064924920470193, 6.431899673502378, 5.9597505728008455, 6.316409132568915, 7.575186943567795, 8.426799410215008, 8.21639271274201, 9.689516326422078, 10.75398859772503, 11.031750409159917, 12.024856022838694, 5.575954735289733, 1.7706032926660902, 1.7709754317889337, 0.0, 2.4683354087319653, 2.4795928476264, 3.602346347868289, 6.722266184851653, 7.103700392049203, 6.776585384247734, 8.180540306116706, 10.646759971935124, 10.247676229760579, 11.262003543774972, 11.947727578497929, 11.997563961488183, 12.88894369954342, 12.284468002726046, 4.9182221066153575, 5.173407638104695, 6.378952660115922], [2.1430722456324234, 1.0948529855647287, 2.0998768106724737, 2.9064974178553817, 4.094820935034889, 2.6747277842801127, 3.9975414494411443, 4.1855377169486845, 4.668019517954054, 6.008116332096109, 7.013277000803548, 6.994284440884572, 8.206885373270422, 9.374084277944167, 9.943971042797742, 10.478689287310699, 4.042776929290064, 3.0654008498074115, 2.5014836017851487, 2.4683354087319653, 0.0, 1.7702769274890298, 2.9368510789619555, 4.334433288216581, 4.749803070654615, 4.316209376293046, 6.5783204687822865, 9.268263903773997, 9.340508115729039, 10.190846777868854, 10.906728825821242, 10.277315861644032, 11.402868817100373, 10.747367485110017, 3.843204269876896, 3.333459269287687, 4.914212011095981], [2.147922608009888, 1.0947889020263222, 2.1037675679599204, 2.938983341225329, 3.3324273450444495, 3.444586744444099, 4.693194651833653, 4.413106368534526, 5.249028468202472, 6.504153059392129, 7.680940312878365, 7.829949785279597, 8.77655950643531, 10.040281076244828, 10.471785472401542, 11.11850419525936, 5.035149175545844, 2.5034679246996556, 3.068140031028571, 2.4795928476264, 1.7702769274890298, 0.0, 2.4311008329561323, 4.749778130607787, 5.329415064526312, 5.322619548680893, 6.8525455788341905, 10.110242922403003, 9.86873019491363, 10.54454029012171, 11.491753711248775, 10.996470679267963, 12.095720791255063, 11.225499599572395, 4.714323499718703, 4.564936198896978, 6.052883250980478], [2.587319240062965, 2.0301317543450224, 1.014754975351193, 2.218100876876433, 3.1710303073291493, 3.495880012242983, 4.750358695930235, 2.8917180049237166, 3.5346023199222856, 4.607894480128642, 5.726635531444271, 5.925795688344309, 6.788107863757028, 8.021283468996717, 8.268455569210008, 9.169977607388144, 3.6166499664744998, 2.4368526525007623, 2.9324974560943784, 3.602346347868289, 2.9368510789619555, 2.4311008329561323, 0.0, 5.164714182798503, 4.9161072516778965, 5.50888030183993, 4.944284090745595, 8.204230999307613, 7.634529094842721, 8.273100494373317, 9.295623450850407, 9.214957439945126, 10.125195160588264, 9.219645356519957, 3.1203438656660905, 3.6892176487705357, 4.671320949153462], [6.237432951142641, 4.749228447863926, 4.406044167958374, 3.0284462831623746, 3.2454477441487173, 2.0604826643289194, 1.0928282984988995, 3.751046868542167, 4.638490723284892, 5.532785303081984, 6.780620717898915, 7.341701776155171, 7.449656022931529, 8.758862409011801, 9.77808801197862, 9.293891419098891, 4.985144636818474, 6.832989136534611, 6.543146822439491, 6.722266184851653, 4.334433288216581, 4.749778130607787, 5.164714182798503, 0.0, 1.789926959403651, 1.775116077894626, 5.602148678855283, 8.832285238826925, 9.63346066426806, 9.877351080122647, 10.772556679358898, 8.748870409944361, 10.317114947018862, 9.398362183380677, 5.66061912073229, 4.262065955613545, 5.68301702795267], [6.399103957586562, 5.038834155834066, 4.2343770368260785, 2.7626936294131497, 3.553901639044052, 2.077684020730775, 1.0930760312073446, 2.632423926726089, 3.23856757687716, 3.916755873168508, 5.105179103616249, 5.7561780870643675, 5.695697725476661, 6.9908178877725025, 8.055563283222348, 7.5050321804773095, 3.835312087692474, 6.921204145233689, 6.473615180098366, 7.103700392049203, 4.749803070654615, 5.329415064526312, 4.9161072516778965, 1.789926959403651, 0.0, 1.7753506611371175, 3.99064013160796, 7.0878154222581164, 7.978353713016238, 8.176588564921193, 9.034182568998704, 6.972581691884291, 8.527791443861652, 7.632067890814388, 4.696700342793864, 3.3706612956510478, 4.403783421105084], [6.281239722379651, 4.9678136297570585, 4.607621097703239, 3.513284107498282, 4.519531667108883, 2.0433740088393018, 1.0931128487031885, 3.856167545633877, 4.212749683995003, 5.104274730066947, 6.078956394809885, 6.445122724975841, 6.841750403953654, 8.000295186429062, 9.127898536903224, 8.58456257825639, 4.18109744205992, 7.036669042238664, 6.300320437088894, 6.776585384247734, 4.316209376293046, 5.322619548680893, 5.50888030183993, 1.775116077894626, 1.7753506611371175, 0.0, 5.4490943880611935, 7.872755096533868, 8.970964603653277, 9.414430470825094, 10.041384672444334, 7.977022859438224, 9.527911650513978, 8.886124284523598, 5.014613705959812, 3.326460960239876, 4.612474245998562], [7.143963139602556, 6.328051817897827, 4.9120773171846555, 4.1182816744365605, 5.044810258077106, 4.790963931193805, 4.863960323645742, 2.5077474693437534, 2.0972399695790656, 1.0861318934641409, 2.169176668692525, 3.292658711436702, 2.373950888287287, 3.808382094800888, 4.468124202615679, 4.530130219982644, 3.498325206438075, 7.216241943006069, 6.940113876587328, 8.180540306116706, 6.5783204687822865, 6.8525455788341905, 4.944284090745595, 5.602148678855283, 3.99064013160796, 5.4490943880611935, 0.0, 4.355625925168505, 4.441658263531764, 4.348507787735927, 5.536473031633045, 4.5235811952478535, 5.589308723804761, 4.429838558006375, 4.048998865151731, 4.1929647327398305, 3.800850296973034], [9.676