{"total energy": -24.04952466, "HOMO-LUMO gap/eV": 11.79415421, "electronic energy": -24.34662412, "dipole": [0.39868188, -0.54274308, 0.41910527], "partial charges": [-0.10040324, -0.05766812, -0.02993261, -0.06057078, -0.1025044, 0.07508874, -0.4468516, 0.03106141, 0.03159938, 0.03332041, 0.03237887, 0.04459225, 0.02730177, 0.0396831, 0.0314537, 0.03309098, 0.03099611, 0.03507133, 0.02239062, 0.04534403, 0.28455804], "atomic dipole moments": [[0.03345829, 0.08133458, -0.04843927], [0.07892485, -0.07226729, 0.05860169], [-0.01293912, 0.00715786, -0.09365882], [0.04698544, 0.09593986, 0.04857124], [-0.10143884, -0.0072296, -0.00989843], [-0.12653003, 0.08276817, 0.13449469], [0.15238728, -0.17990235, 0.03230462], [0.03497411, 0.00025081, 0.12099694], [0.03703138, -0.10715085, -0.05423302], [-0.12501686, -0.00288774, -0.00197479], [-0.03774815, -0.00901543, -0.11988828], [-0.06830751, 0.0943668, 0.04516312], [0.02293181, 0.00691941, 0.1209869], [-0.02510396, -0.10752163, 0.05308274], [-0.02529743, -0.01872946, -0.12157668], [0.03447505, 0.02109643, 0.11954539], [0.04633659, 0.09145043, -0.07425747], [0.05612898, -0.10512231, -0.03629489], [0.11154483, 0.03673975, 0.01490473], [-0.02307921, 0.00200179, -0.12740259], [0.02397043, -0.00558033, 0.07435695]], "atomic quadrupole moments": [[-0.06750527, 0.07794983, 0.10739845, -0.05205702, -0.14158762, -0.03989318], [0.11249703, 0.1275676, 0.02800717, -0.00212795, -0.1383183, -0.14050419], [0.05882305, -0.01048515, 0.1284377, -0.05730519, -0.0256199, -0.18726075], [0.19738848, -0.05729715, -0.02830923, -0.03250847, 0.10774504, -0.16907925], [0.21699423, 0.03701859, -0.09350583, 0.03600095, 0.00967657, -0.1234884], [-0.10854551, -0.23074603, 0.24678863, -0.2118247, 0.12291656, -0.13824312], [-0.0286335, -0.12054559, 0.05378341, -0.04151494, 0.06706756, -0.02514991], [-0.03337002, 0.01217955, -0.03210631, 0.04260498, 0.00718196, 0.06547633], [-0.02691842, -0.03690276, 0.03526212, -0.03422794, 0.03702299, -0.0083437], [0.0806203, -0.00510276, -0.02887088, 0.00628186, -0.01115498, -0.05174942], [-0.02887591, 0.01493348, -0.02675484, 0.0085598, 0.01165739, 0.05563075], [-0.01073618, -0.01227014, 0.03528065, -0.02576399, 0.02978454, -0.02454447], [-0.01122342, 0.00183812, -0.02321256, 0.01543877, 0.0023559, 0.03443598], [-0.00182892, 0.01180446, 0.01824935, -0.02511656, -0.04302833, -0.01642043], [-0.01256466, -0.00662712, -0.0420607, 0.0168598, -0.00366254, 0.05462536], [-0.02731042, 0.00708842, -0.04748869, 0.01585304, 0.02405685, 0.07479911], [-0.02193422, 0.02138295, 0.02956258, -0.00819582, -0.05939324, -0.00762835], [-0.01000541, -0.03430056, 0.0546136, -0.01494117, 0.03625708, -0.04460818], [0.04964065, -0.01416808, -0.0103706, 0.01048866, 0.01664129, -0.03927005], [-0.02371411, -0.00338971, -0.01910041, 0.02978941, 0.00709754, 0.04281452], [-0.05995384, -0.02336156, -0.06904456, 0.04016359, 0.01243948, 0.1289984]], "number of molecular orbitals": 42, "number of electrons": 44, "number of unpaired electrons": 0, "orbital energies/eV": [-18.52206174, -17.20643322, -16.60976705, -16.58892819, -16.01632955, -15.45621018, -15.36913785, -14.73602925, -14.30414496, -14.10134109, -13.66840341, -13.51702086, -13.42454449, -12.8614335, -12.63000645, -12.3700473, -12.27001682, -12.09377238, -11.86153851, -11.54806661, -11.4124399, -10.92131928, 0.87283494, 1.49244845, 1.95018187, 2.79473044, 3.39937557, 3.50401185, 3.80108495, 4.04221649, 4.50448466, 4.621508, 4.96970692, 5.05865876, 5.36419686, 5.94285537, 6.1985582, 6.72954654, 7.04212763, 7.44627792, 7.96549579, 8.02151878], "fractional occupation": [2.0, 2.0, 2.0, 2.0, 2.0, 2.0, 2.0, 2.0, 2.0, 2.0, 2.0, 2.0, 2.0, 2.0, 2.0, 2.0, 2.0, 2.0, 2.0, 2.0, 2.0, 2.0, 0.0, 0.0, 0.0, 0.0, 0.0, 0.0, 0.0, 0.0, 0.0, 0.0, 0.0, 0.0, 0.0, 0.0, 0.0, 0.0, 0.0, 0.0, 0.0, 0.0], "program call": "xtb /home/svss/Project-DBcg-Debug/aqme2_20220329/End-to-End-workflows-final/example-3/QDESCP/mol_1100_rdkit_conf_9/mol_1100_rdkit_conf_9.xyz --pop --wbo --acc 0.2 --gfn 2 --chrg 0 --uhf 0 --etemp 300 --input /home/svss/Project-DBcg-Debug/aqme2_20220329/End-to-End-workflows-final/example-3/QDESCP/mol_1100_rdkit_conf_9/mol_1100_rdkit_conf_9_xtb.inp", "method": "GFN2-xTB", "xtb version": "6.3.3 (7355c4f)", "Dipole module/D": 2.016, "Total charge": 0, "Transition dipole module/D": NaN, "HOMO": -10.9213, "LUMO": 0.8728, "HOMO occupancy": 2.0, "LUMO occupancy": 0, "mulliken charges": [-0.08528, -0.04176, -0.03847, -0.0491, -0.0862, 0.18886, -0.56319, 0.02567, 0.02536, 0.0302, 0.02405, 0.03527, 0.01923, 0.029, 0.02457, 0.02747, 0.02592, 0.03184, 0.01281, 0.0301, 0.33365], "cm5 charges": [-0.23601, -0.15122, -0.10676, -0.15944, -0.23691, 0.10342, -0.7791, 0.07714, 0.0771, 0.08095, 0.07964, 0.09384, 0.08026, 0.08489, 0.07986, 0.07897, 0.07773, 0.0826, 0.07671, 0.09339, 0.50293], "FUKUI+": [0.013, -0.011, -0.032, -0.015, 0.024, -0.012, -0.128, -0.04, -0.041, -0.071, -0.051, -0.046, -0.056, -0.06, -0.054, -0.034, -0.027, -0.06, -0.104, -0.088, -0.108], "FUKUI-": [0.016, 0.006, -0.011, 0.007, 0.019, 0.01, -0.123, -0.053, -0.07, -0.07, -0.06, -0.073, -0.047, -0.093, -0.052, -0.045, -0.075, -0.073, -0.099, -0.061, -0.052], "FUKUIrad": [0.015, -0.002, -0.022, -0.004, 0.022, -0.001, -0.126, -0.047, -0.055, -0.071, -0.055, -0.059, -0.051, -0.077, -0.053, -0.04, -0.051, -0.066, -0.101, -0.075, -0.08], "s proportion": [1.008, 1.031, 1.068, 1.032, 1.008, 0.997, 1.697, 0.974, 0.975, 0.97, 0.976, 0.965, 0.981, 0.971, 0.975, 0.973, 0.974, 0.968, 0.987, 0.97, 0.666], "p proportion": [3.077, 3.011, 2.97, 3.017, 3.078, 2.814, 4.867, 0.0, 0.0, 0.0, 0.0, 0.0, 0.0, 0.0, 0.0, 0.0, 0.0, 0.0, 0.0, 0.0, 0.0], "d proportion": [0.0, 0.0, 0.0, 0.0, 0.0, 0.0, 0.0, 0.0, 0.0, 0.0, 0.0, 0.0, 0.0, 0.0, 0.0, 0.0, 0.0, 0.0, 0.0, 0.0, 0.0], "Fermi-level/eV": -5.0242, "Coordination numbers": [3.748, 3.8, 3.846, 3.8, 3.748, 3.675, 1.653, 0.924, 0.924, 0.924, 0.924, 0.924, 0.923, 0.924, 0.924, 0.924, 0.924, 0.924, 0.924, 0.924, 0.804], "Dispersion coefficient C6": [22.484, 21.613, 21.075, 21.666, 22.524, 19.547, 21.781, 2.572, 2.564, 2.54, 2.553, 2.389, 2.625, 2.453, 2.566, 2.543, 2.572, 2.516, 2.697, 2.379, 0.77], "Total dispersion C6": 2909.111056, "Total dispersion C8": 60056.485401, "Polarizability alpha": [6.763, 6.619, 6.53, 6.627, 6.769, 6.335, 6.3, 2.508, 2.504, 2.492, 2.499, 2.417, 2.534, 2.449, 2.505, 2.494, 2.508, 2.48, 2.568, 2.412, 1.378], "Total polarizability alpha": 79.693012, "Wiberg matrix": [[0.0, 1.0204069316461228, 0.0, 0.0, 0.0, 0.0, 0.0, 0.9874155035022678, 0.9855515923956257, 0.9866408720537737, 0.0, 0.0, 0.0, 0.0, 0.0, 0.0, 0.0, 0.0, 0.0, 0.0, 0.0], [1.0204069316461228, 0.0, 0.9941417876088888, 0.0, 0.0, 0.0, 0.0, 0.0, 0.0, 0.0, 0.9777048909060125, 0.9749441992313379, 0.0, 0.0, 0.0, 0.0, 0.0, 0.0, 0.0, 0.0, 0.0], [0.0, 0.9941417876088888, 0.0, 0.9952092992621254, 0.0, 0.9876046493878418, 0.0, 0.0, 0.0, 0.0, 0.0, 0.0, 0.966347531246894, 0.0, 0.0, 0.0, 0.0, 0.0, 0.0, 0.0, 0.0], [0.0, 0.0, 0.9952092992621254, 0.0, 1.0196982120497997, 0.0, 0.0, 0.0, 0.0, 0.0, 0.0, 0.0, 0.0, 0.9741110948573293, 0.9777075689378805, 0.0, 0.0, 0.0, 0.0, 0.0, 0.0], [0.0, 0.0, 0.0, 1.0196982120497997, 0.0, 0.0, 0.0, 0.0, 0.0, 0.0, 0.0, 0.0, 0.0, 0.0, 0.0, 0.987422684962971, 0.986267502460668, 0.9866504125697371, 0.0, 0.0, 0.0], [0.0, 0.0, 0.9876046493878418, 0.0, 0.0, 0.0, 0.9931563813868906, 0.0, 0.0, 0.0, 0.0, 0.0, 0.0, 0.0, 0.0, 0.0, 0.0, 0.0, 0.9706685420422446, 0.9731888896499921, 0.0], [0.0, 0.0, 0.0, 0.0, 0.0, 0.9931563813868906, 0.0, 0.0, 0.0, 0.0, 0.0, 0.0, 0.0, 0.0, 0.0, 0.0, 0.0, 0.0, 0.0, 0.0, 0.9042115485603084], [0.9874155035022678, 0.0, 0.0, 0.0, 0.0, 0.0, 0.0, 0.0, 0.0, 0.0, 0.0, 0.0, 0.0, 0.0, 0.0, 0.0, 0.0, 0.0, 0.0, 0.0, 0.0], [0.9855515923956257, 0.0, 0.0, 0.0, 0.0, 0.0, 0.0, 0.0, 0.0, 0.0, 0.0, 0.0, 0.0, 0.0, 0.0, 0.0, 0.0, 0.0, 0.0, 0.0, 0.0], [0.9866408720537737, 0.0, 0.0, 0.0, 0.0, 0.0, 0.0, 0.0, 0.0, 0.0, 0.0, 0.0, 0.0, 0.0, 0.0, 0.0, 0.0, 0.0, 0.0, 0.0, 0.0], [0.0, 0.9777048909060125, 0.0, 0.0, 0.0, 0.0, 0.0, 0.0, 0.0, 0.0, 0.0, 0.0, 0.0, 0.0, 0.0, 0.0, 0.0, 0.0, 0.0, 0.0, 0.0], [0.0, 0.9749441992313379, 0.0, 0.0, 0.0, 0.0, 0.0, 0.0, 0.0, 0.0, 0.0, 0.0, 0.0, 0.0, 0.0, 0.0, 0.0, 0.0, 0.0, 0.0, 0.0], [0.0, 0.0, 0.966347531246894, 0.0, 0.0, 0.0, 0.0, 0.0, 0.0, 0.0, 0.0, 0.0, 0.0, 0.0, 0.0, 0.0, 0.0, 0.0, 0.0, 0.0, 0.0], [0.0, 0.0, 0.0, 0.9741110948573293, 0.0, 0.0, 0.0, 0.0, 0.0, 0.0, 0.0, 0.0, 0.0, 0.0, 0.0, 0.0, 0.0, 0.0, 0.0, 0.0, 0.0], [0.0, 0.0, 0.0, 0.9777075689378805, 0.0, 0.0, 0.0, 0.0, 0.0, 0.0, 0.0, 0.0, 0.0, 0.0, 0.0, 0.0, 0.0, 0.0, 0.0, 0.0, 0.0], [0.0, 0.0, 0.0, 0.0, 0.987422684962971, 0.0, 0.0, 0.0, 0.0, 0.0, 0.0, 0.0, 0.0, 0.0, 0.0, 0.0, 0.0, 0.0, 0.0, 0.0, 0.0], [0.0, 0.0, 0.0, 0.0, 0.986267502460668, 0.0, 0.0, 0.0, 0.0, 0.0, 0.0, 0.0, 0.0, 0.0, 0.0, 0.0, 0.0, 0.0, 0.0, 0.0, 0.0], [0.0, 0.0, 0.0, 0.0, 0.9866504125697371, 0.0, 0.0, 0.0, 0.0, 0.0, 0.0, 0.0, 0.0, 0.0, 0.0, 0.0, 0.0, 0.0, 0.0, 0.0, 0.0], [0.0, 0.0, 0.0, 0.0, 0.0, 0.9706685420422446, 0.0, 0.0, 0.0, 0.0, 0.0, 0.0, 0.0, 0.0, 0.0, 0.0, 0.0, 0.0, 0.0, 0.0, 0.0], [0.0, 0.0, 0.0, 0.0, 0.0, 0.9731888896499921, 0.0, 0.0, 0.0, 0.0, 0.0, 0.0, 0.0, 0.0, 0.0, 0.0, 0.0, 0.0, 0.0, 0.0, 0.0], [0.0, 0.0, 0.0, 0.0, 0.0, 0.0, 0.9042115485603084, 0.0, 0.0, 0.0, 0.0, 0.0, 0.0, 0.0, 0.0, 0.0, 0.0, 0.0, 0.0, 0.0, 0.0]], "Born radii": [], "Atomic SASAs": [], "Solvent H bonds": [], "Total SASA": NaN, "Total FOD": 0.0, "FOD": [0.0, 0.0, 0.0, 0.0, 0.0, 0.0, 0.0, 0.0, 0.0, 0.0, 0.0, 0.0, 0.0, 0.0, 0.0, 0.0, 0.0, 0.0, 0.0, 0.0, 0.0], "FOD s proportion": [0.0, 0.0, 0.0, 0.0, 0.0, 0.0, 0.0, 0.0, 0.0, 0.0, 0.0, 0.0, 0.0, 0.0, 0.0, 0.0, 0.0, 0.0, 0.0, 0.0, 0.0], "FOD p proportion": [0.0, 0.0, 0.0, 0.0, 0.0, 0.0, 0.0, 0.0, 0.0, 0.0, 0.0, 0.0, 0.0, 0.0, 0.0, 0.0, 0.0, 0.0, 0.0, 0.0, 0.0], "FOD d proportion": [0.0, 0.0, 0.0, 0.0, 0.0, 0.0, 0.0, 0.0, 0.0, 0.0, 0.0, 0.0, 0.0, 0.0, 0.0, 0.0, 0.0, 0.0, 0.0, 0.0, 0.0], "coordinates": [["-2.03180", "-1.17210", "0.76810"], ["-1.53070", "0.05790", "0.02290"], ["-0.00650", "0.29340", "0.14800"], ["0.79740", "-0.87700", "-0.45500"], ["2.30690", "-0.73300", "-0.31010"], ["0.37130", "1.63490", "-0.50580"], ["-0.33850", "2.71440", "0.09090"], ["-1.70980", "-1.15750", "1.81400"], ["-1.67740", "-2.09750", "0.30550"], ["-3.12640", "-1.19840", "0.75150"], ["-1.81000", "-0.02510", "-1.03460"], ["-2.06920", "0.92540", "0.42260"], ["0.22540", "0.36360", "1.21940"], ["0.51380", "-1.81140", "0.04140"], ["0.54910", "-0.99420", "-1.51680"], ["2.58600", "-0.53990", "0.73040"], ["2.69710", "0.07630", "-0.93370"], ["2.80230", "-1.65640", "-0.62770"], ["1.43710", "1.85260", "-0.39470"], ["0.13720", "1.62780", "-1.57550"], ["-0.12340", "2.71600", "1.03920"]], "bond_dist": [[0.0, 1.5229327792125298, 2.5756658071263825, 3.096357579479476, 4.492175613219056, 3.908575164941823, 4.293104585262279, 1.0944423100374, 1.0936010607163842, 1.0950417389305303, 2.1481460681247913, 2.1260938972679453, 2.767128117742292, 2.7233943416259057, 3.4515882184872515, 4.661027244073993, 5.178524984008477, 5.054832038752623, 4.747018131416817, 4.2469355975809195, 4.339678257659202], [1.5229327792125298, 0.0, 1.5473512529480822, 2.5539138650314737, 3.932376580390032, 2.5266690899284776, 2.912551645894026, 2.1719376556429975, 2.17879159398048, 2.157639019854804, 1.0969064408599305, 1.096493771072139, 2.146846978710872, 2.770307742832915, 2.7934134208885015, 4.219613724027354, 4.3347104816815625, 4.704996689690653, 3.4933042653052713, 2.7930912946053157, 3.174721183033244], [2.5756658071263825, 1.5473512529480822, 0.0, 1.5426277483566797, 2.571997692456197, 1.539418568810965, 2.4443251440837406, 2.7896052946608774, 2.9211497513821505, 3.5104779589110082, 2.1800452426497943, 2.1747552620927255, 1.0984551014948223, 2.170773753756941, 2.1767324502565764, 2.784714509604171, 2.9200445647284217, 3.5061072388048826, 2.193082052728534, 2.18442791137634, 2.5839686162954845], [3.096357579479476, 2.5539138650314737, 1.5426277483566797, 0.0, 1.523260404527079, 2.5482903013589326, 3.8061042523819553, 3.3930949132024, 2.862274539592595, 4.117662765453237, 2.8036056302554395, 3.4980313148969953, 2.160992299847457, 1.0954201385769753, 1.0967260232163727, 2.1720726346050214, 2.17871399453898, 2.157988336391093, 2.8042054739266167, 2.82230532189556, 3.998769220647773], [4.492175613219056, 3.932376580390032, 2.571997692456197, 1.523260404527079, 0.0, 3.064603768841904, 4.363886905042339, 4.5635380956008245, 4.256227214329611, 5.555568432662854, 4.239680208459124, 4.736812331093559, 2.8061618021774866, 2.1217225124883794, 2.1480715002066386, 1.0944517668677773, 1.0936633348521838, 1.0949696251494834, 2.7292923185324067, 3.447058440177654, 4.429736965103007], [3.908575164941823, 2.5266690899284776, 1.539418568810965, 2.5482903013589326, 3.064603768841904, 0.0, 1.4230907139040714, 4.184488858869145, 4.334303766465844, 4.673574378353253, 2.79164810282385, 2.705800631975682, 2.1479770808833134, 3.4923799592827813, 2.822392717181647, 3.3410838914938967, 2.8322566991711744, 4.0935652309447805, 1.093465198348809, 1.095039410249695, 1.9494948832966965], [4.293104585262279, 2.912551645894026, 2.4443251440837406, 3.8061042523819553, 4.363886905042339, 1.4230907139040714, 0.0, 4.45434023285155, 4.999308750217374, 4.8496167487751025, 3.307101865682398, 2.511148816776895, 2.6679123111526737, 4.605619521845026, 4.13838700582727, 4.421778939521966, 4.150210130824703, 5.4300002983425335, 2.032550604536084, 2.0454532529490868, 0.9723905902465325], [1.0944423100374, 2.1719376556429975, 2.7896052946608774, 3.3930949132024, 4.5635380956008245, 4.184488858869145, 4.45434023285155, 0.0, 1.7777013275575853, 1.771252274522181, 3.0670656595514876, 2.5305404027598533, 2.5322506609733564, 2.9178918640004468, 4.027843683660031, 4.473199789859603, 5.33787273546307, 5.154594698906986, 4.8828308705094425, 4.760043627951323, 4.256874704522087], [1.0936010607163842, 2.17879159398048, 2.9211497513821505, 2.862274539592595, 4.256227214329611, 4.334303766465844, 4.999308750217374, 1.7777013275575853, 0.0, 1.762639444129173, 2.471496010516707, 3.0504334216632234, 3.242356282088691, 2.22552453592406, 3.0814526493197976, 4.5588636007233205, 5.039570748585637, 4.597079892714504, 5.078747906718742, 4.55069162325904, 5.111067788632822], [1.0950417389305303, 2.157639019854804, 3.5104779589110082, 4.117662765453237, 5.555568432662854, 4.673574378353253, 4.8496167487751025, 1.771252274522181, 1.762639444129173, 0.0, 2.509919333365118, 2.3950727525484483, 3.7273767786474177, 3.7591311562647025, 4.3239082760854215, 5.7502679259318, 6.194990829694584, 6.104214964268541, 5.607843408120451, 4.904428651739161, 4.941994298863567], [2.1481460681247913, 1.0969064408599305, 2.1800452426497943, 2.8036056302554395, 4.239680208459124, 2.79164810282385, 3.307101865682398, 3.0670656595514876, 2.471496010516707, 2.509919333365118, 0.0, 1.7589959437133444, 3.0617734811706763, 3.1222892450892505, 2.595577866294903, 4.7649826904197665, 4.509369488077019, 4.909176976846526, 3.8051133636200642, 2.610792802962349, 3.8286936688640947], [2.1260938972679453, 1.096493771072139, 2.1747552620927255, 3.4980313148969953, 4.736812331093559, 2.705800631975682, 2.511148816776895, 2.5305404027598533, 3.0504334216632234, 2.3950727525484483, 1.7589959437133444, 0.0, 2.4931302894152965, 3.7824960912074976, 3.781749781516487, 4.890064618182463, 5.027736686621525, 5.612515797750595, 3.7177706787804974, 3.0584261197550613, 2.715249815394525], [2.767128117742292, 2.146846978710872, 1.0984551014948223, 2.160992299847457, 2.8061618021774866, 2.1479770808833134, 2.6679123111526737, 2.5322506609733564, 3.242356282088691, 3.7273767786474177, 3.0617734811706763, 2.4931302894152965, 0.0, 2.4902778077957484, 3.071675922033443, 2.5744641403600865, 3.2905442999601147, 3.7593339862268156, 2.5081181590985704, 3.068785898364368, 2.3849358985096436], [2.7233943416259057, 2.770307742832915, 2.170773753756941, 1.0954201385769753, 2.1217225124883794, 3.4923799592827813, 4.605619521845026, 2.9178918640004468, 2.22552453592406, 3.7591311562647025, 3.1222892450892505, 3.7824960912074976, 2.4902778077957484, 0.0, 1.7598435072471643, 2.526944021936378, 3.046478325870709, 2.3893413443876117, 3.8036248632061493, 3.8189383092686895, 4.679634541286317], [3.4515882184872515, 2.7934134208885015, 2.1767324502565764, 1.0967260232163727, 2.1480715002066386, 2.822392717181647, 4.13838700582727, 4.027843683660031, 3.0814526493197976, 4.3239082760854215, 2.595577866294903, 3.781749781516487, 3.071675922033443, 1.7598435072471643, 0.0, 3.066799298943444, 2.4697934852938617, 2.511158674795362, 3.1862081931349056, 2.6548053224294996, 4.555323950061071], [4.661027244073993, 4.219613724027354, 2.784714509604171, 2.1720726346050214, 1.0944517668677773, 3.3410838914938967, 4.421778939521966, 4.473199789859603, 4.5588636007233205, 5.7502679259318, 4.7649826904197665, 4.890064618182463, 2.5744641403600865, 2.526944021936378, 3.066799298943444, 0.0, 1.7779973172083245, 1.7713818193715325, 2.8826858084085405, 4.001589626635894, 4.247009607947692], [5.178524984008477, 4.3347104816815625, 2.9200445647284217, 2.17871399453898, 1.0936633348521838, 2.8322566991711744, 4.150210130824703, 5.33787273546307, 5.039570748585637, 6.194990829694584, 4.509369488077019, 5.027736686621525, 3.2905442999601147, 3.046478325870709, 2.4697934852938617, 1.7779973172083245, 0.0, 1.7626549095044102, 2.2435156986301656, 3.0613963317414488, 4.3376918689551935], [5.054832038752623, 4.704996689690653, 3.5061072388048826, 2.157988336391093, 1.0949696251494834, 4.0935652309447805, 5.4300002983425335, 5.154594698906986, 4.597079892714504, 6.104214964268541, 4.909176976846526, 5.612515797750595, 3.7593339862268156, 2.3893413443876117, 2.511158674795362, 1.7713818193715325, 1.7626549095044102, 0.0, 3.7724184603513966, 4.334403360325386, 5.51870980030659], [4.747018131416817, 3.4933042653052713, 2.193082052728534, 2.8042054739266167, 2.7292923185324067, 1.093465198348809, 2.032550604536084, 4.8828308705094425, 5.078747906718742, 5.607843408120451, 3.8051133636200642, 3.7177706787804974, 2.5081181590985704, 3.8036248632061493, 3.1862081931349056, 2.8826858084085405, 2.2435156986301656, 3.7724184603513966, 0.0, 1.7704699065502356, 2.2883813100093264], [4.2469355975809195, 2.7930912946053157, 2.18442791137634, 2.82230532189556, 3.447058440177654, 1.095039410249695, 2.0454532529490868, 4.760043627951323, 4.55069162325904, 4.904428651739161, 2.610792802962349, 3.0584261197550613, 3.068785898364368, 3.8189383092686895, 2.6548053224294996, 4.001589626635894, 3.0613963317414488, 4.334403360325386, 1.7704699065502356, 0.0, 2.8440723777710017], [4.339678257659202, 3.174721183033244, 2.5839686162954845, 3.998769220647773, 4.429736965103007, 1.9494948832966965, 0.9723905902465325, 4.256874704522087, 5.111067788632822, 4.941994298863567, 3.8286936688640947, 2.715249815394525, 2.3849358985096436, 4.679634541286317, 4.555323950061071, 4.247009607947692, 4.3376918689551935, 5.51870980030659, 2.2883813100093264, 2.8440723777710017, 0.0]]}