{"total energy": -26.27132845, "HOMO-LUMO gap/eV": 4.53325503, "electronic energy": -26.66383008, "dipole": [0.64212767, -0.27754706, -0.01818273], "partial charges": [-0.10508141, 0.11732303, -0.44903361, -0.00936032, -0.03890522, -0.02976844, -0.03065599, -0.03067487, -0.03250246, 0.04961393, 0.03666756, 0.05240805, 0.02079468, 0.28431519, 0.02922792, 0.03177681, 0.03102056, 0.03222215, 0.04061244], "atomic dipole moments": [[0.07014709, 0.00892, -0.0970451], [-0.03096171, 0.18129924, 0.01635269], [0.16390829, -0.16688508, 0.0051342], [-0.09491038, 0.00200382, -0.01591212], [-0.00779116, 0.00154863, 0.0031535], [-0.00188753, -0.00051057, -0.00048787], [-0.00132904, -0.00084279, -0.00076835], [0.00309645, -0.00129561, 0.00130184], [0.00049552, -0.01127189, -0.00651663], [0.01080482, 0.08751274, 0.09410803], [0.02705589, -0.11491754, 0.05166693], [-0.12567521, 0.00517727, -0.02511538], [-0.03566263, -0.06978163, -0.08857858], [0.06828815, 0.02011573, -0.03831495], [-0.05819487, -0.10740135, -0.08973592], [0.08421796, -0.10872118, -0.0631101], [0.14869248, -0.00533943, 0.02537443], [0.06575182, 0.1033699, 0.08911396], [-0.07970897, 0.11214761, 0.06697756]], "atomic quadrupole moments": [[-0.02497937, 0.04217974, -0.10248356, -0.16260482, -0.06459716, 0.12746293], [-0.05893347, -0.14013094, 0.20632906, -0.04007911, -0.22386756, -0.14739559], [-0.04353974, -0.06792593, 0.13039682, -0.00017807, -0.08650147, -0.08685708], [-0.06037372, 0.0513754, -0.08325946, -0.03893833, -0.38314987, 0.14363318], [-0.22738387, 0.07619236, 0.00040986, -0.0846226, -0.36399787, 0.22697401], [-0.24684121, 0.07541166, 0.00677535, -0.09488271, -0.37035708, 0.24006586], [-0.24806621, 0.07180533, 0.00954717, -0.09876461, -0.36812585, 0.23851903], [-0.24746805, 0.06733118, 0.00931974, -0.10307471, -0.37230693, 0.23814831], [-0.23493838, 0.06769469, -0.00236347, -0.09862607, -0.37235874, 0.23730185], [-0.03104148, 0.03037712, 0.02110267, 0.01646644, 0.05918567, 0.00993881], [-0.03477051, -0.03663246, 0.06341516, 0.00417864, -0.03880975, -0.02864465], [0.06979547, 0.00138044, -0.05394532, 0.03336085, 0.00238689, -0.01585015], [-0.01839647, -0.00221528, 0.02007777, 0.00330992, 0.01593091, -0.0016813], [0.05110714, 0.04694008, -0.025822, -0.08859539, -0.05832692, -0.02528514], [0.03810087, -0.00972644, -0.00560909, 0.01336152, 0.04338457, -0.03249178], [0.03350313, -0.00412956, -0.00310446, 0.01687868, 0.04780095, -0.03039867], [0.02641122, -0.009618, 0.00275606, 0.01151428, 0.05090003, -0.02916729], [0.03551009, -0.01463566, -0.00246989, 0.01004055, 0.04591607, -0.0330402], [0.03710341, -0.00671875, -0.00527845, 0.01464188, 0.04274842, -0.03182496]], "number of molecular orbitals": 46, "number of electrons": 48, "number of unpaired electrons": 0, "orbital energies/eV": [-18.57453825, -17.6126676, -17.17188012, -16.74693223, -16.72058409, -15.92253214, -15.68743482, -15.59044646, -15.02597556, -14.49480495, -14.10462128, -13.87697795, -13.45640326, -13.32159135, -13.06491271, -12.91652769, -12.75704701, -12.5231711, -12.40880014, -11.69692529, -11.50627833, -11.13802844, -11.06992007, -10.83634905, -6.30309402, -6.25971314, -2.89875843, 1.27712514, 2.02702371, 2.88942145, 3.37697, 3.74655242, 4.03586827, 4.52344969, 4.67572906, 4.80297937, 5.02555253, 5.40942546, 6.60836835, 6.80267896, 10.29583871, 10.54003549, 11.35073813, 11.66955274, 16.17004825, 17.01813449], "fractional occupation": [2.0, 2.0, 2.0, 2.0, 2.0, 2.0, 2.0, 2.0, 2.0, 2.0, 2.0, 2.0, 2.0, 2.0, 2.0, 2.0, 2.0, 2.0, 2.0, 2.0, 2.0, 2.0, 2.0, 2.0, 0.0, 0.0, 0.0, 0.0, 0.0, 0.0, 0.0, 0.0, 0.0, 0.0, 0.0, 0.0, 0.0, 0.0, 0.0, 0.0, 0.0, 0.0, 0.0, 0.0, 0.0, 0.0], "program call": "xtb /home/svss/Project-DBcg-Debug/aqme2_20220329/End-to-End-workflows-final/example-3/QDESCP/mol_958_rdkit_conf_1/mol_958_rdkit_conf_1.xyz --pop --wbo --acc 0.2 --gfn 2 --chrg 0 --uhf 0 --etemp 300 --input /home/svss/Project-DBcg-Debug/aqme2_20220329/End-to-End-workflows-final/example-3/QDESCP/mol_958_rdkit_conf_1/mol_958_rdkit_conf_1_xtb.inp", "method": "GFN2-xTB", "xtb version": "6.3.3 (7355c4f)", "Dipole module/D": 1.779, "Total charge": 0, "Transition dipole module/D": NaN, "HOMO": -10.8363, "LUMO": -6.3031, "HOMO occupancy": 2.0, "LUMO occupancy": 0, "mulliken charges": [-0.09082, 0.22323, -0.56893, -0.02628, -0.04067, -0.02618, -0.02944, -0.02757, -0.03204, 0.03879, 0.0261, 0.04457, 0.01602, 0.33427, 0.02906, 0.03068, 0.03055, 0.03127, 0.03738], "cm5 charges": [-0.23451, 0.18035, -0.77559, -0.03844, -0.09383, -0.08151, -0.08481, -0.08289, -0.08474, 0.09271, 0.078, 0.09777, 0.08322, 0.50503, 0.08526, 0.08604, 0.08595, 0.08665, 0.09533], "FUKUI+": [0.018, 0.006, -0.036, -0.087, -0.051, -0.052, -0.067, -0.052, -0.052, -0.021, -0.022, -0.047, -0.044, -0.011, -0.095, -0.096, -0.1, -0.096, -0.095], "FUKUI-": [0.015, 0.001, -0.126, -0.042, -0.025, -0.034, -0.05, -0.032, -0.028, -0.061, -0.049, -0.058, -0.122, -0.049, -0.061, -0.07, -0.076, -0.076, -0.055], "FUKUIrad": [0.017, 0.003, -0.081, -0.065, -0.038, -0.043, -0.059, -0.042, -0.04, -0.041, -0.036, -0.052, -0.083, -0.03, -0.078, -0.083, -0.088, -0.086, -0.075], "s proportion": [1.013, 1.014, 1.7, 1.099, 1.064, 1.06, 1.06, 1.061, 1.064, 0.961, 0.974, 0.955, 0.984, 0.666, 0.971, 0.969, 0.969, 0.969, 0.963], "p proportion": [3.078, 2.763, 4.869, 2.927, 2.977, 2.966, 2.969, 2.967, 2.968, 0.0, 0.0, 0.0, 0.0, 0.0, 0.0, 0.0, 0.0, 0.0, 0.0], "d proportion": [0.0, 0.0, 0.0, 0.0, 0.0, 0.0, 0.0, 0.0, 0.0, 0.0, 0.0, 0.0, 0.0, 0.0, 0.0, 0.0, 0.0, 0.0, 0.0], "Fermi-level/eV": -8.5697, "Coordination numbers": [3.75, 3.728, 1.653, 2.961, 2.914, 2.91, 2.912, 2.91, 2.914, 0.924, 0.924, 0.924, 0.924, 0.804, 0.925, 0.925, 0.925, 0.925, 0.925], "Dispersion coefficient C6": [22.572, 18.756, 21.825, 28.249, 28.967, 28.743, 28.765, 28.765, 28.81, 2.325, 2.494, 2.29, 2.721, 0.77, 2.597, 2.561, 2.572, 2.555, 2.441], "Total dispersion C6": 3711.108752, "Total dispersion C8": 86914.901139, "Polarizability alpha": [6.776, 6.183, 6.307, 8.718, 8.826, 8.791, 8.795, 8.795, 8.802, 2.384, 2.47, 2.367, 2.58, 1.379, 2.52, 2.503, 2.508, 2.5, 2.443], "Total polarizability alpha": 95.643497, "Wiberg matrix": [[0.0, 0.9971381062052344, 0.0, 0.0, 0.0, 0.0, 0.0, 0.0, 0.0, 0.9841881902511804, 0.9857155908260835, 0.9830785253423788, 0.0, 0.0, 0.0, 0.0, 0.0, 0.0, 0.0], [0.9971381062052344, 0.0, 0.9719857325114893, 0.9904781425989132, 0.0, 0.0, 0.0, 0.0, 0.0, 0.0, 0.0, 0.0, 0.960724925669419, 0.0, 0.0, 0.0, 0.0, 0.0, 0.0], [0.0, 0.9719857325114893, 0.0, 0.0, 0.0, 0.0, 0.0, 0.0, 0.0, 0.0, 0.0, 0.0, 0.0, 0.9017450004220243, 0.0, 0.0, 0.0, 0.0, 0.0], [0.0, 0.9904781425989132, 0.0, 0.0, 1.4146822787213262, 0.0, 0.10965081559677477, 0.0, 1.4111141352746868, 0.0, 0.0, 0.0, 0.0, 0.0, 0.0, 0.0, 0.0, 0.0, 0.0], [0.0, 0.0, 0.0, 1.4146822787213262, 0.0, 1.4420863292652433, 0.0, 0.111019998237327, 0.0, 0.0, 0.0, 0.0, 0.0, 0.0, 0.9691670504032153, 0.0, 0.0, 0.0, 0.0], [0.0, 0.0, 0.0, 0.0, 1.4420863292652433, 0.0, 1.4395894116230665, 0.0, 0.11222008196816388, 0.0, 0.0, 0.0, 0.0, 0.0, 0.0, 0.9712006533223787, 0.0, 0.0, 0.0], [0.0, 0.0, 0.0, 0.10965081559677477, 0.0, 1.4395894116230665, 0.0, 1.4379167172450682, 0.0, 0.0, 0.0, 0.0, 0.0, 0.0, 0.0, 0.0, 0.9713100205954972, 0.0, 0.0], [0.0, 0.0, 0.0, 0.0, 0.111019998237327, 0.0, 1.4379167172450682, 0.0, 1.4447864777523793, 0.0, 0.0, 0.0, 0.0, 0.0, 0.0, 0.0, 0.0, 0.9710939714502457, 0.0], [0.0, 0.0, 0.0, 1.4111141352746868, 0.0, 0.11222008196816388, 0.0, 1.4447864777523793, 0.0, 0.0, 0.0, 0.0, 0.0, 0.0, 0.0, 0.0, 0.0, 0.0, 0.9684414338761269], [0.9841881902511804, 0.0, 0.0, 0.0, 0.0, 0.0, 0.0, 0.0, 0.0, 0.0, 0.0, 0.0, 0.0, 0.0, 0.0, 0.0, 0.0, 0.0, 0.0], [0.9857155908260835, 0.0, 0.0, 0.0, 0.0, 0.0, 0.0, 0.0, 0.0, 0.0, 0.0, 0.0, 0.0, 0.0, 0.0, 0.0, 0.0, 0.0, 0.0], [0.9830785253423788, 0.0, 0.0, 0.0, 0.0, 0.0, 0.0, 0.0, 0.0, 0.0, 0.0, 0.0, 0.0, 0.0, 0.0, 0.0, 0.0, 0.0, 0.0], [0.0, 0.960724925669419, 0.0, 0.0, 0.0, 0.0, 0.0, 0.0, 0.0, 0.0, 0.0, 0.0, 0.0, 0.0, 0.0, 0.0, 0.0, 0.0, 0.0], [0.0, 0.0, 0.9017450004220243, 0.0, 0.0, 0.0, 0.0, 0.0, 0.0, 0.0, 0.0, 0.0, 0.0, 0.0, 0.0, 0.0, 0.0, 0.0, 0.0], [0.0, 0.0, 0.0, 0.0, 0.9691670504032153, 0.0, 0.0, 0.0, 0.0, 0.0, 0.0, 0.0, 0.0, 0.0, 0.0, 0.0, 0.0, 0.0, 0.0], [0.0, 0.0, 0.0, 0.0, 0.0, 0.9712006533223787, 0.0, 0.0, 0.0, 0.0, 0.0, 0.0, 0.0, 0.0, 0.0, 0.0, 0.0, 0.0, 0.0], [0.0, 0.0, 0.0, 0.0, 0.0, 0.0, 0.9713100205954972, 0.0, 0.0, 0.0, 0.0, 0.0, 0.0, 0.0, 0.0, 0.0, 0.0, 0.0, 0.0], [0.0, 0.0, 0.0, 0.0, 0.0, 0.0, 0.0, 0.9710939714502457, 0.0, 0.0, 0.0, 0.0, 0.0, 0.0, 0.0, 0.0, 0.0, 0.0, 0.0], [0.0, 0.0, 0.0, 0.0, 0.0, 0.0, 0.0, 0.0, 0.9684414338761269, 0.0, 0.0, 0.0, 0.0, 0.0, 0.0, 0.0, 0.0, 0.0, 0.0]], "Born radii": [], "Atomic SASAs": [], "Solvent H bonds": [], "Total SASA": NaN, "Total FOD": 0.0, "FOD": [0.0, 0.0, 0.0, 0.0, 0.0, 0.0, 0.0, 0.0, 0.0, 0.0, 0.0, 0.0, 0.0, 0.0, 0.0, 0.0, 0.0, 0.0, 0.0], "FOD s proportion": [0.0, 0.0, 0.0, 0.0, 0.0, 0.0, 0.0, 0.0, 0.0, 0.0, 0.0, 0.0, 0.0, 0.0, 0.0, 0.0, 0.0, 0.0, 0.0], "FOD p proportion": [0.0, 0.0, 0.0, 0.0, 0.0, 0.0, 0.0, 0.0, 0.0, 0.0, 0.0, 0.0, 0.0, 0.0, 0.0, 0.0, 0.0, 0.0, 0.0], "FOD d proportion": [0.0, 0.0, 0.0, 0.0, 0.0, 0.0, 0.0, 0.0, 0.0, 0.0, 0.0, 0.0, 0.0, 0.0, 0.0, 0.0, 0.0, 0.0, 0.0], "coordinates": [["-2.39920", "-0.28600", "0.85200"], ["-1.57730", "0.02030", "-0.39270"], ["-1.94880", "1.30740", "-0.88400"], ["-0.08710", "-0.02660", "-0.13430"], ["0.70120", "-1.02920", "-0.71750"], ["2.07710", "-1.07650", "-0.48370"], ["2.68030", "-0.12380", "0.33500"], ["1.90940", "0.87730", "0.92150"], ["0.53420", "0.92610", "0.68900"], ["-2.24290", "0.46650", "1.63310"], ["-2.15020", "-1.26900", "1.26460"], ["-3.46850", "-0.26770", "0.61410"], ["-1.84050", "-0.69990", "-1.17590"], ["-1.18910", "1.65070", "-1.38580"], ["0.24970", "-1.78350", "-1.35860"], ["2.67870", "-1.85850", "-0.94010"], ["3.75110", "-0.16240", "0.51690"], ["2.37830", "1.62050", "1.56130"], ["-0.05630", "1.71440", "1.15290"]], "bond_dist": [[0.0, 1.522700689564433, 2.3990580901678893, 2.527030363885642, 3.553611775363201, 4.737746978258759, 5.108318518847469, 4.4634214566854435, 3.178142691887826, 1.0958116398359712, 1.0947733829427895, 1.095597458010925, 2.14379040719936, 3.1973266551918025, 3.7611075257163282, 5.609763548492931, 6.160662225767616, 5.192528766410447, 3.0953709599981716], [1.522700689564433, 0.0, 1.426889746967158, 1.5131643037026745, 2.5295271376286914, 3.8165286059454604, 4.321743844792285, 3.82343399707645, 2.5394843531709346, 2.17852781483276, 2.1764999862164025, 2.1617649455942245, 1.096067753380237, 1.9481147322475645, 2.743097929349224, 4.684343305096244, 5.4085670939723025, 4.693136200878896, 2.7517803636918408], [2.3990580901678893, 1.426889746967158, 0.0, 2.409882358124562, 3.5369367834328056, 4.695858825603683, 4.996284744687797, 4.281416062472789, 2.963951364310825, 2.6700936369348547, 3.360785753361853, 2.6523068657302833, 2.031301993796097, 0.9730376251718122, 3.822605161404981, 5.60712281566937, 6.050759692798914, 4.980092178865768, 2.8100118967719694], [2.527030363885642, 1.5131643037026745, 2.409882358124562, 0.0, 1.4024071769639515, 2.430664931659648, 2.8085927241235957, 2.4326448774944525, 1.4040918310424, 2.8309581434560283, 2.785114105382399, 3.471613130808213, 2.147713903200331, 2.3651620536445277, 2.1677274598066982, 3.4139157707828707, 3.8954181187646597, 3.415581199444686, 2.1653899140801407], [3.553611775363201, 2.5295271376286914, 3.5369367834328056, 1.4024071769639515, 0.0, 1.3964241977278968, 2.4175074394921725, 2.78941041978408, 2.4144004100397263, 4.053413827873981, 3.480905975460986, 4.442908833185754, 2.6036143992534684, 3.3468975171044604, 1.0880394983639152, 2.1558746484895637, 3.4024954974253823, 3.8764034800314584, 3.4058102369333496], [4.737746978258759, 3.8165286059454604, 4.695858825603683, 2.430664931659648, 1.3964241977278968, 0.0, 1.3934694901575706, 2.412476895226149, 2.786785327218442, 5.05213729425478, 4.578610534867537, 5.710779424912155, 3.9960678372620255, 4.349651329704486, 2.145854088702212, 1.087082112813931, 2.153846598530174, 3.3980222836232254, 3.8754326119802416], [5.108318518847469, 4.321743844792285, 4.996284744687797, 2.8085927241235957, 2.4175074394921725, 1.3934694901575706, 0.0, 1.393007634580658, 2.415233160587192, 5.125564938618961, 5.050680097769012, 6.15681293040482, 4.801285521607728, 4.591542142897089, 3.395688650332948, 2.152920495513014, 1.0868257496029436, 2.1535083422174153, 3.3966040702442784], [4.4634214566854435, 3.82343399707645, 4.281416062472789, 2.4326448774944525, 2.78941041978408, 2.412476895226149, 1.393007634580658, 0.0, 1.39556896282484, 4.232815433018549, 4.604853250647625, 5.507025346772975, 4.576941840355851, 3.9398582588717574, 3.8772821331442984, 3.397348773676321, 2.153261744424026, 1.0869947055988818, 2.149013462033219], [3.178142691887826, 2.5394843531709346, 2.963951364310825, 1.4040918310424, 2.4144004100397263, 2.786785327218442, 2.415233160587192, 1.39556896282484, 0.0, 2.9689798551017486, 3.5150793348088176, 4.1776040669264, 3.4294209569546865, 2.7927769495611354, 3.408157591720195, 3.8738668304421617, 3.400425895384282, 2.154948597994857, 1.088719591997866], [1.0958116398359712, 2.17852781483276, 2.6700936369348547, 2.8309581434560283, 4.053413827873981, 5.05213729425478, 5.125564938618961, 4.232815433018549, 2.9689798551017486, 0.0, 1.776610759282967, 1.7548521305226832, 3.0680442826008885, 3.4097773079777514, 4.497312936632272, 6.020725022785877, 6.129392600413192, 4.763649932562216, 2.5630189250179174], [1.0947733829427895, 2.1764999862164025, 3.360785753361853, 2.785114105382399, 3.480905975460986, 4.578610534867537, 5.050680097769012, 4.604853250647625, 3.5150793348088176, 1.776610759282967, 0.0, 1.778669960953971, 2.5250404254189673, 4.058692087360163, 3.5924098457720546, 5.341019336231615, 6.05053390536736, 5.380014255557321, 3.6465832857621665], [1.095597458010925, 2.1617649455942245, 2.6523068657302833, 3.471613130808213, 4.442908833185754, 5.710779424912155, 6.15681293040482, 5.507025346772975, 4.1776040669264, 1.7548521305226832, 1.778669960953971, 0.0, 2.457901714877957, 3.588247891380973, 4.473723971145292, 6.537143880931488, 7.221022094551435, 6.216715959411368, 3.9827295527062847], [2.14379040719936, 1.096067753380237, 2.031301993796097, 2.147713903200331, 2.6036143992534684, 3.9960678372620255, 4.801285521607728, 4.576941840355851, 3.4294209569546865, 3.0680442826008885, 2.5250404254189673, 2.457901714877957, 0.0, 2.4482034903169305, 2.3614623202583607, 4.671308621788973, 5.8668959978850825, 5.538482954744919, 3.799410950397443], [3.1973266551918025, 1.9481147322475645, 0.9730376251718122, 2.3651620536445277, 3.3468975171044604, 4.349651329704486, 4.591542142897089, 3.9398582588717574, 2.7927769495611354, 3.4097773079777514, 4.058692087360163, 3.588247891380973, 2.4482034903169305, 0.0, 3.7235218436313757, 5.241470210732863, 5.595817629265628, 4.627380815320909, 2.7806997716402253], [3.7611075257163282, 2.743097929349224, 3.822605161404981, 2.1677274598066982, 1.0880394983639152, 2.145854088702212, 3.395688650332948, 3.8772821331442984, 3.408157591720195, 4.497312936632272, 3.5924098457720546, 4.473723971145292, 2.3614623202583607, 3.7235218436313757, 0.0, 2.4659294900706312, 4.290136060779425, 4.964269328914377, 4.317009689588384], [5.609763548492931, 4.684343305096244, 5.60712281566937, 3.4139157707828707, 2.1558746484895637, 1.087082112813931, 2.152920495513014, 3.397348773676321, 3.8738668304421617, 6.020725022785877, 5.341019336231615, 6.537143880931488, 4.671308621788973, 5.241470210732863, 2.4659294900706312, 0.0, 2.479847973162871, 4.2954258368641405, 4.9625082780787375], [6.160662225767616, 5.4085670939723025, 6.050759692798914, 3.8954181187646597, 3.4024954974253823, 2.153846598530174, 1.0868257496029436, 2.153261744424026, 3.400425895384282, 6.129392600413192, 6.05053390536736, 7.221022094551435, 5.8668959978850825, 5.595817629265628, 4.290136060779425, 2.479847973162871, 0.0, 2.480742552140387, 4.292221918773539], [5.192528766410447, 4.693136200878896, 4.980092178865768, 3.415581199444686, 3.8764034800314584, 3.3980222836232254, 2.1535083422174153, 1.0869947055988818, 2.154948597994857, 4.763649932562216, 5.380014255557321, 6.216715959411368, 5.538482954744919, 4.627380815320909, 4.964269328914377, 4.2954258368641405, 2.480742552140387, 0.0, 2.470401775015554], [3.0953709599981716, 2.7517803636918408, 2.8100118967719694, 2.1653899140801407, 3.4058102369333496, 3.8754326119802416, 3.3966040702442784, 2.149013462033219, 1.088719591997866, 2.5630189250179174, 3.6465832857621665, 3.9827295527062847, 3.799410950397443, 2.7806997716402253, 4.317009689588384, 4.9625082780787375, 4.292221918773539, 2.470401775015554, 0.0]]}