{"total energy": -52.11778444, "HOMO-LUMO gap/eV": 1.72618947, "electronic energy": -52.74634252, "dipole": [0.02253041, -0.81645187, 0.13453028], "partial charges": [-0.10131926, -0.05256136, -0.06713805, -0.01118167, -0.10463521, -0.02173196, -0.04903956, -0.02987731, -0.08770646, 0.27661683, -0.38015677, -0.14078444, 0.19318515, -0.32794552, -0.13909161, 0.27660935, -0.37978615, 0.03612876, 0.03168716, 0.03416751, 0.03587341, 0.02885611, 0.05578358, 0.03556374, 0.05999525, 0.04789377, 0.02889068, 0.04506723, 0.03923306, 0.06501384, 0.05092775, 0.04091384, 0.05074869, 0.23000925, 0.22979036], "atomic dipole moments": [[-0.04679315, 0.0720643, -0.05720564], [-0.03933649, -0.03040742, 0.10820567], [0.00861531, 0.03298316, -0.13096264], [-0.02736757, 0.07802943, 0.10536896], [-0.0715592, -0.08516986, 0.02630377], [-0.03670848, 0.01330904, 0.01599247], [0.06510573, 0.06888558, -0.10291346], [0.10074739, 0.10691904, 0.09737769], [-0.06816156, -0.01421519, -0.0125467], [-0.05110336, 0.06221947, 0.01512942], [-0.15285515, 0.00679857, -0.10784582], [-0.00374055, -0.00102697, -0.04736523], [0.08973463, -0.09528044, -0.03635501], [0.11771174, -0.1315316, -0.04571511], [0.04668539, 0.0186421, 0.02241878], [-0.05997496, 0.0524763, 0.01880545], [-0.01201856, 0.03337186, 0.1798969], [0.04370951, 0.04683426, 0.10941583], [-0.07685654, -0.09572798, 0.0257238], [0.09802763, -0.04676539, -0.06317489], [0.08643136, 0.08639301, -0.02657219], [-0.03382044, -0.05153879, -0.1067148], [0.04547121, 0.05179706, 0.10893682], [-0.06648994, -0.09539529, 0.0402112], [-0.02261744, -0.06225069, -0.1082006], [0.08817889, -0.03524963, -0.08546538], [-0.0632428, 0.092432, -0.06317281], [0.06446876, 0.05918449, 0.09438639], [-0.10331642, 0.0410361, 0.06123734], [0.05305713, -0.05446898, 0.10430782], [0.10091285, -0.09288185, -0.06776137], [-0.11593212, 0.07997824, 0.05886921], [-0.02611719, -0.11335591, -0.09888303], [0.02284918, 0.0839879, 0.1107529], [-0.08337704, 0.05760344, -0.09741924]], "atomic quadrupole moments": [[-0.04042535, -0.1179314, 0.0534994, 0.07806059, -0.14048996, -0.01307405], [0.02400189, -0.20202069, -0.01230124, -0.05254432, -0.08220969, -0.01170065], [0.064577, -0.18465015, -0.06071497, -0.04809283, -0.07966587, -0.00386203], [0.0933597, -0.05044575, 0.00864979, -0.08347015, -0.11379918, -0.10200948], [0.00421018, 0.12438879, 0.1013861, -0.04314723, -0.07366138, -0.10559628], [-0.04740554, 0.00219955, -0.02202004, 0.02753382, 0.00204159, 0.06942558], [-0.04695575, 0.16409436, 0.10724543, -0.04279534, 0.00561085, -0.06028968], [-0.45188352, 0.05706581, 0.13938474, -0.02429089, -0.31833898, 0.31249878], [-0.35803632, 0.00876017, 0.08638193, -0.04929236, -0.46738678, 0.27165439], [-0.0770397, 0.19187844, 0.09565006, -0.25900375, -0.32678131, -0.01861036], [-0.01696892, 0.09174242, 0.02442878, -0.08628859, -0.13703086, -0.00745986], [0.07025153, -0.02613948, -0.00690767, -0.01017336, -0.07328398, -0.06334386], [-0.00062303, 0.2321019, 0.04188578, -0.11650858, -0.1587829, -0.04126275], [0.11042073, -0.20235792, 0.28586814, -0.36689951, -0.03438881, -0.39628888], [-0.01599678, 0.02318805, 0.02216515, -0.08769761, 0.05005938, -0.00616837], [0.10164874, 0.35872953, 0.21375553, -0.09815565, -0.02723023, -0.31540426], [0.02758279, 0.16456196, 0.07317164, -0.03701076, -0.01413042, -0.10075443], [-0.03921025, 0.01211726, -0.00452625, 0.03488986, 0.04253617, 0.0437365], [0.02127673, 0.05780397, 0.01851328, -0.00523515, -0.02325611, -0.03979001], [0.02743953, -0.03852099, -0.02807486, -0.05261776, 0.01184774, 0.00063534], [0.00691081, 0.03118866, 0.03045676, -0.0056206, -0.0112326, -0.03736757], [-0.0133328, 0.00574497, -0.01077903, 0.03225806, 0.03347108, 0.02411183], [-0.01116527, 0.00964072, 0.00070025, 0.01896255, 0.04335125, 0.01046502], [0.0270669, 0.03583606, 0.01777738, -0.01483591, -0.01338107, -0.04484429], [-0.00367917, 0.01193951, -0.0026713, 0.01748903, 0.01489844, 0.00635047], [0.01019274, -0.02855486, -0.00375283, -0.052857, 0.0364469, -0.00643991], [0.02424153, -0.04567168, 0.00509261, 0.03587041, -0.03651842, -0.02933414], [-0.02862033, 0.02373033, -0.02387275, 0.03788665, 0.03029798, 0.05249307], [0.0343918, -0.03165797, 0.00862143, -0.01550345, 0.02085329, -0.04301323], [0.01504397, -0.02158167, -0.00986976, 0.04543101, -0.02035951, -0.00517421], [0.05101825, 0.00595285, -0.02167, 0.01130247, 0.03939017, -0.02934824], [0.03148592, -0.01654668, -0.00601819, -0.00692982, 0.04269155, -0.02546773], [0.02466699, 0.00610347, 0.00066498, 0.01041049, 0.05093149, -0.02533198], [4.617e-05, -0.03006611, -0.00931825, 0.02443891, 0.02457873, 0.00927208], [-0.00542234, -0.0331029, -0.01199556, 0.02112644, 0.02265911, 0.01741791]], "number of molecular orbitals": 91, "number of electrons": 94, "number of unpaired electrons": 0, "orbital energies/eV": [-20.35936121, -20.23292098, -20.21457465, -19.70815438, -19.32280853, -18.7716122, -18.3468533, -17.99667714, -17.66238006, -17.30861353, -17.0716208, -16.94809548, -16.84656445, -16.488449, -16.36768749, -16.14846106, -15.78100773, -15.65706177, -15.6329072, -15.50810544, -15.27575674, -15.14534344, -14.89039143, -14.57483774, -14.39886395, -14.2342343, -14.16157542, -13.97424771, -13.88313839, -13.61890197, -13.55217183, -13.29785846, -13.02363672, -12.95658586, -12.74645231, -12.62953636, -12.51668124, -12.46456562, -12.3114759, -12.03600433, -11.98812897, -11.77322784, -11.65565499, -11.47205134, -11.4178288, -11.26608298, -10.40450248, -8.67831301, -7.19711285, -6.50583694, -6.11785493, -4.68627746, -1.37386998, -1.06456799, -0.13306446, -0.10234532, 0.08583085, 0.40316397, 0.91094986, 1.11106842, 1.34454883, 1.95762808, 2.41597447, 2.7255454, 3.12959673, 3.30230245, 3.51068913, 3.60445279, 3.81587534, 4.07535445, 4.37223428, 4.45705086, 4.50045178, 4.66623277, 5.09593315, 5.22140179, 5.4657366, 5.7142702, 6.05210059, 6.65075602, 6.78925308, 6.99047937, 7.39998354, 7.65300037, 8.10876787, 10.63895858, 11.55249169, 14.24587627, 14.69498598, 14.95627658, 15.93291243], "fractional occupation": [2.0, 2.0, 2.0, 2.0, 2.0, 2.0, 2.0, 2.0, 2.0, 2.0, 2.0, 2.0, 2.0, 2.0, 2.0, 2.0, 2.0, 2.0, 2.0, 2.0, 2.0, 2.0, 2.0, 2.0, 2.0, 2.0, 2.0, 2.0, 2.0, 2.0, 2.0, 2.0, 2.0, 2.0, 2.0, 2.0, 2.0, 2.0, 2.0, 2.0, 2.0, 2.0, 2.0, 2.0, 2.0, 2.0, 2.0, 0.0, 0.0, 0.0, 0.0, 0.0, 0.0, 0.0, 0.0, 0.0, 0.0, 0.0, 0.0, 0.0, 0.0, 0.0, 0.0, 0.0, 0.0, 0.0, 0.0, 0.0, 0.0, 0.0, 0.0, 0.0, 0.0, 0.0, 0.0, 0.0, 0.0, 0.0, 0.0, 0.0, 0.0, 0.0, 0.0, 0.0, 0.0, 0.0, 0.0, 0.0, 0.0, 0.0, 0.0], "program call": "xtb /home/svss/Project-DBcg-Debug/aqme2_20220329/End-to-End-workflows-final/example-3/QDESCP/mol_92_rdkit_conf_7/mol_92_rdkit_conf_7.xyz --pop --wbo --acc 0.2 --gfn 2 --chrg 0 --uhf 0 --etemp 300 --input /home/svss/Project-DBcg-Debug/aqme2_20220329/End-to-End-workflows-final/example-3/QDESCP/mol_92_rdkit_conf_7/mol_92_rdkit_conf_7_xtb.inp", "method": "GFN2-xTB", "xtb version": "6.3.3 (7355c4f)", "Dipole module/D": 2.104, "Total charge": 0, "Transition dipole module/D": NaN, "HOMO": -10.4045, "LUMO": -8.6783, "HOMO occupancy": 2.0, "LUMO occupancy": 0, "mulliken charges": [-0.08273, -0.03724, -0.05647, 0.00379, -0.09377, -0.05445, -0.03779, -0.02093, -0.06985, 0.47015, -0.51656, -0.30532, 0.32669, -0.25132, -0.30588, 0.47014, -0.5154, 0.03027, 0.02576, 0.02954, 0.02584, 0.02232, 0.04339, 0.02189, 0.04212, 0.03734, 0.03442, 0.03961, 0.03195, 0.05626, 0.03779, 0.03103, 0.04243, 0.26266, 0.26232], "cm5 charges": [-0.23329, -0.1504, -0.16487, -0.05952, -0.24034, -0.05472, -0.13445, -0.08446, -0.17169, 0.568, -0.5646, -0.64904, 0.47641, -0.2606, -0.65011, 0.56853, -0.5611, 0.08157, 0.07704, 0.08031, 0.08127, 0.07721, 0.10416, 0.07964, 0.1064, 0.08949, 0.08998, 0.09486, 0.09369, 0.11423, 0.09424, 0.08415, 0.09464, 0.46178, 0.46159], "FUKUI+": [0.007, 0.003, 0.005, 0.006, 0.013, -0.002, -0.0, 0.003, -0.011, -0.04, -0.123, -0.029, -0.033, -0.304, -0.029, -0.037, -0.118, -0.007, -0.007, -0.016, -0.009, -0.009, -0.003, -0.009, -0.019, -0.03, 0.002, -0.008, -0.01, -0.029, -0.026, -0.017, -0.036, -0.039, -0.039], "FUKUI-": [0.015, 0.006, 0.008, 0.005, 0.013, -0.004, 0.009, -0.012, -0.021, -0.004, -0.054, -0.02, 0.019, -0.325, -0.018, -0.002, -0.049, -0.041, -0.038, -0.032, -0.056, -0.057, -0.048, -0.038, -0.031, -0.022, -0.018, -0.019, -0.017, -0.025, -0.021, -0.029, -0.038, -0.019, -0.019], "FUKUIrad": [0.011, 0.005, 0.006, 0.005, 0.013, -0.003, 0.004, -0.005, -0.016, -0.022, -0.088, -0.025, -0.007, -0.314, -0.024, -0.019, -0.084, -0.024, -0.023, -0.024, -0.033, -0.033, -0.025, -0.023, -0.025, -0.026, -0.008, -0.013, -0.013, -0.027, -0.023, -0.023, -0.037, -0.029, -0.029], "s proportion": [1.008, 1.028, 1.038, 1.063, 1.014, 1.114, 1.039, 1.069, 1.051, 1.012, 1.729, 1.427, 1.02, 1.926, 1.428, 1.012, 1.73, 0.97, 0.974, 0.97, 0.974, 0.978, 0.957, 0.978, 0.958, 0.963, 0.966, 0.96, 0.968, 0.944, 0.962, 0.969, 0.958, 0.737, 0.738], "p proportion": [3.075, 3.01, 3.018, 2.933, 3.08, 2.941, 2.999, 2.952, 3.019, 2.518, 4.787, 3.878, 2.653, 4.334, 3.878, 2.518, 4.785, 0.0, 0.0, 0.0, 0.0, 0.0, 0.0, 0.0, 0.0, 0.0, 0.0, 0.0, 0.0, 0.0, 0.0, 0.0, 0.0, 0.0, 0.0], "d proportion": [0.0, 0.0, 0.0, 0.0, 0.0, 0.0, 0.0, 0.0, 0.0, 0.0, 0.0, 0.0, 0.0, -0.009, 0.0, 0.0, 0.0, 0.0, 0.0, 0.0, 0.0, 0.0, 0.0, 0.0, 0.0, 0.0, 0.0, 0.0, 0.0, 0.0, 0.0, 0.0, 0.0, 0.0, 0.0], "Fermi-level/eV": -9.5414, "Coordination numbers": [3.75, 3.798, 3.799, 3.842, 3.748, 3.895, 3.812, 2.883, 2.834, 2.763, 0.859, 2.752, 2.82, 1.094, 2.752, 2.764, 0.859, 0.924, 0.924, 0.924, 0.924, 0.924, 0.924, 0.924, 0.923, 0.924, 0.924, 0.924, 0.923, 0.924, 0.925, 0.925, 0.925, 0.86, 0.86], "Dispersion coefficient C6": [22.499, 21.52, 21.788, 20.746, 22.566, 20.907, 21.444, 28.743, 30.188, 22.321, 21.288, 24.045, 23.88, 153.371, 24.009, 22.322, 21.281, 2.501, 2.563, 2.528, 2.505, 2.603, 2.249, 2.509, 2.199, 2.346, 2.602, 2.383, 2.459, 2.141, 2.308, 2.437, 2.311, 0.965, 0.966], "Total dispersion C6": 13381.501002, "Total dispersion C8": 332252.589312, "Polarizability alpha": [6.765, 6.605, 6.646, 6.479, 6.775, 6.5, 6.591, 8.789, 9.004, 7.737, 6.186, 7.283, 8.007, 20.944, 7.277, 7.737, 6.185, 2.473, 2.503, 2.487, 2.475, 2.523, 2.345, 2.477, 2.319, 2.396, 2.523, 2.414, 2.452, 2.288, 2.376, 2.441, 2.377, 1.539, 1.54], "Total polarizability alpha": 177.459336, "Wiberg matrix": [[0.0, 1.0195806162507963, 0.0, 0.0, 0.0, 0.0, 0.0, 0.0, 0.0, 0.0, 0.0, 0.0, 0.0, 0.0, 0.0, 0.0, 0.0, 0.9875261413629471, 0.9875038017153595, 0.9869137655206919, 0.0, 0.0, 0.0, 0.0, 0.0, 0.0, 0.0, 0.0, 0.0, 0.0, 0.0, 0.0, 0.0, 0.0, 0.0], [1.0195806162507963, 0.0, 1.0058191423396516, 0.0, 0.0, 0.0, 0.0, 0.0, 0.0, 0.0, 0.0, 0.0, 0.0, 0.0, 0.0, 0.0, 0.0, 0.0, 0.0, 0.0, 0.9764110111099956, 0.9778138275565643, 0.0, 0.0, 0.0, 0.0, 0.0, 0.0, 0.0, 0.0, 0.0, 0.0, 0.0, 0.0, 0.0], [0.0, 1.0058191423396516, 0.0, 0.9947494955810461, 0.0, 0.0, 0.0, 0.0, 0.0, 0.0, 0.0, 0.0, 0.0, 0.0, 0.0, 0.0, 0.0, 0.0, 0.0, 0.0, 0.0, 0.0, 0.9736869977173754, 0.9718885316612725, 0.0, 0.0, 0.0, 0.0, 0.0, 0.0, 0.0, 0.0, 0.0, 0.0, 0.0], [0.0, 0.0, 0.9947494955810461, 0.0, 1.0083902293296156, 0.9553453555378895, 0.0, 0.0, 0.0, 0.0, 0.0, 0.0, 0.0, 0.0, 0.0, 0.0, 0.0, 0.0, 0.0, 0.0, 0.0, 0.0, 0.0, 0.0, 0.9629205270886118, 0.0, 0.0, 0.0, 0.0, 0.0, 0.0, 0.0, 0.0, 0.0, 0.0], [0.0, 0.0, 0.0, 1.0083902293296156, 0.0, 0.0, 0.0, 0.0, 0.0, 0.0, 0.0, 0.0, 0.0, 0.0, 0.0, 0.0, 0.0, 0.0, 0.0, 0.0, 0.0, 0.0, 0.0, 0.0, 0.0, 0.9829509519598645, 0.9852831326478192, 0.9859667409879017, 0.0, 0.0, 0.0, 0.0, 0.0, 0.0, 0.0], [0.0, 0.0, 0.0, 0.9553453555378895, 0.0, 0.0, 0.9144580282289495, 0.0, 0.0, 0.9499731206219737, 0.0, 0.0, 0.0, 0.0, 0.0, 0.9492155977716306, 0.0, 0.0, 0.0, 0.0, 0.0, 0.0, 0.0, 0.0, 0.0, 0.0, 0.0, 0.0, 0.0, 0.0, 0.0, 0.0, 0.0, 0.0, 0.0], [0.0, 0.0, 0.0, 0.0, 0.0, 0.9144580282289495, 0.0, 1.021237985778423, 0.0, 0.0, 0.0, 0.0, 0.0, 0.0, 0.0, 0.0, 0.0, 0.0, 0.0, 0.0, 0.0, 0.0, 0.0, 0.0, 0.0, 0.0, 0.0, 0.0, 0.9721173083927045, 0.9535815014038518, 0.0, 0.0, 0.0, 0.0, 0.0], [0.0, 0.0, 0.0, 0.0, 0.0, 0.0, 1.021237985778423, 0.0, 1.9767124324440093, 0.0, 0.0, 0.0, 0.0, 0.0, 0.0, 0.0, 0.0, 0.0, 0.0, 0.0, 0.0, 0.0, 0.0, 0.0, 0.0, 0.0, 0.0, 0.0, 0.0, 0.0, 0.9641601479484665, 0.0, 0.0, 0.0, 0.0], [0.0, 0.0, 0.0, 0.0, 0.0, 0.0, 0.0, 1.9767124324440093, 0.0, 0.0, 0.0, 0.0, 0.0, 0.0, 0.0, 0.0, 0.0, 0.0, 0.0, 0.0, 0.0, 0.0, 0.0, 0.0, 0.0, 0.0, 0.0, 0.0, 0.0, 0.0, 0.0, 0.9757534706565579, 0.9760396972295275, 0.0, 0.0], [0.0, 0.0, 0.0, 0.0, 0.0, 0.9499731206219737, 0.0, 0.0, 0.0, 0.0, 1.7412323292683427, 1.1373783352499298, 0.0, 0.0, 0.0, 0.0, 0.0, 0.0, 0.0, 0.0, 0.0, 0.0, 0.0, 0.0, 0.0, 0.0, 0.0, 0.0, 0.0, 0.0, 0.0, 0.0, 0.0, 0.0, 0.0], [0.0, 0.0, 0.0, 0.0, 0.0, 0.0, 0.0, 0.0, 0.0, 1.7412323292683427, 0.0, 0.12953681904532793, 0.0, 0.0, 0.0, 0.0, 0.0, 0.0, 0.0, 0.0, 0.0, 0.0, 0.0, 0.0, 0.0, 0.0, 0.0, 0.0, 0.0, 0.0, 0.0, 0.0, 0.0, 0.0, 0.0], [0.0, 0.0, 0.0, 0.0, 0.0, 0.0, 0.0, 0.0, 0.0, 1.1373783352499298, 0.12953681904532793, 0.0, 1.1866292357545807, 0.0, 0.0, 0.0, 0.0, 0.0, 0.0, 0.0, 0.0, 0.0, 0.0, 0.0, 0.0, 0.0, 0.0, 0.0, 0.0, 0.0, 0.0, 0.0, 0.0, 0.9113159605226338, 0.0], [0.0, 0.0, 0.0, 0.0, 0.0, 0.0, 0.0, 0.0, 0.0, 0.0, 0.0, 1.1866292357545807, 0.0, 1.5318714066337358, 1.1863590080836088, 0.0, 0.0, 0.0, 0.0, 0.0, 0.0, 0.0, 0.0, 0.0, 0.0, 0.0, 0.0, 0.0, 0.0, 0.0, 0.0, 0.0, 0.0, 0.0, 0.0], [0.0, 0.0, 0.0, 0.0, 0.0, 0.0, 0.0, 0.0, 0.0, 0.0, 0.0, 0.0, 1.5318714066337358, 0.0, 0.0, 0.0, 0.0, 0.0, 0.0, 0.0, 0.0, 0.0, 0.0, 0.0, 0.0, 0.0, 0.0, 0.0, 0.0, 0.0, 0.0, 0.0, 0.0, 0.0, 0.0], [0.0, 0.0, 0.0, 0.0, 0.0, 0.0, 0.0, 0.0, 0.0, 0.0, 0.0, 0.0, 1.1863590080836088, 0.0, 0.0, 1.1347286819961901, 0.12700892223507013, 0.0, 0.0, 0.0, 0.0, 0.0, 0.0, 0.0, 0.0, 0.0, 0.0, 0.0, 0.0, 0.0, 0.0, 0.0, 0.0, 0.0, 0.9107865362670302], [0.0, 0.0, 0.0, 0.0, 0.0, 0.9492155977716306, 0.0, 0.0, 0.0, 0.0, 0.0, 0.0, 0.0, 0.0, 1.1347286819961901, 0.0, 1.747410434311031, 0.0, 0.0, 0.0, 0.0, 0.0, 0.0, 0.0, 0.0, 0.0, 0.0, 0.0, 0.0, 0.0, 0.0, 0.0, 0.0, 0.0, 0.0], [0.0, 0.0, 0.0, 0.0, 0.0, 0.0, 0.0, 0.0, 0.0, 0.0, 0.0, 0.0, 0.0, 0.0, 0.12700892223507013, 1.747410434311031, 0.0, 0.0, 0.0, 0.0, 0.0, 0.0, 0.0, 0.0, 0.0, 0.0, 0.0, 0.0, 0.0, 0.0, 0.0, 0.0, 0.0, 0.0, 0.0], [0.9875261413629471, 0.0, 0.0, 0.0, 0.0, 0.0, 0.0, 0.0, 0.0, 0.0, 0.0, 0.0, 0.0, 0.0, 0.0, 0.0, 0.0, 0.0, 0.0, 0.0, 0.0, 0.0, 0.0, 0.0, 0.0, 0.0, 0.0, 0.0, 0.0, 0.0, 0.0, 0.0, 0.0, 0.0, 0.0], [0.9875038017153595, 0.0, 0.0, 0.0, 0.0, 0.0, 0.0, 0.0, 0.0, 0.0, 0.0, 0.0, 0.0, 0.0, 0.0, 0.0, 0.0, 0.0, 0.0, 0.0, 0.0, 0.0, 0.0, 0.0, 0.0, 0.0, 0.0, 0.0, 0.0, 0.0, 0.0, 0.0, 0.0, 0.0, 0.0], [0.9869137655206919, 0.0, 0.0, 0.0, 0.0, 0.0, 0.0, 0.0, 0.0, 0.0, 0.0, 0.0, 0.0, 0.0, 0.0, 0.0, 0.0, 0.0, 0.0, 0.0, 0.0, 0.0, 0.0, 0.0, 0.0, 0.0, 0.0, 0.0, 0.0, 0.0, 0.0, 0.0, 0.0, 0.0, 0.0], [0.0, 0.9764110111099956, 0.0, 0.0, 0.0, 0.0, 0.0, 0.0, 0.0, 0.0, 0.0, 0.0, 0.0, 0.0, 0.0, 0.0, 0.0, 0.0, 0.0, 0.0, 0.0, 0.0, 0.0, 0.0, 0.0, 0.0, 0.0, 0.0, 0.0, 0.0, 0.0, 0.0, 0.0, 0.0, 0.0], [0.0, 0.9778138275565643, 0.0, 0.0, 0.0, 0.0, 0.0, 0.0, 0.0, 0.0, 0.0, 0.0, 0.0, 0.0, 0.0, 0.0, 0.0, 0.0, 0.0, 0.0, 0.0, 0.0, 0.0, 0.0, 0.0, 0.0, 0.0, 0.0, 0.0, 0.0, 0.0, 0.0, 0.0, 0.0, 0.0], [0.0, 0.0, 0.9736869977173754, 0.0, 0.0, 0.0, 0.0, 0.0, 0.0, 0.0, 0.0, 0.0, 0.0, 0.0, 0.0, 0.0, 0.0, 0.0, 0.0, 0.0, 0.0, 0.0, 0.0, 0.0, 0.0, 0.0, 0.0, 0.0, 0.0, 0.0, 0.0, 0.0, 0.0, 0.0, 0.0], [0.0, 0.0, 0.9718885316612725, 0.0, 0.0, 0.0, 0.0, 0.0, 0.0, 0.0, 0.0, 0.0, 0.0, 0.0, 0.0, 0.0, 0.0, 0.0, 0.0, 0.0, 0.0, 0.0, 0.0, 0.0, 0.0, 0.0, 0.0, 0.0, 0.0, 0.0, 0.0, 0.0, 0.0, 0.0, 0.0], [0.0, 0.0, 0.0, 0.9629205270886118, 0.0, 0.0, 0.0, 0.0, 0.0, 0.0, 0.0, 0.0, 0.0, 0.0, 0.0, 0.0, 0.0, 0.0, 0.0, 0.0, 0.0, 0.0, 0.0, 0.0, 0.0, 0.0, 0.0, 0.0, 0.0, 0.0, 0.0, 0.0, 0.0, 0.0, 0.0], [0.0, 0.0, 0.0, 0.0, 0.9829509519598645, 0.0, 0.0, 0.0, 0.0, 0.0, 0.0, 0.0, 0.0, 0.0, 0.0, 0.0, 0.0, 0.0, 0.0, 0.0, 0.0, 0.0, 0.0, 0.0, 0.0, 0.0, 0.0, 0.0, 0.0, 0.0, 0.0, 0.0, 0.0, 0.0, 0.0], [0.0, 0.0, 0.0, 0.0, 0.9852831326478192, 0.0, 0.0, 0.0, 0.0, 0.0, 0.0, 0.0, 0.0, 0.0, 0.0, 0.0, 0.0, 0.0, 0.0, 0.0, 0.0, 0.0, 0.0, 0.0, 0.0, 0.0, 0.0, 0.0, 0.0, 0.0, 0.0, 0.0, 0.0, 0.0, 0.0], [0.0, 0.0, 0.0, 0.0, 0.9859667409879017, 0.0, 0.0, 0.0, 0.0, 0.0, 0.0, 0.0, 0.0, 0.0, 0.0, 0.0, 0.0, 0.0, 0.0, 0.0, 0.0, 0.0, 0.0, 0.0, 0.0, 0.0, 0.0, 0.0, 0.0, 0.0, 0.0, 0.0, 0.0, 0.0, 0.0], [0.0, 0.0, 0.0, 0.0, 0.0, 0.0, 0.9721173083927045, 0.0, 0.0, 0.0, 0.0, 0.0, 0.0, 0.0, 0.0, 0.0, 0.0, 0.0, 0.0, 0.0, 0.0, 0.0, 0.0, 0.0, 0.0, 0.0, 0.0, 0.0, 0.0, 0.0, 0.0, 0.0, 0.0, 0.0, 0.0], [0.0, 0.0, 0.0, 0.0, 0.0, 0.0, 0.9535815014038518, 0.0, 0.0, 0.0, 0.0, 0.0, 0.0, 0.0, 0.0, 0.0, 0.0, 0.0, 0.0, 0.0, 0.0, 0.0, 0.0, 0.0, 0.0, 0.0, 0.0, 0.0, 0.0, 0.0, 0.0, 0.0, 0.0, 0.0, 0.0], [0.0, 0.0, 0.0, 0.0, 0.0, 0.0, 0.0, 0.9641601479484665, 0.0, 0.0, 0.0, 0.0, 0.0, 0.0, 0.0, 0.0, 0.0, 0.0, 0.0, 0.0, 0.0, 0.0, 0.0, 0.0, 0.0, 0.0, 0.0, 0.0, 0.0, 0.0, 0.0, 0.0, 0.0, 0.0, 0.0], [0.0, 0.0, 0.0, 0.0, 0.0, 0.0, 0.0, 0.0, 0.9757534706565579, 0.0, 0.0, 0.0, 0.0, 0.0, 0.0, 0.0, 0.0, 0.0, 0.0, 0.0, 0.0, 0.0, 0.0, 0.0, 0.0, 0.0, 0.0, 0.0, 0.0, 0.0, 0.0, 0.0, 0.0, 0.0, 0.0], [0.0, 0.0, 0.0, 0.0, 0.0, 0.0, 0.0, 0.0, 0.9760396972295275, 0.0, 0.0, 0.0, 0.0, 0.0, 0.0, 0.0, 0.0, 0.0, 0.0, 0.0, 0.0, 0.0, 0.0, 0.0, 0.0, 0.0, 0.0, 0.0, 0.0, 0.0, 0.0, 0.0, 0.0, 0.0, 0.0], [0.0, 0.0, 0.0, 0.0, 0.0, 0.0, 0.0, 0.0, 0.0, 0.0, 0.0, 0.9113159605226338, 0.0, 0.0, 0.0, 0.0, 0.0, 0.0, 0.0, 0.0, 0.0, 0.0, 0.0, 0.0, 0.0, 0.0, 0.0, 0.0, 0.0, 0.0, 0.0, 0.0, 0.0, 0.0, 0.0], [0.0, 0.0, 0.0, 0.0, 0.0, 0.0, 0.0, 0.0, 0.0, 0.0, 0.0, 0.0, 0.0, 0.0, 0.9107865362670302, 0.0, 0.0, 0.0, 0.0, 0.0, 0.0, 0.0, 0.0, 0.0, 0.0, 0.0, 0.0, 0.0, 0.0, 0.0, 0.0, 0.0, 0.0, 0.0, 0.0]], "Born radii": [], "Atomic SASAs": [], "Solvent H bonds": [], "Total SASA": NaN, "Total FOD": 0.0, "FOD": [0.0, 0.0, 0.0, 0.0, 0.0, 0.0, 0.0, 0.0, 0.0, 0.0, 0.0, 0.0, 0.0, 0.0, 0.0, 0.0, 0.0, 0.0, 0.0, 0.0, 0.0, 0.0, 0.0, 0.0, 0.0, 0.0, 0.0, 0.0, 0.0, 0.0, 0.0, 0.0, 0.0, 0.0, 0.0], "FOD s proportion": [0.0, 0.0, 0.0, 0.0, 0.0, 0.0, 0.0, 0.0, 0.0, 0.0, 0.0, 0.0, 0.0, 0.0, 0.0, 0.0, 0.0, 0.0, 0.0, 0.0, 0.0, 0.0, 0.0, 0.0, 0.0, 0.0, 0.0, 0.0, 0.0, 0.0, 0.0, 0.0, 0.0, 0.0, 0.0], "FOD p proportion": [0.0, 0.0, 0.0, 0.0, 0.0, 0.0, 0.0, 0.0, 0.0, 0.0, 0.0, 0.0, 0.0, 0.0, 0.0, 0.0, 0.0, 0.0, 0.0, 0.0, 0.0, 0.0, 0.0, 0.0, 0.0, 0.0, 0.0, 0.0, 0.0, 0.0, 0.0, 0.0, 0.0, 0.0, 0.0], "FOD d proportion": [0.0, 0.0, 0.0, 0.0, 0.0, 0.0, 0.0, 0.0, 0.0, 0.0, 0.0, 0.0, 0.0, 0.0, 0.0, 0.0, 0.0, 0.0, 0.0, 0.0, 0.0, 0.0, 0.0, 0.0, 0.0, 0.0, 0.0, 0.0, 0.0, 0.0, 0.0, 0.0, 0.0, 0.0, 0.0], "coordinates": [["3.43820", "-2.53190", "0.37200"], ["2.74530", "-1.46270", "-0.46030"], ["1.54640", "-0.86330", "0.28580"], ["0.71270", "0.12280", "-0.57420"], ["1.58510", "1.30150", "-1.05190"], ["-0.61860", "0.63010", "0.10180"], ["-1.47930", "-0.51120", "0.73100"], ["-1.89630", "-1.60950", "-0.21290"], ["-3.16940", "-1.88440", "-0.52440"], ["-0.34500", "1.59830", "1.25440"], ["0.64480", "1.55220", "1.98010"], ["-1.33170", "2.51190", "1.52910"], ["-2.35550", "2.84850", "0.70070"], ["-3.43170", "4.04860", "1.10200"], ["-2.44430", "2.18580", "-0.48140"], ["-1.50580", "1.30460", "-0.95280"], ["-1.44430", "1.07730", "-2.15930"], ["3.80410", "-2.11720", "1.31670"], ["2.75530", "-3.35660", "0.59950"], ["4.29400", "-2.94130", "-0.17390"], ["3.47640", "-0.68310", "-0.69830"], ["2.41340", "-1.90480", "-1.40660"], ["1.91270", "-0.36970", "1.19180"], ["0.91580", "-1.69490", "0.61440"], ["0.42880", "-0.42900", "-1.48150"], ["2.34300", "0.96090", "-1.76480"], ["0.99510", "2.06560", "-1.56670"], ["2.10590", "1.78290", "-0.21830"], ["-2.38120", "-0.08500", "1.19350"], ["-0.93830", "-0.96980", "1.56890"], ["-1.11180", "-2.21990", "-0.65680"], ["-4.00070", "-1.32050", "-0.11320"], ["-3.40810", "-2.69180", "-1.21120"], ["-1.17740", "3.09370", "2.34390"], ["-3.07770", "2.56200", "-1.17660"]], "bond_dist": [[0.0, 1.5218483301564583, 2.523997551504359, 3.9205964826796444, 4.489590892275153, 5.150619213259703, 5.328594161690305, 5.445164829461088, 6.699490052981644, 5.670077957136039, 5.2027821384332436, 7.037808242627813, 7.9135142345231175, 9.541038007470677, 7.588727897348805, 6.396636873389015, 6.578192044931495, 1.0946766600234061, 1.0946409228600948, 1.0945358879452054, 2.136600751193353, 2.146366094122808, 2.770258314670312, 2.668675424250765, 4.112680272036717, 4.238517325669437, 5.555564917269891, 4.554226215286192, 6.366128982356546, 4.798591279740337, 4.6752832470343435, 7.552492450178285, 7.028791783798978, 7.539199448880498, 8.41444781194821], [1.5218483301564583, 0.0, 1.5340491452362273, 2.5803577697675957, 3.055626979852089, 4.001448670169343, 4.491301938191196, 4.650506161698961, 5.930060352981241, 4.67545411484275, 4.411040061028691, 6.031342016500142, 6.778829329611418, 8.424401342528737, 6.343811600292052, 5.096308149042795, 5.185648383760704, 2.1695982784838304, 2.170284140383466, 2.160267254299801, 1.0949554191838131, 1.095944209346443, 2.1487917930781473, 2.1344711710397966, 2.7345122746113244, 2.7816186834287695, 4.0909927755986075, 3.3168231366776246, 5.560046221030901, 4.234325449230372, 3.9356301274382988, 6.756420298501271, 6.319720656801216, 6.634146055823614, 7.114676716478408], [2.523997551504359, 1.5340491452362273, 0.0, 1.5514666931648904, 2.5450536379416446, 2.6365364704475454, 3.078479809906182, 3.5577660715679444, 4.892631080512816, 3.2519308848744, 3.0851540156044073, 4.606650577154729, 5.401335470048126, 7.040910712400776, 5.0804815854404985, 3.94332920385808, 4.323046247728562, 2.7806886395279857, 2.7886182582060237, 3.4754444104315634, 2.1738962371741666, 2.168093404353235, 1.0948299639670078, 1.0941630957037438, 2.1356487398446404, 2.857837917027486, 3.509151343273755, 2.751278157511523, 4.105570842160685, 2.798467786128688, 3.129678187929232, 5.5801927610074555, 5.4892159276166215, 5.226156431834011, 5.937473760784127], [3.9205964826796444, 2.5803577697675957, 1.5514666931648904, 0.0, 1.5422751829683314, 1.5769238979735198, 2.6287576989901527, 3.1525040808855427, 4.370587179087038, 2.5767435844491784, 2.9278393501010265, 3.783020097752588, 4.29751809071236, 5.949588510140849, 3.7724302299711256, 2.5419935975529127, 2.841876362546407, 4.260264870873641, 4.201905616503065, 4.730185893810094, 2.8814776261494726, 2.774244403436727, 2.191189688274386, 2.1812961422053636, 1.0992159660412506, 2.185822055886526, 2.199835868877494, 2.1962702611472933, 3.56933626042714, 2.917610901062717, 2.9704993351286917, 4.950936825490707, 5.030778746874086, 4.57318624484068, 4.547495416160417], [4.489590892275153, 3.055626979852089, 2.5450536379416446, 1.5422751829683314, 0.0, 2.576450143123286, 3.9818539727117064, 4.614974318455087, 5.7474764297037355, 3.021985430143567, 3.1843427233889257, 4.078523188606385, 4.581827596058149, 6.11180217775412, 4.164555330404436, 3.092489810815874, 3.23324369016627, 4.713993704917308, 5.0788173436342445, 5.109831215412109, 2.764179048108136, 3.3305033658592813, 2.8168104107305485, 3.493269405585547, 2.125139077801733, 1.094827465859347, 1.0940602588523174, 1.094471360977527, 4.764004523507508, 4.288932721552064, 4.453047448658054, 6.241570581992965, 6.395613154342592, 4.730205569528665, 4.831781677600924], [5.150619213259703, 4.001448670169343, 2.6365364704475454, 1.5769238979735198, 2.576450143123286, 0.0, 1.5618139517881124, 2.597568389860024, 3.6361266933372933, 1.529952600572972, 2.444270619223657, 2.467157907390607, 2.8804168760788778, 4.538730428214481, 2.4685026271000803, 1.534358253472767, 2.4483344420238016, 5.346392670764092, 5.24639718187634, 6.079847630492067, 4.374206127973395, 4.2301315074120325, 2.931753695316167, 2.8324489615878345, 2.173839566297384, 3.5163473605433238, 2.7292087113300805, 2.975619616147198, 2.193156551639668, 2.1941445964202084, 2.9901873185471173, 3.9102002212163, 4.532140648744256, 3.377661144934465, 3.3784193019813276], [5.328594161690305, 4.491301938191196, 3.078479809906182, 2.6287576989901527, 3.9818539727117064, 1.5618139517881124, 0.0, 1.5070166223369932, 2.5135921327852695, 2.451647262556341, 3.2139805817708362, 3.130157021620481, 3.4722080323621167, 4.974060996811358, 3.1104578055328123, 2.476492344022085, 3.298240643130819, 5.55307086664667, 5.103472403178056, 6.328919568931177, 5.160563010951422, 4.654521243908981, 3.4260798137229673, 2.6741812317043885, 2.9227998049815183, 4.7964646709842444, 4.247585065657897, 4.360931590841572, 1.0995345833578862, 1.0977574276678796, 2.2317483684322474, 2.7794060678497483, 3.499632357834177, 3.9607946210325022, 3.9545389819800736], [5.445164829461088, 4.650506161698961, 3.5577660715679444, 3.1525040808855427, 4.614974318455087, 2.597568389860024, 1.5070166223369932, 0.0, 1.3391735772482967, 3.8535025392491957, 4.611158758923835, 4.50990854896194, 4.573761427971512, 6.00837006017439, 3.8440471303042063, 3.0318181129480704, 3.348383371121055, 5.923849728850319, 5.034852006762463, 6.332063354863088, 5.4735487035377695, 4.481700109333511, 4.244851838403786, 2.9325116981863855, 2.899830377797984, 5.194902719012167, 4.86819560104152, 5.24652377865573, 2.1300678909368123, 2.1217425220794346, 1.0886117857161022, 2.126490171620833, 2.1103353809288232, 5.401308516461543, 4.44137770292057], [6.699490052981644, 5.930060352981241, 4.892631080512816, 4.370587179087038, 5.7474764297037355, 3.6361266933372933, 2.5135921327852695, 1.3391735772482967, 0.0, 4.823957305988518, 5.712342903747989, 5.1885891367499894, 4.956172477830044, 6.1574724725328664, 4.1345068690231965, 3.622266213297968, 3.797437940243395, 7.216200336742322, 6.207462777979421, 7.546007382715709, 6.755739821810783, 5.652110122777157, 5.573813680057848, 4.245189598828302, 3.997658415872972, 6.326205656631785, 5.833690901993352, 6.432074050413288, 2.6096513196210713, 3.1931497396771107, 2.0889728983402343, 1.0854162058860188, 1.0865388580257958, 6.080846034886922, 4.494913424082826], [5.670077957136039, 4.67545411484275, 3.2519308848744, 2.5767435844491784, 3.021985430143567, 1.529952600572972, 2.451647262556341, 3.8535025392491957, 4.823957305988518, 0.0, 1.2281977609489443, 1.3724802147936415, 2.4313975363975344, 3.943971696145905, 2.786614142646951, 2.5110651465065574, 3.623982502717142, 5.569905955220428, 5.881478394927589, 6.645925823389845, 4.860135925053949, 5.192436920175343, 2.995688910751582, 3.5839060925197246, 3.491970867576074, 4.09233324645, 3.157980764665928, 2.865280659900527, 2.6425968553678407, 2.654440195220077, 4.3381238940353, 4.873793767692679, 5.8195122630681, 2.0288226068338258, 3.7823442439841464], [5.2027821384332436, 4.411040061028691, 3.0851540156044073, 2.9278393501010265, 3.1843427233889257, 2.444270619223657, 3.2139805817708362, 4.611158758923835, 5.712342903747989, 1.2281977609489443, 0.0, 2.242984025801343, 3.5098515837567836, 4.860136296442724, 4.000371235273047, 3.6453104847186886, 4.6609549643823, 4.887307275995648, 5.518748413363305, 6.176400156239879, 4.493144913087046, 5.152526744229476, 2.4336571060854073, 3.533020789635974, 3.9943064479331074, 4.154250225973395, 3.6008443301536937, 2.649716637680339, 3.5292831283420716, 3.005956594829673, 4.926217979342773, 5.849357266401156, 6.679964827751715, 2.4143292091179283, 4.984120502154818], [7.037808242627813, 6.031342016500142, 4.606650577154729, 3.783020097752588, 4.078523188606385, 2.467157907390607, 3.130157021620481, 4.50990854896194, 5.1885891367499894, 1.3724802147936415, 2.242984025801343, 0.0, 1.3593059111178765, 2.6370175008899737, 2.320846875603817, 2.7654496397511923, 3.95917295403977, 6.917378275763151, 7.211589104351411, 8.017861294011016, 6.1876620277775345, 6.492406902682548, 4.352415560352664, 4.85644917403652, 4.562013307740345, 5.172890710231562, 3.8983534434425002, 3.9245307388272552, 2.8209869230466134, 3.5040808338278953, 5.216938379931279, 4.950555529433035, 6.236920292900976, 1.013014693871713, 3.22053388431173], [7.9135142345231175, 6.778829329611418, 5.401335470048126, 4.29751809071236, 4.581827596058149, 2.8804168760788778, 3.4722080323621167, 4.573761427971512, 4.956172477830044, 2.4313975363975344, 3.5098515837567836, 1.3593059111178765, 0.0, 1.661170713683576, 1.3580932000418822, 2.416542892232621, 3.4852596574717354, 7.935887136924265, 8.039513921251707, 8.86016701027695, 6.959917899659449, 7.055280390601071, 5.368009099284389, 5.599226280478402, 4.8224816827023815, 5.631840397241385, 4.1207469626270425, 4.678050269075783, 2.974715882231444, 4.164329714371809, 5.392427514580053, 4.5551813630194795, 5.954683237587035, 2.0367004909902686, 2.031725960852004], [9.541038007470677, 8.424401342528737, 7.040910712400776, 5.949588510140849, 6.11180217775412, 4.538730428214481, 4.974060996811358, 6.00837006017439, 6.1574724725328664, 3.943971696145905, 4.860136296442724, 2.6370175008899737, 1.661170713683576, 0.0, 2.636690759266244, 3.932026176159056, 4.83884905116909, 9.508942494830853, 9.662735755985466, 10.496335708712827, 8.56457299519363, 8.712131744297718, 6.934843205869907, 7.219854725685276, 6.451886100978536, 7.148397975770515, 5.536317090810461, 6.1271202322135, 4.265978370784363, 5.623111036605983, 6.9115414850813135, 5.53423046592749, 7.126320464306949, 2.7451808883933317, 2.743594999266474], [7.588727897348805, 6.343811600292052, 5.0804815854404985, 3.7724302299711256, 4.164555330404436, 2.4685026271000803, 3.1104578055328123, 3.8440471303042063, 4.1345068690231965, 2.786614142646951, 4.000371235273047, 2.320846875603817, 1.3580932000418822, 2.636690759266244, 0.0, 1.3709535550119851, 2.2459119884804037, 7.796888813494778, 7.676091631162307, 8.47268538009054, 6.582729016904767, 6.417651649162645, 5.321055110596018, 5.248893420522082, 4.011493819015555, 5.105461473755335, 3.6085726388698345, 4.575573194693754, 2.822375641193071, 4.053341516576169, 4.606138719144268, 3.8538411864009134, 5.025186587580604, 3.2267070071514086, 1.0129289412392164], [6.396636873389015, 5.096308149042795, 3.94332920385808, 2.5419935975529127, 3.092489810815874, 1.534358253472767, 2.476492344022085, 3.0318181129480704, 3.622266213297968, 2.5110651465065574, 3.6453104847186886, 2.7654496397511923, 2.416542892232621, 3.932026176159056, 1.3709535550119851, 0.0, 1.229263922028138, 6.712256215312404, 6.503337138731161, 7.2299399762377, 5.370105993367356, 5.08589337678249, 4.369065334828491, 4.161401524726976, 2.6509563953411233, 3.948510495110783, 2.6852364923782783, 3.7165357565883848, 2.7025759952312165, 3.44295258462849, 3.558785221111271, 3.7176073192310133, 4.433590961060797, 3.7652299079870275, 2.025342146403911], [6.578192044931495, 5.185648383760704, 4.323046247728562, 2.841876362546407, 3.23324369016627, 2.4483344420238016, 3.298240643130819, 3.348383371121055, 3.797437940243395, 3.623982502717142, 4.6609549643823, 3.95917295403977, 3.4852596574717354, 4.83884905116909, 2.2459119884804037, 1.229263922028138, 0.0, 7.059256958774061, 6.70127501375671, 7.281417857120961, 5.4264922049147, 4.933693037674719, 4.959146016200774, 4.576961496451548, 2.497369844456363, 3.8095695951117627, 2.6978850994807027, 4.107221980852752, 3.6701485991714287, 4.28323822008536, 3.6386247869215644, 4.058466583575624, 4.354482616798464, 4.941246281050965, 2.416201345086953], [1.0946766600234061, 2.1695982784838304, 2.7806886395279857, 4.260264870873641, 4.713993704917308, 5.346392670764092, 5.55307086664667, 5.923849728850319, 7.216200336742322, 5.569905955220428, 4.887307275995648, 6.917378275763151, 7.935887136924265, 9.508942494830853, 7.796888813494778, 6.712256215312404, 7.059256958774061, 0.0, 1.7749562360802025, 1.772295455052571, 2.4948457066520167, 3.065211761037074, 2.578129209329897, 3.002305692297172, 4.698147780774888, 4.594034726686337, 5.80519529387255, 4.522265831416813, 6.511754845661804, 4.88574348078161, 5.2982376645446925, 7.974600174303411, 7.663959316828346, 7.281755344695399, 8.687383309719905], [1.0946409228600948, 2.170284140383466, 2.7886182582060237, 4.201905616503065, 5.0788173436342445, 5.24639718187634, 5.103472403178056, 5.034852006762463, 6.207462777979421, 5.881478394927589, 5.518748413363305, 7.211589104351411, 8.039513921251707, 9.662735755985466, 7.676091631162307, 6.503337138731161, 6.70127501375671, 1.7749562360802025, 0.0, 1.771502001127856, 3.058083108746392, 2.4998112048712797, 3.1594881958950247, 2.4789572707087952, 4.2794865357890775, 4.939707686695641, 6.098440728579725, 5.2445188006146, 6.118809917786301, 4.50324677982453, 4.221947298344686, 7.09205051448451, 6.458180323434768, 7.7534141344313605, 8.4975435373995], [1.0945358879452054, 2.160267254299801, 3.4754444104315634, 4.730185893810094, 5.109831215412109, 6.079847630492067, 6.328919568931177, 6.332063354863088, 7.546007382715709, 6.645925823389845, 6.176400156239879, 8.017861294011016, 8.86016701027695, 10.496335708712827, 8.47268538009054, 7.2299399762377, 7.281417857120961, 1.772295455052571, 1.771502001127856, 0.0, 2.4582376532792756, 2.4759923061269795, 3.7614960773607087, 3.68607719533924, 4.791788819428502, 4.64376233780326, 6.155621874351932, 5.206516936494109, 7.3882695869871995, 5.856716433292634, 5.475060183230865, 8.451788285327549, 7.775640549176639, 8.526239487605306, 9.25384671744675], [2.136600751193353, 1.0949554191838131, 2.1738962371741666, 2.8814776261494726, 2.764179048108136, 4.374206127973395, 5.160563010951422, 5.4735487035377695, 6.755739821810783, 4.860135925053949, 4.493144913087046, 6.1876620277775345, 6.959917899659449, 8.56457299519363, 6.582729016904767, 5.370105993367356, 5.4264922049147, 2.4948457066520167, 3.058083108746392, 2.4582376532792756, 0.0, 1.7675431479881898, 2.4730255275673962, 3.0501791570332393, 3.156871047413879, 2.2637919096065344, 3.8034615733565653, 2.861787247508102, 6.184505526717556, 4.97111343865738, 4.838910593305067, 7.52699443204258, 7.189873597637166, 6.721387767418274, 7.329097605435474], [2.146366094122808, 1.095944209346443, 2.168093404353235, 2.774244403436727, 3.3305033658592813, 4.2301315074120325, 4.654521243908981, 4.481700109333511, 5.652110122777157, 5.192436920175343, 5.152526744229476, 6.492406902682548, 7.055280390601071, 8.712131744297718, 6.417651649162645, 5.08589337678249, 4.933693037674719, 3.065211761037074, 2.4998112048712797, 2.4759923061269795, 1.7675431479881898, 0.0, 3.0592343911508317, 2.524144363938006, 2.4743146141911705, 2.8888578867780947, 4.2191566763987325, 3.8866109182679964, 5.749815754439442, 4.578396896294597, 3.6178063920005448, 6.569244162002201, 5.877704688907057, 7.207294717159831, 7.082187617537396], [2.770258314670312, 2.1487917930781473, 1.0948299639670078, 2.191189688274386, 2.8168104107305485, 2.931753695316167, 3.4260798137229673, 4.244851838403786, 5.573813680057848, 2.995688910751582, 2.4336571060854073, 4.352415560352664, 5.368009099284389, 6.934843205869907, 5.321055110596018, 4.369065334828491, 4.959146016200774, 2.578129209329897, 3.1594881958950247, 3.7614960773607087, 2.4730255275673962, 3.0592343911508317, 0.0, 1.7559485784042768, 3.058105392232256, 3.2706479495659573, 3.792360491830912, 2.580580363019141, 4.3033282689100085, 2.9377755904765768, 3.998520007452757, 6.1298731797648145, 6.2831099027472055, 4.7823835040699105, 6.253660976580038], [2.668675424250765, 2.1344711710397966, 1.0941630957037438, 2.1812961422053636, 3.493269405585547, 2.8324489615878345, 2.6741812317043885, 2.9325116981863855, 4.245189598828302, 3.5839060925197246, 3.533020789635974, 4.85644917403652, 5.599226280478402, 7.219854725685276, 5.248893420522082, 4.161401524726976, 4.576961496451548, 3.002305692297172, 2.4789572707087952, 3.68607719533924, 3.0501791570332393, 2.524144363938006, 1.7559485784042768, 0.0, 2.49649126175118, 3.840672612967682, 4.347970325335719, 3.7689282481893978, 3.714477597186447, 2.207833116428866, 2.4500482036074307, 4.984129750518139, 4.798201348422136, 5.504847541031451, 6.105482852322165], [4.112680272036717, 2.7345122746113244, 2.1356487398446404, 1.0992159660412506, 2.125139077801733, 2.173839566297384, 2.9227998049815183, 2.899830377797984, 3.997658415872972, 3.491970867576074, 3.9943064479331074, 4.562013307740345, 4.8224816827023815, 6.451886100978536, 4.011493819015555, 2.6509563953411233, 2.497369844456363, 4.698147780774888, 4.2794865357890775, 4.791788819428502, 3.156871047413879, 2.4743146141911705, 3.058105392232256, 2.49649126175118, 0.0, 2.3824866295532487, 2.559488990013436, 3.0497278993379067, 3.894876249638748, 3.3862024762261336, 2.5021793021284466, 4.720962549099495, 4.4626368371177145, 5.44269959578884, 4.618937893065894], [4.238517325669437, 2.7816186834287695, 2.857837917027486, 2.185822055886526, 1.094827465859347, 3.5163473605433238, 4.7964646709842444, 5.194902719012167, 6.326205656631785, 4.09233324645, 4.154250225973395, 5.172890710231562, 5.631840397241385, 7.148397975770515, 5.105461473755335, 3.948510495110783, 3.8095695951117627, 4.594034726686337, 4.939707686695641, 4.64376233780326, 2.2637919096065344, 2.8888578867780947, 3.2706479495659573, 3.840672612967682, 2.3824866295532487, 0.0, 1.7539783664572375, 1.767360365064239, 5.671288331587453, 5.06044344598376, 4.825017687014214, 6.940828351861182, 6.835483996031298, 5.815794673989101, 5.682736043491726], [5.555564917269891, 4.0909927755986075, 3.509151343273755, 2.199835868877494, 1.0940602588523174, 2.7292087113300805, 4.247585065657897, 4.86819560104152, 5.833690901993352, 3.157980764665928, 3.6008443301536937, 3.8983534434425002, 4.1207469626270425, 5.536317090810461, 3.6085726388698345, 2.6852364923782783, 2.6978850994807027, 5.80519529387255, 6.098440728579725, 6.155621874351932, 3.8034615733565653, 4.2191566763987325, 3.792360491830912, 4.347970325335719, 2.559488990013436, 1.7539783664572375, 0.0, 1.76973966729573, 4.862425946993949, 4.7732249140387255, 4.861322440447661, 6.20776554808572, 6.492103299393811, 4.590156666171646, 4.1214428068335485], [4.554226215286192, 3.3168231366776246, 2.751278157511523, 2.1962702611472933, 1.094471360977527, 2.975619616147198, 4.360931590841572, 5.24652377865573, 6.432074050413288, 2.865280659900527, 2.649716637680339, 3.9245307388272552, 4.678050269075783, 6.1271202322135, 4.575573194693754, 3.7165357565883848, 4.107221980852752, 4.522265831416813, 5.2445188006146, 5.206516936494109, 2.861787247508102, 3.8866109182679964, 2.580580363019141, 3.7689282481893978, 3.0497278993379067, 1.767360365064239, 1.76973966729573, 0.0, 5.061254395898313, 4.47644890175237, 5.154443071758577, 6.850744567563441, 7.170284966443106, 4.3661338012021575, 5.32870009101657], [6.366128982356546, 5.560046221030901, 4.105570842160685, 3.56933626042714, 4.764004523507508, 2.193156551639668, 1.0995345833578862, 2.1300678909368123, 2.6096513196210713, 2.6425968553678407, 3.5292831283420716, 2.8209869230466134, 2.974715882231444, 4.265978370784363, 2.822375641193071, 2.7025759952312165, 3.6701485991714287, 6.511754845661804, 6.118809917786301, 7.3882695869871995, 6.184505526717556, 5.749815754439442, 4.3033282689100085, 3.714477597186447, 3.894876249638748, 5.671288331587453, 4.862425946993949, 5.061254395898313, 0.0, 1.733711801309549, 3.097222055326353, 2.4200630962848884, 3.692223170394769, 3.588410273366188, 3.6206484584946934], [4.798591279740337, 4.234325449230372, 2.798467786128688, 2.917610901062717, 4.288932721552064, 2.1941445964202084, 1.0977574276678796, 2.1217425220794346, 3.1931497396771107, 2.654440195220077, 3.005956594829673, 3.5040808338278953, 4.164329714371809, 5.623111036605983, 4.053341516576169, 3.44295258462849, 4.28323822008536, 4.88574348078161, 4.50324677982453, 5.856716433292634, 4.97111343865738, 4.578396896294597, 2.9377755904765768, 2.207833116428866, 3.3862024762261336, 5.06044344598376, 4.7732249140387255, 4.47644890175237, 1.733711801309549, 0.0, 2.55863103045359, 3.5115160059438715, 4.098066867438842, 4.143648882325818, 4.958670572845104], [4.6752832470343435, 3.9356301274382988, 3.129678187929232, 2.9704993351286917, 4.453047448658054, 2.9901873185471173, 2.2317483684322474, 1.0886117857161022, 2.0889728983402343, 4.3381238940353, 4.926217979342773, 5.216938379931279, 5.392427514580053, 6.9115414850813135, 4.606138719144268, 3.558785221111271, 3.6386247869215644, 5.2982376645446925, 4.221947298344686, 5.475060183230865, 4.838910593305067, 3.61780639