{"total energy": -59.09807628, "HOMO-LUMO gap/eV": 3.39453533, "electronic energy": -59.57273292, "dipole": [0.33987407, 0.2448697, 0.35244421], "partial charges": [-0.14141617, 0.10463139, -0.04035022, -0.02247136, 0.01599719, 0.10275729, -0.14351266, -0.04694867, 0.00632159, 0.07863929, -0.09786906, 0.07197554, -0.08314352, 0.07490121, -0.07960862, 0.07199818, -0.08315068, 0.07862798, -0.09787902, 0.07511846, 0.0683533, 0.08702855], "atomic dipole moments": [[0.01962108, -0.00332374, -0.00101416], [0.22629631, -0.03399315, -0.00641065], [-0.00115133, -0.03040204, -0.03735657], [-0.00817864, -0.02375144, -0.03031904], [-0.09305972, -0.00761973, -0.02377625], [-0.12604452, -0.10771534, -0.15131583], [-0.05070959, -0.02564124, -0.03924465], [-0.02850995, 0.02810887, 0.0299252], [0.02080837, 0.00064857, 0.00403597], [0.05412656, -0.13932193, 0.10730466], [0.02464464, -0.05301884, 0.0175361], [-0.10989698, -0.10044667, 0.08956064], [-0.03089529, -0.03807879, 0.02502908], [-0.17024594, 0.01993568, -0.00212956], [-0.05363605, 0.00355915, -0.00394602], [-0.08157525, 0.12229761, -0.09258426], [-0.0214269, 0.0359948, -0.03553071], [0.08730914, 0.12206286, -0.10640902], [0.03438954, 0.02328727, -0.04487397], [0.08303485, 0.07684401, 0.10689002], [-0.06037177, 0.0954781, 0.10738309], [0.07258656, -0.09478669, -0.10462394]], "atomic quadrupole moments": [[0.4446418, -0.07564185, -0.21344041, 0.00829892, -0.02328147, -0.23120138], [0.16159545, -0.00934473, -0.00196891, -0.03323647, -0.37314217, -0.15962654], [-0.24109763, 0.0407466, 0.19934514, -0.06715426, -0.37567471, 0.04175249], [-0.24864682, 0.07129348, 0.20434798, -0.03588857, -0.40344656, 0.04429885], [-0.06344594, 0.02870802, 0.11079584, -0.04124547, -0.38331297, -0.0473499], [-0.27767529, 0.23164517, 0.14127079, 0.1934827, -0.15878248, 0.13640449], [-0.05572849, 0.18461083, -0.04722982, 0.24843685, 0.21746433, 0.10295831], [-0.22175249, 0.07540049, 0.18154849, -0.01837207, -0.36535602, 0.04020401], [-0.12399074, 0.02194875, -0.01764592, 0.05620079, 0.36450353, 0.14163666], [-0.32138852, -0.13788855, 0.15154605, 0.1627504, 0.1149532, 0.16984247], [-0.13609637, -0.2114195, 0.13896659, 0.166403, -0.26491873, -0.00287023], [-0.2261463, 0.22023032, 0.06430125, -0.13694897, 0.14530009, 0.16184505], [-0.01562514, 0.25903838, 0.02757665, -0.22832172, -0.21472231, -0.01195151], [0.12916872, -0.03523944, -0.13187602, 0.03983439, 0.32788803, 0.0027073], [0.45991565, -0.08500154, -0.23052264, 0.00832702, 0.02623728, -0.22939301], [-0.3173895, -0.13323568, 0.14939311, 0.15599208, 0.10674184, 0.16799638], [-0.13849815, -0.21675133, 0.1488729, 0.16688152, -0.26532073, -0.01037475], [-0.22722033, 0.22675932, 0.0607933, -0.13988969, 0.15413683, 0.16642703], [-0.01512775, 0.25793425, 0.03462295, -0.22151668, -0.21208937, -0.0194952], [0.03525534, -0.00919278, -0.02577505, 0.00371485, 0.04164658, -0.00948029], [0.04239612, -0.00827593, -0.02925053, 0.00624662, 0.0399146, -0.01314559], [0.02688498, -0.00299823, -0.02195815, 0.00898971, 0.03947291, -0.00492683]], "number of molecular orbitals": 114, "number of electrons": 100, "number of unpaired electrons": 0, "orbital energies/eV": [-29.41095468, -29.40957307, -29.3746135, -29.34048197, -29.32034685, -29.21794358, -29.1648047, -19.59903618, -18.9428666, -18.70525306, -18.54598368, -18.06041358, -17.88563294, -17.390145, -17.29137373, -16.82555048, -16.63620393, -15.93505233, -15.79879331, -15.41972065, -15.38121027, -14.99948756, -14.94120808, -14.70556628, -14.68461944, -14.47925004, -14.340515, -14.12348647, -14.00753847, -13.94962298, -13.8239197, -13.68408146, -13.22825957, -13.0888718, -12.93524841, -12.73746234, -12.59279876, -12.54538178, -12.26259993, -12.22687118, -12.15672132, -12.14411117, -12.04448595, -11.98017577, -11.9641859, -11.83998321, -11.61519005, -11.51003672, -11.36222057, -11.34001438, -7.94547905, -7.90591508, -7.38377432, -7.32698957, -5.76960043, -5.16644808, -4.94662551, -4.85339771, -4.62354301, -4.47696563, -4.30899703, -3.91074244, -3.90938169, -0.57895937, -0.49782574, -0.42453352, -0.39522925, -0.23170418, -0.23143055, -0.22992631, -0.22493527, -0.20780666, -0.20480726, -0.1983402, -0.18817694, -0.18718415, -0.17939659, -0.17714235, -0.09721304, -0.07988875, -0.05348657, -0.02757216, 0.01918382, 0.02342417, 0.03426734, 0.06909219, 0.07303778, 0.1256064, 0.32894586, 0.35882866, 0.46132306, 1.08152728, 2.54233087, 2.72456782, 2.82974455, 2.89147202, 3.01859666, 3.47526048, 3.61688889, 3.72577237, 4.15286361, 4.40650199, 6.91437304, 6.991472, 8.58068908, 9.16447025, 9.58627608, 9.89947465, 10.39617985, 10.69480008, 13.17382805, 14.10205613, 15.11727437, 15.64969354], "fractional occupation": [2.0, 2.0, 2.0, 2.0, 2.0, 2.0, 2.0, 2.0, 2.0, 2.0, 2.0, 2.0, 2.0, 2.0, 2.0, 2.0, 2.0, 2.0, 2.0, 2.0, 2.0, 2.0, 2.0, 2.0, 2.0, 2.0, 2.0, 2.0, 2.0, 2.0, 2.0, 2.0, 2.0, 2.0, 2.0, 2.0, 2.0, 2.0, 2.0, 2.0, 2.0, 2.0, 2.0, 2.0, 2.0, 2.0, 2.0, 2.0, 2.0, 2.0, 0.0, 0.0, 0.0, 0.0, 0.0, 0.0, 0.0, 0.0, 0.0, 0.0, 0.0, 0.0, 0.0, 0.0, 0.0, 0.0, 0.0, 0.0, 0.0, 0.0, 0.0, 0.0, 0.0, 0.0, 0.0, 0.0, 0.0, 0.0, 0.0, 0.0, 0.0, 0.0, 0.0, 0.0, 0.0, 0.0, 0.0, 0.0, 0.0, 0.0, 0.0, 0.0, 0.0, 0.0, 0.0, 0.0, 0.0, 0.0, 0.0, 0.0, 0.0, 0.0, 0.0, 0.0, 0.0, 0.0, 0.0, 0.0, 0.0, 0.0, 0.0, 0.0, 0.0, 0.0], "program call": "xtb /home/svss/Project-DBcg-Debug/aqme2_20220329/End-to-End-workflows-final/example-3/QDESCP/mol_662_rdkit_conf_1/mol_662_rdkit_conf_1.xyz --pop --wbo --acc 0.2 --gfn 2 --chrg 0 --uhf 0 --etemp 300 --input /home/svss/Project-DBcg-Debug/aqme2_20220329/End-to-End-workflows-final/example-3/QDESCP/mol_662_rdkit_conf_1/mol_662_rdkit_conf_1_xtb.inp", "method": "GFN2-xTB", "xtb version": "6.3.3 (7355c4f)", "Dipole module/D": 1.391, "Total charge": 0, "Transition dipole module/D": NaN, "HOMO": -11.34, "LUMO": -7.9455, "HOMO occupancy": 2.0, "LUMO occupancy": 0, "mulliken charges": [-0.09546, 0.11844, -0.05166, -0.01898, -0.01256, 0.11282, -0.10251, -0.06656, -0.0252, 0.08145, -0.08318, 0.06566, -0.06902, 0.07106, -0.0665, 0.06568, -0.06903, 0.08144, -0.08319, 0.04866, 0.04333, 0.05532], "cm5 charges": [-0.0975, 0.11121, -0.10341, -0.07037, -0.01618, 0.10902, -0.1035, -0.11495, -0.02612, 0.08108, -0.08305, 0.06541, -0.06878, 0.07082, -0.06626, 0.06543, -0.06879, 0.08107, -0.08306, 0.10507, 0.09982, 0.11305], "FUKUI+": [-0.075, -0.023, -0.018, -0.017, -0.009, -0.016, -0.053, -0.018, -0.037, -0.03, -0.09, -0.03, -0.096, -0.032, -0.098, -0.03, -0.096, -0.03, -0.09, -0.042, -0.032, -0.04], "FUKUI-": [-0.149, -0.011, -0.023, -0.006, -0.019, -0.007, -0.102, -0.006, -0.007, -0.012, -0.097, -0.012, -0.117, -0.009, -0.087, -0.012, -0.117, -0.012, -0.097, -0.038, -0.03, -0.031], "FUKUIrad": [-0.112, -0.017, -0.02, -0.011, -0.014, -0.012, -0.077, -0.012, -0.022, -0.021, -0.094, -0.021, -0.107, -0.02, -0.092, -0.021, -0.107, -0.021, -0.094, -0.04, -0.031, -0.035], "s proportion": [1.943, 1.079, 1.061, 1.064, 1.076, 1.084, 1.945, 1.064, 1.083, 1.087, 1.948, 1.084, 1.947, 1.085, 1.948, 1.084, 1.947, 1.087, 1.948, 0.951, 0.957, 0.945], "p proportion": [5.164, 2.802, 2.99, 2.955, 2.937, 2.803, 5.168, 3.003, 2.942, 2.832, 5.144, 2.85, 5.13, 2.844, 5.127, 2.85, 5.13, 2.832, 5.144, 0.0, 0.0, 0.0], "d proportion": [-0.011, 0.0, 0.0, 0.0, 0.0, 0.0, -0.011, 0.0, 0.0, 0.0, -0.009, 0.0, -0.008, 0.0, -0.008, 0.0, -0.008, 0.0, -0.009, 0.0, 0.0, 0.0], "Fermi-level/eV": -9.6427, "Coordination numbers": [0.967, 2.88, 2.946, 2.916, 2.988, 2.881, 0.958, 2.989, 3.014, 2.9, 0.963, 2.92, 0.981, 2.923, 0.982, 2.92, 0.982, 2.9, 0.963, 0.925, 0.925, 0.925], "Dispersion coefficient C6": [103.575, 25.684, 29.002, 28.566, 27.646, 25.724, 103.639, 29.156, 27.86, 26.244, 102.203, 26.391, 101.75, 26.327, 101.64, 26.39, 101.75, 26.245, 102.204, 2.03, 2.104, 1.908], "Total dispersion C6": 18908.769761, "Total dispersion C8": 652884.297401, "Polarizability alpha": [15.57, 8.308, 8.833, 8.764, 8.625, 8.315, 15.575, 8.857, 8.658, 8.4, 15.466, 8.424, 15.432, 8.414, 15.424, 8.424, 15.432, 8.4, 15.467, 2.228, 2.268, 2.16], "Total polarizability alpha": 217.445486, "Wiberg matrix": [[0.0, 0.9979975616558493, 0.0, 0.0, 0.0, 0.0, 0.0, 0.0, 0.0, 0.0, 0.0, 0.0, 0.0, 0.0, 0.0, 0.0, 0.0, 0.0, 0.0, 0.0, 0.0, 0.0], [0.9979975616558493, 0.0, 1.3928634711396968, 0.0, 0.0, 0.0, 0.0, 1.4008295611911818, 0.0, 0.0, 0.0, 0.0, 0.0, 0.0, 0.0, 0.0, 0.0, 0.0, 0.0, 0.0, 0.0, 0.0], [0.0, 1.3928634711396968, 0.0, 1.442438485832823, 0.0, 0.0, 0.0, 0.0, 0.0, 0.0, 0.0, 0.0, 0.0, 0.0, 0.0, 0.0, 0.0, 0.0, 0.0, 0.9644440904277893, 0.0, 0.0], [0.0, 0.0, 1.442438485832823, 0.0, 1.3963829934399254, 0.0, 0.0, 0.10519898659289817, 0.0, 0.0, 0.0, 0.0, 0.0, 0.0, 0.0, 0.0, 0.0, 0.0, 0.0, 0.0, 0.9660676315095559, 0.0], [0.0, 0.0, 0.0, 1.3963829934399254, 0.0, 1.3590541996938332, 0.0, 0.0, 1.0100258255377323, 0.0, 0.0, 0.0, 0.0, 0.0, 0.0, 0.0, 0.0, 0.0, 0.0, 0.0, 0.0, 0.0], [0.0, 0.0, 0.0, 0.0, 1.3590541996938332, 0.0, 0.9952858256125435, 1.4041472668077315, 0.0, 0.0, 0.0, 0.0, 0.0, 0.0, 0.0, 0.0, 0.0, 0.0, 0.0, 0.0, 0.0, 0.0], [0.0, 0.0, 0.0, 0.0, 0.0, 0.9952858256125435, 0.0, 0.0, 0.0, 0.0, 0.0, 0.0, 0.0, 0.0, 0.0, 0.0, 0.0, 0.0, 0.0, 0.0, 0.0, 0.0], [0.0, 1.4008295611911818, 0.0, 0.10519898659289817, 0.0, 1.4041472668077315, 0.0, 0.0, 0.0, 0.0, 0.0, 0.0, 0.0, 0.0, 0.0, 0.0, 0.0, 0.0, 0.0, 0.0, 0.0, 0.9610006614946249], [0.0, 0.0, 0.0, 0.0, 1.0100258255377323, 0.0, 0.0, 0.0, 0.0, 1.3557151502032807, 0.0, 0.0, 0.0, 0.0, 0.0, 0.0, 0.0, 1.3556551812540707, 0.0, 0.0, 0.0, 0.0], [0.0, 0.0, 0.0, 0.0, 0.0, 0.0, 0.0, 0.0, 1.3557151502032807, 0.0, 1.0123174529198025, 1.351121148670305, 0.0, 0.0, 0.0, 0.0, 0.0, 0.0, 0.0, 0.0, 0.0, 0.0], [0.0, 0.0, 0.0, 0.0, 0.0, 0.0, 0.0, 0.0, 0.0, 1.0123174529198025, 0.0, 0.0, 0.0, 0.0, 0.0, 0.0, 0.0, 0.0, 0.0, 0.0, 0.0, 0.0], [0.0, 0.0, 0.0, 0.0, 0.0, 0.0, 0.0, 0.0, 0.0, 1.351121148670305, 0.0, 0.0, 1.0187832110959851, 1.351343427960177, 0.0, 0.0, 0.0, 0.0, 0.0, 0.0, 0.0, 0.0], [0.0, 0.0, 0.0, 0.0, 0.0, 0.0, 0.0, 0.0, 0.0, 0.0, 0.0, 1.0187832110959851, 0.0, 0.0, 0.0, 0.0, 0.0, 0.0, 0.0, 0.0, 0.0, 0.0], [0.0, 0.0, 0.0, 0.0, 0.0, 0.0, 0.0, 0.0, 0.0, 0.0, 0.0, 1.351343427960177, 0.0, 0.0, 1.020235552981101, 1.3514200932432452, 0.0, 0.0, 0.0, 0.0, 0.0, 0.0], [0.0, 0.0, 0.0, 0.0, 0.0, 0.0, 0.0, 0.0, 0.0, 0.0, 0.0, 0.0, 0.0, 1.020235552981101, 0.0, 0.0, 0.0, 0.0, 0.0, 0.0, 0.0, 0.0], [0.0, 0.0, 0.0, 0.0, 0.0, 0.0, 0.0, 0.0, 0.0, 0.0, 0.0, 0.0, 0.0, 1.3514200932432452, 0.0, 0.0, 1.018763564522352, 1.3511452165300954, 0.0, 0.0, 0.0, 0.0], [0.0, 0.0, 0.0, 0.0, 0.0, 0.0, 0.0, 0.0, 0.0, 0.0, 0.0, 0.0, 0.0, 0.0, 0.0, 1.018763564522352, 0.0, 0.0, 0.0, 0.0, 0.0, 0.0], [0.0, 0.0, 0.0, 0.0, 0.0, 0.0, 0.0, 0.0, 1.3556551812540707, 0.0, 0.0, 0.0, 0.0, 0.0, 0.0, 1.3511452165300954, 0.0, 0.0, 1.012301668039578, 0.0, 0.0, 0.0], [0.0, 0.0, 0.0, 0.0, 0.0, 0.0, 0.0, 0.0, 0.0, 0.0, 0.0, 0.0, 0.0, 0.0, 0.0, 0.0, 0.0, 1.012301668039578, 0.0, 0.0, 0.0, 0.0], [0.0, 0.0, 0.9644440904277893, 0.0, 0.0, 0.0, 0.0, 0.0, 0.0, 0.0, 0.0, 0.0, 0.0, 0.0, 0.0, 0.0, 0.0, 0.0, 0.0, 0.0, 0.0, 0.0], [0.0, 0.0, 0.0, 0.9660676315095559, 0.0, 0.0, 0.0, 0.0, 0.0, 0.0, 0.0, 0.0, 0.0, 0.0, 0.0, 0.0, 0.0, 0.0, 0.0, 0.0, 0.0, 0.0], [0.0, 0.0, 0.0, 0.0, 0.0, 0.0, 0.0, 0.9610006614946249, 0.0, 0.0, 0.0, 0.0, 0.0, 0.0, 0.0, 0.0, 0.0, 0.0, 0.0, 0.0, 0.0, 0.0]], "Born radii": [], "Atomic SASAs": [], "Solvent H bonds": [], "Total SASA": NaN, "Total FOD": 0.0, "FOD": [0.0, 0.0, 0.0, 0.0, 0.0, 0.0, 0.0, 0.0, 0.0, 0.0, 0.0, 0.0, 0.0, 0.0, 0.0, 0.0, 0.0, 0.0, 0.0, 0.0, 0.0, 0.0], "FOD s proportion": [0.0, 0.0, 0.0, 0.0, 0.0, 0.0, 0.0, 0.0, 0.0, 0.0, 0.0, 0.0, 0.0, 0.0, 0.0, 0.0, 0.0, 0.0, 0.0, 0.0, 0.0, 0.0], "FOD p proportion": [0.0, 0.0, 0.0, 0.0, 0.0, 0.0, 0.0, 0.0, 0.0, 0.0, 0.0, 0.0, 0.0, 0.0, 0.0, 0.0, 0.0, 0.0, 0.0, 0.0, 0.0, 0.0], "FOD d proportion": [0.0, 0.0, 0.0, 0.0, 0.0, 0.0, 0.0, 0.0, 0.0, 0.0, 0.0, 0.0, 0.0, 0.0, 0.0, 0.0, 0.0, 0.0, 0.0, 0.0, 0.0, 0.0], "coordinates": [["5.25310", "-0.60200", "0.08750"], ["3.54420", "-0.40790", "0.05930"], ["2.92970", "0.42900", "0.98740"], ["1.54180", "0.58950", "0.96800"], ["0.75190", "-0.08600", "0.01910"], ["1.39960", "-0.92740", "-0.90930"], ["0.50530", "-1.79590", "-2.11040"], ["2.78720", "-1.08780", "-0.88990"], ["-0.71700", "0.10440", "0.02370"], ["-1.55630", "-0.74340", "0.78460"], ["-0.83410", "-2.00630", "1.74960"], ["-2.95500", "-0.57840", "0.77350"], ["-3.96440", "-1.63560", "1.72190"], ["-3.53410", "0.44220", "-0.00110"], ["-5.26460", "0.65040", "-0.01530"], ["-2.71660", "1.29760", "-0.76050"], ["-3.43020", "2.56830", "-1.71550"], ["-1.31850", "1.12830", "-0.74580"], ["-0.30060", "2.19240", "-1.68360"], ["3.52380", "0.95920", "1.72820"], ["1.08040", "1.24830", "1.70200"], ["3.27430", "-1.73920", "-1.61080"]], "bond_dist": [[0.0, 1.7201189668159582, 2.6964733579251248, 3.9960856084423413, 4.531195868642184, 3.9936146095986778, 5.366355044161726, 2.6966600100865517, 6.012084947004658, 6.8464494980975354, 6.464413255663657, 8.236750486083697, 9.418168535867256, 8.849468200971176, 10.59250144630625, 8.236728856166142, 9.418137288232742, 6.846477454866846, 6.4644450852335344, 2.8495123126598343, 4.84165732265306, 2.84483675630079], [1.7201189668159582, 0.0, 1.392616770687471, 2.414569984489992, 2.8110807423480386, 2.409849657136312, 3.98359828547006, 1.3915076895224117, 4.292032629186315, 5.162724144286619, 4.957974136681231, 6.540546806651566, 7.787846943154443, 7.12942136922766, 8.872458593309974, 6.5405213041469406, 7.787806933919201, 5.1627461432846, 4.957998340056196, 2.1574535406353483, 3.392900259365135, 2.152774886048237], [2.6964733579251248, 1.392616770687471, 0.0, 1.397284158644905, 2.4383688666811674, 2.7889958515566136, 4.519320768655396, 2.4176938970845754, 3.785829333184474, 4.641103920405144, 4.5472876937796665, 5.974136093193727, 7.233994623995791, 6.538961456531151, 8.258388325817574, 5.97413793446385, 7.23398928047312, 4.641142743980193, 4.547379316705392, 1.0875897618127894, 2.1451844069916226, 3.4015413623826483], [3.9960856084423413, 2.414569984489992, 1.397284158644905, 0.0, 1.4073569092451281, 2.4177389726767444, 4.030013892035609, 2.795737623597751, 2.4958369217559064, 3.3776443832943692, 3.6047159402649194, 4.6500570856711, 5.986457521773624, 5.169682089838794, 6.877330053152895, 4.650063270537294, 5.986451844790869, 3.377681448863999, 3.604817433657355, 2.154740385754163, 1.0888817199310492, 3.882603428113667], [4.531195868642184, 2.8110807423480386, 2.4383688666811674, 1.4073569092451281, 0.0, 1.4104594322418493, 2.7421414660808434, 2.44383516833685, 1.481195642040578, 2.5191173553449233, 3.032750952518192, 3.814798124409731, 5.2482638738920135, 4.318471868612785, 6.061496561906143, 3.814789295623023, 5.248247903824666, 2.519157132852177, 3.0328287290910443, 3.4200724349054363, 2.1726530210781476, 3.428140313639452], [3.9936146095986778, 2.409849657136312, 2.7889958515566136, 2.4177389726767444, 1.4104594322418493, 0.0, 1.7310996360695128, 1.3969746883891634, 2.5328039403001568, 3.4118174071893117, 3.6363704583004193, 4.681469641042223, 6.016415600671217, 5.200194908847168, 6.906536793502224, 4.681438761748358, 6.016381385018739, 3.4118473515091496, 3.6363955464168085, 3.876582444628258, 3.4138609842815804, 2.1600049953645946], [5.366355044161726, 3.98359828547006, 4.519320768655396, 4.030013892035609, 2.7421414660808434, 1.7310996360695128, 0.0, 2.682926288588637, 3.1079800819825083, 3.706612443997888, 4.091193043599874, 4.666139898245659, 5.889858866730169, 5.076907568589367, 6.607993168126008, 4.666113143720371, 5.8898512629777, 3.706659579729436, 4.09123085880032, 5.606850115706679, 4.912462458889634, 2.8142807340420037], [2.6966600100865517, 1.3915076895224117, 2.4176938970845754, 2.795737623597751, 2.44383516833685, 1.3969746883891634, 2.682926288588637, 0.0, 3.8125350411504417, 4.66782110411271, 4.574321391201104, 5.999937396340065, 7.259868224699399, 6.564274455718621, 8.283583019442734, 5.9998909956765045, 7.259803394720824, 4.6678299572713655, 4.574295636488747, 3.4040029626896624, 3.8843886340066436, 1.0868694401812944], [6.012084947004658, 4.292032629186315, 3.785829333184474, 2.4958369217559064, 1.481195642040578, 2.5328039403001568, 3.1079800819825083, 3.8125350411504417, 0.0, 1.4149763743610704, 2.7290103902330602, 2.4570429137481504, 4.056733907960934, 2.837388991661171, 4.580426045686144, 2.457050272175968, 4.056731947023367, 1.415027812447515, 2.7291035616113946, 4.649772890152808, 2.712166082672667, 4.690514566654708], [6.8464494980975354, 5.162724144286619, 4.641103920405144, 3.3776443832943692, 2.5191173553449233, 3.4118174071893117, 3.706612443997888, 4.66782110411271, 1.4149763743610704, 0.0, 1.7457703886823148, 1.4084423665879977, 2.733769876928195, 2.436116723394017, 4.0415352701665235, 2.810571312028926, 4.552950484026813, 2.429389612639356, 4.035804178847135, 5.440279747402701, 3.429384571610481, 5.483088104344121], [6.464413255663657, 4.957974136681231, 4.5472876937796665, 3.6047159402649194, 3.032750952518192, 3.6363704583004193, 4.091193043599874, 4.574321391201104, 2.7290103902330602, 1.7457703886823148, 0.0, 2.736765687814724, 3.1522950163333383, 4.043526028109625, 5.459144360611835, 4.556332238763982, 6.298699737247364, 4.035762837432348, 5.4498225824333035, 5.2712371052723475, 3.77624114298862, 5.314374951958133], [8.236750486083697, 6.540546806651566, 5.974136093193727, 4.6500570856711, 3.814798124409731, 4.681469641042223, 4.666139898245659, 5.999937396340065, 2.4570429137481504, 1.4084423665879977, 2.736765687814724, 0.0, 1.7424186523335887, 1.4060534591543807, 2.7324726970273643, 2.435029067588311, 4.0401308060507155, 2.810556818497004, 4.556370530367345, 6.726850324631877, 4.5258588466720875, 6.770267470344137], [9.418168535867256, 7.787846943154443, 7.233994623995791, 5.986457521773624, 5.2482638738920135, 6.016415600671217, 5.889858866730169, 7.259868224699399, 4.056733907960934, 2.733769876928195, 3.1522950163333383, 1.7424186523335887, 0.0, 2.733338605076217, 3.151853403951396, 4.040170397396625, 5.456543192351729, 4.5529631351461655, 6.298765330602499, 7.925034130525875, 5.810962249059961, 7.9697176825782226], [8.849468200971176, 7.12942136922766, 6.538961456531151, 5.169682089838794, 4.318471868612785, 5.200194908847168, 5.076907568589367, 6.564274455718621, 2.837388991661171, 2.436116723394017, 4.043526028109625, 1.4060534591543807, 2.733338605076217, 0.0, 1.7430373289175418, 1.4059529757427878, 2.7331783293447938, 2.4360202503263393, 4.043455025099203, 7.285033966976407, 4.9843712813152266, 7.328297934036253], [10.59250144630625, 8.872458593309974, 8.258388325817574, 6.877330053152895, 6.061496561906143, 6.906536793502224, 6.607993168126008, 8.283583019442734, 4.580426045686144, 4.0415352701665235, 5.459144360611835, 2.7324726970273643, 3.151853403951396, 1.7430373289175418, 0.0, 2.732488770333741, 3.1518318181654297, 4.04150020042063, 5.459146901302437, 8.964994380924061, 6.600426402892467, 9.00936299745992], [8.236728856166142, 6.5405213041469406, 5.97413793446385, 4.650063270537294, 3.814789295623023, 4.681438761748358, 4.666113143720371, 5.9998909956765045, 2.457050272175968, 2.810571312028926, 4.556332238763982, 2.435029067588311, 4.040170397396625, 1.4059529757427878, 2.732488770333741, 0.0, 1.7423915891670274, 1.4083899282514059, 2.7367565931225966, 6.72686661158076, 4.525875135263897, 6.770232428801836], [9.418137288232742, 7.787806933919201, 7.23398928047312, 5.986451844790869, 5.248247903824666, 6.016381385018739, 5.8898512629777, 7.259803394720824, 4.056731947023367, 4.552950484026813, 6.298699737247364, 4.0401308060507155, 5.456543192351729, 2.7331783293447938, 3.1518318181654297, 1.7423915891670274, 0.0, 2.7337145022843914, 3.152255475052744, 7.925048170200608, 5.8109567723396465, 7.969682464816274], [6.846477454866846, 5.1627461432846, 4.641142743980193, 3.377681448863999, 2.519157132852177, 3.4118473515091496, 3.706659579729436, 4.6678299572713655, 1.415027812447515, 2.429389612639356, 4.035762837432348, 2.810556818497004, 4.5529631351461655, 2.4360202503263393, 4.04150020042063, 1.4083899282514059, 2.7337145022843914, 0.0, 1.745823032268735, 5.4403253671081115, 3.42940899427292, 5.483118919921399], [6.4644450852335344, 4.957998340056196, 4.547379316705392, 3.604817433657355, 3.0328287290910443, 3.6363955464168085, 4.09123085880032, 4.574295636488747, 2.7291035616113946, 4.035804178847135, 5.4498225824333035, 4.556370530367345, 6.298765330602499, 4.043455025099203, 5.459146901302437, 2.7367565931225966, 3.152255475052744, 1.745823032268735, 0.0, 5.271356261912109, 3.7763438892664425, 5.314385045327446], [2.8495123126598343, 2.1574535406353483, 1.0875897618127894, 2.154740385754163, 3.4200724349054363, 3.876582444628258, 5.606850115706679, 3.4040029626896624, 4.649772890152808, 5.440279747402701, 5.2712371052723475, 6.726850324631877, 7.925034130525875, 7.285033966976407, 8.964994380924061, 6.72686661158076, 7.925048170200608, 5.4403253671081115, 5.271356261912109, 0.0, 2.4605830223749816, 4.300294618976705], [4.84165732265306, 3.392900259365135, 2.1451844069916226, 1.0888817199310492, 2.1726530210781476, 3.4138609842815804, 4.912462458889634, 3.8843886340066436, 2.712166082672667, 3.429384571610481, 3.77624114298862, 4.5258588466720875, 5.810962249059961, 4.9843712813152266, 6.600426402892467, 4.525875135263897, 5.8109567723396465, 3.42940899427292, 3.7763438892664425, 2.4605830223749816, 0.0, 4.971216883218836], [2.84483675630079, 2.152774886048237, 3.4015413623826483, 3.882603428113667, 3.428140313639452, 2.1600049953645946, 2.8142807340420037, 1.0868694401812944, 4.690514566654708, 5.483088104344121, 5.314374951958133, 6.770267470344137, 7.9697176825782226, 7.328297934036253, 9.00936299745992, 6.770232428801836, 7.969682464816274, 5.483118919921399, 5.314385045327446, 4.300294618976705, 4.971216883218836, 0.0]]}