{"total energy": -35.68120375, "HOMO-LUMO gap/eV": 3.84882134, "electronic energy": -36.15985433, "dipole": [-0.51286614, -0.42372618, -1.09957038], "partial charges": [-0.09985898, -0.0524417, -0.05758724, -0.05743059, -0.05829745, -0.05745188, -0.05271936, -0.08334466, 0.23499226, -0.36441153, -0.13637608, 0.03090392, 0.03101091, 0.03096917, 0.03049989, 0.03109121, 0.02873523, 0.02852728, 0.03088236, 0.0261142, 0.03524549, 0.02766314, 0.0410559, 0.02375155, 0.05016735, 0.03001384, 0.05419938, 0.05901611, 0.0627965, 0.06848744, 0.06379636], "atomic dipole moments": [[-0.09739465, 0.01212007, -0.01384114], [0.07552395, 0.00159986, -0.08452798], [-0.07506989, 0.00526517, 0.0805129], [0.0331711, -0.09768189, 0.03838097], [-0.03647542, 0.09609535, -0.04745125], [0.02926912, -0.10300053, 0.04262052], [-0.05843095, 0.09713089, -0.05468211], [0.04157504, 0.03154371, 0.0693656], [0.0051072, 0.01023368, 0.0114377], [-0.06731836, -0.05024953, -0.13958107], [0.06976572, -0.0363992, 0.00964003], [0.0648754, 0.10079965, -0.03780048], [0.04258924, -0.10046752, -0.06260564], [0.02469336, -0.0174341, 0.12086902], [-0.03584912, 0.09614176, 0.06981589], [-0.05539079, -0.10034258, 0.04708643], [0.03494008, -0.09761861, -0.06811794], [0.06383453, 0.09244394, -0.04648378], [-0.03335079, 0.10283995, 0.06248585], [-0.01153853, 0.03130547, -0.11632663], [0.00558124, -0.0270542, 0.12213868], [0.03597944, -0.10200855, -0.05916847], [-0.03544155, 0.10687844, 0.0598588], [-0.00737565, 0.02626712, -0.11915575], [0.01266885, -0.03147584, 0.12493913], [0.03515912, -0.0988373, -0.05989302], [-0.00459929, 0.04576731, -0.12248522], [-0.06196451, -0.11454657, 0.00619666], [0.01219791, 0.06676696, -0.11623374], [-0.04631067, 0.08648504, 0.09017175], [-0.08562889, -0.10478079, -0.00416177]], "atomic quadrupole moments": [[0.2202708, -0.0435585, -0.12142298, 0.04727629, -0.01020671, -0.09884782], [0.14109368, -0.04986695, -0.22560472, 0.0962261, -0.04795297, 0.08451104], [0.11695059, -0.07218789, -0.2018438, 0.10570303, -0.05713722, 0.08489322], [0.20310503, 0.07432289, -0.0147397, 0.01171944, -0.07769737, -0.18836533], [0.19952216, 0.0739688, 0.00151295, 0.04078727, -0.08660498, -0.2010351], [0.19660833, 0.08707627, -0.0054067, 0.03554788, -0.09711974, -0.19120163], [0.21897532, 0.07023138, -0.01320761, 0.04287381, -0.06648359, -0.20576771], [0.12617367, -0.12089359, -0.07165277, 0.02767689, 0.12435821, -0.0545209], [-0.12193123, 0.30330208, 0.23856349, -0.19399611, -0.35421709, -0.11663226], [-0.05503646, 0.13578952, 0.10296592, -0.08130021, -0.15095669, -0.04792945], [0.15173847, -0.09104684, -0.09750582, 0.11496981, -0.0137654, -0.05423264], [-0.00807598, 0.03792631, 0.04543465, -0.01667193, -0.03949883, -0.03735867], [-0.02163117, -0.02162713, 0.03452235, -0.01295526, 0.0591782, -0.01289118], [-0.02545661, -0.00486648, -0.05223222, 0.01560253, -0.01807765, 0.07768883], [-0.02006301, -0.02476522, 0.03119822, -0.00078442, 0.03516987, -0.01113521], [-0.0041916, 0.03633404, 0.02920357, 0.00060873, -0.02121364, -0.02501197], [-0.02995956, -0.02013911, 0.03854835, 0.00425508, 0.03438457, -0.00858878], [-0.00090047, 0.03966497, 0.02484646, 0.00277756, -0.02713501, -0.02394599], [-0.01479712, -0.00754246, 0.01430553, -0.01934852, 0.04553054, 0.00049158], [-0.01408208, 0.00996363, -0.04162705, 0.0113386, -0.01427898, 0.05570913], [-0.02042368, 0.00511442, -0.03386342, 0.00581822, -0.00739935, 0.0542871], [-0.0148477, -0.01569377, 0.01918957, -0.01581124, 0.04357961, -0.00434186], [-0.01165861, -0.01553034, 0.01397978, -0.01605586, 0.04024285, -0.00232117], [-0.02383407, 0.00561479, -0.03478778, 0.00381044, -0.00830295, 0.05862185], [-0.01986931, 0.00809561, -0.03357108, -0.00067664, -0.00741311, 0.05344039], [-0.00725705, -0.01161159, 0.0195959, -0.02073546, 0.04683203, -0.01233885], [-0.00805642, -0.01739405, -0.03830978, -0.00151576, -0.03995329, 0.04636621], [0.01904091, 0.03368506, 0.04134245, 0.00130018, -0.00898284, -0.06038336], [-0.0443732, -0.00835607, -0.02217382, -0.01693328, -0.04490505, 0.06654702], [-0.02163554, -0.02921307, 0.00299053, -0.02025277, 0.05499335, 0.018645], [0.00634374, 0.05595962, 0.04283458, 0.00451157, 0.0208586, -0.04917832]], "number of molecular orbitals": 64, "number of electrons": 66, "number of unpaired electrons": 0, "orbital energies/eV": [-19.0788492, -17.42284754, -17.08787289, -16.8473492, -16.63490719, -16.32217031, -15.89394971, -15.47809652, -15.22048876, -15.15789282, -14.85752603, -14.69283285, -14.6626844, -14.02038285, -13.87554362, -13.75663653, -13.60815766, -13.29227146, -13.18233305, -13.13352131, -12.96843039, -12.82768244, -12.59002346, -12.51111172, -12.20907646, -12.03327833, -11.9873243, -11.74556791, -11.51215015, -11.44422686, -11.29264841, -11.19533899, -10.72031305, -6.87149171, 1.30633379, 1.72118649, 2.41435106, 2.84092646, 3.02447954, 3.33138679, 3.53443117, 3.61597126, 3.83863169, 3.88114772, 4.25503359, 4.36831663, 4.52270596, 4.67637632, 4.80429145, 4.91071957, 5.13212081, 5.64804638, 5.67039618, 5.93349059, 6.22423091, 6.52006525, 6.76072903, 6.9877744, 7.20853482, 7.49296966, 7.76359647, 8.34699526, 8.54712538, 15.17218089], "fractional occupation": [2.0, 2.0, 2.0, 2.0, 2.0, 2.0, 2.0, 2.0, 2.0, 2.0, 2.0, 2.0, 2.0, 2.0, 2.0, 2.0, 2.0, 2.0, 2.0, 2.0, 2.0, 2.0, 2.0, 2.0, 2.0, 2.0, 2.0, 2.0, 2.0, 2.0, 2.0, 2.0, 2.0, 0.0, 0.0, 0.0, 0.0, 0.0, 0.0, 0.0, 0.0, 0.0, 0.0, 0.0, 0.0, 0.0, 0.0, 0.0, 0.0, 0.0, 0.0, 0.0, 0.0, 0.0, 0.0, 0.0, 0.0, 0.0, 0.0, 0.0, 0.0, 0.0, 0.0, 0.0], "program call": "xtb /home/svss/Project-DBcg-Debug/aqme2_20220329/End-to-End-workflows-final/example-3/QDESCP/mol_245_rdkit_conf_15/mol_245_rdkit_conf_15.xyz --pop --wbo --acc 0.2 --gfn 2 --chrg 0 --uhf 0 --etemp 300 --input /home/svss/Project-DBcg-Debug/aqme2_20220329/End-to-End-workflows-final/example-3/QDESCP/mol_245_rdkit_conf_15/mol_245_rdkit_conf_15_xtb.inp", "method": "GFN2-xTB", "xtb version": "6.3.3 (7355c4f)", "Dipole module/D": 3.267, "Total charge": 0, "Transition dipole module/D": NaN, "HOMO": -10.7203, "LUMO": -6.8715, "HOMO occupancy": 2.0, "LUMO occupancy": 0, "mulliken charges": [-0.08339, -0.03994, -0.04686, -0.04551, -0.04584, -0.0465, -0.03247, -0.08488, 0.39775, -0.49366, -0.12672, 0.02599, 0.02577, 0.02813, 0.02379, 0.02283, 0.02178, 0.02358, 0.0256, 0.02197, 0.02761, 0.02011, 0.0373, 0.01678, 0.04246, 0.02254, 0.0409, 0.05129, 0.05196, 0.06426, 0.05339], "cm5 charges": [-0.23381, -0.1526, -0.15737, -0.15607, -0.15672, -0.15658, -0.14095, -0.18703, 0.41285, -0.54545, -0.26849, 0.07726, 0.07706, 0.0789, 0.07861, 0.07812, 0.07698, 0.07849, 0.0808, 0.07689, 0.08363, 0.07557, 0.09542, 0.07226, 0.10049, 0.07756, 0.09739, 0.10733, 0.10452, 0.11894, 0.10599], "FUKUI+": [0.004, 0.001, 0.004, 0.002, 0.004, 0.007, 0.022, 0.029, -0.195, -0.297, 0.051, -0.007, -0.006, -0.007, -0.0, 0.004, -0.008, -0.013, -0.002, -0.007, -0.009, -0.017, 0.013, -0.018, -0.021, -0.054, -0.092, -0.097, -0.107, -0.077, -0.108], "FUKUI-": [0.017, 0.002, 0.009, 0.01, 0.005, 0.009, 0.011, -0.003, -0.023, -0.116, 0.002, -0.06, -0.043, -0.045, -0.053, -0.071, -0.043, -0.064, -0.03, -0.051, -0.043, -0.037, -0.034, -0.04, -0.027, -0.055, -0.042, -0.049, -0.045, -0.04, -0.049], "FUKUIrad": [0.011, 0.001, 0.007, 0.006, 0.005, 0.008, 0.016, 0.013, -0.109, -0.207, 0.026, -0.034, -0.025, -0.026, -0.027, -0.034, -0.026, -0.039, -0.016, -0.029, -0.026, -0.027, -0.011, -0.029, -0.024, -0.054, -0.067, -0.073, -0.076, -0.059, -0.078], "s proportion": [1.008, 1.027, 1.032, 1.032, 1.032, 1.033, 1.028, 1.042, 1.076, 1.739, 1.022, 0.974, 0.974, 0.972, 0.976, 0.977, 0.978, 0.976, 0.974, 0.978, 0.972, 0.98, 0.963, 0.983, 0.958, 0.977, 0.959, 0.949, 0.948, 0.936, 0.947], "p proportion": [3.076, 3.013, 3.015, 3.013, 3.014, 3.014, 3.004, 3.043, 2.527, 4.754, 3.105, 0.0, 0.0, 0.0, 0.0, 0.0, 0.0, 0.0, 0.0, 0.0, 0.0, 0.0, 0.0, 0.0, 0.0, 0.0, 0.0, 0.0, 0.0, 0.0, 0.0], "d proportion": [0.0, 0.0, 0.0, 0.0, 0.0, 0.0, 0.0, 0.0, 0.0, 0.0, 0.0, 0.0, 0.0, 0.0, 0.0, 0.0, 0.0, 0.0, 0.0, 0.0, 0.0, 0.0, 0.0, 0.0, 0.0, 0.0, 0.0, 0.0, 0.0, 0.0, 0.0], "Fermi-level/eV": -8.7959, "Coordination numbers": [3.75, 3.799, 3.801, 3.8, 3.801, 3.801, 3.801, 3.802, 2.809, 0.857, 3.751, 0.924, 0.924, 0.924, 0.924, 0.924, 0.924, 0.924, 0.924, 0.924, 0.924, 0.924, 0.924, 0.924, 0.924, 0.924, 0.924, 0.924, 0.924, 0.924, 0.924], "Dispersion coefficient C6": [22.47, 21.517, 21.61, 21.607, 21.623, 21.607, 21.521, 22.09, 23.085, 20.983, 23.187, 2.574, 2.572, 2.573, 2.579, 2.571, 2.605, 2.608, 2.574, 2.643, 2.513, 2.62, 2.435, 2.677, 2.318, 2.586, 2.268, 2.211, 2.167, 2.102, 2.155], "Total dispersion C6": 6847.094373, "Total dispersion C8": 145509.987778, "Polarizability alpha": [6.76, 6.605, 6.619, 6.618, 6.621, 6.618, 6.605, 6.691, 7.872, 6.141, 6.867, 2.509, 2.508, 2.508, 2.512, 2.508, 2.524, 2.525, 2.509, 2.542, 2.479, 2.531, 2.44, 2.559, 2.381, 2.515, 2.355, 2.325, 2.302, 2.267, 2.296], "Total polarizability alpha": 123.113457, "Wiberg matrix": [[0.0, 1.0198165920221374, 0.0, 0.0, 0.0, 0.0, 0.0, 0.0, 0.0, 0.0, 0.0, 0.9876817385665047, 0.9878667214939738, 0.9875044945817112, 0.0, 0.0, 0.0, 0.0, 0.0, 0.0, 0.0, 0.0, 0.0, 0.0, 0.0, 0.0, 0.0, 0.0, 0.0, 0.0, 0.0], [1.0198165920221374, 0.0, 1.0088175936117643, 0.0, 0.0, 0.0, 0.0, 0.0, 0.0, 0.0, 0.0, 0.0, 0.0, 0.0, 0.9778688953162251, 0.9762682025970697, 0.0, 0.0, 0.0, 0.0, 0.0, 0.0, 0.0, 0.0, 0.0, 0.0, 0.0, 0.0, 0.0, 0.0, 0.0], [0.0, 1.0088175936117643, 0.0, 1.006322621393068, 0.0, 0.0, 0.0, 0.0, 0.0, 0.0, 0.0, 0.0, 0.0, 0.0, 0.0, 0.0, 0.9772509442217304, 0.9768807535966177, 0.0, 0.0, 0.0, 0.0, 0.0, 0.0, 0.0, 0.0, 0.0, 0.0, 0.0, 0.0, 0.0], [0.0, 0.0, 1.006322621393068, 0.0, 1.0080641018750018, 0.0, 0.0, 0.0, 0.0, 0.0, 0.0, 0.0, 0.0, 0.0, 0.0, 0.0, 0.0, 0.0, 0.9772057823256102, 0.977109446966423, 0.0, 0.0, 0.0, 0.0, 0.0, 0.0, 0.0, 0.0, 0.0, 0.0, 0.0], [0.0, 0.0, 0.0, 1.0080641018750018, 0.0, 1.0067734843304554, 0.0, 0.0, 0.0, 0.0, 0.0, 0.0, 0.0, 0.0, 0.0, 0.0, 0.0, 0.0, 0.0, 0.0, 0.9752943510722525, 0.9772091983032545, 0.0, 0.0, 0.0, 0.0, 0.0, 0.0, 0.0, 0.0, 0.0], [0.0, 0.0, 0.0, 0.0, 1.0067734843304554, 0.0, 1.0077860111215373, 0.0, 0.0, 0.0, 0.0, 0.0, 0.0, 0.0, 0.0, 0.0, 0.0, 0.0, 0.0, 0.0, 0.0, 0.0, 0.9765927207925146, 0.9772429645227539, 0.0, 0.0, 0.0, 0.0, 0.0, 0.0, 0.0], [0.0, 0.0, 0.0, 0.0, 0.0, 1.0077860111215373, 0.0, 1.0065442016056076, 0.0, 0.0, 0.0, 0.0, 0.0, 0.0, 0.0, 0.0, 0.0, 0.0, 0.0, 0.0, 0.0, 0.0, 0.0, 0.0, 0.9746505374159677, 0.9768785382099181, 0.0, 0.0, 0.0, 0.0, 0.0], [0.0, 0.0, 0.0, 0.0, 0.0, 0.0, 1.0065442016056076, 0.0, 0.9924102772183843, 0.0, 0.0, 0.0, 0.0, 0.0, 0.0, 0.0, 0.0, 0.0, 0.0, 0.0, 0.0, 0.0, 0.0, 0.0, 0.0, 0.0, 0.9582663645484758, 0.9467293714056939, 0.0, 0.0, 0.0], [0.0, 0.0, 0.0, 0.0, 0.0, 0.0, 0.0, 0.9924102772183843, 0.0, 1.8575078468799642, 1.0080290306014938, 0.0, 0.0, 0.0, 0.0, 0.0, 0.0, 0.0, 0.0, 0.0, 0.0, 0.0, 0.0, 0.0, 0.0, 0.0, 0.0, 0.0, 0.0, 0.0, 0.0], [0.0, 0.0, 0.0, 0.0, 0.0, 0.0, 0.0, 0.0, 1.8575078468799642, 0.0, 0.0, 0.0, 0.0, 0.0, 0.0, 0.0, 0.0, 0.0, 0.0, 0.0, 0.0, 0.0, 0.0, 0.0, 0.0, 0.0, 0.0, 0.0, 0.0, 0.0, 0.0], [0.0, 0.0, 0.0, 0.0, 0.0, 0.0, 0.0, 0.0, 1.0080290306014938, 0.0, 0.0, 0.0, 0.0, 0.0, 0.0, 0.0, 0.0, 0.0, 0.0, 0.0, 0.0, 0.0, 0.0, 0.0, 0.0, 0.0, 0.0, 0.0, 0.9642146727039649, 0.9828588139168408, 0.9623117302121857], [0.9876817385665047, 0.0, 0.0, 0.0, 0.0, 0.0, 0.0, 0.0, 0.0, 0.0, 0.0, 0.0, 0.0, 0.0, 0.0, 0.0, 0.0, 0.0, 0.0, 0.0, 0.0, 0.0, 0.0, 0.0, 0.0, 0.0, 0.0, 0.0, 0.0, 0.0, 0.0], [0.9878667214939738, 0.0, 0.0, 0.0, 0.0, 0.0, 0.0, 0.0, 0.0, 0.0, 0.0, 0.0, 0.0, 0.0, 0.0, 0.0, 0.0, 0.0, 0.0, 0.0, 0.0, 0.0, 0.0, 0.0, 0.0, 0.0, 0.0, 0.0, 0.0, 0.0, 0.0], [0.9875044945817112, 0.0, 0.0, 0.0, 0.0, 0.0, 0.0, 0.0, 0.0, 0.0, 0.0, 0.0, 0.0, 0.0, 0.0, 0.0, 0.0, 0.0, 0.0, 0.0, 0.0, 0.0, 0.0, 0.0, 0.0, 0.0, 0.0, 0.0, 0.0, 0.0, 0.0], [0.0, 0.9778688953162251, 0.0, 0.0, 0.0, 0.0, 0.0, 0.0, 0.0, 0.0, 0.0, 0.0, 0.0, 0.0, 0.0, 0.0, 0.0, 0.0, 0.0, 0.0, 0.0, 0.0, 0.0, 0.0, 0.0, 0.0, 0.0, 0.0, 0.0, 0.0, 0.0], [0.0, 0.9762682025970697, 0.0, 0.0, 0.0, 0.0, 0.0, 0.0, 0.0, 0.0, 0.0, 0.0, 0.0, 0.0, 0.0, 0.0, 0.0, 0.0, 0.0, 0.0, 0.0, 0.0, 0.0, 0.0, 0.0, 0.0, 0.0, 0.0, 0.0, 0.0, 0.0], [0.0, 0.0, 0.9772509442217304, 0.0, 0.0, 0.0, 0.0, 0.0, 0.0, 0.0, 0.0, 0.0, 0.0, 0.0, 0.0, 0.0, 0.0, 0.0, 0.0, 0.0, 0.0, 0.0, 0.0, 0.0, 0.0, 0.0, 0.0, 0.0, 0.0, 0.0, 0.0], [0.0, 0.0, 0.9768807535966177, 0.0, 0.0, 0.0, 0.0, 0.0, 0.0, 0.0, 0.0, 0.0, 0.0, 0.0, 0.0, 0.0, 0.0, 0.0, 0.0, 0.0, 0.0, 0.0, 0.0, 0.0, 0.0, 0.0, 0.0, 0.0, 0.0, 0.0, 0.0], [0.0, 0.0, 0.0, 0.9772057823256102, 0.0, 0.0, 0.0, 0.0, 0.0, 0.0, 0.0, 0.0, 0.0, 0.0, 0.0, 0.0, 0.0, 0.0, 0.0, 0.0, 0.0, 0.0, 0.0, 0.0, 0.0, 0.0, 0.0, 0.0, 0.0, 0.0, 0.0], [0.0, 0.0, 0.0, 0.977109446966423, 0.0, 0.0, 0.0, 0.0, 0.0, 0.0, 0.0, 0.0, 0.0, 0.0, 0.0, 0.0, 0.0, 0.0, 0.0, 0.0, 0.0, 0.0, 0.0, 0.0, 0.0, 0.0, 0.0, 0.0, 0.0, 0.0, 0.0], [0.0, 0.0, 0.0, 0.0, 0.9752943510722525, 0.0, 0.0, 0.0, 0.0, 0.0, 0.0, 0.0, 0.0, 0.0, 0.0, 0.0, 0.0, 0.0, 0.0, 0.0, 0.0, 0.0, 0.0, 0.0, 0.0, 0.0, 0.0, 0.0, 0.0, 0.0, 0.0], [0.0, 0.0, 0.0, 0.0, 0.9772091983032545, 0.0, 0.0, 0.0, 0.0, 0.0, 0.0, 0.0, 0.0, 0.0, 0.0, 0.0, 0.0, 0.0, 0.0, 0.0, 0.0, 0.0, 0.0, 0.0, 0.0, 0.0, 0.0, 0.0, 0.0, 0.0, 0.0], [0.0, 0.0, 0.0, 0.0, 0.0, 0.9765927207925146, 0.0, 0.0, 0.0, 0.0, 0.0, 0.0, 0.0, 0.0, 0.0, 0.0, 0.0, 0.0, 0.0, 0.0, 0.0, 0.0, 0.0, 0.0, 0.0, 0.0, 0.0, 0.0, 0.0, 0.0, 0.0], [0.0, 0.0, 0.0, 0.0, 0.0, 0.9772429645227539, 0.0, 0.0, 0.0, 0.0, 0.0, 0.0, 0.0, 0.0, 0.0, 0.0, 0.0, 0.0, 0.0, 0.0, 0.0, 0.0, 0.0, 0.0, 0.0, 0.0, 0.0, 0.0, 0.0, 0.0, 0.0], [0.0, 0.0, 0.0, 0.0, 0.0, 0.0, 0.9746505374159677, 0.0, 0.0, 0.0, 0.0, 0.0, 0.0, 0.0, 0.0, 0.0, 0.0, 0.0, 0.0, 0.0, 0.0, 0.0, 0.0, 0.0, 0.0, 0.0, 0.0, 0.0, 0.0, 0.0, 0.0], [0.0, 0.0, 0.0, 0.0, 0.0, 0.0, 0.9768785382099181, 0.0, 0.0, 0.0, 0.0, 0.0, 0.0, 0.0, 0.0, 0.0, 0.0, 0.0, 0.0, 0.0, 0.0, 0.0, 0.0, 0.0, 0.0, 0.0, 0.0, 0.0, 0.0, 0.0, 0.0], [0.0, 0.0, 0.0, 0.0, 0.0, 0.0, 0.0, 0.9582663645484758, 0.0, 0.0, 0.0, 0.0, 0.0, 0.0, 0.0, 0.0, 0.0, 0.0, 0.0, 0.0, 0.0, 0.0, 0.0, 0.0, 0.0, 0.0, 0.0, 0.0, 0.0, 0.0, 0.0], [0.0, 0.0, 0.0, 0.0, 0.0, 0.0, 0.0, 0.9467293714056939, 0.0, 0.0, 0.0, 0.0, 0.0, 0.0, 0.0, 0.0, 0.0, 0.0, 0.0, 0.0, 0.0, 0.0, 0.0, 0.0, 0.0, 0.0, 0.0, 0.0, 0.0, 0.0, 0.0], [0.0, 0.0, 0.0, 0.0, 0.0, 0.0, 0.0, 0.0, 0.0, 0.0, 0.9642146727039649, 0.0, 0.0, 0.0, 0.0, 0.0, 0.0, 0.0, 0.0, 0.0, 0.0, 0.0, 0.0, 0.0, 0.0, 0.0, 0.0, 0.0, 0.0, 0.0, 0.0], [0.0, 0.0, 0.0, 0.0, 0.0, 0.0, 0.0, 0.0, 0.0, 0.0, 0.9828588139168408, 0.0, 0.0, 0.0, 0.0, 0.0, 0.0, 0.0, 0.0, 0.0, 0.0, 0.0, 0.0, 0.0, 0.0, 0.0, 0.0, 0.0, 0.0, 0.0, 0.0], [0.0, 0.0, 0.0, 0.0, 0.0, 0.0, 0.0, 0.0, 0.0, 0.0, 0.9623117302121857, 0.0, 0.0, 0.0, 0.0, 0.0, 0.0, 0.0, 0.0, 0.0, 0.0, 0.0, 0.0, 0.0, 0.0, 0.0, 0.0, 0.0, 0.0, 0.0, 0.0]], "Born radii": [], "Atomic SASAs": [], "Solvent H bonds": [], "Total SASA": NaN, "Total FOD": 0.0, "FOD": [0.0, 0.0, 0.0, 0.0, 0.0, 0.0, 0.0, 0.0, 0.0, 0.0, 0.0, 0.0, 0.0, 0.0, 0.0, 0.0, 0.0, 0.0, 0.0, 0.0, 0.0, 0.0, 0.0, 0.0, 0.0, 0.0, 0.0, 0.0, 0.0, 0.0, 0.0], "FOD s proportion": [0.0, 0.0, 0.0, 0.0, 0.0, 0.0, 0.0, 0.0, 0.0, 0.0, 0.0, 0.0, 0.0, 0.0, 0.0, 0.0, 0.0, 0.0, 0.0, 0.0, 0.0, 0.0, 0.0, 0.0, 0.0, 0.0, 0.0, 0.0, 0.0, 0.0, 0.0], "FOD p proportion": [0.0, 0.0, 0.0, 0.0, 0.0, 0.0, 0.0, 0.0, 0.0, 0.0, 0.0, 0.0, 0.0, 0.0, 0.0, 0.0, 0.0, 0.0, 0.0, 0.0, 0.0, 0.0, 0.0, 0.0, 0.0, 0.0, 0.0, 0.0, 0.0, 0.0, 0.0], "FOD d proportion": [0.0, 0.0, 0.0, 0.0, 0.0, 0.0, 0.0, 0.0, 0.0, 0.0, 0.0, 0.0, 0.0, 0.0, 0.0, 0.0, 0.0, 0.0, 0.0, 0.0, 0.0, 0.0, 0.0, 0.0, 0.0, 0.0, 0.0, 0.0, 0.0, 0.0, 0.0], "coordinates": [["4.90600", "0.09700", "1.29020"], ["3.40950", "0.28710", "1.09460"], ["3.06300", "0.50020", "-0.37950"], ["1.58240", "0.81010", "-0.61830"], ["0.65370", "-0.35710", "-0.27660"], ["-0.79800", "-0.03460", "-0.64020"], ["-1.72830", "-1.20270", "-0.29820"], ["-3.18240", "-0.91830", "-0.67120"], ["-3.87050", "0.07320", "0.25230"], ["-3.37880", "0.45000", "1.31490"], ["-5.22860", "0.55570", "-0.18710"], ["5.46150", "0.97640", "0.94890"], ["5.26640", "-0.77470", "0.73460"], ["5.13300", "-0.05750", "2.34970"], ["3.07680", "1.14900", "1.68440"], ["2.89130", "-0.59540", "1.48440"], ["3.35190", "-0.38440", "-0.96000"], ["3.65400", "1.33890", "-0.76820"], ["1.29390", "1.69540", "-0.03850"], ["1.45490", "1.07070", "-1.67640"], ["0.71190", "-0.58280", "0.79400"], ["0.97690", "-1.25470", "-0.81740"], ["-1.11370", "0.86870", "-0.10580"], ["-0.86680", "0.18510", "-1.71270"], ["-1.64950", "-1.44250", "0.76900"], ["-1.39680", "-2.09110", "-0.84970"], ["-3.24010", "-0.54030", "-1.69770"], ["-3.75440", "-1.85180", "-0.61880"], ["-5.14350", "1.06050", "-1.15260"], ["-5.62400", "1.26370", "0.54650"], ["-5.91150", "-0.29390", "-0.26380"]], "bond_dist": [[0.0, 1.52115404216667, 2.5193485923944703, 3.898358734134148, 4.554462025311003, 6.023236565169925, 6.944506544024564, 8.384517792336062, 8.837689466144417, 8.292353714718157, 10.251972402420911, 1.0947192790848257, 1.0947330313825376, 1.0945042256656663, 2.1466416282183665, 2.13919318669446, 2.7767558066924067, 2.7105036745962914, 4.167444379952778, 4.653912167198689, 4.277711688508237, 4.659066157504098, 6.22744931573112, 6.507717715144074, 6.753983264711277, 7.006585577868866, 8.700151890053416, 9.079902565556527, 10.386917460921696, 10.620507453977892, 10.935539541330368], [1.52115404216667, 0.0, 1.529197394060034, 2.5584858451826538, 3.1447761001381322, 4.56246404698163, 5.527782984162819, 6.929948369937542, 7.331686197594657, 6.793827006187308, 8.73679989813204, 2.1695776040510744, 2.1691235211485766, 2.1597401278857604, 1.0960953151984547, 1.0951171307216412, 2.162316158659505, 2.1531575255888735, 2.7826224788857, 3.4803636476667204, 2.850286324213762, 3.456939976337454, 4.715777450219635, 5.116451795922639, 5.356399212157362, 5.704091287838931, 7.259387729691809, 7.670208340064825, 8.87704142155482, 9.102652548570664, 9.437364704195764], [2.5193485923944703, 1.529197394060034, 0.0, 1.5314175818502282, 2.559351126750685, 3.9065709426554642, 5.08557113705039, 6.4111038285150235, 6.9753080569964805, 6.661103410096559, 8.294017637430006, 2.7828430156945614, 2.7787695802279107, 3.470513208446267, 2.163519144819384, 2.168857639403748, 1.096795614506185, 1.097171991986671, 2.1620589376795443, 2.1432231498376457, 2.8421228791169466, 2.761022207444192, 4.201848025571606, 4.161735009584344, 5.225015960741173, 5.17935708075819, 6.522987130142141, 7.215685085284695, 8.261855841758557, 8.769514082889655, 9.010306962029652], [3.898358734134148, 2.5584858451826538, 1.5314175818502282, 0.0, 1.5302282248083128, 2.5259259411154553, 3.8877451485404753, 5.068874037693184, 5.570914142221184, 5.336706820690078, 6.829375798709572, 4.1870261928963375, 4.232468009329781, 4.708345157271289, 2.765955867326881, 2.847805602564894, 2.162109939387912, 2.1432745997655083, 1.0968848526623018, 1.0971527787869837, 2.1662252768352603, 2.1609419473923865, 2.7450037194874617, 2.7544358769083734, 4.176599772542254, 4.164869750664479, 5.123006028690577, 5.963819757504414, 6.751733663289748, 7.314007995620458, 7.5830748024795325], [4.554462025311003, 3.1447761001381322, 2.559351126750685, 1.5302282248083128, 0.0, 1.530896502053617, 2.5277321693565558, 3.8969626390305567, 4.575290038893709, 4.40968694013532, 5.953374453198791, 5.137607744855576, 4.740666249589819, 5.2010903030037845, 3.461975132781863, 2.857404705322647, 2.7835344599986542, 3.481362757599386, 2.1631698731260105, 2.1540599620251983, 1.0956788261164856, 1.0966351444304527, 2.1576517420566277, 2.16062127639251, 2.7524721179332587, 2.745860495363885, 4.149068074881394, 4.667180577179332, 6.031956034322532, 6.535595117508427, 6.5655166681686215], [6.023236565169925, 4.56246404698163, 3.9065709426554642, 2.5259259411154553, 1.530896502053617, 0.0, 1.531952903975837, 2.5430788524935672, 3.201317438180725, 3.273802347424169, 4.492657349498179, 6.536719365247371, 6.262169784507603, 6.642046929975728, 4.671054394887732, 4.294107158653589, 4.176877073843568, 4.660814333354205, 2.7804655185777793, 2.7149506330686757, 2.1534277071682717, 2.1610908958209047, 1.0959930382990577, 1.0969310734955042, 2.1663516104270792, 2.1521254470871343, 2.7088542135006084, 3.4702989438951795, 4.510561829750259, 5.13654706782679, 5.133886997198127], [6.944506544024564, 5.527782984162819, 5.08557113705039, 3.8877451485404753, 2.5277321693565558, 1.531952903975837, 0.0, 1.5278806137915357, 2.553427480857837, 2.838601618755263, 3.9187260506445205, 7.6155734688859775, 7.083479930796726, 7.443137452714413, 5.70527665061038, 4.988705263893629, 5.188065744571863, 5.97074399467939, 4.1952497589535716, 4.147353980551937, 2.7444039225303554, 2.755064369483951, 2.169204665309385, 2.1607825758275636, 1.0966445732323669, 1.0969498894662415, 2.1640039856710063, 2.1515567340881345, 4.185171996465618, 4.687550057332722, 4.280918480887016], [8.384517792336062, 6.929948369937542, 6.4111038285150235, 5.068874037693184, 3.8969626390305567, 2.5430788524935672, 1.5278806137915357, 0.0, 1.5196730273318666, 2.419795664927103, 2.5678713460763567, 8.996200270669835, 8.566161102851149, 8.888908291235769, 7.000011806418615, 6.4529611388881, 6.562433324613668, 7.2000504026013585, 5.2219726799361945, 5.145007223512907, 4.174319558922148, 4.175441999357672, 2.791516765129667, 2.7684322585174446, 2.1676586654729566, 2.143755921274621, 1.0954065637926405, 1.0960620466013773, 2.8272439954839417, 3.493612435574387, 2.8291053232426684], [8.837689466144417, 7.331686197594657, 6.9753080569964805, 5.570914142221184, 4.575290038893709, 3.201317438180725, 2.553427480857837, 1.5196730273318666, 0.0, 1.2299861340681852, 1.5067561912930707, 9.401449132979447, 9.1888241527412, 9.2454952003665, 7.174484883251202, 6.905580034291109, 7.337719728226202, 7.698150231711511, 5.420989286098986, 5.751067300945103, 4.660704308363705, 5.138566265019844, 2.891539745533511, 3.5910945824358342, 2.7380953927867453, 3.4666684554482563, 2.1392256566337267, 2.1161095009474344, 2.1375299530065073, 2.1397677771197507, 2.1370078661530476], [8.292353714718157, 6.793827006187308, 6.661103410096559, 5.336706820690078, 4.40968694013532, 3.273802347424169, 2.838601618755263, 2.419795664927103, 1.2299861340681852, 0.0, 2.385149163050395, 8.863518322314224, 8.750778320812381, 8.589476499182009, 6.503837529489802, 6.358910710176705, 7.153580632103059, 7.388485951803657, 5.021636985087632, 5.718199005805936, 4.251098580367197, 5.1405085225102, 2.7063584740385007, 3.9429275633721703, 2.621076410561127, 3.8821394063067856, 3.1742228245666686, 3.0296128944140706, 3.094419588549685, 2.5086787937079547, 3.0757519714697414], [10.251972402420911, 8.73679989813204, 8.294017637430006, 6.829375798709572, 5.953374453198791, 4.492657349498179, 3.9187260506445205, 2.5678713460763567, 1.5067561912930707, 2.385149163050395, 0.0, 10.758518601554771, 10.619063991237647, 10.685229199226377, 8.534294716026627, 8.369690524147236, 8.666380021093007, 8.935975727921377, 6.622990585830543, 6.866761372000632, 6.12766511079057, 6.494848458586236, 4.1275877580010345, 4.635741468201177, 4.209143292880394, 4.703964311089106, 2.727134138615114, 2.855816307117809, 1.092819884518945, 1.0935145723766098, 1.0927284475110914], [1.0947192790848257, 2.1695776040510744, 2.7828430156945614, 4.1870261928963375, 5.137607744855576, 6.536719365247371, 7.6155734688859775, 8.996200270669835, 9.401449132979447, 8.863518322314224, 10.758518601554771, 0.0, 1.7749196348004042, 1.771751139409821, 2.5015085648464206, 3.0599417527136037, 3.1537419060538228, 2.5193044496447823, 4.342903351445896, 4.791026626934983, 5.001379690645372, 5.311239032466907, 6.660123603958112, 6.9106910754279856, 7.513305678594476, 7.725334756500847, 9.220776160931356, 9.766740056948377, 10.81154013357949, 11.096520954785783, 11.507798763447335], [1.0947330313825376, 2.1691235211485766, 2.7787695802279107, 4.232468009329781, 4.740666249589819, 6.262169784507603, 7.083479930796726, 8.566161102851149, 9.1888241527412, 8.750778320812381, 10.619063991237647, 1.7749196348004042, 0.0, 1.7722074963163879, 3.06546732000196, 2.4970880120652534, 2.5863707197538406, 3.053775787447402, 4.741290316991779, 4.872982085951065, 4.558927968283772, 4.586819622570742, 6.64174011310289, 6.672828153789066, 6.948151769355646, 6.9743207332327355, 8.850512352400846, 9.185133020811403, 10.737574255389344, 11.08112216023269, 11.232694227566245], [1.0945042256656663, 2.1597401278857604, 3.470513208446267, 4.708345157271289, 5.2010903030037845, 6.642046929975728, 7.443137452714413, 8.888908291235769, 9.2454952003665, 8.589476499182009, 10.685229199226377, 1.771751139409821, 1.7722074963163879, 0.0, 2.475121164710932, 2.462376776612385, 3.7727039255685035, 3.7227240523573593, 4.849210911065841, 5.568728406018738, 4.7161708821882184, 5.360688151720822, 6.775587618797354, 7.249796449556361, 7.100643896154771, 7.550495173165797, 9.312537044758534, 9.540303113633234, 10.914324603015984, 10.986817040435323, 11.35197108259178], [2.1466416282183665, 1.0960953151984547, 2.163519144819384, 2.765955867326881, 3.461975132781863, 4.671054394887732, 5.70527665061038, 7.000011806418615, 7.174484883251202, 6.503837529489802, 8.534294716026627, 2.5015085648464206, 3.06546732000196, 2.475121164710932, 0.0, 1.7655995044176924, 3.069176914092767, 2.526750603047321, 2.5388323654782723, 3.7325148546254976, 3.0634450231724415, 4.055410822592453, 4.5654873102441105, 5.293521755882373, 5.4673340029670765, 6.0772533088559015, 7.36176341035217, 7.808637801819214, 8.69653570912004, 8.775642035771513, 9.309510220199556], [2.13919318669446, 1.0951171307216412, 2.168857639403748, 2.847805602564894, 2.857404705322647, 4.294107158653589, 4.988705263893629, 6.4529611388881, 6.905580034291109, 6.358910710176705, 8.369690524147236, 3.0599417527136037, 2.4970880120652534, 2.462376776612385, 1.7655995044176924, 0.0, 2.496350279908651, 3.06552353440648, 3.1809866095285595, 3.8509467420363013, 2.286174813963272, 3.065597346358455, 4.55108227238313, 4.995392303913678, 4.674210116158665, 5.106167144737822, 6.908173592202211, 7.0828892190969635, 8.617063586280421, 8.766198908877211, 8.979776908698792], [2.7767558066924067, 2.162316158659505, 1.096795614506185, 2.162109939387912, 2.7835344599986542, 4.176877073843568, 5.188065744571863, 6.562433324613668, 7.337719728226202, 7.153580632103059, 8.666380021093007, 3.1537419060538228, 2.5863707197538406, 3.7727039255685035, 3.069176914092767, 2.496350279908651, 0.0, 1.7600609478083422, 3.067587698827859, 2.4958273117345278, 3.175764248177122, 2.533452555308664, 4.716089546435692, 4.32299863867663, 5.396574707163795, 5.047290626662982, 6.634980791230673, 7.264239801245551, 8.619550564269579, 9.24946250708656, 9.289965783037093], [2.7105036745962914, 2.1531575255888735, 1.097171991986671, 2.1432745997655083, 3.481362757599386, 4.660814333354205, 5.97074399467939, 7.2000504026013585, 7.698150231711511, 7.388485951803657, 8.935975727921377, 2.5193044496447823, 3.053775787447402, 3.7227240523573593, 2.526750603047321, 3.06552353440648, 1.7600609478083422, 0.0, 2.4959219438916755, 2.3943264794091883, 3.84569267362851, 3.7277400673866734, 4.836406216396633, 4.760353697993458, 6.182740658478244, 6.105908850449701, 7.205829424847635, 8.067668647756921, 8.81029376184472, 9.370985814203326, 9.716956594016462], [4.167444379952778, 2.7826224788857, 2.1620589376795443, 1.0968848526623018, 2.1631698731260105, 2.7804655185777793, 4.1952497589535716, 5.2219726799361945, 5.420989286098986, 5.021636985087632, 6.622990585830543, 4.342903351445896, 4.741290316991779, 4.849210911065841, 2.5388323654782723, 3.1809866095285595, 3.067587698827859, 2.4959219438916755, 0.0, 1.760365729046098, 2.494388800888907, 3.067615396362458, 2.5464681305682975, 3.122911497305039, 4.377450881506268, 4.71545270149113, 5.320569060730252, 6.197153283564963, 6.563873519500509, 6.955999590281759, 7.478359695815653], [4.653912167198689, 3.4803636476667204, 2.1432231498376457, 1.0971527787869837, 2.1540599620251983, 2.7149506330686757, 4.147353980551937, 5.145007223512907, 5.751067300945103, 5.718199005805936, 6.866761372000632, 4.791026626934983, 4.872982085951065, 5.568728406018738, 3.7325148546254976, 3.8509467420363013, 2.4958273117345278, 2.3943264794091883, 1.760365729046098, 0.0, 3.0641454616254755, 2.5246485220719337, 3.017498023197364, 2.4851349943212337, 4.683316641014144, 4.3373499997118055, 4.963748552253629, 6.065997898120308, 6.619165584875484, 7.422220598985185, 7.6237406094383875], [4.277711688508237, 2.850286324213762, 2.8421228791169466, 2.1662252768352603, 1.0956788261164856, 2.1534277071682717, 2.7444039225303554, 4.174319558922148, 4.660704308363705, 4.251098580367197, 6.12766511079057, 5.001379690645372, 4.558927968283772, 4.7161708821882184, 3.0634450231724415, 2.286174813963272, 3.175764248177122, 3.84569267362851, 2.494388800888907, 3.0641454616254755, 0.0, 1.7658665210032156, 2.4998615261649997, 3.0603119105738226, 2.513149229552435, 3.0697449845223295, 4.672117201012834, 4.8532669955402215, 6.3855614952798, 6.604123508081901, 6.713555809703231], [4.659066157504098, 3.456939976337454, 2.761022207444192, 2.1609419473923865, 1.0966351444304527, 2.1610908958209047, 2.755064369483951, 4.175441999357672, 5.138566265019844, 5.1405085225102, 6.494848458586236, 5.311239032466907, 4.586819622570742, 5.360688151720822, 4.055410822592453, 3.065597346358455, 2.533452555308664, 3.7277400673866734, 3.067615396362458, 2.5246485220719337, 1.7658665210032156, 0.0, 3.0636270138513924, 2.504758635078438, 3.0740707148665267, 2.516954497006253, 4.366736132399117, 4.772962398762429, 6.552236735649895, 7.195445961161823, 6.977081349676238], [6.22744931573112, 4.715777450219635, 4.201848025571606, 2.7450037194874617, 2.1576517420566277, 1.0959930382990577, 2.169204665309385, 2.791516765129667, 2.891539745533511, 2.7063584740385007, 4.1275877580010345, 6.660123603958112, 6.64174011310289, 6.775587618797354, 4.5654873102441105, 4.55108227238313, 4.716089546435692, 4.836406216396633, 2.5464681305682975, 3.017498023197364, 2.4998615261649997, 3.0636270138513924, 0.0, 1.763631531811563, 2.5286364151455225, 3.064954952360638, 3.0068261622514862, 3.8259097924546, 4.167956995939378, 4.5743115744339065, 4.939178838632998], [6.507717715144074, 5.116451795922639, 4.161735009584344, 2.7544358769083734, 2.16062127639251, 1.0969310734955042, 2.1607825758275636, 2.7684322585174446, 3.5910945824358342, 3.9429275633721703, 4.635741468201177, 6.9106910754279856, 6.672828153789066, 7.249796449556361, 5.293521755882373, 4.995392303913678, 4.32299863867663, 4.760353697993458, 3.122911497305039, 2.4851349943212337, 3.0603119105738226, 2.504758635078438, 1.763631531811563, 0.0, 3.069289158746696, 2.4913360752816947, 2.4817298503261793, 3.699163767664254, 4.401158945096166, 5.375715249155222, 5.27046016017577], [6.753983264711277, 5.356399212157362, 5.225015960741173, 4.176599772542254, 2.7524721179332587, 2.1663516104270792, 1.0966445732323669, 2.1676586654729566, 2.7380953927867453, 2.621076410561127, 4.209143292880394, 7.513305678594476, 6.948151769355646, 7.100643896154771, 5.4673340029670765, 4.674210116158665, 5.396574707163795, 6.182740658478244, 4.377450881506268, 4.683316641014144, 2.513149229552435, 3.0740707148665267, 2.5286364151455225, 3.069289158746696, 0.0, 1.7620241031268558, 3.0705996303653786, 2.554235568619308, 4.70803478746706, 4.813488853212397, 4.533277158965686], [7.006585577868866, 5.704091287838931, 5.17935708075819, 4.164869750664479, 2.745860495363885, 2.1521254470871343, 1.0969498894662415, 2.143755921274621, 3.4666684554482563, 3.8821394063067856, 4.703964311089106, 7.725334756500847, 6.9743207332327355, 7.550495173165797, 6.0772533088559015, 5.106167144737822, 5.047290626662982, 6.105908850449701, 4.71545270149113, 4.3373499997118055, 3.0697449845223295, 2.516954497006253, 3.064954952360638, 2.4913360752816947, 1.7620241031268558, 0.0, 2.5537892493312753, 2.3809361730210234, 4.9053126159297955, 5.574340976294866, 4.894458370443046], [8.700151890053416, 7.259387729691809, 6.522987130142141, 5.123006028690577, 4.149068074881394, 2.7088542135006084, 2.1640039856710063, 1.0954065637926405, 2.1392256566337267, 3.1742228245666686, 2.727134138615114, 9.220776160931356, 8.850512352400846, 9.312537044758534, 7.36176341035217, 6.908173592202211, 6.634980791230673, 7.205829424847635, 5.320569060730252, 4.963748552253629, 4.672117201012834, 4.366736132399117, 3.0068261622514862, 2.4817298503261793, 3.0705996303653786, 2.5537892493312753, 0.0, 1.7744187639900564, 2.5461001963787684, 3.738158483799209, 3.041900742956614], [9.079902565556527, 7.670208340064825, 7.215685085284695, 5.963819757504414, 4.667180577179332, 3.4702989438951795, 2.1515567340881345, 1.0960620466013773, 2.1161095009474344, 3.0296128944140706, 2.855816307117809, 9.766740056948377, 9.185133020811403, 9.540303113633234, 7.808637801819214, 7.0828892190969635, 7.264239801245551, 8.067668647756921, 6.197153283564963, 6.065997898120308, 4.8532669955402215, 4.772962398762429, 3.8259097924546, 3.699163767664254, 2.554235568619308, 2.3809361730210234, 1.7744187639900564, 0.0, 3.27047894657648, 3.815713367117609, 2.6844287697757974], [10.386917460921696, 8.87704142155482, 8.261855841758557, 6.751733663289748, 6.031956034322532, 4.510561829750259, 4.185171996465618, 2.8272439954839417, 2.1375299530065073, 3.094419588549685, 1.092819884518945, 10.81154013357949, 10.737574255389344, 10.914324603015984, 8.69653570912004, 8.617063586280421, 8.619550564269579, 8.81029376184472, 6.563873519500509, 6.619165584875484, 6.3855614952798, 6.552236735649895, 4.167956995939378, 4.401158945096166, 4.70803478746706, 4.9053126159297955, 2.5461001963787684, 3.27047894657648, 0.0, 1.7773888994814835, 1.7928158856949032], [10.620507453977892, 9.102652548570664, 8.769514082889655, 7.314007995620458, 6.535595117508427, 5.13654706782679, 4.687550057332722, 3.493612435574387, 2.1397677771197507, 2.5086787937079547, 1.0935145723766098, 11.096520954785783, 11.08112216023269, 10.986817040435323, 8.775642035771513, 8.766198908877211, 9.24946250708656, 9.370985814203326, 6.955999590281759, 7.422220598985185, 6.604123508081901, 7.195445961161823, 4.5743115744339065, 5.375715249155222, 4.813488853212397, 5.574340976294866, 3.738158483799209, 3.815713367117609, 1.7773888994814835, 0.0, 1.7791458905890774], [10.935539541330368, 9.437364704195764, 9.010306962029652, 7.5830748024795325, 6.5655166681686215, 5.133886997198127, 4.280918480887016, 2.8291053232426684, 2.1370078661530476, 3.0757519714697414, 1.0927284475110914, 11.507798763447335, 11.232694227566245, 11.35197108259178, 9.309510220199556, 8.979776908698792, 9.289965783037093, 9.716956594016462, 7.478359695815653, 7.6237406094383875, 6.713555809703231, 6.977081349676238, 4.939178838632998, 5.27046016017577, 4.533277158965686, 4.894458370443046, 3.041900742956614, 2.6844287697757974, 1.7928158856949032, 1.7791458905890774, 0.0]]}