{"total energy": -30.38350279, "HOMO-LUMO gap/eV": 11.35343507, "electronic energy": -30.7715513, "dipole": [0.28148092, -0.06244022, -0.63714437], "partial charges": [-0.09881492, -0.05197891, -0.05658102, -0.07016418, 0.14337336, -0.11433954, -0.45854299, -0.06027308, -0.10236323, 0.03069734, 0.02948837, 0.03288811, 0.02797795, 0.02702931, 0.04048548, 0.03242282, 0.02938884, 0.03235655, 0.04432306, 0.02899089, 0.03562072, 0.28283608, 0.04357776, 0.04609754, 0.03430973, 0.03528434, 0.03590963], "atomic dipole moments": [[-0.06560763, 0.0730662, 0.01705088], [-0.0205652, -0.10618115, 0.01526269], [0.03541687, -0.02598303, -0.11162343], [-0.0426023, 0.01853183, 0.09601519], [0.02295224, -0.08707255, 0.10871331], [0.04812111, 0.05821731, 0.06499727], [0.04938286, 0.0311346, -0.22264193], [0.05425448, -0.01006797, -0.11815645], [0.02122754, -0.07518977, 0.07331274], [-0.03396832, -0.0730483, -0.09603955], [0.11000318, 0.04950074, -0.03149158], [0.0193349, -0.07229451, 0.10183458], [0.04894454, 0.07650449, 0.08072444], [-0.01444704, 0.06793249, -0.10236649], [0.01877428, -0.06410483, 0.10830349], [-0.06138934, 0.10101414, 0.03418949], [0.07003233, -0.09494745, -0.03074629], [-0.01100709, 0.06401205, -0.10819188], [-0.1110591, -0.05148253, 0.03916875], [0.064696, -0.10350321, -0.02671862], [-0.0195334, 0.06068928, -0.11149833], [0.04748923, -0.05402416, -0.02690634], [-0.10730366, -0.04466621, 0.04427685], [0.03646996, 0.05620308, 0.10645505], [-0.05691252, -0.0472105, -0.10194625], [-0.07933393, 0.08394284, 0.04695233], [0.1016498, 0.06525276, -0.03585856]], "atomic quadrupole moments": [[0.04008562, -0.15431084, 0.07539139, -0.04236352, 0.04427834, -0.11547702], [0.1578458, -0.06166395, 0.0060603, -0.13660165, 0.01016562, -0.1639061], [0.11577922, 0.17099085, -0.09055185, -0.01713107, 0.09294886, -0.02522737], [0.08907293, 0.16443103, -0.07859996, -0.00364202, 0.07707964, -0.01047297], [-0.12918969, -0.04103067, -0.00661684, 0.04183728, -0.17168652, 0.13580652], [-0.04381946, 0.06027262, -0.01489829, 0.1048153, 0.12573321, 0.05871775], [-0.08552764, -0.04394445, -0.01039227, 0.00837672, -0.10217954, 0.09591991], [-0.0824863, -0.17167049, 0.10822932, -0.00956036, -0.08637833, -0.02574302], [-0.1023269, -0.05266362, 0.04410327, 0.03718245, -0.15947184, 0.05822364], [-0.01665874, 0.01670868, -0.00291572, 0.04368577, 0.05128557, 0.01957446], [0.05069615, 0.04295559, -0.00458084, -0.0314641, -0.00873762, -0.04611531], [-0.0445964, -0.01361384, -0.00608543, 7.859e-05, -0.05160561, 0.05068183], [0.00420935, 0.01239435, -0.01519367, 0.01832809, 0.04709115, 0.01098432], [-0.0172254, -0.01883862, -0.02306821, 0.00907841, -0.03417083, 0.04029361], [-0.02237094, -0.00066333, 0.00888368, 0.01897674, -0.0427575, 0.01348726], [0.01866388, -0.03387353, 0.02524489, -0.00426618, 0.01722121, -0.04390877], [0.00734134, -0.03397265, 0.03436897, 0.00211268, 0.02115389, -0.04171031], [-0.02675052, -0.00236838, 0.00792717, 0.02379184, -0.04538599, 0.01882335], [0.05361115, 0.02980734, -0.03540432, -0.04555454, -0.00251074, -0.01820682], [0.01932663, -0.06277949, 0.0239343, -0.0073878, 0.02163878, -0.04326092], [-0.04619828, -0.00383505, 0.0064801, 0.01677399, -0.05855224, 0.03971818], [-0.00358166, -0.10945629, 0.04753887, -0.03460907, 0.02539733, -0.0439572], [0.03838773, 0.03416122, 0.00285442, -0.00809745, -0.01252467, -0.04124215], [-0.00599068, 0.01802167, -0.00020763, 0.04558208, 0.02720513, 0.00619831], [-0.03337484, 0.02779472, 0.00065092, 0.03962159, 0.04126688, 0.03272392], [-0.00014803, -0.05527178, 0.00718575, -0.03891992, 0.0254236, -0.00703772], [0.05922223, 0.04055829, -0.02622533, -0.01948243, -0.02189846, -0.0329969]], "number of molecular orbitals": 54, "number of electrons": 56, "number of unpaired electrons": 0, "orbital energies/eV": [-18.36020715, -17.11648737, -16.83642932, -16.45265447, -16.30167058, -16.02947667, -15.75071572, -15.05378474, -14.93872063, -14.48686461, -14.26093008, -14.0393335, -13.72539273, -13.44058451, -13.34292526, -13.08292563, -12.80014794, -12.72853444, -12.60806509, -12.38175154, -12.32479672, -12.11925243, -11.86119329, -11.67661062, -11.61137949, -11.47516033, -11.2938905, -10.79997074, 0.55346432, 1.53046539, 1.81149151, 2.44176322, 2.81349504, 3.31093914, 3.47815493, 3.80488294, 3.94239207, 4.06060727, 4.13759878, 4.27810909, 4.67221765, 5.02130611, 5.36994255, 5.50762772, 6.0647974, 6.18011199, 6.27055702, 6.64868154, 7.20949408, 7.34654802, 7.52291193, 7.79416227, 7.99996806, 8.18692601], "fractional occupation": [2.0, 2.0, 2.0, 2.0, 2.0, 2.0, 2.0, 2.0, 2.0, 2.0, 2.0, 2.0, 2.0, 2.0, 2.0, 2.0, 2.0, 2.0, 2.0, 2.0, 2.0, 2.0, 2.0, 2.0, 2.0, 2.0, 2.0, 2.0, 0.0, 0.0, 0.0, 0.0, 0.0, 0.0, 0.0, 0.0, 0.0, 0.0, 0.0, 0.0, 0.0, 0.0, 0.0, 0.0, 0.0, 0.0, 0.0, 0.0, 0.0, 0.0, 0.0, 0.0, 0.0, 0.0], "program call": "xtb /home/svss/Project-DBcg-Debug/aqme2_20220329/End-to-End-workflows-final/example-3/QDESCP/mol_509_rdkit_conf_21/mol_509_rdkit_conf_21.xyz --pop --wbo --acc 0.2 --gfn 2 --chrg 0 --uhf 0 --etemp 300 --input /home/svss/Project-DBcg-Debug/aqme2_20220329/End-to-End-workflows-final/example-3/QDESCP/mol_509_rdkit_conf_21/mol_509_rdkit_conf_21_xtb.inp", "method": "GFN2-xTB", "xtb version": "6.3.3 (7355c4f)", "Dipole module/D": 1.778, "Total charge": 0, "Transition dipole module/D": NaN, "HOMO": -10.8, "LUMO": 0.5535, "HOMO occupancy": 2.0, "LUMO occupancy": 0, "mulliken charges": [-0.0851, -0.04019, -0.04224, -0.07571, 0.24409, -0.11345, -0.57107, -0.05313, -0.08904, 0.02487, 0.02824, 0.02727, 0.02437, 0.02123, 0.032, 0.02472, 0.024, 0.02535, 0.04113, 0.02856, 0.02988, 0.33384, 0.03668, 0.03868, 0.02606, 0.03221, 0.02672], "cm5 charges": [-0.23565, -0.15274, -0.15227, -0.18031, 0.23419, -0.2576, -0.77814, -0.15805, -0.23949, 0.07661, 0.07901, 0.0787, 0.0786, 0.07584, 0.08983, 0.08107, 0.08291, 0.08214, 0.095, 0.08245, 0.08258, 0.50445, 0.09407, 0.09677, 0.07805, 0.08303, 0.07892], "FUKUI+": [0.018, -0.002, -0.013, -0.001, -0.054, 0.027, -0.111, 0.001, 0.006, -0.012, -0.04, -0.022, -0.053, -0.034, -0.035, -0.038, -0.05, -0.073, -0.067, -0.047, -0.069, -0.104, -0.054, -0.046, -0.037, -0.059, -0.032], "FUKUI-": [0.019, 0.004, 0.004, -0.006, -0.016, 0.002, -0.091, 0.012, 0.02, -0.062, -0.057, -0.043, -0.1, -0.053, -0.033, -0.035, -0.042, -0.046, -0.051, -0.045, -0.05, -0.045, -0.071, -0.072, -0.055, -0.048, -0.04], "FUKUIrad": [0.018, 0.001, -0.004, -0.003, -0.035, 0.015, -0.101, 0.006, 0.013, -0.037, -0.048, -0.032, -0.077, -0.044, -0.034, -0.036, -0.046, -0.06, -0.059, -0.046, -0.06, -0.074, -0.063, -0.059, -0.046, -0.053, -0.036], "s proportion": [1.007, 1.028, 1.03, 1.044, 1.052, 1.024, 1.702, 1.034, 1.008, 0.975, 0.972, 0.973, 0.976, 0.979, 0.968, 0.975, 0.976, 0.975, 0.959, 0.971, 0.97, 0.666, 0.963, 0.961, 0.974, 0.968, 0.973], "p proportion": [3.078, 3.013, 3.012, 3.032, 2.704, 3.09, 4.869, 3.019, 3.081, 0.0, 0.0, 0.0, 0.0, 0.0, 0.0, 0.0, 0.0, 0.0, 0.0, 0.0, 0.0, 0.0, 0.0, 0.0, 0.0, 0.0, 0.0], "d proportion": [0.0, 0.0, 0.0, 0.0, 0.0, 0.0, 0.0, 0.0, 0.0, 0.0, 0.0, 0.0, 0.0, 0.0, 0.0, 0.0, 0.0, 0.0, 0.0, 0.0, 0.0, 0.0, 0.0, 0.0, 0.0, 0.0, 0.0], "Fermi-level/eV": -5.1233, "Coordination numbers": [3.749, 3.799, 3.799, 3.8, 3.77, 3.752, 1.653, 3.8, 3.748, 0.924, 0.924, 0.924, 0.924, 0.924, 0.924, 0.924, 0.924, 0.924, 0.924, 0.924, 0.924, 0.804, 0.923, 0.924, 0.924, 0.924, 0.924], "Dispersion coefficient C6": [22.452, 21.509, 21.594, 21.844, 18.302, 22.749, 22.02, 21.661, 22.522, 2.577, 2.594, 2.546, 2.616, 2.629, 2.443, 2.552, 2.595, 2.553, 2.392, 2.601, 2.508, 0.775, 2.402, 2.369, 2.526, 2.513, 2.504], "Total dispersion C6": 4842.794463, "Total dispersion C8": 100654.174099, "Polarizability alpha": [6.758, 6.603, 6.616, 6.654, 6.097, 6.802, 6.335, 6.627, 6.769, 2.51, 2.519, 2.495, 2.529, 2.536, 2.444, 2.498, 2.519, 2.499, 2.419, 2.522, 2.477, 1.383, 2.424, 2.407, 2.486, 2.479, 2.475], "Total polarizability alpha": 102.880943, "Wiberg matrix": [[0.0, 1.0209581184938592, 0.0, 0.0, 0.0, 0.0, 0.0, 0.0, 0.0, 0.9859230693528844, 0.9872732915754832, 0.9873641214548352, 0.0, 0.0, 0.0, 0.0, 0.0, 0.0, 0.0, 0.0, 0.0, 0.0, 0.0, 0.0, 0.0, 0.0, 0.0], [1.0209581184938592, 0.0, 1.0060560698339212, 0.0, 0.0, 0.0, 0.0, 0.0, 0.0, 0.0, 0.0, 0.0, 0.978102023826062, 0.9778828740024552, 0.0, 0.0, 0.0, 0.0, 0.0, 0.0, 0.0, 0.0, 0.0, 0.0, 0.0, 0.0, 0.0], [0.0, 1.0060560698339212, 0.0, 1.0079435966188195, 0.0, 0.0, 0.0, 0.0, 0.0, 0.0, 0.0, 0.0, 0.0, 0.0, 0.9760860803321676, 0.9749203379076802, 0.0, 0.0, 0.0, 0.0, 0.0, 0.0, 0.0, 0.0, 0.0, 0.0, 0.0], [0.0, 0.0, 1.0079435966188195, 0.0, 0.9768856009180615, 0.0, 0.0, 0.0, 0.0, 0.0, 0.0, 0.0, 0.0, 0.0, 0.0, 0.0, 0.9715535800159002, 0.9738994957416938, 0.0, 0.0, 0.0, 0.0, 0.0, 0.0, 0.0, 0.0, 0.0], [0.0, 0.0, 0.0, 0.9768856009180615, 0.0, 0.9915631697922245, 0.9682419942516141, 0.981777526732744, 0.0, 0.0, 0.0, 0.0, 0.0, 0.0, 0.0, 0.0, 0.0, 0.0, 0.0, 0.0, 0.0, 0.0, 0.0, 0.0, 0.0, 0.0, 0.0], [0.0, 0.0, 0.0, 0.0, 0.9915631697922245, 0.0, 0.0, 0.0, 0.0, 0.0, 0.0, 0.0, 0.0, 0.0, 0.0, 0.0, 0.0, 0.0, 0.9846878032822977, 0.9839364657495957, 0.9836412029146476, 0.0, 0.0, 0.0, 0.0, 0.0, 0.0], [0.0, 0.0, 0.0, 0.0, 0.9682419942516141, 0.0, 0.0, 0.0, 0.0, 0.0, 0.0, 0.0, 0.0, 0.0, 0.0, 0.0, 0.0, 0.0, 0.0, 0.0, 0.0, 0.9004136469918151, 0.0, 0.0, 0.0, 0.0, 0.0], [0.0, 0.0, 0.0, 0.0, 0.981777526732744, 0.0, 0.0, 0.0, 1.0209046226211675, 0.0, 0.0, 0.0, 0.0, 0.0, 0.0, 0.0, 0.0, 0.0, 0.0, 0.0, 0.0, 0.0, 0.9744020024215515, 0.9724502750024451, 0.0, 0.0, 0.0], [0.0, 0.0, 0.0, 0.0, 0.0, 0.0, 0.0, 1.0209046226211675, 0.0, 0.0, 0.0, 0.0, 0.0, 0.0, 0.0, 0.0, 0.0, 0.0, 0.0, 0.0, 0.0, 0.0, 0.0, 0.0, 0.9856746037289446, 0.9866289404667486, 0.9854884489140068], [0.9859230693528844, 0.0, 0.0, 0.0, 0.0, 0.0, 0.0, 0.0, 0.0, 0.0, 0.0, 0.0, 0.0, 0.0, 0.0, 0.0, 0.0, 0.0, 0.0, 0.0, 0.0, 0.0, 0.0, 0.0, 0.0, 0.0, 0.0], [0.9872732915754832, 0.0, 0.0, 0.0, 0.0, 0.0, 0.0, 0.0, 0.0, 0.0, 0.0, 0.0, 0.0, 0.0, 0.0, 0.0, 0.0, 0.0, 0.0, 0.0, 0.0, 0.0, 0.0, 0.0, 0.0, 0.0, 0.0], [0.9873641214548352, 0.0, 0.0, 0.0, 0.0, 0.0, 0.0, 0.0, 0.0, 0.0, 0.0, 0.0, 0.0, 0.0, 0.0, 0.0, 0.0, 0.0, 0.0, 0.0, 0.0, 0.0, 0.0, 0.0, 0.0, 0.0, 0.0], [0.0, 0.978102023826062, 0.0, 0.0, 0.0, 0.0, 0.0, 0.0, 0.0, 0.0, 0.0, 0.0, 0.0, 0.0, 0.0, 0.0, 0.0, 0.0, 0.0, 0.0, 0.0, 0.0, 0.0, 0.0, 0.0, 0.0, 0.0], [0.0, 0.9778828740024552, 0.0, 0.0, 0.0, 0.0, 0.0, 0.0, 0.0, 0.0, 0.0, 0.0, 0.0, 0.0, 0.0, 0.0, 0.0, 0.0, 0.0, 0.0, 0.0, 0.0, 0.0, 0.0, 0.0, 0.0, 0.0], [0.0, 0.0, 0.9760860803321676, 0.0, 0.0, 0.0, 0.0, 0.0, 0.0, 0.0, 0.0, 0.0, 0.0, 0.0, 0.0, 0.0, 0.0, 0.0, 0.0, 0.0, 0.0, 0.0, 0.0, 0.0, 0.0, 0.0, 0.0], [0.0, 0.0, 0.9749203379076802, 0.0, 0.0, 0.0, 0.0, 0.0, 0.0, 0.0, 0.0, 0.0, 0.0, 0.0, 0.0, 0.0, 0.0, 0.0, 0.0, 0.0, 0.0, 0.0, 0.0, 0.0, 0.0, 0.0, 0.0], [0.0, 0.0, 0.0, 0.9715535800159002, 0.0, 0.0, 0.0, 0.0, 0.0, 0.0, 0.0, 0.0, 0.0, 0.0, 0.0, 0.0, 0.0, 0.0, 0.0, 0.0, 0.0, 0.0, 0.0, 0.0, 0.0, 0.0, 0.0], [0.0, 0.0, 0.0, 0.9738994957416938, 0.0, 0.0, 0.0, 0.0, 0.0, 0.0, 0.0, 0.0, 0.0, 0.0, 0.0, 0.0, 0.0, 0.0, 0.0, 0.0, 0.0, 0.0, 0.0, 0.0, 0.0, 0.0, 0.0], [0.0, 0.0, 0.0, 0.0, 0.0, 0.9846878032822977, 0.0, 0.0, 0.0, 0.0, 0.0, 0.0, 0.0, 0.0, 0.0, 0.0, 0.0, 0.0, 0.0, 0.0, 0.0, 0.0, 0.0, 0.0, 0.0, 0.0, 0.0], [0.0, 0.0, 0.0, 0.0, 0.0, 0.9839364657495957, 0.0, 0.0, 0.0, 0.0, 0.0, 0.0, 0.0, 0.0, 0.0, 0.0, 0.0, 0.0, 0.0, 0.0, 0.0, 0.0, 0.0, 0.0, 0.0, 0.0, 0.0], [0.0, 0.0, 0.0, 0.0, 0.0, 0.9836412029146476, 0.0, 0.0, 0.0, 0.0, 0.0, 0.0, 0.0, 0.0, 0.0, 0.0, 0.0, 0.0, 0.0, 0.0, 0.0, 0.0, 0.0, 0.0, 0.0, 0.0, 0.0], [0.0, 0.0, 0.0, 0.0, 0.0, 0.0, 0.9004136469918151, 0.0, 0.0, 0.0, 0.0, 0.0, 0.0, 0.0, 0.0, 0.0, 0.0, 0.0, 0.0, 0.0, 0.0, 0.0, 0.0, 0.0, 0.0, 0.0, 0.0], [0.0, 0.0, 0.0, 0.0, 0.0, 0.0, 0.0, 0.9744020024215515, 0.0, 0.0, 0.0, 0.0, 0.0, 0.0, 0.0, 0.0, 0.0, 0.0, 0.0, 0.0, 0.0, 0.0, 0.0, 0.0, 0.0, 0.0, 0.0], [0.0, 0.0, 0.0, 0.0, 0.0, 0.0, 0.0, 0.9724502750024451, 0.0, 0.0, 0.0, 0.0, 0.0, 0.0, 0.0, 0.0, 0.0, 0.0, 0.0, 0.0, 0.0, 0.0, 0.0, 0.0, 0.0, 0.0, 0.0], [0.0, 0.0, 0.0, 0.0, 0.0, 0.0, 0.0, 0.0, 0.9856746037289446, 0.0, 0.0, 0.0, 0.0, 0.0, 0.0, 0.0, 0.0, 0.0, 0.0, 0.0, 0.0, 0.0, 0.0, 0.0, 0.0, 0.0, 0.0], [0.0, 0.0, 0.0, 0.0, 0.0, 0.0, 0.0, 0.0, 0.9866289404667486, 0.0, 0.0, 0.0, 0.0, 0.0, 0.0, 0.0, 0.0, 0.0, 0.0, 0.0, 0.0, 0.0, 0.0, 0.0, 0.0, 0.0, 0.0], [0.0, 0.0, 0.0, 0.0, 0.0, 0.0, 0.0, 0.0, 0.9854884489140068, 0.0, 0.0, 0.0, 0.0, 0.0, 0.0, 0.0, 0.0, 0.0, 0.0, 0.0, 0.0, 0.0, 0.0, 0.0, 0.0, 0.0, 0.0]], "Born radii": [], "Atomic SASAs": [], "Solvent H bonds": [], "Total SASA": NaN, "Total FOD": 0.0, "FOD": [0.0, 0.0, 0.0, 0.0, 0.0, 0.0, 0.0, 0.0, 0.0, 0.0, 0.0, 0.0, 0.0, 0.0, 0.0, 0.0, 0.0, 0.0, 0.0, 0.0, 0.0, 0.0, 0.0, 0.0, 0.0, 0.0, 0.0], "FOD s proportion": [0.0, 0.0, 0.0, 0.0, 0.0, 0.0, 0.0, 0.0, 0.0, 0.0, 0.0, 0.0, 0.0, 0.0, 0.0, 0.0, 0.0, 0.0, 0.0, 0.0, 0.0, 0.0, 0.0, 0.0, 0.0, 0.0, 0.0], "FOD p proportion": [0.0, 0.0, 0.0, 0.0, 0.0, 0.0, 0.0, 0.0, 0.0, 0.0, 0.0, 0.0, 0.0, 0.0, 0.0, 0.0, 0.0, 0.0, 0.0, 0.0, 0.0, 0.0, 0.0, 0.0, 0.0, 0.0, 0.0], "FOD d proportion": [0.0, 0.0, 0.0, 0.0, 0.0, 0.0, 0.0, 0.0, 0.0, 0.0, 0.0, 0.0, 0.0, 0.0, 0.0, 0.0, 0.0, 0.0, 0.0, 0.0, 0.0, 0.0, 0.0, 0.0, 0.0, 0.0, 0.0], "coordinates": [["3.41820", "-0.04850", "0.08550"], ["2.41750", "1.06470", "0.35490"], ["1.07310", "0.56570", "0.89310"], ["0.28260", "-0.26250", "-0.12940"], ["-1.08890", "-0.76310", "0.37950"], ["-1.74720", "-1.63890", "-0.69540"], ["-0.87130", "-1.59780", "1.52620"], ["-2.04460", "0.35750", "0.83760"], ["-2.36270", "1.41630", "-0.20780"], ["3.09290", "-0.69140", "-0.73730"], ["4.38740", "0.37800", "-0.19270"], ["3.56450", "-0.66960", "0.97480"], ["2.85220", "1.74950", "1.09290"], ["2.26090", "1.64540", "-0.56160"], ["1.24090", "-0.02040", "1.80420"], ["0.48880", "1.44570", "1.18340"], ["0.88600", "-1.13920", "-0.39620"], ["0.15320", "0.31990", "-1.04960"], ["-2.70940", "-2.02930", "-0.34490"], ["-1.12580", "-2.51380", "-0.91990"], ["-1.91160", "-1.09190", "-1.62850"], ["-0.27100", "-2.31710", "1.26550"], ["-2.98660", "-0.09450", "1.17700"], ["-1.64100", "0.84740", "1.73260"], ["-2.83380", "0.98040", "-1.09310"], ["-3.05970", "2.15110", "0.20860"], ["-1.46460", "1.95620", "-0.52090"]], "bond_dist": [[0.0, 1.520917844592534, 2.5551816784721986, 3.15023258982571, 4.572859014883359, 5.460818082485444, 4.782860778864466, 5.529256211281948, 5.970801348227891, 1.09368201045825, 1.0948269863316307, 1.0945425482821578, 2.1372914541540657, 2.1511343309984157, 2.77405021403723, 3.4669009807030835, 2.7988744559197363, 3.4762617234609943, 6.45416877374616, 5.266542437880854, 5.695019543425642, 4.488779633708921, 6.497303386021004, 5.395468456028634, 6.444783717860515, 6.842264404420513, 5.3130291632928195], [1.520917844592534, 0.0, 1.5316891329509392, 2.5600399098451567, 3.9542760348766754, 5.075165922410813, 4.390564357801853, 4.543508285455194, 4.826030034096348, 2.175535154852709, 2.156833016253229, 2.1697192214662246, 1.0966125706009393, 1.0962245664096386, 2.1592359898816063, 2.1334143854394534, 2.7869012666400654, 2.7666589562141555, 6.028902026903406, 5.194781244672387, 5.2274186679469254, 4.415177895623233, 5.587834093814883, 4.291468143887358, 5.447931917709693, 5.585820305917475, 4.078296004460686], [2.5551816784721986, 1.5316891329509392, 0.0, 1.5350282538116358, 2.5891578553653307, 3.9163357236069536, 2.976951329800338, 3.1251369218003875, 3.706780653073499, 2.884111060621626, 3.4926748231119373, 2.7820343168264476, 2.14627567893782, 2.166280918994579, 1.0962541949748699, 1.0954818939626523, 2.145689844781859, 2.1634964617488976, 4.751207767505016, 4.19588494360844, 4.244353709341388, 3.2024712972952623, 4.1228178882895135, 2.8548999894917513, 4.402366879304814, 4.479070132293085, 3.220684327903], [3.15023258982571, 2.5600399098451567, 1.5350282538116358, 0.0, 1.5461538797933407, 2.5169268960381035, 2.4198187246155443, 2.5952550626094535, 3.1340274552083933, 2.9071091671968565, 4.154952488296346, 3.4865248686908856, 3.4849685005750053, 2.782184418761632, 2.1715801297672623, 2.1642341647797725, 1.0972131470229474, 1.0966777831250163, 3.481391458885369, 2.770709746617281, 2.783831677742029, 2.5443270485533103, 3.524567150729292, 2.898130254146628, 3.4907688350849018, 4.136505560252518, 2.851071689733529], [4.572859014883359, 3.9542760348766754, 2.5891578553653307, 1.5461538797933407, 0.0, 1.5348597786117142, 1.4349197677919139, 1.5423885567521565, 2.5917700688911425, 4.328953033933263, 5.623111571007639, 4.692254884381282, 4.7280405592591945, 4.231749224611496, 2.830077988324703, 2.830934464094851, 2.154853059955597, 2.1812904941799935, 2.180375667172976, 2.1805394882918305, 2.1947684912081273, 1.9669449433067514, 2.1643237974018583, 2.174719354307585, 2.872806819123068, 3.5221898145897814, 2.8890246001029483], [5.460818082485444, 5.075165922410813, 3.9163357236069536, 2.5169268960381035, 1.5348597786117142, 0.0, 2.388387862136299, 2.534590444233545, 3.1544953716878394, 4.932147592073863, 6.477183806254074, 5.651837525973301, 5.986129952648873, 5.18356967156804, 4.218564213094308, 4.247863298177097, 2.6968431489428526, 2.752067448301368, 1.095943087025964, 1.096352233545406, 1.0940347206556107, 2.5464191504934925, 2.7252826422226377, 3.47680170990524, 2.8634939043064156, 4.111444058965171, 3.6104095363268693], [4.782860778864466, 4.390564357801853, 2.976951329800338, 2.4198187246155443, 1.4349197677919139, 2.388387862136299, 0.0, 2.3820161502391204, 3.7836264046546666, 4.654017065933472, 5.874719443513877, 4.565295044134606, 5.0255963258105005, 4.968695192905276, 2.650823192896878, 3.351160410962149, 2.6446245499125203, 3.3707446031997144, 2.6581608435156814, 2.6243535318245517, 3.360102824319518, 0.9724798558324999, 2.6184624534256744, 2.5717780016945477, 4.1664438049732535, 4.536454070086018, 4.144096922129115], [5.529256211281948, 4.543508285455194, 3.1251369218003875, 2.5952550626094535, 1.5423885567521565, 2.534590444233545, 2.3820161502391204, 0.0, 1.5215473078415933, 5.474888808916579, 6.5140281193743705, 5.704012715623976, 5.097204364158848, 4.706779928996044, 3.445523794722654, 2.7788257304120387, 3.5143690315617113, 2.8971127765415003, 2.7453742058233157, 3.489607912072644, 2.863581423672112, 3.237628843768229, 1.0985719639604865, 1.0972328695404636, 2.1767966234813945, 2.154778403919995, 2.176640516943485], [5.970801348227891, 4.826030034096348, 3.706780653073499, 3.1340274552083933, 2.5917700688911425, 3.1544953716878394, 3.7836264046546666, 1.5215473078415933, 0.0, 5.872507207317843, 6.8295054659909304, 6.393842460524031, 5.384981405724629, 4.642772685583475, 4.3701468911239125, 3.172909398328291, 4.137647459607935, 2.8706224081198837, 3.465711566186661, 4.181231161990448, 2.917695484453441, 4.525936073344386, 2.142297572700861, 2.147009608734902, 1.0934807314260275, 1.0950474875547638, 1.0936668734125579], [1.09368201045825, 2.175535154852709, 2.884111060621626, 2.9071091671968565, 4.328953033933263, 4.932147592073863, 4.654017065933472, 5.474888808916579, 5.872507207317843, 0.0, 1.7652013397910167, 1.7759978068680151, 3.0603204636116135, 2.486710423430923, 3.2154886487126655, 3.877837246455813, 2.277560462424653, 3.124435160152952, 5.967465078238834, 4.5991210258048225, 5.098985971739872, 4.239095604017442, 6.401652470261096, 5.556808495890425, 6.168247868722528, 6.843173227385084, 5.275170231376424], [1.0948269863316307, 2.156833016253229, 3.4926748231119373, 4.154952488296346, 5.623111571007639, 6.477183806254074, 5.874719443513877, 6.5140281193743705, 6.8295054659909304, 1.7652013397910167, 0.0, 1.771351580008893, 2.427059671701543, 2.5028767888172205, 3.7479053376519538, 4.269978508142636, 3.821401581880659, 4.320428550502832, 7.495520553637353, 6.267910442882859, 6.62567193950923, 5.575894709371761, 7.514999024617369, 6.345764178568252, 7.302008994790407, 7.665782654758743, 6.069953416625205], [1.0945425482821578, 2.1697192214662246, 2.7820343168264476, 3.4865248686908856, 4.692254884381282, 5.651837525973301, 4.565295044134606, 5.704012715623976, 6.393842460524031, 1.7759978068680151, 1.771351580008893, 0.0, 2.5245521800905606, 3.06905896326545, 2.55117266369801, 3.7387081378465474, 3.0454108770410597, 4.0883093449493275, 6.553793816561519, 5.384224718564409, 6.078090110388295, 4.184474039828661, 6.5794024090338175, 5.474740184702832, 6.923651731564781, 7.240403066818863, 5.8671791297010865], [2.1372914541540657, 1.0966125706009393, 2.14627567893782, 3.4849685005750053, 4.7280405592591945, 5.986129952648873, 5.0255963258105005, 5.097204364158848, 5.384981405724629, 3.0603204636116135, 2.427059671701543, 2.5245521800905606, 0.0, 1.7600689617171255, 2.4969544228920157, 2.3845637441678926, 3.79841400323872, 3.730772495073909, 6.875899420439482, 6.168595847516678, 6.178459545873874, 5.130439022150054, 6.123642237263702, 4.627293673412138, 6.140090130445969, 5.991146022256509, 4.6132242054771195], [2.1511343309984157, 1.0962245664096386, 2.166280918994579, 2.782184418761632, 4.231749224611496, 5.18356967156804, 4.968695192905276, 4.706779928996044, 4.642772685583475, 2.486710423430923, 2.5028767888172205, 3.06905896326545, 1.7600689617171255, 0.0, 3.067947079074214, 2.495043787190918, 3.109936386809222, 2.537221618227308, 6.185002915924939, 5.375598610387498, 5.103022942335258, 5.044820935375209, 5.795363510600522, 4.596192037981006, 5.165334968808896, 5.3997893375575305, 3.7386633146085777], [2.77405021403723, 2.1592359898816063, 1.0962541949748699, 2.1715801297672623, 2.830077988324703, 4.218564213094308, 2.650823192896878, 3.445523794722654, 4.3701468911239125, 3.2154886487126655, 3.7479053376519538, 2.55117266369801, 2.4969544228920157, 3.067947079074214, 0.0, 1.7608226088961942, 2.493878026287573, 3.072957829193235, 4.925360911649014, 4.386232239633465, 4.782237738757871, 2.8019404329856834, 4.2744153869272, 3.010573202896751, 5.098934008202106, 5.075087385454559, 4.078329047538955], [3.4669009807030835, 2.1334143854394534, 1.0954818939626523, 2.1642341647797725, 2.830934464094851, 4.247863298177097, 3.351160410962149, 2.7788257304120387, 3.172909398328291, 3.877837246455813, 4.269978508142636, 3.7387081378465474, 2.3845637441678926, 2.495043787190918, 1.7608226088961942, 0.0, 3.0552597287301126, 2.5231611125728772, 4.963850232430467, 4.76533779495221, 4.484207346900899, 3.8396224150298948, 3.8014026569149446, 2.2793928073063667, 4.05445768260072, 3.7469556242368283, 2.6421620502913896], [2.7988744559197363, 2.7869012666400654, 2.145689844781859, 1.0972131470229474, 2.154853059955597, 2.6968431489428526, 2.6446245499125203, 3.5143690315617113, 4.137647459607935, 2.277560462424653, 3.821401581880659, 3.0454108770410597, 3.79841400323872, 3.109936386809222, 2.493878026287573, 3.0552597287301126, 0.0, 1.7586643255607364, 3.7042962705485643, 2.4922130908090505, 3.0573462904944217, 2.3425081216508086, 4.308524932038806, 3.8553985526790875, 4.337659024174215, 5.173046067840494, 3.888749363227206], [3.4762617234609943, 2.7666589562141555, 2.1634964617488976, 1.0966777831250163, 2.1812904941799935, 2.752067448301368, 3.3707446031997144, 2.8971127765415003, 2.8706224081198837, 3.124435160152952, 4.320428550502832, 4.0883093449493275, 3.730772495073909, 2.537221618227308, 3.072957829193235, 2.5231611125728772, 1.7586643255607364, 0.0, 3.769591687437779, 3.111674594169512, 2.567431301904688, 3.5346007766083005, 3.871410461317684, 3.3523196043933523, 3.0594642504856955, 3.906288147333732, 2.3609909402621603], [6.45416877374616, 6.028902026903406, 4.751207767505016, 3.481391458885369, 2.180375667172976, 1.095943087025964, 2.6581608435156814, 2.7453742058233157, 3.465711566186661, 5.967465078238834, 7.495520553637353, 6.553793816561519, 6.875899420439482, 6.185002915924939, 4.925360911649014, 4.963850232430467, 3.7042962705485643, 3.769591687437779, 0.0, 1.753041417080612, 1.7784354247483938, 2.9363262012249254, 2.4771900391370867, 3.7057911031249455, 3.103799718087493, 4.231408335294527, 4.179080435933245], [5.266542437880854, 5.194781244672387, 4.19588494360844, 2.770709746617281, 2.1805394882918305, 1.096352233545406, 2.6243535318245517, 3.489607912072644, 4.181231161990448, 4.5991210258048225, 6.267910442882859, 5.384224718564409, 6.168595847516678, 5.375598610387498, 4.386232239633465, 4.76533779495221, 2.4922130908090505, 3.111674594169512, 1.753041417080612, 0.0, 1.772398152222011, 2.3548560656651607, 3.703049924049094, 4.312638720087738, 3.8931601405542002, 5.174434603896352, 4.500542905028237], [5.695019543425642, 5.2274186679469254, 4.244353709341388, 2.783831677742029, 2.1947684912081273, 1.0940347206556107, 3.360102824319518, 2.863581423672112, 2.917695484453441, 5.098985971739872, 6.62567193950923, 6.078090110388295, 6.178459545873874, 5.103022942335258, 4.782237738757871, 4.484207346900899, 3.0573462904944217, 2.567431301904688, 1.7784354247483938, 1.772398152222011, 0.0, 3.5451261472619, 3.165637694051548, 3.8898717279622472, 2.3305650151840864, 3.9000152589445087, 3.2737593634841273], [4.488779633708921, 4.415177895623233, 3.2024712972952623, 2.5443270485533103, 1.9669449433067514, 2.5464191504934925, 0.9724798558324999, 3.237628843768229, 4.525936073344386, 4.239095604017442, 5.575894709371761, 4.184474039828661, 5.130439022150054, 5.044820935375209, 2.8019404329856834, 3.8396224150298948, 2.3425081216508086, 3.5346007766083005, 2.9363262012249254, 2.3548560656651607, 3.5451261472619, 0.0, 3.5103085861502263, 3.479819343011933, 4.796294825174949, 5.3720290896457366, 4.782990571807559], [6.497303386021004, 5.587834093814883, 4.1228178882895135, 3.524567150729292, 2.1643237974018583, 2.7252826422226377, 2.6184624534256744, 1.0985719639604865, 2.142297572700861, 6.401652470261096, 7.514999024617369, 6.5794024090338175, 6.123642237263702, 5.795363510600522, 4.2744153869272, 3.8014026569149446, 4.308524932038806, 3.871410461317684, 2.4771900391370867, 3.703049924049094, 3.165637694051548, 3.5103085861502263, 0.0, 1.7339280060025561, 2.5163687845782863, 2.44660203752061, 3.066711414528599], [5.395468456028634, 4.291468143887358, 2.8548999894917513, 2.898130254146628, 2.174719354307585, 3.47680170990524, 2.5717780016945477, 1.0972328695404636, 2.147009608734902, 5.556808495890425, 6.345764178568252, 5.474740184702832, 4.627293673412138, 4.596192037981006, 3.010573202896751, 2.2793928073063667, 3.8553985526790875, 3.3523196043933523, 3.7057911031249455, 4.312638720087738, 3.8898717279622472, 3.479819343011933, 1.7339280060025561, 0.0, 3.0700230178290195, 2.456607290553376, 2.5177006672755997], [6.444783717860515, 5.447931917709693, 4.402366879304814, 3.4907688350849018, 2.872806819123068, 2.8634939043064156, 4.1664438049732535, 2.1767966234813945, 1.0934807314260275, 6.168247868722528, 7.302008994790407, 6.923651731564781, 6.140090130445969, 5.165334968808896, 5.098934008202106, 4.05445768260072, 4.337659024174215, 3.0594642504856955, 3.103799718087493, 3.8931601405542002, 2.3305650151840864, 4.796294825174949, 2.5163687845782863, 3.0700230178290195, 0.0, 1.7652173208984778, 1.7760369140307868], [6.842264404420513, 5.585820305917475, 4.479070132293085, 4.136505560252518, 3.5221898145897814, 4.111444058965171, 4.536454070086018, 2.154778403919995, 1.0950474875547638, 6.843173227385084, 7.665782654758743, 7.240403066818863, 5.991146022256509, 5.3997893375575305, 5.075087385454559, 3.7469556242368283, 5.173046067840494, 3.906288147333732, 4.231408335294527, 5.174434603896352, 3.9000152589445087, 5.3720290896457366, 2.44660203752061, 2.456607290553376, 1.7652173208984778, 0.0, 1.7647946821089415], [5.3130291632928195, 4.078296004460686, 3.220684327903, 2.851071689733529, 2.8890246001029483, 3.6104095363268693, 4.144096922129115, 2.176640516943485, 1.0936668734125579, 5.275170231376424, 6.069953416625205, 5.8671791297010865, 4.6132242054771195, 3.7386633146085777, 4.078329047538955, 2.6421620502913896, 3.888749363227206, 2.3609909402621603, 4.179080435933245, 4.500542905028237, 3.2737593634841273, 4.782990571807559, 3.066711414528599, 2.5177006672755997, 1.7760369140307868, 1.7647946821089415, 0.0]]}