{"total energy": -29.53989807, "HOMO-LUMO gap/eV": 4.68651167, "electronic energy": -30.00545797, "dipole": [0.16528171, -0.23571033, 0.18140043], "partial charges": [-0.10576937, -9.48e-05, -0.05711802, -0.05535015, -0.02242368, -0.05121189, -0.05769692, 0.01111433, -0.10526855, -0.1067951, 0.0350853, 0.03902881, 0.03898098, 0.02109462, 0.03312475, 0.0409458, 0.03746967, 0.03041557, 0.02662393, 0.03517598, 0.03500254, 0.03840074, 0.03949719, 0.04093202, 0.02985102, 0.02898523], "atomic dipole moments": [[-0.06064074, -0.01177776, -0.00797238], [0.11234254, -0.127747, 0.03780311], [-0.13390614, 0.04747861, -0.02996932], [0.02888555, -0.07999298, 0.0435455], [0.01751386, -0.00427117, -0.09304152], [0.02926964, 0.08183463, 0.07059335], [-0.06961509, 0.04746134, -0.03709766], [0.09268388, -0.08242299, 0.1283349], [0.03318092, 0.04327654, -0.03941775], [-0.04002556, 0.02989786, -0.04973147], [0.03521293, 0.12275217, -0.00757372], [0.06945689, -0.0603522, -0.08858846], [0.03545843, -0.03783936, 0.11690975], [0.05443427, 0.13963863, -0.01109635], [-0.05965757, 0.09400538, 0.05903694], [-0.01840218, 0.0159658, -0.12372514], [0.00888528, 0.00966699, 0.1240179], [0.00213716, -0.010841, -0.12583493], [-0.03254542, -0.11346163, 0.03702909], [0.07323538, -0.07774315, -0.0673232], [0.00550436, -0.03934297, 0.11806477], [-0.12508413, -0.0185555, -0.02146516], [0.00477973, 0.03516095, 0.12320174], [0.05113658, -0.11681178, -0.01437458], [0.05519296, 0.10502936, -0.09278172], [-0.14412827, -0.03837302, -0.02099841]], "atomic quadrupole moments": [[0.16654585, 0.01674669, -0.05710079, 0.04419931, -0.00304832, -0.10944505], [-0.14852979, 0.17015113, -0.22723477, -0.11496529, 0.09569878, 0.37576456], [-0.06786089, 0.07772745, -0.37426753, -0.07796912, 0.12576467, 0.44212842], [0.08721414, 0.07802686, 0.06530669, 0.03049498, -0.10303078, -0.15252083], [0.05358915, -0.02865722, 0.12414585, -0.029916, -0.0355855, -0.177735], [0.18770521, -0.08472476, -0.03063169, 0.03030577, 0.09090953, -0.15707352], [0.13807473, 0.08811201, 0.03856116, 0.10140206, -0.01613723, -0.17663589], [-0.13286191, -0.02320783, 0.15530152, -0.2391524, 0.35183221, -0.02243961], [-0.03394838, 0.06156118, 0.02025193, -0.03225082, -0.12907192, 0.01369645], [-0.21214162, -0.12568649, 0.16708785, -0.20493809, 0.40857225, 0.04505377], [-0.0271457, 0.01397002, 0.08054479, 0.00316533, -0.01243935, -0.05339909], [-0.00843659, -0.02735224, -0.00465988, -0.04025801, 0.05428006, 0.01309647], [-0.03154647, -0.00296579, -0.02778627, 0.02389989, -0.04778267, 0.05933274], [0.03153566, -0.00732665, 0.03350635, 0.01008827, -0.01270191, -0.065042], [-0.00710173, -0.0200431, 0.02231678, -0.03570586, 0.02969566, -0.01521505], [-0.02189298, 0.01002874, -0.03653364, 0.02098719, 0.00307636, 0.05842662], [-0.02369283, 0.00983278, -0.01015142, 0.00139031, -0.00216047, 0.03384424], [-0.01471201, -0.01252075, -0.03975558, -0.00181951, -0.01281733, 0.05446759], [-0.00787782, 0.02560353, 0.02605068, -0.00721621, -0.03810702, -0.01817286], [0.01957368, -0.02187978, -0.01300988, -0.0259428, 0.04057572, -0.0065638], [-0.02323557, 0.02050304, -0.03144846, 0.00667828, -0.02102895, 0.05468402], [0.06958128, 0.00675108, -0.04086546, 0.03807855, -0.0134378, -0.02871582], [-0.03766315, 0.01756156, -0.03080505, 0.01687031, 0.03770733, 0.0684682], [-0.00315538, -0.05517439, 0.0476618, -0.01517283, 0.01222729, -0.04450643], [0.01641896, 0.03116877, -0.00881948, 0.00497502, -0.047252, -0.00759948], [0.03849187, 0.02523106, -0.02252379, 0.01827678, -0.03756876, -0.01596808]], "number of molecular orbitals": 56, "number of electrons": 56, "number of unpaired electrons": 0, "orbital energies/eV": [-17.12557547, -16.84650705, -16.49657746, -16.41326144, -15.90811181, -15.8136942, -15.43415841, -15.2623358, -14.46414537, -14.26864544, -13.83319681, -13.57819996, -13.43319908, -13.29670426, -13.0873802, -12.98940251, -12.94263618, -12.75389597, -12.50575032, -12.28686868, -12.1261945, -12.03684552, -11.72236, -11.54981195, -11.18580173, -11.06780558, -10.37885297, -10.02734116, -5.34082949, -5.08584692, 1.10023639, 2.10531168, 2.23764963, 2.78235486, 2.90728117, 3.2243924, 3.71963904, 3.82186619, 4.32583807, 4.73316786, 4.99280735, 5.21165214, 5.48975862, 5.64289024, 5.73824983, 5.96600288, 6.08936104, 6.21959993, 6.84160665, 7.03291675, 7.46611351, 8.01119246, 10.6734514, 10.8612085, 15.93096115, 16.52235768], "fractional occupation": [2.0, 2.0, 2.0, 2.0, 2.0, 2.0, 2.0, 2.0, 2.0, 2.0, 2.0, 2.0, 2.0, 2.0, 2.0, 2.0, 2.0, 2.0, 2.0, 2.0, 2.0, 2.0, 2.0, 2.0, 2.0, 2.0, 2.0, 2.0, 0.0, 0.0, 0.0, 0.0, 0.0, 0.0, 0.0, 0.0, 0.0, 0.0, 0.0, 0.0, 0.0, 0.0, 0.0, 0.0, 0.0, 0.0, 0.0, 0.0, 0.0, 0.0, 0.0, 0.0, 0.0, 0.0, 0.0, 0.0], "program call": "xtb /home/svss/Project-DBcg-Debug/aqme2_20220329/End-to-End-workflows-final/example-3/QDESCP/mol_135_rdkit_conf_3/mol_135_rdkit_conf_3.xyz --pop --wbo --acc 0.2 --gfn 2 --chrg 0 --uhf 0 --etemp 300 --input /home/svss/Project-DBcg-Debug/aqme2_20220329/End-to-End-workflows-final/example-3/QDESCP/mol_135_rdkit_conf_3/mol_135_rdkit_conf_3_xtb.inp", "method": "GFN2-xTB", "xtb version": "6.3.3 (7355c4f)", "Dipole module/D": 0.865, "Total charge": 0, "Transition dipole module/D": NaN, "HOMO": -10.0273, "LUMO": -5.3408, "HOMO occupancy": 2.0, "LUMO occupancy": 0, "mulliken charges": [-0.08478, -0.00547, -0.06985, -0.0411, -0.01586, -0.04367, -0.04757, 0.01238, -0.08806, -0.11106, 0.03259, 0.03418, 0.03425, 0.02744, 0.02923, 0.03337, 0.02671, 0.02606, 0.02468, 0.03062, 0.03034, 0.03424, 0.03493, 0.03553, 0.03035, 0.03052], "cm5 charges": [-0.22874, -0.02842, -0.12859, -0.14373, -0.07812, -0.14933, -0.15097, -0.01147, -0.23247, -0.21081, 0.08432, 0.08587, 0.08596, 0.08344, 0.08444, 0.08979, 0.08717, 0.08192, 0.08012, 0.08588, 0.08588, 0.08595, 0.08668, 0.08761, 0.08413, 0.08348], "FUKUI+": [0.029, -0.086, -0.064, 0.017, 0.008, 0.01, 0.019, -0.087, 0.03, -0.06, -0.038, -0.051, -0.051, -0.073, -0.044, -0.042, -0.043, -0.026, -0.035, -0.055, -0.05, -0.044, -0.051, -0.051, -0.074, -0.086], "FUKUI-": [0.026, -0.063, -0.056, 0.013, 0.003, 0.009, 0.016, -0.04, 0.022, -0.042, -0.045, -0.068, -0.067, -0.068, -0.064, -0.073, -0.041, -0.031, -0.039, -0.062, -0.069, -0.042, -0.051, -0.053, -0.05, -0.066], "FUKUIrad": [0.027, -0.075, -0.06, 0.015, 0.005, 0.01, 0.017, -0.064, 0.026, -0.051, -0.041, -0.059, -0.059, -0.07, -0.054, -0.057, -0.042, -0.029, -0.037, -0.059, -0.059, -0.043, -0.051, -0.052, -0.062, -0.076], "s proportion": [1.007, 1.089, 1.064, 1.028, 1.058, 1.033, 1.029, 1.102, 1.01, 1.046, 0.967, 0.966, 0.966, 0.973, 0.971, 0.967, 0.973, 0.974, 0.975, 0.969, 0.97, 0.966, 0.965, 0.964, 0.97, 0.969], "p proportion": [3.077, 2.917, 3.006, 3.013, 2.957, 3.011, 3.019, 2.886, 3.078, 3.065, 0.0, 0.0, 0.0, 0.0, 0.0, 0.0, 0.0, 0.0, 0.0, 0.0, 0.0, 0.0, 0.0, 0.0, 0.0, 0.0], "d proportion": [0.0, 0.0, 0.0, 0.0, 0.0, 0.0, 0.0, 0.0, 0.0, 0.0, 0.0, 0.0, 0.0, 0.0, 0.0, 0.0, 0.0, 0.0, 0.0, 0.0, 0.0, 0.0, 0.0, 0.0, 0.0, 0.0], "Fermi-level/eV": -7.6841, "Coordination numbers": [3.755, 2.939, 2.893, 3.804, 3.851, 3.803, 3.806, 2.934, 3.756, 2.839, 0.924, 0.924, 0.924, 0.925, 0.924, 0.924, 0.923, 0.923, 0.924, 0.924, 0.924, 0.924, 0.924, 0.924, 0.925, 0.925], "Dispersion coefficient C6": [22.577, 28.031, 29.418, 21.566, 20.938, 21.492, 21.607, 27.768, 22.566, 30.688, 2.515, 2.462, 2.463, 2.717, 2.543, 2.436, 2.483, 2.581, 2.635, 2.514, 2.517, 2.47, 2.456, 2.437, 2.588, 2.601], "Total dispersion C6": 5602.133246, "Total dispersion C8": 125494.138592, "Polarizability alpha": [6.775, 8.683, 8.893, 6.611, 6.508, 6.6, 6.617, 8.642, 6.773, 9.078, 2.48, 2.454, 2.454, 2.578, 2.494, 2.441, 2.464, 2.512, 2.539, 2.48, 2.481, 2.458, 2.451, 2.441, 2.516, 2.522], "Total polarizability alpha": 114.945329, "Wiberg matrix": [[0.0, 1.0235910419282432, 0.0, 0.0, 0.0, 0.0, 0.0, 0.0, 0.0, 0.0, 0.9849932975292296, 0.9737888576403902, 0.9737385721131955, 0.0, 0.0, 0.0, 0.0, 0.0, 0.0, 0.0, 0.0, 0.0, 0.0, 0.0, 0.0, 0.0], [1.0235910419282432, 0.0, 1.8803583824538421, 0.0, 0.0, 0.0, 1.0108798943378852, 0.0, 0.0, 0.0, 0.0, 0.0, 0.0, 0.0, 0.0, 0.0, 0.0, 0.0, 0.0, 0.0, 0.0, 0.0, 0.0, 0.0, 0.0, 0.0], [0.0, 1.8803583824538421, 0.0, 1.0229321826721278, 0.0, 0.0, 0.0, 0.0, 0.0, 0.0, 0.0, 0.0, 0.0, 0.9663001303054657, 0.0, 0.0, 0.0, 0.0, 0.0, 0.0, 0.0, 0.0, 0.0, 0.0, 0.0, 0.0], [0.0, 0.0, 1.0229321826721278, 0.0, 0.9918990737324527, 0.0, 0.0, 0.0, 0.0, 0.0, 0.0, 0.0, 0.0, 0.0, 0.9691214414881741, 0.9549302708328682, 0.0, 0.0, 0.0, 0.0, 0.0, 0.0, 0.0, 0.0, 0.0, 0.0], [0.0, 0.0, 0.0, 0.9918990737324527, 0.0, 0.9828983767503409, 0.0, 0.9949047573599594, 0.0, 0.0, 0.0, 0.0, 0.0, 0.0, 0.0, 0.0, 0.9595360067260381, 0.0, 0.0, 0.0, 0.0, 0.0, 0.0, 0.0, 0.0, 0.0], [0.0, 0.0, 0.0, 0.0, 0.9828983767503409, 0.0, 1.0037371299630824, 0.0, 0.0, 0.0, 0.0, 0.0, 0.0, 0.0, 0.0, 0.0, 0.0, 0.9789593211625315, 0.9752019054716298, 0.0, 0.0, 0.0, 0.0, 0.0, 0.0, 0.0], [0.0, 1.0108798943378852, 0.0, 0.0, 0.0, 1.0037371299630824, 0.0, 0.0, 0.0, 0.0, 0.0, 0.0, 0.0, 0.0, 0.0, 0.0, 0.0, 0.0, 0.0, 0.9665081365998102, 0.9626887912144722, 0.0, 0.0, 0.0, 0.0, 0.0], [0.0, 0.0, 0.0, 0.0, 0.9949047573599594, 0.0, 0.0, 0.0, 1.0230080676517248, 1.9305119559670705, 0.0, 0.0, 0.0, 0.0, 0.0, 0.0, 0.0, 0.0, 0.0, 0.0, 0.0, 0.0, 0.0, 0.0, 0.0, 0.0], [0.0, 0.0, 0.0, 0.0, 0.0, 0.0, 0.0, 1.0230080676517248, 0.0, 0.0, 0.0, 0.0, 0.0, 0.0, 0.0, 0.0, 0.0, 0.0, 0.0, 0.0, 0.0, 0.984420540204462, 0.9741390356649247, 0.9701594784958608, 0.0, 0.0], [0.0, 0.0, 0.0, 0.0, 0.0, 0.0, 0.0, 1.9305119559670705, 0.0, 0.0, 0.0, 0.0, 0.0, 0.0, 0.0, 0.0, 0.0, 0.0, 0.0, 0.0, 0.0, 0.0, 0.0, 0.0, 0.9739107204822136, 0.9754004467022279], [0.9849932975292296, 0.0, 0.0, 0.0, 0.0, 0.0, 0.0, 0.0, 0.0, 0.0, 0.0, 0.0, 0.0, 0.0, 0.0, 0.0, 0.0, 0.0, 0.0, 0.0, 0.0, 0.0, 0.0, 0.0, 0.0, 0.0], [0.9737888576403902, 0.0, 0.0, 0.0, 0.0, 0.0, 0.0, 0.0, 0.0, 0.0, 0.0, 0.0, 0.0, 0.0, 0.0, 0.0, 0.0, 0.0, 0.0, 0.0, 0.0, 0.0, 0.0, 0.0, 0.0, 0.0], [0.9737385721131955, 0.0, 0.0, 0.0, 0.0, 0.0, 0.0, 0.0, 0.0, 0.0, 0.0, 0.0, 0.0, 0.0, 0.0, 0.0, 0.0, 0.0, 0.0, 0.0, 0.0, 0.0, 0.0, 0.0, 0.0, 0.0], [0.0, 0.0, 0.9663001303054657, 0.0, 0.0, 0.0, 0.0, 0.0, 0.0, 0.0, 0.0, 0.0, 0.0, 0.0, 0.0, 0.0, 0.0, 0.0, 0.0, 0.0, 0.0, 0.0, 0.0, 0.0, 0.0, 0.0], [0.0, 0.0, 0.0, 0.9691214414881741, 0.0, 0.0, 0.0, 0.0, 0.0, 0.0, 0.0, 0.0, 0.0, 0.0, 0.0, 0.0, 0.0, 0.0, 0.0, 0.0, 0.0, 0.0, 0.0, 0.0, 0.0, 0.0], [0.0, 0.0, 0.0, 0.9549302708328682, 0.0, 0.0, 0.0, 0.0, 0.0, 0.0, 0.0, 0.0, 0.0, 0.0, 0.0, 0.0, 0.0, 0.0, 0.0, 0.0, 0.0, 0.0, 0.0, 0.0, 0.0, 0.0], [0.0, 0.0, 0.0, 0.0, 0.9595360067260381, 0.0, 0.0, 0.0, 0.0, 0.0, 0.0, 0.0, 0.0, 0.0, 0.0, 0.0, 0.0, 0.0, 0.0, 0.0, 0.0, 0.0, 0.0, 0.0, 0.0, 0.0], [0.0, 0.0, 0.0, 0.0, 0.0, 0.9789593211625315, 0.0, 0.0, 0.0, 0.0, 0.0, 0.0, 0.0, 0.0, 0.0, 0.0, 0.0, 0.0, 0.0, 0.0, 0.0, 0.0, 0.0, 0.0, 0.0, 0.0], [0.0, 0.0, 0.0, 0.0, 0.0, 0.9752019054716298, 0.0, 0.0, 0.0, 0.0, 0.0, 0.0, 0.0, 0.0, 0.0, 0.0, 0.0, 0.0, 0.0, 0.0, 0.0, 0.0, 0.0, 0.0, 0.0, 0.0], [0.0, 0.0, 0.0, 0.0, 0.0, 0.0, 0.9665081365998102, 0.0, 0.0, 0.0, 0.0, 0.0, 0.0, 0.0, 0.0, 0.0, 0.0, 0.0, 0.0, 0.0, 0.0, 0.0, 0.0, 0.0, 0.0, 0.0], [0.0, 0.0, 0.0, 0.0, 0.0, 0.0, 0.9626887912144722, 0.0, 0.0, 0.0, 0.0, 0.0, 0.0, 0.0, 0.0, 0.0, 0.0, 0.0, 0.0, 0.0, 0.0, 0.0, 0.0, 0.0, 0.0, 0.0], [0.0, 0.0, 0.0, 0.0, 0.0, 0.0, 0.0, 0.0, 0.984420540204462, 0.0, 0.0, 0.0, 0.0, 0.0, 0.0, 0.0, 0.0, 0.0, 0.0, 0.0, 0.0, 0.0, 0.0, 0.0, 0.0, 0.0], [0.0, 0.0, 0.0, 0.0, 0.0, 0.0, 0.0, 0.0, 0.9741390356649247, 0.0, 0.0, 0.0, 0.0, 0.0, 0.0, 0.0, 0.0, 0.0, 0.0, 0.0, 0.0, 0.0, 0.0, 0.0, 0.0, 0.0], [0.0, 0.0, 0.0, 0.0, 0.0, 0.0, 0.0, 0.0, 0.9701594784958608, 0.0, 0.0, 0.0, 0.0, 0.0, 0.0, 0.0, 0.0, 0.0, 0.0, 0.0, 0.0, 0.0, 0.0, 0.0, 0.0, 0.0], [0.0, 0.0, 0.0, 0.0, 0.0, 0.0, 0.0, 0.0, 0.0, 0.9739107204822136, 0.0, 0.0, 0.0, 0.0, 0.0, 0.0, 0.0, 0.0, 0.0, 0.0, 0.0, 0.0, 0.0, 0.0, 0.0, 0.0], [0.0, 0.0, 0.0, 0.0, 0.0, 0.0, 0.0, 0.0, 0.0, 0.9754004467022279, 0.0, 0.0, 0.0, 0.0, 0.0, 0.0, 0.0, 0.0, 0.0, 0.0, 0.0, 0.0, 0.0, 0.0, 0.0, 0.0]], "Born radii": [], "Atomic SASAs": [], "Solvent H bonds": [], "Total SASA": NaN, "Total FOD": 0.0, "FOD": [0.0, 0.0, 0.0, 0.0, 0.0, 0.0, 0.0, 0.0, 0.0, 0.0, 0.0, 0.0, 0.0, 0.0, 0.0, 0.0, 0.0, 0.0, 0.0, 0.0, 0.0, 0.0, 0.0, 0.0, 0.0, 0.0], "FOD s proportion": [0.0, 0.0, 0.0, 0.0, 0.0, 0.0, 0.0, 0.0, 0.0, 0.0, 0.0, 0.0, 0.0, 0.0, 0.0, 0.0, 0.0, 0.0, 0.0, 0.0, 0.0, 0.0, 0.0, 0.0, 0.0, 0.0], "FOD p proportion": [0.0, 0.0, 0.0, 0.0, 0.0, 0.0, 0.0, 0.0, 0.0, 0.0, 0.0, 0.0, 0.0, 0.0, 0.0, 0.0, 0.0, 0.0, 0.0, 0.0, 0.0, 0.0, 0.0, 0.0, 0.0, 0.0], "FOD d proportion": [0.0, 0.0, 0.0, 0.0, 0.0, 0.0, 0.0, 0.0, 0.0, 0.0, 0.0, 0.0, 0.0, 0.0, 0.0, 0.0, 0.0, 0.0, 0.0, 0.0, 0.0, 0.0, 0.0, 0.0, 0.0, 0.0], "coordinates": [["3.57070", "0.77460", "0.38840"], ["2.10280", "0.54920", "0.16870"], ["1.25680", "1.55920", "-0.09810"], ["-0.22200", "1.37120", "-0.29580"], ["-0.74130", "0.01840", "0.24540"], ["0.19800", "-1.10280", "-0.23130"], ["1.63160", "-0.88060", "0.26570"], ["-2.20280", "-0.30370", "-0.07030"], ["-2.84240", "-1.33840", "0.82370"], ["-2.93130", "0.28130", "-1.03700"], ["3.83990", "1.83370", "0.31770"], ["4.15510", "0.23090", "-0.36090"], ["3.86360", "0.42150", "1.38240"], ["1.62870", "2.57760", "-0.18420"], ["-0.75380", "2.18670", "0.20950"], ["-0.41430", "1.47310", "-1.37010"], ["-0.66740", "0.07630", "1.34220"], ["0.19550", "-1.14320", "-1.32910"], ["-0.14060", "-2.08540", "0.11650"], ["2.30100", "-1.53240", "-0.30850"], ["1.70010", "-1.19450", "1.31490"], ["-3.90690", "-1.47350", "0.60310"], ["-2.76190", "-1.03590", "1.87290"], ["-2.35720", "-2.31120", "0.70230"], ["-2.53010", "1.03460", "-1.70500"], ["-3.97190", "0.01330", "-1.19930"]], "bond_dist": [[0.0, 1.5012673512735832, 2.4912672718919584, 3.899824930685992, 4.380140573086668, 3.909445502881451, 2.5524206432326157, 5.89121709241817, 6.766247608534585, 6.67466209257068, 1.0950616147048533, 1.09479840153336, 1.0947629971824953, 2.7110964128927617, 4.5527279591471315, 4.411399947862357, 4.399869195782984, 4.2449662107018, 4.693322629012415, 2.723978101967782, 2.869651794207792, 7.811181182126043, 6.7515533960711585, 6.690343284167114, 6.4552059765742555, 7.7453975843722835], [1.5012673512735832, 0.0, 1.3442463464707648, 2.5092108899014445, 2.894224652648788, 2.5529134415408605, 1.5085643771480224, 4.3957650949521865, 5.333578704772247, 5.183400979086993, 2.1655617423661697, 2.143298005411287, 2.14237989628357, 2.1127507614482117, 3.2929066871079113, 3.0914865453370486, 3.0454465518212595, 2.957264934022652, 3.460734829483472, 2.1447754288036776, 2.1251897374116977, 6.355825103005903, 5.39278645414409, 5.325243385987161, 5.020968757122473, 6.2498474301377955], [2.4912672718919584, 1.3442463464707648, 0.0, 1.5037548769663225, 2.546460386497304, 2.867933695188925, 2.495085072697923, 3.929376720295472, 5.103845769613341, 4.4782522517160634, 2.6307119758726913, 3.198997908720792, 3.206500862310815, 1.0875943085544353, 2.1285878816717907, 2.1018973381209656, 2.824181676167452, 3.1535193752377673, 3.9092056840232896, 3.269956018052842, 3.126651176578545, 6.029324043373353, 5.173909034762787, 5.355523533698643, 4.147040436262951, 5.562531073171637], [3.899824930685992, 2.5092108899014445, 1.5037548769663225, 0.0, 1.5468153639009408, 2.510226334416879, 2.9701377829993008, 2.6037874145175524, 3.9321379134002914, 3.012899922002057, 4.133923089511947, 4.523662952740843, 4.5177884733572915, 2.2120004543399174, 1.0968954280149044, 1.096121977701387, 2.1349920772686724, 2.750313163986967, 3.482054107850709, 3.8466327157658293, 3.5877067034527776, 4.7411841674839, 4.116853423429112, 4.37211074996963, 2.725155006600542, 4.089248668154091], [4.380140573086668, 2.894224652648788, 2.546460386497304, 1.5468153639009408, 0.0, 1.538381233634888, 2.537571181267631, 1.52950879369816, 2.5670914163698964, 2.551424341421866, 4.928279093152091, 4.93836905263266, 4.7602901823313255, 3.5143933758189334, 2.168633198583845, 2.1983906249800103, 1.100810546824475, 2.169322255913123, 2.191672908989843, 3.4593894172237967, 2.928376789281051, 3.5177746175671913, 2.800558712114424, 2.8717462596824253, 2.834877076700152, 3.5389208044261182], [3.909445502881451, 2.5529134415408605, 2.867933695188925, 2.510226334416879, 1.538381233634888, 0.0, 1.5334897456455325, 2.5354136644737086, 3.2268505574321225, 3.5153099137913855, 4.710400074303668, 4.177821472968897, 4.285340306206731, 3.9489827880100967, 3.4526856401937325, 2.882193182283242, 2.148277500696779, 1.0985459708177896, 1.0959550903207667, 2.14781866087433, 2.157648660000047, 4.205216505722387, 3.6322363992449613, 2.976724132330707, 3.7660058497033697, 4.423886212370296], [2.5524206432326157, 1.5085643771480224, 2.495085072697923, 2.9701377829993008, 2.537571181267631, 1.5334897456455325, 0.0, 3.892085940726386, 4.531845191530708, 4.885396126211261, 3.4995310228657783, 2.827739744035862, 2.815014618079274, 3.487343639505576, 3.8860804018959776, 3.5215695563200224, 2.7129155644803986, 2.1621121640655003, 2.148137919222134, 1.096651831713238, 1.0972903444394286, 5.580354058659719, 4.680817469203429, 4.260018938925038, 4.987123060442764, 5.860417601161201], [5.89121709241817, 4.3957650949521865, 3.929376720295472, 2.6037874145175524, 1.52950879369816, 2.5354136644737086, 3.892085940726386, 0.0, 1.5096119534502899, 1.3444129350761245, 6.4213118636303586, 6.386950597115966, 6.279925261497943, 4.795336812988218, 2.8948197180480864, 2.836411558642363, 2.1206153375848245, 2.8356975473417467, 2.7316694474258774, 4.6744686724803275, 4.236145900461881, 2.173903496018165, 2.150519911556273, 2.1565728297463083, 2.137853191872632, 2.122461969035017], [6.766247608534585, 5.333578704772247, 5.103845769613341, 3.9321379134002914, 2.5670914163698964, 3.2268505574321225, 4.531845191530708, 1.5096119534502899, 0.0, 2.4685088191051694, 7.414269195274744, 7.268492684181502, 6.955561062919367, 6.028403903190296, 4.143165650803743, 4.3142740177230285, 2.6459106825439136, 3.728469832250222, 2.890997073675447, 5.2701116117213305, 4.571246099260026, 1.0954800865374048, 1.0949005160287393, 1.0938449798760332, 3.4818075736605554, 2.6824228115642024], [6.67466209257068, 5.183400979086993, 4.4782522517160634, 3.012899922002057, 2.551424341421866, 3.5153099137913855, 4.885396126211261, 1.3444129350761245, 2.4685088191051694, 0.0, 7.07773320279876, 7.118758060926076, 7.214140171219299, 5.176278733800953, 3.1505265686865744, 2.8047516556729226, 3.29057150811223, 3.448391059610264, 3.836644058288441, 5.585443870454702, 5.399933815335147, 2.5924981022172418, 3.198629426801423, 3.174241885868183, 1.0838110213501244, 1.0867445191948295], [1.0950616147048533, 2.1655617423661697, 2.6307119758726913, 4.133923089511947, 4.928279093152091, 4.710400074303668, 3.4995310228657783, 6.4213118636303586, 7.414269195274744, 7.07773320279876, 0.0, 1.7688461889039424, 1.7687443625351857, 2.386356272646647, 4.608513418663333, 4.59096055744329, 4.945079200579097, 4.985532590405964, 5.58965173333724, 3.7537939288138875, 3.8396806013000613, 8.428044567988472, 7.364578361318454, 7.465397617006077, 6.731030834872175, 8.163293722511765], [1.09479840153336, 2.143298005411287, 3.198997908720792, 4.523662952740843, 4.93836905263266, 4.177821472968897, 2.827739744035862, 6.386950597115966, 7.268492684181502, 7.118758060926076, 1.7688461889039424, 0.0, 1.7777501230487935, 3.452668640341844, 5.3148667913692815, 4.841586706855511, 5.116733041697603, 4.3016269259432525, 4.903691970342346, 2.5592302475549165, 3.2965278400159157, 8.296391948311024, 7.378315097635774, 7.071259996634263, 6.8661807098269705, 8.17302840567681], [1.0947629971824953, 2.14237989628357, 3.206500862310815, 4.5177884733572915, 4.7602901823313255, 4.285340306206731, 2.815014618079274, 6.279925261497943, 6.955561062919367, 7.214140171219299, 1.7687443625351857, 1.7777501230487935, 0.0, 3.4781864211108635, 5.080551959187112, 5.194472756690519, 4.544308537060396, 4.822393176629213, 4.890876001290566, 3.0196997830910277, 2.7012486927345285, 8.03610625489733, 6.801606814569627, 6.828509203332746, 7.126522999331441, 8.259955349758252], [2.7110964128927617, 2.1127507614482117, 1.0875943085544353, 2.2120004543399174, 3.5143933758189334, 3.9489827880100967, 3.487343639505576, 4.795336812988218, 6.028403903190296, 5.176278733800953, 2.386356272646647, 3.452668640341844, 3.4781864211108635, 0.0, 2.4462438042844385, 2.6077055163495744, 3.7226971217116227, 4.148398593433374, 4.99643993059058, 4.166477862655698, 4.05969668571434, 6.904644803318994, 6.047016704127747, 6.3697446181146065, 4.6892748991715125, 6.242818502887938], [4.5527279591471315, 3.2929066871079113, 2.1285878816717907, 1.0968954280149044, 2.168633198583845, 3.4526856401937325, 3.8860804018959776, 2.8948197180480864, 4.143165650803743, 3.1505265686865744, 4.608513418663333, 5.3148667913692815, 5.080551959187112, 2.4462438042844385, 0.0, 1.76624499150033, 2.3967190928433815, 3.7890228898754366, 4.316885642451048, 4.84064374334654, 4.321579318952736, 4.847063503813417, 4.145421079938683, 4.8005049536481055, 2.854450271067969, 4.130926362209814], [4.411399947862357, 3.0914865453370486, 2.1018973381209656, 1.096121977701387, 2.1983906249800103, 2.882193182283242, 3.5215695563200224, 2.836411558642363, 4.3142740177230285, 2.8047516556729226, 4.59096055744329, 4.841586706855511, 5.194472756690519, 2.6077055163495744, 1.76624499150033, 0.0, 3.061320162936245, 2.686738306943942, 3.866240227921695, 4.187228068782497, 4.335435632090506, 4.977371249967195, 4.7247598626808545, 4.73187369442592, 2.1865612042657303, 3.849247516073759], [4.399869195782984, 3.0454465518212595, 2.824181676167452, 2.1349920772686724, 1.100810546824475, 2.148277500696779, 2.7129155644803986, 2.1206153375848245, 2.6459106825439136, 3.29057150811223, 4.945079200579097, 5.116733041697603, 4.544308537060396, 3.7226971217116227, 2.3967190928433815, 3.061320162936245, 0.0, 3.0606568494360813, 2.540237315685288, 3.7582076499310144, 2.6871423817877607, 3.6664027465623574, 2.4301361237593255, 2.9941697179685725, 3.697758512937263, 4.169281892604529], [4.2449662107018, 2.957264934022652, 3.1535193752377673, 2.750313163986967, 2.169322255913123, 1.0985459708177896, 2.1621121640655003, 2.8356975473417467, 3.728469832250222, 3.448391059610264, 4.985532590405964, 4.3016269259432525, 4.822393176629213, 4.148398593433374, 3.7890228898754366, 2.686738306943942, 3.0606568494360813, 0.0, 1.7579713905521899, 2.371967801214848, 3.042562875274725, 4.546666986925697, 4.360106885157748, 3.465124420565588, 3.508989742076771, 4.326842156815985], [4.693322629012415, 3.460734829483472, 3.9092056840232896, 3.482054107850709, 2.191672908989843, 1.0959550903207667, 2.148137919222134, 2.7316694474258774, 2.890997073675447, 3.836644058288441, 5.58965173333724, 4.903691970342346, 4.890876001290566, 4.99643993059058, 4.316885642451048, 3.866240227921695, 2.540237315685288, 1.7579713905521899, 0.0, 2.5392606325464113, 2.370240886492341, 3.8465850907005814, 3.3252977159947643, 2.30379314175557, 4.331509263524667, 4.562316409456933], [2.723978101967782, 2.1447754288036776, 3.269956018052842, 3.8466327157658293, 3.4593894172237967, 2.14781866087433, 1.096651831713238, 4.6744686724803275, 5.2701116117213305, 5.585443870454702, 3.7537939288138875, 2.5592302475549165, 3.0196997830910277, 4.166477862655698, 4.84064374334654, 4.187228068782497, 3.7582076499310144, 2.371967801214848, 2.5392606325464113, 0.0, 1.763713349725516, 6.274751483525065, 5.535158048330689, 4.829810898989733, 5.646169361611463, 6.521655276078306], [2.869651794207792, 2.1251897374116977, 3.126651176578545, 3.5877067034527776, 2.928376789281051, 2.157648660000047, 1.0972903444394286, 4.236145900461881, 4.571246099260026, 5.399933815335147, 3.8396806013000613, 3.2965278400159157, 2.7012486927345285, 4.05969668571434, 4.321579318952736, 4.335435632090506, 2.6871423817877607, 3.042562875274725, 2.370240886492341, 1.763713349725516, 0.0, 5.658882331344238, 4.499551306519351, 4.252526418495245, 5.655375748789818, 6.320725154600539], [7.811181182126043, 6.355825103005903, 6.029324043373353, 4.7411841674839, 3.5177746175671913, 4.205216505722387, 5.580354058659719, 2.173903496018165, 1.0954800865374048, 2.5924981022172418, 8.428044567988472, 8.296391948311024, 8.03610625489733, 6.904644803318994, 4.847063503813417, 4.977371249967195, 3.6664027465623574, 4.546666986925697, 3.8465850907005814, 6.274751483525065, 5.658882331344238, 0.0, 1.7649109892569654, 1.7644126558149595, 3.6760671185385068, 2.337401334816082], [6.7515533960711585, 5.39278645414409, 5.173909034762787, 4.116853423429112, 2.800558712114424, 3.6322363992449613, 4.680817469203429, 2.150519911556273, 1.0949005160287393, 3.198629426801423, 7.364578361318454, 7.378315097635774, 6.801606814569627, 6.047016704127747, 4.145421079938683, 4.7247598626808545, 2.4301361237593255, 4.360106885157748, 3.3252977159947643, 5.535158048330689, 4.499551306519351, 1.7649109892569654, 0.0, 1.7777729157572402, 4.140298286355707, 3.4645827281218153], [6.690343284167114, 5.325243385987161, 5.355523533698643, 4.37211074996963, 2.8717462596824253, 2.976724132330707, 4.260018938925038, 2.1565728297463083, 1.0938449798760332, 3.174241885868183, 7.465397617006077, 7.071259996634263, 6.828509203332746, 6.3697446181146065, 4.8005049536481055, 4.73187369442592, 2.9941697179685725, 3.465124420565588, 2.30379314175557, 4.829810898989733, 4.252526418495245, 1.7644126558149595, 1.7777729157572402, 0.0, 4.125453349633226, 3.4097857557330493], [6.4552059765742555, 5.020968757122473, 4.147040436262951, 2.725155006600542, 2.834877076700152, 3.7660058497033697, 4.987123060442764, 2.137853191872632, 3.4818075736605554, 1.0838110213501244, 6.731030834872175, 6.8661807098269705, 7.126522999331441, 4.6892748991715125, 2.854450271067969, 2.1865612042657303, 3.697758512937263, 3.508989742076771, 4.331509263524667, 5.646169361611463, 5.655375748789818, 3.6760671185385068, 4.140298286355707, 4.125453349633226, 0.0, 1.8378175698365713], [7.7453975843722835, 6.2498474301377955, 5.562531073171637, 4.089248668154091, 3.5389208044261182, 4.423886212370296, 5.860417601161201, 2.122461969035017, 2.6824228115642024, 1.0867445191948295, 8.163293722511765, 8.17302840567681, 8.259955349758252, 6.242818502887938, 4.130926362209814, 3.849247516073759, 4.169281892604529, 4.326842156815985, 4.562316409456933, 6.521655276078306, 6.320725154600539, 2.337401334816082, 3.4645827281218153, 3.4097857557330493, 1.8378175698365713, 0.0]]}