{"total energy": -42.93478828, "HOMO-LUMO gap/eV": 4.81151754, "electronic energy": -43.46345548, "dipole": [-0.29940694, -0.49226512, -0.54196346], "partial charges": [-0.10006415, -0.05198302, -0.05853268, -0.05977443, -0.05807523, -0.05908919, -0.05783582, -0.08853166, 0.35218859, -0.40571442, -0.27677881, 0.08147156, -0.11087753, 0.03120215, 0.03180169, 0.03246916, 0.02823132, 0.02957245, 0.03041081, 0.0289393, 0.03399794, 0.02936553, 0.03198175, 0.03027313, 0.03111784, 0.02957641, 0.04863797, 0.04743775, 0.06833868, 0.0675788, 0.05222403, 0.05541362, 0.05692383, 0.05033834, 0.04776427], "atomic dipole moments": [[-0.09512203, -0.01821531, -0.0284145], [0.06298879, -0.07547809, 0.05154882], [-0.06432203, 0.07282722, -0.05142152], [0.06299064, -0.07703162, 0.05173746], [-0.06746515, 0.0683726, -0.05953924], [0.00925175, 0.08370518, 0.07905869], [-0.05026398, -0.09733954, -0.08380701], [-0.00503621, 0.07514637, 0.06289995], [-0.15125511, -0.02767675, -0.02907707], [-0.02096383, -0.13376595, -0.11458602], [-0.00623352, 0.17170845, 0.14498482], [0.21067599, -0.04528309, -0.13235725], [0.01807042, -0.10656295, 0.0778387], [0.03307406, 0.11577558, -0.03193675], [0.08030276, -0.07930346, -0.05555711], [0.01373346, -0.01066538, 0.12479917], [-0.00773446, 0.01891713, -0.12163941], [-0.07226332, 0.08552143, 0.05249446], [0.0109604, -0.01738462, 0.12266], [0.07525617, -0.08346407, -0.0518658], [-0.07346268, 0.08585978, 0.05319269], [-0.01026137, 0.0173442, -0.12244047], [0.00652786, -0.0167177, 0.12344982], [0.07690632, -0.08270341, -0.04482404], [-0.0035483, 0.00936391, -0.12349924], [-0.01648778, -0.11818785, 0.02097245], [0.01283898, 0.12359429, -0.02729766], [0.00780635, -0.00485819, 0.12710374], [-0.00570697, 0.01458685, -0.13172687], [-0.01437469, -0.1265066, 0.03746904], [-0.09532163, -0.07709889, -0.0046567], [0.00975992, 0.02886862, 0.12638599], [0.09683417, 0.08702073, 0.00025824], [-0.01143119, -0.03036418, -0.12368869], [-0.10742497, 0.05847868, 0.039484]], "atomic quadrupole moments": [[0.19424569, 0.06302545, -0.09623268, 0.09510288, 0.01132186, -0.098013], [0.11673691, 0.13824117, 0.0657221, 0.07811043, -0.06441858, -0.18245901], [0.11114258, 0.13895615, 0.07867284, 0.07705677, -0.06925081, -0.18981542], [0.10970635, 0.13260076, 0.07508604, 0.0776742, -0.07607743, -0.18479239], [0.09489437, 0.14382457, 0.07184886, 0.08730036, -0.04790221, -0.16674323], [0.21433378, -0.05649633, -0.08926731, 0.00292307, 0.11079581, -0.12506648], [0.2479508, -0.01702459, -0.09915184, 0.00554924, 0.13380167, -0.14879896], [0.22106215, -0.0340988, -0.07960617, -0.00246719, 0.15440547, -0.14145597], [-0.09822967, 0.09335475, -0.03008221, 0.0366616, -0.42293771, 0.12831188], [-0.10754999, 0.0156509, 0.02707134, -0.00785502, -0.15292725, 0.08047865], [0.06365608, -0.04455503, -0.01969152, -0.02658991, 0.03369646, -0.04396456], [0.20915818, -0.30768841, -0.01677538, -0.17755413, -0.02070085, -0.1923828], [-0.10797212, -0.08072184, 0.12493224, 0.0426799, -0.17701909, -0.01696012], [-0.02522829, 0.02583211, 0.0659129, 0.00111972, -0.03646196, -0.04068461], [0.00392458, -0.04442796, 0.01148649, -0.02471795, 0.04773265, -0.01541107], [-0.02772398, 0.00218896, -0.05080752, 0.00073477, -0.01609647, 0.07853149], [-0.02654342, 0.01122458, -0.03041408, 0.00305083, -0.00203366, 0.0569575], [0.00717381, -0.02336468, 0.00543459, -0.02951596, 0.03168561, -0.0126084], [-0.02770643, 0.00812546, -0.02953056, -0.00010921, -0.00297199, 0.05723699], [0.00308733, -0.02522351, 0.00671289, -0.02869386, 0.03220564, -0.00980022], [0.00674535, -0.0242119, 0.0040187, -0.02914017, 0.02961601, -0.01076405], [-0.02772701, 0.00861218, -0.03055525, 0.00119278, -0.00249583, 0.05828225], [-0.03215226, 0.01322933, -0.02586001, -0.00591775, 0.00157584, 0.05801227], [0.01538699, -0.02306997, 0.00833115, -0.03127674, 0.03115867, -0.02371814], [-0.01923615, -0.00833782, -0.03345779, -0.00011845, -0.02437798, 0.05269393], [-0.00905292, 0.0132891, 0.04689221, -0.00781284, -0.02847279, -0.03783929], [-0.01545783, 0.00829074, 0.03955293, -0.0060657, -0.03088499, -0.0240951], [-0.01798378, -0.00343248, -0.03270349, 0.00215526, -0.01921728, 0.05068728], [-0.00802057, 0.01007047, -0.05057688, 0.00843215, -0.00845503, 0.05859746], [-0.00777671, 0.01489222, 0.05054328, 0.00973327, -0.02703251, -0.04276657], [0.02333412, 0.03343608, 0.01666141, 0.0143524, 0.00636706, -0.03999553], [-0.00934067, -0.00902198, -0.01274267, 0.02058111, 0.0210566, 0.02208334], [0.03184977, 0.05734376, 0.00116319, 0.02096373, 0.00205324, -0.03301297], [-0.05065156, 0.00946847, -0.01337144, 0.01618253, 0.03708716, 0.06402301], [0.0468206, -0.04769331, -0.01885183, -0.0420692, 0.01079305, -0.02796878]], "number of molecular orbitals": 74, "number of electrons": 78, "number of unpaired electrons": 0, "orbital energies/eV": [-20.01806362, -19.28863925, -18.2735151, -17.27516934, -16.95387503, -16.82997727, -16.71763537, -16.36756223, -16.17321057, -15.90730931, -15.60672731, -15.406687, -15.24933549, -15.06895437, -14.97989143, -14.90793381, -14.18481413, -14.0617204, -13.9513066, -13.76240403, -13.62069133, -13.42291021, -13.37144127, -13.19996045, -12.97966979, -12.86044862, -12.72511151, -12.59265648, -12.28350356, -12.22701119, -12.16277724, -12.08474515, -11.98633182, -11.76556163, -11.59675888, -11.54066805, -11.39330702, -11.29705306, -11.20527815, -6.39376061, -0.13292221, 1.57019796, 2.13186451, 2.74719028, 2.88367573, 2.99388123, 3.12151892, 3.25666101, 3.31962724, 3.64722508, 3.80530456, 3.98249966, 4.06377738, 4.20183044, 4.30676377, 4.4975634, 4.62163529, 4.76599134, 4.90956777, 5.03034318, 5.4208262, 5.65051216, 6.14540181, 6.34875529, 6.39150524, 6.61721566, 6.77895943, 7.08855324, 7.37779975, 7.40944467, 7.73101464, 8.13696834, 8.52343241, 16.26139824], "fractional occupation": [2.0, 2.0, 2.0, 2.0, 2.0, 2.0, 2.0, 2.0, 2.0, 2.0, 2.0, 2.0, 2.0, 2.0, 2.0, 2.0, 2.0, 2.0, 2.0, 2.0, 2.0, 2.0, 2.0, 2.0, 2.0, 2.0, 2.0, 2.0, 2.0, 2.0, 2.0, 2.0, 2.0, 2.0, 2.0, 2.0, 2.0, 2.0, 2.0, 0.0, 0.0, 0.0, 0.0, 0.0, 0.0, 0.0, 0.0, 0.0, 0.0, 0.0, 0.0, 0.0, 0.0, 0.0, 0.0, 0.0, 0.0, 0.0, 0.0, 0.0, 0.0, 0.0, 0.0, 0.0, 0.0, 0.0, 0.0, 0.0, 0.0, 0.0, 0.0, 0.0, 0.0, 0.0], "program call": "xtb /home/svss/Project-DBcg-Debug/aqme2_20220329/End-to-End-workflows-final/example-3/QDESCP/mol_191_rdkit_conf_28/mol_191_rdkit_conf_28.xyz --pop --wbo --acc 0.2 --gfn 2 --chrg 0 --uhf 0 --etemp 300 --input /home/svss/Project-DBcg-Debug/aqme2_20220329/End-to-End-workflows-final/example-3/QDESCP/mol_191_rdkit_conf_28/mol_191_rdkit_conf_28_xtb.inp", "method": "GFN2-xTB", "xtb version": "6.3.3 (7355c4f)", "Dipole module/D": 2.011, "Total charge": 0, "Transition dipole module/D": NaN, "HOMO": -11.2053, "LUMO": -6.3938, "HOMO occupancy": 2.0, "LUMO occupancy": 0, "mulliken charges": [-0.08345, -0.03844, -0.04625, -0.04753, -0.04478, -0.04814, -0.04202, -0.07768, 0.57447, -0.52838, -0.42366, 0.20465, -0.09832, 0.02823, 0.02623, 0.02696, 0.02176, 0.02335, 0.02344, 0.02194, 0.02611, 0.02235, 0.02509, 0.0247, 0.02301, 0.02365, 0.03717, 0.03744, 0.05471, 0.05499, 0.03112, 0.04379, 0.05057, 0.03875, 0.03417], "cm5 charges": [-0.23378, -0.15097, -0.15698, -0.15838, -0.15535, -0.15858, -0.15047, -0.17648, 0.62366, -0.57925, -0.50646, 0.12204, -0.24484, 0.07901, 0.07752, 0.07824, 0.07647, 0.07806, 0.07878, 0.07727, 0.08209, 0.07782, 0.0803, 0.07963, 0.07824, 0.07861, 0.09516, 0.09487, 0.1136, 0.11381, 0.0937, 0.10969, 0.10549, 0.09206, 0.08542], "FUKUI+": [0.004, 0.001, 0.003, 0.003, 0.007, 0.006, 0.014, 0.029, -0.189, -0.28, -0.121, 0.03, 0.019, -0.008, -0.006, -0.004, -0.003, 0.001, -0.005, -0.009, 0.007, -0.005, -0.011, -0.024, -0.018, -0.016, -0.022, -0.023, -0.096, -0.096, -0.067, -0.032, -0.005, -0.032, -0.051], "FUKUI-": [0.016, 0.005, 0.007, 0.006, 0.006, 0.004, 0.003, -0.004, -0.011, -0.083, -0.045, 0.01, 0.009, -0.047, -0.05, -0.045, -0.059, -0.062, -0.054, -0.06, -0.045, -0.039, -0.033, -0.049, -0.031, -0.047, -0.028, -0.026, -0.034, -0.038, -0.055, -0.027, -0.032, -0.029, -0.034], "FUKUIrad": [0.01, 0.003, 0.005, 0.004, 0.007, 0.005, 0.008, 0.013, -0.1, -0.182, -0.083, 0.02, 0.014, -0.028, -0.028, -0.025, -0.031, -0.03, -0.029, -0.035, -0.019, -0.022, -0.022, -0.036, -0.025, -0.031, -0.025, -0.025, -0.065, -0.067, -0.061, -0.03, -0.018, -0.03, -0.042], "s proportion": [1.007, 1.027, 1.032, 1.032, 1.032, 1.033, 1.03, 1.04, 0.991, 1.731, 1.699, 0.993, 1.012, 0.972, 0.974, 0.973, 0.978, 0.977, 0.977, 0.978, 0.974, 0.978, 0.975, 0.975, 0.977, 0.976, 0.963, 0.963, 0.945, 0.945, 0.969, 0.956, 0.949, 0.961, 0.966], "p proportion": [3.076, 3.011, 3.014, 3.015, 3.013, 3.015, 3.012, 3.038, 2.435, 4.798, 4.725, 2.803, 3.086, 0.0, 0.0, 0.0, 0.0, 0.0, 0.0, 0.0, 0.0, 0.0, 0.0, 0.0, 0.0, 0.0, 0.0, 0.0, 0.0, 0.0, 0.0, 0.0, 0.0, 0.0, 0.0], "d proportion": [0.0, 0.0, 0.0, 0.0, 0.0, 0.0, 0.0, 0.0, 0.0, 0.0, 0.0, 0.0, 0.0, 0.0, 0.0, 0.0, 0.0, 0.0, 0.0, 0.0, 0.0, 0.0, 0.0, 0.0, 0.0, 0.0, 0.0, 0.0, 0.0, 0.0, 0.0, 0.0, 0.0, 0.0, 0.0], "Fermi-level/eV": -8.7995, "Coordination numbers": [3.75, 3.8, 3.802, 3.801, 3.8, 3.801, 3.801, 3.803, 2.712, 0.856, 1.702, 3.695, 3.748, 0.924, 0.924, 0.924, 0.924, 0.924, 0.924, 0.924, 0.924, 0.924, 0.924, 0.924, 0.924, 0.924, 0.924, 0.924, 0.924, 0.924, 0.924, 0.924, 0.924, 0.924, 0.924], "Dispersion coefficient C6": [22.474, 21.508, 21.626, 21.65, 21.619, 21.638, 21.614, 22.186, 21.02, 21.796, 18.593, 19.389, 22.688, 2.57, 2.561, 2.552, 2.612, 2.593, 2.581, 2.602, 2.53, 2.596, 2.559, 2.583, 2.571, 2.593, 2.337, 2.352, 2.104, 2.112, 2.292, 2.254, 2.235, 2.316, 2.348], "Total dispersion C6": 8887.059214, "Total dispersion C8": 188257.486573, "Polarizability alpha": [6.761, 6.603, 6.621, 6.625, 6.62, 6.623, 6.619, 6.706, 7.505, 6.259, 5.822, 6.299, 6.794, 2.507, 2.503, 2.498, 2.527, 2.518, 2.512, 2.522, 2.488, 2.52, 2.501, 2.513, 2.507, 2.518, 2.391, 2.399, 2.268, 2.273, 2.368, 2.348, 2.338, 2.38, 2.396], "Total polarizability alpha": 139.651795, "Wiberg matrix": [[0.0, 1.020093269842184, 0.0, 0.0, 0.0, 0.0, 0.0, 0.0, 0.0, 0.0, 0.0, 0.0, 0.0, 0.9874018914618662, 0.9877382730254671, 0.9877027332554199, 0.0, 0.0, 0.0, 0.0, 0.0, 0.0, 0.0, 0.0, 0.0, 0.0, 0.0, 0.0, 0.0, 0.0, 0.0, 0.0, 0.0, 0.0, 0.0], [1.020093269842184, 0.0, 1.0078251879824391, 0.0, 0.0, 0.0, 0.0, 0.0, 0.0, 0.0, 0.0, 0.0, 0.0, 0.0, 0.0, 0.0, 0.9781124553307683, 0.9780145788380104, 0.0, 0.0, 0.0, 0.0, 0.0, 0.0, 0.0, 0.0, 0.0, 0.0, 0.0, 0.0, 0.0, 0.0, 0.0, 0.0, 0.0], [0.0, 1.0078251879824391, 0.0, 1.0068636334612326, 0.0, 0.0, 0.0, 0.0, 0.0, 0.0, 0.0, 0.0, 0.0, 0.0, 0.0, 0.0, 0.0, 0.0, 0.9773014841213963, 0.9771391106982951, 0.0, 0.0, 0.0, 0.0, 0.0, 0.0, 0.0, 0.0, 0.0, 0.0, 0.0, 0.0, 0.0, 0.0, 0.0], [0.0, 0.0, 1.0068636334612326, 0.0, 1.008088164269324, 0.0, 0.0, 0.0, 0.0, 0.0, 0.0, 0.0, 0.0, 0.0, 0.0, 0.0, 0.0, 0.0, 0.0, 0.0, 0.9752710664001153, 0.9771895515239231, 0.0, 0.0, 0.0, 0.0, 0.0, 0.0, 0.0, 0.0, 0.0, 0.0, 0.0, 0.0, 0.0], [0.0, 0.0, 0.0, 1.008088164269324, 0.0, 1.0063075658002805, 0.0, 0.0, 0.0, 0.0, 0.0, 0.0, 0.0, 0.0, 0.0, 0.0, 0.0, 0.0, 0.0, 0.0, 0.0, 0.0, 0.9770964774805737, 0.9766810527430868, 0.0, 0.0, 0.0, 0.0, 0.0, 0.0, 0.0, 0.0, 0.0, 0.0, 0.0], [0.0, 0.0, 0.0, 0.0, 1.0063075658002805, 0.0, 1.0081517066133148, 0.0, 0.0, 0.0, 0.0, 0.0, 0.0, 0.0, 0.0, 0.0, 0.0, 0.0, 0.0, 0.0, 0.0, 0.0, 0.0, 0.0, 0.9769476183758361, 0.9767476437019001, 0.0, 0.0, 0.0, 0.0, 0.0, 0.0, 0.0, 0.0, 0.0], [0.0, 0.0, 0.0, 0.0, 0.0, 1.0081517066133148, 0.0, 1.0061493721207653, 0.0, 0.0, 0.0, 0.0, 0.0, 0.0, 0.0, 0.0, 0.0, 0.0, 0.0, 0.0, 0.0, 0.0, 0.0, 0.0, 0.0, 0.0, 0.9740686612314998, 0.9758472687573297, 0.0, 0.0, 0.0, 0.0, 0.0, 0.0, 0.0], [0.0, 0.0, 0.0, 0.0, 0.0, 0.0, 1.0061493721207653, 0.0, 0.9785051153139751, 0.0, 0.0, 0.0, 0.0, 0.0, 0.0, 0.0, 0.0, 0.0, 0.0, 0.0, 0.0, 0.0, 0.0, 0.0, 0.0, 0.0, 0.0, 0.0, 0.9533727103832927, 0.9528095374201009, 0.0, 0.0, 0.0, 0.0, 0.0], [0.0, 0.0, 0.0, 0.0, 0.0, 0.0, 0.0, 0.9785051153139751, 0.0, 1.760662362753673, 1.115178907935366, 0.0, 0.0, 0.0, 0.0, 0.0, 0.0, 0.0, 0.0, 0.0, 0.0, 0.0, 0.0, 0.0, 0.0, 0.0, 0.0, 0.0, 0.0, 0.0, 0.0, 0.0, 0.0, 0.0, 0.0], [0.0, 0.0, 0.0, 0.0, 0.0, 0.0, 0.0, 0.0, 1.760662362753673, 0.0, 0.16969022226071695, 0.0, 0.0, 0.0, 0.0, 0.0, 0.0, 0.0, 0.0, 0.0, 0.0, 0.0, 0.0, 0.0, 0.0, 0.0, 0.0, 0.0, 0.0, 0.0, 0.0, 0.0, 0.0, 0.0, 0.0], [0.0, 0.0, 0.0, 0.0, 0.0, 0.0, 0.0, 0.0, 1.115178907935366, 0.16969022226071695, 0.0, 0.9422416473113908, 0.0, 0.0, 0.0, 0.0, 0.0, 0.0, 0.0, 0.0, 0.0, 0.0, 0.0, 0.0, 0.0, 0.0, 0.0, 0.0, 0.0, 0.0, 0.0, 0.0, 0.0, 0.0, 0.0], [0.0, 0.0, 0.0, 0.0, 0.0, 0.0, 0.0, 0.0, 0.0, 0.0, 0.9422416473113908, 0.0, 1.0147252702364047, 0.0, 0.0, 0.0, 0.0, 0.0, 0.0, 0.0, 0.0, 0.0, 0.0, 0.0, 0.0, 0.0, 0.0, 0.0, 0.0, 0.0, 0.9716613734171345, 0.9691075891741499, 0.0, 0.0, 0.0], [0.0, 0.0, 0.0, 0.0, 0.0, 0.0, 0.0, 0.0, 0.0, 0.0, 0.0, 1.0147252702364047, 0.0, 0.0, 0.0, 0.0, 0.0, 0.0, 0.0, 0.0, 0.0, 0.0, 0.0, 0.0, 0.0, 0.0, 0.0, 0.0, 0.0, 0.0, 0.0, 0.0, 0.9846631589536432, 0.9857927911753132, 0.983776159135542], [0.9874018914618662, 0.0, 0.0, 0.0, 0.0, 0.0, 0.0, 0.0, 0.0, 0.0, 0.0, 0.0, 0.0, 0.0, 0.0, 0.0, 0.0, 0.0, 0.0, 0.0, 0.0, 0.0, 0.0, 0.0, 0.0, 0.0, 0.0, 0.0, 0.0, 0.0, 0.0, 0.0, 0.0, 0.0, 0.0], [0.9877382730254671, 0.0, 0.0, 0.0, 0.0, 0.0, 0.0, 0.0, 0.0, 0.0, 0.0, 0.0, 0.0, 0.0, 0.0, 0.0, 0.0, 0.0, 0.0, 0.0, 0.0, 0.0, 0.0, 0.0, 0.0, 0.0, 0.0, 0.0, 0.0, 0.0, 0.0, 0.0, 0.0, 0.0, 0.0], [0.9877027332554199, 0.0, 0.0, 0.0, 0.0, 0.0, 0.0, 0.0, 0.0, 0.0, 0.0, 0.0, 0.0, 0.0, 0.0, 0.0, 0.0, 0.0, 0.0, 0.0, 0.0, 0.0, 0.0, 0.0, 0.0, 0.0, 0.0, 0.0, 0.0, 0.0, 0.0, 0.0, 0.0, 0.0, 0.0], [0.0, 0.9781124553307683, 0.0, 0.0, 0.0, 0.0, 0.0, 0.0, 0.0, 0.0, 0.0, 0.0, 0.0, 0.0, 0.0, 0.0, 0.0, 0.0, 0.0, 0.0, 0.0, 0.0, 0.0, 0.0, 0.0, 0.0, 0.0, 0.0, 0.0, 0.0, 0.0, 0.0, 0.0, 0.0, 0.0], [0.0, 0.9780145788380104, 0.0, 0.0, 0.0, 0.0, 0.0, 0.0, 0.0, 0.0, 0.0, 0.0, 0.0, 0.0, 0.0, 0.0, 0.0, 0.0, 0.0, 0.0, 0.0, 0.0, 0.0, 0.0, 0.0, 0.0, 0.0, 0.0, 0.0, 0.0, 0.0, 0.0, 0.0, 0.0, 0.0], [0.0, 0.0, 0.9773014841213963, 0.0, 0.0, 0.0, 0.0, 0.0, 0.0, 0.0, 0.0, 0.0, 0.0, 0.0, 0.0, 0.0, 0.0, 0.0, 0.0, 0.0, 0.0, 0.0, 0.0, 0.0, 0.0, 0.0, 0.0, 0.0, 0.0, 0.0, 0.0, 0.0, 0.0, 0.0, 0.0], [0.0, 0.0, 0.9771391106982951, 0.0, 0.0, 0.0, 0.0, 0.0, 0.0, 0.0, 0.0, 0.0, 0.0, 0.0, 0.0, 0.0, 0.0, 0.0, 0.0, 0.0, 0.0, 0.0, 0.0, 0.0, 0.0, 0.0, 0.0, 0.0, 0.0, 0.0, 0.0, 0.0, 0.0, 0.0, 0.0], [0.0, 0.0, 0.0, 0.9752710664001153, 0.0, 0.0, 0.0, 0.0, 0.0, 0.0, 0.0, 0.0, 0.0, 0.0, 0.0, 0.0, 0.0, 0.0, 0.0, 0.0, 0.0, 0.0, 0.0, 0.0, 0.0, 0.0, 0.0, 0.0, 0.0, 0.0, 0.0, 0.0, 0.0, 0.0, 0.0], [0.0, 0.0, 0.0, 0.9771895515239231, 0.0, 0.0, 0.0, 0.0, 0.0, 0.0, 0.0, 0.0, 0.0, 0.0, 0.0, 0.0, 0.0, 0.0, 0.0, 0.0, 0.0, 0.0, 0.0, 0.0, 0.0, 0.0, 0.0, 0.0, 0.0, 0.0, 0.0, 0.0, 0.0, 0.0, 0.0], [0.0, 0.0, 0.0, 0.0, 0.9770964774805737, 0.0, 0.0, 0.0, 0.0, 0.0, 0.0, 0.0, 0.0, 0.0, 0.0, 0.0, 0.0, 0.0, 0.0, 0.0, 0.0, 0.0, 0.0, 0.0, 0.0, 0.0, 0.0, 0.0, 0.0, 0.0, 0.0, 0.0, 0.0, 0.0, 0.0], [0.0, 0.0, 0.0, 0.0, 0.9766810527430868, 0.0, 0.0, 0.0, 0.0, 0.0, 0.0, 0.0, 0.0, 0.0, 0.0, 0.0, 0.0, 0.0, 0.0, 0.0, 0.0, 0.0, 0.0, 0.0, 0.0, 0.0, 0.0, 0.0, 0.0, 0.0, 0.0, 0.0, 0.0, 0.0, 0.0], [0.0, 0.0, 0.0, 0.0, 0.0, 0.9769476183758361, 0.0, 0.0, 0.0, 0.0, 0.0, 0.0, 0.0, 0.0, 0.0, 0.0, 0.0, 0.0, 0.0, 0.0, 0.0, 0.0, 0.0, 0.0, 0.0, 0.0, 0.0, 0.0, 0.0, 0.0, 0.0, 0.0, 0.0, 0.0, 0.0], [0.0, 0.0, 0.0, 0.0, 0.0, 0.9767476437019001, 0.0, 0.0, 0.0, 0.0, 0.0, 0.0, 0.0, 0.0, 0.0, 0.0, 0.0, 0.0, 0.0, 0.0, 0.0, 0.0, 0.0, 0.0, 0.0, 0.0, 0.0, 0.0, 0.0, 0.0, 0.0, 0.0, 0.0, 0.0, 0.0], [0.0, 0.0, 0.0, 0.0, 0.0, 0.0, 0.9740686612314998, 0.0, 0.0, 0.0, 0.0, 0.0, 0.0, 0.0, 0.0, 0.0, 0.0, 0.0, 0.0, 0.0, 0.0, 0.0, 0.0, 0.0, 0.0, 0.0, 0.0, 0.0, 0.0, 0.0, 0.0, 0.0, 0.0, 0.0, 0.0], [0.0, 0.0, 0.0, 0.0, 0.0, 0.0, 0.9758472687573297, 0.0, 0.0, 0.0, 0.0, 0.0, 0.0, 0.0, 0.0, 0.0, 0.0, 0.0, 0.0, 0.0, 0.0, 0.0, 0.0, 0.0, 0.0, 0.0, 0.0, 0.0, 0.0, 0.0, 0.0, 0.0, 0.0, 0.0, 0.0], [0.0, 0.0, 0.0, 0.0, 0.0, 0.0, 0.0, 0.9533727103832927, 0.0, 0.0, 0.0, 0.0, 0.0, 0.0, 0.0, 0.0, 0.0, 0.0, 0.0, 0.0, 0.0, 0.0, 0.0, 0.0, 0.0, 0.0, 0.0, 0.0, 0.0, 0.0, 0.0, 0.0, 0.0, 0.0, 0.0], [0.0, 0.0, 0.0, 0.0, 0.0, 0.0, 0.0, 0.9528095374201009, 0.0, 0.0, 0.0, 0.0, 0.0, 0.0, 0.0, 0.0, 0.0, 0.0, 0.0, 0.0, 0.0, 0.0, 0.0, 0.0, 0.0, 0.0, 0.0, 0.0, 0.0, 0.0, 0.0, 0.0, 0.0, 0.0, 0.0], [0.0, 0.0, 0.0, 0.0, 0.0, 0.0, 0.0, 0.0, 0.0, 0.0, 0.0, 0.9716613734171345, 0.0, 0.0, 0.0, 0.0, 0.0, 0.0, 0.0, 0.0, 0.0, 0.0, 0.0, 0.0, 0.0, 0.0, 0.0, 0.0, 0.0, 0.0, 0.0, 0.0, 0.0, 0.0, 0.0], [0.0, 0.0, 0.0, 0.0, 0.0, 0.0, 0.0, 0.0, 0.0, 0.0, 0.0, 0.9691075891741499, 0.0, 0.0, 0.0, 0.0, 0.0, 0.0, 0.0, 0.0, 0.0, 0.0, 0.0, 0.0, 0.0, 0.0, 0.0, 0.0, 0.0, 0.0, 0.0, 0.0, 0.0, 0.0, 0.0], [0.0, 0.0, 0.0, 0.0, 0.0, 0.0, 0.0, 0.0, 0.0, 0.0, 0.0, 0.0, 0.9846631589536432, 0.0, 0.0, 0.0, 0.0, 0.0, 0.0, 0.0, 0.0, 0.0, 0.0, 0.0, 0.0, 0.0, 0.0, 0.0, 0.0, 0.0, 0.0, 0.0, 0.0, 0.0, 0.0], [0.0, 0.0, 0.0, 0.0, 0.0, 0.0, 0.0, 0.0, 0.0, 0.0, 0.0, 0.0, 0.9857927911753132, 0.0, 0.0, 0.0, 0.0, 0.0, 0.0, 0.0, 0.0, 0.0, 0.0, 0.0, 0.0, 0.0, 0.0, 0.0, 0.0, 0.0, 0.0, 0.0, 0.0, 0.0, 0.0], [0.0, 0.0, 0.0, 0.0, 0.0, 0.0, 0.0, 0.0, 0.0, 0.0, 0.0, 0.0, 0.983776159135542, 0.0, 0.0, 0.0, 0.0, 0.0, 0.0, 0.0, 0.0, 0.0, 0.0, 0.0, 0.0, 0.0, 0.0, 0.0, 0.0, 0.0, 0.0, 0.0, 0.0, 0.0, 0.0]], "Born radii": [], "Atomic SASAs": [], "Solvent H bonds": [], "Total SASA": NaN, "Total FOD": 0.0, "FOD": [0.0, 0.0, 0.0, 0.0, 0.0, 0.0, 0.0, 0.0, 0.0, 0.0, 0.0, 0.0, 0.0, 0.0, 0.0, 0.0, 0.0, 0.0, 0.0, 0.0, 0.0, 0.0, 0.0, 0.0, 0.0, 0.0, 0.0, 0.0, 0.0, 0.0, 0.0, 0.0, 0.0, 0.0, 0.0], "FOD s proportion": [0.0, 0.0, 0.0, 0.0, 0.0, 0.0, 0.0, 0.0, 0.0, 0.0, 0.0, 0.0, 0.0, 0.0, 0.0, 0.0, 0.0, 0.0, 0.0, 0.0, 0.0, 0.0, 0.0, 0.0, 0.0, 0.0, 0.0, 0.0, 0.0, 0.0, 0.0, 0.0, 0.0, 0.0, 0.0], "FOD p proportion": [0.0, 0.0, 0.0, 0.0, 0.0, 0.0, 0.0, 0.0, 0.0, 0.0, 0.0, 0.0, 0.0, 0.0, 0.0, 0.0, 0.0, 0.0, 0.0, 0.0, 0.0, 0.0, 0.0, 0.0, 0.0, 0.0, 0.0, 0.0, 0.0, 0.0, 0.0, 0.0, 0.0, 0.0, 0.0], "FOD d proportion": [0.0, 0.0, 0.0, 0.0, 0.0, 0.0, 0.0, 0.0, 0.0, 0.0, 0.0, 0.0, 0.0, 0.0, 0.0, 0.0, 0.0, 0.0, 0.0, 0.0, 0.0, 0.0, 0.0, 0.0, 0.0, 0.0, 0.0, 0.0, 0.0, 0.0, 0.0, 0.0, 0.0, 0.0, 0.0], "coordinates": [["5.58090", "1.99510", "0.11100"], ["4.14640", "1.73540", "-0.32050"], ["3.69650", "0.32280", "0.05180"], ["2.25240", "0.06530", "-0.38470"], ["1.80360", "-1.34810", "-0.00710"], ["0.40480", "-1.70080", "-0.52110"], ["-0.70720", "-0.87050", "0.12250"], ["-2.08660", "-1.34110", "-0.33830"], ["-3.19780", "-0.52780", "0.28380"], ["-3.04720", "0.39360", "1.07270"], ["-4.39850", "-0.98310", "-0.17580"], ["-5.55840", "-0.30780", "0.33240"], ["-5.86790", "0.91140", "-0.51580"], ["5.88180", "3.01060", "-0.16490"], ["6.26890", "1.29390", "-0.37200"], ["5.68930", "1.89140", "1.19540"], ["4.06540", "1.87860", "-1.40430"], ["3.48910", "2.47310", "0.15430"], ["3.78270", "0.18340", "1.13630"], ["4.36040", "-0.41050", "-0.42210"], ["1.59860", "0.80640", "0.08840"], ["2.16740", "0.20070", "-1.46960"], ["1.83610", "-1.46860", "1.08260"], ["2.51320", "-2.07260", "-0.42570"], ["0.37280", "-1.58180", "-1.61100"], ["0.22340", "-2.76290", "-0.31430"], ["-0.58520", "0.18830", "-0.13320"], ["-0.63880", "-0.94340", "1.21500"], ["-2.16340", "-1.24790", "-1.42740"], ["-2.23340", "-2.38990", "-0.05730"], ["-6.39120", "-1.01630", "0.27570"], ["-5.43420", "-0.04160", "1.38840"], ["-5.04900", "1.63660", "-0.47560"], ["-5.99080", "0.62780", "-1.56620"], ["-6.78410", "1.40010", "-0.17260"]], "bond_dist": [[0.0, 1.5203376565750122, 2.52013001450322, 3.879272970544867, 5.045684209302045, 6.391497354298131, 6.910281992798847, 8.373927225621202, 9.135669539776492, 8.828011030237786, 10.418270194230903, 11.37701062933493, 11.517044124687548, 1.0944870350990916, 1.0946754952952957, 1.0947271851927312, 2.146263401821873, 2.146156128989687, 2.7508217354092577, 2.7496776574718718, 4.155987456670195, 4.167751188590796, 5.192759506274096, 5.122988724367837, 6.548572609355416, 7.177900134440434, 6.430003817261698, 6.966940959990977, 8.53568427544037, 8.96213336098052, 12.346126293700387, 11.274410213399191, 10.652107576437631, 11.772287374168199, 12.382555429312642], [1.5203376565750122, 0.0, 1.5285470421285698, 2.5259833035869415, 3.8852160364643815, 5.084022163602358, 5.526698541625009, 6.950932174176353, 7.708730529081945, 7.449115010523062, 8.968082088718859, 9.939018447009744, 10.050040924294786, 2.159157141108539, 2.168543462787869, 2.168600751636871, 1.0962160735913336, 1.096211485070285, 2.1594554707147817, 2.1589361662633753, 2.742539890320649, 2.7553903353245612, 4.191872099670981, 4.144788689426759, 5.187413907719337, 5.9686405763791806, 4.981630080606147, 5.694898482852877, 7.066744833372717, 7.601922281239133, 10.90726001752961, 9.892722808711463, 9.197238640483349, 10.273332959171526, 10.936641657748504], [2.52013001450322, 1.5285470421285698, 0.0, 1.530445461295501, 2.525558637212765, 3.9062079130532723, 4.563062247000363, 6.030338865271171, 6.95044724100543, 6.82090456904361, 8.202816685139318, 9.28060163620872, 9.599289925822637, 3.470844827992171, 2.7820645948647567, 2.7820098418229944, 2.1625975261245447, 2.1627092037534776, 1.0968149570460826, 1.0968469856821417, 2.1532284899657075, 2.1604891066608043, 2.7807824006922943, 2.7140645349733306, 4.176049172363754, 4.660257215004339, 4.287804815986847, 4.663809898570053, 6.244482295595048, 6.521837019582749, 10.178654690576748, 9.235202727065605, 8.859344865733583, 9.826226655741257, 10.53821175579614], [3.879272970544867, 2.5259833035869415, 1.530445461295501, 0.0, 1.5302623173822194, 2.5595585420146185, 3.1451876955119866, 4.561472889319853, 5.522982880654258, 5.506138012255051, 6.736263992748502, 7.852517600107625, 8.165313497349628, 4.679278629233356, 4.200225172535397, 4.200433171709794, 2.7594582892299715, 2.7599725958784447, 2.1608347229716576, 2.1613533723109692, 1.0956766220012182, 1.0966157804810215, 2.1631283341494094, 2.1541388186465604, 2.783818647110476, 3.481452627855218, 2.851377738918504, 3.4547870006702297, 4.723452886395714, 5.124216958716717, 8.736006391939053, 7.889178080129767, 7.469115641091656, 8.346418078433407, 9.137013171709889], [5.045684209302045, 3.8852160364643815, 2.525558637212765, 1.5302623173822194, 0.0, 1.5314159232553382, 2.5591042495373264, 3.904279508436864, 5.0765654590480755, 5.265904249984043, 6.215121004453574, 7.442884409958279, 8.013490387465376, 5.9711708876902865, 5.201174876890797, 5.1999068251267735, 4.180849192448826, 4.1795370138329915, 2.751307438291839, 2.754731384364, 2.1663368851589078, 2.16102710070929, 1.096823864620022, 1.0971136540942326, 2.162012844550189, 2.1431432336640497, 2.8430250807898267, 2.760910766395756, 4.214781267159662, 4.169560681894437, 8.206388616194094, 7.485994345442695, 7.489062231013975, 8.190704791408368, 9.018236234430764], [6.391497354298131, 5.084022163602358, 3.9062079130532723, 2.5595585420146185, 1.5314159232553382, 0.0, 1.5297591477092072, 2.5238609094005158, 3.873308633455382, 4.340854040393434, 4.868882445695316, 6.1829334049462314, 6.794879117394215, 7.233373860101523, 6.586207384375321, 6.616359523181914, 5.19539593871343, 5.233594640397745, 4.208015305342888, 4.1619041855862084, 2.843009062595475, 2.76081749849569, 2.1620338156467396, 2.1430555195794625, 1.0968441138101623, 1.0971456648959608, 2.167778867873751, 2.16259079115768, 2.7608240327844147, 2.7658757184660336, 6.8767031701244745, 6.363415426482857, 6.3940787804030075, 6.886095506889227, 7.836920075514359], [6.910281992798847, 5.526698541625009, 4.563062247000363, 3.1451876955119866, 2.5591042495373264, 1.5297591477092072, 0.0, 1.528576252595859, 2.5192358643048887, 2.824257220934382, 3.7050448499309696, 4.888233908069457, 5.496855372847278, 7.652480445581028, 7.32086940328811, 7.049426804357926, 5.715450971708183, 5.365594644585072, 4.722043801152209, 5.117495375669626, 2.8512926998117893, 3.4562374064870025, 2.7835032800411788, 3.4808826193941096, 2.1627228070189672, 2.1535989320205378, 1.0960492370327164, 1.0970639088038583, 2.1598933330143875, 2.1610624331564323, 5.68793318174537, 4.963275835574726, 5.04920798343661, 5.745697480724163, 6.493952723880886], [8.373927225621202, 6.950932174176353, 6.030338865271171, 4.561472889319853, 3.904279508436864, 2.5238609094005158, 1.528576252595859, 0.0, 1.5110363132631857, 2.4336921436369066, 2.345091013159191, 3.683876032116173, 4.404939521718771, 9.080900781860795, 8.761206591560319, 8.55955096661034, 7.024950397689652, 6.773419143239254, 6.240771418662921, 6.514357051927688, 4.286552015314873, 4.664065064940668, 4.174061373530581, 4.658421519141436, 2.779631295693729, 2.712598613875632, 2.152982194538543, 2.160331229233147, 1.0957752004859391, 1.0956699685580509, 4.360283499957315, 3.9845475150887584, 4.202542366234992, 4.541704884732165, 5.441336249488723], [9.135669539776492, 7.708730529081945, 6.95044724100543, 5.522982880654258, 5.0765654590480755, 3.873308633455382, 2.5192358643048887, 1.5110363132631857, 0.0, 1.2223017344338507, 1.3638954285428193, 2.3713275438032593, 3.136891902823557, 9.755036771329978, 9.662663888390199, 9.255489701252982, 7.835465321855493, 7.330539043617461, 7.068234711722582, 7.591998507639475, 4.9823411926523065, 5.691264784738099, 5.182985171694011, 5.958633928175149, 4.177363690175898, 4.130133782336839, 2.74086974699638, 2.7546937760847396, 2.125260645191549, 2.1245783063940005, 3.2305574472527185, 2.5412627884577383, 2.947584970785406, 3.543834132687364, 4.0971510906970465], [8.828011030237786, 7.449115010523062, 6.82090456904361, 5.506138012255051, 5.265904249984043, 4.340854040393434, 2.824257220934382, 2.4336921436369066, 1.2223017344338507, 0.0, 2.2978396005813813, 2.710374787736928, 3.2783833790452266, 9.386553348274328, 9.470344100928964, 8.864812032976221, 7.6765768907762535, 6.9203321090826275, 6.833429813058739, 7.599575094043088, 4.766834166404365, 5.804528650975892, 5.2263281316809795, 6.264614366423523, 4.775023649156096, 4.752271626285687, 2.7491429391721343, 2.7582981800378295, 3.1186735481611407, 3.112401434583913, 3.715556890965337, 2.4468008766550655, 2.8194831317104914, 3.960230272345284, 4.065493321849145], [10.418270194230903, 8.968082088718859, 8.202816685139318, 6.736263992748502, 6.215121004453574, 4.868882445695316, 3.7050448499309696, 2.345091013159191, 1.3638954285428193, 2.2978396005813813, 0.0, 1.4351534203701006, 2.4215421966176836, 11.028795337207052, 10.909475065281557, 10.57859388245905, 9.018655240666428, 8.617918438346932, 8.367458520960831, 8.781051398323552, 6.263970011103183, 6.796053537899772, 6.378833590085259, 7.001503920587347, 5.01832087654825, 4.954677577804635, 3.989392135401082, 4.00889571079119, 2.5753239815603783, 2.584721745178773, 2.0434793319238636, 2.0990041400626156, 2.7158531587698183, 2.6577490965100523, 3.372052763525505], [11.37701062933493, 9.939018447009744, 9.28060163620872, 7.852517600107625, 7.442884409958279, 6.1829334049462314, 4.888233908069457, 3.683876032116173, 2.3713275438032593, 2.710374787736928, 1.4351534203701006, 0.0, 1.517129569285366, 11.922133277647925, 11.956029756570533, 11.493128596252632, 10.020678534410731, 9.46690977404982, 9.3884866650595, 9.947985272405665, 7.247318582758729, 7.949450414336829, 7.5225585361630785, 8.296985067480838, 6.370165853413864, 6.314661363842086, 5.0195235640446985, 5.0383960026976835, 3.93785589502714, 3.942414425196823, 1.0948712161711078, 1.0960949228967354, 2.166343398448178, 2.1603238368355795, 2.1620101526126096], [11.517044124687548, 10.050040924294786, 9.599289925822637, 8.165313497349628, 8.013490387465376, 6.794879117394215, 5.496855372847278, 4.404939521718771, 3.136891902823557, 3.2783833790452266, 2.4215421966176836, 1.517129569285366, 0.0, 11.940905390295997, 12.143677323199924, 11.724226084479946, 10.019748349135321, 9.510067817844412, 9.818019085844151, 10.31379271606716, 7.491642335963457, 8.122861258202063, 8.220151979130312, 8.896921446208234, 6.8089533534898, 7.11653134820609, 5.345668869280999, 5.812008128865616, 4.383709764571555, 4.931368389199898, 2.1485675297741986, 2.173081298525207, 1.0945904667956865, 1.094930833431957, 1.0936344773277769], [1.0944870350990916, 2.159157141108539, 3.470844827992171, 4.679278629233356, 5.9711708876902865, 7.233373860101523, 7.652480445581028, 9.080900781860795, 9.755036771329978, 9.386553348274328, 11.028795337207052, 11.922133277647925, 11.940905390295997, 0.0, 1.7719468699709935, 1.7720273643485307, 2.473225691278497, 2.4730160088442616, 3.7539848281526127, 3.7529634970247177, 4.823739293328361, 4.8367910291845355, 6.163373863396573, 6.103638655752812, 7.316448863348941, 8.085364133420336, 7.056094612460918, 7.749610594733132, 9.189884196223586, 9.748510093855367, 12.924263266043447, 11.822881278690064, 11.021197717580428, 12.19016030616497, 12.767881278818345], [1.0946754952952957, 2.168543462787869, 2.7820645948647567, 4.200225172535397, 5.201174876890797, 6.586207384375321, 7.32086940328811, 8.761206591560319, 9.662663888390199, 9.470344100928964, 10.909475065281557, 11.956029756570533, 12.143677323199924, 1.7719468699709935, 0.0, 1.7747352394089662, 2.502584589978928, 3.0650925548831314, 3.1127752215667615, 2.559269743501064, 4.7181910198719175, 4.38430316584061, 5.421898491303577, 5.04395563323073, 6.675984324427373, 7.280729756006606, 6.946802401824886, 7.432388551468498, 8.870078899874567, 9.271381980050224, 12.885444165413935, 11.909874811264809, 11.323561129785984, 12.335722392304394, 13.054954913748269], [1.0947271851927312, 2.168600751636871, 2.7820098418229944, 4.200433171709794, 5.1999068251267735, 6.616359523181914, 7.049426804357926, 8.55955096661034, 9.255489701252982, 8.864812032976221, 10.57859388245905, 11.493128596252632, 11.724226084479946, 1.7720273643485307, 1.7747352394089662, 0.0, 3.0652332929158916, 2.5026274473041332, 2.5604453460286942, 3.111434567848085, 4.374528602032452, 4.7291089118352945, 5.1136556473818215, 5.331873256183046, 6.942922399825595, 7.336059254804312, 6.635893144106527, 6.934069859036611, 8.854331235051013, 9.092192379728885, 12.459496283156877, 11.291855040249144, 10.87052210935611, 12.068465334498832, 12.557806625760726], [2.146263401821873, 1.0962160735913336, 2.1625975261245447, 2.7594582892299715, 4.180849192448826, 5.19539593871343, 5.715450971708183, 7.024950397689652, 7.835465321855493, 7.6765768907762535, 9.018655240666428, 10.020678534410731, 10.019748349135321, 2.473225691278497, 2.502584589978928, 3.0652332929158916, 0.0, 1.7648756046815315, 3.067290447610073, 2.508330251382381, 3.0761775582693534, 2.534169785156472, 4.728445615633112, 4.356485308135447, 5.064818635449843, 6.12311899688386, 5.108902980092694, 6.078973114762065, 6.969468078698689, 7.727184654840339, 10.979222630496206, 10.086066700651946, 9.164787779867028, 10.134982520458534, 10.929670506927462], [2.146156128989687, 1.096211485070285, 2.1627092037534776, 2.7599725958784447, 4.1795370138329915, 5.233594640397745, 5.365594644585072, 6.773419143239254, 7.330539043617461, 6.9203321090826275, 8.617918438346932, 9.46690977404982, 9.510067817844412, 2.4730160088442616, 3.0650925548831314, 2.5026274473041332, 1.7648756046815315, 0.0, 2.5086352963314535, 3.0670098809752795, 2.521154884175108, 3.0899423716309014, 4.373916869351771, 4.685314215717021, 5.410159312811407, 6.188705716868432, 4.680052112957718, 5.462336052459607, 6.949703025309787, 7.512692580559915, 10.479073356456666, 9.352646779922782, 8.602072882160439, 9.80988054718303, 10.334255215060251], [2.7508217354092577, 2.1594554707147817, 1.0968149570460826, 2.1608347229716576, 2.751307438291839, 4.208015305342888, 4.722043801152209, 6.240771418662921, 7.068234711722582, 6.833429813058739, 8.367458520960831, 9.3884866650595, 9.818019085844151, 3.7539848281526127, 3.1127752215667615, 2.5604453460286942, 3.067290447610073, 2.5086352963314535, 0.0, 1.7649546906365614, 2.501302904487979, 3.0659758952085716, 2.553671719309277, 3.023410367449315, 4.721335228513222, 4.842885559250807, 4.548648664163897, 4.5635002114604974, 6.631536970416436, 6.651316641086936, 10.28047438885969, 9.223091944678854, 9.094445378361455, 10.149990140881911, 10.716848433191542], [2.7496776574718718, 2.1589361662633753, 1.0968469856821417, 2.1613533723109692, 2.754731384364, 4.1619041855862084, 5.117495375669626, 6.514357051927688, 7.591998507639475, 7.599575094043088, 8.781051398323552, 9.947985272405665, 10.31379271606716, 3.7529634970247177, 2.559269743501064, 3.111434567848085, 2.508330251382381, 3.0670098809752795, 1.7649546906365614, 0.0, 3.0608814253413996, 2.506006921379109, 3.123425713859704, 2.484901851180445, 4.3227746483017135, 4.760270538530348, 4.9900885773701456, 5.287350892460231, 6.65370823601396, 6.894149827208573, 10.791238160656079, 9.967356049625195, 9.629656744661256, 10.465867051515609, 11.29337871763805], [4.155987456670195, 2.742539890320649, 2.1532284899657075, 1.0956766220012182, 2.1663368851589078, 2.843009062595475, 2.8512926998117893, 4.286552015314873, 4.9823411926523065, 4.766834166404365, 6.263970011103183, 7.247318582758729, 7.491642335963457, 4.823739293328361, 4.7181910198719175, 4.374528602032452, 3.0761775582693534, 2.521154884175108, 2.501302904487979, 3.0608814253413996, 0.0, 1.7657207961622927, 2.4940859828803017, 3.064218166188563, 3.177112720694688, 3.8461987494148038, 2.2803808037255533, 3.0556482716438422, 4.546475792303309, 4.992172491010302, 8.19720809910301, 7.202039977672992, 6.72293937203066, 7.769722741514012, 8.407749995093813], [4.167751188590796, 2.7553903353245612, 2.1604891066608043, 1.0966157804810215, 2.16102710070929, 2.76081749849569, 3.4562374064870025, 4.664065064940668, 5.691264784738099, 5.804528650975892, 6.796053537899772, 7.949450414336829, 8.122861258202063, 4.8367910291845355, 4.38430316584061, 4.7291089118352945, 2.534169785156472, 3.0899423716309014, 3.0659758952085716, 2.506006921379109, 1.7657207961622927, 0.0, 3.0675799940669846, 2.5253114144596105, 2.533355358018295, 3.7278383883961497, 3.059889782328769, 4.048555348516308, 4.566842611695743, 5.298380912127779, 8.819115321277978, 8.124727432351191, 7.424706982097004, 8.169943280708871, 9.124150459631844], [5.192759506274096, 4.191872099670981, 2.7807824006922943, 2.1631283341494094, 1.096823864620022, 2.1620338156467396, 2.7835032800411788, 4.174061373530581, 5.182985171694011, 5.2263281316809795, 6.378833590085259, 7.5225585361630785, 8.220151979130312, 6.163373863396573, 5.421898491303577, 5.1136556473818215, 4.728445615633112, 4.373916869351771, 2.553671719309277, 3.123425713859704, 2.4940859828803017, 3.0675799940669846, 0.0, 1.7601844505619288, 3.0674976919306722, 2.495464563963993, 3.175874830656901, 2.5334748488982477, 4.727029589499097, 4.325389687646652, 8.279138130868454, 7.4153290372039455, 7.71199431340558, 8.524752079092975, 9.171303875131388], [5.122988724367837, 4.144788689426759, 2.7140645349733306, 2.1541388186465604, 1.0971136540942326, 2.1430555195794625, 3.4808826193941096, 4.658421519141436, 5.958633928175149, 6.264614366423523, 7.001503920587347, 8.296985067480838, 8.896921446208234, 6.103638655752812, 5.04395563323073, 5.331873256183046, 4.356485308135447, 4.685314215717021, 3.023410367449315, 2.484901851180445, 3.064218166188563, 2.5253114144596105, 1.7601844505619288, 0.0, 2.4954223870920127, 2.394182133840281, 3.8467268709904525, 3.7285510764907057, 4.853258754692563, 4.771436828671212, 8.994224313969493, 8.401016996173738, 8.423035289609086, 8.995049550169247, 9.927914795665805], [6.548572609355416, 5.187413907719337, 4.176049172363754, 2.783818647110476, 2.162012844550189, 1.0968441138101623, 2.1627228070189672, 2.779631295693729, 4.177363690175898, 4.775023649156096, 5.01832087654825, 6.370165853413864, 6.8089533534898, 7.316448863348941, 6.675984324427373, 6.942922399825595, 5.064818635449843, 5.410159312811407, 4.721335228513222, 4.3227746483017135, 3.177112720694688, 2.533355358018295, 3.0674976919306722, 2.4954223870920127, 0.0, 1.7603262368095296, 2.496980346338353, 3.0687399889857074, 2.5646653992285233, 3.1399502766763683, 7.0449359926119985, 6.714898763198146, 6.406492563017614, 6.7364489280332265, 7.885552598264752], [7.177900134440434, 5.9686405763791806, 4.660257215004339, 3.481452627855218, 2.1431432336640497, 1.0971456648959608, 2.1535989320205378, 2.712598613875632, 4.130133782336839, 4.752271626285687, 4.954677577804635, 6.314661363842086, 7.11653134820609, 8.085364133420336, 7.280729756006606, 7.336059254804312, 6.12311899688386, 6.188705716868432, 4.842885559250807, 4.760270538530348, 3.8461987494148038, 3.7278383883961497, 2.495464563963993, 2.394182133840281, 1.7603262368095296, 0.0, 3.065324225918035, 2.5283843813787494, 3.038261155661244, 2.4982082058947768, 6.866705521572919, 6.504851938361087, 6.868756779796472, 7.188906852922773, 8.152036809288829], [6.430003817261698, 4.981630080606147, 4.287804815986847, 2.851377738918504, 2.8430250807898267, 2.167778867873751, 1.0960492370327164, 2.152982194538543, 2.74086974699638, 2.7491429391721343, 3.989392135401082, 5.0195235640446985, 5.345668869280999, 7.056094612460918, 6.946802401824886, 6.635893144106527, 5.108902980092694, 4.680052112957718, 4.548648664163897, 4.9900885773701456, 2.2803808037255533, 3.059889782328769, 3.175874830656901, 3.8467268709904525, 2.496980346338353, 3.065324225918035, 0.0, 1.7610397752464308, 2.4956641040011776, 3.0609539836462747, 5.94372748113505, 5.087329512622511, 4.705350262201529, 5.609559751887843, 6.3163575587517204], [6.966940959990977, 5.694898482852877, 4.663809898570053, 3.4547870006702297, 2.760910766395756, 2.16259079115768, 1.0970639088038583, 2.160331229233147, 2.7546937760847396, 2.7582981800378295, 4.00889571079119, 5.0383960026976835, 5.812008128865616, 7.749610594733132, 7.432388551468498, 6.934069859036611, 6.078973114762065, 5.462336052459607, 4.5635002114604974, 5.287350892460231, 3.0556482716438422, 4.048555348516308, 2.5334748488982477, 3.7285510764907057, 3.0687399889857074, 2.5283843813787494, 1.7610397752464308, 0.0, 3.0658446095652017, 2.500771620920231, 5.829039771694821, 4.882537450957238, 5.381857709007179, 6.23278805030301, 6.721765995629421], [8.53568427544037, 7.066744833372717, 6.244482295595048, 4.723452886395714, 4.214781267159662, 2.7608240327844147, 2.1598933330143875, 1.0957752004859391, 2.125260645191549, 3.1186735481611407, 2.5753239815603783, 3.93785589502714, 4.383709764571555, 9.189884196223586, 8.870078899874567, 8.854331235051013, 6.969468078698689, 6.949703025309787, 6.631536970416436, 6.65370823601396, 4.546475792303309, 4.566842611695743, 4.727029589499097, 4.853258754692563, 2.5646653992285233, 3.038261155661244, 2.4956641040011776, 3.0658446095652017, 0.0, 1.7850036442539832, 4.563823069532823, 4.481296907146413, 4.189624189590279, 4.264564067991007, 5.471498472082396], [8.96213336098052, 7.601922281239133, 6.521837019582749, 5.124216958716717, 4.169560681894437, 2.7658757184660336, 2.1610624331564323, 1.0956699685580509, 2.1245783063940005, 3.112401434583913, 2.584721745178773, 3.942414425196823, 4.931368389199898, 9.748510093855367, 9.271381980050224, 9.092192379728885, 7.727184654840339, 7.512692580559915, 6.651316641086936, 6.894149827208573, 4.992172491010302, 5.298380912127779, 4.325389687646652, 4.771436828671212, 3.1399502766763683, 2.4982082058947768, 3.0609539836462747, 2.500771620920231, 1.7850036442539832, 0.0, 4.3914652224513855, 4.224888403259901, 4.931052676660432, 5.049885866036974, 5.923365983965535], [12.346126293700387, 10.90726001752961, 10.178654690576748, 8.736006391939053, 8.206388616194094, 6.8767031701244745, 5.68793318174537, 4.360283499957315, 3.2305574472527185, 3.715556890965337, 2.0434793319238636, 1.0948712161711078, 2.1485675297741986, 12.924263266043447, 12.885444165413935, 12.459496283156877, 10.979222630496206, 10.479073356456666, 10.28047438885969, 10.791238160656079, 8.19720809910301, 8.819115321277978, 8.279138130868454, 8.994224313969493, 7.0449359926119985, 6.866705521572919, 5.94372748113505, 5.829039771694821, 4.563823069532823, 4.3914652224513855, 0.0, 1.7618145135058916, 3.0665666371367184, 2.501195829998123, 2.488841549797817], [11.274410213399191, 9.892722808711463, 9.235202727065605, 7.889178080129767