{"total energy": -52.95419865, "HOMO-LUMO gap/eV": 3.30549555, "electronic energy": -53.59604902, "dipole": [0.23408675, 0.46971126, -0.41968595], "partial charges": [-0.3864352, 0.28276015, -0.16890909, 0.33830756, -0.42339397, -0.16801153, 0.27980602, -0.38663197, -0.02298352, -0.01349915, -0.10426596, -0.06866002, -0.05292438, -0.10210662, -0.05556431, -0.039181, -0.08909709, 0.23274447, 0.2331349, 0.06178537, 0.04467534, 0.02425534, 0.05044319, 0.03594773, 0.05802657, 0.03029005, 0.0362646, 0.03489685, 0.03679701, 0.03293863, 0.06697347, 0.06903459, 0.03519659, 0.04959296, 0.04779242], "atomic dipole moments": [[-0.11499641, 0.09876623, 0.11693958], [-0.0775321, -0.03935849, 0.02181456], [0.00964386, 0.01450442, 0.05975423], [0.07104694, 0.05083444, -0.02349248], [0.17646139, 0.11323972, -0.05655599], [0.02657396, -0.04758937, -0.01860834], [-0.07605422, -0.03746188, 0.01088842], [-0.05312353, -0.12576296, -0.13234115], [-0.03165291, 0.00428827, -0.0039356], [-0.0825351, -0.08748468, -0.06921653], [-0.02656161, 0.09183332, -0.05631505], [0.01133914, 0.00729081, 0.13593392], [-0.03920425, 0.01643796, -0.11311478], [-0.06667205, -0.01664263, 0.07903382], [-0.0521345, -0.11231179, 0.08911654], [0.14895073, -0.07578977, 0.00343511], [-0.0386498, 0.05397357, 0.01605618], [-0.03099516, -0.12226199, -0.05441318], [-0.07317698, 0.02882544, 0.11308191], [0.02932742, 0.098108, 0.07333331], [0.01054008, -0.11193136, -0.06306317], [-0.08763575, -0.01764433, 0.09081734], [0.10746065, 0.01194305, 0.06888706], [-0.01526941, 0.10256518, -0.06693519], [-0.00825931, -0.09538697, -0.08611544], [0.01726765, 0.08836773, 0.08454441], [0.03254069, -0.10836407, 0.05285418], [0.11767762, 0.00084122, 0.04402888], [-0.00713653, -0.09059662, -0.08837085], [-0.02000916, 0.11103916, -0.0552953], [0.05109551, 0.11348996, 0.03884363], [0.06297322, -0.01723733, -0.11089343], [-0.06717009, -0.09201908, -0.10072117], [0.05634901, 0.10701265, 0.0955601], [-0.14135159, 0.01180085, -0.0553607]], "atomic quadrupole moments": [[-0.05238212, -0.07371218, -0.0327308, 0.0740722, -0.13469714, 0.08511293], [-0.10854355, -0.11296367, -0.09086878, 0.207789, -0.37382012, 0.19941233], [0.06269913, -0.03634672, -0.08633092, -0.06602762, -0.04351113, 0.02363179], [-0.03668562, -0.22117283, -0.01529632, 0.22799739, -0.18993477, 0.05198194], [0.02355951, -0.05225788, -0.01525625, 0.0807605, -0.10752203, -0.00830326], [-0.00248302, 0.05870612, 0.06163912, 0.07848164, 0.00148188, -0.0591561], [-0.06541667, -0.2010792, 0.16617716, 0.183958, -0.35552827, -0.10076049], [-0.05576115, -0.0887132, 0.0753419, 0.0885315, -0.12068419, -0.01958075], [-0.05093049, 0.03464401, 0.02322166, -0.03827336, 0.04232608, 0.02770883], [0.11830218, -0.04376316, -0.11577155, -0.00028097, -0.13336336, -0.00253063], [-0.07716943, -0.03307002, 0.09747194, 0.00593299, -0.1559248, -0.02030251], [0.19110467, -0.00414993, -0.23579039, -0.03724286, -0.02575102, 0.04468572], [0.18801055, 0.04464103, -0.22705599, -0.04631119, -0.04760603, 0.03904544], [0.03716704, 0.03596062, -0.11930594, -0.16597005, -0.04962104, 0.08213891], [0.048394, -0.06397169, 0.00094488, 0.06744712, -0.18495819, -0.04933887], [-0.0175799, 0.19867141, -0.1783658, -0.1637747, -0.40005426, 0.1959457], [-0.19339041, 0.20504602, -0.08970595, -0.25539213, -0.40274019, 0.28309636], [0.0010956, 0.02154133, 0.00762988, -0.01596894, 0.0379807, -0.00872548], [0.00716374, 0.01353877, -0.00982843, -0.02923701, 0.03248878, 0.00266469], [-0.01523789, -0.00363905, 0.01802585, -0.00705282, 0.01754924, -0.00278796], [-0.0504427, -0.00229309, 0.03371023, 0.00055264, 0.05448492, 0.01673247], [0.03942391, -0.00678086, -0.03850547, -0.0622147, -0.00681068, -0.00091844], [0.05198356, 0.02746385, -0.02342304, 0.04605938, 0.00250746, -0.02856052], [-0.00670165, -0.02119621, 0.03274287, 0.00473281, -0.03831589, -0.02604122], [-0.01185136, 0.01068958, 0.03023414, 0.00849122, 0.04046818, -0.01838278], [-0.02004183, 0.00616427, 0.01988708, -0.00400228, 0.04622403, 0.00015476], [-0.01556463, -0.00731399, 0.0384109, -0.00406339, -0.03354648, -0.02284627], [0.06327206, 0.00111086, -0.05326865, 0.04095478, -0.00505533, -0.0100034], [-0.0405098, 0.02108694, 0.02781713, 0.00226208, 0.05639013, 0.01269268], [-0.03390376, -0.03219198, 0.05331591, 0.00014313, -0.04292504, -0.01941215], [-0.01992414, 0.00599967, 0.03044289, 0.02866212, 0.03331944, -0.01051875], [0.00615772, -0.02494903, -0.02640299, -0.02824852, 0.02720313, 0.02024528], [0.023388, -0.02823204, 0.01644735, 0.00959796, 0.04217289, -0.03983535], [0.00829155, -0.00607306, 0.00851131, 0.02712573, 0.04290905, -0.01680287], [0.03163462, -0.02380016, -0.00154403, 0.02896773, 0.03156432, -0.03009059]], "number of molecular orbitals": 86, "number of electrons": 94, "number of unpaired electrons": 0, "orbital energies/eV": [-20.55086841, -20.19811678, -20.12359966, -19.70921644, -19.32737897, -18.66051295, -18.19042807, -18.04506447, -17.62789804, -17.29759223, -17.019958, -16.95834988, -16.85187824, -16.60886627, -16.38428765, -16.21545948, -15.68086866, -15.62680095, -15.59449782, -15.45414987, -15.38137591, -15.1806391, -15.13808761, -14.83792759, -14.58857297, -14.45286809, -14.09182538, -13.99420887, -13.95820303, -13.62221419, -13.55649273, -13.36358773, -12.98362188, -12.88983392, -12.76287546, -12.68251559, -12.6207533, -12.60132391, -12.40678572, -12.36825654, -12.28715512, -12.01270035, -11.96622732, -11.72282416, -11.69089849, -11.48567453, -11.36360343, -8.05810788, -7.10967234, -6.33762461, -5.52675569, -0.81836049, -0.19466783, -0.00263618, 0.90496969, 1.65730527, 1.92503032, 2.48572232, 2.86255512, 3.2308639, 3.34085796, 3.47403174, 3.60129091, 3.65530914, 4.00785205, 4.16185333, 4.25495125, 4.46361861, 4.59232221, 4.64353813, 4.88014652, 5.14480136, 5.59636703, 6.0863327, 6.56661874, 6.67047039, 6.95997408, 7.29848764, 7.73105238, 8.09975899, 10.47718033, 11.86596852, 14.1181763, 14.25497873, 14.6987933, 16.36498773], "fractional occupation": [2.0, 2.0, 2.0, 2.0, 2.0, 2.0, 2.0, 2.0, 2.0, 2.0, 2.0, 2.0, 2.0, 2.0, 2.0, 2.0, 2.0, 2.0, 2.0, 2.0, 2.0, 2.0, 2.0, 2.0, 2.0, 2.0, 2.0, 2.0, 2.0, 2.0, 2.0, 2.0, 2.0, 2.0, 2.0, 2.0, 2.0, 2.0, 2.0, 2.0, 2.0, 2.0, 2.0, 2.0, 2.0, 2.0, 2.0, 0.0, 0.0, 0.0, 0.0, 0.0, 0.0, 0.0, 0.0, 0.0, 0.0, 0.0, 0.0, 0.0, 0.0, 0.0, 0.0, 0.0, 0.0, 0.0, 0.0, 0.0, 0.0, 0.0, 0.0, 0.0, 0.0, 0.0, 0.0, 0.0, 0.0, 0.0, 0.0, 0.0, 0.0, 0.0, 0.0, 0.0, 0.0, 0.0], "program call": "xtb /home/svss/Project-DBcg-Debug/aqme2_20220329/End-to-End-workflows-final/example-3/QDESCP/mol_426_rdkit_conf_18/mol_426_rdkit_conf_18.xyz --pop --wbo --acc 0.2 --gfn 2 --chrg 0 --uhf 0 --etemp 300 --input /home/svss/Project-DBcg-Debug/aqme2_20220329/End-to-End-workflows-final/example-3/QDESCP/mol_426_rdkit_conf_18/mol_426_rdkit_conf_18_xtb.inp", "method": "GFN2-xTB", "xtb version": "6.3.3 (7355c4f)", "Dipole module/D": 1.708, "Total charge": 0, "Transition dipole module/D": NaN, "HOMO": -11.3636, "LUMO": -8.0581, "HOMO occupancy": 2.0, "LUMO occupancy": 0, "mulliken charges": [-0.51252, 0.47371, -0.32045, 0.57411, -0.53955, -0.31888, 0.47328, -0.51342, -0.05855, 0.00318, -0.09607, -0.05615, -0.03674, -0.08256, -0.03516, -0.04085, -0.06881, 0.28059, 0.28098, 0.04614, 0.04119, 0.03094, 0.04151, 0.0236, 0.04405, 0.02365, 0.02598, 0.0308, 0.03099, 0.02702, 0.05468, 0.05748, 0.03299, 0.04132, 0.0415], "cm5 charges": [-0.56027, 0.57312, -0.66424, 0.74297, -0.57611, -0.66273, 0.5724, -0.55933, -0.05877, -0.06047, -0.24261, -0.16464, -0.14989, -0.23312, -0.13264, -0.10262, -0.17015, 0.48339, 0.48381, 0.11066, 0.09616, 0.08587, 0.09368, 0.08078, 0.10492, 0.07855, 0.08143, 0.08158, 0.08229, 0.07829, 0.11289, 0.11595, 0.09052, 0.09458, 0.09377], "FUKUI+": [-0.135, -0.051, -0.03, -0.051, -0.139, -0.029, -0.049, -0.132, -0.004, 0.005, 0.014, 0.006, 0.003, 0.008, 0.003, -0.001, -0.019, -0.045, -0.045, -0.021, -0.01, 0.002, -0.033, -0.011, -0.004, -0.01, -0.01, -0.018, -0.008, -0.008, -0.037, -0.038, -0.023, -0.033, -0.044], "FUKUI-": [-0.063, -0.003, -0.019, -0.0, -0.074, -0.014, -0.0, -0.055, -0.01, 0.004, 0.014, 0.008, 0.008, 0.018, 0.009, -0.022, -0.031, -0.027, -0.026, -0.047, -0.028, -0.028, -0.025, -0.053, -0.066, -0.074, -0.07, -0.041, -0.051, -0.048, -0.027, -0.032, -0.037, -0.041, -0.05], "FUKUIrad": [-0.099, -0.027, -0.025, -0.026, -0.106, -0.022, -0.025, -0.094, -0.007, 0.004, 0.014, 0.007, 0.006, 0.013, 0.006, -0.011, -0.025, -0.036, -0.035, -0.034, -0.019, -0.013, -0.029, -0.032, -0.035, -0.042, -0.04, -0.029, -0.029, -0.028, -0.032, -0.035, -0.03, -0.037, -0.047], "s proportion": [1.729, 1.012, 1.426, 0.935, 1.72, 1.424, 1.012, 1.73, 1.112, 1.068, 1.015, 1.038, 1.028, 1.008, 1.039, 1.072, 1.054, 0.719, 0.719, 0.954, 0.959, 0.969, 0.958, 0.976, 0.956, 0.976, 0.974, 0.969, 0.969, 0.973, 0.945, 0.943, 0.967, 0.959, 0.959], "p proportion": [4.783, 2.515, 3.895, 2.491, 4.819, 3.895, 2.514, 4.783, 2.946, 2.929, 3.081, 3.018, 3.009, 3.075, 2.996, 2.969, 3.015, 0.0, 0.0, 0.0, 0.0, 0.0, 0.0, 0.0, 0.0, 0.0, 0.0, 0.0, 0.0, 0.0, 0.0, 0.0, 0.0, 0.0, 0.0], "d proportion": [0.0, 0.0, 0.0, 0.0, 0.0, 0.0, 0.0, 0.0, 0.0, 0.0, 0.0, 0.0, 0.0, 0.0, 0.0, 0.0, 0.0, 0.0, 0.0, 0.0, 0.0, 0.0, 0.0, 0.0, 0.0, 0.0, 0.0, 0.0, 0.0, 0.0, 0.0, 0.0, 0.0, 0.0, 0.0], "Fermi-level/eV": -9.7109, "Coordination numbers": [0.859, 2.761, 2.697, 2.7, 0.86, 2.697, 2.763, 0.859, 3.895, 3.843, 3.748, 3.799, 3.798, 3.75, 3.809, 2.882, 2.834, 0.86, 0.86, 0.923, 0.924, 0.924, 0.924, 0.924, 0.924, 0.924, 0.924, 0.924, 0.924, 0.924, 0.923, 0.924, 0.925, 0.925, 0.925], "Dispersion coefficient C6": [21.411, 22.212, 24.654, 21.251, 22.152, 24.635, 22.265, 21.415, 20.929, 20.786, 22.559, 21.817, 21.527, 22.514, 21.565, 28.971, 30.224, 0.953, 0.952, 2.178, 2.388, 2.67, 2.314, 2.504, 2.222, 2.582, 2.499, 2.518, 2.492, 2.545, 2.119, 2.096, 2.514, 2.325, 2.348], "Total dispersion C6": 11627.364532, "Total dispersion C8": 260372.691853, "Polarizability alpha": [6.204, 7.718, 7.374, 7.545, 6.31, 7.372, 7.727, 6.204, 6.503, 6.485, 6.774, 6.65, 6.606, 6.767, 6.61, 8.824, 9.009, 1.53, 1.528, 2.308, 2.416, 2.555, 2.379, 2.474, 2.331, 2.513, 2.472, 2.482, 2.469, 2.495, 2.277, 2.264, 2.479, 2.384, 2.396], "Total polarizability alpha": 162.439488, "Wiberg matrix": [[0.0, 1.7430553162120326, 0.1352869817043935, 0.0, 0.0, 0.0, 0.0, 0.0, 0.0, 0.0, 0.0, 0.0, 0.0, 0.0, 0.0, 0.0, 0.0, 0.0, 0.0, 0.0, 0.0, 0.0, 0.0, 0.0, 0.0, 0.0, 0.0, 0.0, 0.0, 0.0, 0.0, 0.0, 0.0, 0.0, 0.0], [1.7430553162120326, 0.0, 1.1472223552538419, 0.0, 0.0, 0.0, 0.0, 0.0, 0.9598810207419213, 0.0, 0.0, 0.0, 0.0, 0.0, 0.0, 0.0, 0.0, 0.0, 0.0, 0.0, 0.0, 0.0, 0.0, 0.0, 0.0, 0.0, 0.0, 0.0, 0.0, 0.0, 0.0, 0.0, 0.0, 0.0, 0.0], [0.1352869817043935, 1.1472223552538419, 0.0, 1.1277648408274545, 0.11615067885754256, 0.0, 0.0, 0.0, 0.0, 0.0, 0.0, 0.0, 0.0, 0.0, 0.0, 0.0, 0.0, 0.9091909078833922, 0.0, 0.0, 0.0, 0.0, 0.0, 0.0, 0.0, 0.0, 0.0, 0.0, 0.0, 0.0, 0.0, 0.0, 0.0, 0.0, 0.0], [0.0, 0.0, 1.1277648408274545, 0.0, 1.648991340344689, 1.1287504574992586, 0.0, 0.0, 0.0, 0.0, 0.0, 0.0, 0.0, 0.0, 0.0, 0.0, 0.0, 0.0, 0.0, 0.0, 0.0, 0.0, 0.0, 0.0, 0.0, 0.0, 0.0, 0.0, 0.0, 0.0, 0.0, 0.0, 0.0, 0.0, 0.0], [0.0, 0.0, 0.11615067885754256, 1.648991340344689, 0.0, 0.11600916838997424, 0.0, 0.0, 0.0, 0.0, 0.0, 0.0, 0.0, 0.0, 0.0, 0.0, 0.0, 0.0, 0.0, 0.0, 0.0, 0.0, 0.0, 0.0, 0.0, 0.0, 0.0, 0.0, 0.0, 0.0, 0.0, 0.0, 0.0, 0.0, 0.0], [0.0, 0.0, 0.0, 1.1287504574992586, 0.11600916838997424, 0.0, 1.150586470736054, 0.1350828285910396, 0.0, 0.0, 0.0, 0.0, 0.0, 0.0, 0.0, 0.0, 0.0, 0.0, 0.9090704653910697, 0.0, 0.0, 0.0, 0.0, 0.0, 0.0, 0.0, 0.0, 0.0, 0.0, 0.0, 0.0, 0.0, 0.0, 0.0, 0.0], [0.0, 0.0, 0.0, 0.0, 0.0, 1.150586470736054, 0.0, 1.744139880486224, 0.9537324442501065, 0.0, 0.0, 0.0, 0.0, 0.0, 0.0, 0.0, 0.0, 0.0, 0.0, 0.0, 0.0, 0.0, 0.0, 0.0, 0.0, 0.0, 0.0, 0.0, 0.0, 0.0, 0.0, 0.0, 0.0, 0.0, 0.0], [0.0, 0.0, 0.0, 0.0, 0.0, 0.1350828285910396, 1.744139880486224, 0.0, 0.0, 0.0, 0.0, 0.0, 0.0, 0.0, 0.0, 0.0, 0.0, 0.0, 0.0, 0.0, 0.0, 0.0, 0.0, 0.0, 0.0, 0.0, 0.0, 0.0, 0.0, 0.0, 0.0, 0.0, 0.0, 0.0, 0.0], [0.0, 0.9598810207419213, 0.0, 0.0, 0.0, 0.0, 0.9537324442501065, 0.0, 0.0, 0.9403909621592306, 0.0, 0.0, 0.0, 0.0, 0.916180786141664, 0.0, 0.0, 0.0, 0.0, 0.0, 0.0, 0.0, 0.0, 0.0, 0.0, 0.0, 0.0, 0.0, 0.0, 0.0, 0.0, 0.0, 0.0, 0.0, 0.0], [0.0, 0.0, 0.0, 0.0, 0.0, 0.0, 0.0, 0.0, 0.9403909621592306, 0.0, 1.0090264753370544, 0.9952193032217634, 0.0, 0.0, 0.0, 0.0, 0.0, 0.0, 0.0, 0.963184715160872, 0.0, 0.0, 0.0, 0.0, 0.0, 0.0, 0.0, 0.0, 0.0, 0.0, 0.0, 0.0, 0.0, 0.0, 0.0], [0.0, 0.0, 0.0, 0.0, 0.0, 0.0, 0.0, 0.0, 0.0, 1.0090264753370544, 0.0, 0.0, 0.0, 0.0, 0.0, 0.0, 0.0, 0.0, 0.0, 0.0, 0.9858136723107835, 0.9850502027887884, 0.9825017709728863, 0.0, 0.0, 0.0, 0.0, 0.0, 0.0, 0.0, 0.0, 0.0, 0.0, 0.0, 0.0], [0.0, 0.0, 0.0, 0.0, 0.0, 0.0, 0.0, 0.0, 0.0, 0.9952193032217634, 0.0, 0.0, 1.0047892380967411, 0.0, 0.0, 0.0, 0.0, 0.0, 0.0, 0.0, 0.0, 0.0, 0.0, 0.9726855551965006, 0.9732979601621568, 0.0, 0.0, 0.0, 0.0, 0.0, 0.0, 0.0, 0.0, 0.0, 0.0], [0.0, 0.0, 0.0, 0.0, 0.0, 0.0, 0.0, 0.0, 0.0, 0.0, 0.0, 1.0047892380967411, 0.0, 1.0194544005418371, 0.0, 0.0, 0.0, 0.0, 0.0, 0.0, 0.0, 0.0, 0.0, 0.0, 0.0, 0.9778024470069255, 0.9765713970301984, 0.0, 0.0, 0.0, 0.0, 0.0, 0.0, 0.0, 0.0], [0.0, 0.0, 0.0, 0.0, 0.0, 0.0, 0.0, 0.0, 0.0, 0.0, 0.0, 0.0, 1.0194544005418371, 0.0, 0.0, 0.0, 0.0, 0.0, 0.0, 0.0, 0.0, 0.0, 0.0, 0.0, 0.0, 0.0, 0.0, 0.9868012515535768, 0.9874828375830715, 0.9874272842685654, 0.0, 0.0, 0.0, 0.0, 0.0], [0.0, 0.0, 0.0, 0.0, 0.0, 0.0, 0.0, 0.0, 0.916180786141664, 0.0, 0.0, 0.0, 0.0, 0.0, 0.0, 1.0227218207058317, 0.0, 0.0, 0.0, 0.0, 0.0, 0.0, 0.0, 0.0, 0.0, 0.0, 0.0, 0.0, 0.0, 0.0, 0.9667943826379369, 0.9559278671521616, 0.0, 0.0, 0.0], [0.0, 0.0, 0.0, 0.0, 0.0, 0.0, 0.0, 0.0, 0.0, 0.0, 0.0, 0.0, 0.0, 0.0, 1.0227218207058317, 0.0, 1.9777078828610086, 0.0, 0.0, 0.0, 0.0, 0.0, 0.0, 0.0, 0.0, 0.0, 0.0, 0.0, 0.0, 0.0, 0.0, 0.0, 0.9678282170112134, 0.0, 0.0], [0.0, 0.0, 0.0, 0.0, 0.0, 0.0, 0.0, 0.0, 0.0, 0.0, 0.0, 0.0, 0.0, 0.0, 0.0, 1.9777078828610086, 0.0, 0.0, 0.0, 0.0, 0.0, 0.0, 0.0, 0.0, 0.0, 0.0, 0.0, 0.0, 0.0, 0.0, 0.0, 0.0, 0.0, 0.9752021020348403, 0.976603972424465], [0.0, 0.0, 0.9091909078833922, 0.0, 0.0, 0.0, 0.0, 0.0, 0.0, 0.0, 0.0, 0.0, 0.0, 0.0, 0.0, 0.0, 0.0, 0.0, 0.0, 0.0, 0.0, 0.0, 0.0, 0.0, 0.0, 0.0, 0.0, 0.0, 0.0, 0.0, 0.0, 0.0, 0.0, 0.0, 0.0], [0.0, 0.0, 0.0, 0.0, 0.0, 0.9090704653910697, 0.0, 0.0, 0.0, 0.0, 0.0, 0.0, 0.0, 0.0, 0.0, 0.0, 0.0, 0.0, 0.0, 0.0, 0.0, 0.0, 0.0, 0.0, 0.0, 0.0, 0.0, 0.0, 0.0, 0.0, 0.0, 0.0, 0.0, 0.0, 0.0], [0.0, 0.0, 0.0, 0.0, 0.0, 0.0, 0.0, 0.0, 0.0, 0.963184715160872, 0.0, 0.0, 0.0, 0.0, 0.0, 0.0, 0.0, 0.0, 0.0, 0.0, 0.0, 0.0, 0.0, 0.0, 0.0, 0.0, 0.0, 0.0, 0.0, 0.0, 0.0, 0.0, 0.0, 0.0, 0.0], [0.0, 0.0, 0.0, 0.0, 0.0, 0.0, 0.0, 0.0, 0.0, 0.0, 0.9858136723107835, 0.0, 0.0, 0.0, 0.0, 0.0, 0.0, 0.0, 0.0, 0.0, 0.0, 0.0, 0.0, 0.0, 0.0, 0.0, 0.0, 0.0, 0.0, 0.0, 0.0, 0.0, 0.0, 0.0, 0.0], [0.0, 0.0, 0.0, 0.0, 0.0, 0.0, 0.0, 0.0, 0.0, 0.0, 0.9850502027887884, 0.0, 0.0, 0.0, 0.0, 0.0, 0.0, 0.0, 0.0, 0.0, 0.0, 0.0, 0.0, 0.0, 0.0, 0.0, 0.0, 0.0, 0.0, 0.0, 0.0, 0.0, 0.0, 0.0, 0.0], [0.0, 0.0, 0.0, 0.0, 0.0, 0.0, 0.0, 0.0, 0.0, 0.0, 0.9825017709728863, 0.0, 0.0, 0.0, 0.0, 0.0, 0.0, 0.0, 0.0, 0.0, 0.0, 0.0, 0.0, 0.0, 0.0, 0.0, 0.0, 0.0, 0.0, 0.0, 0.0, 0.0, 0.0, 0.0, 0.0], [0.0, 0.0, 0.0, 0.0, 0.0, 0.0, 0.0, 0.0, 0.0, 0.0, 0.0, 0.9726855551965006, 0.0, 0.0, 0.0, 0.0, 0.0, 0.0, 0.0, 0.0, 0.0, 0.0, 0.0, 0.0, 0.0, 0.0, 0.0, 0.0, 0.0, 0.0, 0.0, 0.0, 0.0, 0.0, 0.0], [0.0, 0.0, 0.0, 0.0, 0.0, 0.0, 0.0, 0.0, 0.0, 0.0, 0.0, 0.9732979601621568, 0.0, 0.0, 0.0, 0.0, 0.0, 0.0, 0.0, 0.0, 0.0, 0.0, 0.0, 0.0, 0.0, 0.0, 0.0, 0.0, 0.0, 0.0, 0.0, 0.0, 0.0, 0.0, 0.0], [0.0, 0.0, 0.0, 0.0, 0.0, 0.0, 0.0, 0.0, 0.0, 0.0, 0.0, 0.0, 0.9778024470069255, 0.0, 0.0, 0.0, 0.0, 0.0, 0.0, 0.0, 0.0, 0.0, 0.0, 0.0, 0.0, 0.0, 0.0, 0.0, 0.0, 0.0, 0.0, 0.0, 0.0, 0.0, 0.0], [0.0, 0.0, 0.0, 0.0, 0.0, 0.0, 0.0, 0.0, 0.0, 0.0, 0.0, 0.0, 0.9765713970301984, 0.0, 0.0, 0.0, 0.0, 0.0, 0.0, 0.0, 0.0, 0.0, 0.0, 0.0, 0.0, 0.0, 0.0, 0.0, 0.0, 0.0, 0.0, 0.0, 0.0, 0.0, 0.0], [0.0, 0.0, 0.0, 0.0, 0.0, 0.0, 0.0, 0.0, 0.0, 0.0, 0.0, 0.0, 0.0, 0.9868012515535768, 0.0, 0.0, 0.0, 0.0, 0.0, 0.0, 0.0, 0.0, 0.0, 0.0, 0.0, 0.0, 0.0, 0.0, 0.0, 0.0, 0.0, 0.0, 0.0, 0.0, 0.0], [0.0, 0.0, 0.0, 0.0, 0.0, 0.0, 0.0, 0.0, 0.0, 0.0, 0.0, 0.0, 0.0, 0.9874828375830715, 0.0, 0.0, 0.0, 0.0, 0.0, 0.0, 0.0, 0.0, 0.0, 0.0, 0.0, 0.0, 0.0, 0.0, 0.0, 0.0, 0.0, 0.0, 0.0, 0.0, 0.0], [0.0, 0.0, 0.0, 0.0, 0.0, 0.0, 0.0, 0.0, 0.0, 0.0, 0.0, 0.0, 0.0, 0.9874272842685654, 0.0, 0.0, 0.0, 0.0, 0.0, 0.0, 0.0, 0.0, 0.0, 0.0, 0.0, 0.0, 0.0, 0.0, 0.0, 0.0, 0.0, 0.0, 0.0, 0.0, 0.0], [0.0, 0.0, 0.0, 0.0, 0.0, 0.0, 0.0, 0.0, 0.0, 0.0, 0.0, 0.0, 0.0, 0.0, 0.9667943826379369, 0.0, 0.0, 0.0, 0.0, 0.0, 0.0, 0.0, 0.0, 0.0, 0.0, 0.0, 0.0, 0.0, 0.0, 0.0, 0.0, 0.0, 0.0, 0.0, 0.0], [0.0, 0.0, 0.0, 0.0, 0.0, 0.0, 0.0, 0.0, 0.0, 0.0, 0.0, 0.0, 0.0, 0.0, 0.9559278671521616, 0.0, 0.0, 0.0, 0.0, 0.0, 0.0, 0.0, 0.0, 0.0, 0.0, 0.0, 0.0, 0.0, 0.0, 0.0, 0.0, 0.0, 0.0, 0.0, 0.0], [0.0, 0.0, 0.0, 0.0, 0.0, 0.0, 0.0, 0.0, 0.0, 0.0, 0.0, 0.0, 0.0, 0.0, 0.0, 0.9678282170112134, 0.0, 0.0, 0.0, 0.0, 0.0, 0.0, 0.0, 0.0, 0.0, 0.0, 0.0, 0.0, 0.0, 0.0, 0.0, 0.0, 0.0, 0.0, 0.0], [0.0, 0.0, 0.0, 0.0, 0.0, 0.0, 0.0, 0.0, 0.0, 0.0, 0.0, 0.0, 0.0, 0.0, 0.0, 0.0, 0.9752021020348403, 0.0, 0.0, 0.0, 0.0, 0.0, 0.0, 0.0, 0.0, 0.0, 0.0, 0.0, 0.0, 0.0, 0.0, 0.0, 0.0, 0.0, 0.0], [0.0, 0.0, 0.0, 0.0, 0.0, 0.0, 0.0, 0.0, 0.0, 0.0, 0.0, 0.0, 0.0, 0.0, 0.0, 0.0, 0.976603972424465, 0.0, 0.0, 0.0, 0.0, 0.0, 0.0, 0.0, 0.0, 0.0, 0.0, 0.0, 0.0, 0.0, 0.0, 0.0, 0.0, 0.0, 0.0]], "Born radii": [], "Atomic SASAs": [], "Solvent H bonds": [], "Total SASA": NaN, "Total FOD": 0.0, "FOD": [0.0, 0.0, 0.0, 0.0, 0.0, 0.0, 0.0, 0.0, 0.0, 0.0, 0.0, 0.0, 0.0, 0.0, 0.0, 0.0, 0.0, 0.0, 0.0, 0.0, 0.0, 0.0, 0.0, 0.0, 0.0, 0.0, 0.0, 0.0, 0.0, 0.0, 0.0, 0.0, 0.0, 0.0, 0.0], "FOD s proportion": [0.0, 0.0, 0.0, 0.0, 0.0, 0.0, 0.0, 0.0, 0.0, 0.0, 0.0, 0.0, 0.0, 0.0, 0.0, 0.0, 0.0, 0.0, 0.0, 0.0, 0.0, 0.0, 0.0, 0.0, 0.0, 0.0, 0.0, 0.0, 0.0, 0.0, 0.0, 0.0, 0.0, 0.0, 0.0], "FOD p proportion": [0.0, 0.0, 0.0, 0.0, 0.0, 0.0, 0.0, 0.0, 0.0, 0.0, 0.0, 0.0, 0.0, 0.0, 0.0, 0.0, 0.0, 0.0, 0.0, 0.0, 0.0, 0.0, 0.0, 0.0, 0.0, 0.0, 0.0, 0.0, 0.0, 0.0, 0.0, 0.0, 0.0, 0.0, 0.0], "FOD d proportion": [0.0, 0.0, 0.0, 0.0, 0.0, 0.0, 0.0, 0.0, 0.0, 0.0, 0.0, 0.0, 0.0, 0.0, 0.0, 0.0, 0.0, 0.0, 0.0, 0.0, 0.0, 0.0, 0.0, 0.0, 0.0, 0.0, 0.0, 0.0, 0.0, 0.0, 0.0, 0.0, 0.0, 0.0, 0.0], "coordinates": [["-0.36870", "-1.97940", "-1.24550"], ["-1.09260", "-1.34460", "-0.48090"], ["-2.35670", "-1.79960", "-0.23530"], ["-3.15760", "-1.40270", "0.78630"], ["-4.15170", "-2.04550", "1.10730"], ["-2.77200", "-0.29860", "1.47340"], ["-1.55530", "0.31360", "1.38150"], ["-1.22560", "1.13040", "2.24140"], ["-0.68780", "-0.02640", "0.16880"], ["0.82010", "-0.06900", "0.65270"], ["1.07590", "-1.27760", "1.57390"], ["1.87670", "0.01350", "-0.47970"], ["3.32490", "0.04010", "0.02560"], ["4.30500", "0.28600", "-1.11240"], ["-0.91210", "1.10810", "-0.87410"], ["-2.33490", "1.33760", "-1.32490"], ["-3.07330", "2.39140", "-0.95500"], ["-2.60480", "-2.67750", "-0.67060"], ["-3.33020", "-0.06180", "2.28160"], ["0.98880", "0.82450", "1.27100"], ["1.14660", "-2.21000", "1.00490"], ["0.28340", "-1.39400", "2.31970"], ["2.01050", "-1.15410", "2.13040"], ["1.71550", "0.93010", "-1.05740"], ["1.76640", "-0.82530", "-1.17400"], ["3.44400", "0.82800", "0.77800"], ["3.58070", "-0.91280", "0.50070"], ["5.33160", "0.29290", "-0.73310"], ["4.22820", "-0.49840", "-1.87210"], ["4.11470", "1.25080", "-1.59330"], ["-0.50660", "2.04760", "-0.47380"], ["-0.34390", "0.89350", "-1.78830"], ["-2.76280", "0.61700", "-2.02050"], ["-2.69070", "3.15180", "-0.27940"], ["-4.08580", "2.52070", "-1.32700"]], "bond_dist": [[0.0, 1.2294776980490538, 2.237180386111053, 3.4983935370395365, 4.4554602511974, 3.9991695062850234, 3.6833405435826867, 4.750116341733116, 2.4323400872410916, 2.943813316091902, 3.2447509550040974, 3.098373962258268, 4.397357890824899, 5.1955004051582945, 3.156877851612254, 3.8567779038985384, 5.1481204385678465, 2.4120524102929437, 4.988798093729591, 4.004676480066773, 2.7227946323584526, 3.671318374916564, 4.21169960229834, 3.583917060982299, 2.4281085375246305, 5.149051203862708, 4.447989473908408, 6.157866606220047, 4.870059360007843, 5.536789000856001, 4.102592631495357, 2.923833321172737, 3.615747885292889, 5.714389438076477, 5.837325986271454], [1.2294776980490538, 0.0, 1.3657573613200846, 2.4235091190255504, 3.517347418154766, 2.7809690487310355, 2.5361885359728285, 3.6816071612816055, 1.524343914607199, 2.563323157543738, 2.9881573402349484, 3.2651461743695336, 4.657063730506596, 5.673776023954417, 2.490566959549572, 3.074059552123218, 4.255072185051623, 2.024686973336866, 3.7793962282354046, 3.479421558247865, 2.8232136723953434, 3.12076540611434, 4.060099450752407, 3.6595133487937983, 2.987296620692361, 5.185147975709083, 4.7947599199542825, 6.63440703680442, 5.564387164818782, 5.9236397771978, 3.4424507621751106, 2.6979507148945476, 3.0013015110115147, 4.77620548343557, 4.961418702347142], [2.237180386111053, 1.3657573613200846, 0.0, 1.3574376523435616, 2.2550092172760623, 2.31195388794846, 2.778830408643176, 3.999791257053298, 2.468352134522139, 3.724993771806874, 3.9151540710424153, 4.611804259723086, 5.977720590659954, 7.03543023986451, 3.309026124103586, 3.3211033166705306, 4.312303868003738, 1.0108155667578533, 3.2097409085469812, 4.5107882625989, 3.738935020831467, 3.6963041500937126, 5.008556935884826, 4.970907697795243, 4.339397629856014, 6.448191927974849, 6.0482087430908, 7.983502864031553, 6.908917693097813, 7.282041068271999, 4.2755935377442045, 3.703506507352188, 3.0318000940035605, 4.962848251760274, 4.779810434525621], [3.4983935370395365, 2.4235091190255504, 1.3574376523435616, 0.0, 1.2265674257862875, 1.3564035461469424, 2.422253913197376, 3.502361434803667, 2.8940317862801717, 4.197463750885765, 4.307956130231598, 5.380757839747111, 6.684545054078101, 7.883347521199354, 3.755438063661815, 3.555734076108617, 4.175455303317232, 2.013271092029089, 2.0158684629707366, 4.7315945398987855, 4.384707161259461, 3.767210141470741, 5.345808112904914, 5.708615343496179, 5.3312233914928004, 6.968300649369255, 6.762119213678505, 8.78920658307677, 7.9015752030845094, 8.098759516123442, 4.529925286359588, 4.45174205115256, 3.480399599183979, 4.70076401768904, 4.5519951329060095], [4.4554602511974, 3.517347418154766, 2.2550092172760623, 1.2265674257862875, 0.0, 2.2559390306477702, 3.5187826602391916, 4.464816326569325, 4.117784631327869, 5.369544547724695, 5.304261280329241, 6.565032868158391, 7.837049815459896, 9.04868693402529, 4.936207763050498, 4.545516988198372, 5.010200540896541, 2.439928691580965, 2.4472246382381817, 5.889689120828026, 5.301842028955598, 4.643756886401355, 6.309836480448602, 6.925616022419955, 6.45887957311483, 8.12773641489437, 7.838429856163797, 9.93922359191099, 9.027351038926092, 9.300118440643647, 5.704392941409278, 5.614406575943712, 4.33602148288036, 5.573991853241266, 5.1749726318116895], [3.9991695062850234, 2.7809690487310355, 2.31195388794846, 1.3564035461469424, 2.2559390306477702, 0.0, 1.3651349164093634, 2.241253658111906, 2.4738560265302425, 3.6918081017300994, 3.971759768666781, 5.051971665597502, 6.275590182604342, 7.557251338945926, 3.3088954577018597, 3.2708851615426675, 3.6364829505993836, 3.206845342388685, 1.0103705854784175, 3.9301318056777688, 4.385016324941105, 3.3543395788142853, 4.902635566713071, 5.296443012060075, 5.2804558714186784, 6.355427973000716, 6.456019223949074, 8.419432727921757, 7.761126872432894, 7.696228046257464, 3.7984575079892626, 4.237388217994665, 3.6118894238334596, 3.8709401558277805, 4.185303225573985], [3.6833405435826867, 2.5361885359728285, 2.778830408643176, 2.422253913197376, 3.5187826602391916, 1.3651349164093634, 0.0, 1.2309721117880779, 1.5293127672258542, 2.5139724262608767, 3.0809330794420053, 3.9157054856053715, 5.072437195274082, 6.368941439517245, 2.4764223892543047, 2.996823838666531, 3.4757458321919916, 3.7761413996300512, 2.0251852211587957, 2.597243513804587, 3.716268037964969, 2.6789801585678084, 3.928094212210292, 4.1263104706262705, 4.342967228750408, 5.0618000849500175, 5.353350502255574, 7.204259383170486, 6.685366796967838, 6.471219273058208, 2.747483535892435, 3.442587110008983, 3.622666395074214, 3.47895116522207, 4.314011232020611], [4.750116341733116, 3.6816071612816055, 3.999791257053298, 3.502361434803667, 4.464816326569325, 2.241253658111906, 1.2309721117880779, 0.0, 2.433739065717605, 2.8543679755770808, 3.397193326850858, 4.275057439380201, 5.177409968314272, 6.522922823397499, 3.1313127901888054, 3.7405847163244412, 3.9014214396806715, 4.988189957289117, 2.419152339146917, 2.4369690867961373, 4.279548720367605, 2.942075330442781, 3.96277736694859, 4.424055915107765, 4.943863231320219, 4.902871554507624, 5.505017930942642, 7.2488570368024225, 7.02266374889187, 6.575577871183643, 2.9547466693440914, 4.13182751213068, 4.559644175810214, 3.5478174431613585, 4.779869944883438], [2.4323400872410916, 1.524343914607199, 2.468352134522139, 2.8940317862801717, 4.117784631327869, 2.4738560265302425, 1.5293127672258542, 2.433739065717605, 0.0, 1.5842147518565783, 2.5788456991452593, 2.6455253750436794, 4.015804997755742, 5.164021595617121, 1.5572543626524218, 2.608557858281085, 3.5776100304532914, 3.3775453468458423, 3.383408748584776, 2.1794180897661652, 2.971900995995661, 2.7276235095775223, 3.521420841081054, 2.862570449788092, 2.9093729032215863, 4.26296789103554, 4.372179641780517, 6.094961235315611, 5.343698420569784, 5.272593526908746, 2.178817156165244, 2.18968573772585, 3.0842540508200686, 3.7833116300405396, 4.502392702774825], [2.943813316091902, 2.563323157543738, 3.724993771806874, 4.197463750885765, 5.369544547724695, 3.6918081017300994, 2.5139724262608767, 2.8543679755770808, 1.5842147518565783, 0.0, 1.5410246720932148, 1.550980196520897, 2.584411008334394, 3.9225159043654623, 2.591756062981237, 3.9803831875838287, 4.878199566438421, 4.503924416550527, 4.458515127259298, 1.0995893915457715, 2.1942032927693824, 2.1960329892786223, 2.1858845943919363, 2.173564809247702, 2.1918727768736943, 2.7758170508879005, 2.8906772216904466, 4.733396824691544, 4.263114473011486, 4.200092522790421, 2.7402793105813137, 2.8705022644129716, 4.522584067764799, 4.854696663026435, 5.890128435781345], [3.2447509550040974, 2.9881573402349484, 3.9151540710424153, 4.307956130231598, 5.304261280329241, 3.971759768666781, 3.0809330794420053, 3.397193326850858, 2.5788456991452593, 1.5410246720932148, 0.0, 2.5545044157331187, 3.0317597497163256, 4.481979413161109, 3.954290390196451, 5.184194163030547, 6.088740169361803, 4.532665082487344, 4.625227144692464, 2.125596205773806, 1.0945909053157714, 1.0944509354009435, 1.0947244676173085, 3.4938184182925136, 2.869201970931987, 3.2672474317076143, 2.7493381603578713, 5.089174956709584, 4.734877393343993, 5.065399080033083, 4.213589512517801, 4.24663350078624, 5.589708240149928, 6.102588041970391, 7.03458958220023], [3.098373962258268, 3.2651461743695336, 4.611804259723086, 5.380757839747111, 6.565032868158391, 5.051971665597502, 3.9157054856053715, 4.275057439380201, 2.6455253750436794, 1.550980196520897, 2.5545044157331187, 0.0, 1.534053092301567, 2.5241248839944506, 3.021771990074698, 4.495017064483738, 5.512061184348374, 5.230847547004214, 5.894256135425402, 2.1239204081132605, 2.7714680983190116, 3.5151531261098716, 2.862483923098958, 1.095389560841256, 1.0944423328800836, 2.1683285798051917, 2.1732077328226125, 3.4754294597934225, 2.780354585300228, 2.7892042323931747, 3.133323556545031, 2.7235818915538412, 4.925772745468471, 5.545285361457966, 6.523448120434469], [4.397357890824899, 4.657063730506596, 5.977720590659954, 6.684545054078101, 7.837049815459896, 6.275590182604342, 5.072437195274082, 5.177409968314272, 4.015804997755742, 2.584411008334394, 3.0317597497163256, 1.534053092301567, 0.0, 1.5218760856258962, 4.461194132740695, 5.961601507984244, 6.886737347249422, 6.559831269933702, 7.027821541558949, 2.7610990076417035, 3.281306049426051, 4.07065840743239, 2.753896156357389, 2.134281462225636, 2.148692525700222, 1.0959365766320603, 1.095067148626056, 2.1601801822996154, 2.1696078977547995, 2.170349220747666, 4.354290856155569, 4.180743738857956, 6.448211388439432, 6.779612470488265, 7.931038873312878], [5.1955004051582945, 5.673776023954417, 7.03543023986451, 7.883347521199354, 9.04868693402529, 7.557251338945926, 6.368941439517245, 6.522922823397499, 5.164021595617121, 3.9225159043654623, 4.481979413161109, 2.5241248839944506, 1.5218760856258962, 0.0, 5.286848561288662, 6.726015969353626, 7.674424721762537, 7.531457729417327, 8.362803350551776, 4.119194126282469, 4.548457524260285, 5.547519893610116, 4.225443183856576, 2.668969849960842, 2.7718716077769545, 2.1467876373782295, 2.1363107311437632, 1.0944513054494478, 1.0946806337923403, 1.094677093941405, 5.163578127616546, 4.736894369732134, 7.133582791977675, 7.605689786600555, 8.685934715964654], [3.156877851612254, 2.490566959549572, 3.309026124103586, 3.755438063661815, 4.936207763050498, 3.3088954577018597, 2.4764223892543047, 3.1313127901888054, 1.5572543626524218, 2.591756062981237, 3.954290390196451, 3.021771990074698, 4.461194132740695, 5.286848561288662, 0.0, 1.510049909771197, 2.5147940551862296, 4.151796346161503, 4.1441906459524755, 2.880156901976002, 4.333436776970445, 4.229667019991054, 4.762999039470825, 2.639993304915753, 3.3169772112572615, 4.667279467741352, 5.114622536414589, 6.298271328705996, 5.4771827009877985, 5.079993126963854, 1.0987859618688254, 1.0975727948523506, 2.2317039812663326, 2.7737692297666006, 3.5032740201131856], [3.8567779038985384, 3.074059552123218, 3.3211033166705306, 3.555734076108617, 4.545516988198372, 3.2708851615426675, 2.996823838666531, 3.7405847163244412, 2.608557858281085, 3.9803831875838287, 5.184194163030547, 4.495017064483738, 5.961601507984244, 6.726015969353626, 1.510049909771197, 0.0, 1.3388633276029336, 4.077006562418069, 3.994469263869732, 4.248405596220775, 5.489469559984826, 5.253593304586872, 6.085241830856026, 4.079626534377871, 4.639134500098052, 6.1707022112560255, 6.587217840636516, 7.759951519178454, 6.837002665642307, 6.455765869360506, 2.1380252804866458, 2.0918999426358806, 1.0891382510957919, 2.1239080794610676, 2.113144772607878], [5.1481204385678465, 4.255072185051623, 4.312303868003738, 4.175455303317232, 5.010200540896541, 3.6364829505993836, 3.4757458321919916, 3.9014214396806715, 3.5776100304532914, 4.878199566438421, 6.088740169361803, 5.512061184348374, 6.886737347249422, 7.674424721762537, 2.5147940551862296, 1.3388633276029336, 0.0, 5.098443176107781, 4.069369411837662, 4.889878119135486, 6.543825026695014, 6.0266365528377435, 6.923531313571131, 5.007842738145838, 5.815308760504467, 6.92262290248429, 7.57050303018234, 8.665753623892153, 7.905941986885561, 7.305870191154508, 2.6339515504276076, 3.2229982407689897, 2.0928917458865377, 1.0867503301126713, 1.0863971373305434], [2.4120524102929437, 2.024686973336866, 1.0108155667578533, 2.013271092029089, 2.439928691580965, 3.206845342388685, 3.7761413996300512, 4.988189957289117, 3.3775453468458423, 4.503924416550527, 4.532665082487344, 5.230847547004214, 6.559831269933702, 7.531457729417327, 4.151796346161503, 4.077006562418069, 5.098443176107781, 0.0, 4.010433454129367, 5.380313700891427, 4.135076596630346, 4.350972946364985, 5.609575977736641, 5.641753636060334, 4.7740387346564335, 7.139674617936031, 6.53808228993793, 8.474292145660309, 7.271998904015319, 7.838022482106057, 5.173755259963501, 4.37183749697996, 3.5638356106868905, 5.843043277265709, 5.444768608490172], [4.988798093729591, 3.7793962282354046, 3.2097409085469812, 2.0158684629707366, 2.4472246382381817, 1.0103705854784175, 2.0251852211587957, 2.419152339146917, 3.383408748584776, 4.458515127259298, 4.625227144692464, 5.894256135425402, 7.027821541558949, 8.362803350551776, 4.1441906459524755, 3.994469263869732, 4.069369411837662, 4.010433454129367, 0.0, 4.523339590391152, 5.127032706156651, 3.8515339035246723, 5.453352842059644, 6.131221338363181, 6.204791307530013, 6.99588040492403, 7.1872348382392515, 9.178290005224284, 8.635580687481301, 8.494957609076105, 4.473758428882811, 5.137574504569253, 4.392126661424964, 4.158714490079837, 4.501358858167165], [4.004676480066773, 3.479421558247865, 4.5107882625989, 4.7315945398987855, 5.889689120828026, 3.9301318056777688, 2.597243513804587, 2.4369690867961373, 2.1794180897661652, 1.0995893915457715, 2.125596205773806, 2.1239204081132605, 2.7610990076417035, 4.119194126282469, 2.880156901976002, 4.248405596220775, 4.889878119135486, 5.380313700891427, 4.523339590391152, 0.0, 3.050229548738914, 2.5532534343460696, 2.3869011730693837, 2.441452602447977, 3.050332244198982, 2.504210112989723, 3.213956905436039, 4.812372305838358, 4.703493848194127, 4.261126258396952, 2.603175332166468, 3.3376888381033964, 4.995150754481791, 4.6215566316988905, 5.947962979037445], [2.7227946323584526, 2.8232136723953434, 3.738935020831467, 4.384707161259461, 5.301842028955598, 4.385016324941105, 3.716268037964969, 4.279548720367605, 2.971900995995661, 2.1942032927693824, 1.0945909053157714, 2.7714680983190116, 3.281306049426051, 4.548457524260285, 4.333436776970445, 5.489469559984826, 6.543825026695014, 4.135076596630346, 5.127032706156651, 3.050229548738914, 0.0, 1.7719111941629582, 1.768614788471475, 3.799599519686252, 2.6550237927370817, 3.8156224092538293, 2.8038880665960972, 5.176811509993385, 4.550050782134195, 5.247608740178711, 4.800706374066216, 4.433426298022783, 5.694592392788091, 6.7173802199964845, 7.429353259873972], [3.671318374916564, 3.12076540611434, 3.6963041500937126, 3.767210141470741, 4.643756886401355, 3.3543395788142853, 2.6789801585678084, 2.942075330442781, 2.7276235095775223, 2.1960329892786223, 1.0944509354009435, 3.5151531261098716, 4.07065840743239, 5.547519893610116, 4.229667019991054, 5.253593304586872, 6.0266365528377435, 4.350972946364985, 3.8515339035246723, 2.5532534343460696, 1.7719111941629582, 0.0, 1.753927281844946, 4.342482657420753, 3.837792123083271, 4.159749421539716, 3.7963800823942804, 6.135922317793796, 5.825352662285778, 6.0815619482169225, 4.502482960545215, 4.743608915161536, 5.671048534442286, 6.022033648195599, 6.907474619569731], [4.21169960229834, 4.060099450752407, 5.008556935884826, 5.345808112904914, 6.309836480448602, 4.902635566713071, 3.928094212210292, 3.96277736694859, 3.521420841081054, 2.1858845943919363, 1.0947244676173085, 2.862483923098958, 2.753896156357389, 4.225443183856576, 4.762999039470825, 6.085241830856026, 6.923531313571131, 5.609575977736641, 5.453352842059644, 2.3869011730693837, 1.768614788471475, 1.753927281844946, 0.0, 3.820076370964329, 3.329677703622379, 2.7951079442483073, 2.275890115976604, 4.6176992604542795, 4.622568769634476, 4.9068465779969115, 4.834101047764723, 5.009199018805302, 6.568954171708005, 6.8153644282606045, 7.913447004308552], [3.583917060982299, 3.6595133487937983, 4.970907697795243, 5.708615343496179, 6.925616022419955, 5.296443012060075, 4.1263104706262705, 4.424055915107765, 2.862570449788092, 2.173564809247702, 3.4938184182925136, 1.095389560841256, 2.134281462225636, 2.668969849960842, 2.639993304915753, 4.079626534377871, 5.007842738145838, 5.641753636060334, 6.131221338363181, 2.441452602447977, 3.799599519686252, 4.342482657420753, 3.820076370964329, 0.0, 1.7600044119262885, 2.5232577791418773, 3.0500700090325794, 3.686105470547472, 3.0030001048951034, 2.479152665730773, 2.5548235986071526, 2.1855623372487, 4.59137932543152, 4.9955813805802425, 6.021442867785096], [2.4281085375246305, 2.987296620692361, 4.339397629856014, 5.3312233914928004, 6.45887957311483, 5.2804558714186784, 4.342967228750408, 4.943863231320219, 2.9093729032215863, 2.1918727768736943, 2.869201970931987, 1.0944423328800836, 2.148692525700222, 2.7718716077769545, 3.3169772112572615, 4.639134500098052, 5.815308760504467, 4.7740387346564335, 6.204791307530013, 3.050332244198982, 2.6550237927370817, 3.837792123083271, 3.329677703622379, 1.7600044119262885, 0.0, 3.059092455288006, 2.4706195235203663, 3.762368282079786, 2.5796640207592927, 3.1623593391643525, 3.729659964393537, 2.790162006049111, 4.8280890816139665, 6.0401468508638105, 6.742949639438219], [5.149051203862708, 5.185147975709083, 6.448191927974849, 6.968300649369255, 8.12773641489437, 6.355427973000716, 5.0618000849500175, 4.902871554507624, 4.26296789103554, 2.7758170508879005, 3.2672474317076143, 2.1683285798051917, 1.0959365766320603, 2.1467876373782295, 4.667279467741352, 6.1707022112560255, 6.92262290248429, 7.139674617936031, 6.99588040492403, 2.504210112989723, 3.8156224092538293, 4.159749421539716, 2.7951079442483073, 2.5232577791418773, 3.059092455288006, 0.0, 1.7680403898101422, 2.4764468457853077, 3.0655075615630114, 2.5003323819044536, 4.319915249168669, 4.575846626581796, 6.811790476078958, 6.6447487002895755, 7.999634137259028], [4.447989473908408, 4.7947599199542825, 6.0482087430908, 6.762119213678505, 7.838429856163797, 6.456019223949074, 5.353350502255574, 5.505017930942642, 4.372179641780517, 2.8906772216904466, 2.7493381603578713, 2.1732077328226125, 1.095067148626056, 2.1363107311437632, 5.114622536414589, 6.587217840636516, 7.57050303018234, 6.53808228993793, 7.1872348382392515, 3.213956905436039, 2.8038880665960972, 3.7963800823942804, 2.275890115976604, 3.0500700090325794, 2.4706195235203663, 1.7680403898101422, 0.0, 2.4579718753476407, 2.4942260222361567, 3.0579661476216504, 5.140003861866254, 4.889245938792607, 6.995479235191826, 7.513986101264761, 8.596780315327361], [6.157866606220047, 6.63440703680442, 7.983502864031553, 8.78920658307677, 9.93922359191099, 8.419432727921757, 7.204259383170486, 7.2488570368024225, 6.094961235315611, 4.733396824691544, 5.089174956709584, 3.4754294597934225, 2.1601801822996154, 1.0944513054494478, 6.298271328705996, 7.759951519178454, 8.665753623892153, 8.474292145660309, 9.178290005224284, 4.812372305838358, 5.176811509993385, 6.135922317793796, 4.6176992604542795, 3.686105470547472, 3.762368282079786, 2.4764468457853077, 2.4579718753476407, 0.0, 1.7722777011518258, 1.7715422828710579, 6.10170368175971, 5.803918301458076, 8.202545393351993, 8.528566713698146, 9.695526432845202], [4.870059360007843, 5.564387164818782, 6.908917693097813, 7.9015752030845094, 9.027351038926092, 7.761126872432894, 6.685366796967838, 7.02266374889187, 5.343698420569784, 4.263114473011486, 4.734877393343993, 2.780354585300228, 2.1696078977547995, 1.0946806337923403, 5.4771827009877985, 6.837002665642307, 7.905941986885561, 7.271998904015319, 8.635580687481301, 4.703493848194127, 4.550050782134195, 5.825352662285778, 4.622568769634476, 3.0030001048951034, 2.5796640207592927, 3.0655075615630114, 2.4942260222361567, 1.7722777011518258, 0.0, 1.7749119217583726, 5.5547898187060145, 4.780011135970292, 7.080975972279528, 7.983221814530774, 8.861980299007666], [5.536789000856001, 5.9236397771978, 7.282041068271999, 8.098759516123442, 9.300118440643647, 7.696228046257464, 6.471219273058208, 6.575577871183643, 5.272593526908746, 4.200092522790421, 5.065399080033083, 2.7892042323931747, 2.170349220747666, 1.094677093941405, 5.079993126963854, 6.455765869360506, 7.305870191154508, 7.838022482106057, 8.494957609076105, 4.261126258396952, 5.247608740178711, 6.0815619482169225, 4.9068465779969115, 2.479152665730773, 3.1623593391643525, 2.5003323819044536, 3.0579661476216504, 1.7715422828710579, 1.7749119217583726, 0.0, 4.821263753415695, 4.477142196759, 6.919841654980264, 7.187044133021587, 8.302515398961932], [4.102592631495357, 3.4424507621751106, 4.2755935377442045, 4.529925286359588, 5.704392941409278, 3.7984575079892626, 2.747483535892435, 2.9547466693440914, 2.178817156165244, 2.7402793105813137, 4.213589512517801, 3.133323556545031, 4.354290856155569, 5.163578127616546, 1.0987859618688254, 2.1380252804866458, 2.6339515504276076, 5.173755259963501, 4.473758428882811, 2.603175332166468, 4