{"total energy": -24.05040887, "HOMO-LUMO gap/eV": 12.23968537, "electronic energy": -24.3482932, "dipole": [0.09179118, -0.26532166, -0.69817984], "partial charges": [-0.10343638, -0.01057132, -0.10418679, -0.05850728, -0.06535158, 0.08026425, -0.44345754, 0.03232915, 0.03232853, 0.0297832, 0.03842374, 0.03214608, 0.03286298, 0.03152355, 0.03914548, 0.02924495, 0.03380726, 0.02671733, 0.01466528, 0.04800369, 0.28426543], "atomic dipole moments": [[0.04815126, -0.05422537, 0.06616225], [-0.04113027, -0.06255123, -0.06903059], [0.06548682, 0.05856329, -0.04681981], [0.01097768, 0.11525517, -0.01551177], [-0.0109467, 0.02551027, 0.10763384], [0.04715761, -0.15885591, 0.11304688], [-0.0134772, 0.01167268, -0.23928564], [-0.09340472, 0.06554284, 0.0531056], [-0.05182566, -0.0657805, -0.09473639], [0.07526033, 0.08643378, -0.05108059], [0.04901591, 0.07416754, 0.0891516], [0.05608756, -0.07022895, 0.08807069], [-0.08790925, 0.0675136, 0.05964656], [-0.06083652, -0.07899233, -0.07730785], [0.05153616, -0.07637426, 0.08395379], [-0.04751153, -0.08030162, -0.07860288], [-0.04524799, 0.05631318, -0.102118], [0.07359954, -0.0832829, -0.04467444], [0.0914786, 0.04586584, -0.05395875], [-0.07213187, 0.09978842, 0.03878964], [0.0456295, -0.05395438, -0.03519441]], "atomic quadrupole moments": [[-0.02645068, -0.08452815, -0.01669433, 0.09048674, -0.13064222, 0.04314502], [0.04124976, -0.07381875, 0.01184082, -0.08541571, -0.13545135, -0.05309058], [0.03762938, 0.11962606, 0.00975554, -0.10439559, -0.09937818, -0.04738492], [0.09124179, 0.00798194, -0.01743512, -0.20756207, -0.00627182, -0.07380667], [0.01419939, 0.19819861, 0.00123623, 0.00313348, 0.05268567, -0.01543562], [-0.15843831, -0.03882532, -0.04291491, 0.29204648, -0.16566115, 0.20135321], [-0.06780752, -0.06420195, -0.03332127, 0.072533, -0.07913414, 0.10112879], [0.01822044, -0.04714364, -0.01956403, -0.04666134, 0.02202539, 0.00134359], [-0.03220694, 0.02371957, 0.01606786, 0.0363974, 0.05147457, 0.01613908], [0.02667915, 0.05175936, -0.00063248, -0.0250583, -0.0356942, -0.02604667], [-0.00249632, 0.01567079, 0.00323375, 0.0165933, 0.01371667, -0.00073743], [0.00230321, -0.02800591, -0.00972485, 0.04265538, -0.05007737, 0.00742164], [0.01106498, -0.04514918, 0.0157666, -0.04131568, 0.02959966, -0.02683158], [-0.02312692, 0.03575514, -0.00473577, 0.03063391, 0.04857277, 0.02786269], [0.00218327, -0.02479009, -0.02989535, 0.01865698, -0.03386054, 0.02771208], [0.00245338, 0.03075277, -0.01945284, 0.02151859, 0.03863264, 0.01699946], [-0.00324131, -0.01287165, -0.00227297, 0.0390788, -0.04086091, 0.00551428], [0.02130171, -0.03003246, 0.02374198, -0.02797451, 0.01756988, -0.04504369], [0.01578978, 0.01599849, -0.02985786, -0.0218709, -0.02738834, 0.01406808], [0.01209991, -0.03838168, -0.00708133, -0.01564039, 0.02275619, -0.00501858], [-0.00970989, -0.10368589, 0.03730857, -0.03655204, 0.03658809, -0.02759868]], "number of molecular orbitals": 42, "number of electrons": 44, "number of unpaired electrons": 0, "orbital energies/eV": [-18.53988239, -17.11611548, -16.7902006, -16.35283905, -15.86713364, -15.7104183, -15.00204283, -14.73320605, -14.38452943, -14.09075386, -13.72525626, -13.39961068, -13.2790144, -12.66012568, -12.53364546, -12.38551176, -12.26669906, -12.00046355, -11.58107955, -11.488507, -11.30276693, -11.04574516, 1.19394021, 1.92816942, 2.30166053, 2.73649459, 2.92348509, 3.24086544, 3.68734636, 3.97565927, 4.41344191, 4.68778862, 5.30479133, 5.47012693, 5.80232565, 6.08012447, 6.37103781, 6.85814309, 7.13234572, 7.4996856, 7.61233163, 8.20894426], "fractional occupation": [2.0, 2.0, 2.0, 2.0, 2.0, 2.0, 2.0, 2.0, 2.0, 2.0, 2.0, 2.0, 2.0, 2.0, 2.0, 2.0, 2.0, 2.0, 2.0, 2.0, 2.0, 2.0, 0.0, 0.0, 0.0, 0.0, 0.0, 0.0, 0.0, 0.0, 0.0, 0.0, 0.0, 0.0, 0.0, 0.0, 0.0, 0.0, 0.0, 0.0, 0.0, 0.0], "program call": "xtb /home/svss/Project-DBcg-Debug/aqme2_20220329/End-to-End-workflows-final/example-3/QDESCP/mol_995_rdkit_conf_11/mol_995_rdkit_conf_11.xyz --pop --wbo --acc 0.2 --gfn 2 --chrg 0 --uhf 0 --etemp 300 --input /home/svss/Project-DBcg-Debug/aqme2_20220329/End-to-End-workflows-final/example-3/QDESCP/mol_995_rdkit_conf_11/mol_995_rdkit_conf_11_xtb.inp", "method": "GFN2-xTB", "xtb version": "6.3.3 (7355c4f)", "Dipole module/D": 1.913, "Total charge": 0, "Transition dipole module/D": NaN, "HOMO": -11.0457, "LUMO": 1.1939, "HOMO occupancy": 2.0, "LUMO occupancy": 0, "mulliken charges": [-0.09292, -0.00137, -0.08992, -0.04739, -0.06881, 0.19486, -0.56448, 0.02974, 0.02657, 0.02528, 0.02802, 0.03035, 0.02869, 0.02543, 0.03145, 0.02179, 0.02588, 0.02285, 0.01035, 0.0297, 0.33393], "cm5 charges": [-0.24139, -0.0757, -0.23846, -0.15491, -0.17731, 0.10767, -0.77945, 0.08119, 0.07852, 0.07743, 0.0876, 0.08176, 0.08006, 0.07726, 0.08913, 0.07721, 0.08137, 0.07931, 0.07243, 0.09301, 0.50328], "FUKUI+": [0.025, -0.02, 0.006, -0.02, -0.002, -0.009, -0.111, -0.048, -0.038, -0.032, -0.04, -0.044, -0.075, -0.047, -0.047, -0.064, -0.094, -0.066, -0.101, -0.074, -0.098], "FUKUI-": [0.026, -0.01, 0.024, 0.006, 0.007, 0.011, -0.11, -0.064, -0.077, -0.041, -0.11, -0.049, -0.069, -0.082, -0.045, -0.09, -0.053, -0.065, -0.1, -0.055, -0.053], "FUKUIrad": [0.025, -0.015, 0.015, -0.007, 0.002, 0.001, -0.11, -0.056, -0.057, -0.036, -0.075, -0.046, -0.072, -0.065, -0.046, -0.077, -0.074, -0.066, -0.101, -0.064, -0.076], "s proportion": [1.012, 1.052, 1.013, 1.034, 1.037, 0.99, 1.695, 0.97, 0.973, 0.975, 0.972, 0.97, 0.971, 0.975, 0.969, 0.978, 0.974, 0.977, 0.99, 0.97, 0.666], "p proportion": [3.081, 2.949, 3.077, 3.013, 3.031, 2.815, 4.87, 0.0, 0.0, 0.0, 0.0, 0.0, 0.0, 0.0, 0.0, 0.0, 0.0, 0.0, 0.0, 0.0, 0.0], "d proportion": [0.0, 0.0, 0.0, 0.0, 0.0, 0.0, 0.0, 0.0, 0.0, 0.0, 0.0, 0.0, 0.0, 0.0, 0.0, 0.0, 0.0, 0.0, 0.0, 0.0, 0.0], "Fermi-level/eV": -4.9259, "Coordination numbers": [3.752, 3.847, 3.753, 3.801, 3.798, 3.673, 1.653, 0.924, 0.924, 0.924, 0.924, 0.924, 0.924, 0.924, 0.924, 0.923, 0.924, 0.924, 0.924, 0.924, 0.804], "Dispersion coefficient C6": [22.537, 20.732, 22.549, 21.627, 21.756, 19.467, 21.712, 2.554, 2.554, 2.59, 2.47, 2.556, 2.546, 2.565, 2.46, 2.597, 2.533, 2.634, 2.816, 2.345, 0.77], "Total dispersion C6": 2913.778308, "Total dispersion C8": 60101.144489, "Polarizability alpha": [6.77, 6.477, 6.771, 6.621, 6.641, 6.323, 6.29, 2.499, 2.499, 2.517, 2.458, 2.5, 2.495, 2.505, 2.453, 2.52, 2.489, 2.538, 2.624, 2.395, 1.379], "Total polarizability alpha": 79.764706, "Wiberg matrix": [[0.0, 1.0099252200805175, 0.0, 0.0, 0.0, 0.0, 0.0, 0.9860756995904681, 0.9868582923806306, 0.9850723190970223, 0.0, 0.0, 0.0, 0.0, 0.0, 0.0, 0.0, 0.0, 0.0, 0.0, 0.0], [1.0099252200805175, 0.0, 1.0078986444144629, 0.9963107042975832, 0.0, 0.0, 0.0, 0.0, 0.0, 0.0, 0.967030533337768, 0.0, 0.0, 0.0, 0.0, 0.0, 0.0, 0.0, 0.0, 0.0, 0.0], [0.0, 1.0078986444144629, 0.0, 0.0, 0.0, 0.0, 0.0, 0.0, 0.0, 0.0, 0.0, 0.9868229364256049, 0.9865558800627902, 0.9870457811881508, 0.0, 0.0, 0.0, 0.0, 0.0, 0.0, 0.0], [0.0, 0.9963107042975832, 0.0, 0.0, 1.00600307234626, 0.0, 0.0, 0.0, 0.0, 0.0, 0.0, 0.0, 0.0, 0.0, 0.9758473872337716, 0.9761899147591431, 0.0, 0.0, 0.0, 0.0, 0.0], [0.0, 0.0, 0.0, 1.00600307234626, 0.0, 1.0015813996611147, 0.0, 0.0, 0.0, 0.0, 0.0, 0.0, 0.0, 0.0, 0.0, 0.0, 0.9741554822937396, 0.9753646423482893, 0.0, 0.0, 0.0], [0.0, 0.0, 0.0, 0.0, 1.0015813996611147, 0.0, 0.9951176914980568, 0.0, 0.0, 0.0, 0.0, 0.0, 0.0, 0.0, 0.0, 0.0, 0.0, 0.0, 0.9723180226899697, 0.9709059501458706, 0.0], [0.0, 0.0, 0.0, 0.0, 0.0, 0.9951176914980568, 0.0, 0.0, 0.0, 0.0, 0.0, 0.0, 0.0, 0.0, 0.0, 0.0, 0.0, 0.0, 0.0, 0.0, 0.9043755917798831], [0.9860756995904681, 0.0, 0.0, 0.0, 0.0, 0.0, 0.0, 0.0, 0.0, 0.0, 0.0, 0.0, 0.0, 0.0, 0.0, 0.0, 0.0, 0.0, 0.0, 0.0, 0.0], [0.9868582923806306, 0.0, 0.0, 0.0, 0.0, 0.0, 0.0, 0.0, 0.0, 0.0, 0.0, 0.0, 0.0, 0.0, 0.0, 0.0, 0.0, 0.0, 0.0, 0.0, 0.0], [0.9850723190970223, 0.0, 0.0, 0.0, 0.0, 0.0, 0.0, 0.0, 0.0, 0.0, 0.0, 0.0, 0.0, 0.0, 0.0, 0.0, 0.0, 0.0, 0.0, 0.0, 0.0], [0.0, 0.967030533337768, 0.0, 0.0, 0.0, 0.0, 0.0, 0.0, 0.0, 0.0, 0.0, 0.0, 0.0, 0.0, 0.0, 0.0, 0.0, 0.0, 0.0, 0.0, 0.0], [0.0, 0.0, 0.9868229364256049, 0.0, 0.0, 0.0, 0.0, 0.0, 0.0, 0.0, 0.0, 0.0, 0.0, 0.0, 0.0, 0.0, 0.0, 0.0, 0.0, 0.0, 0.0], [0.0, 0.0, 0.9865558800627902, 0.0, 0.0, 0.0, 0.0, 0.0, 0.0, 0.0, 0.0, 0.0, 0.0, 0.0, 0.0, 0.0, 0.0, 0.0, 0.0, 0.0, 0.0], [0.0, 0.0, 0.9870457811881508, 0.0, 0.0, 0.0, 0.0, 0.0, 0.0, 0.0, 0.0, 0.0, 0.0, 0.0, 0.0, 0.0, 0.0, 0.0, 0.0, 0.0, 0.0], [0.0, 0.0, 0.0, 0.9758473872337716, 0.0, 0.0, 0.0, 0.0, 0.0, 0.0, 0.0, 0.0, 0.0, 0.0, 0.0, 0.0, 0.0, 0.0, 0.0, 0.0, 0.0], [0.0, 0.0, 0.0, 0.9761899147591431, 0.0, 0.0, 0.0, 0.0, 0.0, 0.0, 0.0, 0.0, 0.0, 0.0, 0.0, 0.0, 0.0, 0.0, 0.0, 0.0, 0.0], [0.0, 0.0, 0.0, 0.0, 0.9741554822937396, 0.0, 0.0, 0.0, 0.0, 0.0, 0.0, 0.0, 0.0, 0.0, 0.0, 0.0, 0.0, 0.0, 0.0, 0.0, 0.0], [0.0, 0.0, 0.0, 0.0, 0.9753646423482893, 0.0, 0.0, 0.0, 0.0, 0.0, 0.0, 0.0, 0.0, 0.0, 0.0, 0.0, 0.0, 0.0, 0.0, 0.0, 0.0], [0.0, 0.0, 0.0, 0.0, 0.0, 0.9723180226899697, 0.0, 0.0, 0.0, 0.0, 0.0, 0.0, 0.0, 0.0, 0.0, 0.0, 0.0, 0.0, 0.0, 0.0, 0.0], [0.0, 0.0, 0.0, 0.0, 0.0, 0.9709059501458706, 0.0, 0.0, 0.0, 0.0, 0.0, 0.0, 0.0, 0.0, 0.0, 0.0, 0.0, 0.0, 0.0, 0.0, 0.0], [0.0, 0.0, 0.0, 0.0, 0.0, 0.0, 0.9043755917798831, 0.0, 0.0, 0.0, 0.0, 0.0, 0.0, 0.0, 0.0, 0.0, 0.0, 0.0, 0.0, 0.0, 0.0]], "Born radii": [], "Atomic SASAs": [], "Solvent H bonds": [], "Total SASA": NaN, "Total FOD": 0.0, "FOD": [0.0, 0.0, 0.0, 0.0, 0.0, 0.0, 0.0, 0.0, 0.0, 0.0, 0.0, 0.0, 0.0, 0.0, 0.0, 0.0, 0.0, 0.0, 0.0, 0.0, 0.0], "FOD s proportion": [0.0, 0.0, 0.0, 0.0, 0.0, 0.0, 0.0, 0.0, 0.0, 0.0, 0.0, 0.0, 0.0, 0.0, 0.0, 0.0, 0.0, 0.0, 0.0, 0.0, 0.0], "FOD p proportion": [0.0, 0.0, 0.0, 0.0, 0.0, 0.0, 0.0, 0.0, 0.0, 0.0, 0.0, 0.0, 0.0, 0.0, 0.0, 0.0, 0.0, 0.0, 0.0, 0.0, 0.0], "FOD d proportion": [0.0, 0.0, 0.0, 0.0, 0.0, 0.0, 0.0, 0.0, 0.0, 0.0, 0.0, 0.0, 0.0, 0.0, 0.0, 0.0, 0.0, 0.0, 0.0, 0.0, 0.0], "coordinates": [["-1.63800", "0.88980", "-0.58110"], ["-0.90700", "0.00910", "0.43280"], ["-1.91370", "-0.88720", "1.15970"], ["0.18330", "-0.85940", "-0.22230"], ["1.28780", "-0.09400", "-0.96310"], ["2.06500", "0.89230", "-0.09790"], ["2.63640", "0.24170", "1.02780"], ["-2.44920", "1.44580", "-0.09860"], ["-2.07320", "0.28960", "-1.38730"], ["-0.96340", "1.62560", "-1.02910"], ["-0.44610", "0.65940", "1.18550"], ["-1.41340", "-1.49910", "1.91770"], ["-2.67490", "-0.28530", "1.66740"], ["-2.42380", "-1.56030", "0.46210"], ["0.64700", "-1.48970", "0.54750"], ["-0.28590", "-1.55010", "-0.93530"], ["0.87110", "0.43030", "-1.82980"], ["1.99060", "-0.83890", "-1.35790"], ["2.87440", "1.34810", "-0.67750"], ["1.42280", "1.70110", "0.26170"], ["3.21030", "-0.46910", "0.69500"]], "bond_dist": [[0.0, 1.5290476447776244, 2.5028232318723593, 2.550602236727632, 3.1103202536073353, 3.734393858446107, 4.612926205783049, 1.0954394962753533, 1.095261393458201, 1.094162145205179, 2.1434983858169803, 3.46428777817317, 2.7407615492778645, 2.7764613971744683, 3.4866865660681348, 2.811893323012095, 2.8400659763463243, 4.093722009369957, 4.5366381396360005, 3.2767386484124725, 5.194328956660331], [1.5290476447776244, 0.0, 1.5313987690996749, 1.5401955557655658, 2.6031353134249473, 3.145547445199325, 3.6005293110874685, 2.1736774576739757, 2.179785929856416, 2.1802304511220827, 1.0963011401982576, 2.1762436007947272, 2.176322340555277, 2.1827865424727175, 2.1620530821420645, 2.165310014755393, 2.9083341984716955, 3.510241622737671, 4.162291802601063, 2.884459611435043, 4.153261774798213], [2.5028232318723593, 1.5313987690996749, 0.0, 2.5115942825225575, 3.922377892299517, 4.536323588546126, 4.689906484142302, 2.7042500143292965, 2.810250431901043, 3.465267575527177, 2.132249272481996, 1.0951190346259168, 1.0952024196467063, 1.0954046649526374, 2.700921987025912, 2.7346287225142647, 4.292787851734581, 4.645880017822242, 5.594441128477446, 4.317167258747338, 5.16198892869793], [2.550602236727632, 1.5401955557655658, 2.5115942825225575, 0.0, 1.5344517098951014, 2.5738537526440775, 2.9652775300130005, 3.5013290305254086, 2.7873317438008702, 2.8532564080362635, 2.1644395671859264, 2.7455904610848285, 3.474171000397073, 2.7850735322429103, 1.0976738222258924, 1.0979909516931368, 2.172659931972788, 2.134558713177035, 3.5103108836682826, 2.885615445619877, 3.186926792381651], [3.1103202536073353, 2.6031353134249473, 3.922377892299517, 1.5344517098951014, 0.0, 1.524925758848607, 2.4279825493606824, 4.133220692147953, 3.409313068640074, 2.8335987012984036, 2.861905436942318, 4.19163405964786, 4.760159370231211, 4.237594280957062, 2.154185574643002, 2.144185565663569, 1.09530738607936, 1.0975750042707788, 2.1629885182311996, 2.177324975744319, 2.5663206872875417], [3.734393858446107, 3.145547445199325, 4.536323588546126, 2.5738537526440775, 1.524925758848607, 0.0, 1.4202037917144146, 4.548006638077829, 4.376128299078992, 3.2520868515462498, 2.8296609655575344, 4.677681464144389, 5.193233853775507, 5.145694530381686, 2.8462588006012384, 3.4918887911845076, 2.1536756533888757, 2.1424725902564075, 1.0949055484378551, 1.093567757388631, 1.9477711518553713], [4.612926205783049, 3.6005293110874685, 4.689906484142302, 2.9652775300130005, 2.4279825493606824, 1.4202037917144146, 0.0, 5.346209978105985, 5.292951405407006, 4.370878271011445, 3.1146667285602163, 4.497019756460939, 5.375567397959029, 5.401189177394178, 2.6806988659676043, 3.9502083666561187, 3.3641836766145814, 2.6974651971804935, 2.0466589969997444, 2.0468469727852154, 0.9722930062486309], [1.0954394962753533, 2.1736774576739757, 2.7042500143292965, 3.5013290305254086, 4.133220692147953, 4.548006638077829, 5.346209978105985, 0.0, 1.7717003499463446, 1.7623166372703853, 2.5059424135442536, 3.716286229557675, 2.483224456226219, 3.058049518892721, 4.31521261353366, 3.7888455484487618, 3.8797790890719535, 5.14951595977719, 5.355874107930469, 3.8970986874853453, 6.027153824152823], [1.095261393458201, 2.179785929856416, 2.810250431901043, 2.7873317438008702, 3.409313068640074, 4.376128299078992, 5.292951405407006, 1.7717003499463446, 0.0, 1.7733751097836012, 3.0665137028880207, 3.815469660474317, 3.166029846669169, 2.63919130227424, 3.7827037380688435, 2.6044656611289767, 2.9806887173940186, 4.2176826635013684, 5.109107950513475, 4.115039398353313, 5.729482631965996], [1.094162145205179, 2.1802304511220827, 3.465267575527177, 2.8532564080362635, 2.8335987012984036, 3.2520868515462498, 4.370878271011445, 1.7623166372703853, 1.7733751097836012, 0.0, 2.4709501998219228, 4.31855072101741, 3.7218118316217974, 3.8087274003267813, 3.845016230134796, 3.248518920985377, 2.331362869653714, 3.86108607648159, 3.863850107082313, 2.714003561161997, 4.97795747169459], [2.1434983858169803, 1.0963011401982576, 2.132249272481996, 2.1644395671859264, 2.861905436942318, 2.8296609655575344, 3.1146667285602163, 2.5059424135442536, 3.0665137028880207, 2.4709501998219228, 0.0, 2.4760671194456747, 2.4682453565235365, 3.0596851047125746, 2.4941015255999504, 3.066813807520763, 3.2984142765880695, 3.827700790291739, 3.8692114106106943, 2.3305219458310193, 3.8578962479569094], [3.46428777817317, 2.1762436007947272, 1.0951190346259168, 2.7455904610848285, 4.19163405964786, 4.677681464144389, 4.497019756460939, 3.716286229557675, 3.815469660474317, 4.31855072101741, 2.4760671194456747, 0.0, 1.7684294670695804, 1.772970659655709, 2.4744261072014253, 3.068137260619218, 4.794296701289982, 4.769972264070306, 5.764272696533363, 4.5855911810801455, 4.892289543761694], [2.7407615492778645, 2.176322340555277, 1.0952024196467063, 3.474171000397073, 4.760159370231211, 5.193233853775507, 5.375567397959029, 2.483224456226219, 3.166029846669169, 3.7218118316217974, 2.4682453565235365, 1.7684294670695804, 0.0, 1.7724063585983887, 3.706720245715881, 3.75247749227094, 5.031561109635856, 5.588005306010366, 6.2418973125164445, 4.765807669220401, 5.9678239953939665], [2.7764613971744683, 2.1827865424727175, 1.0954046649526374, 2.7850735322429103, 4.237594280957062, 5.145694530381686, 5.401189177394178, 3.058049518892721, 2.63919130227424, 3.8087274003267813, 3.0596851047125746, 1.772970659655709, 1.7724063585983887, 0.0, 3.072798424888948, 2.5541039935758296, 4.480140620560921, 4.829052217568163, 6.150479815429036, 5.047100323948396, 5.743521799384068], [3.4866865660681348, 2.1620530821420645, 2.700921987025912, 1.0976738222258924, 2.154185574643002, 2.8462588006012384, 2.6806988659676043, 4.31521261353366, 3.7827037380688435, 3.845016230134796, 2.4941015255999504, 2.4744261072014253, 3.706720245715881, 3.072798424888948, 0.0, 1.7528965770974627, 3.064013071120944, 2.420609584381587, 3.8098614935454016, 3.2961723134569287, 2.762949058524243], [2.811893323012095, 2.165310014755393, 2.7346287225142647, 1.0979909516931368, 2.144185565663569, 3.4918887911845076, 3.9502083666561187, 3.7888455484487618, 2.6044656611289767, 3.248518920985377, 3.066813807520763, 3.068137260619218, 3.75247749227094, 2.5541039935758296, 1.7528965770974627, 0.0, 2.4618617771922127, 2.4221578086491395, 4.29575606500183, 3.862999628527034, 4.006226844550867], [2.8400659763463243, 2.9083341984716955, 4.292787851734581, 2.172659931972788, 1.09530738607936, 2.1536756533888757, 3.3641836766145814, 3.8797790890719535, 2.9806887173940186, 2.331362869653714, 3.2984142765880695, 4.794296701289982, 5.031561109635856, 4.480140620560921, 3.064013071120944, 2.4618617771922127, 0.0, 1.7569400957346268, 2.4866368894553146, 2.5087203471092585, 3.5574417830795206], [4.093722009369957, 3.510241622737671, 4.645880017822242, 2.134558713177035, 1.0975750042707788, 2.1424725902564075, 2.6974651971804935, 5.14951595977719, 4.2176826635013684, 3.86108607648159, 3.827700790291739, 4.769972264070306, 5.588005306010366, 4.829052217568163, 2.420609584381587, 2.4221578086491395, 1.7569400957346268, 0.0, 2.454998085538969, 3.065469132123173, 2.416364736541237], [4.5366381396360005, 4.162291802601063, 5.594441128477446, 3.5103108836682826, 2.1629885182311996, 1.0949055484378551, 2.0466589969997444, 5.355874107930469, 5.109107950513475, 3.863850107082313, 3.8692114106106943, 5.764272696533363, 6.2418973125164445, 6.150479815429036, 3.8098614935454016, 4.29575606500183, 2.4866368894553146, 2.454998085538969, 0.0, 1.7646099285677843, 2.3019124440343077], [3.2767386484124725, 2.884459611435043, 4.317167258747338, 2.885615445619877, 2.177324975744319, 1.093567757388631, 2.0468469727852154, 3.8970986874853453, 4.115039398353313, 2.714003561161997, 2.3305219458310193, 4.5855911810801455, 4.765807669220401, 5.047100323948396, 3.2961723134569287, 3.862999628527034, 2.5087203471092585, 3.065469132123173, 1.7646099285677843, 0.0, 2.8447624118720354], [5.194328956660331, 4.153261774798213, 5.16198892869793, 3.186926792381651, 2.5663206872875417, 1.9477711518553713, 0.9722930062486309, 6.027153824152823, 5.729482631965996, 4.97795747169459, 3.8578962479569094, 4.892289543761694, 5.9678239953939665, 5.743521799384068, 2.762949058524243, 4.006226844550867, 3.5574417830795206, 2.416364736541237, 2.3019124440343077, 2.8447624118720354, 0.0]]}