{"total energy": -35.68116121, "HOMO-LUMO gap/eV": 3.84832352, "electronic energy": -36.15988916, "dipole": [0.4920119, 0.18897574, -1.16825501], "partial charges": [-0.09962338, -0.05113984, -0.05715438, -0.05763209, -0.05805946, -0.05715442, -0.0528467, -0.08334281, 0.23495193, -0.36441373, -0.13638329, 0.02918467, 0.03370389, 0.03370753, 0.02780551, 0.02666467, 0.03070657, 0.02577529, 0.02744027, 0.03473845, 0.03283108, 0.02604978, 0.02434758, 0.04125033, 0.029907, 0.05033173, 0.05902906, 0.05420304, 0.06280864, 0.06382077, 0.06849232], "atomic dipole moments": [[0.00097815, -0.06123495, -0.08106611], [0.08084739, 0.00247551, 0.07583711], [0.0066974, 0.10881842, -0.00988772], [-0.00608506, -0.11262875, 2.978e-05], [0.01146912, 0.10929992, -0.00399351], [-0.00334667, -0.11569374, -0.00359833], [0.03103785, 0.12124573, -0.00989183], [-0.04133797, -0.00940426, 0.07580778], [-0.00609149, 0.00331218, 0.01453969], [0.06422824, 0.02642484, -0.14735226], [-0.05913344, -0.05235967, -0.00661454], [-0.10781773, 0.06168151, 0.00298797], [0.0907436, 0.08759425, -0.00395654], [0.00945479, -0.063922, 0.10867957], [-0.01120679, 0.06747073, -0.10301699], [-0.09891152, -0.06906736, 0.00228248], [0.00551905, -0.07160307, 0.10179305], [-0.01715996, -0.07896439, -0.09059269], [-0.00748107, 0.0733452, -0.09944818], [0.02155079, 0.07587049, 0.09687047], [0.00791397, -0.07428567, 0.10024243], [-0.01864524, -0.0752982, -0.09548322], [-0.00886322, 0.07258684, -0.0980419], [0.01674357, 0.07918909, 0.0982864], [-0.01811303, -0.07211901, -0.09531159], [0.00526115, -0.08061569, 0.10127353], [0.08547652, -0.08978836, -0.04040058], [-0.0159783, 0.0903862, -0.09318606], [-0.03635714, 0.10262211, -0.07907784], [0.10548773, -0.07150087, -0.04569836], [0.03424937, 0.05166539, 0.11793586]], "atomic quadrupole moments": [[-0.10105744, -0.01181523, 0.00291959, 0.0007986, 0.16964922, 0.09813785], [-0.00061678, -0.14666767, 0.01303554, -0.00275253, 0.16156908, -0.01241875], [0.22108138, -0.02130541, -0.00398102, -0.04071102, -0.00561903, -0.21710036], [0.21431614, -0.02139304, 0.01856996, -0.06607248, -0.00250814, -0.2328861], [0.22411111, -0.01275107, 0.01019986, -0.06265849, 0.00450582, -0.23431097], [0.21994403, -0.02149075, 0.01391154, -0.06386187, -0.00932034, -0.23385557], [0.23009976, 0.00673175, -0.00549587, -0.06838658, 0.01149856, -0.22460389], [0.05582906, 0.172768, -0.09132732, 0.00595526, 0.08144969, 0.03549826], [0.06780752, -0.44457865, 0.25237458, 0.07896843, -0.09205129, -0.3201821], [0.02853338, -0.19527965, 0.10628328, 0.02990039, -0.04041201, -0.13481666], [0.08154892, 0.16874601, -0.00880055, -0.05865185, -0.03889312, -0.07274837], [0.05503519, -0.05240944, -0.0161591, 0.009321, 0.01150249, -0.03887609], [0.03097371, 0.06184163, -0.00183434, -0.01722799, -0.00105956, -0.02913937], [-0.05153417, -0.00715346, 0.01172146, 0.01205183, -0.05242471, 0.03981272], [-0.04040071, -0.00451329, 0.00922648, -0.01234717, -0.03636769, 0.03117424], [0.02639468, 0.03692181, 0.01156281, -0.01949507, 0.00901128, -0.03795748], [-0.01522608, -0.00119155, -0.02508689, 0.00611517, -0.0387207, 0.04031297], [-0.01174449, 0.0029917, -0.01321203, 0.00309785, 0.04938541, 0.02495652], [-0.02020476, -0.00569163, -0.01550042, 0.00530357, -0.04044551, 0.03570518], [-0.0179777, 0.00384271, -0.01292805, 0.00673835, 0.04043541, 0.03090575], [-0.01960204, -0.00499825, -0.01526374, 0.00465861, -0.03838334, 0.03486578], [-0.01844929, 0.00610627, -0.01340821, 0.01002746, 0.04121788, 0.0318575], [-0.02187366, -0.00550337, -0.0152461, 0.00340345, -0.04065402, 0.03711976], [-0.01558298, 0.00808151, -0.01509503, 0.01237252, 0.03719269, 0.03067801], [-0.00904501, 0.00450185, -0.01898699, 0.01267536, 0.04738158, 0.02803199], [-0.0161532, -0.00796695, -0.01730606, 0.00559885, -0.0369876, 0.03345926], [0.03366875, -0.02991143, 0.01680074, -0.02121194, 0.02735786, -0.05046949], [-0.0145986, 0.01099478, 0.01175614, 0.02162823, -0.05457328, 0.00284246], [-0.04150259, -0.01478382, 0.02269957, 0.03245378, -0.05708456, 0.01880302], [0.02949554, -0.04554356, -0.0106089, -0.0370279, 0.04024852, -0.01888664], [-0.03106389, 0.01920131, -0.02638987, 0.02170539, 0.03717798, 0.05745377]], "number of molecular orbitals": 64, "number of electrons": 66, "number of unpaired electrons": 0, "orbital energies/eV": [-19.07933554, -17.42354732, -17.08878751, -16.8464743, -16.6634699, -16.29690432, -15.8826146, -15.54861766, -15.22869628, -15.11640187, -14.84636785, -14.68786013, -14.64899795, -14.01750712, -13.98183801, -13.61344792, -13.57509305, -13.52723047, -13.12776515, -13.03305932, -12.97427917, -12.81172239, -12.70614465, -12.41134311, -12.28537288, -12.03704435, -11.8844806, -11.80457334, -11.48098898, -11.46906328, -11.29522771, -11.21744581, -10.72092427, -6.87260075, 1.24649982, 1.69973665, 2.69867574, 2.88536882, 2.98666785, 3.31413624, 3.51316563, 3.6238917, 3.69690444, 3.87368944, 4.08359189, 4.29880732, 4.48643049, 4.63589244, 4.82611394, 5.08876797, 5.25924765, 5.58634639, 5.67398824, 5.78759088, 6.28791584, 6.54228776, 6.77456069, 7.13151474, 7.24999752, 7.42904778, 7.95430318, 8.02768453, 8.57599105, 15.16745735], "fractional occupation": [2.0, 2.0, 2.0, 2.0, 2.0, 2.0, 2.0, 2.0, 2.0, 2.0, 2.0, 2.0, 2.0, 2.0, 2.0, 2.0, 2.0, 2.0, 2.0, 2.0, 2.0, 2.0, 2.0, 2.0, 2.0, 2.0, 2.0, 2.0, 2.0, 2.0, 2.0, 2.0, 2.0, 0.0, 0.0, 0.0, 0.0, 0.0, 0.0, 0.0, 0.0, 0.0, 0.0, 0.0, 0.0, 0.0, 0.0, 0.0, 0.0, 0.0, 0.0, 0.0, 0.0, 0.0, 0.0, 0.0, 0.0, 0.0, 0.0, 0.0, 0.0, 0.0, 0.0, 0.0], "program call": "xtb /home/svss/Project-DBcg-Debug/aqme2_20220329/End-to-End-workflows-final/example-3/QDESCP/mol_245_rdkit_conf_10/mol_245_rdkit_conf_10.xyz --pop --wbo --acc 0.2 --gfn 2 --chrg 0 --uhf 0 --etemp 300 --input /home/svss/Project-DBcg-Debug/aqme2_20220329/End-to-End-workflows-final/example-3/QDESCP/mol_245_rdkit_conf_10/mol_245_rdkit_conf_10_xtb.inp", "method": "GFN2-xTB", "xtb version": "6.3.3 (7355c4f)", "Dipole module/D": 3.258, "Total charge": 0, "Transition dipole module/D": NaN, "HOMO": -10.7209, "LUMO": -6.8726, "HOMO occupancy": 2.0, "LUMO occupancy": 0, "mulliken charges": [-0.08493, -0.03873, -0.0468, -0.04624, -0.04437, -0.04662, -0.03246, -0.08489, 0.39773, -0.49366, -0.12673, 0.0273, 0.02722, 0.02779, 0.02145, 0.02271, 0.02398, 0.02219, 0.02094, 0.02608, 0.02729, 0.01958, 0.017, 0.03734, 0.02248, 0.0425, 0.05128, 0.04089, 0.05198, 0.0534, 0.06427], "cm5 charges": [-0.23539, -0.15113, -0.15732, -0.15706, -0.15518, -0.15664, -0.1409, -0.18705, 0.41282, -0.54544, -0.26851, 0.07807, 0.07897, 0.07921, 0.07606, 0.07693, 0.07917, 0.07711, 0.07641, 0.08204, 0.08269, 0.07493, 0.07251, 0.09547, 0.07748, 0.10054, 0.10733, 0.09738, 0.10454, 0.10601, 0.11895], "FUKUI+": [0.003, 0.003, 0.002, 0.002, 0.005, 0.007, 0.022, 0.029, -0.195, -0.297, 0.051, -0.01, 0.004, -0.002, -0.005, -0.011, -0.005, -0.007, -0.008, -0.002, -0.009, -0.017, -0.018, 0.013, -0.054, -0.021, -0.097, -0.092, -0.107, -0.108, -0.077], "FUKUI-": [0.014, 0.005, 0.006, -0.0, 0.007, 0.006, 0.01, -0.004, -0.023, -0.118, 0.002, -0.047, -0.059, -0.04, -0.049, -0.086, -0.037, -0.042, -0.037, -0.043, -0.035, -0.047, -0.034, -0.034, -0.057, -0.029, -0.05, -0.042, -0.045, -0.049, -0.041], "FUKUIrad": [0.009, 0.004, 0.004, 0.001, 0.006, 0.007, 0.016, 0.013, -0.109, -0.207, 0.026, -0.029, -0.027, -0.021, -0.027, -0.049, -0.021, -0.025, -0.022, -0.022, -0.022, -0.032, -0.026, -0.011, -0.056, -0.025, -0.074, -0.067, -0.076, -0.078, -0.059], "s proportion": [1.007, 1.027, 1.032, 1.032, 1.032, 1.032, 1.028, 1.042, 1.076, 1.739, 1.022, 0.973, 0.973, 0.972, 0.979, 0.977, 0.976, 0.978, 0.979, 0.974, 0.973, 0.98, 0.983, 0.963, 0.978, 0.958, 0.949, 0.959, 0.948, 0.947, 0.936], "p proportion": [3.078, 3.012, 3.015, 3.015, 3.012, 3.014, 3.004, 3.043, 2.527, 4.754, 3.105, 0.0, 0.0, 0.0, 0.0, 0.0, 0.0, 0.0, 0.0, 0.0, 0.0, 0.0, 0.0, 0.0, 0.0, 0.0, 0.0, 0.0, 0.0, 0.0, 0.0], "d proportion": [0.0, 0.0, 0.0, 0.0, 0.0, 0.0, 0.0, 0.0, 0.0, 0.0, 0.0, 0.0, 0.0, 0.0, 0.0, 0.0, 0.0, 0.0, 0.0, 0.0, 0.0, 0.0, 0.0, 0.0, 0.0, 0.0, 0.0, 0.0, 0.0, 0.0, 0.0], "Fermi-level/eV": -8.7968, "Coordination numbers": [3.749, 3.799, 3.801, 3.801, 3.802, 3.801, 3.801, 3.802, 2.809, 0.857, 3.751, 0.924, 0.924, 0.924, 0.924, 0.924, 0.924, 0.924, 0.924, 0.924, 0.924, 0.924, 0.924, 0.924, 0.924, 0.924, 0.924, 0.924, 0.924, 0.924, 0.924], "Dispersion coefficient C6": [22.468, 21.494, 21.602, 21.611, 21.618, 21.602, 21.523, 22.09, 23.086, 20.983, 23.187, 2.598, 2.535, 2.534, 2.618, 2.635, 2.577, 2.647, 2.623, 2.52, 2.547, 2.643, 2.668, 2.432, 2.588, 2.316, 2.211, 2.268, 2.166, 2.155, 2.102], "Total dispersion C6": 6848.053246, "Total dispersion C8": 145519.325736, "Polarizability alpha": [6.76, 6.601, 6.617, 6.619, 6.62, 6.617, 6.605, 6.691, 7.872, 6.142, 6.867, 2.521, 2.49, 2.49, 2.53, 2.538, 2.51, 2.545, 2.533, 2.483, 2.496, 2.543, 2.555, 2.439, 2.516, 2.38, 2.325, 2.355, 2.302, 2.296, 2.267], "Total polarizability alpha": 123.123264, "Wiberg matrix": [[0.0, 1.020987515799811, 0.0, 0.0, 0.0, 0.0, 0.0, 0.0, 0.0, 0.0, 0.0, 0.9873994921982318, 0.9861090933237676, 0.9873756264315875, 0.0, 0.0, 0.0, 0.0, 0.0, 0.0, 0.0, 0.0, 0.0, 0.0, 0.0, 0.0, 0.0, 0.0, 0.0, 0.0, 0.0], [1.020987515799811, 0.0, 1.0068700569640734, 0.0, 0.0, 0.0, 0.0, 0.0, 0.0, 0.0, 0.0, 0.0, 0.0, 0.0, 0.9779303247180554, 0.9782043673992776, 0.0, 0.0, 0.0, 0.0, 0.0, 0.0, 0.0, 0.0, 0.0, 0.0, 0.0, 0.0, 0.0, 0.0, 0.0], [0.0, 1.0068700569640734, 0.0, 1.0079187480720764, 0.0, 0.0, 0.0, 0.0, 0.0, 0.0, 0.0, 0.0, 0.0, 0.0, 0.0, 0.0, 0.9771526309862791, 0.977260514474243, 0.0, 0.0, 0.0, 0.0, 0.0, 0.0, 0.0, 0.0, 0.0, 0.0, 0.0, 0.0, 0.0], [0.0, 0.0, 1.0079187480720764, 0.0, 1.0067527282928668, 0.0, 0.0, 0.0, 0.0, 0.0, 0.0, 0.0, 0.0, 0.0, 0.0, 0.0, 0.0, 0.0, 0.977320402492655, 0.97549136374635, 0.0, 0.0, 0.0, 0.0, 0.0, 0.0, 0.0, 0.0, 0.0, 0.0, 0.0], [0.0, 0.0, 0.0, 1.0067527282928668, 0.0, 1.0071297132524664, 0.0, 0.0, 0.0, 0.0, 0.0, 0.0, 0.0, 0.0, 0.0, 0.0, 0.0, 0.0, 0.0, 0.0, 0.9772596691899997, 0.9772733574641861, 0.0, 0.0, 0.0, 0.0, 0.0, 0.0, 0.0, 0.0, 0.0], [0.0, 0.0, 0.0, 0.0, 1.0071297132524664, 0.0, 1.0076855022588338, 0.0, 0.0, 0.0, 0.0, 0.0, 0.0, 0.0, 0.0, 0.0, 0.0, 0.0, 0.0, 0.0, 0.0, 0.0, 0.977351815846768, 0.9764604426642662, 0.0, 0.0, 0.0, 0.0, 0.0, 0.0, 0.0], [0.0, 0.0, 0.0, 0.0, 0.0, 1.0076855022588338, 0.0, 1.0065663014690032, 0.0, 0.0, 0.0, 0.0, 0.0, 0.0, 0.0, 0.0, 0.0, 0.0, 0.0, 0.0, 0.0, 0.0, 0.0, 0.0, 0.9768591089149814, 0.9746556547599456, 0.0, 0.0, 0.0, 0.0, 0.0], [0.0, 0.0, 0.0, 0.0, 0.0, 0.0, 1.0065663014690032, 0.0, 0.9923824621310269, 0.0, 0.0, 0.0, 0.0, 0.0, 0.0, 0.0, 0.0, 0.0, 0.0, 0.0, 0.0, 0.0, 0.0, 0.0, 0.0, 0.0, 0.9467182514319015, 0.9582762564395575, 0.0, 0.0, 0.0], [0.0, 0.0, 0.0, 0.0, 0.0, 0.0, 0.0, 0.9923824621310269, 0.0, 1.8574886287275343, 1.0080514371172848, 0.0, 0.0, 0.0, 0.0, 0.0, 0.0, 0.0, 0.0, 0.0, 0.0, 0.0, 0.0, 0.0, 0.0, 0.0, 0.0, 0.0, 0.0, 0.0, 0.0], [0.0, 0.0, 0.0, 0.0, 0.0, 0.0, 0.0, 0.0, 1.8574886287275343, 0.0, 0.0, 0.0, 0.0, 0.0, 0.0, 0.0, 0.0, 0.0, 0.0, 0.0, 0.0, 0.0, 0.0, 0.0, 0.0, 0.0, 0.0, 0.0, 0.0, 0.0, 0.0], [0.0, 0.0, 0.0, 0.0, 0.0, 0.0, 0.0, 0.0, 1.0080514371172848, 0.0, 0.0, 0.0, 0.0, 0.0, 0.0, 0.0, 0.0, 0.0, 0.0, 0.0, 0.0, 0.0, 0.0, 0.0, 0.0, 0.0, 0.0, 0.0, 0.9642133803492956, 0.9623038721446221, 0.9828545193912515], [0.9873994921982318, 0.0, 0.0, 0.0, 0.0, 0.0, 0.0, 0.0, 0.0, 0.0, 0.0, 0.0, 0.0, 0.0, 0.0, 0.0, 0.0, 0.0, 0.0, 0.0, 0.0, 0.0, 0.0, 0.0, 0.0, 0.0, 0.0, 0.0, 0.0, 0.0, 0.0], [0.9861090933237676, 0.0, 0.0, 0.0, 0.0, 0.0, 0.0, 0.0, 0.0, 0.0, 0.0, 0.0, 0.0, 0.0, 0.0, 0.0, 0.0, 0.0, 0.0, 0.0, 0.0, 0.0, 0.0, 0.0, 0.0, 0.0, 0.0, 0.0, 0.0, 0.0, 0.0], [0.9873756264315875, 0.0, 0.0, 0.0, 0.0, 0.0, 0.0, 0.0, 0.0, 0.0, 0.0, 0.0, 0.0, 0.0, 0.0, 0.0, 0.0, 0.0, 0.0, 0.0, 0.0, 0.0, 0.0, 0.0, 0.0, 0.0, 0.0, 0.0, 0.0, 0.0, 0.0], [0.0, 0.9779303247180554, 0.0, 0.0, 0.0, 0.0, 0.0, 0.0, 0.0, 0.0, 0.0, 0.0, 0.0, 0.0, 0.0, 0.0, 0.0, 0.0, 0.0, 0.0, 0.0, 0.0, 0.0, 0.0, 0.0, 0.0, 0.0, 0.0, 0.0, 0.0, 0.0], [0.0, 0.9782043673992776, 0.0, 0.0, 0.0, 0.0, 0.0, 0.0, 0.0, 0.0, 0.0, 0.0, 0.0, 0.0, 0.0, 0.0, 0.0, 0.0, 0.0, 0.0, 0.0, 0.0, 0.0, 0.0, 0.0, 0.0, 0.0, 0.0, 0.0, 0.0, 0.0], [0.0, 0.0, 0.9771526309862791, 0.0, 0.0, 0.0, 0.0, 0.0, 0.0, 0.0, 0.0, 0.0, 0.0, 0.0, 0.0, 0.0, 0.0, 0.0, 0.0, 0.0, 0.0, 0.0, 0.0, 0.0, 0.0, 0.0, 0.0, 0.0, 0.0, 0.0, 0.0], [0.0, 0.0, 0.977260514474243, 0.0, 0.0, 0.0, 0.0, 0.0, 0.0, 0.0, 0.0, 0.0, 0.0, 0.0, 0.0, 0.0, 0.0, 0.0, 0.0, 0.0, 0.0, 0.0, 0.0, 0.0, 0.0, 0.0, 0.0, 0.0, 0.0, 0.0, 0.0], [0.0, 0.0, 0.0, 0.977320402492655, 0.0, 0.0, 0.0, 0.0, 0.0, 0.0, 0.0, 0.0, 0.0, 0.0, 0.0, 0.0, 0.0, 0.0, 0.0, 0.0, 0.0, 0.0, 0.0, 0.0, 0.0, 0.0, 0.0, 0.0, 0.0, 0.0, 0.0], [0.0, 0.0, 0.0, 0.97549136374635, 0.0, 0.0, 0.0, 0.0, 0.0, 0.0, 0.0, 0.0, 0.0, 0.0, 0.0, 0.0, 0.0, 0.0, 0.0, 0.0, 0.0, 0.0, 0.0, 0.0, 0.0, 0.0, 0.0, 0.0, 0.0, 0.0, 0.0], [0.0, 0.0, 0.0, 0.0, 0.9772596691899997, 0.0, 0.0, 0.0, 0.0, 0.0, 0.0, 0.0, 0.0, 0.0, 0.0, 0.0, 0.0, 0.0, 0.0, 0.0, 0.0, 0.0, 0.0, 0.0, 0.0, 0.0, 0.0, 0.0, 0.0, 0.0, 0.0], [0.0, 0.0, 0.0, 0.0, 0.9772733574641861, 0.0, 0.0, 0.0, 0.0, 0.0, 0.0, 0.0, 0.0, 0.0, 0.0, 0.0, 0.0, 0.0, 0.0, 0.0, 0.0, 0.0, 0.0, 0.0, 0.0, 0.0, 0.0, 0.0, 0.0, 0.0, 0.0], [0.0, 0.0, 0.0, 0.0, 0.0, 0.977351815846768, 0.0, 0.0, 0.0, 0.0, 0.0, 0.0, 0.0, 0.0, 0.0, 0.0, 0.0, 0.0, 0.0, 0.0, 0.0, 0.0, 0.0, 0.0, 0.0, 0.0, 0.0, 0.0, 0.0, 0.0, 0.0], [0.0, 0.0, 0.0, 0.0, 0.0, 0.9764604426642662, 0.0, 0.0, 0.0, 0.0, 0.0, 0.0, 0.0, 0.0, 0.0, 0.0, 0.0, 0.0, 0.0, 0.0, 0.0, 0.0, 0.0, 0.0, 0.0, 0.0, 0.0, 0.0, 0.0, 0.0, 0.0], [0.0, 0.0, 0.0, 0.0, 0.0, 0.0, 0.9768591089149814, 0.0, 0.0, 0.0, 0.0, 0.0, 0.0, 0.0, 0.0, 0.0, 0.0, 0.0, 0.0, 0.0, 0.0, 0.0, 0.0, 0.0, 0.0, 0.0, 0.0, 0.0, 0.0, 0.0, 0.0], [0.0, 0.0, 0.0, 0.0, 0.0, 0.0, 0.9746556547599456, 0.0, 0.0, 0.0, 0.0, 0.0, 0.0, 0.0, 0.0, 0.0, 0.0, 0.0, 0.0, 0.0, 0.0, 0.0, 0.0, 0.0, 0.0, 0.0, 0.0, 0.0, 0.0, 0.0, 0.0], [0.0, 0.0, 0.0, 0.0, 0.0, 0.0, 0.0, 0.9467182514319015, 0.0, 0.0, 0.0, 0.0, 0.0, 0.0, 0.0, 0.0, 0.0, 0.0, 0.0, 0.0, 0.0, 0.0, 0.0, 0.0, 0.0, 0.0, 0.0, 0.0, 0.0, 0.0, 0.0], [0.0, 0.0, 0.0, 0.0, 0.0, 0.0, 0.0, 0.9582762564395575, 0.0, 0.0, 0.0, 0.0, 0.0, 0.0, 0.0, 0.0, 0.0, 0.0, 0.0, 0.0, 0.0, 0.0, 0.0, 0.0, 0.0, 0.0, 0.0, 0.0, 0.0, 0.0, 0.0], [0.0, 0.0, 0.0, 0.0, 0.0, 0.0, 0.0, 0.0, 0.0, 0.0, 0.9642133803492956, 0.0, 0.0, 0.0, 0.0, 0.0, 0.0, 0.0, 0.0, 0.0, 0.0, 0.0, 0.0, 0.0, 0.0, 0.0, 0.0, 0.0, 0.0, 0.0, 0.0], [0.0, 0.0, 0.0, 0.0, 0.0, 0.0, 0.0, 0.0, 0.0, 0.0, 0.9623038721446221, 0.0, 0.0, 0.0, 0.0, 0.0, 0.0, 0.0, 0.0, 0.0, 0.0, 0.0, 0.0, 0.0, 0.0, 0.0, 0.0, 0.0, 0.0, 0.0, 0.0], [0.0, 0.0, 0.0, 0.0, 0.0, 0.0, 0.0, 0.0, 0.0, 0.0, 0.9828545193912515, 0.0, 0.0, 0.0, 0.0, 0.0, 0.0, 0.0, 0.0, 0.0, 0.0, 0.0, 0.0, 0.0, 0.0, 0.0, 0.0, 0.0, 0.0, 0.0, 0.0]], "Born radii": [], "Atomic SASAs": [], "Solvent H bonds": [], "Total SASA": NaN, "Total FOD": 0.0, "FOD": [0.0, 0.0, 0.0, 0.0, 0.0, 0.0, 0.0, 0.0, 0.0, 0.0, 0.0, 0.0, 0.0, 0.0, 0.0, 0.0, 0.0, 0.0, 0.0, 0.0, 0.0, 0.0, 0.0, 0.0, 0.0, 0.0, 0.0, 0.0, 0.0, 0.0, 0.0], "FOD s proportion": [0.0, 0.0, 0.0, 0.0, 0.0, 0.0, 0.0, 0.0, 0.0, 0.0, 0.0, 0.0, 0.0, 0.0, 0.0, 0.0, 0.0, 0.0, 0.0, 0.0, 0.0, 0.0, 0.0, 0.0, 0.0, 0.0, 0.0, 0.0, 0.0, 0.0, 0.0], "FOD p proportion": [0.0, 0.0, 0.0, 0.0, 0.0, 0.0, 0.0, 0.0, 0.0, 0.0, 0.0, 0.0, 0.0, 0.0, 0.0, 0.0, 0.0, 0.0, 0.0, 0.0, 0.0, 0.0, 0.0, 0.0, 0.0, 0.0, 0.0, 0.0, 0.0, 0.0, 0.0], "FOD d proportion": [0.0, 0.0, 0.0, 0.0, 0.0, 0.0, 0.0, 0.0, 0.0, 0.0, 0.0, 0.0, 0.0, 0.0, 0.0, 0.0, 0.0, 0.0, 0.0, 0.0, 0.0, 0.0, 0.0, 0.0, 0.0, 0.0, 0.0, 0.0, 0.0, 0.0, 0.0], "coordinates": [["-4.28600", "1.07510", "1.30730"], ["-4.25780", "0.15400", "0.09740"], ["-3.02430", "-0.75010", "0.04620"], ["-1.71580", "0.01970", "-0.14580"], ["-0.52880", "-0.93460", "-0.29680"], ["0.78160", "-0.16750", "-0.48540"], ["1.96740", "-1.12490", "-0.64000"], ["3.28830", "-0.38710", "-0.85270"], ["3.82450", "0.28570", "0.40010"], ["3.35740", "0.08360", "1.51990"], ["5.00350", "1.20370", "0.20650"], ["-5.23330", "1.62300", "1.33970"], ["-3.47910", "1.81260", "1.26930"], ["-4.19230", "0.50570", "2.23730"], ["-4.32000", "0.75290", "-0.81860"], ["-5.15190", "-0.48030", "0.12240"], ["-2.97000", "-1.35000", "0.96290"], ["-3.15100", "-1.45470", "-0.78510"], ["-1.79050", "0.65590", "-1.03590"], ["-1.53860", "0.67880", "0.71150"], ["-0.45600", "-1.57300", "0.59210"], ["-0.69490", "-1.59460", "-1.15690"], ["0.70760", "0.46990", "-1.37490"], ["0.94120", "0.49530", "0.37270"], ["1.78840", "-1.77130", "-1.50820"], ["2.03470", "-1.78030", "0.23660"], ["4.05010", "-1.10400", "-1.17960"], ["3.17410", "0.37000", "-1.63610"], ["4.72810", "2.01590", "-0.47070"], ["5.84390", "0.63840", "-0.20340"], ["5.29940", "1.63230", "1.16800"]], "bond_dist": [[0.0, 1.5208808171582675, 2.552178508647073, 3.1354898835748135, 4.552865332952425, 5.517100489387519, 6.909195962628357, 8.010845731257094, 8.199169131686455, 7.7103718827304295, 9.355378605379903, 1.0948157196533124, 1.0938180195992382, 1.0944843763160805, 2.150446383893353, 2.138466735771216, 2.7805714106996064, 3.4736509323764815, 3.4487439931082156, 2.8390558448188368, 4.710928215330817, 5.108383202149188, 5.700570571442827, 5.341653773879397, 7.275119832002769, 7.017902545632848, 8.967926830098468, 8.05070565727005, 9.23582088663482, 10.251233847201028, 9.60259181106851], [1.5208808171582675, 0.0, 1.530209299409724, 2.557136431635981, 3.904597879423693, 5.083165396679513, 6.397847998350695, 7.624900289839861, 8.089038599858453, 7.747240376417914, 9.321236537605941, 2.1570513531207367, 2.175012013759924, 2.16959792357939, 1.0961779280755475, 1.0965292061773828, 2.160910708474554, 2.1428318132788675, 2.7611305275194797, 2.83664987088643, 4.20487102418136, 4.162346316682454, 5.1887047767241485, 5.217458843153437, 6.545323971355429, 6.584561441736268, 8.499087916359025, 7.634449283347162, 9.194335649191846, 10.11777974112898, 9.729934588166563], [2.552178508647073, 1.530209299409724, 0.0, 1.5302379847592336, 2.5257097022421244, 3.8867590779465613, 5.052565127734624, 6.386603868254238, 6.935718296614995, 6.602495154863804, 8.26369187288587, 3.490619838939783, 2.875803877179388, 2.782476747432043, 2.1646539053622407, 2.14599166820377, 1.0968898714091584, 1.0970750840302592, 2.1610272672967366, 2.1660294988757656, 2.7516060964462192, 2.7544026975008573, 4.175524256904755, 4.16927015915256, 5.159562974710164, 5.166337697053882, 7.18853018425881, 6.519579730320046, 8.247281210799109, 8.979710666274276, 8.73030621971532], [3.1354898835748135, 2.557136431635981, 1.5302379847592336, 0.0, 1.5305092257154151, 2.5273264055123548, 3.888483642758447, 5.0701292547626435, 5.573480680867209, 5.340037260169633, 6.831907770162006, 4.141266399303479, 2.8855199375502503, 3.4710825199064343, 2.787848582688809, 3.482630392390212, 2.16294045687809, 2.154613396876572, 1.0966350988364362, 1.095799224310731, 2.1606216096299695, 2.161139632231106, 2.754311966716915, 2.748579016510168, 4.164520668696459, 4.177616546549, 5.96464977513349, 5.123946349250741, 6.753830147405249, 7.585194232186806, 7.317074568432387], [4.552865332952425, 3.904597879423693, 2.5257097022421244, 1.5305092257154151, 0.0, 1.5300851381540834, 2.5268586763014667, 3.8960279092942853, 4.574496976717768, 4.409045312763297, 5.952476885297414, 5.599265153571493, 4.3248175845924415, 4.681597926990314, 4.182478802098105, 4.664243855117354, 2.7782834070699125, 2.717512417634922, 2.1605198332808704, 2.1539323318061783, 1.096812477135449, 1.0967958880302207, 2.1595381033915566, 2.1572538700857624, 2.7453547475690643, 2.7515915939688433, 4.666300184300192, 4.148153090231844, 6.030811642722728, 6.564629300272788, 6.53471727697534], [5.517100489387519, 5.083165396679513, 3.8867590779465613, 2.5273264055123548, 1.5300851381540834, 0.0, 1.531873872092608, 2.5429664449221505, 3.2013654742937425, 3.273992202189859, 4.492588859443962, 6.535740376575557, 5.015309819941336, 5.710164160512376, 5.194658887742294, 5.9727453428051, 4.191703913684744, 4.1487403738966355, 2.756217738133183, 2.7444710492187743, 2.1605763721747953, 2.160458032455155, 1.0967976157888017, 1.0959523757901162, 2.152194349960059, 2.1662565522116717, 3.4701639932429704, 2.7087031934119326, 4.510245436780575, 5.13379782422331, 5.136489894860108], [6.909195962628357, 6.397847998350695, 5.052565127734624, 3.888483642758447, 2.5268586763014667, 1.531873872092608, 0.0, 1.5278635213918814, 2.5535114607144416, 2.8386159056836133, 3.9187808588896624, 7.957402025158713, 6.4760091869916305, 6.991395836311946, 6.564253922571857, 7.188963444753354, 5.195948150241686, 5.131066225454511, 4.177295519830984, 4.16796376423788, 2.7553097067298986, 2.752388960521387, 2.1611480953419178, 2.168800537163342, 1.097107651964929, 1.0965883502937646, 2.151567860886567, 2.164039304171715, 4.185062917089778, 4.28101608266075, 4.687562249186671], [8.010845731257094, 7.624900289839861, 6.386603868254238, 5.0701292547626435, 3.8960279092942853, 2.5429664449221505, 1.5278635213918814, 0.0, 1.5197625209222658, 2.4198272789602155, 2.567968130643369, 9.025784527120065, 7.42558191995752, 8.142761705957016, 7.693308241582421, 8.49685131622297, 6.587100929847667, 6.527551149550649, 5.188026665313123, 5.184768853092682, 4.184923934792603, 4.173305180549344, 2.768962681221977, 2.790898301622616, 2.143686054439875, 2.1677393039754573, 1.0959691875230797, 1.0954257665401157, 2.827252560349004, 2.829192835421438, 3.4936697124942997], [8.199169131686455, 8.089038599858453, 6.935718296614995, 5.573480680867209, 4.574496976717768, 3.2013654742937425, 2.5535114607144416, 1.5197625209222658, 0.0, 1.230032056492838, 1.5067335398138582, 9.204073027198339, 7.511957481908427, 8.227562584386703, 8.248417168160206, 9.013302960069632, 7.011240159914649, 7.286377114176839, 5.807526929769676, 5.3864960020406585, 4.670579186781871, 5.136609139305813, 3.5916041332529955, 2.8910381889556565, 3.46677964399239, 2.7383338529112917, 2.1160372255704765, 2.1392141290670272, 2.1373763449612704, 2.1369571591400702, 2.139703713134134], [7.7103718827304295, 7.747240376417914, 6.602495154863804, 5.340037260169633, 4.409045312763297, 3.273992202189859, 2.8386159056836133, 2.4198272789602155, 1.230032056492838, 0.0, 2.385223004249288, 8.729395791805983, 7.056201074941105, 7.595446086965532, 8.053509514491184, 8.641711401684274, 6.5116394801923745, 7.073801131640612, 5.775856243017134, 4.997858501398374, 4.259947882310299, 5.138360513821505, 3.943416636623627, 2.7062126985881947, 3.8822422155244256, 2.6211671808566503, 3.0294433977217663, 3.1742652456907257, 3.0943642545763743, 3.0757516447203597, 2.5087186570040094], [9.355378605379903, 9.321236537605941, 8.26369187288587, 6.831907770162006, 5.952476885297414, 4.492588859443962, 3.9187808588896624, 2.567968130643369, 1.5067335398138582, 2.385223004249288, 0.0, 10.307862483075722, 8.570577915753406, 9.443203390799122, 9.390511322606452, 10.294419749067938, 8.406558564597049, 8.634015946823354, 6.928353238685221, 6.58252363611404, 6.137172842604321, 6.493158323189109, 4.636167081760535, 4.126952179272252, 4.704007769976576, 4.209386588328518, 2.8558228341408016, 2.727074404925542, 1.0927551601342358, 1.0926363805035963, 1.0934976085936357], [1.0948157196533124, 2.1570513531207367, 3.490619838939783, 4.141266399303479, 5.599265153571493, 6.535740376575557, 7.957402025158713, 9.025784527120065, 9.204073027198339, 8.729395791805983, 10.307862483075722, 0.0, 1.765820477851585, 1.7713627663468596, 2.4998899555780443, 2.4315254759101332, 3.7554272899365255, 4.280535669749757, 4.2932073802694415, 3.8648359564152264, 5.796198499879037, 6.097789425685344, 6.6327208278352865, 6.350688666593569, 8.30277530648638, 8.100808879365072, 9.998245698621334, 9.0060962353286, 10.132196629063216, 11.227419766357718, 10.53410350575691], [1.0938180195992382, 2.175012013759924, 2.875803877179388, 2.8855199375502503, 4.3248175845924415, 5.015309819941336, 6.4760091869916305, 7.42558191995752, 7.511957481908427, 7.056201074941105, 8.570577915753406, 1.765820477851585, 0.0, 1.7758563708813841, 2.487851143054986, 3.0612137886792556, 3.217934513006752, 3.8734297799237307, 3.08273772643733, 2.3156389031971285, 4.5891198295533755, 5.024661970720021, 5.13060365064385, 4.698746954242163, 6.950208752980013, 6.661635695533042, 8.437565964779179, 7.401858831401745, 8.39208333669298, 9.511357417845257, 8.78093571494519], [1.0944843763160805, 2.16959792357939, 2.782476747432043, 3.4710825199064343, 4.681597926990314, 5.710164160512376, 6.991395836311946, 8.142761705957016, 8.227562584386703, 7.595446086965532, 9.443203390799122, 1.7713627663468596, 1.7758563708813841, 0.0, 3.0685403598453775, 2.523059684192984, 2.561588401753881, 3.74998341462999, 4.062639723135686, 3.0659668850136006, 4.581224118071502, 5.30694455313036, 6.087552093411604, 5.461653922576933, 7.415003151718818, 6.9285009554737025, 9.066614443109401, 8.32379066351383, 9.443913606127495, 10.329566119639296, 9.617951909840267], [2.150446383893353, 1.0961779280755475, 2.1646539053622407, 2.787848582688809, 4.182478802098105, 5.194658887742294, 6.564253922571857, 7.693308241582421, 8.248417168160206, 8.053509514491184, 9.390511322606452, 2.4998899555780443, 2.487851143054986, 3.0685403598453775, 0.0, 1.7602047750190886, 3.0689461806946046, 2.498235579363964, 2.5406689158566103, 3.17535553599908, 4.725503285365486, 4.332037990368968, 5.066193881998596, 5.400535055899554, 6.645275341172855, 6.921904461201411, 8.581198786882869, 7.548274867146798, 9.142445899211, 10.183145118282464, 9.861682426442256], [2.138466735771216, 1.0965292061773828, 2.14599166820377, 3.482630392390212, 4.664243855117354, 5.9727453428051, 7.188963444753354, 8.49685131622297, 9.013302960069632, 8.641711401684274, 10.294419749067938, 2.4315254759101332, 3.0612137886792556, 2.523059684192984, 1.7602047750190886, 0.0, 2.4946955625887504, 2.403458429014324, 3.7325084447325776, 3.84011568966353, 4.844180858514678, 4.768974940173203, 6.121970890162743, 6.175784408478004, 7.245226114483937, 7.30412631325609, 9.314559017473668, 8.552052872848718, 10.207702094497076, 11.057361935380428, 10.713824238338054], [2.7805714106996064, 2.160910708474554, 1.0968898714091584, 2.16294045687809, 2.7782834070699125, 4.191703913684744, 5.195948150241686, 6.587100929847667, 7.011240159914649, 6.5116394801923745, 8.406558564597049, 3.7554272899365255, 3.217934513006752, 2.561588401753881, 3.0689461806946046, 2.4946955625887504, 0.0, 1.7604621807923053, 3.067581539258574, 2.495623641497251, 2.55096406089933, 3.1192084268288327, 4.722508508197736, 4.364739805532513, 5.378308234008163, 5.0754006610316, 7.34388359521037, 6.889351624790246, 8.523217431228655, 9.110369007894247, 8.79313116358445], [3.4736509323764815, 2.1428318132788675, 1.0970750840302592, 2.154613396876572, 2.717512417634922, 4.1487403738966355, 5.131066225454511, 6.527551149550649, 7.286377114176839, 7.073801131640612, 8.634015946823354, 4.280535669749757, 3.8734297799237307, 3.74998341462999, 2.498235579363964, 2.403458429014324, 1.7604621807923053, 0.0, 2.523587377128044, 3.064550141537906, 3.028811603583161, 2.4880181791940346, 4.352096409777706, 4.678579023592527, 5.002077721307417, 5.295410346705909, 7.2204197904277, 6.6378174952313955, 8.615342624063189, 9.253521951667915, 9.206162543101224], [3.4487439931082156, 2.7611305275194797, 2.1610272672967366, 1.0966350988364362, 2.1605198332808704, 2.756217738133183, 4.177295519830984, 5.188026665313123, 5.807526929769676, 5.775856243017134, 6.928353238685221, 4.2932073802694415, 3.08273772643733, 4.062639723135686, 2.5406689158566103, 3.7325084447325776, 3.067581539258574, 2.523587377128044, 0.0, 1.7656117296846439, 3.065822803098705, 2.505939067495457, 2.5278490085446164, 3.077682766303246, 4.350045096317968, 4.710252830793693, 6.1016805930825315, 5.008915252826704, 6.682903336125699, 7.679676155932618, 7.488472085812967], [2.8390558448188368, 2.83664987088643, 2.1660294988757656, 1.095799224310731, 2.1539323318061783, 2.7444710492187743, 4.16796376423788, 5.184768853092682, 5.3864960020406585, 4.997858501398374, 6.58252363611404, 3.8648359564152264, 2.3156389031971285, 3.0659668850136006, 3.17535553599908, 3.84011568966353, 2.495623641497251, 3.064550141537906, 1.7656117296846439, 0.0, 2.50137609327346, 3.0612245605312918, 3.072803054216134, 2.5095548868275426, 4.69030778307778, 4.363619565223348, 6.163457044548943, 5.274099400845608, 6.515900715940966, 7.439084649336905, 6.919233953263902], [4.710928215330817, 4.20487102418136, 2.7516060964462192, 2.1606216096299695, 1.096812477135449, 2.1605763721747953, 2.7553097067298986, 4.184923934792603, 4.670579186781871, 4.259947882310299, 6.137172842604321, 5.796198499879037, 4.5891198295533755, 4.581224118071502, 4.725503285365486, 4.844180858514678, 2.55096406089933, 3.028811603583161, 3.065822803098705, 2.50137609327346, 0.0, 1.7653727000268244, 3.0653701848227075, 2.505627484284126, 3.080245824605562, 2.524468266784116, 4.864547162891938, 4.681639696730196, 6.39410977853837, 6.723975774792768, 6.61288424668087], [5.108383202149188, 4.162346316682454, 2.7544026975008573, 2.161139632231106, 1.0967958880302207, 2.160458032455155, 2.752388960521387, 4.173305180549344, 5.136609139305813, 5.138360513821505, 6.493158323189109, 6.097789425685344, 5.024661970720021, 5.30694455313036, 4.332037990368968, 4.768974940173203, 3.1192084268288327, 2.4880181791940346, 2.505939067495457, 3.0612245605312918, 1.7653727000268244, 0.0, 2.505332413074161, 3.063361124647239, 2.5142421263673076, 3.070348986678876, 4.770348902334083, 4.365598103353078, 6.55099303083128, 6.975052450698847, 7.193724773022665], [5.700570571442827, 5.1887047767241485, 4.175524256904755, 2.754311966716915, 2.1595381033915566, 1.0967976157888017, 2.1611480953419178, 2.768962681221977, 3.5916041332529955, 3.943416636623627, 4.636167081760535, 6.6327208278352865, 5.13060365064385, 6.087552093411604, 5.066193881998596, 6.121970890162743, 4.722508508197736, 4.352096409777706, 2.5278490085446164, 3.072803054216134, 3.0653701848227075, 2.505332413074161, 0.0, 1.7633263679761613, 2.491761419157139, 3.0694505534378624, 3.6996769521135215, 2.482302902548357, 4.401376363139149, 5.270899561744654, 5.376071187214693], [5.341653773879397, 5.217458843153437, 4.16927015915256, 2.748579016510168, 2.1572538700857624, 1.0959523757901162, 2.168800537163342, 2.790898301622616, 2.8910381889556565, 2.7062126985881947, 4.126952179272252, 6.350688666593569, 4.698746954242163, 5.461653922576933, 5.400535055899554, 6.175784408478004, 4.364739805532513, 4.678579023592527, 3.077682766303246, 2.5095548868275426, 2.505627484284126, 3.063361124647239, 1.7633263679761613, 0.0, 3.064801496018951, 2.5283632689943905, 3.8252653489660027, 3.0061303930468486, 4.167032460876685, 4.938505453069784, 4.573748826728464], [7.275119832002769, 6.545323971355429, 5.159562974710164, 4.164520668696459, 2.7453547475690643, 2.152194349960059, 1.097107651964929, 2.143686054439875, 3.46677964399239, 3.8822422155244256, 4.704007769976576, 8.30277530648638, 6.950208752980013, 7.415003151718818, 6.645275341172855, 7.245226114483937, 5.378308234008163, 5.002077721307417, 4.350045096317968, 4.69030778307778, 3.080245824605562, 2.5142421263673076, 2.491761419157139, 3.064801496018951, 0.0, 1.7621213720967122, 2.38087255853815, 2.5537596969957845, 4.9052141828874305, 4.894510943904406, 5.574375337201469], [7.017902545632848, 6.584561441736268, 5.166337697053882, 4.177616546549, 2.7515915939688433, 2.1662565522116717, 1.0965883502937646, 2.1677393039754573, 2.7383338529112917, 2.6211671808566503, 4.209386588328518, 8.100808879365072, 6.661635695533042, 6.9285009554737025, 6.921904461201411, 7.30412631325609, 5.0754006610316, 5.295410346705909, 4.710252830793693, 4.363619565223348, 2.524468266784116, 3.070348986678876, 3.0694505534378624, 2.5283632689943905, 1.7621213720967122, 0.0, 2.554376888793038, 3.0706721967673465, 4.708058123048185, 4.533620443971904, 4.813689937044138], [8.967926830098468, 8.499087916359025, 7.18853018425881, 5.96464977513349, 4.666300184300192, 3.4701639932429704, 2.151567860886567, 1.0959691875230797, 2.1160372255704765, 3.0294433977217663, 2.8558228341408016, 9.998245698621334, 8.437565964779179, 9.066614443109401, 8.581198786882869, 9.314559017473668, 7.34388359521037, 7.2204197904277, 6.1016805930825315, 6.163457044548943, 4.864547162891938, 4.770348902334083, 3.6996769521135215, 3.8252653489660027, 2.38087255853815, 2.554376888793038, 0.0, 1.7743855978901542, 3.2704738525173993, 2.6845190705226885, 3.8156669063218818], [8.05070565727005, 7.634449283347162, 6.519579730320046, 5.123946349250741, 4.148153090231844, 2.7087031934119326, 2.164039304171715, 1.0954257665401157, 2.1392141290670272, 3.1742652456907257, 2.727074404925542, 9.0060962353286, 7.401858831401745, 8.32379066351383, 7.548274867146798, 8.552052872848718, 6.889351624790246, 6.6378174952313955, 5.008915252826704, 5.274099400845608, 4.681639696730196, 4.365598103353078, 2.482302902548357, 3.0061303930468486, 2.5537596969957845, 3.0706721967673465, 1.7743855978901542, 0.0, 2.545988996441265, 3.04179221676958, 3.7380848291605155], [9.23582088663482, 9.194335649191846, 8.247281210799109, 6.753830147405249, 6.030811642722728, 4.510245436780575, 4.185062917089778, 2.827252560349004, 2.1373763449612704, 3.0943642545763743, 1.0927551601342358, 10.132196629063216, 8.39208333669298, 9.443913606127495, 9.142445899211, 10.207702094497076, 8.523217431228655, 8.615342624063189, 6.682903336125699, 6.515900715940966, 6.39410977853837, 6.55099303083128, 4.401376363139149, 4.167032460876685, 4.9052141828874305, 4.708058123048185, 3.2704738525173993, 2.545988996441265, 0.0, 1.7927535190315478, 1.777321113361342], [10.251233847201028, 10.11777974112898, 8.979710666274276, 7.585194232186806, 6.564629300272788, 5.13379782422331, 4.28101608266075, 2.829192835421438, 2.1369571591400702, 3.0757516447203597, 1.0926363805035963, 11.227419766357718, 9.511357417845257, 10.329566119639296, 10.183145118282464, 11.057361935380428, 9.110369007894247, 9.253521951667915, 7.679676155932618, 7.439084649336905, 6.723975774792768, 6.975052450698847, 5.270899561744654, 4.938505453069784, 4.894510943904406, 4.533620443971904, 2.6845190705226885, 3.04179221676958, 1.7927535190315478, 0.0, 1.779060263172667], [9.60259181106851, 9.729934588166563, 8.73030621971532, 7.317074568432387, 6.53471727697534, 5.136489894860108, 4.687562249186671, 3.4936697124942997, 2.139703713134134, 2.5087186570040094, 1.0934976085936357, 10.53410350575691, 8.78093571494519, 9.617951909840267, 9.861682426442256, 10.713824238338054, 8.79313116358445, 9.206162543101224, 7.488472085812967, 6.919233953263902, 6.61288424668087, 7.193724773022665, 5.376071187214693, 4.573748826728464, 5.574375337201469, 4.813689937044138, 3.8156669063218818, 3.7380848291605155, 1.777321113361342, 1.779060263172667, 0.0]]}