{"total energy": -35.05884501, "HOMO-LUMO gap/eV": 1.94078674, "electronic energy": -35.72883895, "dipole": [-2.83e-06, 1.934e-05, 3.015e-05], "partial charges": [-0.03001345, -0.03001404, -0.03641443, 0.01603061, -0.04541761, 0.01603417, -0.03642585, -0.03001495, -0.03001524, -0.03642001, 0.016032, -0.04542161, 0.01602242, -0.03642555, 0.0283384, 0.02833868, 0.02941863, 0.0307176, 0.02941242, 0.02834067, 0.02833683, 0.02942339, 0.03072282, 0.0294141], "atomic dipole moments": [[0.02053026, -0.02961471, 0.00068042], [0.02138716, 0.0288545, -0.00241236], [-0.04851552, 0.00713338, 0.00167679], [0.01890106, 0.03292762, -0.00247899], [0.00018933, 0.01325373, -0.00070241], [-0.01781853, 0.03359789, -0.00096955], [0.04869551, 0.00543113, -0.00236452], [-0.02053283, 0.02961583, -0.0006379], [-0.02138889, -0.02885954, 0.00238292], [0.04852518, -0.00711227, -0.00169495], [-0.01889326, -0.0329832, 0.00250977], [-0.00021998, -0.01322078, 0.00067242], [0.0178264, -0.03360902, 0.00099711], [-0.04868629, -0.00542029, 0.00232182], [0.13188806, 0.07341049, -0.00938672], [0.12956868, -0.0779688, -0.00143731], [0.00643677, -0.15093868, 0.0075176], [-0.00231724, -0.15128004, 0.00790806], [-0.01104623, -0.150645, 0.0082638], [-0.13188933, -0.07341107, 0.00935869], [-0.12956803, 0.07796828, 0.00146481], [-0.00644635, 0.15094843, -0.0075129], [0.00232705, 0.15129078, -0.0079013], [0.01104677, 0.15064643, -0.00823618]], "atomic quadrupole moments": [[-0.30482273, 0.0131491, -0.2204414, 0.03459817, 0.03813451, 0.52526413], [-0.30545412, -0.00695742, -0.21971071, 0.03562243, 0.03893823, 0.52516483], [-0.24395199, -0.02470985, -0.26213279, 0.03318527, 0.0408637, 0.50608478], [-0.2121331, -0.01253036, -0.1877931, 0.02665965, 0.03099197, 0.3999262], [-0.2183447, 0.00082991, -0.26554965, 0.02978761, 0.03879738, 0.48389435], [-0.21125334, 0.0159999, -0.18879427, 0.02513704, 0.02985368, 0.4000476], [-0.24237539, 0.02742715, -0.26395392, 0.03040979, 0.03879721, 0.50632931], [-0.30482656, 0.01314825, -0.22043828, 0.03459524, 0.03812805, 0.52526485], [-0.30544848, -0.00696567, -0.21971172, 0.0356689, 0.03895457, 0.5251602], [-0.24392518, -0.02468801, -0.26217081, 0.0331475, 0.04088821, 0.50609599], [-0.21206356, -0.01252487, -0.18785565, 0.02665461, 0.03104311, 0.39991921], [-0.21831085, 0.00083759, -0.26559948, 0.02978711, 0.03885356, 0.48391032], [-0.21125868, 0.01601724, -0.18880383, 0.02513841, 0.02990308, 0.4000625], [-0.24237118, 0.02740883, -0.26396921, 0.03040695, 0.03879348, 0.50634039], [0.03073753, -0.00618767, 0.03779369, -0.00389203, -0.00524711, -0.06853122], [0.03109119, 0.00594122, 0.03739593, -0.00454914, -0.00573706, -0.06848712], [0.03675987, 0.00620724, 0.02979757, -0.00471297, -0.00526009, -0.06655744], [0.03284127, -0.00022359, 0.03127679, -0.00410704, -0.00493421, -0.06411806], [0.03636433, -0.00683572, 0.03023833, -0.00401955, -0.00472439, -0.06660266], [0.03073666, -0.00618747, 0.03779285, -0.00390641, -0.00525618, -0.06852952], [0.03109122, 0.00593932, 0.03739549, -0.00453731, -0.00574782, -0.06848671], [0.036762, 0.00622376, 0.02978611, -0.00471112, -0.00526842, -0.06654811], [0.03284384, -0.00023985, 0.03126347, -0.00410592, -0.00494693, -0.06410732], [0.03636379, -0.00683684, 0.03023698, -0.00402302, -0.00474035, -0.06660078]], "number of molecular orbitals": 66, "number of electrons": 66, "number of unpaired electrons": 0, "orbital energies/eV": [-17.69197355, -17.52314755, -17.18988863, -16.96755654, -16.7385727, -16.70788871, -16.27937433, -15.94135341, -15.69306758, -15.50349097, -15.35621103, -14.61316175, -14.44217139, -14.15293532, -13.58074841, -13.52458642, -13.49341631, -13.40425577, -13.3760714, -12.91777608, -12.84607279, -12.76055776, -12.62824422, -12.35019724, -12.06420847, -11.81225095, -11.71190685, -11.61403895, -11.23616916, -11.1888833, -10.93412255, -10.89222137, -9.69721764, -7.7564309, -6.12394848, -6.10201307, -4.86264982, -4.74876976, -2.68599897, -1.10641953, 2.55197284, 3.2210474, 3.41684453, 3.47281793, 3.62614365, 4.14942101, 4.35946878, 4.56996238, 4.60805826, 5.20135129, 6.48028243, 6.54791723, 7.09979728, 8.03087401, 10.46660171, 10.56589155, 10.9529659, 11.22270702, 12.89044532, 13.07272301, 13.54967928, 13.98560387, 16.20299287, 16.55847959, 18.70950599, 19.40692024], "fractional occupation": [2.0, 2.0, 2.0, 2.0, 2.0, 2.0, 2.0, 2.0, 2.0, 2.0, 2.0, 2.0, 2.0, 2.0, 2.0, 2.0, 2.0, 2.0, 2.0, 2.0, 2.0, 2.0, 2.0, 2.0, 2.0, 2.0, 2.0, 2.0, 2.0, 2.0, 2.0, 2.0, 2.0, 0.0, 0.0, 0.0, 0.0, 0.0, 0.0, 0.0, 0.0, 0.0, 0.0, 0.0, 0.0, 0.0, 0.0, 0.0, 0.0, 0.0, 0.0, 0.0, 0.0, 0.0, 0.0, 0.0, 0.0, 0.0, 0.0, 0.0, 0.0, 0.0, 0.0, 0.0, 0.0, 0.0], "program call": "xtb /home/svss/Project-DBcg-Debug/aqme2_20220329/End-to-End-workflows-final/example-3/QDESCP/mol_769_rdkit_conf_1/mol_769_rdkit_conf_1.xyz --pop --wbo --acc 0.2 --gfn 2 --chrg 0 --uhf 0 --etemp 300 --input /home/svss/Project-DBcg-Debug/aqme2_20220329/End-to-End-workflows-final/example-3/QDESCP/mol_769_rdkit_conf_1/mol_769_rdkit_conf_1_xtb.inp", "method": "GFN2-xTB", "xtb version": "6.3.3 (7355c4f)", "Dipole module/D": 0.0, "Total charge": 0, "Transition dipole module/D": NaN, "HOMO": -9.6972, "LUMO": -7.7564, "HOMO occupancy": 2.0, "LUMO occupancy": 0, "mulliken charges": [-0.0278, -0.02781, -0.03666, 0.01021, -0.04656, 0.01021, -0.03667, -0.02781, -0.02781, -0.03666, 0.01021, -0.04657, 0.0102, -0.03667, 0.0302, 0.0302, 0.03106, 0.03256, 0.03106, 0.0302, 0.0302, 0.03106, 0.03257, 0.03106], "cm5 charges": [-0.08312, -0.08313, -0.08928, 0.00296, -0.0964, 0.00296, -0.08928, -0.08313, -0.08313, -0.08928, 0.00296, -0.09641, 0.00295, -0.08928, 0.08559, 0.08559, 0.08724, 0.08965, 0.08723, 0.08559, 0.08559, 0.08724, 0.08966, 0.08723], "FUKUI+": [-0.03, -0.03, -0.035, -0.017, -0.048, -0.017, -0.035, -0.03, -0.03, -0.035, -0.017, -0.048, -0.017, -0.035, -0.061, -0.061, -0.055, -0.059, -0.055, -0.061, -0.061, -0.055, -0.059, -0.055], "FUKUI-": [-0.03, -0.03, -0.035, -0.018, -0.047, -0.018, -0.035, -0.03, -0.03, -0.035, -0.018, -0.047, -0.018, -0.035, -0.06, -0.06, -0.055, -0.057, -0.055, -0.06, -0.06, -0.055, -0.057, -0.055], "FUKUIrad": [-0.03, -0.03, -0.035, -0.017, -0.047, -0.017, -0.035, -0.03, -0.03, -0.035, -0.017, -0.047, -0.017, -0.035, -0.061, -0.061, -0.055, -0.058, -0.055, -0.061, -0.061, -0.055, -0.058, -0.055], "s proportion": [1.06, 1.06, 1.065, 1.071, 1.069, 1.071, 1.065, 1.06, 1.06, 1.065, 1.071, 1.069, 1.071, 1.065, 0.97, 0.97, 0.969, 0.967, 0.969, 0.97, 0.97, 0.969, 0.967, 0.969], "p proportion": [2.968, 2.968, 2.972, 2.919, 2.978, 2.919, 2.972, 2.968, 2.968, 2.972, 2.919, 2.978, 2.919, 2.972, 0.0, 0.0, 0.0, 0.0, 0.0, 0.0, 0.0, 0.0, 0.0, 0.0], "d proportion": [0.0, 0.0, 0.0, 0.0, 0.0, 0.0, 0.0, 0.0, 0.0, 0.0, 0.0, 0.0, 0.0, 0.0, 0.0, 0.0, 0.0, 0.0, 0.0, 0.0, 0.0, 0.0, 0.0, 0.0], "Fermi-level/eV": -8.7268, "Coordination numbers": [2.91, 2.91, 2.918, 2.981, 2.923, 2.981, 2.918, 2.91, 2.91, 2.918, 2.981, 2.923, 2.981, 2.918, 0.925, 0.925, 0.925, 0.925, 0.925, 0.925, 0.925, 0.925, 0.925, 0.925], "Dispersion coefficient C6": [28.749, 28.749, 28.906, 27.647, 29.128, 27.647, 28.906, 28.749, 28.749, 28.906, 27.647, 29.128, 27.647, 28.906, 2.61, 2.61, 2.595, 2.576, 2.595, 2.61, 2.61, 2.595, 2.576, 2.595], "Total dispersion C6": 8258.701581, "Total dispersion C8": 209875.29883, "Polarizability alpha": [8.792, 8.792, 8.817, 8.625, 8.851, 8.625, 8.817, 8.792, 8.792, 8.817, 8.625, 8.851, 8.625, 8.817, 2.526, 2.526, 2.519, 2.51, 2.519, 2.526, 2.526, 2.519, 2.51, 2.519], "Total polarizability alpha": 147.837648, "Wiberg matrix": [[0.0, 1.3367973178841268, 0.0, 0.0, 0.0, 0.0, 0.0, 0.0, 0.0, 0.0, 0.0, 0.0, 0.0, 1.5402768901717967, 0.9713476725157449, 0.0, 0.0, 0.0, 0.0, 0.0, 0.0, 0.0, 0.0, 0.0], [1.3367973178841268, 0.0, 1.540214210962815, 0.0, 0.0, 0.0, 0.0, 0.0, 0.0, 0.0, 0.0, 0.0, 0.0, 0.0, 0.0, 0.9713506001953595, 0.0, 0.0, 0.0, 0.0, 0.0, 0.0, 0.0, 0.0], [0.0, 1.540214210962815, 0.0, 1.2730689138041063, 0.0, 0.0, 0.0, 0.0, 0.0, 0.0, 0.0, 0.0, 0.0, 0.13640898170619947, 0.0, 0.0, 0.9697280477632086, 0.0, 0.0, 0.0, 0.0, 0.0, 0.0, 0.0], [0.0, 0.0, 1.2730689138041063, 0.0, 1.3569249157785648, 0.0, 0.0, 0.0, 0.0, 0.0, 0.0, 0.0, 1.1965049391435345, 0.0, 0.0, 0.0, 0.0, 0.0, 0.0, 0.0, 0.0, 0.0, 0.0, 0.0], [0.0, 0.0, 0.0, 1.3569249157785648, 0.0, 1.3569646290832065, 0.0, 0.0, 0.0, 0.0, 0.0, 0.1569533710425764, 0.0, 0.0, 0.0, 0.0, 0.0, 0.9675212424582248, 0.0, 0.0, 0.0, 0.0, 0.0, 0.0], [0.0, 0.0, 0.0, 0.0, 1.3569646290832065, 0.0, 1.2729368938982915, 0.0, 0.0, 0.0, 1.196614064663125, 0.0, 0.0, 0.0, 0.0, 0.0, 0.0, 0.0, 0.0, 0.0, 0.0, 0.0, 0.0, 0.0], [0.0, 0.0, 0.0, 0.0, 0.0, 1.2729368938982915, 0.0, 1.5402885180417636, 0.0, 0.13641894390216486, 0.0, 0.0, 0.0, 0.0, 0.0, 0.0, 0.0, 0.0, 0.9697345797905691, 0.0, 0.0, 0.0, 0.0, 0.0], [0.0, 0.0, 0.0, 0.0, 0.0, 0.0, 1.5402885180417636, 0.0, 1.3367899799257963, 0.0, 0.0, 0.0, 0.0, 0.0, 0.0, 0.0, 0.0, 0.0, 0.0, 0.9713484691721646, 0.0, 0.0, 0.0, 0.0], [0.0, 0.0, 0.0, 0.0, 0.0, 0.0, 0.0, 1.3367899799257963, 0.0, 1.540241421191819, 0.0, 0.0, 0.0, 0.0, 0.0, 0.0, 0.0, 0.0, 0.0, 0.0, 0.9713502432221998, 0.0, 0.0, 0.0], [0.0, 0.0, 0.0, 0.0, 0.0, 0.0, 0.13641894390216486, 0.0, 1.540241421191819, 0.0, 1.273030377900734, 0.0, 0.0, 0.0, 0.0, 0.0, 0.0, 0.0, 0.0, 0.0, 0.0, 0.9697318303624161, 0.0, 0.0], [0.0, 0.0, 0.0, 0.0, 0.0, 1.196614064663125, 0.0, 0.0, 0.0, 1.273030377900734, 0.0, 1.356842922751247, 0.0, 0.0, 0.0, 0.0, 0.0, 0.0, 0.0, 0.0, 0.0, 0.0, 0.0, 0.0], [0.0, 0.0, 0.0, 0.0, 0.1569533710425764, 0.0, 0.0, 0.0, 0.0, 0.0, 1.356842922751247, 0.0, 1.3570468703873255, 0.0, 0.0, 0.0, 0.0, 0.0, 0.0, 0.0, 0.0, 0.0, 0.96752378758551, 0.0], [0.0, 0.0, 0.0, 1.1965049391435345, 0.0, 0.0, 0.0, 0.0, 0.0, 0.0, 0.0, 1.3570468703873255, 0.0, 1.2729536039297535, 0.0, 0.0, 0.0, 0.0, 0.0, 0.0, 0.0, 0.0, 0.0, 0.0], [1.5402768901717967, 0.0, 0.13640898170619947, 0.0, 0.0, 0.0, 0.0, 0.0, 0.0, 0.0, 0.0, 0.0, 1.2729536039297535, 0.0, 0.0, 0.0, 0.0, 0.0, 0.0, 0.0, 0.0, 0.0, 0.0, 0.9697337247150407], [0.9713476725157449, 0.0, 0.0, 0.0, 0.0, 0.0, 0.0, 0.0, 0.0, 0.0, 0.0, 0.0, 0.0, 0.0, 0.0, 0.0, 0.0, 0.0, 0.0, 0.0, 0.0, 0.0, 0.0, 0.0], [0.0, 0.9713506001953595, 0.0, 0.0, 0.0, 0.0, 0.0, 0.0, 0.0, 0.0, 0.0, 0.0, 0.0, 0.0, 0.0, 0.0, 0.0, 0.0, 0.0, 0.0, 0.0, 0.0, 0.0, 0.0], [0.0, 0.0, 0.9697280477632086, 0.0, 0.0, 0.0, 0.0, 0.0, 0.0, 0.0, 0.0, 0.0, 0.0, 0.0, 0.0, 0.0, 0.0, 0.0, 0.0, 0.0, 0.0, 0.0, 0.0, 0.0], [0.0, 0.0, 0.0, 0.0, 0.9675212424582248, 0.0, 0.0, 0.0, 0.0, 0.0, 0.0, 0.0, 0.0, 0.0, 0.0, 0.0, 0.0, 0.0, 0.0, 0.0, 0.0, 0.0, 0.0, 0.0], [0.0, 0.0, 0.0, 0.0, 0.0, 0.0, 0.9697345797905691, 0.0, 0.0, 0.0, 0.0, 0.0, 0.0, 0.0, 0.0, 0.0, 0.0, 0.0, 0.0, 0.0, 0.0, 0.0, 0.0, 0.0], [0.0, 0.0, 0.0, 0.0, 0.0, 0.0, 0.0, 0.9713484691721646, 0.0, 0.0, 0.0, 0.0, 0.0, 0.0, 0.0, 0.0, 0.0, 0.0, 0.0, 0.0, 0.0, 0.0, 0.0, 0.0], [0.0, 0.0, 0.0, 0.0, 0.0, 0.0, 0.0, 0.0, 0.9713502432221998, 0.0, 0.0, 0.0, 0.0, 0.0, 0.0, 0.0, 0.0, 0.0, 0.0, 0.0, 0.0, 0.0, 0.0, 0.0], [0.0, 0.0, 0.0, 0.0, 0.0, 0.0, 0.0, 0.0, 0.0, 0.9697318303624161, 0.0, 0.0, 0.0, 0.0, 0.0, 0.0, 0.0, 0.0, 0.0, 0.0, 0.0, 0.0, 0.0, 0.0], [0.0, 0.0, 0.0, 0.0, 0.0, 0.0, 0.0, 0.0, 0.0, 0.0, 0.0, 0.96752378758551, 0.0, 0.0, 0.0, 0.0, 0.0, 0.0, 0.0, 0.0, 0.0, 0.0, 0.0, 0.0], [0.0, 0.0, 0.0, 0.0, 0.0, 0.0, 0.0, 0.0, 0.0, 0.0, 0.0, 0.0, 0.0, 0.9697337247150407, 0.0, 0.0, 0.0, 0.0, 0.0, 0.0, 0.0, 0.0, 0.0, 0.0]], "Born radii": [], "Atomic SASAs": [], "Solvent H bonds": [], "Total SASA": NaN, "Total FOD": 0.0, "FOD": [0.0, 0.0, 0.0, 0.0, 0.0, 0.0, 0.0, 0.0, 0.0, 0.0, 0.0, 0.0, 0.0, 0.0, 0.0, 0.0, 0.0, 0.0, 0.0, 0.0, 0.0, 0.0, 0.0, 0.0], "FOD s proportion": [0.0, 0.0, 0.0, 0.0, 0.0, 0.0, 0.0, 0.0, 0.0, 0.0, 0.0, 0.0, 0.0, 0.0, 0.0, 0.0, 0.0, 0.0, 0.0, 0.0, 0.0, 0.0, 0.0, 0.0], "FOD p proportion": [0.0, 0.0, 0.0, 0.0, 0.0, 0.0, 0.0, 0.0, 0.0, 0.0, 0.0, 0.0, 0.0, 0.0, 0.0, 0.0, 0.0, 0.0, 0.0, 0.0, 0.0, 0.0, 0.0, 0.0], "FOD d proportion": [0.0, 0.0, 0.0, 0.0, 0.0, 0.0, 0.0, 0.0, 0.0, 0.0, 0.0, 0.0, 0.0, 0.0, 0.0, 0.0, 0.0, 0.0, 0.0, 0.0, 0.0, 0.0, 0.0, 0.0], "coordinates": [["3.66700", "0.63050", "-0.04460"], ["3.64560", "-0.75880", "0.02800"], ["2.42680", "-1.43330", "0.11440"], ["1.21310", "-0.72620", "0.12930"], ["-0.02140", "-1.39110", "0.21580"], ["-1.23470", "-0.68320", "0.23060"], ["-2.46960", "-1.34740", "0.31710"], ["-3.66700", "-0.63050", "0.33080"], ["-3.64560", "0.75880", "0.25810"], ["-2.42680", "1.43330", "0.17170"], ["-1.21310", "0.72610", "0.15690"], ["0.02140", "1.39110", "0.07030"], ["1.23470", "0.68320", "0.05560"], ["2.46960", "1.34740", "-0.03100"], ["4.61490", "1.15790", "-0.11200"], ["4.57680", "-1.31910", "0.01760"], ["2.43070", "-2.51960", "0.17030"], ["-0.03810", "-2.47780", "0.27260"], ["-2.50680", "-2.43300", "0.37480"], ["-4.61490", "-1.15790", "0.39810"], ["-4.57680", "1.31910", "0.26860"], ["-2.43070", "2.51960", "0.11580"], ["0.03810", "2.47780", "0.01350"], ["2.50680", "2.43300", "-0.08860"]], "bond_dist": [[0.0, 1.3913602013856798, 2.4130162618598323, 2.80935959072526, 4.214139209850571, 5.08214576925928, 6.457613712510218, 7.451080603509802, 7.319986812829651, 6.150257878333233, 4.885193713661721, 3.725870868669498, 2.434933391286094, 1.3956709246810295, 1.086833901753161, 2.1523347880847905, 3.3908331881707188, 4.846639117986813, 6.904834179761307, 8.484351799636787, 8.278436002047728, 6.385637968128164, 4.0724449793705, 2.144063033121927], [1.3913602013856798, 0.0, 1.3956678150620225, 2.4348266262713656, 3.7258503901794016, 4.885088557027395, 6.150260141652546, 7.319990948764896, 7.451016924554661, 6.45755324097293, 5.082175607945873, 4.214105473288489, 2.8093708494963776, 2.412993045990808, 2.152412920422101, 1.086819989694706, 2.143979463521048, 4.072399274383591, 6.385549439163399, 8.278412593607545, 8.484304245487664, 6.904856051359796, 4.846632445317057, 3.390877208039241], [2.4130162618598323, 1.3956678150620225, 0.0, 1.404734889578813, 2.45066236760595, 3.7393495022530323, 4.901346657807423, 6.150261396070902, 6.45755324097293, 5.637207802627112, 4.232456334092532, 3.710138721126206, 2.429841990747547, 2.784827730758224, 3.3990228022183078, 2.155205762798532, 1.0877443219801242, 2.6817418779591744, 5.040596910089121, 7.052791627433778, 7.526612542173273, 6.262645337235695, 4.583968990950964, 3.8724520255259454], [2.80935959072526, 2.4348266262713656, 1.404734889578813, 0.0, 1.4048361149970485, 2.4502725419838502, 3.7394434839959807, 4.885195671618487, 5.08220229133001, 4.232506352033036, 2.827787737790798, 2.4303475430481134, 1.4114909174344694, 2.4298776306637335, 3.896190670385627, 3.4173798428035482, 2.168066954685671, 2.157345333969506, 4.100133229542669, 5.850145496481262, 6.142116784138836, 4.879823596196895, 3.4146230597241622, 3.4207725355539207], [4.214139209850571, 3.7258503901794016, 2.45066236760595, 1.4048361149970485, 0.0, 1.4047912086854757, 2.4506845207002876, 3.725873953852975, 4.214105473288489, 3.710138721126206, 2.430257998649526, 2.786330728754216, 2.430261660809387, 3.7101716254103394, 5.300955718547364, 4.603032748091198, 2.699699411045607, 1.0883115454684837, 2.6996388221389913, 4.603027023600882, 5.300909454046542, 4.594377104679154, 3.8746422738105775, 4.594365615620942], [5.08214576925928, 4.885088557027395, 3.7393495022530323, 2.4502725419838502, 1.4047912086854757, 0.0, 1.4048565407186597, 2.434933391286094, 2.8093698688495965, 2.4298444127145267, 1.4113910655803372, 2.4302682547406165, 2.8276510251443687, 4.232447212901775, 6.1420553668947, 5.850065816723776, 4.1001412426890855, 2.157360591092736, 2.1681402376230188, 3.4174769026286036, 3.8961880986420563, 3.4207488770735566, 3.4145385120100777, 4.879693979134347], [6.457613712510218, 6.150260141652546, 4.901346657807423, 3.7394434839959807, 2.4506845207002876, 1.4048565407186597, 0.0, 1.3956719027049302, 2.412993045990808, 2.784827730758224, 2.4297856983693027, 3.7101716254103394, 4.2324410332572855, 5.637270375811329, 7.526672249407436, 7.052818876165756, 5.040688759485156, 2.681786095123919, 1.0877685829256147, 2.155175941773664, 3.398950770458437, 3.8724312647224615, 4.583981597912452, 6.262633121140021], [7.451080603509802, 7.319990948764896, 6.150261396070902, 4.885195671618487, 3.725873953852975, 2.434933391286094, 1.3956719027049302, 0.0, 1.391365422885016, 2.413022853186434, 2.809311299945237, 4.214145390230384, 5.08214576925928, 6.457619314422305, 8.484357018065658, 8.278436002047728, 6.3856404807975204, 4.072446407259401, 2.144063033121927, 1.0868277048364197, 2.1523347880847905, 3.390839527314733, 4.8466456637555, 6.904834179761307], [7.319986812829651, 7.451016924554661, 6.45755324097293, 5.08220229133001, 4.214105473288489, 2.8093698688495965, 2.412993045990808, 1.391365422885016, 0.0, 1.3956678150620225, 2.434823808820671, 3.7258503901794016, 4.885084410734374, 6.150260141652546, 8.278412593607545, 8.48430141025176, 6.904856051359796, 4.846632445317057, 3.3908806481502705, 2.152412920422101, 1.0868209512150568, 2.143979463521048, 4.072399274383591, 6.385544008931424], [6.150257878333233, 6.45755324097293, 5.637207802627112, 4.232506352033036, 3.710138721126206, 2.4298444127145267, 2.784827730758224, 2.413022853186434, 1.3956678150620225, 0.0, 1.4047841720349785, 2.45066236760595, 3.739346396096516, 4.901346657807423, 7.052791627433778, 7.526610494106893, 6.262645337235695, 4.583968990950964, 3.8724572689701815, 3.3990228022183078, 2.1552102565643105, 1.0877443219801242, 2.6817418779591744, 5.040591745023594], [4.885193713661721, 5.082175607945873, 4.232456334092532, 2.827787737790798, 2.430257998649526, 1.4113910655803372, 2.4297856983693027, 2.809311299945237, 2.434823808820671, 1.4047841720349785, 0.0, 1.4048896077628308, 2.4502707891169906, 3.739465120842819, 5.850157472239529, 6.142083485267845, 4.8797568064402554, 3.4145258382387444, 3.4206801823613966, 3.896136121852007, 3.417397193771892, 2.1681515675800895, 2.1574331716185324, 4.100174858466405], [3.725870868669498, 4.214105473288489, 3.710138721126206, 2.4303475430481134, 2.786330728754216, 2.4302682547406165, 3.7101716254103394, 4.214145390230384, 3.7258503901794016, 2.45066236760595, 1.4048896077628308, 0.0, 1.4047901587069862, 2.4506845207002876, 4.603027023600882, 5.300908458934186, 4.594377104679154, 3.8746422738105775, 4.594372242211116, 5.300955718547364, 4.603037055032254, 2.699699411045607, 1.0883115454684837, 2.699632934307922], [2.434933391286094, 2.8093708494963776, 2.429841990747547, 1.4114909174344694, 2.430261660809387, 2.8276510251443687, 4.2324410332572855, 5.08214576925928, 4.885084410734374, 3.739346396096516, 2.4502707891169906, 1.4047901587069862, 0.0, 1.4048627014765533, 3.417481805364879, 3.8961880986420563, 3.420745522543295, 3.4145321553618437, 4.879693979134347, 6.142049789768884, 5.850065816723776, 4.100139773227249, 2.1573625402328647, 2.1681402376230188], [1.3956709246810295, 2.412993045990808, 2.784827730758224, 2.4298776306637335, 3.7101716254103394, 4.232447212901775, 5.637270375811329, 6.457619314422305, 6.150260141652546, 4.901346657807423, 3.739465120842819, 2.4506845207002876, 1.4048627014765533, 0.0, 2.155175941773664, 3.398952198840108, 3.8724312647224615, 4.583981597912452, 6.262639600040864, 7.526672249407436, 7.05282312340243, 5.040688759485156, 2.681786095123919, 1.0877632830721948], [1.086833901753161, 2.152412920422101, 3.3990228022183078, 3.896190670385627, 5.300955718547364, 6.1420553668947, 7.526672249407436, 8.484357018065658, 8.278412593607545, 7.052791627433778, 5.850157472239529, 4.603027023600882, 3.417481805364879, 2.155175941773664, 0.0, 2.480680706983468, 4.286540467556558, 5.917486007588019, 7.990628757488361, 9.529550865072288, 9.200988571343844, 7.179596025543498, 4.764974763836635, 2.4638411434181378], [2.1523347880847905, 1.086819989694706, 2.155205762798532, 3.4173798428035482, 4.603032748091198, 5.850065816723776, 7.052818876165756, 8.278436002047728, 8.48430141025176, 7.526610494106893, 6.142083485267845, 5.300908458934186, 3.8961880986420563, 3.398952198840108, 2.480680706983468, 0.0, 2.4637903218415325, 4.764967229687944, 7.179537172408819, 9.200984435374295, 9.529506451018333, 7.9906393473864155, 5.917454191626666, 4.286540895640679], [3.3908331881707188, 2.143979463521048, 1.0877443219801242, 2.168066954685671, 2.699699411045607, 4.1001412426890855, 5.040688759485156, 6.3856404807975204, 6.904856051359796, 6.262645337235695, 4.8797568064402554, 4.594377104679154, 3.420745522543295, 3.8724312647224615, 4.286540467556558, 2.4637903218415325, 0.0, 2.471272135965604, 4.942491887701992, 7.179596025543498, 7.990640576950011, 7.002122310414179, 5.54284473533221, 4.959946288015628], [4.846639117986813, 4.072399274383591, 2.6817418779591744, 2.157345333969506, 1.0883115454684837, 2.157360591092736, 2.681786095123919, 4.072446407259401, 4.846632445317057, 4.583968990950964, 3.4145258382387444, 3.8746422738105775, 3.4145321553618437, 4.583981597912452, 5.917486007588019, 4.764967229687944, 2.471272135965604, 0.0, 2.471220663963459, 4.764974763836635, 5.917454123185072, 5.54284473533221, 4.9629538190476845, 5.542827625860288], [6.904834179761307, 6.385549439163399, 5.040596910089121, 4.100133229542669, 2.6996388221389913, 2.1681402376230188, 1.0877685829256147, 2.144063033121927, 3.3908806481502705, 3.8724572689701815, 3.4206801823613966, 4.594372242211116, 4.879693979134347, 6.262639600040864, 7.990628757488361, 7.179537172408819, 4.942491887701992, 2.471220663963459, 0.0, 2.4638401957107523, 4.286540895640679, 4.9599515088355455, 5.542834143288071, 7.002062590408629], [8.484351799636787, 8.278412593607545, 7.052791627433778, 5.850145496481262, 4.603027023600882, 3.4174769026286036, 2.155175941773664, 1.0868277048364197, 2.152412920422101, 3.3990228022183078, 3.896136121852007, 5.300955718547364, 6.142049789768884, 7.526672249407436, 9.529550865072288, 9.200984435374295, 7.179596025543498, 4.764974763836635, 2.4638401957107523, 0.0, 2.4806754846210737, 4.286540467556558, 5.917486007588019, 7.990622665975411], [8.278436002047728, 8.484304245487664, 7.526612542173273, 6.142116784138836, 5.300909454046542, 3.8961880986420563, 3.398950770458437, 2.1523347880847905, 1.0868209512150568, 2.1552102565643105, 3.417397193771892, 4.603037055032254, 5.850065816723776, 7.05282312340243, 9.200988571343844, 9.529506451018333, 7.990640576950011, 5.917454123185072, 4.286540895640679, 2.4806754846210737, 0.0, 2.4637965216307944, 4.764972582292578, 7.179537172408819], [6.385637968128164, 6.904856051359796, 6.262645337235695, 4.879823596196895, 4.594377104679154, 3.4207488770735566, 3.8724312647224615, 3.390839527314733, 2.143979463521048, 1.0877443219801242, 2.1681515675800895, 2.699699411045607, 4.100139773227249, 5.040688759485156, 7.179596025543498, 7.9906393473864155, 7.002122310414179, 5.54284473533221, 4.9599515088355455, 4.286540467556558, 2.4637965216307944, 0.0, 2.471272135965604, 4.9424877511229095], [4.0724449793705, 4.846632445317057, 4.583968990950964, 3.4146230597241622, 3.8746422738105775, 3.4145385120100777, 4.583981597912452, 4.8466456637555, 4.072399274383591, 2.6817418779591744, 2.1574331716185324, 1.0883115454684837, 2.1573625402328647, 2.681786095123919, 4.764974763836635, 5.917454191626666, 5.54284473533221, 4.9629538190476845, 5.542834143288071, 5.917486007588019, 4.764972582292578, 2.471272135965604, 0.0, 2.4712165303752727], [2.144063033121927, 3.390877208039241, 3.8724520255259454, 3.4207725355539207, 4.594365615620942, 4.879693979134347, 6.262633121140021, 6.904834179761307, 6.385544008931424, 5.040591745023594, 4.100174858466405, 2.699632934307922, 2.1681402376230188, 1.0877632830721948, 2.4638411434181378, 4.286540895640679, 4.959946288015628, 5.542827625860288, 7.002062590408629, 7.990622665975411, 7.179537172408819, 4.9424877511229095, 2.4712165303752727, 0.0]]}