{"total energy": -19.86072154, "HOMO-LUMO gap/eV": 3.70682282, "electronic energy": -20.11166511, "dipole": [-0.53646013, 0.06065135, -1.28504413], "partial charges": [-0.10447613, -0.03113316, -0.09926949, 0.2336925, -0.37001396, -0.13274656, 0.03668963, 0.04396105, 0.04041673, 0.05708062, 0.04601263, 0.0374134, 0.04193029, 0.06354849, 0.06636847, 0.07052547], "atomic dipole moments": [[0.02275822, -0.08158099, 0.08008812], [0.02861233, -0.03410485, -0.0943137], [0.05158203, 0.10014325, 0.03619453], [0.0071143, 0.00139771, 0.0218472], [-0.06046367, 0.00922716, -0.14926113], [-0.0584429, 0.01538149, 0.05394422], [0.06195495, 0.1072332, 0.03211374], [-0.1241906, 0.02841002, -0.00508621], [0.03587341, -0.02541246, -0.11859398], [-0.0499297, 0.03529545, 0.11130041], [-0.12708824, 0.01015035, -0.00459804], [0.03573641, -0.04077121, -0.11345098], [0.02722718, -0.09665592, 0.08061167], [-0.04121519, -0.09921821, -0.07902113], [0.12071218, -0.03808541, 0.04052546], [0.01474638, 0.12048706, -0.06315854]], "atomic quadrupole moments": [[-0.11154117, -0.0446151, 0.07421273, 0.04045437, -0.17251238, 0.03732845], [0.03587096, 0.03248021, 0.0684328, 0.12910051, -0.08127713, -0.10430376], [-0.0639097, 0.13676553, 0.14404654, 0.04576628, 0.0929806, -0.08013683], [-0.29332416, 0.13696224, 0.63657012, -0.02018972, 0.00295201, -0.34324596], [-0.12667011, 0.0625043, 0.2634653, -0.00181171, 0.00171522, -0.13679518], [-0.0048805, -0.01662956, -0.1324514, -0.12699469, 0.01819487, 0.1373319], [-0.01383617, 0.04847617, 0.0354879, 0.03013443, 0.02665879, -0.02165173], [0.07668823, -0.01616615, -0.04113852, -0.00719297, -0.01274727, -0.03554971], [-0.03234243, -0.02153491, -0.0209355, -0.03691017, 0.03434239, 0.05327792], [-0.00993673, -0.00786766, -0.01313709, -0.01445816, 0.00794923, 0.02307381], [0.07373645, -0.02290603, -0.02613876, 0.00207433, 0.01133486, -0.04759769], [-0.02573033, 0.00084259, -0.03373518, -0.04630182, 0.02179639, 0.05946551], [-0.03745, -0.01471886, 0.01891161, 0.02920976, -0.05234793, 0.0185384], [-0.00772872, 0.03171596, 0.00433934, 0.03471719, 0.06074821, 0.00338938], [0.05717835, -0.03015098, -0.04201001, 0.03393737, -0.00895085, -0.01516834], [-0.03130996, -0.00475268, 0.0509233, 0.00249446, -0.0599071, -0.01961333]], "number of molecular orbitals": 34, "number of electrons": 36, "number of unpaired electrons": 0, "orbital energies/eV": [-19.06924864, -17.56658822, -17.01662958, -16.41550602, -16.15607287, -15.18996067, -14.62249048, -14.51209105, -14.33370933, -13.6496461, -13.41494721, -13.14732676, -12.97514758, -12.83218005, -12.52482751, -12.33958672, -12.00283075, -10.67345498, -6.96663215, 1.63408339, 2.31058581, 3.08248105, 3.33832332, 3.39360165, 4.46388508, 4.73026009, 4.96397362, 5.23776066, 5.49560611, 6.14072181, 6.53902215, 7.18596681, 7.84962944, 14.74381045], "fractional occupation": [2.0, 2.0, 2.0, 2.0, 2.0, 2.0, 2.0, 2.0, 2.0, 2.0, 2.0, 2.0, 2.0, 2.0, 2.0, 2.0, 2.0, 2.0, 0.0, 0.0, 0.0, 0.0, 0.0, 0.0, 0.0, 0.0, 0.0, 0.0, 0.0, 0.0, 0.0, 0.0, 0.0, 0.0], "program call": "xtb /home/svss/Project-DBcg-Debug/aqme2_20220329/End-to-End-workflows-final/example-3/QDESCP/mol_975_rdkit_conf_2/mol_975_rdkit_conf_2.xyz --pop --wbo --acc 0.2 --gfn 2 --chrg 0 --uhf 0 --etemp 300 --input /home/svss/Project-DBcg-Debug/aqme2_20220329/End-to-End-workflows-final/example-3/QDESCP/mol_975_rdkit_conf_2/mol_975_rdkit_conf_2_xtb.inp", "method": "GFN2-xTB", "xtb version": "6.3.3 (7355c4f)", "Dipole module/D": 3.543, "Total charge": 0, "Transition dipole module/D": NaN, "HOMO": -10.6735, "LUMO": -6.9666, "HOMO occupancy": 2.0, "LUMO occupancy": 0, "mulliken charges": [-0.08983, -0.03752, -0.08235, 0.39243, -0.4942, -0.12579, 0.03808, 0.03905, 0.02759, 0.05162, 0.03843, 0.02771, 0.04438, 0.04977, 0.06381, 0.05681], "cm5 charges": [-0.23727, -0.10336, -0.22939, 0.40936, -0.54352, -0.2677, 0.09003, 0.09043, 0.08003, 0.11347, 0.08985, 0.08003, 0.0966, 0.10294, 0.11854, 0.10997], "FUKUI+": [0.025, 0.0, 0.021, -0.19, -0.292, 0.048, -0.029, -0.062, -0.038, -0.058, -0.067, -0.039, -0.03, -0.104, -0.076, -0.109], "FUKUI-": [0.027, -0.031, 0.025, -0.047, -0.225, -0.001, -0.056, -0.102, -0.059, -0.082, -0.103, -0.061, -0.055, -0.076, -0.074, -0.081], "FUKUIrad": [0.026, -0.015, 0.023, -0.118, -0.258, 0.024, -0.043, -0.082, -0.049, -0.07, -0.085, -0.05, -0.042, -0.09, -0.075, -0.095], "s proportion": [1.013, 1.061, 1.012, 1.081, 1.741, 1.021, 0.962, 0.961, 0.972, 0.948, 0.962, 0.972, 0.956, 0.95, 0.936, 0.943], "p proportion": [3.077, 2.976, 3.071, 2.526, 4.753, 3.105, 0.0, 0.0, 0.0, 0.0, 0.0, 0.0, 0.0, 0.0, 0.0, 0.0], "d proportion": [0.0, 0.0, 0.0, 0.0, 0.0, 0.0, 0.0, 0.0, 0.0, 0.0, 0.0, 0.0, 0.0, 0.0, 0.0, 0.0], "Fermi-level/eV": -8.82, "Coordination numbers": [3.752, 3.85, 3.753, 2.813, 0.857, 3.75, 0.924, 0.924, 0.924, 0.924, 0.924, 0.924, 0.924, 0.924, 0.924, 0.924], "Dispersion coefficient C6": [22.556, 21.094, 22.454, 23.11, 21.091, 23.116, 2.494, 2.397, 2.443, 2.234, 2.37, 2.484, 2.423, 2.158, 2.126, 2.08], "Total dispersion C6": 1884.856891, "Total dispersion C8": 40231.718186, "Polarizability alpha": [6.773, 6.533, 6.757, 7.876, 6.157, 6.857, 2.469, 2.421, 2.445, 2.337, 2.408, 2.465, 2.434, 2.297, 2.28, 2.255], "Total polarizability alpha": 64.764572, "Wiberg matrix": [[0.0, 0.999028445991711, 0.0, 0.0, 0.0, 0.0, 0.98675564463149, 0.9842995193205444, 0.9850754530225814, 0.0, 0.0, 0.0, 0.0, 0.0, 0.0, 0.0], [0.999028445991711, 0.0, 0.988659101996305, 0.972949858355331, 0.0, 0.0, 0.0, 0.0, 0.0, 0.9636647633826381, 0.0, 0.0, 0.0, 0.0, 0.0, 0.0], [0.0, 0.988659101996305, 0.0, 0.0, 0.0, 0.0, 0.0, 0.0, 0.0, 0.0, 0.9827309008436812, 0.9842903385679609, 0.9860944388130601, 0.0, 0.0, 0.0], [0.0, 0.972949858355331, 0.0, 0.0, 1.8585576575132852, 1.012862080981818, 0.0, 0.0, 0.0, 0.0, 0.0, 0.0, 0.0, 0.0, 0.0, 0.0], [0.0, 0.0, 0.0, 1.8585576575132852, 0.0, 0.0, 0.0, 0.0, 0.0, 0.0, 0.0, 0.0, 0.0, 0.0, 0.0, 0.0], [0.0, 0.0, 0.0, 1.012862080981818, 0.0, 0.0, 0.0, 0.0, 0.0, 0.0, 0.0, 0.0, 0.0, 0.9635817252461324, 0.9820998818839013, 0.9560420995397074], [0.98675564463149, 0.0, 0.0, 0.0, 0.0, 0.0, 0.0, 0.0, 0.0, 0.0, 0.0, 0.0, 0.0, 0.0, 0.0, 0.0], [0.9842995193205444, 0.0, 0.0, 0.0, 0.0, 0.0, 0.0, 0.0, 0.0, 0.0, 0.0, 0.0, 0.0, 0.0, 0.0, 0.0], [0.9850754530225814, 0.0, 0.0, 0.0, 0.0, 0.0, 0.0, 0.0, 0.0, 0.0, 0.0, 0.0, 0.0, 0.0, 0.0, 0.0], [0.0, 0.9636647633826381, 0.0, 0.0, 0.0, 0.0, 0.0, 0.0, 0.0, 0.0, 0.0, 0.0, 0.0, 0.0, 0.0, 0.0], [0.0, 0.0, 0.9827309008436812, 0.0, 0.0, 0.0, 0.0, 0.0, 0.0, 0.0, 0.0, 0.0, 0.0, 0.0, 0.0, 0.0], [0.0, 0.0, 0.9842903385679609, 0.0, 0.0, 0.0, 0.0, 0.0, 0.0, 0.0, 0.0, 0.0, 0.0, 0.0, 0.0, 0.0], [0.0, 0.0, 0.9860944388130601, 0.0, 0.0, 0.0, 0.0, 0.0, 0.0, 0.0, 0.0, 0.0, 0.0, 0.0, 0.0, 0.0], [0.0, 0.0, 0.0, 0.0, 0.0, 0.9635817252461324, 0.0, 0.0, 0.0, 0.0, 0.0, 0.0, 0.0, 0.0, 0.0, 0.0], [0.0, 0.0, 0.0, 0.0, 0.0, 0.9820998818839013, 0.0, 0.0, 0.0, 0.0, 0.0, 0.0, 0.0, 0.0, 0.0, 0.0], [0.0, 0.0, 0.0, 0.0, 0.0, 0.9560420995397074, 0.0, 0.0, 0.0, 0.0, 0.0, 0.0, 0.0, 0.0, 0.0, 0.0]], "Born radii": [], "Atomic SASAs": [], "Solvent H bonds": [], "Total SASA": NaN, "Total FOD": 0.0, "FOD": [0.0, 0.0, 0.0, 0.0, 0.0, 0.0, 0.0, 0.0, 0.0, 0.0, 0.0, 0.0, 0.0, 0.0, 0.0, 0.0], "FOD s proportion": [0.0, 0.0, 0.0, 0.0, 0.0, 0.0, 0.0, 0.0, 0.0, 0.0, 0.0, 0.0, 0.0, 0.0, 0.0, 0.0], "FOD p proportion": [0.0, 0.0, 0.0, 0.0, 0.0, 0.0, 0.0, 0.0, 0.0, 0.0, 0.0, 0.0, 0.0, 0.0, 0.0, 0.0], "FOD d proportion": [0.0, 0.0, 0.0, 0.0, 0.0, 0.0, 0.0, 0.0, 0.0, 0.0, 0.0, 0.0, 0.0, 0.0, 0.0, 0.0], "coordinates": [["-0.82900", "1.28810", "-0.28640"], ["-0.54880", "0.15740", "0.69600"], ["-1.20950", "-1.14430", "0.25900"], ["0.94510", "-0.05250", "0.91440"], ["1.40970", "-0.12820", "2.05380"], ["1.84110", "-0.18970", "-0.29090"], ["-0.29900", "2.20050", "0.00730"], ["-1.90010", "1.51370", "-0.31960"], ["-0.51100", "1.03080", "-1.30240"], ["-0.96910", "0.44790", "1.66770"], ["-2.29810", "-1.03230", "0.22120"], ["-0.86920", "-1.45760", "-0.73350"], ["-0.97600", "-1.95420", "0.95860"], ["1.45610", "-0.95870", "-0.96380"], ["2.84230", "-0.48880", "0.03330"], ["1.91550", "0.76800", "-0.81090"]], "bond_dist": [[0.0, 1.5238452316426363, 2.5216683306890304, 2.527164381277957, 3.5347163139352498, 3.051777695049231, 1.0952777958125508, 1.095104017890538, 1.0952548972727765, 2.1316826358536582, 2.7928782161061014, 2.782154370267761, 3.4762254371660077, 3.275463785481378, 4.091213192929452, 2.842161942958212], [1.5238452316426363, 0.0, 1.5237835738713028, 1.5243010791835057, 2.4001896695886344, 2.6088449608974464, 2.1704758326228837, 2.167257423565553, 2.181251695701347, 1.0978357026440706, 2.168149353711593, 2.1804475251654187, 2.1703255884774526, 2.832002694207758, 3.5151536154199574, 2.9523472797081305], [2.5216683306890304, 1.5237835738713028, 0.0, 2.502773973014743, 3.3337628724910835, 3.243425894020087, 3.4756366582253677, 2.8065406321662265, 2.767116228133542, 2.1394692542777984, 1.094998995433329, 1.0949964520490465, 1.095399662223793, 2.9385558630048196, 4.110681692858254, 3.8167004467209633], [2.527164381277957, 1.5243010791835057, 2.502773973014743, 0.0, 1.2328081805374262, 1.5081074000216297, 2.7288503476739066, 3.4743202903589645, 2.864955207328729, 2.1170788105311527, 3.4581614363704882, 2.825166350854406, 2.703523948479096, 2.147080501518283, 2.13683474793911, 2.1427917537642336], [3.5347163139352498, 2.4001896695886344, 3.3337628724910835, 1.2328081805374262, 0.0, 2.384849324380893, 3.53986745938319, 4.391314064149819, 4.036885919864469, 2.4778324923206574, 4.233627334804044, 3.8379331494959628, 3.197702852048639, 3.1301426437145, 2.502957324845951, 3.043930710446609], [3.051777695049231, 2.6088449608974464, 3.243425894020087, 1.5081074000216297, 2.384849324380893, 0.0, 3.2221122404410436, 4.110836008648363, 2.8363932925460107, 3.484231875177081, 4.255020306649547, 3.024763008898383, 3.551163599441738, 1.091961725519718, 1.0940602771328458, 1.0923024535356496], [1.0952777958125508, 2.1704758326228837, 3.4756366582253677, 2.7288503476739066, 3.53986745938319, 3.2221122404410436, 0.0, 1.7725910583098403, 1.7687442381531593, 2.5055077190062693, 3.8069869792264854, 3.775659980718603, 4.315649751775507, 3.7421859734652414, 4.13530847458808, 2.7614340006598024], [1.095104017890538, 2.167257423565553, 2.8065406321662265, 3.4743202903589645, 4.391314064149819, 4.110836008648363, 1.7725910583098403, 0.0, 1.7688095035927414, 2.4396827519167323, 2.6330561406851927, 3.1721746026976514, 3.8097357467414983, 4.218036728147349, 5.159932404596013, 3.9187048294047355], [1.0952548972727765, 2.181251695701347, 2.767116228133542, 2.864955207328729, 4.036885919864469, 2.8363932925460107, 1.7687442381531593, 1.7688095035927414, 0.0, 3.0612288431281973, 3.1259342571461732, 2.577613045047685, 3.773403105950913, 2.8181984706546133, 3.916363050075925, 2.489686393905867], [2.1316826358536582, 1.0978357026440706, 2.1394692542777984, 2.1170788105311527, 2.4778324923206574, 3.484231875177081, 2.5055077190062693, 2.4396827519167323, 3.0612288431281973, 0.0, 2.459592504867422, 3.067029784661375, 2.504586758329605, 3.845115193332964, 4.251522105081896, 3.8166528699896194], [2.7928782161061014, 2.168149353711593, 1.094998995433329, 3.4581614363704882, 4.233627334804044, 4.255020306649547, 3.8069869792264854, 2.6330561406851927, 3.1259342571461732, 2.459592504867422, 0.0, 1.7703353891282858, 1.772457835887782, 3.937468679240509, 5.172466608882072, 4.696885719282512], [2.782154370267761, 2.1804475251654187, 1.0949964520490465, 2.825166350854406, 3.8379331494959628, 3.024763008898383, 3.775659980718603, 3.1721746026976514, 2.577613045047685, 3.067029784661375, 1.7703353891282858, 0.0, 1.7666975434408685, 2.3893428782826462, 3.9117499830638462, 3.5656472357764164], [3.4762254371660077, 2.1703255884774526, 1.095399662223793, 2.703523948479096, 3.197702852048639, 3.551163599441738, 4.315649751775507, 3.8097357467414983, 3.773403105950913, 2.504586758329605, 1.772457835887782, 1.7666975434408685, 0.0, 3.256033233859876, 4.193207857953144, 4.347674704942861], [3.275463785481378, 2.832002694207758, 2.9385558630048196, 2.147080501518283, 3.1301426437145, 1.091961725519718, 3.7421859734652414, 4.218036728147349, 2.8181984706546133, 3.845115193332964, 3.937468679240509, 2.3893428782826462, 3.256033233859876, 0.0, 1.7710349685988696, 1.7932985417938645], [4.091213192929452, 3.5151536154199574, 4.110681692858254, 2.13683474793911, 2.502957324845951, 1.0940602771328458, 4.13530847458808, 5.159932404596013, 3.916363050075925, 4.251522105081896, 5.172466608882072, 3.9117499830638462, 4.193207857953144, 1.7710349685988696, 0.0, 1.7751558016129176], [2.842161942958212, 2.9523472797081305, 3.8167004467209633, 2.1427917537642336, 3.043930710446609, 1.0923024535356496, 2.7614340006598024, 3.9187048294047355, 2.489686393905867, 3.8166528699896194, 4.696885719282512, 3.5656472357764164, 4.347674704942861, 1.7932985417938645, 1.7751558016129176, 0.0]]}