{"total energy": -19.85973813, "HOMO-LUMO gap/eV": 3.77279925, "electronic energy": -20.1121505, "dipole": [0.21921405, -0.46020923, 1.25953831], "partial charges": [-0.10186155, -0.045197, -0.08278532, 0.23781335, -0.36790047, -0.13381296, 0.0386687, 0.0345855, 0.04218476, 0.03826283, 0.03386671, 0.06133075, 0.04743683, 0.05873924, 0.06744208, 0.07122654], "atomic dipole moments": [[0.08122285, -0.06737766, 0.03385503], [0.00304188, 0.0283299, -0.12180208], [-0.01001249, 0.09617966, 0.05475999], [0.00364771, 0.00137728, -0.01808887], [0.03429588, -0.06103169, 0.147296], [-0.06785881, -0.03007228, -0.02803075], [0.04493698, 0.11191128, -0.04519044], [-0.07281993, 0.02805524, 0.0972127], [-0.07533982, -0.05237159, -0.08954486], [-0.05172077, -0.09784687, 0.05135971], [0.06317026, 0.05487259, 0.09187654], [-0.06741013, -0.05626853, -0.09620618], [0.07845198, -0.09206187, 0.03521632], [0.07865933, -0.10016678, 0.03870858], [0.07664889, 0.07705431, -0.07754528], [-0.04829503, 0.07693982, 0.1023954]], "atomic quadrupole moments": [[0.06944078, -0.1736105, 0.00996492, 0.06658961, -0.06585681, -0.0794057], [0.05713794, -0.19761212, -0.07986302, -0.08364696, 0.0151547, 0.02272508], [-0.03255461, 0.0552545, -0.00732165, -0.18073982, -0.05139301, 0.03987626], [0.06356102, -0.38817858, 0.10657467, -0.25309425, 0.2727825, -0.17013569], [0.02274254, -0.16887668, 0.04125035, -0.1076361, 0.11450717, -0.06399289], [0.05214062, 0.08780395, -0.07413838, 0.15222359, 0.04141456, 0.02199776], [-0.00292477, 0.04236524, 0.03414037, -0.01571524, -0.04007477, -0.0312156], [-0.00521769, -0.02360273, -0.03975518, -0.0545838, 0.01148842, 0.04497286], [-0.01205882, 0.02163897, -0.0022925, 0.04897185, 0.04207621, 0.01435133], [-0.00212493, 0.01992205, 0.03636345, -0.02281755, -0.02204294, -0.03423852], [0.01361474, 0.01825517, -0.0069551, 0.03297788, 0.03337096, -0.00665964], [0.01112098, 0.02254191, -0.0315084, 0.03502999, 0.01487049, 0.02038742], [0.01455602, -0.04175153, 0.00376312, 0.02681084, -0.02872376, -0.01831914], [-0.0007462, -0.0403952, 0.0370242, 0.02811176, -0.04656094, -0.03627801], [-0.00476522, 0.04279499, -0.00046156, -0.02817034, -0.04609609, 0.00522678], [-0.02287307, -0.01995506, -0.01299422, -0.04512246, 0.04665136, 0.03586729]], "number of molecular orbitals": 34, "number of electrons": 36, "number of unpaired electrons": 0, "orbital energies/eV": [-19.08438322, -17.50131521, -17.0637456, -16.59430046, -15.79188541, -15.26597704, -14.76167838, -14.47476347, -14.30320235, -13.69558612, -13.57012752, -13.10042842, -12.94334724, -12.75820124, -12.25504191, -12.19464416, -12.00117484, -10.7197554, -6.94695615, 1.89825218, 2.42478247, 3.0380227, 3.49201454, 3.6070541, 4.40825298, 4.67859442, 4.7176504, 5.3975714, 5.54510665, 5.92608696, 6.80724606, 7.42070005, 7.73117704, 14.97287728], "fractional occupation": [2.0, 2.0, 2.0, 2.0, 2.0, 2.0, 2.0, 2.0, 2.0, 2.0, 2.0, 2.0, 2.0, 2.0, 2.0, 2.0, 2.0, 2.0, 0.0, 0.0, 0.0, 0.0, 0.0, 0.0, 0.0, 0.0, 0.0, 0.0, 0.0, 0.0, 0.0, 0.0, 0.0, 0.0], "program call": "xtb /home/svss/Project-DBcg-Debug/aqme2_20220329/End-to-End-workflows-final/example-3/QDESCP/mol_60_rdkit_conf_3/mol_60_rdkit_conf_3.xyz --pop --wbo --acc 0.2 --gfn 2 --chrg 0 --uhf 0 --etemp 300 --input /home/svss/Project-DBcg-Debug/aqme2_20220329/End-to-End-workflows-final/example-3/QDESCP/mol_60_rdkit_conf_3/mol_60_rdkit_conf_3_xtb.inp", "method": "GFN2-xTB", "xtb version": "6.3.3 (7355c4f)", "Dipole module/D": 3.454, "Total charge": 0, "Transition dipole module/D": NaN, "HOMO": -10.7198, "LUMO": -6.947, "HOMO occupancy": 2.0, "LUMO occupancy": 0, "mulliken charges": [-0.08559, -0.02961, -0.08701, 0.39816, -0.49502, -0.12654, 0.03856, 0.03072, 0.03681, 0.03086, 0.02165, 0.05667, 0.04022, 0.04732, 0.06421, 0.05858], "cm5 charges": [-0.23523, -0.14078, -0.1889, 0.41312, -0.54492, -0.26845, 0.09146, 0.08153, 0.08843, 0.08516, 0.07704, 0.11511, 0.09603, 0.09993, 0.1188, 0.11166], "FUKUI+": [0.022, 0.01, 0.022, -0.193, -0.295, 0.05, 0.003, -0.047, -0.026, -0.063, -0.033, -0.068, -0.09, -0.103, -0.078, -0.111], "FUKUI-": [0.025, 0.011, -0.008, -0.038, -0.208, 0.003, -0.082, -0.067, -0.065, -0.132, -0.079, -0.07, -0.077, -0.073, -0.068, -0.07], "FUKUIrad": [0.023, 0.01, 0.007, -0.115, -0.252, 0.026, -0.04, -0.057, -0.046, -0.097, -0.056, -0.069, -0.083, -0.088, -0.073, -0.09], "s proportion": [1.008, 1.026, 1.043, 1.075, 1.74, 1.021, 0.961, 0.969, 0.963, 0.969, 0.978, 0.943, 0.96, 0.953, 0.936, 0.941], "p proportion": [3.077, 3.004, 3.044, 2.526, 4.755, 3.105, 0.0, 0.0, 0.0, 0.0, 0.0, 0.0, 0.0, 0.0, 0.0, 0.0], "d proportion": [0.0, 0.0, 0.0, 0.0, 0.0, 0.0, 0.0, 0.0, 0.0, 0.0, 0.0, 0.0, 0.0, 0.0, 0.0, 0.0], "Fermi-level/eV": -8.8334, "Coordination numbers": [3.749, 3.8, 3.802, 2.81, 0.857, 3.751, 0.924, 0.924, 0.924, 0.924, 0.924, 0.924, 0.924, 0.924, 0.924, 0.924], "Dispersion coefficient C6": [22.51, 21.384, 22.078, 23.033, 21.05, 23.136, 2.467, 2.522, 2.42, 2.472, 2.532, 2.184, 2.352, 2.214, 2.114, 2.072], "Total dispersion C6": 1886.65522, "Total dispersion C8": 40244.218538, "Polarizability alpha": [6.767, 6.584, 6.69, 7.863, 6.151, 6.86, 2.456, 2.484, 2.433, 2.459, 2.489, 2.311, 2.398, 2.327, 2.274, 2.251], "Total polarizability alpha": 64.795334, "Wiberg matrix": [[0.0, 1.0210325784329874, 0.0, 0.0, 0.0, 0.0, 0.9871955971479747, 0.9866545056020724, 0.9866763038874147, 0.0, 0.0, 0.0, 0.0, 0.0, 0.0, 0.0], [1.0210325784329874, 0.0, 0.9859274104378525, 0.0, 0.0, 0.0, 0.0, 0.0, 0.0, 0.9757535686322771, 0.9759622216928485, 0.0, 0.0, 0.0, 0.0, 0.0], [0.0, 0.9859274104378525, 0.0, 0.991367542464954, 0.0, 0.0, 0.0, 0.0, 0.0, 0.0, 0.0, 0.9720521839926497, 0.9596887834833423, 0.0, 0.0, 0.0], [0.0, 0.0, 0.991367542464954, 0.0, 1.857356973110087, 1.0111934019907218, 0.0, 0.0, 0.0, 0.0, 0.0, 0.0, 0.0, 0.0, 0.0, 0.0], [0.0, 0.0, 0.0, 1.857356973110087, 0.0, 0.0, 0.0, 0.0, 0.0, 0.0, 0.0, 0.0, 0.0, 0.0, 0.0, 0.0], [0.0, 0.0, 0.0, 1.0111934019907218, 0.0, 0.0, 0.0, 0.0, 0.0, 0.0, 0.0, 0.0, 0.0, 0.9695469906118489, 0.9815100327531558, 0.9541931167774258], [0.9871955971479747, 0.0, 0.0, 0.0, 0.0, 0.0, 0.0, 0.0, 0.0, 0.0, 0.0, 0.0, 0.0, 0.0, 0.0, 0.0], [0.9866545056020724, 0.0, 0.0, 0.0, 0.0, 0.0, 0.0, 0.0, 0.0, 0.0, 0.0, 0.0, 0.0, 0.0, 0.0, 0.0], [0.9866763038874147, 0.0, 0.0, 0.0, 0.0, 0.0, 0.0, 0.0, 0.0, 0.0, 0.0, 0.0, 0.0, 0.0, 0.0, 0.0], [0.0, 0.9757535686322771, 0.0, 0.0, 0.0, 0.0, 0.0, 0.0, 0.0, 0.0, 0.0, 0.0, 0.0, 0.0, 0.0, 0.0], [0.0, 0.9759622216928485, 0.0, 0.0, 0.0, 0.0, 0.0, 0.0, 0.0, 0.0, 0.0, 0.0, 0.0, 0.0, 0.0, 0.0], [0.0, 0.0, 0.9720521839926497, 0.0, 0.0, 0.0, 0.0, 0.0, 0.0, 0.0, 0.0, 0.0, 0.0, 0.0, 0.0, 0.0], [0.0, 0.0, 0.9596887834833423, 0.0, 0.0, 0.0, 0.0, 0.0, 0.0, 0.0, 0.0, 0.0, 0.0, 0.0, 0.0, 0.0], [0.0, 0.0, 0.0, 0.0, 0.0, 0.9695469906118489, 0.0, 0.0, 0.0, 0.0, 0.0, 0.0, 0.0, 0.0, 0.0, 0.0], [0.0, 0.0, 0.0, 0.0, 0.0, 0.9815100327531558, 0.0, 0.0, 0.0, 0.0, 0.0, 0.0, 0.0, 0.0, 0.0, 0.0], [0.0, 0.0, 0.0, 0.0, 0.0, 0.9541931167774258, 0.0, 0.0, 0.0, 0.0, 0.0, 0.0, 0.0, 0.0, 0.0, 0.0]], "Born radii": [], "Atomic SASAs": [], "Solvent H bonds": [], "Total SASA": NaN, "Total FOD": 0.0, "FOD": [0.0, 0.0, 0.0, 0.0, 0.0, 0.0, 0.0, 0.0, 0.0, 0.0, 0.0, 0.0, 0.0, 0.0, 0.0, 0.0], "FOD s proportion": [0.0, 0.0, 0.0, 0.0, 0.0, 0.0, 0.0, 0.0, 0.0, 0.0, 0.0, 0.0, 0.0, 0.0, 0.0, 0.0], "FOD p proportion": [0.0, 0.0, 0.0, 0.0, 0.0, 0.0, 0.0, 0.0, 0.0, 0.0, 0.0, 0.0, 0.0, 0.0, 0.0, 0.0], "FOD d proportion": [0.0, 0.0, 0.0, 0.0, 0.0, 0.0, 0.0, 0.0, 0.0, 0.0, 0.0, 0.0, 0.0, 0.0, 0.0, 0.0], "coordinates": [["-1.91370", "0.39220", "0.34300"], ["-0.80250", "-0.55250", "0.77740"], ["0.08200", "-0.99250", "-0.38350"], ["0.89360", "0.14500", "-0.97030"], ["0.63200", "0.61000", "-2.07980"], ["2.01830", "0.69990", "-0.13620"], ["-1.50900", "1.32890", "-0.05260"], ["-2.55400", "0.63780", "1.19620"], ["-2.53960", "-0.06660", "-0.42900"], ["-1.25670", "-1.44200", "1.22970"], ["-0.20370", "-0.06960", "1.55750"], ["-0.52390", "-1.43610", "-1.18210"], ["0.78220", "-1.76780", "-0.05230"], ["2.64150", "-0.11750", "0.23500"], ["2.64060", "1.35560", "-0.75180"], ["1.61280", "1.27520", "0.69880"]], "bond_dist": [[0.0, 1.5218169699408663, 2.5353529990910535, 3.10914747479112, 3.5210772740739444, 3.9730260419483785, 1.094389482771102, 1.0946477469944382, 1.094637953845928, 2.1406016747634298, 2.147642775230555, 2.7568378515973695, 3.4770301839357103, 4.584899685925528, 4.782088988088782, 3.652736630254089], [1.5218169699408663, 0.0, 1.524345452973177, 2.5333212883485583, 3.4018801184051153, 3.2187083372060914, 2.1743293701737096, 2.158693998694581, 2.170026769420138, 1.0963955399398522, 1.0955865369746016, 2.167488678171122, 2.1625517959114875, 3.513482426311536, 4.223060011413525, 3.029907480435665], [2.5353529990910535, 1.524345452973177, 0.0, 1.5155642678553753, 2.397486170971587, 2.5835310603900234, 2.8336679004428165, 3.478767911200746, 2.7806739506817406, 2.1439641274984056, 2.1681443448257776, 1.0962015006375425, 1.0959304585602136, 2.7747445828400137, 3.492227435319756, 2.942309504453942], [3.10914747479112, 2.5333212883485583, 1.5155642678553753, 0.0, 1.2311173014786203, 1.5061828939408388, 2.831303456007497, 4.101526526794627, 3.482045733473356, 3.4615544326212753, 2.7640356889881144, 2.1340203138677007, 2.1246029746755037, 2.1393477393822637, 2.1366571110030734, 2.1402092164085267], [3.5210772740739444, 3.4018801184051153, 2.397486170971587, 1.2311173014786203, 0.0, 2.3890355083171118, 3.0348374009162336, 4.569851730636345, 3.6389524261798205, 4.327895786638121, 3.793441964759709, 2.515650077017867, 3.1284579476157264, 3.1504992524995146, 2.5207096857829545, 3.0207743444355453], [3.9730260419483785, 3.2187083372060914, 2.5835310603900234, 1.5061828939408388, 2.3890355083171118, 0.0, 3.583918979273945, 4.762884993362741, 4.631166861601944, 4.144760960538013, 2.8979361518156335, 3.481261789926176, 2.76125437256331, 1.0928451125388263, 1.0936924339136667, 1.092073871127773], [1.094389482771102, 2.1743293701737096, 2.8336679004428165, 2.831303456007497, 3.0348374009162336, 3.583918979273945, 0.0, 1.7689391312309193, 1.7751714198916115, 3.0636310792913695, 2.500406436961799, 3.1450623618618434, 3.8521615256891812, 4.404706229704769, 4.208179379494177, 3.211404815653112], [1.0946477469944382, 2.158693998694581, 3.478767911200746, 4.101526526794627, 4.569851730636345, 4.762884993362741, 1.7689391312309193, 0.0, 1.7713446192088087, 2.4514643746136717, 2.4808995425046936, 3.7521564612899603, 4.2983594603057576, 5.337377987364207, 5.594087056884259, 4.244515020588336], [1.094637953845928, 2.170026769420138, 2.7806739506817406, 3.482045733473356, 3.6389524261798205, 4.631166861601944, 1.7751714198916115, 1.7713446192088087, 0.0, 2.507756618972423, 3.066369198253857, 2.550634499492234, 3.7510451303603376, 5.223723195193253, 5.381572699499655, 4.50719267837531], [2.1406016747634298, 1.0963955399398522, 2.1439641274984056, 3.4615544326212753, 4.327895786638121, 4.144760960538013, 3.0636310792913695, 2.4514643746136717, 2.507756618972423, 0.0, 1.7606088719531092, 2.52067647467897, 2.4303873868171717, 4.2355273083761364, 5.190554430886936, 3.9873626496720864], [2.147642775230555, 1.0955865369746016, 2.1681443448257776, 2.7640356889881144, 3.793441964759709, 2.8979361518156335, 2.500406436961799, 2.4808995425046936, 3.066369198253857, 1.7606088719531092, 0.0, 3.0781907754393654, 2.5391609027393285, 3.1379075352852577, 3.931170820506278, 2.417752050976278], [2.7568378515973695, 2.167488678171122, 1.0962015006375425, 2.1340203138677007, 2.515650077017867, 3.481261789926176, 3.1450623618618434, 3.7521564612899603, 2.550634499492234, 2.52067647467897, 3.0781907754393654, 0.0, 1.758513616666075, 3.7103416998977328, 4.241792926346123, 3.931210931761357], [3.4770301839357103, 2.1625517959114875, 1.0959304585602136, 2.1246029746755037, 3.1284579476157264, 2.76125437256331, 3.8521615256891812, 4.2983594603057576, 3.7510451303603376, 2.4303873868171717, 2.5391609027393285, 1.758513616666075, 0.0, 2.502604217610128, 3.701159057646672, 3.2425139274951467], [4.584899685925528, 3.513482426311536, 2.7747445828400137, 2.1393477393822637, 3.1504992524995146, 1.0928451125388263, 4.404706229704769, 5.337377987364207, 5.223723195193253, 4.2355273083761364, 3.1379075352852577, 3.7103416998977328, 2.502604217610128, 0.0, 1.773076044618504, 1.7924696426997027], [4.782088988088782, 4.223060011413525, 3.492227435319756, 2.1366571110030734, 2.5207096857829545, 1.0936924339136667, 4.208179379494177, 5.594087056884259, 5.381572699499655, 5.190554430886936, 3.931170820506278, 4.241792926346123, 3.701159057646672, 1.773076044618504, 0.0, 1.7796284331286687], [3.652736630254089, 3.029907480435665, 2.942309504453942, 2.1402092164085267, 3.0207743444355453, 1.092073871127773, 3.211404815653112, 4.244515020588336, 4.50719267837531, 3.9873626496720864, 2.417752050976278, 3.931210931761357, 3.2425139274951467, 1.7924696426997027, 1.7796284331286687, 0.0]]}