{"total energy": -34.83802965, "HOMO-LUMO gap/eV": 3.77739658, "electronic energy": -35.42096282, "dipole": [0.05039957, -0.54514841, 0.23675595], "partial charges": [-0.39464728, 0.14553693, -0.05351695, -0.03483534, 0.00128362, -0.03535134, -0.07123364, 0.01329157, -0.03417565, -0.03047888, -0.03122487, -0.03032939, -0.03407646, 0.29823651, 0.04995025, 0.03677881, 0.03320328, 0.02696665, 0.02853268, 0.02923701, 0.02803039, 0.02949307, 0.02932903], "atomic dipole moments": [[-0.14656521, -0.1307674, 0.04097687], [0.24410246, 0.01766994, 0.01547373], [0.0254293, -0.03038502, 0.01471403], [0.00377555, -0.00929125, 0.0013375], [-0.0550109, -0.00219374, -0.00429103], [0.00194179, 0.00938281, -0.00086371], [0.02494147, 0.0146724, -0.00337219], [0.06592683, 0.0054633, 0.00362777], [0.00484841, 0.00988159, 0.00394209], [-0.00312832, -0.00183325, -0.00173435], [0.000226, 7.981e-05, 2.07e-05], [-0.00347764, 0.00125612, 0.00123384], [0.00651018, -0.00909759, -0.00368679], [0.02093053, -0.07107049, 0.03182251], [0.06910688, 0.1307823, -0.04866623], [-0.07538439, 0.11819524, -0.05917783], [-0.06453113, -0.12793322, 0.0502677], [0.07070818, -0.12118013, 0.05775832], [0.08195477, -0.10806003, -0.06783271], [-0.06304419, -0.11670801, -0.07270726], [-0.14988217, -0.01118024, -0.00918024], [-0.08795528, 0.10558768, 0.06335496], [0.05630296, 0.11880724, 0.07588013]], "atomic quadrupole moments": [[0.09965952, 0.01746401, -0.037137, 0.00841954, -0.01123413, -0.06252251], [0.1769278, 0.01822159, -0.36350829, -0.01954447, 0.27954275, 0.18658049], [-0.22389898, -0.06077252, -0.14101397, -0.03909698, 0.25261225, 0.36491295], [-0.24674638, -0.03357809, -0.14472266, -0.05926926, 0.29200653, 0.39146904], [-0.11481313, -0.01094362, -0.18700668, -0.04808024, 0.28737466, 0.30181981], [-0.24764521, -0.01579988, -0.13972298, -0.06556935, 0.29007854, 0.3873682], [-0.20227076, -0.00259898, -0.12950425, -0.05974828, 0.23749871, 0.33177501], [-0.13391656, 0.01960725, -0.09205327, 0.00532025, -0.36479972, 0.22596984], [-0.25509392, -0.00262736, -0.03814694, -0.0103645, -0.3521006, 0.29324086], [-0.26711134, -0.00130777, -0.046604, -0.01379688, -0.35145639, 0.31371534], [-0.26464441, 0.004878, -0.04854761, -0.00915483, -0.34634083, 0.31319202], [-0.27019875, 0.01048712, -0.04555356, -0.0041857, -0.35001359, 0.31575231], [-0.25852967, 0.01158979, -0.03690668, -0.00345579, -0.35109186, 0.29543635], [-0.00449399, -0.06607369, 0.06014026, 0.03553112, -0.06814218, -0.05564627], [0.03265227, 0.00477785, 0.01296281, 0.006817, -0.029929, -0.04561508], [0.03939622, 0.00471019, 0.01340535, 0.00780498, -0.03258687, -0.05280157], [0.03888731, 0.00284109, 0.01396137, 0.00888294, -0.03313036, -0.05284868], [0.03618524, -0.00472535, 0.01112946, 0.01096408, -0.03119458, -0.0473147], [0.0404527, 0.00082915, 0.00186806, 0.00243215, 0.04139457, -0.04232076], [0.03816011, -0.00547844, 0.00374181, -0.00209947, 0.04447039, -0.04190192], [0.02931789, -0.00147927, 0.0104592, 0.00052949, 0.04835366, -0.03977709], [0.03580639, 0.00496799, 0.00523668, 0.00482839, 0.04555572, -0.04104307], [0.0406782, -0.00020124, 0.00157163, 0.00145266, 0.04117928, -0.04224982]], "number of molecular orbitals": 62, "number of electrons": 64, "number of unpaired electrons": 0, "orbital energies/eV": [-19.31896098, -17.69228841, -17.42255607, -17.14316679, -16.90317826, -16.63899249, -16.55700977, -16.20248042, -15.87041281, -15.45811945, -15.29163041, -15.0309, -14.56399901, -14.36043436, -14.21110463, -13.75607108, -13.43649213, -13.30324904, -13.21490176, -13.09681443, -13.03010419, -12.90230567, -12.66681923, -12.36870428, -12.24133882, -11.6409759, -11.43861083, -11.37319527, -10.98776205, -10.901219, -10.87285942, -10.21845129, -6.44105471, -6.21137661, -6.07644807, -5.41758979, -2.83411505, -2.29747784, 1.713434, 2.49325696, 3.14735418, 3.41379271, 3.73005775, 4.2295767, 4.41784698, 4.63093733, 4.73618192, 4.86317223, 5.14810289, 5.65316508, 9.19602531, 10.01860171, 10.72387558, 11.07273987, 11.26535284, 11.41621649, 11.96558763, 12.5298092, 15.94002005, 16.64461945, 16.90540399, 17.98286977], "fractional occupation": [2.0, 2.0, 2.0, 2.0, 2.0, 2.0, 2.0, 2.0, 2.0, 2.0, 2.0, 2.0, 2.0, 2.0, 2.0, 2.0, 2.0, 2.0, 2.0, 2.0, 2.0, 2.0, 2.0, 2.0, 2.0, 2.0, 2.0, 2.0, 2.0, 2.0, 2.0, 2.0, 0.0, 0.0, 0.0, 0.0, 0.0, 0.0, 0.0, 0.0, 0.0, 0.0, 0.0, 0.0, 0.0, 0.0, 0.0, 0.0, 0.0, 0.0, 0.0, 0.0, 0.0, 0.0, 0.0, 0.0, 0.0, 0.0, 0.0, 0.0, 0.0, 0.0], "program call": "xtb /home/svss/Project-DBcg-Debug/aqme2_20220329/End-to-End-workflows-final/example-3/QDESCP/mol_504_rdkit_conf_1/mol_504_rdkit_conf_1.xyz --pop --wbo --acc 0.2 --gfn 2 --chrg 0 --uhf 0 --etemp 300 --input /home/svss/Project-DBcg-Debug/aqme2_20220329/End-to-End-workflows-final/example-3/QDESCP/mol_504_rdkit_conf_1/mol_504_rdkit_conf_1_xtb.inp", "method": "GFN2-xTB", "xtb version": "6.3.3 (7355c4f)", "Dipole module/D": 1.516, "Total charge": 0, "Transition dipole module/D": NaN, "HOMO": -10.2185, "LUMO": -6.4411, "HOMO occupancy": 2.0, "LUMO occupancy": 0, "mulliken charges": [-0.51827, 0.259, -0.06609, -0.03142, -0.01262, -0.02751, -0.09627, 0.00862, -0.03733, -0.02715, -0.03114, -0.02703, -0.03698, 0.35109, 0.04931, 0.03305, 0.03177, 0.03251, 0.02879, 0.02956, 0.02893, 0.02975, 0.02944], "cm5 charges": [-0.7156, 0.27054, -0.11621, -0.08347, -0.02125, -0.07966, -0.14825, -7e-05, -0.08962, -0.08249, -0.08652, -0.08236, -0.08926, 0.52217, 0.10781, 0.08965, 0.08833, 0.09047, 0.08536, 0.08494, 0.08434, 0.08513, 0.086], "FUKUI+": [-0.049, -0.05, -0.026, -0.029, -0.037, -0.029, -0.025, -0.048, -0.023, -0.024, -0.054, -0.024, -0.023, -0.034, -0.062, -0.052, -0.052, -0.06, -0.051, -0.063, -0.071, -0.063, -0.051], "FUKUI-": [-0.096, -0.045, -0.03, -0.022, -0.048, -0.025, -0.027, -0.033, -0.022, -0.022, -0.046, -0.022, -0.023, -0.046, -0.06, -0.052, -0.053, -0.059, -0.044, -0.057, -0.062, -0.057, -0.044], "FUKUIrad": [-0.072, -0.047, -0.028, -0.026, -0.042, -0.027, -0.026, -0.041, -0.023, -0.023, -0.05, -0.023, -0.023, -0.04, -0.061, -0.052, -0.053, -0.06, -0.048, -0.06, -0.066, -0.06, -0.048], "s proportion": [1.692, 1.016, 1.056, 1.065, 1.079, 1.063, 1.059, 1.083, 1.063, 1.06, 1.059, 1.06, 1.063, 0.649, 0.951, 0.967, 0.968, 0.967, 0.971, 0.97, 0.971, 0.97, 0.971], "p proportion": [4.827, 2.725, 3.01, 2.966, 2.934, 2.965, 3.037, 2.909, 2.974, 2.967, 2.972, 2.967, 2.973, 0.0, 0.0, 0.0, 0.0, 0.0, 0.0, 0.0, 0.0, 0.0, 0.0], "d proportion": [0.0, 0.0, 0.0, 0.0, 0.0, 0.0, 0.0, 0.0, 0.0, 0.0, 0.0, 0.0, 0.0, 0.0, 0.0, 0.0, 0.0, 0.0, 0.0, 0.0, 0.0, 0.0, 0.0], "Fermi-level/eV": -8.3298, "Coordination numbers": [1.659, 2.844, 2.91, 2.918, 2.965, 2.918, 2.909, 2.965, 2.917, 2.91, 2.912, 2.91, 2.917, 0.804, 0.925, 0.925, 0.925, 0.925, 0.925, 0.925, 0.925, 0.925, 0.925], "Dispersion coefficient C6": [20.745, 24.83, 29.329, 28.867, 27.996, 28.88, 29.775, 27.714, 28.851, 28.76, 28.779, 28.757, 28.849, 0.726, 2.32, 2.492, 2.541, 2.63, 2.607, 2.597, 2.615, 2.594, 2.596], "Total dispersion C6": 7005.567085, "Total dispersion C8": 174067.894297, "Polarizability alpha": [6.149, 8.166, 8.88, 8.811, 8.679, 8.813, 8.948, 8.635, 8.808, 8.794, 8.797, 8.793, 8.808, 1.339, 2.382, 2.469, 2.493, 2.536, 2.525, 2.52, 2.529, 2.518, 2.52], "Total polarizability alpha": 134.910005, "Wiberg matrix": [[0.0, 1.067248432096814, 0.0, 0.0, 0.0, 0.0, 0.0, 0.0, 0.0, 0.0, 0.0, 0.0, 0.0, 0.8897364157191812, 0.0, 0.0, 0.0, 0.0, 0.0, 0.0, 0.0, 0.0, 0.0], [1.067248432096814, 0.0, 1.3672557928053586, 0.0, 0.0, 0.0, 1.3736422127676309, 0.0, 0.0, 0.0, 0.0, 0.0, 0.0, 0.0, 0.0, 0.0, 0.0, 0.0, 0.0, 0.0, 0.0, 0.0, 0.0], [0.0, 1.3672557928053586, 0.0, 1.4562251419348846, 0.0, 0.10825001017276066, 0.0, 0.0, 0.0, 0.0, 0.0, 0.0, 0.0, 0.0, 0.9677192827270464, 0.0, 0.0, 0.0, 0.0, 0.0, 0.0, 0.0, 0.0], [0.0, 0.0, 1.4562251419348846, 0.0, 1.3861457483309303, 0.0, 0.1052330744003292, 0.0, 0.0, 0.0, 0.0, 0.0, 0.0, 0.0, 0.0, 0.9703807586732963, 0.0, 0.0, 0.0, 0.0, 0.0, 0.0, 0.0], [0.0, 0.0, 0.0, 1.3861457483309303, 0.0, 1.3910319778623847, 0.0, 1.0389010488263333, 0.0, 0.0, 0.0, 0.0, 0.0, 0.0, 0.0, 0.0, 0.0, 0.0, 0.0, 0.0, 0.0, 0.0, 0.0], [0.0, 0.0, 0.10825001017276066, 0.0, 1.3910319778623847, 0.0, 1.4477082617255381, 0.0, 0.0, 0.0, 0.0, 0.0, 0.0, 0.0, 0.0, 0.0, 0.9708226291933679, 0.0, 0.0, 0.0, 0.0, 0.0, 0.0], [0.0, 1.3736422127676309, 0.0, 0.1052330744003292, 0.0, 1.4477082617255381, 0.0, 0.0, 0.0, 0.0, 0.0, 0.0, 0.0, 0.0, 0.0, 0.0, 0.0, 0.9661578579158548, 0.0, 0.0, 0.0, 0.0, 0.0], [0.0, 0.0, 0.0, 0.0, 1.0389010488263333, 0.0, 0.0, 0.0, 1.3929575702551804, 0.0, 0.10551578333361245, 0.0, 1.3927325122878795, 0.0, 0.0, 0.0, 0.0, 0.0, 0.0, 0.0, 0.0, 0.0, 0.0], [0.0, 0.0, 0.0, 0.0, 0.0, 0.0, 0.0, 1.3929575702551804, 0.0, 1.4461160570442106, 0.0, 0.11034926952873222, 0.0, 0.0, 0.0, 0.0, 0.0, 0.0, 0.9706777909671515, 0.0, 0.0, 0.0, 0.0], [0.0, 0.0, 0.0, 0.0, 0.0, 0.0, 0.0, 0.0, 1.4461160570442106, 0.0, 1.4369375784547822, 0.0, 0.11042816177258163, 0.0, 0.0, 0.0, 0.0, 0.0, 0.0, 0.9711461605682836, 0.0, 0.0, 0.0], [0.0, 0.0, 0.0, 0.0, 0.0, 0.0, 0.0, 0.10551578333361245, 0.0, 1.4369375784547822, 0.0, 1.4368585790067732, 0.0, 0.0, 0.0, 0.0, 0.0, 0.0, 0.0, 0.0, 0.9714005677249038, 0.0, 0.0], [0.0, 0.0, 0.0, 0.0, 0.0, 0.0, 0.0, 0.0, 0.11034926952873222, 0.0, 1.4368585790067732, 0.0, 1.4463092546669776, 0.0, 0.0, 0.0, 0.0, 0.0, 0.0, 0.0, 0.0, 0.9711130448603941, 0.0], [0.0, 0.0, 0.0, 0.0, 0.0, 0.0, 0.0, 1.3927325122878795, 0.0, 0.11042816177258163, 0.0, 1.4463092546669776, 0.0, 0.0, 0.0, 0.0, 0.0, 0.0, 0.0, 0.0, 0.0, 0.0, 0.9706205652116123], [0.8897364157191812, 0.0, 0.0, 0.0, 0.0, 0.0, 0.0, 0.0, 0.0, 0.0, 0.0, 0.0, 0.0, 0.0, 0.0, 0.0, 0.0, 0.0, 0.0, 0.0, 0.0, 0.0, 0.0], [0.0, 0.0, 0.9677192827270464, 0.0, 0.0, 0.0, 0.0, 0.0, 0.0, 0.0, 0.0, 0.0, 0.0, 0.0, 0.0, 0.0, 0.0, 0.0, 0.0, 0.0, 0.0, 0.0, 0.0], [0.0, 0.0, 0.0, 0.9703807586732963, 0.0, 0.0, 0.0, 0.0, 0.0, 0.0, 0.0, 0.0, 0.0, 0.0, 0.0, 0.0, 0.0, 0.0, 0.0, 0.0, 0.0, 0.0, 0.0], [0.0, 0.0, 0.0, 0.0, 0.0, 0.9708226291933679, 0.0, 0.0, 0.0, 0.0, 0.0, 0.0, 0.0, 0.0, 0.0, 0.0, 0.0, 0.0, 0.0, 0.0, 0.0, 0.0, 0.0], [0.0, 0.0, 0.0, 0.0, 0.0, 0.0, 0.9661578579158548, 0.0, 0.0, 0.0, 0.0, 0.0, 0.0, 0.0, 0.0, 0.0, 0.0, 0.0, 0.0, 0.0, 0.0, 0.0, 0.0], [0.0, 0.0, 0.0, 0.0, 0.0, 0.0, 0.0, 0.0, 0.9706777909671515, 0.0, 0.0, 0.0, 0.0, 0.0, 0.0, 0.0, 0.0, 0.0, 0.0, 0.0, 0.0, 0.0, 0.0], [0.0, 0.0, 0.0, 0.0, 0.0, 0.0, 0.0, 0.0, 0.0, 0.9711461605682836, 0.0, 0.0, 0.0, 0.0, 0.0, 0.0, 0.0, 0.0, 0.0, 0.0, 0.0, 0.0, 0.0], [0.0, 0.0, 0.0, 0.0, 0.0, 0.0, 0.0, 0.0, 0.0, 0.0, 0.9714005677249038, 0.0, 0.0, 0.0, 0.0, 0.0, 0.0, 0.0, 0.0, 0.0, 0.0, 0.0, 0.0], [0.0, 0.0, 0.0, 0.0, 0.0, 0.0, 0.0, 0.0, 0.0, 0.0, 0.0, 0.9711130448603941, 0.0, 0.0, 0.0, 0.0, 0.0, 0.0, 0.0, 0.0, 0.0, 0.0, 0.0], [0.0, 0.0, 0.0, 0.0, 0.0, 0.0, 0.0, 0.0, 0.0, 0.0, 0.0, 0.0, 0.9706205652116123, 0.0, 0.0, 0.0, 0.0, 0.0, 0.0, 0.0, 0.0, 0.0, 0.0]], "Born radii": [], "Atomic SASAs": [], "Solvent H bonds": [], "Total SASA": NaN, "Total FOD": 0.0, "FOD": [0.0, 0.0, 0.0, 0.0, 0.0, 0.0, 0.0, 0.0, 0.0, 0.0, 0.0, 0.0, 0.0, 0.0, 0.0, 0.0, 0.0, 0.0, 0.0, 0.0, 0.0, 0.0, 0.0], "FOD s proportion": [0.0, 0.0, 0.0, 0.0, 0.0, 0.0, 0.0, 0.0, 0.0, 0.0, 0.0, 0.0, 0.0, 0.0, 0.0, 0.0, 0.0, 0.0, 0.0, 0.0, 0.0, 0.0, 0.0], "FOD p proportion": [0.0, 0.0, 0.0, 0.0, 0.0, 0.0, 0.0, 0.0, 0.0, 0.0, 0.0, 0.0, 0.0, 0.0, 0.0, 0.0, 0.0, 0.0, 0.0, 0.0, 0.0, 0.0, 0.0], "FOD d proportion": [0.0, 0.0, 0.0, 0.0, 0.0, 0.0, 0.0, 0.0, 0.0, 0.0, 0.0, 0.0, 0.0, 0.0, 0.0, 0.0, 0.0, 0.0, 0.0, 0.0, 0.0, 0.0, 0.0], "coordinates": [["4.64290", "0.42390", "0.27290"], ["3.28910", "0.28030", "0.20560"], ["2.55000", "1.33830", "-0.30560"], ["1.15920", "1.23370", "-0.39140"], ["0.49350", "0.07050", "0.03170"], ["1.26890", "-0.98470", "0.54420"], ["2.66110", "-0.88330", "0.63280"], ["-0.97180", "-0.03960", "-0.05790"], ["-1.57780", "-1.11880", "-0.72280"], ["-2.96890", "-1.22380", "-0.80820"], ["-3.77840", "-0.25050", "-0.22820"], ["-3.19850", "0.82730", "0.43580"], ["-1.80730", "0.93140", "0.51920"], ["5.02150", "-0.38740", "0.64890"], ["3.05170", "2.24190", "-0.63950"], ["0.59510", "2.06730", "-0.80470"], ["0.78490", "-1.89530", "0.89220"], ["3.22830", "-1.71540", "1.03710"], ["-0.96370", "-1.88380", "-1.19370"], ["-3.41780", "-2.06440", "-1.33070"], ["-4.86010", "-0.33150", "-0.29420"], ["-3.82690", "1.58780", "0.89190"], ["-1.37490", "1.77610", "1.05190"]], "bond_dist": [[0.0, 1.3630571117895245, 2.356060275120312, 3.6377515335712522, 4.171401366447491, 3.666283356479693, 2.401214503121285, 5.643502191015788, 6.486019601419656, 7.862772522463054, 8.463108782238358, 7.853459233356979, 6.4748204592868825, 0.9710415284631239, 2.5825404546686195, 4.499630002566878, 4.543829346487388, 2.6761351404590914, 6.237816798367839, 8.587086487278441, 9.549829347689936, 8.57177555994089, 6.216848291538085], [1.3630571117895245, 0.0, 1.3881492174834809, 2.4087039191233117, 2.808849695159924, 2.407505555549146, 1.389549855168932, 4.28100888459718, 5.148409752535243, 6.515571444624025, 7.100668090398255, 6.514687621060584, 5.147384688363597, 1.9088079892959373, 2.149052658731284, 3.3869914511259105, 3.387576207260879, 2.1628470542319906, 4.972693147581096, 7.269136357917631, 8.187402513618101, 7.2676007003687255, 4.970567103460127], [2.356060275120312, 1.3881492174834809, 0.0, 1.3973644621214607, 2.439319655149771, 2.7856249298855724, 2.414217125695201, 3.7898600158844915, 4.821838766487324, 6.105343592296833, 6.5252526970225455, 5.8185949515325435, 4.453305058043969, 3.161870172856564, 1.0861330765610628, 2.145268239638111, 3.8738187631844627, 3.40411778145234, 4.849405913099047, 6.945778152230318, 7.595916271918747, 6.4931587159101545, 4.176040600856271], [3.6377515335712522, 2.4087039191233117, 1.3973644621214607, 0.0, 1.4054196312845497, 2.4101203310208392, 2.7904082586603702, 2.5047307519971085, 3.624258711791972, 4.82226483096895, 5.158427826382763, 4.454095877953235, 3.1178036981182764, 4.315964618715032, 2.158605359948872, 1.088078425482281, 3.4027004643371126, 3.8754326042391702, 3.8560596403582763, 5.719150033003157, 6.22023081324158, 5.160759528402772, 2.9663067036299537], [4.171401366447491, 2.808849695159924, 2.439319655149771, 1.4054196312845497, 0.0, 1.4061822250334413, 2.443265317152437, 1.4721597263884105, 2.5047930912552436, 3.7906276868086106, 4.291819965935197, 3.790370305128511, 2.5044931024061534, 4.592754320666412, 3.421969409565199, 2.1672788837618473, 2.165581642423116, 3.4175135712971207, 2.7284291249728296, 4.6596351209080735, 5.378554431257529, 4.659184423265514, 2.727782608640212], [3.666283356479693, 2.407505555549146, 2.7856249298855724, 2.4101203310208392, 1.4061822250334413, 0.0, 1.3986968077464106, 2.505289386478137, 3.1188095004344203, 4.454784328112866, 5.15857428850259, 4.822111292784521, 3.6242338017848685, 3.8012808551855253, 3.871752715502373, 3.4041506503091195, 1.0883714255712522, 2.1485160599818656, 2.968700048842927, 5.161991765781886, 6.220468294268527, 5.718901046529832, 3.856093148511846], [2.401214503121285, 1.389549855168932, 2.414217125695201, 2.7904082586603702, 2.443265317152437, 1.3986968077464106, 0.0, 3.79300126417063, 4.456611360664064, 5.821453534127023, 6.527550619489672, 6.107362239134011, 4.82417242747396, 2.4119834535087508, 3.396791234385769, 3.8782473631783723, 2.1474540274473863, 1.0851565509178849, 4.180463794843821, 6.49641090680077, 7.598174891380166, 6.947489619999442, 4.8515306007485925], [5.643502191015788, 4.28100888459718, 3.7898600158844915, 2.5047307519971085, 1.4721597263884105, 2.505289386478137, 3.79300126417063, 0.0, 1.4049913344928502, 2.440018061408563, 2.8196603447933226, 2.439968891195132, 1.4049717648408453, 6.044847059272881, 4.661765015527917, 2.7298193090386036, 2.7262258508788295, 4.652759466166287, 2.1659134077797293, 3.420928365224855, 3.9063947816369, 3.4208400737245817, 2.165851366091404], [6.486019601419656, 5.148409752535243, 4.821838766487324, 3.624258711791972, 2.5047930912552436, 3.1188095004344203, 4.456611360664064, 1.4049913344928502, 0.0, 1.3976685479755204, 2.4168604448747137, 2.785018430818726, 2.4080187478506065, 6.779916469986928, 5.721320968972113, 3.857387098801467, 2.9653884298688427, 5.152841621862639, 1.0881592806202591, 2.1562239610021963, 3.4025038633335893, 3.871871699837173, 3.4016429133581907], [7.862772522463054, 6.515571444624025, 6.105343592296833, 4.82226483096895, 3.7906276868086106, 4.454784328112866, 5.821453534127023, 2.440018061408563, 1.3976685479755204, 0.0, 1.3924809298514647, 2.409826419060095, 2.7849941400297413, 8.165120790900769, 6.948896354098253, 4.8511284728401085, 4.175318772261586, 6.484758321633892, 2.1459350619252207, 1.0867961262352752, 2.1533770524457623, 3.3958207505697353, 3.873010201380833], [8.463108782238358, 7.100668090398255, 6.5252526970225455, 5.158427826382763, 4.291819965935197, 5.15857428850259, 6.527550619489672, 2.8196603447933226, 2.4168604448747137, 1.3924809298514647, 0.0, 1.3924197822495914, 2.41676014118075, 8.844562512074862, 7.282272410449914, 4.983176832102188, 4.9783903111347145, 7.269165082043467, 3.394465382059449, 2.15308425752454, 1.0867345075960366, 2.1532122863294276, 3.3944919826094746], [7.853459233356979, 6.514687621060584, 5.8185949515325435, 4.454095877953235, 3.790370305128511, 4.822111292784521, 6.107362239134011, 2.439968891195132, 2.785018430818726, 2.409826419060095, 1.3924197822495914, 0.0, 1.397579983399877, 8.311997816409722, 6.497873751466705, 4.179454654617035, 4.846475758734382, 6.9376251858975495, 3.872940033101468, 3.3956654178525896, 2.1532840035629297, 1.0868643061578571, 2.146000375116463], [6.4748204592868825, 5.147384688363597, 4.453305058043969, 3.1178036981182764, 2.5044931024061534, 3.6242338017848685, 4.82417242747396, 1.4049717648408453, 2.4080187478506065, 2.7849941400297413, 2.41676014118075, 1.397579983399877, 0.0, 6.9561889688248115, 5.164288618967767, 2.9689233368344157, 3.8534222101918707, 5.712358357981404, 3.4016229082601144, 3.8717770984394235, 3.402370322290036, 2.1560497234525933, 1.0882357924641148], [0.9710415284631239, 1.9088079892959373, 3.161870172856564, 4.315964618715032, 4.592754320666412, 3.8012808551855253, 2.4119834535087508, 6.044847059272881, 6.779916469986928, 8.165120790900769, 8.844562512074862, 8.311997816409722, 6.9561889688248115, 0.0, 3.528924069741371, 5.266072731172633, 4.503524937201969, 2.264917102235753, 6.438711576084147, 8.82909563035762, 9.926660112041713, 9.069434745341079, 6.764397549671367], [2.5825404546686195, 2.149052658731284, 1.0861330765610628, 2.158605359948872, 3.421969409565199, 3.871752715502373, 3.396791234385769, 4.661765015527917, 5.721320968972113, 6.948896354098253, 7.282272410449914, 6.497873751466705, 5.164288618967767, 3.528924069741371, 0.0, 2.468331371594989, 4.959930540844296, 4.301441433984659, 5.783768260399097, 7.802333457370301, 8.326956159966256, 7.077299677843238, 4.761574441295651], [4.499630002566878, 3.3869914511259105, 2.145268239638111, 1.088078425482281, 2.1672788837618473, 3.4041506503091195, 3.8782473631783723, 2.7298193090386036, 3.857387098801467, 4.8511284728401085, 4.983176832102188, 4.179454654617035, 2.9689233368344157, 5.266072731172633, 2.468331371594989, 0.0, 4.314822407701156, 4.963344514538559, 4.2652514169741504, 5.783682849188741, 5.981141925251397, 4.760510036750264, 2.722620245278434], [4.543829346487388, 3.387576207260879, 3.8738187631844627, 3.4027004643371126, 2.165581642423116, 1.0883714255712522, 2.1474540274473863, 2.7262258508788295, 2.9653884298688427, 4.175318772261586, 4.9783903111347145, 4.846475758734382, 3.8534222101918707, 4.503524937201969, 4.959930540844296, 4.314822407701156, 0.0, 2.4542949252280177, 2.7218951155399065, 4.757369704994558, 5.9765408389803545, 5.779332568731445, 4.262560039459855], [2.6761351404590914, 2.1628470542319906, 3.40411778145234, 3.8754326042391702, 3.4175135712971207, 2.1485160599818656, 1.0851565509178849, 4.652759466166287, 5.152841621862639, 6.484758321633892, 7.269165082043467, 6.9376251858975495, 5.712358357981404, 2.264917102235753, 4.301441433984659, 4.963344514538559, 2.4542949252280177, 0.0, 4.751598804613033, 7.0639169764373655, 8.313227619883868, 7.791537737828137, 5.77756363270886], [6.237816798367839, 4.972693147581096, 4.849405913099047, 3.8560596403582763, 2.7284291249728296, 2.968700048842927, 4.180463794843821, 2.1659134077797293, 1.0881592806202591, 2.1459350619252207, 3.394465382059449, 3.872940033101468, 3.4016229082601144, 6.438711576084147, 5.783768260399097, 4.2652514169741504, 2.7218951155399065, 4.751598804613033, 0.0, 2.4645470516912438, 4.289600039630734, 4.959803238032735, 4.313545271583457], [8.587086487278441, 7.269136357917631, 6.945778152230318, 5.719150033003157, 4.6596351209080735, 5.161991765781886, 6.49641090680077, 3.420928365224855, 2.1562239610021963, 1.0867961262352752, 2.15308425752454, 3.3956654178525896, 3.8717770984394235, 8.82909563035762, 7.802333457370301, 5.783682849188741, 4.757369704994558, 7.0639169764373655, 2.4645470516912438, 0.0, 2.481431834647085, 4.294866518298328, 4.959804776399975], [9.549829347689936, 8.187402513618101, 7.595916271918747, 6.22023081324158, 5.378554431257529, 6.220468294268527, 7.598174891380166, 3.9063947816369, 3.4025038633335893, 2.1533770524457623, 1.0867345075960366, 2.1532840035629297, 3.402370322290036, 9.926660112041713, 8.326956159966256, 5.981141925251397, 5.9765408389803545, 8.313227619883868, 4.289600039630734, 2.481431834647085, 0.0, 2.4815414443446238, 4.2895899582594135], [8.57177555994089, 7.2676007003687255, 6.4931587159101545, 5.160759528402772, 4.659184423265514, 5.718901046529832, 6.947489619999442, 3.4208400737245817, 3.871871699837173, 3.3958207505697353, 2.1532122863294276, 1.0868643061578571, 2.1560497234525933, 9.069434745341079, 7.077299677843238, 4.760510036750264, 5.779332568731445, 7.791537737828137, 4.959803238032735, 4.294866518298328, 2.4815414443446238, 0.0, 2.464418976148333], [6.216848291538085, 4.970567103460127, 4.176040600856271, 2.9663067036299537, 2.727782608640212, 3.856093148511846, 4.8515306007485925, 2.165851366091404, 3.4016429133581907, 3.873010201380833, 3.3944919826094746, 2.146000375116463, 1.0882357924641148, 6.764397549671367, 4.761574441295651, 2.722620245278434, 4.262560039459855, 5.77756363270886, 4.313545271583457, 4.959804776399975, 4.2895899582594135, 2.464418976148333, 0.0]]}