{"total energy": -30.37506129, "HOMO-LUMO gap/eV": 11.710325, "electronic energy": -30.76321198, "dipole": [-0.65684266, 0.09240823, 0.06869287], "partial charges": [-0.09969315, -0.05248215, -0.05754754, -0.06101985, -0.02271179, -0.05813068, -0.10039825, 0.08441037, -0.44803025, 0.03108055, 0.0303345, 0.03010505, 0.03177784, 0.02925642, 0.03067923, 0.02867641, 0.0468634, 0.03018161, 0.04682608, 0.03893032, 0.02597275, 0.02870962, 0.03168612, 0.03853963, 0.01537888, 0.01743303, 0.28317184], "atomic dipole moments": [[-0.07356655, -0.05316115, -0.03829855], [0.00525128, 0.11217967, -0.00425563], [-0.00201702, -0.11131427, -0.00379436], [0.01055951, -0.01426999, 0.12191609], [-0.08357884, 0.05465005, -0.04282753], [-0.02071106, 0.02372167, -0.10977418], [0.06064667, -0.081765, 0.02346274], [0.14648496, -0.0896475, -0.09763853], [-0.21119271, 0.08042965, 0.0883847], [0.06059, 0.06596651, -0.08822154], [0.0831958, -0.07484639, 0.05476883], [-0.04258171, 0.07980248, 0.08703774], [0.05036805, -0.08124698, -0.07990215], [-0.04800324, -0.0670404, 0.09224473], [-0.04878778, 0.08183945, 0.07908626], [0.05277883, 0.0718934, -0.08248728], [0.05514569, -0.06341335, -0.0942001], [-0.06830831, 0.07959362, -0.06285354], [0.07720501, -0.08751123, 0.04403626], [0.08297106, 0.04132379, 0.08062014], [-0.0617392, -0.07902637, 0.06878501], [-0.09890765, -0.03814005, -0.06951667], [-0.04761365, 0.04846425, 0.10339802], [0.05792536, 0.09539942, -0.05958218], [-0.06631364, -0.07567053, 0.059892], [-0.06858297, 0.06916842, -0.06835048], [-0.06487142, -0.02964487, -0.03390713]], "atomic quadrupole moments": [[0.0770423, 0.13574607, -0.00866359, 0.10949513, 0.06928948, -0.06837872], [0.10855037, 0.02348745, 0.01216626, 0.19658723, -0.00956446, -0.12071663], [0.08599764, -0.00384244, -0.01423087, 0.20494775, -0.00451897, -0.07176677], [0.01836193, 0.21035778, 0.00308444, 0.03516389, -0.03709766, -0.02144637], [-0.01457492, 0.13511975, -0.0752734, -0.03823049, 0.09047352, 0.08984832], [-0.03272633, -0.19380788, 0.0446978, -0.0512879, 0.04457003, -0.01197147], [0.00778885, -0.15927352, 0.06660746, 0.04975277, -0.05801066, -0.07439631], [-0.02225259, -0.11309035, -0.04319323, -0.13250232, 0.35749685, 0.06544582], [0.00791592, -0.06826496, -0.01903441, -0.07613594, 0.12172002, 0.01111849], [-0.02293883, 0.03434776, -0.01364455, -0.03237809, -0.04223685, 0.03658338], [0.01049505, -0.04397494, 0.0174669, 0.04175385, -0.03181606, -0.02796195], [-0.00832834, -0.02508704, 0.00204429, -0.03633137, 0.05554299, 0.00628405], [-0.00873633, -0.0199304, -0.00956072, -0.01759801, 0.0395249, 0.01829704], [0.0034741, 0.02347106, -0.02097197, -0.02509033, -0.03149727, 0.01749787], [-0.00252361, -0.02492459, -0.02217701, -0.02470741, 0.03366986, 0.02470062], [0.00180291, 0.02486832, -0.02082061, -0.02352002, -0.03478176, 0.0190177], [-0.00545927, -0.01160274, 0.01520079, -0.03072448, 0.03635545, -0.00974152], [0.02239987, -0.03190587, 0.01671178, 0.0236628, -0.02425043, -0.03911166], [0.00547318, -0.02345669, 0.00022075, 0.00649177, -0.01739088, -0.00569393], [0.03206205, 0.01794174, -0.00685292, 0.03239557, 0.02917467, -0.02520914], [0.00207467, 0.02592267, 0.02586889, -0.03175033, -0.02348654, -0.02794357], [0.01329021, 0.03008923, -0.0070725, 0.05579627, 0.02998662, -0.00621771], [-0.03145567, -0.02718466, -0.02614593, -0.03408612, 0.03216489, 0.05760159], [0.00852013, 0.03846038, 0.00882134, -0.03574528, -0.04641883, -0.01734147], [-0.02031088, 0.0209703, 0.00178245, -0.03748811, -0.00914991, 0.01852843], [-0.02180483, -0.0394816, 0.02209399, 0.01295557, -0.00729666, -0.00028916], [0.04124285, 0.05846236, -0.03040673, 0.06764822, 0.07168983, -0.01083612]], "number of molecular orbitals": 54, "number of electrons": 56, "number of unpaired electrons": 0, "orbital energies/eV": [-18.53328079, -17.13569534, -16.70346843, -16.53416659, -16.26848577, -15.82401943, -15.52321291, -15.30112624, -15.00847613, -14.64749509, -14.26280917, -14.12285847, -13.68414043, -13.53357257, -13.25519933, -13.13554861, -13.03074357, -12.79505587, -12.63692009, -12.26695209, -12.13165562, -11.87391309, -11.82893368, -11.56886295, -11.35771145, -11.26389773, -11.15963606, -10.92934207, 0.78098293, 1.54262595, 2.17597586, 2.74158776, 2.91117509, 3.32236298, 3.42123236, 3.46939639, 3.75884505, 3.82990201, 4.13799028, 4.62238957, 4.71139482, 4.85966269, 5.17336467, 5.63569456, 5.81447689, 6.22630561, 6.45955282, 6.9463761, 7.12038135, 7.41909731, 7.62674523, 7.82924046, 8.05010604, 8.42351299], "fractional occupation": [2.0, 2.0, 2.0, 2.0, 2.0, 2.0, 2.0, 2.0, 2.0, 2.0, 2.0, 2.0, 2.0, 2.0, 2.0, 2.0, 2.0, 2.0, 2.0, 2.0, 2.0, 2.0, 2.0, 2.0, 2.0, 2.0, 2.0, 2.0, 0.0, 0.0, 0.0, 0.0, 0.0, 0.0, 0.0, 0.0, 0.0, 0.0, 0.0, 0.0, 0.0, 0.0, 0.0, 0.0, 0.0, 0.0, 0.0, 0.0, 0.0, 0.0, 0.0, 0.0, 0.0, 0.0], "program call": "xtb /home/svss/Project-DBcg-Debug/aqme2_20220329/End-to-End-workflows-final/example-3/QDESCP/mol_1056_rdkit_conf_22/mol_1056_rdkit_conf_22.xyz --pop --wbo --acc 0.2 --gfn 2 --chrg 0 --uhf 0 --etemp 300 --input /home/svss/Project-DBcg-Debug/aqme2_20220329/End-to-End-workflows-final/example-3/QDESCP/mol_1056_rdkit_conf_22/mol_1056_rdkit_conf_22_xtb.inp", "method": "GFN2-xTB", "xtb version": "6.3.3 (7355c4f)", "Dipole module/D": 1.695, "Total charge": 0, "Transition dipole module/D": NaN, "HOMO": -10.9293, "LUMO": 0.781, "HOMO occupancy": 2.0, "LUMO occupancy": 0, "mulliken charges": [-0.08363, -0.03981, -0.04802, -0.04904, -0.02244, -0.05141, -0.08631, 0.19355, -0.56924, 0.02615, 0.02755, 0.02516, 0.02557, 0.02147, 0.02049, 0.02405, 0.04026, 0.02084, 0.03628, 0.02918, 0.02271, 0.02367, 0.02977, 0.02982, 0.0094, 0.00849, 0.33548], "cm5 charges": [-0.23408, -0.15262, -0.15887, -0.15651, -0.08996, -0.16178, -0.23697, 0.10795, -0.78485, 0.07744, 0.07832, 0.07646, 0.08044, 0.07702, 0.07648, 0.07897, 0.09861, 0.07708, 0.09823, 0.08477, 0.07762, 0.07566, 0.08056, 0.08198, 0.0724, 0.07204, 0.50361], "FUKUI+": [0.007, -0.001, -0.006, -0.005, -0.024, -0.021, 0.022, -0.01, -0.112, -0.03, -0.047, -0.026, -0.027, -0.016, -0.031, -0.045, -0.042, -0.045, -0.049, -0.053, -0.049, -0.025, -0.059, -0.029, -0.089, -0.073, -0.116], "FUKUI-": [0.02, 0.008, 0.012, 0.007, -0.006, 0.01, 0.015, 0.02, -0.085, -0.062, -0.048, -0.047, -0.064, -0.075, -0.065, -0.083, -0.048, -0.049, -0.051, -0.034, -0.048, -0.035, -0.049, -0.029, -0.083, -0.082, -0.048], "FUKUIrad": [0.014, 0.003, 0.003, 0.001, -0.015, -0.005, 0.019, 0.005, -0.099, -0.046, -0.047, -0.036, -0.045, -0.045, -0.048, -0.064, -0.045, -0.047, -0.05, -0.044, -0.049, -0.03, -0.054, -0.029, -0.086, -0.078, -0.082], "s proportion": [1.008, 1.027, 1.032, 1.035, 1.062, 1.032, 1.007, 0.996, 1.695, 0.974, 0.972, 0.975, 0.974, 0.979, 0.98, 0.976, 0.96, 0.979, 0.964, 0.971, 0.977, 0.976, 0.97, 0.97, 0.991, 0.992, 0.665], "p proportion": [3.076, 3.013, 3.016, 3.014, 2.961, 3.019, 3.079, 2.811, 4.874, 0.0, 0.0, 0.0, 0.0, 0.0, 0.0, 0.0, 0.0, 0.0, 0.0, 0.0, 0.0, 0.0, 0.0, 0.0, 0.0, 0.0, 0.0], "d proportion": [0.0, 0.0, 0.0, 0.0, 0.0, 0.0, 0.0, 0.0, 0.0, 0.0, 0.0, 0.0, 0.0, 0.0, 0.0, 0.0, 0.0, 0.0, 0.0, 0.0, 0.0, 0.0, 0.0, 0.0, 0.0, 0.0, 0.0], "Fermi-level/eV": -5.0742, "Coordination numbers": [3.75, 3.799, 3.8, 3.799, 3.846, 3.799, 3.748, 3.675, 1.653, 0.924, 0.924, 0.924, 0.924, 0.924, 0.924, 0.924, 0.924, 0.924, 0.923, 0.924, 0.924, 0.924, 0.924, 0.924, 0.924, 0.924, 0.804], "Dispersion coefficient C6": [22.467, 21.518, 21.61, 21.675, 20.947, 21.622, 22.484, 19.396, 21.805, 2.571, 2.582, 2.585, 2.561, 2.597, 2.577, 2.606, 2.36, 2.584, 2.36, 2.463, 2.645, 2.605, 2.563, 2.468, 2.805, 2.773, 0.774], "Total dispersion C6": 4860.85948, "Total dispersion C8": 100817.913833, "Polarizability alpha": [6.76, 6.605, 6.619, 6.629, 6.51, 6.621, 6.763, 6.31, 6.304, 2.508, 2.513, 2.514, 2.503, 2.52, 2.51, 2.524, 2.402, 2.514, 2.402, 2.454, 2.543, 2.524, 2.503, 2.457, 2.619, 2.604, 1.382], "Total polarizability alpha": 103.118375, "Wiberg matrix": [[0.0, 1.0196936575363023, 0.0, 0.0, 0.0, 0.0, 0.0, 0.0, 0.0, 0.9876600555875095, 0.9875451594971594, 0.9878853039377644, 0.0, 0.0, 0.0, 0.0, 0.0, 0.0, 0.0, 0.0, 0.0, 0.0, 0.0, 0.0, 0.0, 0.0, 0.0], [1.0196936575363023, 0.0, 1.0088606408677037, 0.0, 0.0, 0.0, 0.0, 0.0, 0.0, 0.0, 0.0, 0.0, 0.9777355763624591, 0.9760340832237375, 0.0, 0.0, 0.0, 0.0, 0.0, 0.0, 0.0, 0.0, 0.0, 0.0, 0.0, 0.0, 0.0], [0.0, 1.0088606408677037, 0.0, 1.006733918111796, 0.0, 0.0, 0.0, 0.0, 0.0, 0.0, 0.0, 0.0, 0.0, 0.0, 0.9751889025492091, 0.9763162386062343, 0.0, 0.0, 0.0, 0.0, 0.0, 0.0, 0.0, 0.0, 0.0, 0.0, 0.0], [0.0, 0.0, 1.006733918111796, 0.0, 0.9952847910713765, 0.0, 0.0, 0.0, 0.0, 0.0, 0.0, 0.0, 0.0, 0.0, 0.0, 0.0, 0.9749177137360675, 0.9751960894647569, 0.0, 0.0, 0.0, 0.0, 0.0, 0.0, 0.0, 0.0, 0.0], [0.0, 0.0, 0.0, 0.9952847910713765, 0.0, 0.9944353009182533, 0.0, 0.9927393638447688, 0.0, 0.0, 0.0, 0.0, 0.0, 0.0, 0.0, 0.0, 0.0, 0.0, 0.9643844627789846, 0.0, 0.0, 0.0, 0.0, 0.0, 0.0, 0.0, 0.0], [0.0, 0.0, 0.0, 0.0, 0.9944353009182533, 0.0, 1.0210175761836604, 0.0, 0.0, 0.0, 0.0, 0.0, 0.0, 0.0, 0.0, 0.0, 0.0, 0.0, 0.0, 0.9746518366925595, 0.9768015272799593, 0.0, 0.0, 0.0, 0.0, 0.0, 0.0], [0.0, 0.0, 0.0, 0.0, 0.0, 1.0210175761836604, 0.0, 0.0, 0.0, 0.0, 0.0, 0.0, 0.0, 0.0, 0.0, 0.0, 0.0, 0.0, 0.0, 0.0, 0.0, 0.9866903721840925, 0.98682456671902, 0.9853047317015831, 0.0, 0.0, 0.0], [0.0, 0.0, 0.0, 0.0, 0.9927393638447688, 0.0, 0.0, 0.0, 0.987772237576232, 0.0, 0.0, 0.0, 0.0, 0.0, 0.0, 0.0, 0.0, 0.0, 0.0, 0.0, 0.0, 0.0, 0.0, 0.0, 0.9730303350356776, 0.9718933530206412, 0.0], [0.0, 0.0, 0.0, 0.0, 0.0, 0.0, 0.0, 0.987772237576232, 0.0, 0.0, 0.0, 0.0, 0.0, 0.0, 0.0, 0.0, 0.0, 0.0, 0.0, 0.0, 0.0, 0.0, 0.0, 0.0, 0.0, 0.0, 0.9069439342245345], [0.9876600555875095, 0.0, 0.0, 0.0, 0.0, 0.0, 0.0, 0.0, 0.0, 0.0, 0.0, 0.0, 0.0, 0.0, 0.0, 0.0, 0.0, 0.0, 0.0, 0.0, 0.0, 0.0, 0.0, 0.0, 0.0, 0.0, 0.0], [0.9875451594971594, 0.0, 0.0, 0.0, 0.0, 0.0, 0.0, 0.0, 0.0, 0.0, 0.0, 0.0, 0.0, 0.0, 0.0, 0.0, 0.0, 0.0, 0.0, 0.0, 0.0, 0.0, 0.0, 0.0, 0.0, 0.0, 0.0], [0.9878853039377644, 0.0, 0.0, 0.0, 0.0, 0.0, 0.0, 0.0, 0.0, 0.0, 0.0, 0.0, 0.0, 0.0, 0.0, 0.0, 0.0, 0.0, 0.0, 0.0, 0.0, 0.0, 0.0, 0.0, 0.0, 0.0, 0.0], [0.0, 0.9777355763624591, 0.0, 0.0, 0.0, 0.0, 0.0, 0.0, 0.0, 0.0, 0.0, 0.0, 0.0, 0.0, 0.0, 0.0, 0.0, 0.0, 0.0, 0.0, 0.0, 0.0, 0.0, 0.0, 0.0, 0.0, 0.0], [0.0, 0.9760340832237375, 0.0, 0.0, 0.0, 0.0, 0.0, 0.0, 0.0, 0.0, 0.0, 0.0, 0.0, 0.0, 0.0, 0.0, 0.0, 0.0, 0.0, 0.0, 0.0, 0.0, 0.0, 0.0, 0.0, 0.0, 0.0], [0.0, 0.0, 0.9751889025492091, 0.0, 0.0, 0.0, 0.0, 0.0, 0.0, 0.0, 0.0, 0.0, 0.0, 0.0, 0.0, 0.0, 0.0, 0.0, 0.0, 0.0, 0.0, 0.0, 0.0, 0.0, 0.0, 0.0, 0.0], [0.0, 0.0, 0.9763162386062343, 0.0, 0.0, 0.0, 0.0, 0.0, 0.0, 0.0, 0.0, 0.0, 0.0, 0.0, 0.0, 0.0, 0.0, 0.0, 0.0, 0.0, 0.0, 0.0, 0.0, 0.0, 0.0, 0.0, 0.0], [0.0, 0.0, 0.0, 0.9749177137360675, 0.0, 0.0, 0.0, 0.0, 0.0, 0.0, 0.0, 0.0, 0.0, 0.0, 0.0, 0.0, 0.0, 0.0, 0.0, 0.0, 0.0, 0.0, 0.0, 0.0, 0.0, 0.0, 0.0], [0.0, 0.0, 0.0, 0.9751960894647569, 0.0, 0.0, 0.0, 0.0, 0.0, 0.0, 0.0, 0.0, 0.0, 0.0, 0.0, 0.0, 0.0, 0.0, 0.0, 0.0, 0.0, 0.0, 0.0, 0.0, 0.0, 0.0, 0.0], [0.0, 0.0, 0.0, 0.0, 0.9643844627789846, 0.0, 0.0, 0.0, 0.0, 0.0, 0.0, 0.0, 0.0, 0.0, 0.0, 0.0, 0.0, 0.0, 0.0, 0.0, 0.0, 0.0, 0.0, 0.0, 0.0, 0.0, 0.0], [0.0, 0.0, 0.0, 0.0, 0.0, 0.9746518366925595, 0.0, 0.0, 0.0, 0.0, 0.0, 0.0, 0.0, 0.0, 0.0, 0.0, 0.0, 0.0, 0.0, 0.0, 0.0, 0.0, 0.0, 0.0, 0.0, 0.0, 0.0], [0.0, 0.0, 0.0, 0.0, 0.0, 0.9768015272799593, 0.0, 0.0, 0.0, 0.0, 0.0, 0.0, 0.0, 0.0, 0.0, 0.0, 0.0, 0.0, 0.0, 0.0, 0.0, 0.0, 0.0, 0.0, 0.0, 0.0, 0.0], [0.0, 0.0, 0.0, 0.0, 0.0, 0.0, 0.9866903721840925, 0.0, 0.0, 0.0, 0.0, 0.0, 0.0, 0.0, 0.0, 0.0, 0.0, 0.0, 0.0, 0.0, 0.0, 0.0, 0.0, 0.0, 0.0, 0.0, 0.0], [0.0, 0.0, 0.0, 0.0, 0.0, 0.0, 0.98682456671902, 0.0, 0.0, 0.0, 0.0, 0.0, 0.0, 0.0, 0.0, 0.0, 0.0, 0.0, 0.0, 0.0, 0.0, 0.0, 0.0, 0.0, 0.0, 0.0, 0.0], [0.0, 0.0, 0.0, 0.0, 0.0, 0.0, 0.9853047317015831, 0.0, 0.0, 0.0, 0.0, 0.0, 0.0, 0.0, 0.0, 0.0, 0.0, 0.0, 0.0, 0.0, 0.0, 0.0, 0.0, 0.0, 0.0, 0.0, 0.0], [0.0, 0.0, 0.0, 0.0, 0.0, 0.0, 0.0, 0.9730303350356776, 0.0, 0.0, 0.0, 0.0, 0.0, 0.0, 0.0, 0.0, 0.0, 0.0, 0.0, 0.0, 0.0, 0.0, 0.0, 0.0, 0.0, 0.0, 0.0], [0.0, 0.0, 0.0, 0.0, 0.0, 0.0, 0.0, 0.9718933530206412, 0.0, 0.0, 0.0, 0.0, 0.0, 0.0, 0.0, 0.0, 0.0, 0.0, 0.0, 0.0, 0.0, 0.0, 0.0, 0.0, 0.0, 0.0, 0.0], [0.0, 0.0, 0.0, 0.0, 0.0, 0.0, 0.0, 0.0, 0.9069439342245345, 0.0, 0.0, 0.0, 0.0, 0.0, 0.0, 0.0, 0.0, 0.0, 0.0, 0.0, 0.0, 0.0, 0.0, 0.0, 0.0, 0.0, 0.0]], "Born radii": [], "Atomic SASAs": [], "Solvent H bonds": [], "Total SASA": NaN, "Total FOD": 0.0, "FOD": [0.0, 0.0, 0.0, 0.0, 0.0, 0.0, 0.0, 0.0, 0.0, 0.0, 0.0, 0.0, 0.0, 0.0, 0.0, 0.0, 0.0, 0.0, 0.0, 0.0, 0.0, 0.0, 0.0, 0.0, 0.0, 0.0, 0.0], "FOD s proportion": [0.0, 0.0, 0.0, 0.0, 0.0, 0.0, 0.0, 0.0, 0.0, 0.0, 0.0, 0.0, 0.0, 0.0, 0.0, 0.0, 0.0, 0.0, 0.0, 0.0, 0.0, 0.0, 0.0, 0.0, 0.0, 0.0, 0.0], "FOD p proportion": [0.0, 0.0, 0.0, 0.0, 0.0, 0.0, 0.0, 0.0, 0.0, 0.0, 0.0, 0.0, 0.0, 0.0, 0.0, 0.0, 0.0, 0.0, 0.0, 0.0, 0.0, 0.0, 0.0, 0.0, 0.0, 0.0, 0.0], "FOD d proportion": [0.0, 0.0, 0.0, 0.0, 0.0, 0.0, 0.0, 0.0, 0.0, 0.0, 0.0, 0.0, 0.0, 0.0, 0.0, 0.0, 0.0, 0.0, 0.0, 0.0, 0.0, 0.0, 0.0, 0.0, 0.0, 0.0, 0.0], "coordinates": [["3.36490", "0.88000", "0.95970"], ["2.23990", "0.04700", "0.36440"], ["1.19310", "0.92970", "-0.31570"], ["0.09610", "0.13360", "-1.03300"], ["-0.75670", "-0.79810", "-0.14120"], ["-1.41180", "-0.09100", "1.06210"], ["-2.35380", "1.05180", "0.70880"], ["-1.81090", "-1.53040", "-0.98860"], ["-1.16820", "-2.37500", "-1.93600"], ["3.87880", "1.45720", "0.18450"], ["4.10150", "0.23110", "1.44380"], ["2.98080", "1.57770", "1.71070"], ["2.66050", "-0.65890", "-0.36100"], ["1.78060", "-0.54220", "1.16510"], ["0.74940", "1.61460", "0.41550"], ["1.69150", "1.56220", "-1.06150"], ["0.57230", "-0.46280", "-1.82210"], ["-0.55980", "0.84400", "-1.55170"], ["-0.08410", "-1.56850", "0.25890"], ["-0.63400", "0.28900", "1.73440"], ["-1.97140", "-0.83250", "1.64640"], ["-3.18890", "0.70880", "0.09150"], ["-2.77450", "1.48210", "1.62360"], ["-1.83420", "1.85350", "0.17660"], ["-2.44630", "-2.15870", "-0.35560"], ["-2.44600", "-0.82600", "-1.53520"], ["-1.86870", "-2.81820", "-2.44430"]], "bond_dist": [[0.0, 1.5211495948788205, 2.5190931880341387, 3.9003871205304734, 4.584276058441508, 4.875468146752679, 5.7267788275783795, 6.032810844871568, 6.287217118884952, 1.094617782607244, 1.094533498802115, 1.0946776237778866, 2.1467745713045887, 2.1388895460027855, 2.770673392877623, 2.711256874587873, 4.164149113564498, 4.659581102416825, 4.287408761711437, 4.115901152846118, 5.646265210738864, 6.613272648243076, 6.204475802193124, 5.347110310251696, 6.688329927567867, 6.549925253008617, 7.25633986249266], [1.5211495948788205, 0.0, 1.5288837562090847, 2.560489164202809, 3.154272805259558, 3.720314795820375, 4.7149034019797265, 4.552777218358043, 4.772113763312857, 2.169567067412298, 2.1597573312759004, 2.168985705347087, 1.0960859136034913, 1.0950952561307168, 2.163693883154454, 2.1516887344595177, 2.7967066435362864, 3.484963170537101, 2.8323040973737266, 3.19292424119333, 4.489108145277856, 5.475794288502811, 5.365566513426145, 4.4606055530611535, 5.229147438158537, 5.131107869651544, 5.742713704338742], [2.5190931880341387, 1.5288837562090847, 0.0, 1.5335264914568643, 2.611027217399313, 3.11859990059642, 3.6939150328614763, 3.9406728384883714, 4.3728882754993865, 2.7823444754379354, 3.4702554329616713, 2.778861682416021, 2.1630914936728867, 2.168966228413896, 1.0957240254735678, 1.097577537124371, 2.143289492812392, 2.146555123913663, 2.863984678729968, 2.819876045148084, 4.119374406387455, 4.4064194818469105, 4.45060445445335, 3.2031720247279885, 4.773367671780585, 4.220510816240139, 5.286994572533624], [3.9003871205304734, 2.560489164202809, 1.5335264914568643, 0.0, 1.5461694506101198, 2.5910715119425016, 3.1430826412934167, 2.531307243303349, 2.950752014317706, 4.188441535941501, 4.710336893471633, 4.234950836786656, 2.766909396781904, 2.85059458709933, 2.172168073607565, 2.1417309284781783, 1.0977878711299376, 1.0972340953506685, 2.1444398009736716, 2.8663038795633655, 3.5195297725690575, 3.51945738573434, 4.1371874709759044, 2.85433814745205, 3.489599949850985, 2.763206363990934, 3.8164551576037153], [4.584276058441508, 3.154272805259558, 2.611027217399313, 1.5461694506101198, 0.0, 1.5417773217945578, 2.5875390663717526, 1.5380792209766048, 2.424304621948323, 5.165299490833035, 5.212828874996761, 4.8002984803030735, 3.4270898033170942, 2.865274121266585, 2.8981672467268003, 3.5230173743539783, 2.168891859913721, 2.173654128420619, 1.0981743622940758, 2.171339922720531, 2.1615256672082337, 2.870626018832826, 3.519282301833713, 2.8797544426565267, 2.1798963002858645, 2.1903764288359207, 3.259082327895385], [4.875468146752679, 3.720314795820375, 3.11859990059642, 2.5910715119425016, 1.5417773217945578, 0.0, 1.5225559858343471, 2.537030480699828, 3.776850615261345, 5.581895140541427, 5.53587573830916, 4.743435085462854, 4.351017273006395, 3.225772496627746, 2.8280644193511577, 4.107702288384591, 3.5204399852859303, 2.9038043047009903, 2.142644109505823, 1.0960657507649803, 1.0974428914526715, 2.1771147902671553, 2.155661650166835, 2.1779835306998994, 2.712092703061604, 2.8906334824740405, 4.465559137442925], [5.7267788275783795, 4.7149034019797265, 3.6939150328614763, 3.1430826412934167, 2.5875390663717526, 1.5225559858343471, 0.0, 3.1374613957784407, 4.488159159388179, 6.2677382212405774, 6.548638910491248, 5.453286310106961, 5.405013507846212, 4.454470681236997, 3.1674309732020998, 4.445100936986696, 4.154699649794194, 2.8933504955328173, 3.495700243155869, 2.142762525339661, 2.13913767906603, 1.0936637051671778, 1.094991150649173, 1.0935921954732486, 3.383609590363522, 2.9274852143093737, 5.01540243848886], [6.032810844871568, 4.552777218358043, 3.9406728384883714, 2.531307243303349, 1.5380792209766048, 2.537030480699828, 3.1374613957784407, 0.0, 1.4226662328178032, 6.532580153354416, 6.6314346690591774, 6.317190434837309, 4.598566295053274, 4.3027706399481715, 4.291579883912218, 4.672932155510071, 2.7411921220520097, 2.7422815646829557, 2.130621059691282, 3.47994812748696, 2.730576799872144, 2.8424490584705295, 4.102105563000543, 3.57896816694421, 1.0950721665716832, 1.0946702380169109, 1.94443620877621], [6.287217118884952, 4.772113763312857, 4.3728882754993865, 2.950752014317706, 2.424304621948323, 3.776850615261345, 4.488159159388179, 1.4226662328178032, 0.0, 6.682401221866283, 6.781190407295757, 6.792382437701812, 4.48158095988458, 4.655254932868875, 5.01234976532963, 4.9441053973393405, 2.5882083185091576, 3.2984538878086505, 2.577460197558829, 4.566629150697481, 3.982213737357652, 4.207589236130352, 5.4889135773848725, 4.773557060515775, 2.0440130772575795, 2.047636315364621, 0.9723658673565215], [1.094617782607244, 2.169567067412298, 2.7823444754379354, 4.188441535941501, 5.165299490833035, 5.581895140541427, 6.2677382212405774, 6.532580153354416, 6.682401221866283, 0.0, 1.7716526154977448, 1.7748832891207242, 2.5019401171890587, 3.059676446946638, 3.1418593412181903, 2.5194884976915453, 4.318076633178249, 4.805369355210898, 4.986478944104747, 4.912458151475695, 6.450171915538376, 7.107822089079045, 6.807204250645047, 5.72673424387757, 7.305705361565028, 6.940710725134711, 7.630425338734402], [1.094533498802115, 2.1597573312759004, 3.4702554329616713, 4.710336893471633, 5.212828874996761, 5.53587573830916, 6.548638910491248, 6.6314346690591774, 6.781190407295757, 1.7716526154977448, 0.0, 1.7721556534345395, 2.475052330759897, 2.4621623403017114, 3.769356384052853, 3.7224259965780377, 4.85827671710865, 5.57461965967186, 4.707631626412585, 4.744761429197468, 6.168663236877176, 7.43013086964153, 6.991187670203111, 6.282556174838391, 7.19879637439482, 7.270602290044477, 7.749763876402945], [1.0946776237778866, 2.168985705347087, 2.778861682416021, 4.234950836786656, 4.8002984803030735, 4.743435085462854, 5.453286310106961, 6.317190434837309, 6.792382437701812, 1.7748832891207242, 1.7721556534345395, 0.0, 3.065438392791478, 2.4964245251959856, 2.580319865830591, 3.0573890135211776, 4.737635310996405, 4.870053162954179, 4.626003641373405, 3.837719168985662, 5.507947291868359, 6.437545645663415, 5.756752892039053, 5.061003205887149, 6.905338156817521, 6.764894584544536, 7.752780924287749], [2.1467745713045887, 1.0960859136034913, 2.1630914936728867, 2.766909396781904, 3.4270898033170942, 4.351017273006395, 5.405013507846212, 4.598566295053274, 4.48158095988458, 2.5019401171890587, 2.475052330759897, 3.065438392791478, 0.0, 1.765452947546323, 3.069862816153191, 2.522488148634201, 2.5561392098240656, 3.747907014588275, 2.95710624259596, 4.01782849559311, 5.051167125526535, 6.0241879037759105, 6.16942000191266, 5.177209249199804, 5.322483953944812, 5.24242408624102, 5.4328968350227305], [2.1388895460027855, 1.0950952561307168, 2.168966228413896, 2.85059458709933, 2.865274121266585, 3.225772496627746, 4.454470681236997, 4.3027706399481715, 4.655254932868875, 3.059676446946638, 2.4621623403017114, 2.4964245251959856, 1.765452947546323, 0.0, 2.505406122767325, 3.064993593794284, 3.2232991003008085, 3.8444797879557124, 2.313351728553183, 2.6163503377797093, 3.7938671273517204, 5.235794897625383, 5.0056916355285015, 4.447841024587097, 4.774126553622138, 5.023575428915147, 5.614742634351106], [2.770673392877623, 2.163693883154454, 1.0957240254735678, 2.172168073607565, 2.8981672467268003, 2.8280644193511577, 3.1674309732020998, 4.291579883912218, 5.01234976532963, 3.1418593412181903, 3.769356384052853, 2.580319865830591, 3.069862816153191, 2.505406122767325, 0.0, 1.7526628797347197, 3.0583997335207833, 2.485498911687551, 3.2941419854037868, 2.3260498984329634, 3.8608504063224207, 4.054091332222302, 3.727590786285426, 2.6055969335259817, 5.004486646000767, 4.46904240413984, 5.889195147895848], [2.711256874587873, 2.1516887344595177, 1.097577537124371, 2.1417309284781783, 3.5230173743539783, 4.107702288384591, 4.445100936986696, 4.672932155510071, 4.9441053973393405, 2.5194884976915453, 3.7224259965780377, 3.0573890135211776, 2.522488148634201, 3.064993593794284, 1.7526628797347197, 0.0, 2.4355176041244295, 2.4133915906872634, 3.8337310821183066, 3.8530566178035848, 5.146275051918621, 5.086846244973402, 5.211653674218962, 3.7481072276550464, 5.609347596646156, 4.800707987370196, 5.811631788060906], [4.164149113564498, 2.7967066435362864, 2.143289492812392, 1.0977878711299376, 2.168891859913721, 3.5204399852859303, 4.154699649794194, 2.7411921220520097, 2.5882083185091576, 4.318076633178249, 4.85827671710865, 4.737635310996405, 2.5561392098240656, 3.2232991003008085, 3.0583997335207833, 2.4355176041244295, 0.0, 1.7499979457130799, 2.4462204418244893, 3.8300202584320617, 4.317126362524035, 4.379627491008796, 5.182331014128681, 3.8924657519366823, 3.760138962857623, 3.0535816249119656, 3.448698740104737], [4.659581102416825, 3.484963170537101, 2.146555123913663, 1.0972340953506685, 2.173654128420619, 2.9038043047009903, 2.8933504955328173, 2.7422815646829557, 3.2984538878086505, 4.805369355210898, 5.57461965967186, 4.870053162954179, 3.747907014588275, 3.8444797879557124, 2.485498911687551, 2.4133915906872634, 1.7499979457130799, 0.0, 3.0536403029826547, 3.333464241596121, 3.876997603816644, 3.103313082819714, 3.923595008407468, 2.3728056178288184, 3.74242498254808, 2.5193099630652838, 3.9901958360461456], [4.287408761711437, 2.8323040973737266, 2.863984678729968, 2.1444398009736716, 1.0981743622940758, 2.142644109505823, 3.495700243155869, 2.130621059691282, 2.577460197558829, 4.986478944104747, 4.707631626412585, 4.626003641373405, 2.95710624259596, 2.313351728553183, 3.2941419854037868, 3.8337310821183066, 2.4462204418244893, 3.0536403029826547, 0.0, 2.435117350355009, 2.455352019568681, 3.854075906102525, 4.290316842611976, 3.8444384895586508, 2.51116210747136, 3.057559920917332, 3.4718636911607], [4.115901152846118, 3.19292424119333, 2.819876045148084, 2.8663038795633655, 2.171339922720531, 1.0960657507649803, 2.142762525339661, 3.47994812748696, 4.566629150697481, 4.912458151475695, 4.744761429197468, 3.837719168985662, 4.01782849559311, 2.6163503377797093, 2.3260498984329634, 3.8530566178035848, 3.8300202584320617, 3.333464241596121, 2.435117350355009, 0.0, 1.7476112296503477, 3.0664093758009545, 2.4530602316290566, 2.51294272318332, 3.6937469566823338, 3.900878511309984, 5.351701563054502], [5.646265210738864, 4.489108145277856, 4.119374406387455, 3.5195297725690575, 2.1615256672082337, 1.0974428914526715, 2.13913767906603, 2.730576799872144, 3.982213737357652, 6.450171915538376, 6.168663236877176, 5.507947291868359, 5.051167125526535, 3.7938671273517204, 3.8608504063224207, 5.146275051918621, 4.317126362524035, 3.876997603816644, 2.455352019568681, 1.7476112296503477, 0.0, 2.5051199472280765, 2.4500740009232373, 3.0649195552249, 2.4479257443803317, 3.216809905791761, 4.54833796787354], [6.613272648243076, 5.475794288502811, 4.4064194818469105, 3.51945738573434, 2.870626018832826, 2.1771147902671553, 1.0936637051671778, 2.8424490584705295, 4.207589236130352, 7.107822089079045, 7.43013086964153, 6.437545645663415, 6.0241879037759105, 5.235794897625383, 4.054091332222302, 5.086846244973402, 4.379627491008796, 3.103313082819714, 3.854075906102525, 3.0664093758009545, 2.5051199472280765, 0.0, 1.7655171083849626, 1.7756103711118605, 2.995648413949808, 2.3566213824032065, 4.5401474293242945], [6.204475802193124, 5.365566513426145, 4.45060445445335, 4.1371874709759044, 3.519282301833713, 2.155661650166835, 1.094991150649173, 4.102105563000543, 5.4889135773848725, 6.807204250645047, 6.991187670203111, 5.756752892039053, 6.16942000191266, 5.0056916355285015, 3.727590786285426, 5.211653674218962, 5.182331014128681, 3.923595008407468, 4.290316842611976, 2.4530602316290566, 2.4500740009232373, 1.7655171083849626, 0.0, 1.7651943377430144, 4.156966745115963, 3.925971892410846, 5.988394120296359], [5.347110310251696, 4.4606055530611535, 3.2031720247279885, 2.85433814745205, 2.8797544426565267, 2.1779835306998994, 1.0935921954732486, 3.57896816694421, 4.773557060515775, 5.72673424387757, 6.282556174838391, 5.061003205887149, 5.177209249199804, 4.447841024587097, 2.6055969335259817, 3.7481072276550464, 3.8924657519366823, 2.3728056178288184, 3.8444384895586508, 2.51294272318332, 3.0649195552249, 1.7756103711118605, 1.7651943377430144, 0.0, 4.093366840389462, 3.237943595864511, 5.356779624923915], [6.688329927567867, 5.229147438158537, 4.773367671780585, 3.489599949850985, 2.1798963002858645, 2.712092703061604, 3.383609590363522, 1.0950721665716832, 2.0440130772575795, 7.305705361565028, 7.19879637439482, 6.905338156817521, 5.322483953944812, 4.774126553622138, 5.004486646000767, 5.609347596646156, 3.760138962857623, 3.74242498254808, 2.51116210747136, 3.6937469566823338, 2.4479257443803317, 2.995648413949808, 4.156966745115963, 4.093366840389462, 0.0, 1.7797599669618371, 2.2652217772218246], [6.549925253008617, 5.131107869651544, 4.220510816240139, 2.763206363990934, 2.1903764288359207, 2.8906334824740405, 2.9274852143093737, 1.0946702380169109, 2.047636315364621, 6.940710725134711, 7.270602290044477, 6.764894584544536, 5.24242408624102, 5.023575428915147, 4.46904240413984, 4.800707987370196, 3.0535816249119656, 2.5193099630652838, 3.057559920917332, 3.900878511309984, 3.216809905791761, 2.3566213824032065, 3.925971892410846, 3.237943595864511, 1.7797599669618371, 0.0, 2.264641017909903], [7.25633986249266, 5.742713704338742, 5.286994572533624, 3.8164551576037153, 3.259082327895385, 4.465559137442925, 5.01540243848886, 1.94443620877621, 0.9723658673565215, 7.630425338734402, 7.749763876402945, 7.752780924287749, 5.4328968350227305, 5.614742634351106, 5.889195147895848, 5.811631788060906, 3.448698740104737, 3.9901958360461456, 3.4718636911607, 5.351701563054502, 4.54833796787354, 4.5401474293242945, 5.988394120296359, 5.356779624923915, 2.2652217772218246, 2.264641017909903, 0.0]]}