{"total energy": -73.97988665, "HOMO-LUMO gap/eV": 0.99612369, "electronic energy": -74.63701401, "dipole": [0.63105584, 0.477993, 0.06498946], "partial charges": [-0.11252308, 0.01135022, -0.16017648, 0.00146267, 0.00863506, -0.11218844, -0.10525461, 0.10564383, 0.01616596, -0.01315455, -0.00547541, -0.0140254, 0.01179145, 0.54303093, -0.35597241, -0.3542881, 0.48209505, -0.19348942, -0.192992, -0.19401728, 0.54977429, -0.34835639, -0.34774439, 0.06035858, 0.04439711, 0.05032877, 0.04137201, 0.04772233, 0.02631834, 0.06339751, 0.0492779, 0.05141095, 0.05679383, 0.04699882, 0.0378359, 0.10298263, 0.1005138], "atomic dipole moments": [[-0.08091825, -0.05697982, 0.08769042], [0.07110754, -0.1305436, -0.0455332], [-0.09011979, 0.01952944, 0.21865442], [-0.11287251, 0.00044669, -0.0966219], [0.01175098, 0.17462854, -0.06112689], [-0.04302354, -0.00096005, 0.07104383], [-0.00980484, -0.05578063, 0.03139151], [0.06245919, 0.03969745, 0.01012125], [0.08146783, 0.03800473, -0.12900212], [0.01414481, 0.02252647, 0.04478369], [-0.12214305, -0.09515023, -0.00472792], [0.02442198, 0.01116633, -0.04481333], [0.04342028, 0.06813675, 0.14192454], [0.00712045, 0.02755053, 0.05753797], [-0.09359359, 0.15559821, -0.17322698], [0.05296641, -0.24250019, -0.01743468], [-0.14891424, -0.10451086, -0.00583633], [0.03259718, 0.13444261, -0.23306796], [-0.01657174, 0.18465768, 0.1972531], [0.22576722, -0.14284965, 0.04248456], [0.03151521, 0.01154668, -0.04592554], [0.03627737, -0.2264636, 0.09742388], [-0.1282972, 0.19242887, 0.08977264], [-0.00657561, -0.04289379, -0.12206083], [0.12146261, -0.00915777, 0.03155437], [-0.02593524, 0.12679764, -0.00318832], [0.01646951, 0.05020966, 0.11400669], [-0.12076576, 0.03813163, -0.0383159], [-0.0213677, -0.0050559, 0.12267727], [0.1013119, 0.08160486, 0.00660364], [0.11058512, 0.06301032, 0.0231808], [0.03617639, -0.11622202, -0.0480203], [-0.06055769, 0.05856197, -0.09961537], [0.05954425, -0.12960924, -0.05705354], [-0.08255007, -0.00673763, 0.12773461], [-0.04746172, -0.06962203, -0.14018397], [-0.08714824, -0.03065691, 0.13488776]], "atomic quadrupole moments": [[0.01814087, 0.10804034, -0.02435854, -0.15116536, -0.12168076, 0.00621767], [-0.10793367, 0.01668148, 0.26762943, -0.11799622, -0.08542073, -0.15969576], [0.02749795, 0.01741152, 0.08676355, 0.06860648, -0.02368393, -0.1142615], [0.0507758, -0.17743634, 0.02390004, 0.13848786, -0.03133823, -0.07467584], [0.27876916, -0.02272208, -0.30218418, 0.26294698, 0.20547148, 0.02341502], [-0.01976002, 0.02185344, -0.06740994, -0.14053307, -0.03038648, 0.08716996], [0.33617087, 0.08872133, -0.32753783, 0.40191736, 0.09706348, -0.00863305], [0.01865687, -0.29361148, 0.29690971, 0.10680871, -0.13237041, -0.31556659], [-0.056898, -0.33891707, 0.08868035, -0.15473106, -0.18325919, -0.03178235], [0.02083087, -0.40110617, 0.24432749, 0.05798015, -0.14687551, -0.26515836], [0.11880675, -0.18092765, 0.2031542, 0.088846, -0.10787908, -0.32196095], [-0.01015752, -0.3907479, 0.25407819, 0.13886098, -0.12149837, -0.24392067], [-0.17088217, -0.31684399, 0.15276991, 0.23451332, 0.05162367, 0.01811226], [0.22250754, 0.08283703, -0.07998157, -0.11242923, -0.07065172, -0.14252597], [0.14461939, 0.01470654, -0.09091974, -0.02802245, -0.15106956, -0.05369965], [0.12005258, 0.01770258, 0.07116873, -0.10441757, -0.00633049, -0.19122131], [-0.15450697, -0.2102517, -0.02539529, -0.01627136, 0.00054638, 0.17990226], [-0.04703799, -0.0045583, -0.01591269, -0.00578749, -0.04974225, 0.06295069], [-0.04445845, -0.01850508, 0.00958246, -0.01386021, 0.05910802, 0.03487599], [0.03305591, -0.06757916, 0.00046826, 0.01599843, -0.01215577, -0.03352417], [0.14270141, 0.10694761, -0.04686316, 0.17905878, 0.07773527, -0.09583825], [0.04348765, 0.06671389, 0.058817, 0.15749894, -0.04321515, -0.10230466], [0.11853721, -0.01230075, -0.00944429, 0.09020201, 0.13506152, -0.10909292], [-0.02960238, 0.01646054, -0.02457722, 0.01322984, 0.04470272, 0.0541796], [0.06295384, -0.0180227, -0.0470342, 0.03831985, -0.01553998, -0.01591964], [-0.02706511, -0.03138484, 0.07359957, -0.01033576, 0.00093621, -0.04653446], [-0.03122429, 0.01081958, -0.00713037, 0.01165207, 0.00336686, 0.03835466], [0.04214255, 0.01531826, -0.01805776, 0.02386315, -0.01449577, -0.02408479], [-0.00364064, -0.00726157, -0.02967407, -0.04023643, -0.02380971, 0.03331471], [0.00934629, 0.03176088, 0.02425236, -0.01950622, -0.01621659, -0.03359864], [0.036593, 0.05624534, -0.0068994, 0.02238776, 0.0240113, -0.0296936], [-0.04142342, -0.02055021, 0.07042087, -0.01805663, 0.02255257, -0.02899745], [-0.0034692, -0.04225763, -0.01228143, 0.0425473, -0.0410587, 0.01575063], [-0.03363546, -0.01709614, 0.03802179, -0.03844305, 0.00334739, -0.00438633], [-0.0253862, -0.00672766, 0.01202051, -0.05056486, -0.00738339, 0.01336568], [-0.00089276, 0.03687258, -0.02171536, -0.01726623, 0.00184213, 0.02260812], [-0.00492395, 0.03591343, -0.01752495, -0.00064269, 0.02249156, 0.0224489]], "number of molecular orbitals": 106, "number of electrons": 126, "number of unpaired electrons": 0, "orbital energies/eV": [-24.53064972, -24.19105369, -24.18490635, -21.93826141, -21.76334449, -21.39022895, -21.20652888, -20.56035405, -20.33340529, -20.12038734, -19.45504864, -19.26374858, -18.94097093, -18.4261722, -18.36105454, -18.31287733, -17.94647199, -17.85596386, -17.83352708, -17.66540751, -17.5714737, -17.49100266, -17.360741, -17.10023652, -16.97674742, -16.86086305, -16.7897909, -16.56188152, -16.42739123, -16.33567076, -15.97073316, -15.8078823, -15.59897198, -15.47108078, -15.45290368, -15.27912414, -15.16687809, -15.14706487, -15.14445701, -15.0624701, -14.9641085, -14.58230098, -14.40054043, -14.30410504, -14.05831565, -13.99949843, -13.83403254, -13.79446331, -13.72777997, -13.6578326, -13.41499054, -13.39325535, -13.21836572, -13.10540454, -13.08699479, -12.95259194, -12.88204882, -12.79070625, -12.51634664, -12.4876029, -12.292668, -11.20565209, -10.76868805, -9.77256436, -9.66024065, -8.81952204, -8.73136999, -6.1954375, -5.65019955, -2.66840617, -1.52112567, -1.48143941, -0.40507622, -0.24623197, 0.66539162, 0.85848432, 1.64006503, 1.79183899, 2.11090792, 2.23048571, 2.37966132, 2.49127947, 2.91048587, 3.62738018, 3.73579622, 3.93862817, 3.99713697, 4.03729695, 4.38364526, 4.76509747, 5.20471076, 5.39552311, 5.71317917, 5.82302923, 6.49043223, 6.77267598, 6.91065104, 7.99537395, 8.16771364, 8.5525486, 9.36302863, 9.68970999, 10.18786669, 13.35588194, 13.79187562, 15.16035821], "fractional occupation": [2.0, 2.0, 2.0, 2.0, 2.0, 2.0, 2.0, 2.0, 2.0, 2.0, 2.0, 2.0, 2.0, 2.0, 2.0, 2.0, 2.0, 2.0, 2.0, 2.0, 2.0, 2.0, 2.0, 2.0, 2.0, 2.0, 2.0, 2.0, 2.0, 2.0, 2.0, 2.0, 2.0, 2.0, 2.0, 2.0, 2.0, 2.0, 2.0, 2.0, 2.0, 2.0, 2.0, 2.0, 2.0, 2.0, 2.0, 2.0, 2.0, 2.0, 2.0, 2.0, 2.0, 2.0, 2.0, 2.0, 2.0, 2.0, 2.0, 2.0, 2.0, 2.0, 1.99999999, 1e-08, 0.0, 0.0, 0.0, 0.0, 0.0, 0.0, 0.0, 0.0, 0.0, 0.0, 0.0, 0.0, 0.0, 0.0, 0.0, 0.0, 0.0, 0.0, 0.0, 0.0, 0.0, 0.0, 0.0, 0.0, 0.0, 0.0, 0.0, 0.0, 0.0, 0.0, 0.0, 0.0, 0.0, 0.0, 0.0, 0.0, 0.0, 0.0, 0.0, 0.0, 0.0, 0.0], "program call": "xtb /home/svss/Project-DBcg-Debug/aqme2_20220329/End-to-End-workflows-final/example-3/QDESCP/mol_170_rdkit_conf_2/mol_170_rdkit_conf_2.xyz --pop --wbo --acc 0.2 --gfn 2 --chrg 0 --uhf 0 --etemp 300 --input /home/svss/Project-DBcg-Debug/aqme2_20220329/End-to-End-workflows-final/example-3/QDESCP/mol_170_rdkit_conf_2/mol_170_rdkit_conf_2_xtb.inp", "method": "GFN2-xTB", "xtb version": "6.3.3 (7355c4f)", "Dipole module/D": 2.019, "Total charge": 0, "Transition dipole module/D": NaN, "HOMO": -10.7687, "LUMO": -9.7726, "HOMO occupancy": 2.0, "LUMO occupancy": 0, "mulliken charges": [-0.09256, 0.10047, -0.34164, 0.08198, 0.00367, -0.08754, -0.10582, 0.17929, 0.04307, 0.00218, -0.01259, 0.00194, 0.03457, 0.689, -0.44605, -0.44594, 0.63883, -0.23614, -0.23551, -0.23616, 0.69195, -0.44399, -0.44554, 0.04835, 0.0324, 0.03936, 0.03774, 0.03359, 0.0355, 0.04535, 0.03931, 0.04337, 0.04752, 0.04184, 0.03412, 0.09243, 0.09165], "cm5 charges": [-0.23736, 0.04934, -0.58607, 0.03774, -0.01596, -0.23032, -0.20444, 0.24889, 0.10628, -0.03885, -0.01464, -0.03895, 0.09688, 0.52007, -0.40874, -0.40838, 0.69086, -0.25713, -0.25658, -0.2562, 0.5273, -0.40516, -0.40706, 0.10459, 0.08599, 0.09059, 0.10551, 0.1, 0.10718, 0.11096, 0.09127, 0.09552, 0.10468, 0.09487, 0.08864, 0.15473, 0.15399], "FUKUI+": [0.009, 0.007, -0.001, 0.008, 0.007, 0.008, 0.0, -0.028, -0.008, -0.023, -0.033, -0.022, -0.006, -0.088, -0.119, -0.118, -0.002, -0.021, -0.021, -0.024, -0.081, -0.113, -0.115, -0.002, -0.018, -0.025, -0.012, -0.004, 0.001, -0.027, -0.02, -0.014, 0.01, -0.02, 0.001, -0.043, -0.042], "FUKUI-": [0.011, 0.022, -0.13, 0.025, -0.037, 0.018, -0.038, 0.025, -0.006, -0.008, -0.022, -0.009, -0.007, 0.005, -0.028, -0.024, -0.0, -0.014, -0.014, -0.018, 0.007, -0.025, -0.024, -0.034, -0.026, -0.045, -0.082, -0.049, -0.079, -0.046, -0.067, -0.049, -0.047, -0.063, -0.054, -0.032, -0.034], "FUKUIrad": [0.01, 0.015, -0.066, 0.017, -0.015, 0.013, -0.019, -0.002, -0.007, -0.016, -0.027, -0.015, -0.007, -0.041, -0.074, -0.071, -0.001, -0.018, -0.018, -0.021, -0.037, -0.069, -0.07, -0.018, -0.022, -0.035, -0.047, -0.027, -0.039, -0.036, -0.043, -0.032, -0.018, -0.042, -0.027, -0.038, -0.038], "s proportion": [1.013, 1.012, 1.459, 1.013, 1.097, 1.009, 1.052, 1.054, 1.074, 1.072, 1.075, 1.072, 1.075, 1.326, 1.746, 1.746, 1.023, 1.823, 1.822, 1.823, 1.325, 1.747, 1.747, 0.952, 0.968, 0.961, 0.962, 0.966, 0.965, 0.955, 0.961, 0.957, 0.952, 0.958, 0.966, 0.908, 0.908], "p proportion": [3.08, 2.888, 3.883, 2.905, 2.899, 3.079, 3.054, 2.767, 2.883, 2.926, 2.937, 2.926, 2.891, 2.985, 4.7, 4.7, 2.339, 5.414, 5.413, 5.413, 2.983, 4.697, 4.699, 0.0, 0.0, 0.0, 0.0, 0.0, 0.0, 0.0, 0.0, 0.0, 0.0, 0.0, 0.0, 0.0, 0.0], "d proportion": [0.0, 0.0, 0.0, 0.0, 0.0, 0.0, 0.0, 0.0, 0.0, 0.0, 0.0, 0.0, 0.0, 0.0, 0.0, 0.0, 0.0, 0.0, 0.0, 0.0, 0.0, 0.0, 0.0, 0.0, 0.0, 0.0, 0.0, 0.0, 0.0, 0.0, 0.0, 0.0, 0.0, 0.0, 0.0, 0.0, 0.0], "Fermi-level/eV": -10.2708, "Coordination numbers": [3.749, 3.746, 2.73, 3.746, 2.937, 3.755, 2.839, 2.901, 2.914, 2.912, 2.959, 2.913, 2.911, 2.759, 0.927, 0.927, 3.331, 0.788, 0.788, 0.788, 2.758, 0.927, 0.927, 0.924, 0.924, 0.924, 0.924, 0.924, 0.924, 0.924, 0.924, 0.924, 0.924, 0.925, 0.925, 0.924, 0.924], "Dispersion coefficient C6": [22.718, 20.453, 24.462, 20.623, 27.826, 22.702, 30.648, 25.664, 27.65, 28.342, 28.157, 28.363, 27.752, 13.555, 20.789, 20.757, 17.408, 11.168, 11.163, 11.174, 13.482, 20.644, 20.633, 2.195, 2.391, 2.316, 2.431, 2.349, 2.639, 2.16, 2.329, 2.302, 2.237, 2.358, 2.478, 1.758, 1.78], "Total dispersion C6": 15917.950021, "Total dispersion C8": 362514.569295, "Polarizability alpha": [6.798, 6.451, 7.346, 6.478, 8.651, 6.794, 9.072, 8.306, 8.623, 8.73, 8.704, 8.733, 8.638, 5.468, 6.115, 6.11, 6.619, 3.948, 3.947, 3.949, 5.453, 6.093, 6.092, 2.317, 2.418, 2.38, 2.438, 2.397, 2.541, 2.298, 2.387, 2.373, 2.339, 2.401, 2.462, 2.073, 2.087], "Total polarizability alpha": 190.026478, "Wiberg matrix": [[0.0, 1.0164513470674288, 0.0, 0.0, 0.0, 0.0, 0.0, 0.0, 0.0, 0.0, 0.0, 0.0, 0.0, 0.0, 0.0, 0.0, 0.0, 0.0, 0.0, 0.0, 0.0, 0.0, 0.0, 0.9826198041832525, 0.9838294916683014, 0.9808706631844825, 0.0, 0.0, 0.0, 0.0, 0.0, 0.0, 0.0, 0.0, 0.0, 0.0, 0.0], [1.0164513470674288, 0.0, 0.948607917323692, 0.0, 0.0, 0.0, 0.0, 0.0, 0.0, 0.0, 0.0, 0.0, 0.0, 0.0, 0.0, 0.0, 0.0, 0.0, 0.0, 0.0, 0.0, 0.0, 0.0, 0.0, 0.0, 0.0, 0.9678891202928814, 0.9732456322545128, 0.0, 0.0, 0.0, 0.0, 0.0, 0.0, 0.0, 0.0, 0.0], [0.0, 0.948607917323692, 0.0, 0.9585856891018176, 0.0, 0.0, 0.0, 1.0674276696729452, 0.0, 0.0, 0.0, 0.0, 0.0, 0.0, 0.0, 0.0, 0.0, 0.0, 0.0, 0.0, 0.0, 0.0, 0.0, 0.0, 0.0, 0.0, 0.0, 0.0, 0.0, 0.0, 0.0, 0.0, 0.0, 0.0, 0.0, 0.0, 0.0], [0.0, 0.0, 0.9585856891018176, 0.0, 1.0011760249535626, 0.0, 0.0, 0.0, 0.0, 0.0, 0.0, 0.0, 0.0, 0.0, 0.0, 0.0, 0.0, 0.0, 0.0, 0.0, 0.0, 0.0, 0.0, 0.0, 0.0, 0.0, 0.0, 0.0, 0.9643036199542848, 0.9601263713733666, 0.0, 0.0, 0.0, 0.0, 0.0, 0.0, 0.0], [0.0, 0.0, 0.0, 1.0011760249535626, 0.0, 1.0285473177305509, 1.9292528121682226, 0.0, 0.0, 0.0, 0.0, 0.0, 0.0, 0.0, 0.0, 0.0, 0.0, 0.0, 0.0, 0.0, 0.0, 0.0, 0.0, 0.0, 0.0, 0.0, 0.0, 0.0, 0.0, 0.0, 0.0, 0.0, 0.0, 0.0, 0.0, 0.0, 0.0], [0.0, 0.0, 0.0, 0.0, 1.0285473177305509, 0.0, 0.0, 0.0, 0.0, 0.0, 0.0, 0.0, 0.0, 0.0, 0.0, 0.0, 0.0, 0.0, 0.0, 0.0, 0.0, 0.0, 0.0, 0.0, 0.0, 0.0, 0.0, 0.0, 0.0, 0.0, 0.9677852011477545, 0.9838389564708293, 0.9700241659672675, 0.0, 0.0, 0.0, 0.0], [0.0, 0.0, 0.0, 0.0, 1.9292528121682226, 0.0, 0.0, 0.0, 0.0, 0.0, 0.0, 0.0, 0.0, 0.0, 0.0, 0.0, 0.0, 0.0, 0.0, 0.0, 0.0, 0.0, 0.0, 0.0, 0.0, 0.0, 0.0, 0.0, 0.0, 0.0, 0.0, 0.0, 0.0, 0.9752966817797605, 0.9761837941284941, 0.0, 0.0], [0.0, 0.0, 1.0674276696729452, 0.0, 0.0, 0.0, 0.0, 0.0, 1.338933088994878, 0.0, 0.0, 0.0, 1.3384599201538279, 0.0, 0.0, 0.0, 0.0, 0.0, 0.0, 0.0, 0.0, 0.0, 0.0, 0.0, 0.0, 0.0, 0.0, 0.0, 0.0, 0.0, 0.0, 0.0, 0.0, 0.0, 0.0, 0.0, 0.0], [0.0, 0.0, 0.0, 0.0, 0.0, 0.0, 0.0, 1.338933088994878, 0.0, 1.407734879427408, 0.0, 0.10292270537409132, 0.0, 0.0, 0.0, 0.0, 0.0, 0.0, 0.0, 0.0, 0.9383719088945137, 0.0, 0.0, 0.0, 0.0, 0.0, 0.0, 0.0, 0.0, 0.0, 0.0, 0.0, 0.0, 0.0, 0.0, 0.0, 0.0], [0.0, 0.0, 0.0, 0.0, 0.0, 0.0, 0.0, 0.0, 1.407734879427408, 0.0, 1.410014014114186, 0.0, 0.1015824182396262, 0.0, 0.0, 0.0, 0.0, 0.0, 0.0, 0.0, 0.0, 0.0, 0.0, 0.0, 0.0, 0.0, 0.0, 0.0, 0.0, 0.0, 0.0, 0.0, 0.0, 0.0, 0.0, 0.9585423592805844, 0.0], [0.0, 0.0, 0.0, 0.0, 0.0, 0.0, 0.0, 0.0, 0.0, 1.410014014114186, 0.0, 1.4107151914265548, 0.0, 0.0, 0.0, 0.0, 0.9534641828062191, 0.0, 0.0, 0.0, 0.0, 0.0, 0.0, 0.0, 0.0, 0.0, 0.0, 0.0, 0.0, 0.0, 0.0, 0.0, 0.0, 0.0, 0.0, 0.0, 0.0], [0.0, 0.0, 0.0, 0.0, 0.0, 0.0, 0.0, 0.0, 0.10292270537409132, 0.0, 1.4107151914265548, 0.0, 1.4020854851636575, 0.0, 0.0, 0.0, 0.0, 0.0, 0.0, 0.0, 0.0, 0.0, 0.0, 0.0, 0.0, 0.0, 0.0, 0.0, 0.0, 0.0, 0.0, 0.0, 0.0, 0.0, 0.0, 0.0, 0.9594014245709017], [0.0, 0.0, 0.0, 0.0, 0.0, 0.0, 0.0, 1.3384599201538279, 0.0, 0.1015824182396262, 0.0, 1.4020854851636575, 0.0, 0.9395021895608897, 0.0, 0.0, 0.0, 0.0, 0.0, 0.0, 0.0, 0.0, 0.0, 0.0, 0.0, 0.0, 0.0, 0.0, 0.0, 0.0, 0.0, 0.0, 0.0, 0.0, 0.0, 0.0, 0.0], [0.0, 0.0, 0.0, 0.0, 0.0, 0.0, 0.0, 0.0, 0.0, 0.0, 0.0, 0.0, 0.9395021895608897, 0.0, 1.4613761603267916, 1.4633182071013504, 0.0, 0.0, 0.0, 0.0, 0.0, 0.0, 0.0, 0.0, 0.0, 0.0, 0.0, 0.0, 0.0, 0.0, 0.0, 0.0, 0.0, 0.0, 0.0, 0.0, 0.0], [0.0, 0.0, 0.0, 0.0, 0.0, 0.0, 0.0, 0.0, 0.0, 0.0, 0.0, 0.0, 0.0, 1.4613761603267916, 0.0, 0.3954117799925605, 0.0, 0.0, 0.0, 0.0, 0.0, 0.0, 0.0, 0.0, 0.0, 0.0, 0.0, 0.0, 0.0, 0.0, 0.0, 0.0, 0.0, 0.0, 0.0, 0.0, 0.0], [0.0, 0.0, 0.0, 0.0, 0.0, 0.0, 0.0, 0.0, 0.0, 0.0, 0.0, 0.0, 0.0, 1.4633182071013504, 0.3954117799925605, 0.0, 0.0, 0.0, 0.0, 0.0, 0.0, 0.0, 0.0, 0.0, 0.0, 0.0, 0.0, 0.0, 0.0, 0.0, 0.0, 0.0, 0.0, 0.0, 0.0, 0.0, 0.0], [0.0, 0.0, 0.0, 0.0, 0.0, 0.0, 0.0, 0.0, 0.0, 0.0, 0.9534641828062191, 0.0, 0.0, 0.0, 0.0, 0.0, 0.0, 0.9533499989486174, 0.9544385560189644, 0.9478767976474356, 0.0, 0.0, 0.0, 0.0, 0.0, 0.0, 0.0, 0.0, 0.0, 0.0, 0.0, 0.0, 0.0, 0.0, 0.0, 0.0, 0.0], [0.0, 0.0, 0.0, 0.0, 0.0, 0.0, 0.0, 0.0, 0.0, 0.0, 0.0, 0.0, 0.0, 0.0, 0.0, 0.0, 0.9533499989486174, 0.0, 0.0, 0.0, 0.0, 0.0, 0.0, 0.0, 0.0, 0.0, 0.0, 0.0, 0.0, 0.0, 0.0, 0.0, 0.0, 0.0, 0.0, 0.0, 0.0], [0.0, 0.0, 0.0, 0.0, 0.0, 0.0, 0.0, 0.0, 0.0, 0.0, 0.0, 0.0, 0.0, 0.0, 0.0, 0.0, 0.9544385560189644, 0.0, 0.0, 0.0, 0.0, 0.0, 0.0, 0.0, 0.0, 0.0, 0.0, 0.0, 0.0, 0.0, 0.0, 0.0, 0.0, 0.0, 0.0, 0.0, 0.0], [0.0, 0.0, 0.0, 0.0, 0.0, 0.0, 0.0, 0.0, 0.0, 0.0, 0.0, 0.0, 0.0, 0.0, 0.0, 0.0, 0.9478767976474356, 0.0, 0.0, 0.0, 0.0, 0.0, 0.0, 0.0, 0.0, 0.0, 0.0, 0.0, 0.0, 0.0, 0.0, 0.0, 0.0, 0.0, 0.0, 0.0, 0.0], [0.0, 0.0, 0.0, 0.0, 0.0, 0.0, 0.0, 0.0, 0.9383719088945137, 0.0, 0.0, 0.0, 0.0, 0.0, 0.0, 0.0, 0.0, 0.0, 0.0, 0.0, 0.0, 1.4674917345872365, 1.469900116783817, 0.0, 0.0, 0.0, 0.0, 0.0, 0.0, 0.0, 0.0, 0.0, 0.0, 0.0, 0.0, 0.0, 0.0], [0.0, 0.0, 0.0, 0.0, 0.0, 0.0, 0.0, 0.0, 0.0, 0.0, 0.0, 0.0, 0.0, 0.0, 0.0, 0.0, 0.0, 0.0, 0.0, 0.0, 1.4674917345872365, 0.0, 0.4017739426999909, 0.0, 0.0, 0.0, 0.0, 0.0, 0.0, 0.0, 0.0, 0.0, 0.0, 0.0, 0.0, 0.0, 0.0], [0.0, 0.0, 0.0, 0.0, 0.0, 0.0, 0.0, 0.0, 0.0, 0.0, 0.0, 0.0, 0.0, 0.0, 0.0, 0.0, 0.0, 0.0, 0.0, 0.0, 1.469900116783817, 0.4017739426999909, 0.0, 0.0, 0.0, 0.0, 0.0, 0.0, 0.0, 0.0, 0.0, 0.0, 0.0, 0.0, 0.0, 0.0, 0.0], [0.9826198041832525, 0.0, 0.0, 0.0, 0.0, 0.0, 0.0, 0.0, 0.0, 0.0, 0.0, 0.0, 0.0, 0.0, 0.0, 0.0, 0.0, 0.0, 0.0, 0.0, 0.0, 0.0, 0.0, 0.0, 0.0, 0.0, 0.0, 0.0, 0.0, 0.0, 0.0, 0.0, 0.0, 0.0, 0.0, 0.0, 0.0], [0.9838294916683014, 0.0, 0.0, 0.0, 0.0, 0.0, 0.0, 0.0, 0.0, 0.0, 0.0, 0.0, 0.0, 0.0, 0.0, 0.0, 0.0, 0.0, 0.0, 0.0, 0.0, 0.0, 0.0, 0.0, 0.0, 0.0, 0.0, 0.0, 0.0, 0.0, 0.0, 0.0, 0.0, 0.0, 0.0, 0.0, 0.0], [0.9808706631844825, 0.0, 0.0, 0.0, 0.0, 0.0, 0.0, 0.0, 0.0, 0.0, 0.0, 0.0, 0.0, 0.0, 0.0, 0.0, 0.0, 0.0, 0.0, 0.0, 0.0, 0.0, 0.0, 0.0, 0.0, 0.0, 0.0, 0.0, 0.0, 0.0, 0.0, 0.0, 0.0, 0.0, 0.0, 0.0, 0.0], [0.0, 0.9678891202928814, 0.0, 0.0, 0.0, 0.0, 0.0, 0.0, 0.0, 0.0, 0.0, 0.0, 0.0, 0.0, 0.0, 0.0, 0.0, 0.0, 0.0, 0.0, 0.0, 0.0, 0.0, 0.0, 0.0, 0.0, 0.0, 0.0, 0.0, 0.0, 0.0, 0.0, 0.0, 0.0, 0.0, 0.0, 0.0], [0.0, 0.9732456322545128, 0.0, 0.0, 0.0, 0.0, 0.0, 0.0, 0.0, 0.0, 0.0, 0.0, 0.0, 0.0, 0.0, 0.0, 0.0, 0.0, 0.0, 0.0, 0.0, 0.0, 0.0, 0.0, 0.0, 0.0, 0.0, 0.0, 0.0, 0.0, 0.0, 0.0, 0.0, 0.0, 0.0, 0.0, 0.0], [0.0, 0.0, 0.0, 0.9643036199542848, 0.0, 0.0, 0.0, 0.0, 0.0, 0.0, 0.0, 0.0, 0.0, 0.0, 0.0, 0.0, 0.0, 0.0, 0.0, 0.0, 0.0, 0.0, 0.0, 0.0, 0.0, 0.0, 0.0, 0.0, 0.0, 0.0, 0.0, 0.0, 0.0, 0.0, 0.0, 0.0, 0.0], [0.0, 0.0, 0.0, 0.9601263713733666, 0.0, 0.0, 0.0, 0.0, 0.0, 0.0, 0.0, 0.0, 0.0, 0.0, 0.0, 0.0, 0.0, 0.0, 0.0, 0.0, 0.0, 0.0, 0.0, 0.0, 0.0, 0.0, 0.0, 0.0, 0.0, 0.0, 0.0, 0.0, 0.0, 0.0, 0.0, 0.0, 0.0], [0.0, 0.0, 0.0, 0.0, 0.0, 0.9677852011477545, 0.0, 0.0, 0.0, 0.0, 0.0, 0.0, 0.0, 0.0, 0.0, 0.0, 0.0, 0.0, 0.0, 0.0, 0.0, 0.0, 0.0, 0.0, 0.0, 0.0, 0.0, 0.0, 0.0, 0.0, 0.0, 0.0, 0.0, 0.0, 0.0, 0.0, 0.0], [0.0, 0.0, 0.0, 0.0, 0.0, 0.9838389564708293, 0.0, 0.0, 0.0, 0.0, 0.0, 0.0, 0.0, 0.0, 0.0, 0.0, 0.0, 0.0, 0.0, 0.0, 0.0, 0.0, 0.0, 0.0, 0.0, 0.0, 0.0, 0.0, 0.0, 0.0, 0.0, 0.0, 0.0, 0.0, 0.0, 0.0, 0.0], [0.0, 0.0, 0.0, 0.0, 0.0, 0.9700241659672675, 0.0, 0.0, 0.0, 0.0, 0.0, 0.0, 0.0, 0.0, 0.0, 0.0, 0.0, 0.0, 0.0, 0.0, 0.0, 0.0, 0.0, 0.0, 0.0, 0.0, 0.0, 0.0, 0.0, 0.0, 0.0, 0.0, 0.0, 0.0, 0.0, 0.0, 0.0], [0.0, 0.0, 0.0, 0.0, 0.0, 0.0, 0.9752966817797605, 0.0, 0.0, 0.0, 0.0, 0.0, 0.0, 0.0, 0.0, 0.0, 0.0, 0.0, 0.0, 0.0, 0.0, 0.0, 0.0, 0.0, 0.0, 0.0, 0.0, 0.0, 0.0, 0.0, 0.0, 0.0, 0.0, 0.0, 0.0, 0.0, 0.0], [0.0, 0.0, 0.0, 0.0, 0.0, 0.0, 0.9761837941284941, 0.0, 0.0, 0.0, 0.0, 0.0, 0.0, 0.0, 0.0, 0.0, 0.0, 0.0, 0.0, 0.0, 0.0, 0.0, 0.0, 0.0, 0.0, 0.0, 0.0, 0.0, 0.0, 0.0, 0.0, 0.0, 0.0, 0.0, 0.0, 0.0, 0.0], [0.0, 0.0, 0.0, 0.0, 0.0, 0.0, 0.0, 0.0, 0.0, 0.9585423592805844, 0.0, 0.0, 0.0, 0.0, 0.0, 0.0, 0.0, 0.0, 0.0, 0.0, 0.0, 0.0, 0.0, 0.0, 0.0, 0.0, 0.0, 0.0, 0.0, 0.0, 0.0, 0.0, 0.0, 0.0, 0.0, 0.0, 0.0], [0.0, 0.0, 0.0, 0.0, 0.0, 0.0, 0.0, 0.0, 0.0, 0.0, 0.0, 0.9594014245709017, 0.0, 0.0, 0.0, 0.0, 0.0, 0.0, 0.0, 0.0, 0.0, 0.0, 0.0, 0.0, 0.0, 0.0, 0.0, 0.0, 0.0, 0.0, 0.0, 0.0, 0.0, 0.0, 0.0, 0.0, 0.0]], "Born radii": [], "Atomic SASAs": [], "Solvent H bonds": [], "Total SASA": NaN, "Total FOD": 0.0, "FOD": [0.0, 0.0, 0.0, 0.0, 0.0, 0.0, 0.0, 0.0, 0.0, 0.0, 0.0, 0.0, 0.0, 0.0, 0.0, 0.0, 0.0, 0.0, 0.0, 0.0, 0.0, 0.0, 0.0, 0.0, 0.0, 0.0, 0.0, 0.0, 0.0, 0.0, 0.0, 0.0, 0.0, 0.0, 0.0, 0.0, 0.0], "FOD s proportion": [0.0, 0.0, 0.0, 0.0, 0.0, 0.0, 0.0, 0.0, 0.0, 0.0, 0.0, 0.0, 0.0, 0.0, 0.0, 0.0, 0.0, 0.0, 0.0, 0.0, 0.0, 0.0, 0.0, 0.0, 0.0, 0.0, 0.0, 0.0, 0.0, 0.0, 0.0, 0.0, 0.0, 0.0, 0.0, 0.0, 0.0], "FOD p proportion": [0.0, 0.0, 0.0, 0.0, 0.0, 0.0, 0.0, 0.0, 0.0, 0.0, 0.0, 0.0, 0.0, 0.0, 0.0, 0.0, 0.0, 0.0, 0.0, 0.0, 0.0, 0.0, 0.0, 0.0, 0.0, 0.0, 0.0, 0.0, 0.0, 0.0, 0.0, 0.0, 0.0, 0.0, 0.0, 0.0, 0.0], "FOD d proportion": [0.0, 0.0, 0.0, 0.0, 0.0, 0.0, 0.0, 0.0, 0.0, 0.0, 0.0, 0.0, 0.0, 0.0, 0.0, 0.0, 0.0, 0.0, 0.0, 0.0, 0.0, 0.0, 0.0, 0.0, 0.0, 0.0, 0.0, 0.0, 0.0, 0.0, 0.0, 0.0, 0.0, 0.0, 0.0, 0.0, 0.0], "coordinates": [["1.37090", "3.21570", "-0.87580"], ["0.42790", "2.48650", "0.07260"], ["0.69230", "1.03250", "0.04670"], ["1.83640", "0.58890", "0.87030"], ["2.37120", "-0.71790", "0.33720"], ["3.22330", "-0.62620", "-0.89870"], ["2.14510", "-1.89290", "0.95060"], ["-0.47360", "0.24310", "0.08050"], ["-0.93750", "-0.37370", "-1.10220"], ["-2.05560", "-1.23130", "-1.15570"], ["-2.78260", "-1.50870", "0.00560"], ["-2.38320", "-0.88970", "1.19590"], ["-1.25800", "-0.03540", "1.21780"], ["-0.97150", "0.57300", "2.50000"], ["-0.52910", "-0.17240", "3.38420"], ["-1.23760", "1.77430", "2.62970"], ["-3.99530", "-2.40930", "-0.03150"], ["-4.17710", "-3.09350", "1.12970"], ["-3.93160", "-3.34480", "-1.01590"], ["-5.14120", "-1.70980", "-0.24370"], ["-0.26380", "-0.13050", "-2.36390"], ["-0.44550", "0.97330", "-2.89620"], ["0.35790", "-1.08110", "-2.85890"], ["1.28280", "2.83240", "-1.89670"], ["2.41570", "3.10690", "-0.56980"], ["1.13650", "4.28480", "-0.89160"], ["0.55660", "2.88270", "1.08620"], ["-0.60140", "2.70650", "-0.23890"], ["1.57050", "0.51000", "1.92830"], ["2.64490", "1.32910", "0.83280"], ["4.14010", "-0.06810", "-0.68210"], ["3.51270", "-1.61410", "-1.27210"], ["2.69240", "-0.10990", "-1.70320"], ["2.55300", "-2.82190", "0.56240"], ["1.55260", "-1.95870", "1.85870"], ["-2.35120", "-1.68010", "-2.10550"], ["-2.94720", "-1.06950", "2.11330"]], "bond_dist": [[0.0, 1.5233004299874664, 2.4653329288353736, 3.188359092072284, 4.236174931468246, 4.2652204843360675, 5.480229608328469, 3.6267121060266145, 4.273612041353309, 5.620947896929841, 6.352037749415537, 5.936288138222403, 4.675887870768502, 4.885358399339807, 5.765138472751543, 4.601134257984655, 7.819819047139134, 8.637611874239314, 8.43660444195412, 8.189477826455116, 4.010453857108943, 3.522737980605427, 4.839560398424634, 1.0940371611604427, 1.0941117310402995, 1.0946085190605814, 2.150213359180898, 2.134219655986703, 3.9017469753944836, 2.846339670524233, 4.299922181853993, 5.298238289280693, 3.672950907649053, 6.318100458998732, 5.855332654939428, 6.27176595067131, 6.778174198115596], [1.5233004299874664, 0.0, 1.478071097748684, 2.4942099550759553, 3.7569412305757455, 4.2949489100570215, 4.785269501292482, 2.4177692652525797, 3.380120743405478, 4.636650728704935, 5.125760654771153, 4.534623748449258, 3.242486925185667, 3.3929446458791515, 4.353423109462254, 3.133668696591904, 6.598817522101971, 7.311626728027082, 7.361666400347139, 6.980247430428237, 3.6419321987099105, 3.444760549007724, 4.618047423966107, 2.174544391361096, 2.1792023219517733, 2.1600181689050673, 1.095866365028145, 1.097675152310555, 2.9420587179728415, 2.613918093590539, 4.569024194508057, 5.304632832722732, 3.875915227401136, 5.738907963192998, 4.920864389515321, 5.4615082147699825, 5.310451252012394], [2.4653329288353736, 1.478071097748684, 0.0, 1.4778574795967303, 2.442743461765889, 3.1703356052632663, 3.38904532427644, 1.4084096030629727, 2.440003624997307, 3.7578598443795106, 4.305150015969246, 3.804499143119893, 2.513076940724259, 2.9996752457557805, 3.752666814413451, 3.3085752598361733, 5.815986265458335, 6.4736250555619925, 6.4552556308793845, 6.452461832510132, 2.8421274725106893, 3.1557493389051037, 3.608550911377031, 2.7138780038903736, 2.766462573395852, 3.41396775321619, 2.126549971197479, 2.134830918363326, 2.1411819282816675, 2.1256931881153496, 3.69185517592443, 4.08636527491119, 2.8926852196531856, 4.31098020640318, 3.6014910148437136, 4.610103670200921, 4.683502942243124], [3.188359092072284, 2.4942099550759553, 1.4778574795967303, 0.0, 1.5092822433196516, 2.555253533409161, 2.502214023619882, 2.465656439976989, 3.5372130583271346, 4.7503124149891445, 5.146143492946927, 4.483000945795126, 3.1758177057255663, 3.246610125962155, 3.534807088088401, 3.734988289138267, 6.619000783350912, 7.056170375635782, 7.231982448125825, 7.430472357125085, 3.92280843784144, 4.420560283493485, 4.345318732843427, 3.605004051315338, 2.958006169702829, 4.153772794701222, 2.6355301724700477, 3.4142968880869167, 1.0937513519991642, 1.0968019602462422, 2.8545802581115143, 3.500438322553334, 2.800706998241694, 3.49883903745228, 2.7473155552284125, 5.61602532045574, 5.213268506417063], [4.236174931468246, 3.7569412305757455, 2.442743461765889, 1.5092822433196516, 0.0, 1.5039721107786541, 1.3446210507053653, 3.0136859375190372, 3.6246160748415823, 4.699881722979845, 5.224650958676571, 4.8343769288296095, 3.7963607902832415, 4.185423507842426, 4.241876865256699, 4.948742722146707, 6.59765836490493, 7.0108319406472726, 6.961089789680923, 7.599833167905728, 3.8189272014533087, 4.609645527586693, 3.794778826229534, 4.3335382610518165, 3.9311225228934292, 5.297305052571543, 4.100987017779988, 4.571078355268043, 2.163436643398646, 2.1238502889798982, 2.1424798108733722, 2.1670355742349963, 2.1531524795053416, 2.1238131462066057, 2.1271231393598256, 5.403117053146268, 5.618143138973944], [4.2652204843360675, 4.2949489100570215, 3.1703356052632663, 2.555253533409161, 1.5039721107786541, 0.0, 2.4873589648460475, 3.9219363508348786, 4.173418879048687, 5.3196785823957455, 6.137377253355053, 5.990794910527317, 4.991058663249712, 5.530423977418006, 5.712238843921007, 6.1734622068981695, 7.485964694680306, 8.060266497455281, 7.654875296828813, 8.45979161740997, 3.8147602729398344, 4.473086176232244, 3.5014047480975403, 4.089432504639244, 3.833592124887571, 5.335982163575886, 4.833580051059463, 5.115716510910275, 3.466212238164305, 2.675039607183415, 1.0949490444765, 1.0950462684288733, 1.0934535884069336, 2.7212522466688016, 3.4885598031279326, 5.800182902288514, 6.880677956422609], [5.480229608328469, 4.785269501292482, 3.38904532427644, 2.502214023619882, 1.3446210507053653, 2.4873589648460475, 0.0, 3.489578728156165, 4.003046245048887, 4.745534189108746, 5.032182620891257, 4.644575677066743, 3.8862310404812526, 4.265500994021687, 4.004232117397791, 5.2640661033083544, 6.239847877152133, 6.437680483683546, 6.549917461312012, 7.38580028094451, 4.460354606979136, 5.451988723392593, 4.285486358629555, 5.5838283166659055, 5.232861603367703, 6.524948435811581, 5.034687176975348, 5.487499691116164, 2.657064331174539, 3.2626616251152982, 3.1584219683253223, 2.6245865369615844, 3.2436523750241797, 1.0863345018915675, 1.086292548073492, 5.440748545926378, 5.287851940060349], [3.6267121060266145, 2.4177692652525797, 1.4084096030629727, 2.465656439976989, 3.0136859375190372, 3.9219363508348786, 3.489578728156165, 0.0, 1.4122410346679495, 2.490937534343244, 2.8992920256504005, 2.4847384490122897, 1.4093604577963723, 2.4921313508721807, 3.33018831149231, 3.0702915301319513, 4.410231360144272, 5.094078174704428, 5.102242974418212, 5.07005067134442, 2.4816696718137163, 3.065081489944435, 3.3294098951616036, 3.701180256350668, 4.119744533341843, 4.4578850714212, 3.006697971196974, 2.4873055220458946, 2.7683831490601154, 3.386796944016573, 4.6866439901063535, 4.601011442063582, 3.6509931101003192, 4.3343696392901245, 3.4807190234203045, 3.4644878409369544, 3.460331134443639], [4.273612041353309, 3.380120743405478, 2.440003624997307, 3.5372130583271346, 3.6246160748415823, 4.173418879048687, 4.003046245048887, 1.4122410346679495, 0.0, 1.4101374472015131, 2.433072101274436, 2.7636150419333005, 2.3663404531047516, 3.7246800842488472, 4.509445332854141, 4.316369031952667, 3.826252303494896, 4.782645482366427, 4.218947464712023, 4.4936932638977485, 1.4508290112897522, 2.2967170047700693, 2.294443464110633, 3.979954717079077, 4.862301549677889, 5.1036703077295265, 4.198281830701697, 3.21650153738499, 4.031739071418189, 4.413314242154075, 5.104105908971717, 4.622957733962101, 3.6887620484384733, 4.576916718709223, 4.180879311819465, 2.1706772076934886, 3.8551876711776307], [5.620947896929841, 4.636650728704935, 3.7578598443795106, 4.7503124149891445, 4.699881722979845, 5.3196785823957455, 4.745534189108746, 2.490937534343244, 1.4101374472015131, 0.0, 1.3978903569307572, 2.398756944752844, 2.7748594234663493, 4.2184018051864145, 4.905319915153342, 4.902245252942778, 2.532576895180085, 3.6320248140672167, 2.829452648481681, 3.2529423004412488, 2.425294852177772, 3.2375953144270517, 2.95777492889503, 5.311087765232279, 6.257458089352258, 6.3786056807111065, 5.36420548170929, 4.296683455876171, 5.068706235322777, 5.710033332652271, 6.3217109780501675, 5.582656150077668, 4.909256380552965, 5.169242684378438, 4.757607104417094, 1.091293196166823, 3.3922692699725356], [6.352037749415537, 5.125760654771153, 4.305150015969246, 5.146143492946927, 5.224650958676571, 6.137377253355053, 5.032182620891257, 2.8992920256504005, 2.433072101274436, 1.3978903569307572, 0.0, 1.399819791973238, 2.4422217118844882, 3.719622220064828, 4.275382778184896, 4.477835951662366, 1.5109924089815938, 2.3916149564677007, 2.394770648726095, 2.380249075202005, 3.7226763128158216, 4.476918990779262, 4.272112154426661, 6.244307140107701, 6.975469260917146, 7.051875984445558, 5.621596477869965, 4.752401995833265, 5.1692750545893755, 6.180220459659996, 7.104367314546736, 6.4245177671168445, 5.903580598247134, 5.522965493283476, 4.736078404122973, 2.1615335135037808, 2.1592566058715676], [5.936288138222403, 4.534623748449258, 3.804499143119893, 4.483000945795126, 4.8343769288296095, 5.990794910527317, 4.644575677066743, 2.4847384490122897, 2.7636150419333005, 2.398756944752844, 1.399819791973238, 0.0, 1.4129342305995705, 2.4151739047116254, 2.9564950515771202, 3.234977248760801, 2.5326984285540193, 2.842392318101075, 3.649262639219052, 3.217386543454175, 4.21193744492959, 4.8959914930481645, 4.898128847835671, 6.071059147298764, 6.489988386738454, 6.597074699440654, 4.783874986869954, 4.262172769844038, 4.257618294304928, 5.507876601740457, 6.837788637417803, 6.4325279766200785, 5.896997898083396, 5.338613071763114, 4.131898653161764, 3.3948487624635066, 1.0918089576478114], [4.675887870768502, 3.242486925185667, 2.513076940724259, 3.1758177057255663, 3.7963607902832415, 4.991058663249712, 3.8862310404812526, 1.4093604577963723, 2.3663404531047516, 2.7748594234663493, 2.4422217118844882, 1.4129342305995705, 0.0, 1.44785000949684, 2.2898369308752096, 2.2954066872778776, 3.832618294325695, 4.228579197555605, 4.805172318450192, 4.474241818453715, 3.718340024796011, 4.313076389307289, 4.508226279813382, 4.93761599661213, 5.154186137500275, 5.3709707362822225, 3.4388078355732525, 3.1735018607210552, 2.9669316911583925, 4.152434666554068, 5.722776678326702, 5.608161391222617, 4.9135986211736915, 4.766324832614747, 3.4654448574461547, 3.8658048605691415, 2.173632834680227], [4.885358399339807, 3.3929446458791515, 2.9996752457557805, 3.246610125962155, 4.185423507842426, 5.530423977418006, 4.265500994021687, 2.4921313508721807, 3.7246800842488472, 4.2184018051864145, 3.719622220064828, 2.4151739047116254, 1.44785000949684, 0.0, 1.2382037635219818, 1.2372360284117174, 4.944286801956375, 5.059329570209871, 6.039279895815394, 5.4886668344872245, 4.9652064156488, 5.436532951247514, 5.7637800426456245, 5.433021971242155, 5.2266093301489445, 5.451978888440417, 3.1094427378551286, 3.491470960784294, 2.606256681526207, 4.053343312624777, 6.0551815976071275, 6.254613853788258, 5.6175978727566465, 5.2632442485600075, 3.6320588362525186, 5.309487917869293, 2.5982173946765883], [5.765138472751543, 4.353423109462254, 3.752666814413451, 3.534807088088401, 4.241876865256699, 5.712238843921007, 4.004232117397791, 3.33018831149231, 4.509445332854141, 4.905319915153342, 4.275382778184896, 2.9564950515771202, 2.2898369308752096, 1.2382037635219818, 0.0, 2.204741116321823, 5.3558631928009515, 5.18878593314467, 6.403281035531706, 6.066030298308772, 5.754371669435335, 6.3845940834167365, 6.370934177967938, 6.3403240816223265, 5.921129244493824, 6.397133798819593, 3.9740639778443425, 4.628190370976544, 2.644548114517866, 4.340324896825122, 6.192503760192642, 6.332122536717052, 6.021927204807445, 4.947903182157064, 3.138708783879129, 5.977458807051706, 2.875270914192261], [4.601134257984655, 3.133668696591904, 3.3085752598361733, 3.734988289138267, 4.948742722146707, 6.1734622068981695, 5.2640661033083544, 3.0702915301319513, 4.316369031952667, 4.902245252942778, 4.477835951662366, 3.234977248760801, 2.2954066872778776, 1.2372360284117174, 2.204741116321823, 0.0, 5.673570629682863, 5.8809979671821, 6.837632643685971, 5.969377968431887, 5.432549165907291, 5.639556207717058, 6.389339509683298, 5.287748928419352, 5.035794267044674, 4.933408025898527, 2.613445321792671, 3.082630895842057, 3.158455644773249, 4.301262477459379, 6.578914370167772, 7.019305370903876, 6.145659610652058, 6.306142409587655, 4.723869816157088, 5.966163202595116, 3.3580648534535484], [7.819819047139134, 6.598817522101971, 5.815986265458335, 6.619000783350912, 6.59765836490493, 7.485964694680306, 6.239847877152133, 4.410231360144272, 3.826252303494896, 2.532576895180085, 1.5109924089815938, 2.5326984285540193, 3.832618294325695, 4.944286801956375, 5.3558631928009515, 5.673570629682863, 0.0, 1.3599876175906898, 1.3595077417948014, 1.359196784869653, 4.955513237798886, 5.6788703885544, 5.3580459348534895, 7.668945790654671, 8.474618004960458, 8.478568160957368, 7.06925108480382, 6.142717770661452, 6.583407793081027, 7.669087630872397, 8.490537730909628, 7.651241428683322, 7.266853001127791, 6.588109657557317, 5.878357832762481, 2.745227394952921, 2.737470491165156], [8.637611874239314, 7.311626728027082, 6.4736250555619925, 7.056170375635782, 7.0108319406472726, 8.060266497455281, 6.437680483683546, 5.094078174704428, 4.782645482366427, 3.6320248140672167, 2.3916149564677007, 2.842392318101075, 4.228579197555605, 5.059329570209871, 5.18878593314467, 5.8809979671821, 1.3599876175906898, 0.0, 2.174171405386429, 2.17493495534924, 6.02482587715197, 6.831659506298598, 6.365917743734991, 8.607316409892226, 9.208597735268928, 9.314467753983584, 7.623960544231587, 6.949726357922303, 6.8306573600203375, 8.135553107810187, 9.033907252125184, 8.190866354666031, 8.0073229996048, 6.759426148720023, 5.886312439040252, 3.9746860769122385, 2.564507549218758], [8.43660444195412, 7.361666400347139, 6.4552556308793845, 7.231982448125825, 6.961089789680923, 7.654875296828813, 6.549917461312012, 5.102242974418212, 4.218947464712023, 2.829452648481681, 2.394770648726095, 3.649262639219052, 4.805172318450192, 6.039279895815394, 6.403281035531706, 6.837632643685971, 1.3595077417948014, 2.174171405386429, 0.0, 2.1754654674344986, 5.059800918020392, 5.8595570574916325, 5.188525507309374, 8.131640415070011, 9.061548178429556, 9.160343020869906, 7.958927057085019, 6.950697283726289, 7.3349097533643866, 8.277281265608895, 8.717828067815974, 7.6471277889152605, 7.403670393797931, 6.694362737408244, 6.345159415649066, 2.5408892951090967, 3.9922332208927878], [8.189477826455116, 6.980247430428237, 6.452461832510132, 7.430472357125085, 7.599833167905728, 8.45979161740997, 7.38580028094451, 5.07005067134442, 4.4936932638977485, 3.2529423004412488, 2.380249075202005, 3.217386543454175, 4.474241818453715, 5.4886668344872245, 6.066030298308772, 5.969377968431887, 1.359196784869653, 2.17493495534924, 2.1754654674344986, 0.0, 5.547834468511115, 6.023651745411582, 6.121653007154196, 8.039388399623444, 8.967367379002603, 8.704281754401107, 7.4380518349901275, 6.333522935144389, 7.395404852339053, 8.427165518132417, 9.435565862204557, 8.715316991366407, 8.12742943494436, 7.815835032803597, 7.0206121819966665, 3.354292970209967, 3.2831492640451185], [4.010453857108943, 3.6419321987099105, 2.8421274725106893, 3.92280843784144, 3.8189272014533087, 3.8147602729398344, 4.460354606979136, 2.4816696718137163, 1.4508290112897522, 2.425294852177772, 3.7226763128158216, 4.21193744492959, 3.718340024796011, 4.9652064156488, 5.754371669435335, 5.432549165907291, 4.955513237798886, 6.02482587715197, 5.059800918020392, 5.547834468511115, 0.0, 1.2388432588507716, 1.239022296006008, 3.37476277832976, 4.569384402739607, 4.860389024553487, 4.653559971677597, 3.560641481531102, 4.711462361093422, 4.5617824082259775, 4.714518025206819, 4.201791100233328, 3.0292024181292345, 4.872497089788767, 4.9469157017276935, 2.6125216707235177, 5.303553186308213], [3.522737980605427, 3.444760549007724, 3.1557493389051037, 4.420560283493485, 4.609645527586693, 4.473086176232244, 5.451988723392593, 3.065081489944435, 2.2967170047700693, 3.2375953144270517, 4.476918990779262, 4.8959914930481645, 4.313076389307289, 5.436532951247514, 6.3845940834167365, 5.639556207717058, 5.6788703885544, 6.831659506298598, 5.8595570574916325, 6.023651745411582, 1.2388432588507716, 0.0, 2.2062189850511214, 2.728053142810821, 4.260381597932279, 4.1817672591860005, 4.528744034497866, 3.1764021061572163, 5.249257389383759, 4.8561926238566775, 5.197545587101666, 4.999968680901912, 3.5274619275053847, 5.946129770699593, 5.932798801577549, 3.361165056940822, 5.960421543817183], [4.839560398424634, 4.618047423966107, 3.608550911377031, 4.345318732843427, 3.794778826229534, 3.5014047480975403, 4.285486358629555, 3.3294098951616036, 2.294443464110633, 2.95777492889503, 4.272112154426661, 4.898128847835671, 4.508226279813382, 5.7637800426456245, 6.370934177967938, 6.389339509683298, 5.3580459348534895, 6.365917743734991, 5.188525507309374, 6.121653007154196, 1.239022296006008, 2.2062189850511214, 0.0, 4.134821773668123, 5.197486281848178, 5.767960650004471, 5.5959812490750895, 4.704314004188071, 5.188379497492449, 4.966697285923514, 4.479917865318515, 3.5713843646406924, 2.7800651395246123, 4.422006596557722, 4.945021699649052, 2.8750018034776947, 5.970476815967047], [1.0940371611604427, 2.174544391361096, 2.7138780038903736, 3.605004051315338, 4.3335382610518165, 4.089432504639244, 5.5838283166659055, 3.701180256350668, 3.979954717079077, 5.311087765232279, 6.244307140107701, 6.071059147298764, 4.93761599661213, 5.433021971242155, 6.3403240816223265, 5.287748928419352, 7.668945790654671, 8.607316409892226, 8.131640415070011, 8.039388399623444, 3.37476277832976, 2.728053142810821, 4.134821773668123, 0.0, 1.7662039151808042, 1.772313589633618, 3.070437906879082, 2.512839288533988, 4.484076053101687, 3.400793664720046, 4.248801795800788, 5.013376249594678, 3.2682631014041696, 6.2953704688445455, 6.093476873674011, 5.797603788635438, 7.0141160248458965], [1.0941117310402995, 2.1792023219517733, 2.766462573395852, 2.958006169702829, 3.9311225228934292, 3.833592124887571, 5.232861603367703, 4.119744533341843, 4.862301549677889, 6.257458089352258, 6.975469260917146, 6.489988386738454, 5.154186137500275, 5.2266093301489445, 5.921129244493824, 5.035794267044674, 8.474618004960458, 9.208597735268928, 9.061548178429556, 8.967367379002603, 4.569384402739607, 4.260381597932279, 5.197486281848178, 1.7662039151808042, 0.0, 1.7684332868389465, 2.4997708795007596, 3.0614877723094045, 3.701183089229713, 2.2760475038979306, 3.614801744217793, 4.897394745168088, 3.4218358654383176, 6.037499281159378, 5.683560259203732, 6.9279924292683805, 7.307669873495928], [1.0946085190605814, 2.1600181689050673, 3.41396775321619, 4.153772794701222, 5.297305052571543, 5.335982163575886, 6.524948435811581, 4.4578850714212, 5.1036703077295265, 6.3786056807111065, 7.051875984445558, 6.597074699440654, 5.3709707362822225, 5.451978888440417, 6.397133798819593, 4.933408025898527, 8.478568160957368, 9.314467753983584, 9.160343020869906, 8.704281754401107, 4.860389024553487, 4.1817672591860005, 5.767960650004471, 1.772313589633618, 1.7684332868389465, 0.0, 2.492761773615762, 2.4366666965344272, 4.7317340426105945, 3.739650840653442, 5.29275368971578, 6.370881249874305, 4.732114480863707, 7.390925053063386, 6.835099234831928, 7.015528241693565, 7.373910644291806], [2.150213359180898, 1.095866365028145, 2.126549971197479, 2.6355301724700477, 4.100987017779988, 4.833580051059463, 5.034687176975348, 3.006697971196974, 4.198281830701697, 5.36420548170929, 5.621596477869965, 4.783874986869954, 3.4388078355732525, 3.1094427378551286, 3.9740639778443425, 2.613445321792671, 7.06925108480382, 7.623960544231587, 7.95892705708501