{"total energy": -15.76858049, "HOMO-LUMO gap/eV": 5.2031229, "electronic energy": -16.0234145, "dipole": [-0.14570888, -0.06571962, 0.03965806], "partial charges": [-0.0987084, -0.0467296, -0.05625206, -0.02761692, -0.0954375, 0.0329156, 0.02974267, 0.03468655, 0.03051734, 0.02838548, 0.03760272, 0.03361099, 0.03211111, 0.03146812, 0.0337039], "atomic dipole moments": [[0.06018942, -0.07011344, -0.04357164], [0.03096093, 0.05352897, 0.09243018], [-0.04785726, 0.07198662, -0.05058112], [-0.12846697, -0.07731835, 0.03528277], [0.07338981, 0.00275313, -0.03498905], [-0.02827232, -0.02845155, 0.11957526], [-0.10775876, 0.00425987, -0.06301463], [0.04800745, 0.11728415, -0.00363697], [0.02045945, 0.03180327, -0.12003418], [-0.05984217, -0.10530544, -0.0058794], [-0.02183817, -0.03433576, 0.11814555], [0.05482924, -0.10137473, -0.04572226], [-0.03808491, 0.12596061, 0.07289689], [0.07870884, 0.12773583, 0.00862235], [0.05244542, -0.12155386, -0.07499523]], "atomic quadrupole moments": [[0.01658198, -0.14256916, 0.03635193, -0.07654846, 0.10469329, -0.05293391], [0.13251412, -0.16832886, -0.05514577, 0.06400566, 0.07956191, -0.07736836], [0.1380576, 0.07348687, -0.02530038, 0.11427509, -0.02249624, -0.11275723], [-0.18583124, -0.01583673, -0.07795154, 0.39332212, -0.25433084, 0.26378278], [-0.16738277, -0.12433236, -0.17488002, 0.36120675, -0.24693137, 0.34226279], [-0.04522962, -0.00471308, -0.0222385, -0.01962696, -0.03489648, 0.06746812], [0.04522, -0.00635975, -0.03810085, 0.05753833, 0.01256423, -0.00711916], [-0.00490594, 0.05138575, 0.04916956, -0.01341062, 0.00060686, -0.04426362], [-0.01516488, -0.00328655, -0.01931088, -0.02605447, -0.03231821, 0.03447576], [0.00729927, 0.02576015, 0.04184832, -0.0011051, -0.00597367, -0.04914759], [-0.02025691, 0.00932554, -0.03595416, -0.02533491, -0.00848744, 0.05621106], [0.01133415, -0.02712532, 0.01029383, -0.01821811, 0.04233782, -0.02162798], [0.02608413, 0.01076823, 0.01077913, -0.0467562, 0.01947291, -0.03686326], [0.01768636, 0.02779351, 0.02382126, -0.03373936, 0.02062426, -0.04150762], [0.00420436, 2.925e-05, 0.02613649, -0.03413704, 0.0335583, -0.03034085]], "number of molecular orbitals": 30, "number of electrons": 30, "number of unpaired electrons": 0, "orbital energies/eV": [-16.91825688, -16.49636783, -15.93051444, -15.24403024, -14.61739008, -13.94967298, -13.65100022, -13.199787, -13.0914882, -12.47170045, -12.18458798, -11.94403526, -11.64200005, -11.36153277, -10.72780825, -5.52468535, 2.66787518, 2.85646319, 3.32706291, 3.59053435, 4.01185064, 4.4361385, 4.96004991, 5.32542259, 5.71625041, 6.87806851, 7.01883385, 7.77008819, 11.35753373, 15.51170564], "fractional occupation": [2.0, 2.0, 2.0, 2.0, 2.0, 2.0, 2.0, 2.0, 2.0, 2.0, 2.0, 2.0, 2.0, 2.0, 2.0, 0.0, 0.0, 0.0, 0.0, 0.0, 0.0, 0.0, 0.0, 0.0, 0.0, 0.0, 0.0, 0.0, 0.0, 0.0], "program call": "xtb /home/svss/Project-DBcg-Debug/aqme2_20220329/End-to-End-workflows-final/example-3/QDESCP/mol_13_rdkit_conf_4/mol_13_rdkit_conf_4.xyz --pop --wbo --acc 0.2 --gfn 2 --chrg 0 --uhf 0 --etemp 300 --input /home/svss/Project-DBcg-Debug/aqme2_20220329/End-to-End-workflows-final/example-3/QDESCP/mol_13_rdkit_conf_4/mol_13_rdkit_conf_4_xtb.inp", "method": "GFN2-xTB", "xtb version": "6.3.3 (7355c4f)", "Dipole module/D": 0.419, "Total charge": 0, "Transition dipole module/D": NaN, "HOMO": -10.7278, "LUMO": -5.5247, "HOMO occupancy": 2.0, "LUMO occupancy": 0, "mulliken charges": [-0.08526, -0.03442, -0.04421, -0.02214, -0.08691, 0.02698, 0.02877, 0.02795, 0.02436, 0.02361, 0.03046, 0.02749, 0.02477, 0.03041, 0.02814], "cm5 charges": [-0.23536, -0.14574, -0.15015, -0.08653, -0.18897, 0.07835, 0.07954, 0.07967, 0.07901, 0.07782, 0.08549, 0.08264, 0.08062, 0.08265, 0.08097], "FUKUI+": [0.022, 0.008, 0.026, -0.162, -0.126, -0.026, -0.043, -0.005, -0.027, -0.058, -0.088, -0.061, -0.146, -0.156, -0.158], "FUKUI-": [0.024, 0.001, 0.005, -0.052, -0.064, -0.081, -0.091, -0.085, -0.092, -0.112, -0.101, -0.067, -0.084, -0.105, -0.095], "FUKUIrad": [0.023, 0.004, 0.015, -0.107, -0.095, -0.054, -0.067, -0.045, -0.059, -0.085, -0.094, -0.064, -0.115, -0.13, -0.127], "s proportion": [1.007, 1.027, 1.028, 1.071, 1.048, 0.973, 0.971, 0.972, 0.976, 0.976, 0.97, 0.973, 0.975, 0.97, 0.972], "p proportion": [3.078, 3.007, 3.016, 2.951, 3.039, 0.0, 0.0, 0.0, 0.0, 0.0, 0.0, 0.0, 0.0, 0.0, 0.0], "d proportion": [0.0, 0.0, 0.0, 0.0, 0.0, 0.0, 0.0, 0.0, 0.0, 0.0, 0.0, 0.0, 0.0, 0.0, 0.0], "Fermi-level/eV": -8.1262, "Coordination numbers": [3.749, 3.799, 3.804, 2.884, 2.834, 0.924, 0.924, 0.924, 0.924, 0.924, 0.924, 0.924, 0.925, 0.925, 0.925], "Dispersion coefficient C6": [22.45, 21.413, 21.583, 28.689, 30.389, 2.545, 2.59, 2.521, 2.579, 2.61, 2.481, 2.536, 2.557, 2.566, 2.534], "Total dispersion C6": 1664.181966, "Total dispersion C8": 35742.451176, "Polarizability alpha": [6.758, 6.589, 6.614, 8.781, 9.034, 2.495, 2.517, 2.483, 2.512, 2.526, 2.463, 2.49, 2.5, 2.505, 2.49], "Total polarizability alpha": 62.756266, "Wiberg matrix": [[0.0, 1.0209595391272084, 0.0, 0.0, 0.0, 0.9874565746533299, 0.9872659177902035, 0.9868943034151556, 0.0, 0.0, 0.0, 0.0, 0.0, 0.0, 0.0], [1.0209595391272084, 0.0, 0.9914534699278086, 0.0, 0.0, 0.0, 0.0, 0.0, 0.9785710378021555, 0.9775128359964931, 0.0, 0.0, 0.0, 0.0, 0.0], [0.0, 0.9914534699278086, 0.0, 1.0270158270034297, 0.0, 0.0, 0.0, 0.0, 0.0, 0.0, 0.9633723594757984, 0.9751231171112733, 0.0, 0.0, 0.0], [0.0, 0.0, 1.0270158270034297, 0.0, 1.9767115769819723, 0.0, 0.0, 0.0, 0.0, 0.0, 0.0, 0.0, 0.9670168703640155, 0.0, 0.0], [0.0, 0.0, 0.0, 1.9767115769819723, 0.0, 0.0, 0.0, 0.0, 0.0, 0.0, 0.0, 0.0, 0.0, 0.9784289615093914, 0.9766809873073578], [0.9874565746533299, 0.0, 0.0, 0.0, 0.0, 0.0, 0.0, 0.0, 0.0, 0.0, 0.0, 0.0, 0.0, 0.0, 0.0], [0.9872659177902035, 0.0, 0.0, 0.0, 0.0, 0.0, 0.0, 0.0, 0.0, 0.0, 0.0, 0.0, 0.0, 0.0, 0.0], [0.9868943034151556, 0.0, 0.0, 0.0, 0.0, 0.0, 0.0, 0.0, 0.0, 0.0, 0.0, 0.0, 0.0, 0.0, 0.0], [0.0, 0.9785710378021555, 0.0, 0.0, 0.0, 0.0, 0.0, 0.0, 0.0, 0.0, 0.0, 0.0, 0.0, 0.0, 0.0], [0.0, 0.9775128359964931, 0.0, 0.0, 0.0, 0.0, 0.0, 0.0, 0.0, 0.0, 0.0, 0.0, 0.0, 0.0, 0.0], [0.0, 0.0, 0.9633723594757984, 0.0, 0.0, 0.0, 0.0, 0.0, 0.0, 0.0, 0.0, 0.0, 0.0, 0.0, 0.0], [0.0, 0.0, 0.9751231171112733, 0.0, 0.0, 0.0, 0.0, 0.0, 0.0, 0.0, 0.0, 0.0, 0.0, 0.0, 0.0], [0.0, 0.0, 0.0, 0.9670168703640155, 0.0, 0.0, 0.0, 0.0, 0.0, 0.0, 0.0, 0.0, 0.0, 0.0, 0.0], [0.0, 0.0, 0.0, 0.0, 0.9784289615093914, 0.0, 0.0, 0.0, 0.0, 0.0, 0.0, 0.0, 0.0, 0.0, 0.0], [0.0, 0.0, 0.0, 0.0, 0.9766809873073578, 0.0, 0.0, 0.0, 0.0, 0.0, 0.0, 0.0, 0.0, 0.0, 0.0]], "Born radii": [], "Atomic SASAs": [], "Solvent H bonds": [], "Total SASA": NaN, "Total FOD": 0.0, "FOD": [0.0, 0.0, 0.0, 0.0, 0.0, 0.0, 0.0, 0.0, 0.0, 0.0, 0.0, 0.0, 0.0, 0.0, 0.0], "FOD s proportion": [0.0, 0.0, 0.0, 0.0, 0.0, 0.0, 0.0, 0.0, 0.0, 0.0, 0.0, 0.0, 0.0, 0.0, 0.0], "FOD p proportion": [0.0, 0.0, 0.0, 0.0, 0.0, 0.0, 0.0, 0.0, 0.0, 0.0, 0.0, 0.0, 0.0, 0.0, 0.0], "FOD d proportion": [0.0, 0.0, 0.0, 0.0, 0.0, 0.0, 0.0, 0.0, 0.0, 0.0, 0.0, 0.0, 0.0, 0.0, 0.0], "coordinates": [["-1.90600", "0.46520", "0.25380"], ["-0.98260", "-0.56820", "-0.37600"], ["0.32260", "-0.77520", "0.39720"], ["1.22190", "0.42830", "0.37980"], ["2.41440", "0.46420", "-0.22820"], ["-2.13060", "0.20870", "1.29400"], ["-2.85190", "0.50750", "-0.29580"], ["-1.46460", "1.46600", "0.23160"], ["-0.76560", "-0.27840", "-1.41130"], ["-1.51500", "-1.52600", "-0.42040"], ["0.10080", "-1.03310", "1.43970"], ["0.84470", "-1.64020", "-0.03080"], ["0.87900", "1.31260", "0.91280"], ["3.02540", "1.36120", "-0.19940"], ["2.80740", "-0.39260", "-0.76670"]], "bond_dist": [[0.0, 1.5222454335618814, 2.5545672197066964, 3.130654247916879, 4.34720383235017, 1.0946476373701264, 1.094795076715273, 1.0940417907922895, 2.1508163868633696, 2.138294666317063, 2.7710120786456347, 3.475637612007328, 2.9847265804425036, 5.032585041506999, 4.898303854396948], [1.5222454335618814, 0.0, 1.53108924625575, 2.534574153580834, 3.5534917475632333, 2.1703404364292713, 2.1582041191694543, 2.17703270531244, 1.0967767001536821, 1.0967232832396692, 2.164868139171529, 2.1464790541722043, 2.9434620160620386, 4.4517228035896395, 3.8141292387647274], [2.5545672197066964, 1.53108924625575, 0.0, 1.5024831113859483, 2.5105506885940385, 2.7911466622160863, 3.49328191533406, 2.871321061811096, 2.1683315544445687, 2.146845164421505, 1.0965919478092112, 1.097268157744496, 2.221335895356666, 3.4964645515148582, 2.7704290299518592], [3.130654247916879, 2.534574153580834, 1.5024831113859483, 0.0, 1.3390328823445674, 3.4818446332368134, 4.130200290542821, 2.8837591404276464, 2.7672405659790407, 3.456910490597059, 2.125074864563599, 2.142326877486253, 1.0879595121143064, 2.1114893558812935, 2.1218268803085705], [4.34720383235017, 3.5534917475632333, 2.5105506885940385, 1.3390328823445674, 0.0, 4.799937300632166, 5.266911840917788, 4.032574894530788, 3.473266527348571, 4.408857135358323, 3.221264140054336, 2.6327598086418744, 2.092633919251048, 1.085706884937182, 1.0856046656126714], [1.0946476373701264, 2.1703404364292713, 2.7911466622160863, 3.4818446332368134, 4.799937300632166, 0.0, 1.7711632251150657, 1.77568382602309, 3.0690616644179705, 2.5154154348735323, 2.5578197141315493, 3.7451216722557894, 3.228250425540125, 5.490249157369818, 5.384411776601042], [1.094795076715273, 2.1582041191694543, 3.49328191533406, 4.130200290542821, 5.266911840917788, 1.7711632251150657, 0.0, 1.7667694529847409, 2.492915311437595, 2.4367907214202864, 3.7555087405037417, 4.2834205782295065, 4.003562760841898, 5.939760259471758, 5.749748108395706], [1.0940417907922895, 2.17703270531244, 2.871321061811096, 2.8837591404276464, 4.032574894530788, 1.77568382602309, 1.7667694529847409, 0.0, 2.4961275548336865, 3.062630921283203, 3.1867669478642453, 3.879458556293649, 2.4454091600384587, 4.511855941849208, 4.764554632911664], [2.1508163868633696, 1.0967767001536821, 2.1683315544445687, 2.7672405659790407, 3.473266527348571, 3.0690616644179705, 2.492915311437595, 2.4961275548336865, 0.0, 1.7606785424943419, 3.073828565486371, 2.5205843727199455, 3.2615074689474497, 4.304494252522589, 3.632475712238142], [2.138294666317063, 1.0967232832396692, 2.146845164421505, 3.456910490597059, 4.408857135358323, 2.5154154348735323, 2.4367907214202864, 3.062630921283203, 1.7606785424943419, 0.0, 2.512714082421635, 2.394371293262597, 3.9454160997288996, 5.385164528591489, 4.481926037988579], [2.7710120786456347, 2.164868139171529, 1.0965919478092112, 2.125074864563599, 3.221264140054336, 2.5578197141315493, 3.7555087405037417, 3.1867669478642453, 3.073828565486371, 2.512714082421635, 0.0, 1.7562254610385308, 2.5269600986165175, 4.1197823316286994, 3.5502288334697525], [3.475637612007328, 2.1464790541722043, 1.097268157744496, 2.142326877486253, 2.6327598086418744, 3.7451216722557894, 4.2834205782295065, 3.879458556293649, 2.5205843727199455, 2.394371293262597, 1.7562254610385308, 0.0, 3.1000944001755815, 3.7137959569690957, 2.4393125793960886], [2.9847265804425036, 2.9434620160620386, 2.221335895356666, 1.0879595121143064, 2.092633919251048, 3.228250425540125, 4.003562760841898, 2.4454091600384587, 3.2615074689474497, 3.9454160997288996, 2.5269600986165175, 3.1000944001755815, 0.0, 2.417929643310574, 3.0736222685945], [5.032585041506999, 4.4517228035896395, 3.4964645515148582, 2.1114893558812935, 1.085706884937182, 5.490249157369818, 5.939760259471758, 4.511855941849208, 4.304494252522589, 5.385164528591489, 4.1197823316286994, 3.7137959569690957, 2.417929643310574, 0.0, 1.8561163029293182], [4.898303854396948, 3.8141292387647274, 2.7704290299518592, 2.1218268803085705, 1.0856046656126714, 5.384411776601042, 5.749748108395706, 4.764554632911664, 3.632475712238142, 4.481926037988579, 3.5502288334697525, 2.4393125793960886, 3.0736222685945, 1.8561163029293182, 0.0]]}