{"total energy": -33.54854048, "HOMO-LUMO gap/eV": 11.8198452, "electronic energy": -33.98413464, "dipole": [0.05132112, -0.36753172, -0.67167689], "partial charges": [-0.10001335, -0.05205837, -0.05819655, -0.05846559, -0.05798144, -0.05799454, -0.07066019, 0.11316302, -0.11664285, -0.44963239, 0.03124877, 0.03207205, 0.03202291, 0.02882052, 0.02877999, 0.02943635, 0.02955912, 0.02963135, 0.03001885, 0.0277467, 0.02810488, 0.04217489, 0.03186364, 0.02977171, 0.03158021, 0.0431151, 0.03409994, 0.04740773, 0.03611025, 0.2849173], "atomic dipole moments": [[-0.08411735, 0.02310021, 0.050865], [-0.00077371, -0.05940206, -0.0931356], [-0.00216058, 0.05869392, 0.09262556], [-0.00095539, -0.05882554, -0.09175732], [-0.00110702, 0.05872114, 0.09183547], [-0.00568599, -0.06633517, -0.09771695], [-0.01015416, 0.05276827, 0.09244842], [-0.02501762, 0.16187305, -0.07916194], [0.08960857, 0.0386173, 0.04096623], [0.01995844, -0.18685386, -0.14000078], [0.09970691, 0.04762443, 0.05757802], [0.01616799, -0.12459694, -0.00771003], [-0.00267611, 0.04685404, -0.11677502], [-0.00590368, 0.12302644, 0.00972717], [0.01232818, -0.04278722, 0.11524983], [-0.0088696, 0.04246726, -0.1161369], [0.00933006, -0.12321242, -0.01074753], [0.00878824, -0.0426707, 0.1164696], [-0.00949281, 0.12347109, 0.01068844], [-0.00855994, 0.04238342, -0.11564467], [0.00952746, -0.12280298, -0.01059889], [-0.00759529, 0.12599843, 0.01105586], [0.0088739, -0.04324482, 0.11731767], [-0.00319632, 0.04643603, -0.11459852], [0.0124113, -0.12378121, -0.01415836], [0.00808049, -0.04677934, 0.12105793], [-0.02370297, 0.04328456, -0.11541854], [-0.1062852, 0.03222639, 0.06323687], [0.0090003, -0.12781224, -0.00574594], [-0.00541337, 0.02167168, -0.07454374]], "atomic quadrupole moments": [[0.13309341, -0.06241051, -0.10488018, -0.14325218, 0.04804546, -0.02821323], [0.2287627, 0.03069087, -0.16524336, -0.03210374, 0.10638498, -0.06351934], [0.23277386, 0.03708799, -0.16856265, -0.02389739, 0.11129105, -0.06421121], [0.23304091, 0.03861007, -0.16847453, -0.02154338, 0.11155192, -0.06456638], [0.23028304, 0.03611857, -0.16680908, -0.0243791, 0.11103107, -0.06347396], [0.23731262, 0.03732438, -0.18105042, -0.0151557, 0.11379015, -0.0562622], [0.21462195, 0.02904021, -0.1543246, -0.03240363, 0.10812029, -0.06029735], [-0.02152805, -0.03501285, 0.30500248, -0.01593513, 0.09871133, -0.28347443], [0.10080027, 0.12470014, -0.04083861, 0.12217184, 0.06906394, -0.05996166], [-0.10642619, -0.03219107, 0.1599477, -0.00136958, 0.02467057, -0.05352151], [0.03766929, 0.03614092, -0.02927668, 0.04082078, 0.03409214, -0.00839261], [-0.03750626, -0.0031676, 0.08055354, -0.01248648, 0.00150674, -0.04304728], [-0.03332142, -0.01640543, -0.02620887, 0.00853292, -0.04510084, 0.0595303], [-0.01600103, -0.00888948, 0.05561001, -0.00109658, -0.00394452, -0.03960898], [-0.01688349, -0.00075556, -0.01919213, 0.00288096, -0.03960048, 0.03607562], [-0.01999042, -0.00211778, -0.01628472, 0.00574515, -0.03929844, 0.03627514], [-0.01987309, -0.00653208, 0.05684775, -0.00036078, -0.00502257, -0.03697466], [-0.01926891, -0.00204071, -0.01642886, 0.00554071, -0.03896406, 0.03569777], [-0.01921861, -0.00653063, 0.0562421, -0.0004522, -0.00494157, -0.03702348], [-0.01998922, -0.00206467, -0.01639407, 0.00596827, -0.03951634, 0.03638329], [-0.01944504, -0.00663325, 0.05645248, -0.0005435, -0.00510665, -0.03700744], [-0.01805063, -0.0081965, 0.05316083, -0.00052659, -0.00497799, -0.03511021], [-0.018884, -0.00159362, -0.01672756, 0.00558727, -0.03881269, 0.03561155], [-0.01863787, 0.00403451, -0.01944573, 0.01474138, -0.04307219, 0.0380836], [-0.01695688, -0.00840865, 0.06125283, 0.00359711, 0.00120522, -0.04429595], [-0.01090647, -0.00113968, -0.0120226, 0.00687167, -0.01213936, 0.02292907], [-0.03672419, 0.00577424, -0.03138351, 0.00292116, -0.04843439, 0.0681077], [0.03463459, -0.01956629, -0.04230909, -0.0511894, 0.02385489, 0.0076745], [-0.03486568, -0.01645913, 0.0835876, 0.0068519, 0.00379196, -0.04872192], [-0.09102213, -0.01188047, -0.01948425, 0.01533719, -0.06794605, 0.11050639]], "number of molecular orbitals": 60, "number of electrons": 62, "number of unpaired electrons": 0, "orbital energies/eV": [-18.47926209, -17.14805768, -16.932598, -16.77182499, -16.4808465, -16.07640167, -15.96184514, -15.43093714, -15.10101734, -14.99873707, -14.58598974, -14.43769013, -14.1416266, -13.88912017, -13.68525912, -13.50973933, -13.23092494, -13.09375368, -13.01337654, -12.6732635, -12.49763419, -12.39281926, -12.34261719, -11.99795951, -11.79807244, -11.77260974, -11.69103297, -11.50985806, -11.44913563, -11.37599802, -10.92601619, 0.89382901, 1.41415889, 2.50203309, 2.75201444, 2.79667506, 2.96999499, 3.11042838, 3.46718393, 3.80169571, 3.93765315, 4.05102347, 4.44953365, 4.51225223, 4.58030467, 4.90184826, 4.98903024, 5.10571427, 5.3926527, 5.71063193, 6.07255251, 6.29523893, 6.42990082, 6.76187058, 7.13546347, 7.17151823, 7.38410798, 7.50883491, 8.08186839, 8.54171305], "fractional occupation": [2.0, 2.0, 2.0, 2.0, 2.0, 2.0, 2.0, 2.0, 2.0, 2.0, 2.0, 2.0, 2.0, 2.0, 2.0, 2.0, 2.0, 2.0, 2.0, 2.0, 2.0, 2.0, 2.0, 2.0, 2.0, 2.0, 2.0, 2.0, 2.0, 2.0, 2.0, 0.0, 0.0, 0.0, 0.0, 0.0, 0.0, 0.0, 0.0, 0.0, 0.0, 0.0, 0.0, 0.0, 0.0, 0.0, 0.0, 0.0, 0.0, 0.0, 0.0, 0.0, 0.0, 0.0, 0.0, 0.0, 0.0, 0.0, 0.0, 0.0], "program call": "xtb /home/svss/Project-DBcg-Debug/aqme2_20220329/End-to-End-workflows-final/example-3/QDESCP/mol_394_rdkit_conf_1/mol_394_rdkit_conf_1.xyz --pop --wbo --acc 0.2 --gfn 2 --chrg 0 --uhf 0 --etemp 300 --input /home/svss/Project-DBcg-Debug/aqme2_20220329/End-to-End-workflows-final/example-3/QDESCP/mol_394_rdkit_conf_1/mol_394_rdkit_conf_1_xtb.inp", "method": "GFN2-xTB", "xtb version": "6.3.3 (7355c4f)", "Dipole module/D": 1.95, "Total charge": 0, "Transition dipole module/D": NaN, "HOMO": -10.926, "LUMO": 0.8938, "HOMO occupancy": 2.0, "LUMO occupancy": 0, "mulliken charges": [-0.0835, -0.03848, -0.04672, -0.04521, -0.04687, -0.04046, -0.0723, 0.22325, -0.11099, -0.56507, 0.02808, 0.02641, 0.02643, 0.02232, 0.0222, 0.02224, 0.02221, 0.02309, 0.02372, 0.02152, 0.0212, 0.03262, 0.02402, 0.02304, 0.02486, 0.02924, 0.02757, 0.04253, 0.0299, 0.33315], "cm5 charges": [-0.23382, -0.151, -0.15736, -0.1559, -0.15761, -0.15023, -0.17878, 0.17381, -0.25691, -0.77582, 0.07886, 0.0777, 0.07772, 0.07703, 0.07691, 0.07758, 0.07755, 0.07845, 0.07908, 0.07689, 0.07657, 0.09053, 0.07985, 0.08072, 0.08068, 0.09552, 0.0811, 0.09581, 0.08163, 0.50344], "FUKUI+": [0.006, -0.011, -0.014, -0.014, -0.014, -0.014, -0.005, -0.027, 0.018, -0.067, -0.05, -0.028, -0.028, -0.031, -0.031, -0.036, -0.036, -0.039, -0.039, -0.041, -0.042, -0.039, -0.043, -0.043, -0.062, -0.054, -0.037, -0.059, -0.054, -0.066], "FUKUI-": [0.014, 0.001, 0.0, 0.0, -0.003, -0.002, -0.008, -0.01, 0.005, -0.1, -0.061, -0.051, -0.051, -0.062, -0.063, -0.052, -0.053, -0.039, -0.038, -0.033, -0.034, -0.026, -0.033, -0.035, -0.042, -0.045, -0.036, -0.054, -0.044, -0.043], "FUKUIrad": [0.01, -0.005, -0.007, -0.007, -0.009, -0.008, -0.006, -0.018, 0.011, -0.083, -0.055, -0.039, -0.039, -0.047, -0.047, -0.044, -0.045, -0.039, -0.039, -0.037, -0.038, -0.033, -0.038, -0.039, -0.052, -0.049, -0.037, -0.056, -0.049, -0.054], "s proportion": [1.007, 1.027, 1.032, 1.032, 1.033, 1.031, 1.042, 1.016, 1.02, 1.698, 0.972, 0.974, 0.974, 0.978, 0.978, 0.978, 0.978, 0.977, 0.976, 0.978, 0.979, 0.967, 0.976, 0.977, 0.975, 0.971, 0.972, 0.957, 0.97, 0.667], "p proportion": [3.076, 3.011, 3.014, 3.013, 3.014, 3.009, 3.031, 2.761, 3.091, 4.867, 0.0, 0.0, 0.0, 0.0, 0.0, 0.0, 0.0, 0.0, 0.0, 0.0, 0.0, 0.0, 0.0, 0.0, 0.0, 0.0, 0.0, 0.0, 0.0, 0.0], "d proportion": [0.0, 0.0, 0.0, 0.0, 0.0, 0.0, 0.0, 0.0, 0.0, 0.0, 0.0, 0.0, 0.0, 0.0, 0.0, 0.0, 0.0, 0.0, 0.0, 0.0, 0.0, 0.0, 0.0, 0.0, 0.0, 0.0, 0.0, 0.0, 0.0, 0.0], "Fermi-level/eV": -5.0161, "Coordination numbers": [3.75, 3.8, 3.802, 3.802, 3.802, 3.801, 3.802, 3.724, 3.75, 1.653, 0.924, 0.924, 0.924, 0.924, 0.924, 0.924, 0.924, 0.924, 0.924, 0.924, 0.924, 0.924, 0.924, 0.924, 0.924, 0.924, 0.924, 0.924, 0.924, 0.804], "Dispersion coefficient C6": [22.473, 21.509, 21.62, 21.625, 21.616, 21.617, 21.851, 18.827, 22.797, 21.837, 2.569, 2.557, 2.558, 2.603, 2.604, 2.595, 2.593, 2.592, 2.586, 2.619, 2.614, 2.42, 2.56, 2.59, 2.564, 2.408, 2.529, 2.353, 2.501, 0.768], "Total dispersion C6": 6005.21722, "Total dispersion C8": 124959.425727, "Polarizability alpha": [6.761, 6.603, 6.62, 6.621, 6.619, 6.62, 6.655, 6.196, 6.809, 6.308, 2.506, 2.501, 2.501, 2.523, 2.524, 2.519, 2.518, 2.518, 2.515, 2.531, 2.528, 2.433, 2.502, 2.517, 2.504, 2.427, 2.487, 2.399, 2.473, 1.377], "Total polarizability alpha": 114.615379, "Wiberg matrix": [[0.0, 1.0200989106627174, 0.0, 0.0, 0.0, 0.0, 0.0, 0.0, 0.0, 0.0, 0.9873998997747764, 0.9877254863626069, 0.9877290430850365, 0.0, 0.0, 0.0, 0.0, 0.0, 0.0, 0.0, 0.0, 0.0, 0.0, 0.0, 0.0, 0.0, 0.0, 0.0, 0.0, 0.0], [1.0200989106627174, 0.0, 1.007698345200963, 0.0, 0.0, 0.0, 0.0, 0.0, 0.0, 0.0, 0.0, 0.0, 0.0, 0.9780813834291449, 0.9780863812091889, 0.0, 0.0, 0.0, 0.0, 0.0, 0.0, 0.0, 0.0, 0.0, 0.0, 0.0, 0.0, 0.0, 0.0, 0.0], [0.0, 1.007698345200963, 0.0, 1.0070860666548924, 0.0, 0.0, 0.0, 0.0, 0.0, 0.0, 0.0, 0.0, 0.0, 0.0, 0.0, 0.9772561795809847, 0.977246509593704, 0.0, 0.0, 0.0, 0.0, 0.0, 0.0, 0.0, 0.0, 0.0, 0.0, 0.0, 0.0, 0.0], [0.0, 0.0, 1.0070860666548924, 0.0, 1.0069430283489356, 0.0, 0.0, 0.0, 0.0, 0.0, 0.0, 0.0, 0.0, 0.0, 0.0, 0.0, 0.0, 0.9772767246778102, 0.9772600017224659, 0.0, 0.0, 0.0, 0.0, 0.0, 0.0, 0.0, 0.0, 0.0, 0.0, 0.0], [0.0, 0.0, 0.0, 1.0069430283489356, 0.0, 1.0067759563276666, 0.0, 0.0, 0.0, 0.0, 0.0, 0.0, 0.0, 0.0, 0.0, 0.0, 0.0, 0.0, 0.0, 0.9774031702183488, 0.9772882964644629, 0.0, 0.0, 0.0, 0.0, 0.0, 0.0, 0.0, 0.0, 0.0], [0.0, 0.0, 0.0, 0.0, 1.0067759563276666, 0.0, 1.0065333077799896, 0.0, 0.0, 0.0, 0.0, 0.0, 0.0, 0.0, 0.0, 0.0, 0.0, 0.0, 0.0, 0.0, 0.0, 0.9761630910730807, 0.9772063305269236, 0.0, 0.0, 0.0, 0.0, 0.0, 0.0, 0.0], [0.0, 0.0, 0.0, 0.0, 0.0, 1.0065333077799896, 0.0, 0.9887966415390989, 0.0, 0.0, 0.0, 0.0, 0.0, 0.0, 0.0, 0.0, 0.0, 0.0, 0.0, 0.0, 0.0, 0.0, 0.0, 0.9747317557442787, 0.9754259933034929, 0.0, 0.0, 0.0, 0.0, 0.0], [0.0, 0.0, 0.0, 0.0, 0.0, 0.0, 0.9887966415390989, 0.0, 1.0024627998903708, 0.9845836894265163, 0.0, 0.0, 0.0, 0.0, 0.0, 0.0, 0.0, 0.0, 0.0, 0.0, 0.0, 0.0, 0.0, 0.0, 0.0, 0.9631379704044367, 0.0, 0.0, 0.0, 0.0], [0.0, 0.0, 0.0, 0.0, 0.0, 0.0, 0.0, 1.0024627998903708, 0.0, 0.0, 0.0, 0.0, 0.0, 0.0, 0.0, 0.0, 0.0, 0.0, 0.0, 0.0, 0.0, 0.0, 0.0, 0.0, 0.0, 0.0, 0.9849377814458713, 0.9851046978898039, 0.9856337102368827, 0.0], [0.0, 0.0, 0.0, 0.0, 0.0, 0.0, 0.0, 0.9845836894265163, 0.0, 0.0, 0.0, 0.0, 0.0, 0.0, 0.0, 0.0, 0.0, 0.0, 0.0, 0.0, 0.0, 0.0, 0.0, 0.0, 0.0, 0.0, 0.0, 0.0, 0.0, 0.9007942798764146], [0.9873998997747764, 0.0, 0.0, 0.0, 0.0, 0.0, 0.0, 0.0, 0.0, 0.0, 0.0, 0.0, 0.0, 0.0, 0.0, 0.0, 0.0, 0.0, 0.0, 0.0, 0.0, 0.0, 0.0, 0.0, 0.0, 0.0, 0.0, 0.0, 0.0, 0.0], [0.9877254863626069, 0.0, 0.0, 0.0, 0.0, 0.0, 0.0, 0.0, 0.0, 0.0, 0.0, 0.0, 0.0, 0.0, 0.0, 0.0, 0.0, 0.0, 0.0, 0.0, 0.0, 0.0, 0.0, 0.0, 0.0, 0.0, 0.0, 0.0, 0.0, 0.0], [0.9877290430850365, 0.0, 0.0, 0.0, 0.0, 0.0, 0.0, 0.0, 0.0, 0.0, 0.0, 0.0, 0.0, 0.0, 0.0, 0.0, 0.0, 0.0, 0.0, 0.0, 0.0, 0.0, 0.0, 0.0, 0.0, 0.0, 0.0, 0.0, 0.0, 0.0], [0.0, 0.9780813834291449, 0.0, 0.0, 0.0, 0.0, 0.0, 0.0, 0.0, 0.0, 0.0, 0.0, 0.0, 0.0, 0.0, 0.0, 0.0, 0.0, 0.0, 0.0, 0.0, 0.0, 0.0, 0.0, 0.0, 0.0, 0.0, 0.0, 0.0, 0.0], [0.0, 0.9780863812091889, 0.0, 0.0, 0.0, 0.0, 0.0, 0.0, 0.0, 0.0, 0.0, 0.0, 0.0, 0.0, 0.0, 0.0, 0.0, 0.0, 0.0, 0.0, 0.0, 0.0, 0.0, 0.0, 0.0, 0.0, 0.0, 0.0, 0.0, 0.0], [0.0, 0.0, 0.9772561795809847, 0.0, 0.0, 0.0, 0.0, 0.0, 0.0, 0.0, 0.0, 0.0, 0.0, 0.0, 0.0, 0.0, 0.0, 0.0, 0.0, 0.0, 0.0, 0.0, 0.0, 0.0, 0.0, 0.0, 0.0, 0.0, 0.0, 0.0], [0.0, 0.0, 0.977246509593704, 0.0, 0.0, 0.0, 0.0, 0.0, 0.0, 0.0, 0.0, 0.0, 0.0, 0.0, 0.0, 0.0, 0.0, 0.0, 0.0, 0.0, 0.0, 0.0, 0.0, 0.0, 0.0, 0.0, 0.0, 0.0, 0.0, 0.0], [0.0, 0.0, 0.0, 0.9772767246778102, 0.0, 0.0, 0.0, 0.0, 0.0, 0.0, 0.0, 0.0, 0.0, 0.0, 0.0, 0.0, 0.0, 0.0, 0.0, 0.0, 0.0, 0.0, 0.0, 0.0, 0.0, 0.0, 0.0, 0.0, 0.0, 0.0], [0.0, 0.0, 0.0, 0.9772600017224659, 0.0, 0.0, 0.0, 0.0, 0.0, 0.0, 0.0, 0.0, 0.0, 0.0, 0.0, 0.0, 0.0, 0.0, 0.0, 0.0, 0.0, 0.0, 0.0, 0.0, 0.0, 0.0, 0.0, 0.0, 0.0, 0.0], [0.0, 0.0, 0.0, 0.0, 0.9774031702183488, 0.0, 0.0, 0.0, 0.0, 0.0, 0.0, 0.0, 0.0, 0.0, 0.0, 0.0, 0.0, 0.0, 0.0, 0.0, 0.0, 0.0, 0.0, 0.0, 0.0, 0.0, 0.0, 0.0, 0.0, 0.0], [0.0, 0.0, 0.0, 0.0, 0.9772882964644629, 0.0, 0.0, 0.0, 0.0, 0.0, 0.0, 0.0, 0.0, 0.0, 0.0, 0.0, 0.0, 0.0, 0.0, 0.0, 0.0, 0.0, 0.0, 0.0, 0.0, 0.0, 0.0, 0.0, 0.0, 0.0], [0.0, 0.0, 0.0, 0.0, 0.0, 0.9761630910730807, 0.0, 0.0, 0.0, 0.0, 0.0, 0.0, 0.0, 0.0, 0.0, 0.0, 0.0, 0.0, 0.0, 0.0, 0.0, 0.0, 0.0, 0.0, 0.0, 0.0, 0.0, 0.0, 0.0, 0.0], [0.0, 0.0, 0.0, 0.0, 0.0, 0.9772063305269236, 0.0, 0.0, 0.0, 0.0, 0.0, 0.0, 0.0, 0.0, 0.0, 0.0, 0.0, 0.0, 0.0, 0.0, 0.0, 0.0, 0.0, 0.0, 0.0, 0.0, 0.0, 0.0, 0.0, 0.0], [0.0, 0.0, 0.0, 0.0, 0.0, 0.0, 0.9747317557442787, 0.0, 0.0, 0.0, 0.0, 0.0, 0.0, 0.0, 0.0, 0.0, 0.0, 0.0, 0.0, 0.0, 0.0, 0.0, 0.0, 0.0, 0.0, 0.0, 0.0, 0.0, 0.0, 0.0], [0.0, 0.0, 0.0, 0.0, 0.0, 0.0, 0.9754259933034929, 0.0, 0.0, 0.0, 0.0, 0.0, 0.0, 0.0, 0.0, 0.0, 0.0, 0.0, 0.0, 0.0, 0.0, 0.0, 0.0, 0.0, 0.0, 0.0, 0.0, 0.0, 0.0, 0.0], [0.0, 0.0, 0.0, 0.0, 0.0, 0.0, 0.0, 0.9631379704044367, 0.0, 0.0, 0.0, 0.0, 0.0, 0.0, 0.0, 0.0, 0.0, 0.0, 0.0, 0.0, 0.0, 0.0, 0.0, 0.0, 0.0, 0.0, 0.0, 0.0, 0.0, 0.0], [0.0, 0.0, 0.0, 0.0, 0.0, 0.0, 0.0, 0.0, 0.9849377814458713, 0.0, 0.0, 0.0, 0.0, 0.0, 0.0, 0.0, 0.0, 0.0, 0.0, 0.0, 0.0, 0.0, 0.0, 0.0, 0.0, 0.0, 0.0, 0.0, 0.0, 0.0], [0.0, 0.0, 0.0, 0.0, 0.0, 0.0, 0.0, 0.0, 0.9851046978898039, 0.0, 0.0, 0.0, 0.0, 0.0, 0.0, 0.0, 0.0, 0.0, 0.0, 0.0, 0.0, 0.0, 0.0, 0.0, 0.0, 0.0, 0.0, 0.0, 0.0, 0.0], [0.0, 0.0, 0.0, 0.0, 0.0, 0.0, 0.0, 0.0, 0.9856337102368827, 0.0, 0.0, 0.0, 0.0, 0.0, 0.0, 0.0, 0.0, 0.0, 0.0, 0.0, 0.0, 0.0, 0.0, 0.0, 0.0, 0.0, 0.0, 0.0, 0.0, 0.0], [0.0, 0.0, 0.0, 0.0, 0.0, 0.0, 0.0, 0.0, 0.0, 0.9007942798764146, 0.0, 0.0, 0.0, 0.0, 0.0, 0.0, 0.0, 0.0, 0.0, 0.0, 0.0, 0.0, 0.0, 0.0, 0.0, 0.0, 0.0, 0.0, 0.0, 0.0]], "Born radii": [], "Atomic SASAs": [], "Solvent H bonds": [], "Total SASA": NaN, "Total FOD": 0.0, "FOD": [0.0, 0.0, 0.0, 0.0, 0.0, 0.0, 0.0, 0.0, 0.0, 0.0, 0.0, 0.0, 0.0, 0.0, 0.0, 0.0, 0.0, 0.0, 0.0, 0.0, 0.0, 0.0, 0.0, 0.0, 0.0, 0.0, 0.0, 0.0, 0.0, 0.0], "FOD s proportion": [0.0, 0.0, 0.0, 0.0, 0.0, 0.0, 0.0, 0.0, 0.0, 0.0, 0.0, 0.0, 0.0, 0.0, 0.0, 0.0, 0.0, 0.0, 0.0, 0.0, 0.0, 0.0, 0.0, 0.0, 0.0, 0.0, 0.0, 0.0, 0.0, 0.0], "FOD p proportion": [0.0, 0.0, 0.0, 0.0, 0.0, 0.0, 0.0, 0.0, 0.0, 0.0, 0.0, 0.0, 0.0, 0.0, 0.0, 0.0, 0.0, 0.0, 0.0, 0.0, 0.0, 0.0, 0.0, 0.0, 0.0, 0.0, 0.0, 0.0, 0.0, 0.0], "FOD d proportion": [0.0, 0.0, 0.0, 0.0, 0.0, 0.0, 0.0, 0.0, 0.0, 0.0, 0.0, 0.0, 0.0, 0.0, 0.0, 0.0, 0.0, 0.0, 0.0, 0.0, 0.0, 0.0, 0.0, 0.0, 0.0, 0.0, 0.0, 0.0, 0.0, 0.0], "coordinates": [["5.16420", "0.17220", "-0.43840"], ["3.90680", "0.52840", "0.33850"], ["2.65500", "-0.03640", "-0.33270"], ["1.39240", "0.32410", "0.45190"], ["0.13970", "-0.24100", "-0.21970"], ["-1.12320", "0.11940", "0.56520"], ["-2.37710", "-0.44830", "-0.10830"], ["-3.65030", "-0.13000", "0.68240"], ["-4.87980", "-0.75340", "0.03560"], ["-3.84000", "1.28030", "0.75930"], ["6.04700", "0.58590", "0.05910"], ["5.28950", "-0.91320", "-0.50580"], ["5.12560", "0.57770", "-1.45450"], ["3.82840", "1.61910", "0.41520"], ["3.99140", "0.13650", "1.35870"], ["2.57730", "0.35550", "-1.35420"], ["2.74030", "-1.12710", "-0.41070"], ["1.47020", "-0.06790", "1.47330"], ["1.30720", "1.41480", "0.52970"], ["0.06170", "0.15130", "-1.24100"], ["0.22520", "-1.33160", "-0.29770"], ["-1.20320", "1.21010", "0.64450"], ["-1.04560", "-0.27480", "1.58580"], ["-2.45430", "-0.02410", "-1.11740"], ["-2.27410", "-1.53500", "-0.21490"], ["-3.55590", "-0.50440", "1.70760"], ["-5.02800", "-0.36950", "-0.97980"], ["-5.78070", "-0.49670", "0.60330"], ["-4.79510", "-1.84330", "-0.01090"], ["-3.91460", "1.62150", "-0.14830"]], "bond_dist": [[0.0, 1.5203640386433772, 2.520073627892646, 3.8784253170584577, 5.046202946770968, 6.3672128565016575, 7.573981248326405, 8.890608962832637, 10.09769019924854, 9.150846329165407, 1.09452719472839, 1.0946853474857512, 1.09470517492154, 2.1462791547233553, 2.1462298898300713, 2.7503345505592587, 2.7503161618257637, 4.166279023301247, 4.1662598778760795, 5.165279258665499, 5.164778013622657, 6.5416887406846245, 6.54666408791531, 7.651216696709093, 7.634971576895358, 9.005734149418359, 10.220934090874474, 11.014690286612693, 10.17018451110893, 9.198327996978582], [1.5203640386433772, 0.0, 1.528565248852662, 2.525233733736345, 3.8851777320992666, 5.0516902013088645, 6.375027242294734, 7.593518168806868, 8.884767819701311, 7.794570962535398, 2.1591263626754222, 2.168619915983435, 2.168583161882431, 1.0962006841815053, 1.0961527311465313, 2.1593281246721165, 2.1593293264344835, 2.753246136835572, 2.7532131337766064, 4.173945216458884, 4.1735511258399605, 5.164344187793838, 5.169831069773943, 6.548930773034633, 6.539678580022109, 7.657218942932218, 9.076055880171738, 9.7451836976016, 9.026079152101426, 7.912404173827321], [2.520073627892646, 1.528565248852662, 0.0, 1.5296130785267232, 2.526136229501489, 3.8865528801239795, 5.0539140653556816, 6.387174419099575, 7.577792879856245, 6.716486275575942, 3.470796526735614, 2.7819655102103624, 2.781981022580852, 2.1626146721041173, 2.1625663758599414, 1.0968523829577068, 1.0968074489170831, 2.160180383671697, 2.160157410930972, 2.754168671305372, 2.753669566233392, 4.170658141109146, 4.175154748030305, 5.169221592270929, 5.153222837215561, 6.5541686658187235, 7.7173948337505704, 8.49994156332854, 7.672837340905905, 6.778073467438959], [3.8784253170584577, 2.525233733736345, 1.5296130785267232, 0.0, 1.5295887878773171, 2.526456478944373, 3.888387332815495, 5.068348878086432, 6.377680203647719, 5.327928580602409, 4.678475418338755, 4.1994629406627695, 4.19945903182779, 2.759070113280922, 2.759036244778238, 2.1603173794607127, 2.160299657454956, 1.0968020787726471, 1.0967854712750347, 2.16021590124691, 2.1599996504629346, 2.7494054120845837, 2.754678641874584, 4.1690582413777815, 4.164624508884325, 5.171930744895952, 6.614558338241488, 7.221495566016779, 6.572439642172456, 5.496156457016122], [5.046202946770968, 3.8851777320992666, 2.526136229501489, 1.5295887878773171, 0.0, 1.5299910391894456, 2.527778766031553, 3.897461405838421, 5.052040389783123, 4.371590875184913, 5.971405725622736, 5.20136002310934, 5.201365161186051, 4.1796623918685105, 4.179646599893346, 2.754050881882904, 2.754046944044346, 2.1601950976705786, 2.1601690327379477, 1.0968304244503797, 1.096723579576914, 2.1577565339954363, 2.160071475669266, 2.753497212637049, 2.738775178797997, 4.176281145947911, 5.22488158239017, 5.98279597262016, 5.1926114595644455, 4.4622138787825945], [6.3672128565016575, 5.0516902013088645, 3.8865528801239795, 2.526456478944373, 1.5299910391894456, 0.0, 1.5323676941256625, 2.542079977105362, 3.8928523681228917, 2.9608049344730567, 7.203160938088222, 6.583010333426494, 6.583063756337166, 5.175900177746862, 5.175815667119532, 4.175349065647087, 4.175257514213944, 2.754169649821884, 2.7542994699197108, 2.16040830863057, 2.1605971327390026, 1.0965012448693343, 1.0968316917376155, 2.150247013717261, 2.161056727621929, 2.759027634874286, 4.2277075643899495, 4.69822701345944, 4.203204980726017, 3.2491999969223198], [7.573981248326405, 6.375027242294734, 5.0539140653556816, 3.888387332815495, 2.527778766031553, 1.5323676941256625, 0.0, 1.5321748007326057, 2.525331762363116, 2.4250493046534127, 8.488996007184829, 7.690961826715824, 7.691257226877801, 6.561739499553453, 6.561392557224419, 5.17150274195035, 5.171073192288038, 4.1770659571043405, 4.177589268944471, 2.7550453517138336, 2.754642724565202, 2.1668040082111717, 2.1617051857272305, 1.0973551339470735, 1.096763169512908, 2.165689142051555, 2.791593183112467, 3.4775293068499082, 2.7932482453229963, 2.5786776242873013], [8.890608962832637, 7.593518168806868, 6.387174419099575, 5.068348878086432, 3.897461405838421, 2.542079977105362, 1.5321748007326057, 0.0, 1.5227107571695948, 1.4250774680697185, 9.743646288222905, 9.05236132288145, 9.06000009437086, 7.6851610484101105, 7.676195856672757, 6.570118078847594, 6.559637518948741, 5.181592368181812, 5.194856165477539, 4.190171983343882, 4.174199183076917, 2.7902693113747996, 2.7607174230623466, 2.1635412753169283, 2.1617351202217168, 1.0955006891828045, 2.1721708910672746, 2.163175873571079, 2.1740811438398517, 1.9564430045365493], [10.09769019924854, 8.884767819701311, 7.577792879856245, 6.377680203647719, 5.052040389783123, 3.8928523681228917, 2.525331762363116, 1.5227107571695948, 0.0, 2.396009478278415, 11.008598229565834, 10.184955203141543, 10.202953218553931, 9.033581773028901, 9.013362583409146, 7.666129640176979, 7.642300660795806, 6.546708450817098, 6.574511012235054, 5.183301254991842, 5.148439484931332, 4.212300917550882, 4.163324109410652, 2.78286502367614, 2.7319079962546327, 2.1471600336258128, 1.0956183687762815, 1.095353363075131, 1.0941747346744946, 2.570132342895984], [9.150846329165407, 7.794570962535398, 6.716486275575942, 5.327928580602409, 4.371590875184913, 2.9608049344730567, 2.4250493046534127, 1.4250774680697185, 2.396009478278415, 0.0, 9.936057588399938, 9.474159092499978, 9.261562533395756, 7.6835895784457415, 7.937152181985678, 6.8193750872055725, 7.103859714971854, 5.525003464252308, 5.154073558846439, 4.52759361913147, 4.946222968083829, 2.640231300473502, 3.303045506801261, 2.6727563936879846, 3.3655642231281218, 2.040867411175944, 2.6753790105329, 2.635978279500801, 3.355935191567322, 0.9724815473827768], [1.09452719472839, 2.1591263626754222, 3.470796526735614, 4.678475418338755, 5.971405725622736, 7.203160938088222, 8.488996007184829, 9.743646288222905, 11.008598229565834, 9.936057588399938, 0.0, 1.7720663277654138, 1.7720130247828312, 2.4731549506652426, 2.473138063271034, 3.7535741820297086, 3.753577750626727, 4.834719673362665, 4.83469167682904, 6.140273060703407, 6.139826359922567, 7.300528668528053, 7.305928561107068, 8.603973148493667, 8.591507319440517, 9.804182513091034, 11.164574661401122, 11.889603176304918, 11.111122582799632, 10.017432639154606], [1.0946853474857512, 2.168619915983435, 2.7819655102103624, 4.1994629406627695, 5.20136002310934, 6.583010333426494, 7.690961826715824, 9.05236132288145, 10.184955203141543, 9.474159092499978, 1.7720663277654138, 0.0, 1.774733137685776, 3.0652238906807447, 2.5026573776687853, 3.112139310827843, 2.559925362193203, 4.3838820000086685, 4.727637627822166, 5.385496460865981, 5.085813470822539, 6.9272466586660535, 6.701927866666427, 7.8186310700787, 7.594689131886835, 9.127286462032403, 10.342683014576053, 11.133413811585376, 10.139485646717983, 9.553426984595633], [1.09470517492154, 2.168583161882431, 2.781981022580852, 4.19945903182779, 5.201365161186051, 6.583063756337166, 7.691257226877801, 9.06000009437086, 10.202953218553931, 9.261562533395756, 1.7720130247828312, 1.774733137685776, 0.0, 2.5026026232704224, 3.0651527400767486, 2.5599347296366757, 3.1121564179841608, 4.727659183993702, 4.383829902037715, 5.086303414071953, 5.384935736849606, 6.697719029639867, 6.932091299167951, 7.611220904690653, 7.7945923267352475, 9.30259421183145, 10.208727682233473, 11.150616838991466, 10.313365621852064, 9.193524510219136], [2.1462791547233553, 1.0962006841815053, 2.1626146721041173, 2.759070113280922, 4.1796623918685105, 5.175900177746862, 6.561739499553453, 7.6851610484101105, 9.033581773028901, 7.6835895784457415, 2.4731549506652426, 3.0652238906807447, 2.5026026232704224, 0.0, 1.7648977335811842, 2.508527960776997, 3.0671952758179577, 3.0865274743633826, 2.532054142391114, 4.3686913566879495, 4.711465498122638, 5.053400642141884, 5.358454774466236, 6.672427466072599, 6.89825188507929, 7.791497705832941, 9.183483866158856, 9.841076875017286, 9.30239362852379, 7.763477765151389], [2.1462298898300713, 1.0961527311465313, 2.1625663758599414, 2.759036244778238, 4.179646599893346, 5.175815667119532, 6.561392557224419, 7.676195856672757, 9.013362583409146, 7.937152181985678, 2.473138063271034, 2.5026573776687853, 3.0651527400767486, 1.7648977335811842, 0.0, 3.0671593078938697, 2.5085279607769975, 2.53206673687721, 3.0864577641691455, 4.711815066404878, 4.36843690694967, 5.352248850716865, 5.0588646058181865, 6.906801869172157, 6.672826946654618, 7.5824943989428695, 9.331355454059178, 9.821685690857755, 9.110323509623575, 8.184198800126987], [2.7503345505592587, 2.1593281246721165, 1.0968523829577068, 2.1603173794607127, 2.754050881882904, 4.175349065647087, 5.17150274195035, 6.570118078847594, 7.666129640176979, 6.8193750872055725, 3.7535741820297086, 3.112139310827843, 2.5599347296366757, 2.508527960776997, 3.0671593078938697, 0.0, 1.764897733581184, 3.065892075726085, 2.5068605286293852, 2.5264115341725306, 3.081375191371541, 4.360885586667002, 4.708108165707326, 5.051452163487248, 5.329922766795031, 6.908703893640253, 7.6489468850293365, 8.626367433050833, 7.809702817009108, 6.723222175415595], [2.7503161618257637, 2.1593293264344835, 1.0968074489170831, 2.160299657454956, 2.754046944044346, 4.175257514213944, 5.171073192288038, 6.559637518948741, 7.642300660795806, 7.103859714971854, 3.753577750626727, 2.559925362193203, 3.1121564179841608, 3.0671952758179577, 2.5085279607769975, 1.764897733581184, 0.0, 2.506893426135224, 3.0658413820678985, 3.0819803065561593, 2.525928989500694, 4.703949737188951, 4.364111175256652, 5.357229045878102, 5.034771832963238, 6.672112455587061, 7.825874868664845, 8.60424553113171, 7.5799100021042465, 7.2049531386401116], [4.166279023301247, 2.753246136835572, 2.160180383671697, 1.0968020787726471, 2.1601950976705786, 2.754169649821884, 4.1770659571043405, 5.181592368181812, 6.546708450817098, 5.525003464252308, 4.834719673362665, 4.3838820000086685, 4.727659183993702, 3.0865274743633826, 2.53206673687721, 3.065892075726085, 2.506893426135224, 0.0, 1.7650351979493215, 3.065835184741672, 2.5066718353226856, 3.076891450799004, 2.526799062054599, 4.702695522782652, 4.36144289656531, 5.050456410068302, 6.952356824128059, 7.315484963418353, 6.678987864190201, 5.871944308319009], [4.1662598778760795, 2.7532131337766064, 2.160157410930972, 1.0967854712750347, 2.1601690327379477, 2.7542994699197108, 4.177589268944471, 5.194856165477539, 6.574511012235054, 5.154073558846439, 4.83469167682904, 4.727637627822166, 4.383829902037715, 2.532054142391114, 3.0864577641691455, 2.5068605286293852, 3.0658413820678985, 1.7650351979493215, 0.0, 2.5066074662778774, 3.0656202830748622, 2.521346721496272, 3.0831417758513804, 4.35112099004383, 4.699091283429169, 5.359152793119449, 6.7525606831779, 7.341496824217797, 6.93869795134505, 5.2696872895836995], [5.165279258665499, 4.173945216458884, 2.754168671305372, 2.16021590124691, 1.0968304244503797, 2.16040830863057, 2.7550453517138336, 4.190171983343882, 5.183301254991842, 4.52759361913147, 6.140273060703407, 5.385496460865981, 5.086303414071953, 4.3686913566879495, 4.711815066404878, 2.5264115341725306, 3.0819803065561593, 3.065835184741672, 2.5066074662778774, 0.0, 1.7650891053994977, 2.505222485129814, 3.06569286459032, 2.525133287571173, 3.058177650170114, 4.712877487268261, 5.122939016814469, 6.160761661515564, 5.392595053404251, 4.377949636530782], [5.164778013622657, 4.1735511258399605, 2.753669566233392, 2.1599996504629346, 1.096723579576914, 2.1605971327390026, 2.754642724565202, 4.174199183076917, 5.148439484931332, 4.946222968083829, 6.139826359922567, 5.085813470822539, 5.384935736849606, 4.711465498122638, 4.36843690694967, 3.081375191371541, 2.525928989500694, 2.5066718353226856, 3.0656202830748622, 1.7650891053994977, 0.0, 3.0640343160610977, 2.50585935958106, 3.0921165227073835, 2.5089296303403965, 4.359151883107538, 5.3839583077880535, 6.130227876677996, 5.054453800362607, 5.087343512089586], [6.5416887406846245, 5.164344187793838, 4.170658141109146, 2.7494054120845837, 2.1577565339954363, 1.0965012448693343, 2.1668040082111717, 2.7902693113747996, 4.212300917550882, 2.640231300473502, 7.300528668528053, 6.9272466586660535, 6.697719029639867, 5.053400642141884, 5.352248850716865, 4.360885586667002, 4.703949737188951, 3.076891450799004, 2.521346721496272, 2.505222485129814, 3.0640343160610977, 0.0, 1.7651661281590465, 2.4885321898661465, 3.0693597345374815, 3.099175559725521, 4.445512534005499, 4.885526576531951, 4.759679225536107, 2.8547279660240834], [6.54666408791531, 5.169831069773943, 4.175154748030305, 2.754678641874584, 2.160071475669266, 1.0968316917376155, 2.1617051857272305, 2.7607174230623466, 4.163324109410652, 3.303045506801261, 7.305928561107068, 6.701927866666427, 6.932091299167951, 5.358454774466236, 5.0588646058181865, 4.708108165707326, 4.364111175256652, 2.526799062054599, 3.0831417758513804, 3.06569286459032, 2.50585935958106, 1.7651661281590465, 0.0, 3.0585252034272985, 2.517903250722712, 2.5237189799975748, 4.738225533889242, 4.8410451216653625, 4.366737156046834, 3.8515214526210286], [7.651216696709093, 6.548930773034633, 5.169221592270929, 4.1690582413777815, 2.753497212637049, 2.150247013717261, 1.0973551339470735, 2.1635412753169283, 2.78286502367614, 2.6727563936879846, 8.603973148493667, 7.8186310700787, 7.611220904690653, 6.672427466072599, 6.906801869172157, 5.051452163487248, 5.357229045878102, 4.702695522782652, 4.35112099004383, 2.525133287571173, 3.0921165227073835, 2.4885321898661465, 3.0585252034272985, 0.0, 1.7691232574357276, 3.069989519526085, 2.6004166223895737, 3.7747975058272996, 3.1643602086361784, 2.40408615902176], [7.634971576895358, 6.539678580022109, 5.153222837215561, 4.164624508884325, 2.738775178797997, 2.161056727621929, 1.096763169512908, 2.1617351202217168, 2.7319079962546327, 3.3655642231281218, 8.591507319440517, 7.594689131886835, 7.7945923267352475, 6.89825188507929, 6.672826946654618, 5.329922766795031, 5.034771832963238, 4.36144289656531, 4.699091283429169, 3.058177650170114, 2.5089296303403965, 3.0693597345374815, 2.517903250722712, 1.7691232574357276, 0.0, 2.5300501674868032, 3.0866531178608323, 3.7475007258171416, 2.5479611241147304, 3.5579724647613564], [9.005734149418359, 7.657218942932218, 6.5541686658187235, 5.171930744895952, 4.176281145947911, 2.759027634874286, 2.165689142051555, 1.0955006891828045, 2.1471600336258128, 2.040867411175944, 9.804182513091034, 9.127286462032403, 9.30259421183145, 7.791497705832941, 7.5824943989428695, 6.908703893640253, 6.672112455587061, 5.050456410068302, 5.359152793119449, 4.712877487268261, 4.359151883107538, 3.099175559725521, 2.5237189799975748, 3.069989519526085, 2.5300501674868032, 0.0, 3.0671477271236873, 2.4838020895393425, 2.5062944958643625, 2.84472868829349], [10.220934090874474, 9.076055880171738, 7.7173948337505704, 6.614558338241488, 5.22488158239017, 4.2277075643899495, 2.791593183112467, 2.1721708910672746, 1.0956183687762815, 2.6753790105329, 11.164574661401122, 10.342683014576053, 10.208727682233473, 9.183483866158856, 9.331355454059178, 7.6489468850293365, 7.825874868664845, 6.952356824128059, 6.7525606831779, 5.122939016814469, 5.3839583077880535, 4.445512534005499, 4.738225533889242, 2.6004166223895737, 3.0866531178608323, 3.0671477271236873, 0.0, 1.7575388302965034, 1.7790716848963677, 2.427989458379092], [11.014690286612693, 9.7451836976016, 8.49994156332854, 7.221495566016779, 5.98279597262016, 4.69822701345944, 3.4775293068499082, 2.163175873571079, 1.095353363075131, 2.635978279500801, 11.889603176304918, 11.133413811585376, 11.150616838991466, 9.841076875017286, 9.821685690857755, 8.626367433050833, 8.60424553113171, 7.315484963418353, 7.341496824217797, 6.160761661515564, 6.130227876677996, 4.885526576531951, 4.8410451216653625, 3.7747975058272996, 3.7475007258171416, 2.4838020895393425, 1.7575388302965034, 0.0, 1.7781958722255546, 2.9213015951797927], [10.17018451110893, 9.026079152101426, 7.672837340905905, 6.572439642172456, 5.1926114595644455, 4.203204980726017, 2.7932482453229963, 2.1740811438398517, 1.0941747346744946, 3.355935191567322, 11.111122582799632, 10.139485646717983, 10.313365621852064, 9.30239362852379, 9.110323509623575, 7.809702817009108, 7.5799100021042465, 6.678987864190201, 6.93869795134505, 5.392595053404251, 5.054453800362607, 4.759679225536107, 4.366737156046834, 3.1643602086361784, 2.5479611241147304, 2.5062944958643625, 1.7790716848963677, 1.7781958722255546, 0.0, 3.5775687344899465], [9.198327996978582, 7.912404173827321, 6.778073467438959, 5.496156457016122, 4.4622138787825945, 3.2491999969223198, 2.5786776242873013, 1.9564430045365493, 2.570132342895984, 0.9724815473827768, 10.017432639154606, 9.553426984595633, 9.193524510219136, 7.763477765151389, 8.184198800126987, 6.723222175415595, 7.2049531386401116, 5.871944308319009, 5.2696872895836995, 4.377949636530782, 5.087343512089586, 2.8547279660240834, 3.8515214526210286, 2.40408615902176, 3.5579724647613564, 2.84472868829349, 2.427989458379092, 2.9213015951797927, 3.5775687344899465, 0.0]]}