{"total energy": -30.3759465, "HOMO-LUMO gap/eV": 11.65871132, "electronic energy": -30.76416761, "dipole": [0.56137505, -0.35529488, 0.06611801], "partial charges": [-0.1001194, -0.05191038, -0.05918718, -0.06494966, -0.02313024, -0.05545891, -0.09986907, 0.08400286, -0.44796184, 0.03172627, 0.03181409, 0.0327766, 0.02861234, 0.02756247, 0.02695758, 0.03703244, 0.0386181, 0.02672991, 0.04627879, 0.02985282, 0.04721173, 0.03337376, 0.03124187, 0.03223681, 0.01613535, 0.01690703, 0.28351586], "atomic dipole moments": [[-0.06604803, 0.01445654, -0.07538282], [-0.02615395, -0.05223856, 0.09416789], [0.02372411, 0.04766418, -0.10074528], [-0.03316104, -0.05774245, 0.08941448], [0.0618529, -0.05082421, 0.07272844], [0.05103591, 0.06237797, -0.09329951], [0.00403762, -0.10243484, 0.00070007], [-0.1967839, 0.00336454, -0.01042492], [0.23591494, -0.05597389, 0.0145165], [0.11121049, 0.04767523, -0.03053533], [0.01621359, -0.12261141, 0.02347712], [-0.0376778, 0.05604493, 0.10625463], [-0.00569306, 0.12122682, -0.02211378], [0.04636445, -0.05145725, -0.10220774], [0.01138464, -0.12200679, 0.0243107], [-0.04022308, 0.05246911, 0.10563226], [-0.00459044, 0.12004669, -0.0295171], [0.04551455, -0.04647098, -0.10349255], [-0.06898964, 0.03359462, -0.09758766], [0.05095669, -0.03528812, 0.10754299], [-0.11796425, -0.04184105, 0.01069176], [0.11141642, 0.0553406, 0.01333221], [-0.06964337, 0.03869772, 0.09581385], [-0.05502615, 0.04277888, -0.10570078], [0.04927102, -0.05194099, -0.09249789], [0.0416437, -0.0475692, 0.10086414], [0.01666529, -0.07706188, 0.00349204]], "atomic quadrupole moments": [[0.04088078, -0.02693552, -0.11614177, 0.1686014, -0.04394786, 0.07526098], [0.18015545, 0.07868895, -0.17664633, 0.10074716, -0.07698778, -0.00350913], [0.17630962, 0.08730621, -0.17130028, 0.08174561, -0.08752837, -0.00500934], [0.17633146, 0.07273974, -0.15760884, 0.10171239, -0.04495301, -0.01872262], [-0.00896133, 0.04866516, 0.11677316, -0.14009542, 0.04233101, -0.10781183], [-0.17181279, -0.06084637, 0.16758371, -0.10705728, 0.08057415, 0.00422908], [-0.11207412, -0.02012848, 0.22360977, -0.01433619, -0.00897866, -0.11153565], [0.33540749, 0.20888603, 0.0153834, 0.01622495, -0.00634626, -0.35079089], [0.16117073, 0.06282229, -0.03504059, 0.01190821, -0.00051784, -0.12613013], [0.05408835, 0.0443247, -0.03110449, -0.02471757, -0.02220612, -0.02298386], [-0.04474494, -0.00443647, 0.07897914, 0.01243565, -0.01276461, -0.0342342], [-0.0193275, -0.03169797, -0.02000718, -0.03111671, 0.0437499, 0.03933468], [-0.01846294, -0.0105971, 0.05480645, 0.00823453, -0.00722893, -0.03634352], [-0.01011001, -0.01360714, -0.01243315, -0.01697419, 0.04092201, 0.02254315], [-0.02069615, -0.00352808, 0.0564073, 0.00580563, -0.00448871, -0.03571116], [-0.00662049, -0.01679545, -0.01175779, -0.02343559, 0.03856387, 0.01837828], [-0.0167799, -0.01054165, 0.05822073, 0.01383916, 0.0012588, -0.04144083], [-0.00507211, -0.01816853, -0.01390691, -0.01715062, 0.04458427, 0.01897902], [0.00320485, -0.00799181, -0.02334037, 0.01671799, -0.01264148, 0.02013552], [-0.00308431, -0.02132727, -0.01597813, 0.04657292, -0.00928214, 0.01906244], [0.0411443, 0.0245711, -0.00630291, 0.00374984, 0.01637994, -0.03484139], [0.07007353, 0.03157242, -0.01763211, 0.00701979, -0.0006124, -0.05244143], [-0.00941736, -0.01260639, -0.02004484, -0.06314919, 0.02140946, 0.0294622], [-0.0279014, -0.0091249, -0.02320828, 0.04993715, -0.02253578, 0.05110968], [0.0077089, 0.01006953, -0.02105148, -0.03700518, 0.02283133, 0.01334258], [0.00256607, 0.0148977, -0.0264976, 0.03372495, -0.01615418, 0.02393153], [-0.04323241, -0.00081971, 0.13578047, 0.00243, -0.00879195, -0.09254806]], "number of molecular orbitals": 54, "number of electrons": 56, "number of unpaired electrons": 0, "orbital energies/eV": [-18.54126408, -17.15177874, -16.84777249, -16.48417739, -16.34561671, -15.82811985, -15.53396776, -15.25963814, -15.10200942, -14.72763078, -14.2172613, -14.1691035, -13.85985417, -13.57530676, -13.35149349, -13.08951225, -12.91603715, -12.8280977, -12.565735, -12.44569439, -12.07741693, -11.99353481, -11.75145178, -11.63371213, -11.47496108, -11.34244688, -11.19343443, -10.96523502, 0.6934763, 1.66825619, 2.04815784, 2.48273614, 3.00647666, 3.09721734, 3.39044979, 3.57049828, 3.99000603, 4.26144038, 4.33237583, 4.48345159, 4.58725267, 4.76759835, 5.10409946, 5.46894888, 5.69219826, 6.15814188, 6.34771163, 6.88813453, 7.11494809, 7.19419015, 7.49394771, 7.69672083, 8.10062537, 8.36833213], "fractional occupation": [2.0, 2.0, 2.0, 2.0, 2.0, 2.0, 2.0, 2.0, 2.0, 2.0, 2.0, 2.0, 2.0, 2.0, 2.0, 2.0, 2.0, 2.0, 2.0, 2.0, 2.0, 2.0, 2.0, 2.0, 2.0, 2.0, 2.0, 2.0, 0.0, 0.0, 0.0, 0.0, 0.0, 0.0, 0.0, 0.0, 0.0, 0.0, 0.0, 0.0, 0.0, 0.0, 0.0, 0.0, 0.0, 0.0, 0.0, 0.0, 0.0, 0.0, 0.0, 0.0, 0.0, 0.0], "program call": "xtb /home/svss/Project-DBcg-Debug/aqme2_20220329/End-to-End-workflows-final/example-3/QDESCP/mol_1056_rdkit_conf_2/mol_1056_rdkit_conf_2.xyz --pop --wbo --acc 0.2 --gfn 2 --chrg 0 --uhf 0 --etemp 300 --input /home/svss/Project-DBcg-Debug/aqme2_20220329/End-to-End-workflows-final/example-3/QDESCP/mol_1056_rdkit_conf_2/mol_1056_rdkit_conf_2_xtb.inp", "method": "GFN2-xTB", "xtb version": "6.3.3 (7355c4f)", "Dipole module/D": 1.697, "Total charge": 0, "Transition dipole module/D": NaN, "HOMO": -10.9652, "LUMO": 0.6935, "HOMO occupancy": 2.0, "LUMO occupancy": 0, "mulliken charges": [-0.0835, -0.038, -0.04941, -0.0584, -0.02131, -0.04196, -0.08484, 0.19317, -0.56925, 0.02871, 0.02628, 0.02731, 0.02295, 0.02159, 0.01936, 0.02593, 0.02908, 0.02305, 0.03667, 0.01889, 0.03996, 0.02418, 0.0285, 0.02759, 0.00951, 0.00842, 0.33551], "cm5 charges": [-0.23387, -0.1507, -0.16042, -0.1668, -0.08866, -0.15146, -0.23551, 0.10763, -0.78476, 0.07949, 0.07756, 0.0786, 0.07764, 0.0763, 0.07553, 0.08228, 0.08508, 0.07864, 0.09797, 0.07492, 0.09782, 0.07623, 0.07928, 0.07909, 0.07254, 0.07198, 0.50362], "FUKUI+": [0.008, -0.013, -0.005, -0.031, -0.03, 0.01, 0.014, -0.01, -0.111, -0.056, -0.03, -0.032, -0.037, -0.036, -0.032, -0.043, -0.063, -0.054, -0.054, -0.026, -0.035, -0.015, -0.041, -0.024, -0.075, -0.066, -0.112], "FUKUI-": [0.017, 0.006, 0.008, 0.011, -0.0, 0.005, 0.018, 0.02, -0.091, -0.05, -0.054, -0.047, -0.069, -0.063, -0.052, -0.043, -0.045, -0.04, -0.054, -0.052, -0.073, -0.053, -0.057, -0.048, -0.076, -0.069, -0.048], "FUKUIrad": [0.012, -0.004, 0.001, -0.01, -0.015, 0.007, 0.016, 0.005, -0.101, -0.053, -0.042, -0.039, -0.053, -0.05, -0.042, -0.043, -0.054, -0.047, -0.054, -0.039, -0.054, -0.034, -0.049, -0.036, -0.076, -0.067, -0.08], "s proportion": [1.008, 1.027, 1.031, 1.038, 1.062, 1.03, 1.008, 0.996, 1.695, 0.971, 0.974, 0.973, 0.977, 0.978, 0.981, 0.974, 0.971, 0.977, 0.963, 0.981, 0.96, 0.976, 0.971, 0.972, 0.99, 0.992, 0.664], "p proportion": [3.076, 3.011, 3.018, 3.021, 2.959, 3.012, 3.077, 2.811, 4.874, 0.0, 0.0, 0.0, 0.0, 0.0, 0.0, 0.0, 0.0, 0.0, 0.0, 0.0, 0.0, 0.0, 0.0, 0.0, 0.0, 0.0, 0.0], "d proportion": [0.0, 0.0, 0.0, 0.0, 0.0, 0.0, 0.0, 0.0, 0.0, 0.0, 0.0, 0.0, 0.0, 0.0, 0.0, 0.0, 0.0, 0.0, 0.0, 0.0, 0.0, 0.0, 0.0, 0.0, 0.0, 0.0, 0.0], "Fermi-level/eV": -5.1359, "Coordination numbers": [3.75, 3.8, 3.8, 3.8, 3.846, 3.799, 3.748, 3.675, 1.653, 0.924, 0.924, 0.924, 0.924, 0.924, 0.924, 0.924, 0.924, 0.923, 0.923, 0.924, 0.924, 0.924, 0.924, 0.924, 0.924, 0.924, 0.804], "Dispersion coefficient C6": [22.476, 21.506, 21.64, 21.746, 20.954, 21.573, 22.473, 19.402, 21.804, 2.562, 2.561, 2.547, 2.606, 2.622, 2.63, 2.489, 2.467, 2.634, 2.367, 2.589, 2.355, 2.539, 2.569, 2.555, 2.793, 2.781, 0.773], "Total dispersion C6": 4859.89832, "Total dispersion C8": 100809.399455, "Polarizability alpha": [6.761, 6.603, 6.623, 6.639, 6.511, 6.613, 6.761, 6.311, 6.303, 2.503, 2.503, 2.496, 2.525, 2.532, 2.536, 2.467, 2.457, 2.538, 2.406, 2.516, 2.4, 2.492, 2.507, 2.5, 2.613, 2.608, 1.381], "Total polarizability alpha": 103.106216, "Wiberg matrix": [[0.0, 1.0201796592388284, 0.0, 0.0, 0.0, 0.0, 0.0, 0.0, 0.0, 0.9873140702349031, 0.9877083490809468, 0.9876547939073561, 0.0, 0.0, 0.0, 0.0, 0.0, 0.0, 0.0, 0.0, 0.0, 0.0, 0.0, 0.0, 0.0, 0.0, 0.0], [1.0201796592388284, 0.0, 1.0069697121510368, 0.0, 0.0, 0.0, 0.0, 0.0, 0.0, 0.0, 0.0, 0.0, 0.978044194745135, 0.9780930995917281, 0.0, 0.0, 0.0, 0.0, 0.0, 0.0, 0.0, 0.0, 0.0, 0.0, 0.0, 0.0, 0.0], [0.0, 1.0069697121510368, 0.0, 1.008152855929102, 0.0, 0.0, 0.0, 0.0, 0.0, 0.0, 0.0, 0.0, 0.0, 0.0, 0.976234922151568, 0.9747893215112688, 0.0, 0.0, 0.0, 0.0, 0.0, 0.0, 0.0, 0.0, 0.0, 0.0, 0.0], [0.0, 0.0, 1.008152855929102, 0.0, 0.9934988217394783, 0.0, 0.0, 0.0, 0.0, 0.0, 0.0, 0.0, 0.0, 0.0, 0.0, 0.0, 0.9743657446424683, 0.9757692887048202, 0.0, 0.0, 0.0, 0.0, 0.0, 0.0, 0.0, 0.0, 0.0], [0.0, 0.0, 0.0, 0.9934988217394783, 0.0, 0.995423143658605, 0.0, 0.9933455407031192, 0.0, 0.0, 0.0, 0.0, 0.0, 0.0, 0.0, 0.0, 0.0, 0.0, 0.965681963423287, 0.0, 0.0, 0.0, 0.0, 0.0, 0.0, 0.0, 0.0], [0.0, 0.0, 0.0, 0.0, 0.995423143658605, 0.0, 1.0205104778353222, 0.0, 0.0, 0.0, 0.0, 0.0, 0.0, 0.0, 0.0, 0.0, 0.0, 0.0, 0.0, 0.9758306948486913, 0.9755058085750756, 0.0, 0.0, 0.0, 0.0, 0.0, 0.0], [0.0, 0.0, 0.0, 0.0, 0.0, 1.0205104778353222, 0.0, 0.0, 0.0, 0.0, 0.0, 0.0, 0.0, 0.0, 0.0, 0.0, 0.0, 0.0, 0.0, 0.0, 0.0, 0.985893349956121, 0.9869769877546244, 0.9874746234179869, 0.0, 0.0, 0.0], [0.0, 0.0, 0.0, 0.0, 0.9933455407031192, 0.0, 0.0, 0.0, 0.9877680648662976, 0.0, 0.0, 0.0, 0.0, 0.0, 0.0, 0.0, 0.0, 0.0, 0.0, 0.0, 0.0, 0.0, 0.0, 0.0, 0.9729876793403869, 0.9719006323502544, 0.0], [0.0, 0.0, 0.0, 0.0, 0.0, 0.0, 0.0, 0.9877680648662976, 0.0, 0.0, 0.0, 0.0, 0.0, 0.0, 0.0, 0.0, 0.0, 0.0, 0.0, 0.0, 0.0, 0.0, 0.0, 0.0, 0.0, 0.0, 0.9067645992503206], [0.9873140702349031, 0.0, 0.0, 0.0, 0.0, 0.0, 0.0, 0.0, 0.0, 0.0, 0.0, 0.0, 0.0, 0.0, 0.0, 0.0, 0.0, 0.0, 0.0, 0.0, 0.0, 0.0, 0.0, 0.0, 0.0, 0.0, 0.0], [0.9877083490809468, 0.0, 0.0, 0.0, 0.0, 0.0, 0.0, 0.0, 0.0, 0.0, 0.0, 0.0, 0.0, 0.0, 0.0, 0.0, 0.0, 0.0, 0.0, 0.0, 0.0, 0.0, 0.0, 0.0, 0.0, 0.0, 0.0], [0.9876547939073561, 0.0, 0.0, 0.0, 0.0, 0.0, 0.0, 0.0, 0.0, 0.0, 0.0, 0.0, 0.0, 0.0, 0.0, 0.0, 0.0, 0.0, 0.0, 0.0, 0.0, 0.0, 0.0, 0.0, 0.0, 0.0, 0.0], [0.0, 0.978044194745135, 0.0, 0.0, 0.0, 0.0, 0.0, 0.0, 0.0, 0.0, 0.0, 0.0, 0.0, 0.0, 0.0, 0.0, 0.0, 0.0, 0.0, 0.0, 0.0, 0.0, 0.0, 0.0, 0.0, 0.0, 0.0], [0.0, 0.9780930995917281, 0.0, 0.0, 0.0, 0.0, 0.0, 0.0, 0.0, 0.0, 0.0, 0.0, 0.0, 0.0, 0.0, 0.0, 0.0, 0.0, 0.0, 0.0, 0.0, 0.0, 0.0, 0.0, 0.0, 0.0, 0.0], [0.0, 0.0, 0.976234922151568, 0.0, 0.0, 0.0, 0.0, 0.0, 0.0, 0.0, 0.0, 0.0, 0.0, 0.0, 0.0, 0.0, 0.0, 0.0, 0.0, 0.0, 0.0, 0.0, 0.0, 0.0, 0.0, 0.0, 0.0], [0.0, 0.0, 0.9747893215112688, 0.0, 0.0, 0.0, 0.0, 0.0, 0.0, 0.0, 0.0, 0.0, 0.0, 0.0, 0.0, 0.0, 0.0, 0.0, 0.0, 0.0, 0.0, 0.0, 0.0, 0.0, 0.0, 0.0, 0.0], [0.0, 0.0, 0.0, 0.9743657446424683, 0.0, 0.0, 0.0, 0.0, 0.0, 0.0, 0.0, 0.0, 0.0, 0.0, 0.0, 0.0, 0.0, 0.0, 0.0, 0.0, 0.0, 0.0, 0.0, 0.0, 0.0, 0.0, 0.0], [0.0, 0.0, 0.0, 0.9757692887048202, 0.0, 0.0, 0.0, 0.0, 0.0, 0.0, 0.0, 0.0, 0.0, 0.0, 0.0, 0.0, 0.0, 0.0, 0.0, 0.0, 0.0, 0.0, 0.0, 0.0, 0.0, 0.0, 0.0], [0.0, 0.0, 0.0, 0.0, 0.965681963423287, 0.0, 0.0, 0.0, 0.0, 0.0, 0.0, 0.0, 0.0, 0.0, 0.0, 0.0, 0.0, 0.0, 0.0, 0.0, 0.0, 0.0, 0.0, 0.0, 0.0, 0.0, 0.0], [0.0, 0.0, 0.0, 0.0, 0.0, 0.9758306948486913, 0.0, 0.0, 0.0, 0.0, 0.0, 0.0, 0.0, 0.0, 0.0, 0.0, 0.0, 0.0, 0.0, 0.0, 0.0, 0.0, 0.0, 0.0, 0.0, 0.0, 0.0], [0.0, 0.0, 0.0, 0.0, 0.0, 0.9755058085750756, 0.0, 0.0, 0.0, 0.0, 0.0, 0.0, 0.0, 0.0, 0.0, 0.0, 0.0, 0.0, 0.0, 0.0, 0.0, 0.0, 0.0, 0.0, 0.0, 0.0, 0.0], [0.0, 0.0, 0.0, 0.0, 0.0, 0.0, 0.985893349956121, 0.0, 0.0, 0.0, 0.0, 0.0, 0.0, 0.0, 0.0, 0.0, 0.0, 0.0, 0.0, 0.0, 0.0, 0.0, 0.0, 0.0, 0.0, 0.0, 0.0], [0.0, 0.0, 0.0, 0.0, 0.0, 0.0, 0.9869769877546244, 0.0, 0.0, 0.0, 0.0, 0.0, 0.0, 0.0, 0.0, 0.0, 0.0, 0.0, 0.0, 0.0, 0.0, 0.0, 0.0, 0.0, 0.0, 0.0, 0.0], [0.0, 0.0, 0.0, 0.0, 0.0, 0.0, 0.9874746234179869, 0.0, 0.0, 0.0, 0.0, 0.0, 0.0, 0.0, 0.0, 0.0, 0.0, 0.0, 0.0, 0.0, 0.0, 0.0, 0.0, 0.0, 0.0, 0.0, 0.0], [0.0, 0.0, 0.0, 0.0, 0.0, 0.0, 0.0, 0.9729876793403869, 0.0, 0.0, 0.0, 0.0, 0.0, 0.0, 0.0, 0.0, 0.0, 0.0, 0.0, 0.0, 0.0, 0.0, 0.0, 0.0, 0.0, 0.0, 0.0], [0.0, 0.0, 0.0, 0.0, 0.0, 0.0, 0.0, 0.9719006323502544, 0.0, 0.0, 0.0, 0.0, 0.0, 0.0, 0.0, 0.0, 0.0, 0.0, 0.0, 0.0, 0.0, 0.0, 0.0, 0.0, 0.0, 0.0, 0.0], [0.0, 0.0, 0.0, 0.0, 0.0, 0.0, 0.0, 0.0, 0.9067645992503206, 0.0, 0.0, 0.0, 0.0, 0.0, 0.0, 0.0, 0.0, 0.0, 0.0, 0.0, 0.0, 0.0, 0.0, 0.0, 0.0, 0.0, 0.0]], "Born radii": [], "Atomic SASAs": [], "Solvent H bonds": [], "Total SASA": NaN, "Total FOD": 0.0, "FOD": [0.0, 0.0, 0.0, 0.0, 0.0, 0.0, 0.0, 0.0, 0.0, 0.0, 0.0, 0.0, 0.0, 0.0, 0.0, 0.0, 0.0, 0.0, 0.0, 0.0, 0.0, 0.0, 0.0, 0.0, 0.0, 0.0, 0.0], "FOD s proportion": [0.0, 0.0, 0.0, 0.0, 0.0, 0.0, 0.0, 0.0, 0.0, 0.0, 0.0, 0.0, 0.0, 0.0, 0.0, 0.0, 0.0, 0.0, 0.0, 0.0, 0.0, 0.0, 0.0, 0.0, 0.0, 0.0, 0.0], "FOD p proportion": [0.0, 0.0, 0.0, 0.0, 0.0, 0.0, 0.0, 0.0, 0.0, 0.0, 0.0, 0.0, 0.0, 0.0, 0.0, 0.0, 0.0, 0.0, 0.0, 0.0, 0.0, 0.0, 0.0, 0.0, 0.0, 0.0, 0.0], "FOD d proportion": [0.0, 0.0, 0.0, 0.0, 0.0, 0.0, 0.0, 0.0, 0.0, 0.0, 0.0, 0.0, 0.0, 0.0, 0.0, 0.0, 0.0, 0.0, 0.0, 0.0, 0.0, 0.0, 0.0, 0.0, 0.0, 0.0, 0.0], "coordinates": [["3.48060", "0.32850", "0.89820"], ["2.49590", "0.55730", "-0.23750"], ["1.11520", "-0.01290", "0.09410"], ["0.13090", "0.22390", "-1.05610"], ["-1.29210", "-0.32700", "-0.82540"], ["-2.00550", "0.26010", "0.41190"], ["-2.10840", "1.77890", "0.39770"], ["-1.28610", "-1.86280", "-0.76380"], ["-2.62030", "-2.35410", "-0.81540"], ["4.45990", "0.74350", "0.64010"], ["3.60670", "-0.74030", "1.09870"], ["3.13800", "0.81300", "1.81810"], ["2.41720", "1.63310", "-0.43350"], ["2.88360", "0.08830", "-1.14930"], ["1.20930", "-1.08580", "0.29440"], ["0.74530", "0.45890", "1.01090"], ["0.07220", "1.29920", "-1.26460"], ["0.53650", "-0.23140", "-1.96930"], ["-1.89380", "-0.04060", "-1.69970"], ["-1.50270", "-0.05930", "1.33210"], ["-3.02450", "-0.14290", "0.46440"], ["-1.12610", "2.25030", "0.49360"], ["-2.72040", "2.12050", "1.23890"], ["-2.57620", "2.13260", "-0.52640"], ["-0.74130", "-2.28160", "-1.61630"], ["-0.82520", "-2.22490", "0.16070"], ["-2.56850", "-3.32440", "-0.77710"]], "bond_dist": [[0.0, 1.5204598054536005, 2.521556648183816, 3.879525710702276, 5.1165557262674275, 5.508035898575826, 5.795781345944652, 5.503223471748172, 6.881405999503299, 1.094472064513298, 1.0947305147843465, 1.0946830682896307, 2.14621192103669, 2.1462435299844236, 2.7429222774260302, 2.740724637755497, 4.151765033091348, 4.147742647513223, 5.980760368046859, 5.017164232910859, 6.536568397102566, 5.00786394483716, 6.463725047524841, 6.478355363053188, 5.564150597350866, 5.0600070602717535, 7.262363204219408], [1.5204598054536005, 0.0, 1.530169627851762, 2.5247745483508024, 3.934025533724965, 4.557702289531426, 4.805763632348142, 4.5207742367873225, 5.914872848168419, 2.159200824379243, 2.168656920769166, 2.1686784593387745, 1.0963372337013826, 1.0961986726866622, 2.153609709302036, 2.1523906429828203, 2.7348988482208987, 2.73137827662153, 4.66529520395012, 4.33965916634014, 5.608721762576568, 4.064436026068069, 5.642086217880759, 5.318950245114162, 4.52105148057396, 4.350736177935867, 6.403663827060255], [2.521556648183816, 1.530169627851762, 0.0, 1.5322795991593703, 2.596003149073591, 3.148697243305555, 3.700583354013256, 3.150295876580484, 4.5013740057897875, 3.4723587156283267, 2.783146451410705, 2.78316486216681, 2.1639967097941715, 2.1641449951424234, 1.095485878503233, 1.0954193215385604, 2.157665659920461, 2.1541252284860324, 3.503222335222245, 2.8962384863819484, 4.158261437187422, 3.2101557874969244, 4.53583398726188, 4.314466880160282, 3.3939740865245276, 2.9432179192169916, 5.02938041710905], [3.879525710702276, 2.5247745483508024, 1.5322795991593703, 0.0, 1.543257042750818, 2.592400316309192, 3.0896640480803086, 2.5392213727833974, 3.7779785507596517, 4.678388568727485, 4.2016699442007575, 4.201275384927772, 2.756926384581206, 2.7576132596867167, 2.1684351269982693, 2.169147611390244, 1.0968992797882582, 1.098063609268607, 2.140932343629756, 2.9072926306101357, 3.5217909719345926, 2.843926168169631, 4.122381380949609, 3.3544162219378797, 2.7114732397720616, 2.896782851716711, 4.467105802418384], [5.1165557262674275, 3.934025533724965, 2.596003149073591, 1.543257042750818, 0.0, 1.544194696273757, 2.5684886820852455, 1.537046583549113, 2.4234994635856637, 6.03151427918396, 5.279319950523931, 5.283320760658016, 4.213607018932829, 4.208783172129446, 2.843717890368171, 2.85317985062281, 2.1676571615456166, 2.159033239670015, 1.0993035704481269, 2.184221119758712, 2.1676454068873907, 2.8999641877099105, 3.505942331242771, 2.790689156821304, 2.1793036984321392, 2.1891581098678095, 3.2582106454310162], [5.508035898575826, 4.557702289531426, 3.148697243305555, 2.592400316309192, 1.544194696273757, 0.0, 1.5223480186869227, 2.531108701735269, 2.9526743758836664, 6.487460825315249, 5.741888473316074, 5.360847796757524, 4.707452118715601, 5.135188359739105, 3.487146698950304, 2.8222726799513898, 2.864824313985065, 3.5175914614974833, 2.1358258215500627, 1.0961716288975922, 1.0970534399016305, 2.177364298871459, 2.1577996130317567, 2.170797464067065, 3.488844474894231, 2.762505118547294, 3.81828891651745], [5.795781345944652, 4.805763632348142, 3.700583354013256, 3.0896640480803086, 2.5684886820852455, 1.5223480186869227, 0.0, 3.9098898232558934, 4.337665526524607, 6.653824149314438, 6.2849134958247435, 5.520435846017957, 4.60360798070383, 5.492850021619014, 4.384553599854836, 3.2034384542238357, 2.783589362675465, 4.079153233209069, 2.784909364772936, 2.149175444211105, 2.1300242580778277, 1.093767827283286, 1.0949210017165623, 1.0944867929765074, 4.734217850923213, 4.211078921131733, 5.256949489960884], [5.503223471748172, 4.5207742367873225, 3.150295876580484, 2.5392213727833974, 1.537046583549113, 2.531108701735269, 3.9098898232558934, 0.0, 1.4227184858572688, 6.463764452700919, 5.354288406501839, 5.779167246238856, 5.103415110492189, 4.6197185574448145, 2.819669732433215, 3.5589938100536225, 3.4776462629197926, 2.727006961853966, 2.1367313682351368, 2.7735040328075966, 2.736524403326234, 4.303980293867527, 4.683449868419646, 4.205227452825827, 1.094968826040267, 1.0946439923555056, 1.9444796759030418], [6.881405999503299, 5.914872848168419, 4.5013740057897875, 3.7779785507596517, 2.4234994635856637, 2.9526743758836664, 4.337665526524607, 1.4227184858572688, 0.0, 7.864021747808178, 6.711457237441061, 7.079820869909068, 6.435838538993966, 6.030731479679725, 4.184026420805681, 4.751379173461111, 4.560475608968871, 3.9752643610205345, 2.5810987950870845, 3.335699784153244, 2.5866331630132633, 5.014639967136225, 4.924653658888105, 4.496214263132931, 2.0438537276429543, 2.0474002686333708, 0.9724362292716165], [1.094472064513298, 2.159200824379243, 3.4723587156283267, 4.678388568727485, 6.03151427918396, 6.487460825315249, 6.653824149314438, 6.463764452700919, 7.864021747808178, 0.0, 1.7719838148245035, 1.77198585208799, 2.473181839250806, 2.4730469243425204, 3.7459641402448054, 3.743894090382366, 4.815453859191261, 4.811700939376843, 6.816082492165129, 6.056067255240814, 7.53875446012138, 5.787512806897277, 7.335625299182069, 7.266156086267347, 6.426122657559533, 6.0805842589343335, 8.243462428494473], [1.0947305147843465, 2.168656920769166, 2.783146451410705, 4.2016699442007575, 5.279319950523931, 5.741888473316074, 6.2849134958247435, 5.354288406501839, 6.711457237441061, 1.7719838148245035, 0.0, 1.774811804107692, 3.0652201633814173, 2.50258977261556, 2.5522138429214745, 3.1037718086225348, 4.715658744014456, 4.370095107660702, 6.210967951937927, 5.159864816058653, 6.6882013045362205, 5.631094938819626, 6.945216129826342, 7.008762860162983, 5.352750198729621, 4.767139474569628, 6.951927321973382], [1.0946830682896307, 2.1686784593387745, 2.78316486216681, 4.201275384927772, 5.283320760658016, 5.360847796757524, 5.520435846017957, 5.779167246238856, 7.079820869909068, 1.77198585208799, 1.774811804107692, 0.0, 2.502362725505637, 3.0651871411057434, 3.105959887055852, 2.5498964567213314, 4.374763921630515, 4.7120030103980195, 6.198593472716209, 4.746914764349577, 6.381430462678411, 4.690701477391202, 6.030412875583229, 6.315861465390133, 6.034949959196016, 5.26144138140871, 7.511143990764656], [2.14621192103669, 1.0963372337013826, 2.1639967097941715, 2.756926384581206, 4.213607018932829, 4.707452118715601, 4.60360798070383, 5.103415110492189, 6.435838538993966, 2.473181839250806, 3.0652201633814173, 2.502362725505637, 0.0, 1.7653061037678424, 3.0628872049097726, 2.502056476181143, 2.5102273642042863, 3.061384389455202, 4.7947111623120735, 4.620300545419096, 5.794178052148553, 3.7142193177032503, 5.424888411755582, 5.019180632334325, 5.167205645220635, 5.0744847423162085, 7.039323241619182], [2.1462435299844236, 1.0961986726866622, 2.1641449951424234, 2.7576132596867167, 4.208783172129446, 5.135188359739105, 5.492850021619014, 4.6197185574448145, 6.030731479679725, 2.4730469243425204, 2.50258977261556, 3.0651871411057434, 1.7653061037678424, 0.0, 2.503210137004083, 3.0620475649473504, 3.0632569040157245, 2.5066883531863313, 4.810728232814654, 5.041702035027457, 6.128876466368041, 4.842629296157202, 6.421693863771458, 5.863154691802016, 4.355963156409842, 4.563133975679434, 6.442860276305858], [2.7429222774260302, 2.153609709302036, 1.095485878503233, 2.1684351269982693, 2.843717890368171, 3.487146698950304, 4.384553599854836, 2.819669732433215, 4.184026420805681, 3.7459641402448054, 2.5522138429214745, 3.105959887055852, 3.0628872049097726, 2.503210137004083, 0.0, 1.7648700632057874, 3.067849802386029, 2.511373506669209, 3.833811088199313, 3.0798486229034046, 4.340855082814906, 4.0771726735570075, 5.158971024341967, 5.036052169110245, 2.98086438638191, 2.3355116677079564, 4.520090159499034], [2.740724637755497, 2.1523906429828203, 1.0954193215385604, 2.169147611390244, 2.85317985062281, 2.8222726799513898, 3.2034384542238357, 3.5589938100536225, 4.751379173461111, 3.743894090382366, 3.1037718086225348, 2.5498964567213314, 2.502056476181143, 3.0620475649473504, 1.7648700632057874, 0.0, 2.517353362164319, 3.066219752398709, 3.815979745753376, 2.329206877887836, 3.8564514167820136, 2.641751542064469, 3.8501915601694416, 4.024540374999361, 4.077069983456257, 3.2236768960303697, 5.337749837712516], [4.151765033091348, 2.7348988482208987, 2.157665659920461, 1.0968992797882582, 2.1676571615456166, 2.864824313985065, 2.783589362675465, 3.4776462629197926, 4.560475608968871, 4.815453859191261, 4.715658744014456, 4.374763921630515, 2.5102273642042863, 3.0632569040157245, 3.067849802386029, 2.517353362164319, 0.0, 1.747830924317338, 2.4185805857982072, 3.3269630520942073, 3.828660901673064, 2.3306182312854244, 3.8393568081125258, 2.872893551804522, 3.688848571031346, 3.90590420517452, 5.346833614392727], [4.147742647513223, 2.73137827662153, 2.1541252284860324, 1.098063609268607, 2.159033239670015, 3.5175914614974833, 4.079153233209069, 2.727006961853966, 3.9752643610205345, 4.811700939376843, 4.370095107660702, 4.7120030103980195, 3.061384389455202, 2.5066883531863313, 2.511373506669209, 3.066219752398709, 1.747830924317338, 0.0, 2.452640799220301, 3.884224119434923, 4.314098856076434, 3.8715565422708216, 5.141145636917904, 4.1664562520204145, 2.441454869539882, 3.219498274576335, 4.541917528973858], [5.980760368046859, 4.66529520395012, 3.503222335222245, 2.140932343629756, 1.0993035704481269, 2.1358258215500627, 2.784909364772936, 2.1367313682351368, 2.5810987950870845, 6.816082492165129, 6.210967951937927, 6.198593472716209, 4.7947111623120735, 4.810728232814654, 3.833811088199313, 3.815979745753376, 2.4185805857982072, 2.452640799220301, 0.0, 3.0569789237088307, 2.4438241732988897, 3.2631504700212646, 3.7401859218493403, 2.5622452829500926, 2.521367250124424, 3.0617251035976434, 3.4770322532297566], [5.017164232910859, 4.33965916634014, 2.8962384863819484, 2.9072926306101357, 2.184221119758712, 1.0961716288975922, 2.149175444211105, 2.7735040328075966, 3.335699784153244, 6.056067255240814, 5.159864816058653, 4.746914764349577, 4.620300545419096, 5.041702035027457, 3.0798486229034046, 2.329206877887836, 3.3269630520942073, 3.884224119434923, 3.0569789237088307, 0.0, 1.7537866147282575, 2.4857920206646416, 2.49860112262842, 3.067710890876127, 3.7698023568882233, 2.553626356771875, 4.0305746848309365], [6.536568397102566, 5.608721762576568, 4.158261437187422, 3.5217909719345926, 2.1676454068873907, 1.0970534399016305, 2.1300242580778277, 2.736524403326234, 2.5866331630132633, 7.53875446012138, 6.6882013045362205, 6.381430462678411, 5.794178052148553, 6.128876466368041, 4.340855082814906, 3.8564514167820136, 3.828660901673064, 4.314098856076434, 2.4438241732988897, 1.7537866147282575, 0.0, 3.0548619346870654, 2.411494685874302, 2.522014627237519, 3.7571734615266306, 3.043661968747515, 3.4454608545156913], [5.00786394483716, 4.064436026068069, 3.2101557874969244, 2.843926168169631, 2.8999641877099105, 2.177364298871459, 1.093767827283286, 4.303980293867527, 5.014639967136225, 5.787512806897277, 5.631094938819626, 4.690701477391202, 3.7142193177032503, 4.842629296157202, 4.0771726735570075, 2.641751542064469, 2.3306182312854244, 3.8715565422708216, 3.2631504700212646, 2.4857920206646416, 3.0548619346870654, 0.0, 1.764684850051136, 1.7768070519896075, 5.013767711013346, 4.497641410784102, 5.89681917138384], [6.463725047524841, 5.642086217880759, 4.53583398726188, 4.122381380949609, 3.505942331242771, 2.1577996130317567, 1.0949210017165623, 4.683449868419646, 4.924653658888105, 7.335625299182069, 6.945216129826342, 6.030412875583229, 5.424888411755582, 6.421693863771458, 5.158971024341967, 3.8501915601694416, 3.8393568081125258, 5.141145636917904, 3.7401859218493403, 2.49860112262842, 2.411494685874302, 1.764684850051136, 0.0, 1.771221087272845, 5.607806011266795, 4.861769167700169, 5.808120661625411], [6.478355363053188, 5.318950245114162, 4.314466880160282, 3.3544162219378797, 2.790689156821304, 2.170797464067065, 1.0944867929765074, 4.205227452825827, 4.496214263132931, 7.266156086267347, 7.008762860162983, 6.315861465390133, 5.019180632334325, 5.863154691802016, 5.036052169110245, 4.024540374999361, 2.872893551804522, 4.1664562520204145, 2.5622452829500926, 3.067710890876127, 2.522014627237519, 1.7768070519896075, 1.771221087272845, 0.0, 4.903050240411575, 4.746147243817873, 5.462761094904297], [5.564150597350866, 4.52105148057396, 3.3939740865245276, 2.7114732397720616, 2.1793036984321392, 3.488844474894231, 4.734217850923213, 1.094968826040267, 2.0438537276429543, 6.426122657559533, 5.352750198729621, 6.034949959196016, 5.167205645220635, 4.355963156409842, 2.98086438638191, 4.077069983456257, 3.688848571031346, 2.441454869539882, 2.521367250124424, 3.7698023568882233, 3.7571734615266306, 5.013767711013346, 5.607806011266795, 4.903050240411575, 0.0, 1.7798828894059295, 2.2650272227944632], [5.0600070602717535, 4.350736177935867, 2.9432179192169916, 2.896782851716711, 2.1891581098678095, 2.762505118547294, 4.211078921131733, 1.0946439923555056, 2.0474002686333708, 6.0805842589343335, 4.767139474569628, 5.26144138140871, 5.0744847423162085, 4.563133975679434, 2.3355116677079564, 3.2236768960303697, 3.90590420517452, 3.219498274576335, 3.0617251035976434, 2.553626356771875, 3.043661968747515, 4.497641410784102, 4.861769167700169, 4.746147243817873, 1.7798828894059295, 0.0, 2.2643904212833967], [7.262363204219408, 6.403663827060255, 5.02938041710905, 4.467105802418384, 3.2582106454310162, 3.81828891651745, 5.256949489960884, 1.9444796759030418, 0.9724362292716165, 8.243462428494473, 6.951927321973382, 7.511143990764656, 7.039323241619182, 6.442860276305858, 4.520090159499034, 5.337749837712516, 5.346833614392727, 4.541917528973858, 3.4770322532297566, 4.0305746848309365, 3.4454608545156913, 5.89681917138384, 5.808120661625411, 5.462761094904297, 2.2650272227944632, 2.2643904212833967, 0.0]]}