{"total energy": -16.69508501, "HOMO-LUMO gap/eV": 3.78223093, "electronic energy": -16.90243179, "dipole": [0.4007156, -0.05824953, -1.30725595], "partial charges": [-0.09495965, -0.07742807, 0.23663532, -0.36693843, -0.1344813, 0.03814843, 0.04593708, 0.04589929, 0.04719666, 0.06026241, 0.06775541, 0.06123483, 0.07073801], "atomic dipole moments": [[-0.08589031, -0.083475, 0.03065158], [-0.00094646, 0.11660356, -0.01088736], [-0.0055488, -0.00349719, 0.01587963], [0.0425827, -0.01527706, -0.15641372], [0.05973067, -0.02506492, 0.04708317], [-0.03246633, 0.06809487, -0.100339], [0.11036699, -0.05643524, -0.02669078], [0.0199038, 0.08456318, 0.09593854], [-0.02137027, -0.08222666, -0.09373844], [0.0400707, -0.07412424, 0.09757139], [-0.11713275, 0.03663826, 0.05212129], [-0.0278379, -0.0990059, -0.08540327], [0.05617033, 0.11023783, -0.05766333]], "atomic quadrupole moments": [[0.05979436, 0.18019009, 0.04308611, -0.06404475, -0.07616739, -0.10288047], [0.1577954, 0.02656169, -0.01929563, -0.13566547, -0.00787453, -0.13849977], [-0.0916899, 0.39214306, 0.43417136, 0.02817975, 0.03688413, -0.34248146], [-0.04567806, 0.17112393, 0.18178191, 0.00846785, 0.01437191, -0.13610385], [-0.01775242, -0.07396276, -0.09154297, 0.12530053, -0.07752585, 0.10929539], [-0.01964239, -0.00997718, -0.0138977, 0.04084588, -0.04943533, 0.03354008], [0.04416452, -0.04512783, 0.00341495, -0.02418346, 0.00680015, -0.04757947], [-0.03951753, 0.01485674, -0.00071334, 0.00034781, 0.05207637, 0.04023087], [-0.02819028, 0.00836728, -0.01100275, 0.01489316, 0.04143223, 0.03919303], [-0.00933925, -0.01089724, -0.01909563, 0.02144432, -0.03640869, 0.02843488], [0.04641862, -0.03574193, -0.03674914, -0.03855605, 0.01377858, -0.00966948], [-0.03012429, -0.0012164, 0.0170332, 0.01291089, 0.07125152, 0.0130911], [-0.00551018, 0.04363847, 0.02638892, -0.03306577, -0.04587363, -0.02087874]], "number of molecular orbitals": 28, "number of electrons": 30, "number of unpaired electrons": 0, "orbital energies/eV": [-19.12377539, -17.50141381, -17.03026629, -16.26440152, -15.40941383, -14.74930651, -14.45384164, -14.36291571, -13.59159165, -13.24122758, -13.10947368, -12.79773497, -12.61417867, -12.16043265, -10.7638035, -6.98157256, 1.99286681, 3.15405318, 3.31331328, 3.63037425, 4.55250747, 4.65803364, 4.8151893, 5.70841467, 6.01022922, 6.60390525, 7.80413514, 14.97018469], "fractional occupation": [2.0, 2.0, 2.0, 2.0, 2.0, 2.0, 2.0, 2.0, 2.0, 2.0, 2.0, 2.0, 2.0, 2.0, 2.0, 0.0, 0.0, 0.0, 0.0, 0.0, 0.0, 0.0, 0.0, 0.0, 0.0, 0.0, 0.0, 0.0], "program call": "xtb /home/svss/Project-DBcg-Debug/aqme2_20220329/End-to-End-workflows-final/example-3/QDESCP/mol_149_rdkit_conf_2/mol_149_rdkit_conf_2.xyz --pop --wbo --acc 0.2 --gfn 2 --chrg 0 --uhf 0 --etemp 300 --input /home/svss/Project-DBcg-Debug/aqme2_20220329/End-to-End-workflows-final/example-3/QDESCP/mol_149_rdkit_conf_2/mol_149_rdkit_conf_2_xtb.inp", "method": "GFN2-xTB", "xtb version": "6.3.3 (7355c4f)", "Dipole module/D": 3.479, "Total charge": 0, "Transition dipole module/D": NaN, "HOMO": -10.7638, "LUMO": -6.9816, "HOMO occupancy": 2.0, "LUMO occupancy": 0, "mulliken charges": [-0.07274, -0.07817, 0.39808, -0.49412, -0.12662, 0.02765, 0.03813, 0.04423, 0.03621, 0.05658, 0.06415, 0.04937, 0.05724], "cm5 charges": [-0.22152, -0.18199, 0.41315, -0.54327, -0.26843, 0.07949, 0.08903, 0.09634, 0.09187, 0.11442, 0.11876, 0.10194, 0.1102], "FUKUI+": [0.021, 0.022, -0.193, -0.297, 0.05, -0.041, -0.071, -0.035, -0.09, -0.071, -0.079, -0.105, -0.111], "FUKUI-": [0.021, -0.019, -0.05, -0.248, -0.001, -0.07, -0.133, -0.073, -0.09, -0.083, -0.081, -0.087, -0.087], "FUKUIrad": [0.021, 0.002, -0.122, -0.273, 0.025, -0.055, -0.102, -0.054, -0.09, -0.077, -0.08, -0.096, -0.099], "s proportion": [1.006, 1.037, 1.075, 1.74, 1.021, 0.972, 0.962, 0.956, 0.964, 0.943, 0.936, 0.951, 0.943], "p proportion": [3.066, 3.041, 2.527, 4.754, 3.105, 0.0, 0.0, 0.0, 0.0, 0.0, 0.0, 0.0, 0.0], "d proportion": [0.0, 0.0, 0.0, 0.0, 0.0, 0.0, 0.0, 0.0, 0.0, 0.0, 0.0, 0.0, 0.0], "Fermi-level/eV": -8.8727, "Coordination numbers": [3.752, 3.801, 2.812, 0.857, 3.751, 0.924, 0.924, 0.924, 0.924, 0.924, 0.924, 0.924, 0.924], "Dispersion coefficient C6": [22.374, 21.978, 23.055, 21.032, 23.15, 2.474, 2.371, 2.372, 2.355, 2.196, 2.11, 2.185, 2.078], "Total dispersion C6": 1265.311508, "Total dispersion C8": 27040.504948, "Polarizability alpha": [6.745, 6.675, 7.867, 6.149, 6.862, 2.46, 2.408, 2.408, 2.4, 2.317, 2.272, 2.311, 2.254], "Total polarizability alpha": 53.128281, "Wiberg matrix": [[0.0, 0.9976860191121618, 0.0, 0.0, 0.0, 0.9859402953893227, 0.9835783263097629, 0.9867747450046853, 0.0, 0.0, 0.0, 0.0, 0.0], [0.9976860191121618, 0.0, 0.9895089481006086, 0.0, 0.0, 0.0, 0.0, 0.0, 0.9652975092993372, 0.9718170119732599, 0.0, 0.0, 0.0], [0.0, 0.9895089481006086, 0.0, 1.8591892537065293, 1.0117436972872011, 0.0, 0.0, 0.0, 0.0, 0.0, 0.0, 0.0, 0.0], [0.0, 0.0, 1.8591892537065293, 0.0, 0.0, 0.0, 0.0, 0.0, 0.0, 0.0, 0.0, 0.0, 0.0], [0.0, 0.0, 1.0117436972872011, 0.0, 0.0, 0.0, 0.0, 0.0, 0.0, 0.0, 0.9823079610022095, 0.9667643049742652, 0.955466486201851], [0.9859402953893227, 0.0, 0.0, 0.0, 0.0, 0.0, 0.0, 0.0, 0.0, 0.0, 0.0, 0.0, 0.0], [0.9835783263097629, 0.0, 0.0, 0.0, 0.0, 0.0, 0.0, 0.0, 0.0, 0.0, 0.0, 0.0, 0.0], [0.9867747450046853, 0.0, 0.0, 0.0, 0.0, 0.0, 0.0, 0.0, 0.0, 0.0, 0.0, 0.0, 0.0], [0.0, 0.9652975092993372, 0.0, 0.0, 0.0, 0.0, 0.0, 0.0, 0.0, 0.0, 0.0, 0.0, 0.0], [0.0, 0.9718170119732599, 0.0, 0.0, 0.0, 0.0, 0.0, 0.0, 0.0, 0.0, 0.0, 0.0, 0.0], [0.0, 0.0, 0.0, 0.0, 0.9823079610022095, 0.0, 0.0, 0.0, 0.0, 0.0, 0.0, 0.0, 0.0], [0.0, 0.0, 0.0, 0.0, 0.9667643049742652, 0.0, 0.0, 0.0, 0.0, 0.0, 0.0, 0.0, 0.0], [0.0, 0.0, 0.0, 0.0, 0.955466486201851, 0.0, 0.0, 0.0, 0.0, 0.0, 0.0, 0.0, 0.0]], "Born radii": [], "Atomic SASAs": [], "Solvent H bonds": [], "Total SASA": NaN, "Total FOD": 0.0, "FOD": [0.0, 0.0, 0.0, 0.0, 0.0, 0.0, 0.0, 0.0, 0.0, 0.0, 0.0, 0.0, 0.0], "FOD s proportion": [0.0, 0.0, 0.0, 0.0, 0.0, 0.0, 0.0, 0.0, 0.0, 0.0, 0.0, 0.0, 0.0], "FOD p proportion": [0.0, 0.0, 0.0, 0.0, 0.0, 0.0, 0.0, 0.0, 0.0, 0.0, 0.0, 0.0, 0.0], "FOD d proportion": [0.0, 0.0, 0.0, 0.0, 0.0, 0.0, 0.0, 0.0, 0.0, 0.0, 0.0, 0.0, 0.0], "coordinates": [["1.59640", "0.24740", "-0.10260"], ["0.54840", "-0.78550", "0.25960"], ["-0.75490", "-0.12820", "0.65800"], ["-1.07620", "-0.00900", "1.84030"], ["-1.62810", "0.40320", "-0.44820"], ["1.29370", "0.82980", "-0.97860"], ["2.54880", "-0.24010", "-0.33210"], ["1.75870", "0.94820", "0.72300"], ["0.36260", "-1.46660", "-0.57720"], ["0.89640", "-1.39630", "1.10010"], ["-2.58690", "0.72800", "-0.03400"], ["-1.81670", "-0.38620", "-1.18000"], ["-1.14210", "1.25530", "-0.92840"]], "bond_dist": [[0.0, 1.5153795729123447, 2.4996398560592685, 3.3141201139970775, 3.246708063562229, 1.0946200482359165, 1.0942542026421467, 1.095023876452016, 2.1645562131762714, 2.153656653229572, 4.211375216007236, 3.6347615231263797, 3.03268697692327], [1.5153795729123447, 0.0, 1.5130620410280606, 2.3960154214862643, 2.5789805699151747, 2.167442137635974, 2.1561934537513094, 2.1645510712385603, 1.094830164911435, 1.0957284745775298, 3.4938502114429575, 2.797425005250364, 2.9041347919819422], [2.4996398560592685, 1.5130620410280606, 0.0, 1.2309653203888404, 1.5061681977787211, 2.791591932930026, 3.450688816743695, 2.735150255470437, 2.136782593059013, 2.128455240309272, 2.137326938023287, 2.138276698652445, 2.1402478945206322], [3.3141201139970775, 2.3960154214862643, 1.2309653203888404, 0.0, 2.3899235761839748, 3.777063496951038, 4.2324170363989415, 3.1939394390000575, 3.168445904540584, 2.5226272197849604, 2.5176147401856386, 3.132544042786948, 3.044420632895527], [3.246708063562229, 2.5789805699151747, 1.5061681977787211, 2.3899235761839748, 0.0, 3.0000378264281937, 4.227742625799257, 3.624796363935497, 2.7341688920035647, 3.4653330850006325, 1.093779740167096, 1.0928190884130822, 1.0921824252385681], [1.0946200482359165, 2.167442137635974, 2.791591932930026, 3.777063496951038, 3.0000378264281937, 0.0, 1.7714187167352613, 1.7679610063573235, 2.510283276843472, 3.07154068669129, 3.995208224861378, 3.345714590337915, 2.473194680974387], [1.0942542026421467, 2.1561934537513094, 3.450688816743695, 4.2324170363989415, 4.227742625799257, 1.7714187167352613, 0.0, 1.7746974136454925, 2.51869940643976, 2.4735442264087375, 5.234643799725059, 4.449479730260607, 4.026727909854352], [1.095023876452016, 2.1645510712385603, 2.735150255470437, 3.1939394390000575, 3.624796363935497, 1.7679610063573235, 1.7746974136454925, 0.0, 3.0774785604452224, 2.5263503221049923, 4.416534433240615, 4.264448090902269, 3.352025210227393], [2.1645562131762714, 1.094830164911435, 2.136782593059013, 3.168445904540584, 2.7341688920035647, 2.510283276843472, 2.51869940643976, 3.0774785604452224, 0.0, 1.761595816298393, 3.716299994618303, 2.505988924556531, 3.1298886785315543], [2.153656653229572, 1.0957284745775298, 2.128455240309272, 2.5226272197849604, 3.4653330850006325, 3.07154068669129, 2.4735442264087375, 2.5263503221049923, 1.761595816298393, 0.0, 4.234644281400741, 3.6851146020171472, 3.911684683100109], [4.211375216007236, 3.4938502114429575, 2.137326938023287, 2.5176147401856386, 1.093779740167096, 3.995208224861378, 5.234643799725059, 4.416534433240615, 3.716299994618303, 4.234644281400741, 0.0, 1.7742507376354673, 1.779169382043205], [3.6347615231263797, 2.797425005250364, 2.138276698652445, 3.132544042786948, 1.0928190884130822, 3.345714590337915, 4.449479730260607, 4.264448090902269, 2.505988924556531, 3.6851146020171472, 1.7742507376354673, 0.0, 1.7924591961882983], [3.03268697692327, 2.9041347919819422, 2.1402478945206322, 3.044420632895527, 1.0921824252385681, 2.473194680974387, 4.026727909854352, 3.352025210227393, 3.1298886785315543, 3.911684683100109, 1.779169382043205, 1.7924591961882983, 0.0]]}