{"total energy": -39.77102457, "HOMO-LUMO gap/eV": 4.80485053, "electronic energy": -40.25420825, "dipole": [0.37401764, -0.66035807, 0.17117291], "partial charges": [-0.10010892, -0.05208372, -0.05837832, -0.05854273, -0.05854948, -0.05648471, -0.08814659, 0.35347864, -0.40477041, -0.27708546, 0.08175457, -0.11089029, 0.03279887, 0.03181986, 0.03114281, 0.02810034, 0.02965695, 0.02932259, 0.03225863, 0.03344268, 0.02807857, 0.02801133, 0.04012268, 0.05176879, 0.03580383, 0.06655219, 0.06893523, 0.05199128, 0.05526823, 0.0476997, 0.05687325, 0.05015959], "atomic dipole moments": [[0.07602496, -0.01474587, -0.06556635], [0.01218754, -0.01374428, 0.10947298], [-0.00714184, 0.01133877, -0.11046673], [0.01504104, -0.01516223, 0.10989626], [-0.00207412, 0.00811664, -0.11667679], [0.04129063, -0.02529288, 0.12485137], [-0.01867605, 0.09886048, 0.01139558], [0.11435348, -0.02898674, 0.10850665], [0.03752185, -0.17366749, 0.01338142], [-0.02165952, 0.22365561, 0.00481235], [-0.08168465, -0.1304237, -0.20010242], [-0.09876414, -0.04389273, 0.07716058], [0.02707959, 0.09134734, 0.08252463], [-0.02581868, -0.10497131, 0.06428439], [-0.10336228, 0.03343865, -0.0607691], [-0.03582855, -0.08521982, -0.08148392], [0.01522244, 0.10455425, -0.06434067], [-0.01840679, -0.10337111, 0.06545471], [0.03272305, 0.08652096, 0.08354198], [0.01869215, 0.10442788, -0.06597049], [-0.03235689, -0.08564549, -0.08244039], [-0.01958494, -0.10237375, 0.06476017], [0.03068026, 0.08854913, 0.0861683], [0.0163747, 0.10639993, -0.07109488], [-0.03175271, -0.08526138, -0.07954851], [-0.02760768, -0.10048781, 0.08199965], [0.07944317, -0.04028714, -0.0961905], [0.04174544, -0.05744118, 0.10012815], [-0.07439601, 0.09499735, 0.0482504], [0.07173512, 0.07944451, 0.07109276], [-0.0365429, 0.06281303, -0.10801314], [0.07344638, -0.09465032, -0.0448791]], "atomic quadrupole moments": [[0.0874308, -0.04316534, -0.1198757, -0.16518267, 0.02903352, 0.03244489], [0.19704954, -0.11271847, -0.20506095, -0.04215091, -0.0101512, 0.00801141], [0.20275212, -0.117214, -0.21136553, -0.03468594, -0.01577624, 0.0086134], [0.2034268, -0.11739134, -0.21186355, -0.02624854, -0.01229436, 0.00843675], [0.19632707, -0.11583552, -0.21056113, -0.03821556, -0.02121796, 0.01423406], [0.21033264, -0.12482474, -0.20579801, 0.00015668, -0.0083175, -0.00453463], [0.06611437, -0.00321657, 0.01518913, 0.20265562, 0.084559, -0.0813035], [0.16911084, -0.00897146, -0.38662781, -0.28384158, -0.09628917, 0.21751697], [0.0354459, 0.01015875, -0.10112881, -0.15747576, -0.0225131, 0.06568291], [-0.00441838, 0.03982131, 0.01419936, 0.06059146, 0.03923085, -0.00978099], [0.03832253, 0.32842609, -0.03177126, 0.13106631, 0.20184456, -0.00655128], [0.11335471, 0.12263858, -0.08134578, -0.15441229, -0.06566123, -0.03200893], [-0.0231487, 0.0335419, 0.01779686, 0.01399758, 0.05703691, 0.00535183], [-0.04049056, 0.0065993, 0.05474535, -0.0176433, -0.04781412, -0.01425478], [0.04218385, -0.03049115, -0.0451473, 0.04653516, -0.0179465, 0.00296346], [-0.01309687, 0.01321559, 0.0205597, 0.01056387, 0.04441368, -0.00746283], [-0.01476003, 0.01202384, 0.03699155, -0.01138497, -0.03493016, -0.02223152], [-0.01870482, 0.01130578, 0.04000659, -0.00895411, -0.0344986, -0.02130177], [-0.01441526, 0.01597697, 0.02158519, 0.01243378, 0.04155344, -0.00716994], [-0.01789478, 0.01117075, 0.0388659, -0.00893164, -0.03310503, -0.02097111], [-0.01476748, 0.0160379, 0.02165318, 0.01281727, 0.04270803, -0.00688569], [-0.02055572, 0.01038026, 0.0416291, -0.00913458, -0.03482413, -0.02107338], [-0.0111855, 0.01759118, 0.02016478, 0.01422485, 0.03842048, -0.00897929], [-0.01477879, 0.01172866, 0.03730477, -0.01202323, -0.03117903, -0.02252597], [-0.00542555, 0.01716482, 0.0162872, 0.01184611, 0.04918749, -0.01086165], [-0.01130119, 0.01964454, 0.00998919, 0.00675632, -0.05161517, 0.001312], [0.02271986, -0.02502853, -0.04574029, -0.02929611, 0.02416306, 0.02302043], [-0.00889575, -0.00652962, -0.00185072, 0.02809089, -0.04040535, 0.01074647], [0.01531076, -0.02012887, 0.01755565, 0.00077438, 0.01035241, -0.03286641], [-0.00730656, 0.04726243, -0.00052028, 0.03527122, 0.04791724, 0.00782684], [-0.00857711, -0.0284282, -0.01791036, 0.03239171, -0.04880376, 0.02648747], [-0.00929888, -0.05187921, 0.04333392, -0.02514122, 0.01585537, -0.03403503]], "number of molecular orbitals": 68, "number of electrons": 72, "number of unpaired electrons": 0, "orbital energies/eV": [-20.01301041, -19.27346531, -18.26858224, -17.27197472, -16.89543793, -16.80861723, -16.5899053, -16.19936803, -16.10923356, -15.70184645, -15.53505871, -15.24870723, -15.07942646, -15.01713003, -14.89241054, -14.17931276, -13.97798713, -13.947047, -13.60156062, -13.5162122, -13.41843845, -13.30514463, -13.07010304, -12.8760207, -12.69408455, -12.61783194, -12.34526413, -12.20661918, -12.07129718, -12.024471, -11.94017854, -11.70171505, -11.52421947, -11.38777564, -11.34028028, -11.18766391, -6.38281338, -0.0596122, 1.43787375, 2.5935301, 2.78473819, 2.98044066, 3.12606076, 3.26947049, 3.42020664, 3.64731134, 3.79236695, 3.89008502, 3.99527273, 4.09716525, 4.47991481, 4.56641819, 4.77671178, 4.87527259, 4.94831084, 5.37832769, 5.7600376, 5.96832386, 6.13564366, 6.39290456, 6.84660285, 7.00112311, 7.15181353, 7.39559429, 7.46236049, 7.9282582, 8.53219982, 16.29169368], "fractional occupation": [2.0, 2.0, 2.0, 2.0, 2.0, 2.0, 2.0, 2.0, 2.0, 2.0, 2.0, 2.0, 2.0, 2.0, 2.0, 2.0, 2.0, 2.0, 2.0, 2.0, 2.0, 2.0, 2.0, 2.0, 2.0, 2.0, 2.0, 2.0, 2.0, 2.0, 2.0, 2.0, 2.0, 2.0, 2.0, 2.0, 0.0, 0.0, 0.0, 0.0, 0.0, 0.0, 0.0, 0.0, 0.0, 0.0, 0.0, 0.0, 0.0, 0.0, 0.0, 0.0, 0.0, 0.0, 0.0, 0.0, 0.0, 0.0, 0.0, 0.0, 0.0, 0.0, 0.0, 0.0, 0.0, 0.0, 0.0, 0.0], "program call": "xtb /home/svss/Project-DBcg-Debug/aqme2_20220329/End-to-End-workflows-final/example-3/QDESCP/mol_565_rdkit_conf_5/mol_565_rdkit_conf_5.xyz --pop --wbo --acc 0.2 --gfn 2 --chrg 0 --uhf 0 --etemp 300 --input /home/svss/Project-DBcg-Debug/aqme2_20220329/End-to-End-workflows-final/example-3/QDESCP/mol_565_rdkit_conf_5/mol_565_rdkit_conf_5_xtb.inp", "method": "GFN2-xTB", "xtb version": "6.3.3 (7355c4f)", "Dipole module/D": 1.977, "Total charge": 0, "Transition dipole module/D": NaN, "HOMO": -11.1877, "LUMO": -6.3828, "HOMO occupancy": 2.0, "LUMO occupancy": 0, "mulliken charges": [-0.08344, -0.03847, -0.04639, -0.04456, -0.04738, -0.0393, -0.07816, 0.57405, -0.52867, -0.42332, 0.20462, -0.0983, 0.02717, 0.02607, 0.02778, 0.02119, 0.02293, 0.02156, 0.02522, 0.02667, 0.02029, 0.01937, 0.03585, 0.04083, 0.02467, 0.05283, 0.05856, 0.03111, 0.04364, 0.03418, 0.05066, 0.03875], "cm5 charges": [-0.23376, -0.15098, -0.15704, -0.15526, -0.15736, -0.14771, -0.17681, 0.62322, -0.5806, -0.50627, 0.12201, -0.24483, 0.07845, 0.07736, 0.07855, 0.0759, 0.07763, 0.07691, 0.08056, 0.08206, 0.07564, 0.0749, 0.09388, 0.09879, 0.07969, 0.11229, 0.11645, 0.09367, 0.10954, 0.08544, 0.1056, 0.09205], "FUKUI+": [0.005, 0.002, 0.002, 0.005, 0.007, 0.02, 0.028, -0.19, -0.28, -0.121, 0.03, 0.019, -0.004, -0.006, -0.012, -0.008, -0.005, -0.008, -0.002, -0.009, -0.017, -0.018, 0.012, -0.023, -0.054, -0.091, -0.099, -0.067, -0.032, -0.051, -0.005, -0.032], "FUKUI-": [0.018, 0.008, 0.012, 0.013, 0.01, 0.011, -0.001, -0.01, -0.083, -0.046, 0.011, 0.01, -0.054, -0.055, -0.042, -0.073, -0.073, -0.06, -0.058, -0.043, -0.048, -0.041, -0.044, -0.035, -0.059, -0.037, -0.043, -0.056, -0.026, -0.035, -0.036, -0.033], "FUKUIrad": [0.011, 0.005, 0.007, 0.009, 0.008, 0.015, 0.013, -0.1, -0.182, -0.083, 0.02, 0.015, -0.029, -0.03, -0.027, -0.04, -0.039, -0.034, -0.03, -0.026, -0.032, -0.029, -0.016, -0.029, -0.057, -0.064, -0.071, -0.061, -0.029, -0.043, -0.021, -0.032], "s proportion": [1.007, 1.027, 1.032, 1.032, 1.033, 1.03, 1.039, 0.991, 1.731, 1.699, 0.993, 1.012, 0.973, 0.974, 0.972, 0.979, 0.977, 0.978, 0.975, 0.973, 0.98, 0.981, 0.964, 0.959, 0.975, 0.947, 0.941, 0.969, 0.956, 0.966, 0.949, 0.961], "p proportion": [3.076, 3.011, 3.014, 3.012, 3.015, 3.009, 3.039, 2.435, 4.798, 4.725, 2.803, 3.086, 0.0, 0.0, 0.0, 0.0, 0.0, 0.0, 0.0, 0.0, 0.0, 0.0, 0.0, 0.0, 0.0, 0.0, 0.0, 0.0, 0.0, 0.0, 0.0, 0.0], "d proportion": [0.0, 0.0, 0.0, 0.0, 0.0, 0.0, 0.0, 0.0, 0.0, 0.0, 0.0, 0.0, 0.0, 0.0, 0.0, 0.0, 0.0, 0.0, 0.0, 0.0, 0.0, 0.0, 0.0, 0.0, 0.0, 0.0, 0.0, 0.0, 0.0, 0.0, 0.0, 0.0], "Fermi-level/eV": -8.7852, "Coordination numbers": [3.75, 3.8, 3.802, 3.802, 3.801, 3.801, 3.802, 2.711, 0.856, 1.702, 3.695, 3.748, 0.924, 0.924, 0.924, 0.924, 0.924, 0.924, 0.924, 0.924, 0.924, 0.924, 0.924, 0.924, 0.924, 0.924, 0.924, 0.924, 0.924, 0.924, 0.924, 0.924], "Dispersion coefficient C6": [22.475, 21.509, 21.623, 21.627, 21.628, 21.589, 22.18, 20.998, 21.777, 18.598, 19.385, 22.688, 2.547, 2.561, 2.57, 2.614, 2.591, 2.596, 2.555, 2.538, 2.614, 2.615, 2.447, 2.298, 2.506, 2.124, 2.097, 2.295, 2.255, 2.349, 2.236, 2.318], "Total dispersion C6": 7468.774138, "Total dispersion C8": 158200.180159, "Polarizability alpha": [6.761, 6.603, 6.62, 6.621, 6.621, 6.615, 6.705, 7.501, 6.257, 5.823, 6.299, 6.794, 2.496, 2.503, 2.507, 2.528, 2.517, 2.52, 2.5, 2.491, 2.528, 2.529, 2.446, 2.371, 2.475, 2.279, 2.265, 2.369, 2.349, 2.397, 2.338, 2.381], "Total polarizability alpha": 128.009844, "Wiberg matrix": [[0.0, 1.020113741893154, 0.0, 0.0, 0.0, 0.0, 0.0, 0.0, 0.0, 0.0, 0.0, 0.0, 0.9876832809202709, 0.9877369552742362, 0.9874128340410487, 0.0, 0.0, 0.0, 0.0, 0.0, 0.0, 0.0, 0.0, 0.0, 0.0, 0.0, 0.0, 0.0, 0.0, 0.0, 0.0, 0.0], [1.020113741893154, 0.0, 1.0077558478041222, 0.0, 0.0, 0.0, 0.0, 0.0, 0.0, 0.0, 0.0, 0.0, 0.0, 0.0, 0.0, 0.9780972295392766, 0.9780287613813218, 0.0, 0.0, 0.0, 0.0, 0.0, 0.0, 0.0, 0.0, 0.0, 0.0, 0.0, 0.0, 0.0, 0.0, 0.0], [0.0, 1.0077558478041222, 0.0, 1.0072155136899688, 0.0, 0.0, 0.0, 0.0, 0.0, 0.0, 0.0, 0.0, 0.0, 0.0, 0.0, 0.0, 0.0, 0.9772166641756866, 0.977061409775637, 0.0, 0.0, 0.0, 0.0, 0.0, 0.0, 0.0, 0.0, 0.0, 0.0, 0.0, 0.0, 0.0], [0.0, 0.0, 1.0072155136899688, 0.0, 1.0071467826933478, 0.0, 0.0, 0.0, 0.0, 0.0, 0.0, 0.0, 0.0, 0.0, 0.0, 0.0, 0.0, 0.0, 0.0, 0.9770886286934255, 0.9772537150187014, 0.0, 0.0, 0.0, 0.0, 0.0, 0.0, 0.0, 0.0, 0.0, 0.0, 0.0], [0.0, 0.0, 0.0, 1.0071467826933478, 0.0, 1.0077700402722167, 0.0, 0.0, 0.0, 0.0, 0.0, 0.0, 0.0, 0.0, 0.0, 0.0, 0.0, 0.0, 0.0, 0.0, 0.0, 0.9770697314799806, 0.97648167295684, 0.0, 0.0, 0.0, 0.0, 0.0, 0.0, 0.0, 0.0, 0.0], [0.0, 0.0, 0.0, 0.0, 1.0077700402722167, 0.0, 1.005199090161329, 0.0, 0.0, 0.0, 0.0, 0.0, 0.0, 0.0, 0.0, 0.0, 0.0, 0.0, 0.0, 0.0, 0.0, 0.0, 0.0, 0.9747986920437325, 0.9767622473668196, 0.0, 0.0, 0.0, 0.0, 0.0, 0.0, 0.0], [0.0, 0.0, 0.0, 0.0, 0.0, 1.005199090161329, 0.0, 0.9783033378911655, 0.0, 0.0, 0.0, 0.0, 0.0, 0.0, 0.0, 0.0, 0.0, 0.0, 0.0, 0.0, 0.0, 0.0, 0.0, 0.0, 0.0, 0.9604216424469716, 0.9473042566405325, 0.0, 0.0, 0.0, 0.0, 0.0], [0.0, 0.0, 0.0, 0.0, 0.0, 0.0, 0.9783033378911655, 0.0, 1.7604562324885311, 1.1154138399640414, 0.0, 0.0, 0.0, 0.0, 0.0, 0.0, 0.0, 0.0, 0.0, 0.0, 0.0, 0.0, 0.0, 0.0, 0.0, 0.0, 0.0, 0.0, 0.0, 0.0, 0.0, 0.0], [0.0, 0.0, 0.0, 0.0, 0.0, 0.0, 0.0, 1.7604562324885311, 0.0, 0.16959794317962906, 0.0, 0.0, 0.0, 0.0, 0.0, 0.0, 0.0, 0.0, 0.0, 0.0, 0.0, 0.0, 0.0, 0.0, 0.0, 0.0, 0.0, 0.0, 0.0, 0.0, 0.0, 0.0], [0.0, 0.0, 0.0, 0.0, 0.0, 0.0, 0.0, 1.1154138399640414, 0.16959794317962906, 0.0, 0.9423708355620767, 0.0, 0.0, 0.0, 0.0, 0.0, 0.0, 0.0, 0.0, 0.0, 0.0, 0.0, 0.0, 0.0, 0.0, 0.0, 0.0, 0.0, 0.0, 0.0, 0.0, 0.0], [0.0, 0.0, 0.0, 0.0, 0.0, 0.0, 0.0, 0.0, 0.0, 0.9423708355620767, 0.0, 1.014779876209495, 0.0, 0.0, 0.0, 0.0, 0.0, 0.0, 0.0, 0.0, 0.0, 0.0, 0.0, 0.0, 0.0, 0.0, 0.0, 0.9716874505593385, 0.9690832024654138, 0.0, 0.0, 0.0], [0.0, 0.0, 0.0, 0.0, 0.0, 0.0, 0.0, 0.0, 0.0, 0.0, 1.014779876209495, 0.0, 0.0, 0.0, 0.0, 0.0, 0.0, 0.0, 0.0, 0.0, 0.0, 0.0, 0.0, 0.0, 0.0, 0.0, 0.0, 0.0, 0.0, 0.9837981232859055, 0.9846701499219006, 0.9858118587692525], [0.9876832809202709, 0.0, 0.0, 0.0, 0.0, 0.0, 0.0, 0.0, 0.0, 0.0, 0.0, 0.0, 0.0, 0.0, 0.0, 0.0, 0.0, 0.0, 0.0, 0.0, 0.0, 0.0, 0.0, 0.0, 0.0, 0.0, 0.0, 0.0, 0.0, 0.0, 0.0, 0.0], [0.9877369552742362, 0.0, 0.0, 0.0, 0.0, 0.0, 0.0, 0.0, 0.0, 0.0, 0.0, 0.0, 0.0, 0.0, 0.0, 0.0, 0.0, 0.0, 0.0, 0.0, 0.0, 0.0, 0.0, 0.0, 0.0, 0.0, 0.0, 0.0, 0.0, 0.0, 0.0, 0.0], [0.9874128340410487, 0.0, 0.0, 0.0, 0.0, 0.0, 0.0, 0.0, 0.0, 0.0, 0.0, 0.0, 0.0, 0.0, 0.0, 0.0, 0.0, 0.0, 0.0, 0.0, 0.0, 0.0, 0.0, 0.0, 0.0, 0.0, 0.0, 0.0, 0.0, 0.0, 0.0, 0.0], [0.0, 0.9780972295392766, 0.0, 0.0, 0.0, 0.0, 0.0, 0.0, 0.0, 0.0, 0.0, 0.0, 0.0, 0.0, 0.0, 0.0, 0.0, 0.0, 0.0, 0.0, 0.0, 0.0, 0.0, 0.0, 0.0, 0.0, 0.0, 0.0, 0.0, 0.0, 0.0, 0.0], [0.0, 0.9780287613813218, 0.0, 0.0, 0.0, 0.0, 0.0, 0.0, 0.0, 0.0, 0.0, 0.0, 0.0, 0.0, 0.0, 0.0, 0.0, 0.0, 0.0, 0.0, 0.0, 0.0, 0.0, 0.0, 0.0, 0.0, 0.0, 0.0, 0.0, 0.0, 0.0, 0.0], [0.0, 0.0, 0.9772166641756866, 0.0, 0.0, 0.0, 0.0, 0.0, 0.0, 0.0, 0.0, 0.0, 0.0, 0.0, 0.0, 0.0, 0.0, 0.0, 0.0, 0.0, 0.0, 0.0, 0.0, 0.0, 0.0, 0.0, 0.0, 0.0, 0.0, 0.0, 0.0, 0.0], [0.0, 0.0, 0.977061409775637, 0.0, 0.0, 0.0, 0.0, 0.0, 0.0, 0.0, 0.0, 0.0, 0.0, 0.0, 0.0, 0.0, 0.0, 0.0, 0.0, 0.0, 0.0, 0.0, 0.0, 0.0, 0.0, 0.0, 0.0, 0.0, 0.0, 0.0, 0.0, 0.0], [0.0, 0.0, 0.0, 0.9770886286934255, 0.0, 0.0, 0.0, 0.0, 0.0, 0.0, 0.0, 0.0, 0.0, 0.0, 0.0, 0.0, 0.0, 0.0, 0.0, 0.0, 0.0, 0.0, 0.0, 0.0, 0.0, 0.0, 0.0, 0.0, 0.0, 0.0, 0.0, 0.0], [0.0, 0.0, 0.0, 0.9772537150187014, 0.0, 0.0, 0.0, 0.0, 0.0, 0.0, 0.0, 0.0, 0.0, 0.0, 0.0, 0.0, 0.0, 0.0, 0.0, 0.0, 0.0, 0.0, 0.0, 0.0, 0.0, 0.0, 0.0, 0.0, 0.0, 0.0, 0.0, 0.0], [0.0, 0.0, 0.0, 0.0, 0.9770697314799806, 0.0, 0.0, 0.0, 0.0, 0.0, 0.0, 0.0, 0.0, 0.0, 0.0, 0.0, 0.0, 0.0, 0.0, 0.0, 0.0, 0.0, 0.0, 0.0, 0.0, 0.0, 0.0, 0.0, 0.0, 0.0, 0.0, 0.0], [0.0, 0.0, 0.0, 0.0, 0.97648167295684, 0.0, 0.0, 0.0, 0.0, 0.0, 0.0, 0.0, 0.0, 0.0, 0.0, 0.0, 0.0, 0.0, 0.0, 0.0, 0.0, 0.0, 0.0, 0.0, 0.0, 0.0, 0.0, 0.0, 0.0, 0.0, 0.0, 0.0], [0.0, 0.0, 0.0, 0.0, 0.0, 0.9747986920437325, 0.0, 0.0, 0.0, 0.0, 0.0, 0.0, 0.0, 0.0, 0.0, 0.0, 0.0, 0.0, 0.0, 0.0, 0.0, 0.0, 0.0, 0.0, 0.0, 0.0, 0.0, 0.0, 0.0, 0.0, 0.0, 0.0], [0.0, 0.0, 0.0, 0.0, 0.0, 0.9767622473668196, 0.0, 0.0, 0.0, 0.0, 0.0, 0.0, 0.0, 0.0, 0.0, 0.0, 0.0, 0.0, 0.0, 0.0, 0.0, 0.0, 0.0, 0.0, 0.0, 0.0, 0.0, 0.0, 0.0, 0.0, 0.0, 0.0], [0.0, 0.0, 0.0, 0.0, 0.0, 0.0, 0.9604216424469716, 0.0, 0.0, 0.0, 0.0, 0.0, 0.0, 0.0, 0.0, 0.0, 0.0, 0.0, 0.0, 0.0, 0.0, 0.0, 0.0, 0.0, 0.0, 0.0, 0.0, 0.0, 0.0, 0.0, 0.0, 0.0], [0.0, 0.0, 0.0, 0.0, 0.0, 0.0, 0.9473042566405325, 0.0, 0.0, 0.0, 0.0, 0.0, 0.0, 0.0, 0.0, 0.0, 0.0, 0.0, 0.0, 0.0, 0.0, 0.0, 0.0, 0.0, 0.0, 0.0, 0.0, 0.0, 0.0, 0.0, 0.0, 0.0], [0.0, 0.0, 0.0, 0.0, 0.0, 0.0, 0.0, 0.0, 0.0, 0.0, 0.9716874505593385, 0.0, 0.0, 0.0, 0.0, 0.0, 0.0, 0.0, 0.0, 0.0, 0.0, 0.0, 0.0, 0.0, 0.0, 0.0, 0.0, 0.0, 0.0, 0.0, 0.0, 0.0], [0.0, 0.0, 0.0, 0.0, 0.0, 0.0, 0.0, 0.0, 0.0, 0.0, 0.9690832024654138, 0.0, 0.0, 0.0, 0.0, 0.0, 0.0, 0.0, 0.0, 0.0, 0.0, 0.0, 0.0, 0.0, 0.0, 0.0, 0.0, 0.0, 0.0, 0.0, 0.0, 0.0], [0.0, 0.0, 0.0, 0.0, 0.0, 0.0, 0.0, 0.0, 0.0, 0.0, 0.0, 0.9837981232859055, 0.0, 0.0, 0.0, 0.0, 0.0, 0.0, 0.0, 0.0, 0.0, 0.0, 0.0, 0.0, 0.0, 0.0, 0.0, 0.0, 0.0, 0.0, 0.0, 0.0], [0.0, 0.0, 0.0, 0.0, 0.0, 0.0, 0.0, 0.0, 0.0, 0.0, 0.0, 0.9846701499219006, 0.0, 0.0, 0.0, 0.0, 0.0, 0.0, 0.0, 0.0, 0.0, 0.0, 0.0, 0.0, 0.0, 0.0, 0.0, 0.0, 0.0, 0.0, 0.0, 0.0], [0.0, 0.0, 0.0, 0.0, 0.0, 0.0, 0.0, 0.0, 0.0, 0.0, 0.0, 0.9858118587692525, 0.0, 0.0, 0.0, 0.0, 0.0, 0.0, 0.0, 0.0, 0.0, 0.0, 0.0, 0.0, 0.0, 0.0, 0.0, 0.0, 0.0, 0.0, 0.0, 0.0]], "Born radii": [], "Atomic SASAs": [], "Solvent H bonds": [], "Total SASA": NaN, "Total FOD": 0.0, "FOD": [0.0, 0.0, 0.0, 0.0, 0.0, 0.0, 0.0, 0.0, 0.0, 0.0, 0.0, 0.0, 0.0, 0.0, 0.0, 0.0, 0.0, 0.0, 0.0, 0.0, 0.0, 0.0, 0.0, 0.0, 0.0, 0.0, 0.0, 0.0, 0.0, 0.0, 0.0, 0.0], "FOD s proportion": [0.0, 0.0, 0.0, 0.0, 0.0, 0.0, 0.0, 0.0, 0.0, 0.0, 0.0, 0.0, 0.0, 0.0, 0.0, 0.0, 0.0, 0.0, 0.0, 0.0, 0.0, 0.0, 0.0, 0.0, 0.0, 0.0, 0.0, 0.0, 0.0, 0.0, 0.0, 0.0], "FOD p proportion": [0.0, 0.0, 0.0, 0.0, 0.0, 0.0, 0.0, 0.0, 0.0, 0.0, 0.0, 0.0, 0.0, 0.0, 0.0, 0.0, 0.0, 0.0, 0.0, 0.0, 0.0, 0.0, 0.0, 0.0, 0.0, 0.0, 0.0, 0.0, 0.0, 0.0, 0.0, 0.0], "FOD d proportion": [0.0, 0.0, 0.0, 0.0, 0.0, 0.0, 0.0, 0.0, 0.0, 0.0, 0.0, 0.0, 0.0, 0.0, 0.0, 0.0, 0.0, 0.0, 0.0, 0.0, 0.0, 0.0, 0.0, 0.0, 0.0, 0.0, 0.0, 0.0, 0.0, 0.0, 0.0, 0.0], "coordinates": [["-5.40020", "0.56000", "0.30850"], ["-4.26930", "0.34680", "-0.68500"], ["-2.97660", "-0.06620", "0.01820"], ["-1.84150", "-0.27960", "-0.98460"], ["-0.54730", "-0.69290", "-0.28080"], ["0.58710", "-0.90850", "-1.28740"], ["1.88800", "-1.34750", "-0.61560"], ["2.56400", "-0.23570", "0.15470"], ["2.30960", "0.95530", "0.05060"], ["3.52660", "-0.76720", "0.96130"], ["4.26700", "0.17330", "1.75310"], ["5.44630", "0.70890", "0.96310"], ["-5.14980", "1.34930", "1.02460"], ["-5.60970", "-0.35760", "0.86750"], ["-6.31470", "0.85470", "-0.21570"], ["-4.56440", "-0.42490", "-1.40540"], ["-4.10710", "1.27260", "-1.24920"], ["-3.14530", "-0.99030", "0.58430"], ["-2.68820", "0.70710", "0.74070"], ["-1.67250", "0.64490", "-1.55020"], ["-2.13010", "-1.05280", "-1.70700"], ["-0.71690", "-1.61800", "0.28340"], ["-0.26590", "0.07940", "0.44430"], ["0.75000", "0.00850", "-1.86640"], ["0.28560", "-1.68630", "-1.99980"], ["1.68900", "-2.18440", "0.06330"], ["2.59350", "-1.68350", "-1.38390"], ["4.62910", "-0.36610", "2.63450"], ["3.62390", "0.98410", "2.11430"], ["6.05080", "1.38210", "1.57730"], ["5.11000", "1.25330", "0.07510"], ["6.07880", "-0.11310", "0.61210"]], "bond_dist": [[0.0, 1.52033920557223, 2.519967755746093, 3.878321990242687, 5.0465504366844485, 6.367978513625811, 7.59014995240542, 8.005327886476605, 7.72423397755402, 9.048500755373787, 9.782185946402778, 10.86725515574195, 1.0947574434549416, 1.094696766232549, 1.0945062722524712, 2.1461693456016, 2.1462375590786777, 2.750285392463844, 2.7501598589900187, 4.166259832271626, 4.166163474949104, 5.165037550686344, 5.158532203059315, 6.546701635174769, 6.534709956838175, 7.605827439536083, 8.473296271227627, 10.337059335226822, 9.212771312694134, 11.550372411745, 10.535627389481844, 11.502724788935879], [1.52033920557223, 0.0, 1.5284412092062951, 2.5251435523549945, 3.8855678774150895, 5.052057482847954, 6.386533656061009, 6.909297448366224, 6.647804511265355, 8.04533134805522, 8.879349725627435, 9.861046261933874, 2.168644429130788, 2.168664974125787, 2.1591354890325896, 1.0961665293193363, 1.096237255342109, 2.159244057534951, 2.1592391692445747, 2.7533261503134714, 2.753096583848812, 4.173461795679937, 4.1682169821159745, 5.167545388286396, 5.158421140232736, 6.5167680041566625, 7.190869428657428, 9.524118290949563, 8.399097452702879, 10.615757692694384, 9.453611095766528, 10.439212136459341], [2.519967755746093, 1.5284412092062951, 0.0, 1.5295749115358817, 2.5265890801632147, 3.8876751844772217, 5.070282565104236, 5.5448724836555074, 5.384089751295013, 6.608513361566276, 7.45231368234054, 8.511102186556098, 2.781956047460132, 2.781984913690224, 3.470688351033553, 2.1625012115603544, 2.1625721837663594, 1.0967632880435048, 1.0968927477196664, 2.1601431850689896, 2.1601520432599184, 2.7540258477363646, 2.7478455305930134, 4.176702624080388, 4.1640121097326315, 5.124122228245536, 5.967206859997398, 8.048704131100857, 7.00452464839692, 9.274821640333576, 8.193742577113342, 9.074975811538012], [3.878321990242687, 2.5251435523549945, 1.5295749115358817, 0.0, 1.5300669821939168, 2.5269153151619466, 3.8968887153728162, 4.550644124736629, 4.4528921231038145, 5.730687409028693, 6.70923929741666, 7.608067848015026, 4.199410522918663, 4.199486831745041, 4.678393093787652, 2.759052217700854, 2.7590363100184097, 2.160193542254953, 2.16035595909563, 1.0968886041891401, 1.096808989751634, 2.1595980459335484, 2.157116494304376, 2.752534304963337, 2.7448115308705625, 4.146177480523476, 4.669004251443771, 7.414447479077588, 6.408643854982113, 8.462445142510527, 7.196950656354399, 8.081356645390674], [5.0465504366844485, 3.8855678774150895, 2.5265890801632147, 1.5300669821939168, 0.0, 1.53185843993497, 2.5438707298131322, 3.1747251503082907, 3.3148554734709026, 4.2596941333856355, 5.297597204393705, 6.27977478975162, 5.20169743929806, 5.201818214816816, 5.971784199885325, 4.180148510519692, 4.180091488233242, 2.754350879971541, 2.7544355247491272, 2.160361136476955, 2.160747622930545, 1.0967660689499836, 1.0960854255029577, 2.1654275813335344, 2.153027396481522, 2.7099842711720674, 3.4731459240866918, 5.949864644678902, 5.0938926618059, 7.161919031935504, 5.993279781555339, 6.711083344736526], [6.367978513625811, 5.052057482847954, 3.8876751844772217, 2.5269153151619466, 1.53185843993497, 0.0, 1.5285211971052282, 2.537803353295917, 2.8689720615579373, 3.703684331851191, 4.894547527606613, 5.593975120609672, 6.584453390373419, 6.583875383085558, 7.20362813934756, 5.175494682636627, 5.1763085389107175, 4.176213822351533, 4.177432591915757, 2.7546156828131214, 2.753191328258899, 2.1613002776106796, 2.168488021640885, 1.096661483777013, 1.0969908158229948, 2.1602071451599265, 2.153039295972092, 5.65802627865937, 4.937170433558072, 6.580681738239587, 5.194844550128521, 5.865111277716733], [7.59014995240542, 6.386533656061009, 5.070282565104236, 3.8968887153728162, 2.5438707298131322, 1.5285211971052282, 0.0, 1.512096997550091, 2.43402071478449, 2.3469920451505586, 3.685541117665085, 4.4025644276943865, 7.713210428868124, 7.706814705830159, 8.502581498580298, 6.565701833010695, 6.573248586505762, 5.186661810837488, 5.1963965678150466, 4.185725166563137, 4.174102257971168, 2.768912288246054, 2.7926182750243544, 2.167551761781019, 2.1444068737065733, 1.0958593979156268, 1.0958609127074477, 4.363476272423171, 3.98773888061894, 5.439524833108127, 4.197917475367995, 4.538038705211758], [8.005327886476605, 6.909297448366224, 5.5448724836555074, 4.550644124736629, 3.1747251503082907, 2.537803353295917, 1.512096997550091, 0.0, 1.222308132182716, 1.3637061890304671, 2.3711542674402275, 3.139017841618617, 7.922856899502856, 8.20562704124432, 8.95307109376442, 7.299575002012103, 6.982082734399529, 5.774953143532855, 5.368228076376785, 4.650814188935095, 5.115481806242693, 3.562530251099631, 2.8620779479252487, 2.7267333661361173, 3.455027810307755, 2.138085744304938, 2.1128854796225944, 3.2297136421051325, 2.5399472848860465, 4.0986390228952825, 2.9505208285995885, 3.5465567188471696], [7.72423397755402, 6.647804511265355, 5.384089751295013, 4.4528921231038145, 3.3148554734709026, 2.8689720615579373, 2.43402071478449, 1.222308132182716, 0.0, 2.29727441547587, 2.709510105166615, 3.276012225251914, 7.5330312862751345, 8.068850259485549, 8.628996844361458, 7.1607795692927185, 6.554708095712578, 5.8160234748494615, 5.051321222215035, 4.3030255878858075, 5.180015391869024, 3.97941842233259, 2.7487089242042346, 2.646445049495644, 3.9088063037198455, 3.200472112048471, 3.016894910334133, 3.7152008586346983, 2.446849325152654, 4.063194380041398, 2.816317526487381, 3.957730340738237], [9.048500755373787, 8.04533134805522, 6.608513361566276, 5.730687409028693, 4.2596941333856355, 3.703684331851191, 2.3469920451505586, 1.3637061890304671, 2.29727441547587, 0.0, 1.4351584058911409, 2.4215950404640325, 8.931041154311183, 9.145958030190167, 10.043260143001376, 8.436985194961528, 8.20490523894091, 6.6862659399697835, 6.391084719357114, 5.94409786847424, 6.260962157687906, 4.380719267426298, 3.920086326855571, 4.038205707984674, 4.485191079541651, 2.4882993389059926, 2.685189814519637, 2.043522865054365, 2.0990302475190776, 3.372021964637834, 2.715681544290494, 2.657726902825044], [9.782185946402778, 8.879349725627435, 7.45231368234054, 6.70923929741666, 5.297597204393705, 4.894547527606613, 3.685541117665085, 2.3711542674402275, 2.709510105166615, 1.4351584058911409, 0.0, 1.5171406823363478, 9.517867959264827, 9.930525920614677, 10.784843730439492, 9.398275982859834, 8.96369436058593, 7.593566335392087, 7.048737705433506, 6.812624875919708, 7.375533989481711, 5.496183493115928, 4.718999582538656, 5.049478021538465, 5.778746968850601, 3.8807547371613174, 4.011119231586117, 1.09495878004608, 1.096102043607255, 2.161954097570066, 2.166271681945734, 2.1602141560502743], [10.86725515574195, 9.861046261933874, 8.511102186556098, 7.608067848015026, 6.27977478975162, 5.593975120609672, 4.4025644276943865, 3.139017841618617, 3.276012225251914, 2.4215950404640325, 1.5171406823363478, 0.0, 10.615612540970021, 11.107731434005776, 11.82082687801492, 10.349367573914844, 9.822396883653195, 8.766205601056821, 8.137539877014428, 7.549707698315214, 8.224041455391625, 6.62280076251732, 5.770151863686085, 5.527374069121792, 6.41471620104896, 4.826813464388281, 4.401187862384426, 2.14872492422832, 2.173048144887729, 1.093553898991723, 1.0945378248374973, 1.0949617573230583], [1.0947574434549416, 2.168644429130788, 2.781956047460132, 4.199410522918663, 5.20169743929806, 6.584453390373419, 7.713210428868124, 7.922856899502856, 7.5330312862751345, 8.931041154311183, 9.517867959264827, 10.615612540970021, 0.0, 1.7747382990176324, 1.7719947121817268, 3.0651882160807027, 2.5026531161948915, 3.112171669429564, 2.5597840944110892, 4.383764328747612, 4.727611559762498, 5.385615019661172, 5.079554440105943, 6.70546535894415, 6.921375288192369, 7.757597490202749, 8.657796658503825, 10.05789542498827, 8.848651242986131, 11.214276324845931, 10.304089590546075, 11.330941177589795], [1.094696766232549, 2.168664974125787, 2.781984913690224, 4.199486831745041, 5.201818214816816, 6.583875383085558, 7.706814705830159, 8.20562704124432, 8.068850259485549, 9.145958030190167, 9.930525920614677, 11.107731434005776, 1.7747382990176324, 0.0, 1.7720097432012047, 2.502649753761001, 3.0652532831725345, 2.5600349392146975, 3.1120454013397683, 4.727771502515746, 4.383944508088578, 5.086184504124875, 5.378314390215581, 6.932100872751349, 6.688902381557082, 7.566700573565734, 8.609256821003774, 10.39015816482117, 9.413502965952684, 11.81091158124554, 10.868986367642568, 11.693846315904791], [1.0945062722524712, 2.1591354890325896, 3.470688351033553, 4.678393093787652, 5.971784199885325, 7.20362813934756, 8.502581498580298, 8.95307109376442, 8.628996844361458, 10.043260143001376, 10.784843730439492, 11.82082687801492, 1.7719947121817268, 1.7720097432012047, 0.0, 2.473117938958836, 2.4731074420655488, 3.7535478363809354, 3.7533969907272, 4.834762365411561, 4.834605371692709, 6.139927600550352, 6.133895298258685, 7.3041666889522725, 7.294083485949417, 8.565814818217822, 9.336122199285954, 11.374565975016365, 10.208888985585062, 12.505942188016062, 11.435349434538502, 12.458761251825962], [2.1461693456016, 1.0961665293193363, 2.1625012115603544, 2.759052217700854, 4.180148510519692, 5.175494682636627, 6.565701833010695, 7.299575002012103, 7.1607795692927185, 8.436985194961528, 9.398275982859834, 10.349367573914844, 3.0651882160807027, 2.502649753761001, 2.473117938958836, 0.0, 1.7649441860863477, 2.5084712595523193, 3.0671315019085825, 3.086830848945241, 2.532002657976488, 4.367927346007486, 4.706677260021128, 5.351934596012922, 5.04647811052421, 6.660175035237438, 7.267741645105445, 10.042145771696406, 9.023404345367663, 11.173370992229694, 9.929866607865385, 10.83721512797453], [2.1462375590786777, 1.096237255342109, 2.1625721837663594, 2.7590363100184097, 4.180091488233242, 5.1763085389107175, 6.573248586505762, 6.982082734399529, 6.554708095712578, 8.20490523894091, 8.96369436058593, 9.822396883653195, 2.5026531161948915, 3.0652532831725345, 2.4731074420655488, 1.7649441860863477, 0.0, 3.0671644722772857, 2.5085393100368187, 2.5321701068451143, 3.086356265890249, 4.711463377762794, 4.364227987857646, 5.056708915885904, 5.349233857292089, 6.875193121651202, 7.324937655707385, 9.69998215565369, 8.435918770353352, 10.544383571835766, 9.311770797759147, 10.446873263804822], [2.750285392463844, 2.159244057534951, 1.0967632880435048, 2.160193542254953, 2.754350879971541, 4.176213822351533, 5.186661810837488, 5.774953143532855, 5.8160234748494615, 6.6862659399697835, 7.593566335392087, 8.766205601056821, 3.112171669429564, 2.5600349392146975, 3.7535478363809354, 2.5084712595523193, 3.0671644722772857, 0.0, 1.764813908036765, 3.0657966550311193, 2.5069090490083603, 2.5261976684337277, 3.074866249123692, 4.709234971839906, 4.351214039782461, 5.006772643130503, 6.106403435738587, 8.06438100786415, 7.215346422729819, 9.548957323708175, 8.569889362763092, 9.265758117391151], [2.7501598589900187, 2.1592391692445747, 1.0968927477196664, 2.16035595909563, 2.7544355247491272, 4.177432591915757, 5.1963965678150466, 5.368228076376785, 5.051321222215035, 6.391084719357114, 7.048737705433506, 8.137539877014428, 2.5597840944110892, 3.1120454013397683, 3.7533969907272, 3.0671315019085825, 2.5085393100368187, 1.764813908036765, 0.0, 2.5067385463984873, 3.065935242303725, 3.082407661228476, 2.5198010913562205, 4.371067559532797, 4.699169102086027, 5.289567359434986, 6.174564633235287, 7.634206964053306, 6.465764639236414, 8.804864880280675, 7.845589910261688, 8.806222515925883], [4.166259832271626, 2.7533261503134714, 2.1601431850689896, 1.0968886041891401, 2.160361136476955, 2.7546156828131214, 4.185725166563137, 4.650814188935095, 4.3030255878858075, 5.94409786847424, 6.812624875919708, 7.549707698315214, 4.383764328747612, 4.727771502515746, 4.834762365411561, 3.086830848945241, 2.5321701068451143, 3.0657966550311193, 2.5067385463984873, 0.0, 1.7652674839808271, 3.06528575013815, 2.5052632715944245, 2.52457791521672, 3.077464737409675, 4.680598571764086, 4.862906358341687, 7.631775524083502, 6.4494550041069365, 8.365051283763895, 7.001003992285678, 8.08286811595983], [4.166163474949104, 2.753096583848812, 2.1601520432599184, 1.096808989751634, 2.160747622930545, 2.753191328258899, 4.174102257971168, 5.115481806242693, 5.180015391869024, 6.260962157687906, 7.375533989481711, 8.224041455391625, 4.727611559762498, 4.383944508088578, 4.834605371692709, 2.532002657976488, 3.086356265890249, 2.5069090490083603, 3.065935242303725, 1.7652674839808271, 0.0, 2.505649105521362, 3.0635290385436207, 3.0735552801275596, 2.51449012326555, 4.358899569845582, 4.776460306545005, 8.06268961203394, 7.2013756533040265, 9.145626786065568, 7.804679726292425, 8.581800516791334], [5.165037550686344, 4.173461795679937, 2.7540258477363646, 2.1595980459335484, 1.0967660689499836, 2.1613002776106796, 2.768912288246054, 3.562530251099631, 3.97941842233259, 4.380719267426298, 5.496183493115928, 6.62280076251732, 5.385615019661172, 5.086184504124875, 6.139927600550352, 4.367927346007486, 4.711463377762794, 2.5261976684337277, 3.082407661228476, 3.06528575013815, 2.505649105521362, 0.0, 1.7636486526516557, 3.0690288203273686, 2.4945286889510814, 2.481452755947612, 3.707145492154307, 5.972825195834883, 5.381975832350048, 7.515087525105745, 6.499270435210402, 6.968092004989601], [5.158532203059315, 4.1682169821159745, 2.7478455305930134, 2.157116494304376, 1.0960854255029577, 2.168488021640885, 2.7926182750243544, 2.8620779479252487, 2.7487089242042346, 3.920086326855571, 4.718999582538656, 5.770151863686085, 5.079554440105943, 5.378314390215581, 6.133895298258685, 4.706677260021128, 4.364227987857646, 3.074866249123692, 2.5198010913562205, 2.5052632715944245, 3.0635290385436207, 1.7636486526516557, 0.0, 2.52515625457119, 3.0652036718626055, 3.0152256051579296, 3.8244346000422076, 5.381121750155817, 4.328732623990537, 6.548390273952829, 5.514947929037953, 6.349837098697888], [6.546701635174769, 5.167545388286396, 4.176702624080388, 2.752534304963337, 2.1654275813335344, 1.096661483777013, 2.167551761781019, 2.7267333661361173, 2.646445049495644, 4.038205707984674, 5.049478021538465, 5.527374069121792, 6.70546535894415, 6.932100872751349, 7.3041666889522725, 5.351934596012922, 5.056708915885904, 4.709234971839906, 4.371067559532797, 2.52457791521672, 3.0735552801275596, 3.0690288203273686, 2.52515625457119, 0.0, 1.762330831597745, 3.068268811561334, 2.5483646717061514, 5.953641136313139, 5.005703652834435, 6.468719138283869, 4.932397924944824, 5.878252993024374], [6.534709956838175, 5.158421140232736, 4.1640121097326315, 2.7448115308705625, 2.153027396481522, 1.0969908158229948, 2.1444068737065733, 3.455027810307755, 3.9088063037198455, 4.485191079541651, 5.778746968850601, 6.41471620104896, 6.921375288192369, 6.688902381557082, 7.294083485949417, 5.04647811052421, 5.349233857292089, 4.351214039782461, 4.699169102086027, 3.077464737409675, 2.51449012326555, 2.4945286889510814, 3.0652036718626055, 1.762330831597745, 0.0, 2.5444089254677595, 2.3886697260190664, 6.487345896435614, 5.933051648182409, 7.446358439532709, 6.018412874670531, 6.546613329806489], [7.605827439536083, 6.5167680041566625, 5.124122228245536, 4.146177480523476, 2.7099842711720674, 2.1602071451599265, 1.0958593979156268, 2.138085744304938, 3.200472112048471, 2.4882993389059926, 3.8807547371613174, 4.826813464388281, 7.757597490202749, 7.566700573565734, 8.565814818217822, 6.660175035237438, 6.875193121651202, 5.006772643130503, 5.289567359434986, 4.680598571764086, 4.358899569845582, 2.481452755947612, 3.0152256051579296, 3.068268811561334, 2.5444089254677595, 0.0, 1.7785974530511393, 4.308302721490216, 4.241442120317098, 5.8341595358714695, 4.849862011439089, 4.88485508178083], [8.473296271227627, 7.190869428657428, 5.967206859997398, 4.669004251443771, 3.4731459240866918, 2.153039295972092, 1.0958609127074477, 2.1128854796225944, 3.016894910334133, 2.685189814519637, 4.011119231586117, 4.401187862384426, 8.657796658503825, 8.609256821003774, 9.336122199285954, 7.267741645105445, 7.324937655707385, 6.106403435738587, 6.174564633235287, 4.862906358341687, 4.776460306545005, 3.707145492154307, 3.8244346000422076, 2.5483646717061514, 2.3886697260190664, 1.7785974530511393, 0.0, 4.693266312494956, 4.518320170151735, 5.488126464468543, 4.133551437928407, 4.312480521695142], [10.337059335226822, 9.524118290949563, 8.048704131100857, 7.414447479077588, 5.949864644678902, 5.65802627865937, 4.363476272423171, 3.2297136421051325, 3.7152008586346983, 2.043522865054365, 1.09495878004608, 2.14872492422832, 10.05789542498827, 10.39015816482117, 11.374565975016365, 10.042145771696406, 9.69998215565369, 8.06438100786415, 7.634206964053306, 7.631775524083502, 8.06268961203394, 5.972825195834883, 5.381121750155817, 5.953641136313139, 6.487345896435614, 4.308302721490216, 4.693266312494956, 0.0, 1.7618385624114377, 2.488996980713315, 3.066634886973016, 2.501147906462151], [9.212771312694134, 8.399097452702879, 7.00452464839692, 6.408643854982113, 5.0938926618059, 4.937170433558072, 3.98773888061894, 2.5399472848860465, 2.446849325152654, 2.0990302475190776, 1.096102043607255, 2.173048144887729, 8.848651242986131, 9.413502965952684, 10.208888985585062, 9.023404345367663, 8.435918770353352, 7.215346422729819, 6.465764639236414, 6.4494550041069365, 7.2013756533040265, 5.381975832350048, 4.328732623990537, 5.005703652834435, 5.933051648182409, 4.241442120317098, 4.518320170151735, 1.7618385624114377, 0.0, 2.517263714830053, 2.537577287492935, 3.080095240410595], [11.550372411745, 10.615757692694384, 9.274821640333576, 8.462445142510527, 7.161919031935504, 6.580681738239587, 5.439524833108127, 4.0986390228952825, 4.063194380041398, 3.372021964637834, 2.161954097570066, 1.093553898991723, 11.214276324845931, 11.81091158124554, 12.505942188016062, 11.173370992229694, 10.544383571835766, 9.548957323708175, 8.804864880280675, 8.365051283763895, 9.145626786065568, 7.515087525105745, 6.548390273952829, 6.468719138283869, 7.446358439532709, 5.8341595358714695, 5.488126464468543, 2.488996980713315, 2.517263714830053, 0.0, 1.7771603529226054, 1.7798927158680098], [10.535627389481844, 9.453611095766528, 8.193742577113342, 7.196950656354399, 5.993279781555339, 5.194844550128521, 4.197917475367995, 2.9505208285995885, 2.816317526487381, 2.715681544290494, 2.166271681945734, 1.0945378248374973, 10.304089590546075, 10.868986367642568, 11.435349434538502, 9.929866607865385, 9.311770797759147, 8.569889362763092, 7.845589910261688, 7.001003992285678, 7.804679726292425, 6.499270435210402, 5.514947929037953, 4.932397924944824, 6.018412874670531, 4.849862011439089, 4.133551437928407, 3.066634886973016, 2.537577287492935, 1.7771603529226054, 0.0, 1.7589745307991245], [11.502724788935879, 10.439212136459341, 9.074975811538012, 8.081356645390674, 6.711083344736526, 5.865111277716733, 4.538038705211758, 3.5465567188471696, 3.957730340738237, 2.657726902825044, 2.1602141560502743, 1.0949617573230583, 11.330941177589795, 11.693846315904791, 12.458761251825962, 10.83721512797453, 10.446873263804822, 9.265758117391151, 8.806222515925883, 8.08286811595983, 8.581800516791334, 6.968092004989601, 6.349837098697888, 5.878252993024374, 6.546613329806489, 4.88485508178083, 4.312480521695142, 2.501147906462151, 3.080095240410595, 1.7798927158680098, 1.7589745307991245, 0.0]]}