{"total energy": -44.52462959, "HOMO-LUMO gap/eV": 3.50045666, "electronic energy": -45.01753631, "dipole": [-0.08426484, -0.83802477, -0.34818322], "partial charges": [-0.10551609, -0.04537928, -0.02340677, -0.05178936, -0.10334159, 0.27800208, -0.38448893, -0.17961512, 0.32920906, -0.42058756, -0.09483969, -0.04263061, 0.27133322, -0.37868248, 0.05170701, 0.04768457, 0.0486571, 0.03394111, 0.05494809, 0.05662057, 0.06264234, 0.0414285, 0.03921058, 0.04489162, 0.23260445, 0.0825324, 0.07109143, 0.08377335], "atomic dipole moments": [[0.03407468, 0.05107071, 0.11678772], [0.02091872, 0.11349495, -0.0848415], [0.02190372, -0.02035073, 0.01894397], [0.13892205, 0.01499608, 0.07122083], [-0.0164785, -0.11844339, -0.00082847], [0.07662139, -0.0051765, 0.03154803], [0.13541561, -0.07751759, -0.10869083], [0.02035147, 0.03661466, -0.05231921], [-0.07246913, -0.00228809, -0.03350531], [-0.18666058, -0.00450215, -0.09760433], [0.04181744, 0.04270474, 0.00153371], [-0.18391361, 0.00818881, 0.11682288], [0.0765949, -0.00696475, 0.02934561], [0.00010312, -0.04347141, 0.17662885], [-0.11064918, 0.04635306, -0.04700618], [-0.01976389, -0.12419356, 0.01245567], [0.09308573, 0.01052711, -0.0901153], [0.08987032, -0.07500649, 0.04594586], [-0.09498102, -0.02786609, 0.07995026], [-0.11331233, -0.01813525, 0.05678493], [-0.02535494, -0.02690842, -0.12210885], [0.00861893, 0.05169866, 0.1174913], [0.10387356, 0.03655911, -0.06610194], [-0.09711784, 0.05827198, -0.0548847], [0.01969286, 0.03821328, 0.12927203], [-0.01888659, -0.05375169, -0.1204727], [0.03581808, 0.12412463, -0.01191813], [0.09679587, -0.07006132, 0.06143929]], "atomic quadrupole moments": [[-0.12322325, 0.03702746, -0.04989988, 0.08486438, 0.11948221, 0.17312313], [-0.18128431, 0.10319718, 0.16845593, 0.0772129, 0.07523964, 0.01282838], [-0.01133387, -0.00259252, -0.05513569, -0.02441673, -0.00409491, 0.06646957], [-0.00489087, -0.07851412, 0.17668752, 0.11819989, -0.06171788, -0.17179665], [-0.1029477, 0.05720013, 0.22436746, 0.00806948, 0.00128723, -0.12141976], [-0.13359552, 0.22554108, 0.38888255, -0.00569894, -0.21702272, -0.25528703], [-0.0650618, 0.07836926, 0.17022828, -0.03520087, -0.07242496, -0.10516648], [0.10654184, -0.02131774, -9.634e-05, -0.02779384, -0.02187746, -0.1064455], [-0.20339997, -0.00242104, 0.420014, -0.06977433, -0.06503663, -0.21661403], [-0.0528592, 0.00335805, 0.1590273, 0.02023268, -0.02741333, -0.1061681], [0.01391612, 0.01643366, -0.02726791, -0.02098057, -0.01172447, 0.01335179], [0.24311964, -0.00467848, -0.23209259, -0.26631895, -0.00112538, -0.01102705], [-0.21355467, 0.03892443, 0.46994666, 0.03565574, 0.20883327, -0.25639199], [-0.11516887, 0.02231074, 0.20208285, 0.00868081, 0.07029853, -0.08691398], [0.03439495, -0.05456247, -0.01315328, 0.02782586, -0.00722816, -0.02124167], [-0.04982877, 0.0182879, 0.07381659, 0.00422844, -0.02511183, -0.02398782], [0.03373898, 0.02580265, -0.04148477, -0.04912384, -0.00945399, 0.00774579], [0.03642342, -0.02537976, -0.0113758, 0.03361346, 0.00853677, -0.02504762], [0.02556466, 0.00718219, -0.02661458, -0.03770682, 0.02094021, 0.00104992], [0.01367983, 0.00766469, -0.00844586, -0.04617184, -0.01795159, -0.00523397], [-0.04658279, -0.0074047, 0.00343709, -0.00055243, 0.02645709, 0.0431457], [-0.04951406, 0.00950011, -0.02454813, 0.00987125, 0.0202853, 0.07406219], [0.0441035, 0.0113897, -0.02770199, -0.058011, 0.00067945, -0.01640151], [0.0388804, -0.03250601, -0.01216797, 0.05217781, -0.01889381, -0.02671243], [0.0117243, -0.00926124, -0.05094957, 0.00071834, 0.0113817, 0.03922527], [-0.01068347, 0.01629312, -0.02975293, 0.01646278, 0.04341193, 0.0404364], [-0.01333788, 0.02611773, 0.05391637, -0.02578575, -0.00606116, -0.04057849], [0.01131192, -0.03799553, -0.01518921, 0.023761, -0.03748135, 0.00387729]], "number of molecular orbitals": 70, "number of electrons": 78, "number of unpaired electrons": 0, "orbital energies/eV": [-20.3665818, -20.11408063, -19.97931979, -19.59974906, -19.24606335, -18.63971729, -18.18674693, -17.95691963, -17.64452288, -17.3787889, -16.94818571, -16.69329651, -16.56128462, -16.25764744, -15.98669256, -15.71016968, -15.53849415, -15.35653991, -15.15986784, -15.1218417, -14.7687459, -14.53026786, -14.48845484, -14.24260166, -13.92533386, -13.84577649, -13.50988954, -13.43253285, -13.34226678, -12.99105392, -12.73494646, -12.68361225, -12.52904704, -12.32378865, -12.28480401, -12.07381523, -11.97015206, -11.73921539, -11.4844684, -7.98401174, -7.01366547, -5.67230573, -1.08035676, 0.03361747, 0.68263054, 1.39196777, 1.59063224, 2.75850611, 2.87340307, 3.19623145, 3.41950399, 3.56379566, 3.79161623, 3.9702664, 4.15546266, 4.35859264, 4.38623256, 4.84407885, 5.05555125, 5.19249755, 5.3631255, 6.18255533, 6.68040876, 6.87158839, 7.59759534, 8.04154684, 11.199478, 13.89563335, 14.42434954, 16.2452346], "fractional occupation": [2.0, 2.0, 2.0, 2.0, 2.0, 2.0, 2.0, 2.0, 2.0, 2.0, 2.0, 2.0, 2.0, 2.0, 2.0, 2.0, 2.0, 2.0, 2.0, 2.0, 2.0, 2.0, 2.0, 2.0, 2.0, 2.0, 2.0, 2.0, 2.0, 2.0, 2.0, 2.0, 2.0, 2.0, 2.0, 2.0, 2.0, 2.0, 2.0, 0.0, 0.0, 0.0, 0.0, 0.0, 0.0, 0.0, 0.0, 0.0, 0.0, 0.0, 0.0, 0.0, 0.0, 0.0, 0.0, 0.0, 0.0, 0.0, 0.0, 0.0, 0.0, 0.0, 0.0, 0.0, 0.0, 0.0, 0.0, 0.0, 0.0, 0.0], "program call": "xtb /home/svss/Project-DBcg-Debug/aqme2_20220329/End-to-End-workflows-final/example-3/QDESCP/mol_405_rdkit_conf_2/mol_405_rdkit_conf_2.xyz --pop --wbo --acc 0.2 --gfn 2 --chrg 0 --uhf 0 --etemp 300 --input /home/svss/Project-DBcg-Debug/aqme2_20220329/End-to-End-workflows-final/example-3/QDESCP/mol_405_rdkit_conf_2/mol_405_rdkit_conf_2_xtb.inp", "method": "GFN2-xTB", "xtb version": "6.3.3 (7355c4f)", "Dipole module/D": 2.316, "Total charge": 0, "Transition dipole module/D": NaN, "HOMO": -11.4845, "LUMO": -7.984, "HOMO occupancy": 2.0, "LUMO occupancy": 0, "mulliken charges": [-0.0837, -0.03191, -0.05665, -0.0269, -0.08728, 0.47406, -0.51244, -0.32549, 0.56601, -0.53948, -0.25873, 0.07172, 0.46543, -0.5108, 0.0395, 0.03926, 0.04489, 0.02889, 0.04917, 0.04246, 0.04389, 0.0388, 0.03691, 0.0365, 0.27972, 0.05918, 0.05734, 0.05965], "cm5 charges": [-0.23347, -0.13459, -0.05884, -0.13044, -0.23578, 0.57306, -0.55828, -0.66916, 0.73219, -0.57831, -0.50496, -0.01148, 0.56316, -0.55965, 0.09166, 0.09009, 0.09922, 0.08919, 0.10641, 0.10051, 0.10308, 0.09408, 0.09177, 0.08746, 0.48286, 0.12426, 0.12114, 0.12481], "FUKUI+": [0.016, -0.003, -0.005, 0.016, 0.016, -0.055, -0.144, -0.032, -0.056, -0.148, -0.044, 0.032, -0.056, -0.143, -0.026, -0.038, -0.01, -0.019, -0.035, -0.031, -0.03, -0.006, -0.006, -0.037, -0.048, -0.036, -0.035, -0.036], "FUKUI-": [0.013, 0.011, -0.019, 0.013, 0.016, -0.009, -0.101, -0.03, -0.002, -0.103, -0.043, 0.023, -0.006, -0.095, -0.038, -0.044, -0.037, -0.041, -0.051, -0.061, -0.073, -0.071, -0.055, -0.056, -0.036, -0.029, -0.04, -0.037], "FUKUIrad": [0.014, 0.004, -0.012, 0.014, 0.016, -0.032, -0.123, -0.031, -0.029, -0.126, -0.043, 0.028, -0.031, -0.119, -0.032, -0.041, -0.023, -0.03, -0.043, -0.046, -0.051, -0.039, -0.03, -0.047, -0.042, -0.032, -0.038, -0.036], "s proportion": [1.009, 1.039, 1.105, 1.03, 1.009, 1.01, 1.729, 1.429, 0.943, 1.723, 1.443, 0.982, 1.016, 1.733, 0.96, 0.961, 0.955, 0.971, 0.951, 0.958, 0.956, 0.961, 0.963, 0.963, 0.72, 0.941, 0.943, 0.94], "p proportion": [3.074, 2.993, 2.951, 2.997, 3.078, 2.516, 4.783, 3.897, 2.491, 4.816, 3.815, 2.946, 2.518, 4.778, 0.0, 0.0, 0.0, 0.0, 0.0, 0.0, 0.0, 0.0, 0.0, 0.0, 0.0, 0.0, 0.0, 0.0], "d proportion": [0.0, 0.0, 0.0, 0.0, 0.0, 0.0, 0.0, 0.0, 0.0, 0.0, 0.0, 0.0, 0.0, 0.0, 0.0, 0.0, 0.0, 0.0, 0.0, 0.0, 0.0, 0.0, 0.0, 0.0, 0.0, 0.0, 0.0, 0.0], "Fermi-level/eV": -9.7342, "Coordination numbers": [3.748, 3.808, 3.902, 3.801, 3.748, 2.768, 0.859, 2.696, 2.71, 0.86, 2.737, 3.704, 2.772, 0.857, 0.924, 0.924, 0.924, 0.923, 0.923, 0.924, 0.924, 0.924, 0.924, 0.924, 0.86, 0.924, 0.924, 0.924], "Dispersion coefficient C6": [22.584, 21.381, 20.934, 21.504, 22.542, 22.297, 21.373, 24.889, 21.404, 22.095, 23.094, 21.491, 22.417, 21.26, 2.299, 2.349, 2.337, 2.531, 2.259, 2.239, 2.168, 2.43, 2.459, 2.385, 0.954, 1.953, 2.074, 1.941], "Total dispersion C6": 7411.660765, "Total dispersion C8": 164180.689882, "Polarizability alpha": [6.778, 6.582, 6.504, 6.602, 6.772, 7.733, 6.198, 7.41, 7.573, 6.302, 7.137, 6.628, 7.754, 6.182, 2.371, 2.397, 2.391, 2.488, 2.351, 2.34, 2.303, 2.438, 2.453, 2.415, 1.53, 2.186, 2.252, 2.179], "Total polarizability alpha": 128.247759, "Wiberg matrix": [[0.0, 1.018330293763405, 0.0, 0.0, 0.0, 0.0, 0.0, 0.0, 0.0, 0.0, 0.0, 0.0, 0.0, 0.0, 0.9842074874036829, 0.9818014989359504, 0.9858824555803387, 0.0, 0.0, 0.0, 0.0, 0.0, 0.0, 0.0, 0.0, 0.0, 0.0, 0.0], [1.018330293763405, 0.0, 0.9208272769843413, 0.0, 0.0, 0.0, 0.0, 0.0, 0.0, 0.0, 0.0, 0.0, 0.0, 0.0, 0.0, 0.0, 0.0, 0.97703245390167, 0.9720083241134434, 0.0, 0.0, 0.0, 0.0, 0.0, 0.0, 0.0, 0.0, 0.0], [0.0, 0.9208272769843413, 0.0, 0.9746132703675885, 0.0, 0.9529320533189238, 0.0, 0.0, 0.0, 0.0, 0.0, 0.0, 0.9543707644442152, 0.0, 0.0, 0.0, 0.0, 0.0, 0.0, 0.0, 0.0, 0.0, 0.0, 0.0, 0.0, 0.0, 0.0, 0.0], [0.0, 0.0, 0.9746132703675885, 0.0, 1.019962555571521, 0.0, 0.0, 0.0, 0.0, 0.0, 0.0, 0.0, 0.0, 0.0, 0.0, 0.0, 0.0, 0.0, 0.0, 0.9741169123748727, 0.9713065018355096, 0.0, 0.0, 0.0, 0.0, 0.0, 0.0, 0.0], [0.0, 0.0, 0.0, 1.019962555571521, 0.0, 0.0, 0.0, 0.0, 0.0, 0.0, 0.0, 0.0, 0.0, 0.0, 0.0, 0.0, 0.0, 0.0, 0.0, 0.0, 0.0, 0.9866356554153299, 0.9869226903492421, 0.9854088629811059, 0.0, 0.0, 0.0, 0.0], [0.0, 0.0, 0.9529320533189238, 0.0, 0.0, 0.0, 1.7433970277610475, 1.1472178725079536, 0.0, 0.0, 0.0, 0.0, 0.0, 0.0, 0.0, 0.0, 0.0, 0.0, 0.0, 0.0, 0.0, 0.0, 0.0, 0.0, 0.0, 0.0, 0.0, 0.0], [0.0, 0.0, 0.0, 0.0, 0.0, 1.7433970277610475, 0.0, 0.13528458115591102, 0.0, 0.0, 0.0, 0.0, 0.0, 0.0, 0.0, 0.0, 0.0, 0.0, 0.0, 0.0, 0.0, 0.0, 0.0, 0.0, 0.0, 0.0, 0.0, 0.0], [0.0, 0.0, 0.0, 0.0, 0.0, 1.1472178725079536, 0.13528458115591102, 0.0, 1.1194643854795407, 0.11319414632499596, 0.0, 0.0, 0.0, 0.0, 0.0, 0.0, 0.0, 0.0, 0.0, 0.0, 0.0, 0.0, 0.0, 0.0, 0.908792117553435, 0.0, 0.0, 0.0], [0.0, 0.0, 0.0, 0.0, 0.0, 0.0, 0.0, 1.1194643854795407, 0.0, 1.6521333095633068, 1.1135767832794503, 0.0, 0.0, 0.0, 0.0, 0.0, 0.0, 0.0, 0.0, 0.0, 0.0, 0.0, 0.0, 0.0, 0.0, 0.0, 0.0, 0.0], [0.0, 0.0, 0.0, 0.0, 0.0, 0.0, 0.0, 0.11319414632499596, 1.6521333095633068, 0.0, 0.11909613406482072, 0.0, 0.0, 0.0, 0.0, 0.0, 0.0, 0.0, 0.0, 0.0, 0.0, 0.0, 0.0, 0.0, 0.0, 0.0, 0.0, 0.0], [0.0, 0.0, 0.0, 0.0, 0.0, 0.0, 0.0, 0.0, 1.1135767832794503, 0.11909613406482072, 0.0, 0.9755226863436309, 1.126345185179242, 0.13560064178183556, 0.0, 0.0, 0.0, 0.0, 0.0, 0.0, 0.0, 0.0, 0.0, 0.0, 0.0, 0.0, 0.0, 0.0], [0.0, 0.0, 0.0, 0.0, 0.0, 0.0, 0.0, 0.0, 0.0, 0.0, 0.9755226863436309, 0.0, 0.0, 0.0, 0.0, 0.0, 0.0, 0.0, 0.0, 0.0, 0.0, 0.0, 0.0, 0.0, 0.0, 0.9773589582028093, 0.9736167865190354, 0.976459378154025], [0.0, 0.0, 0.9543707644442152, 0.0, 0.0, 0.0, 0.0, 0.0, 0.0, 0.0, 1.126345185179242, 0.0, 0.0, 1.7489793075635522, 0.0, 0.0, 0.0, 0.0, 0.0, 0.0, 0.0, 0.0, 0.0, 0.0, 0.0, 0.0, 0.0, 0.0], [0.0, 0.0, 0.0, 0.0, 0.0, 0.0, 0.0, 0.0, 0.0, 0.0, 0.13560064178183556, 0.0, 1.7489793075635522, 0.0, 0.0, 0.0, 0.0, 0.0, 0.0, 0.0, 0.0, 0.0, 0.0, 0.0, 0.0, 0.0, 0.0, 0.0], [0.9842074874036829, 0.0, 0.0, 0.0, 0.0, 0.0, 0.0, 0.0, 0.0, 0.0, 0.0, 0.0, 0.0, 0.0, 0.0, 0.0, 0.0, 0.0, 0.0, 0.0, 0.0, 0.0, 0.0, 0.0, 0.0, 0.0, 0.0, 0.0], [0.9818014989359504, 0.0, 0.0, 0.0, 0.0, 0.0, 0.0, 0.0, 0.0, 0.0, 0.0, 0.0, 0.0, 0.0, 0.0, 0.0, 0.0, 0.0, 0.0, 0.0, 0.0, 0.0, 0.0, 0.0, 0.0, 0.0, 0.0, 0.0], [0.9858824555803387, 0.0, 0.0, 0.0, 0.0, 0.0, 0.0, 0.0, 0.0, 0.0, 0.0, 0.0, 0.0, 0.0, 0.0, 0.0, 0.0, 0.0, 0.0, 0.0, 0.0, 0.0, 0.0, 0.0, 0.0, 0.0, 0.0, 0.0], [0.0, 0.97703245390167, 0.0, 0.0, 0.0, 0.0, 0.0, 0.0, 0.0, 0.0, 0.0, 0.0, 0.0, 0.0, 0.0, 0.0, 0.0, 0.0, 0.0, 0.0, 0.0, 0.0, 0.0, 0.0, 0.0, 0.0, 0.0, 0.0], [0.0, 0.9720083241134434, 0.0, 0.0, 0.0, 0.0, 0.0, 0.0, 0.0, 0.0, 0.0, 0.0, 0.0, 0.0, 0.0, 0.0, 0.0, 0.0, 0.0, 0.0, 0.0, 0.0, 0.0, 0.0, 0.0, 0.0, 0.0, 0.0], [0.0, 0.0, 0.0, 0.9741169123748727, 0.0, 0.0, 0.0, 0.0, 0.0, 0.0, 0.0, 0.0, 0.0, 0.0, 0.0, 0.0, 0.0, 0.0, 0.0, 0.0, 0.0, 0.0, 0.0, 0.0, 0.0, 0.0, 0.0, 0.0], [0.0, 0.0, 0.0, 0.9713065018355096, 0.0, 0.0, 0.0, 0.0, 0.0, 0.0, 0.0, 0.0, 0.0, 0.0, 0.0, 0.0, 0.0, 0.0, 0.0, 0.0, 0.0, 0.0, 0.0, 0.0, 0.0, 0.0, 0.0, 0.0], [0.0, 0.0, 0.0, 0.0, 0.9866356554153299, 0.0, 0.0, 0.0, 0.0, 0.0, 0.0, 0.0, 0.0, 0.0, 0.0, 0.0, 0.0, 0.0, 0.0, 0.0, 0.0, 0.0, 0.0, 0.0, 0.0, 0.0, 0.0, 0.0], [0.0, 0.0, 0.0, 0.0, 0.9869226903492421, 0.0, 0.0, 0.0, 0.0, 0.0, 0.0, 0.0, 0.0, 0.0, 0.0, 0.0, 0.0, 0.0, 0.0, 0.0, 0.0, 0.0, 0.0, 0.0, 0.0, 0.0, 0.0, 0.0], [0.0, 0.0, 0.0, 0.0, 0.9854088629811059, 0.0, 0.0, 0.0, 0.0, 0.0, 0.0, 0.0, 0.0, 0.0, 0.0, 0.0, 0.0, 0.0, 0.0, 0.0, 0.0, 0.0, 0.0, 0.0, 0.0, 0.0, 0.0, 0.0], [0.0, 0.0, 0.0, 0.0, 0.0, 0.0, 0.0, 0.908792117553435, 0.0, 0.0, 0.0, 0.0, 0.0, 0.0, 0.0, 0.0, 0.0, 0.0, 0.0, 0.0, 0.0, 0.0, 0.0, 0.0, 0.0, 0.0, 0.0, 0.0], [0.0, 0.0, 0.0, 0.0, 0.0, 0.0, 0.0, 0.0, 0.0, 0.0, 0.0, 0.9773589582028093, 0.0, 0.0, 0.0, 0.0, 0.0, 0.0, 0.0, 0.0, 0.0, 0.0, 0.0, 0.0, 0.0, 0.0, 0.0, 0.0], [0.0, 0.0, 0.0, 0.0, 0.0, 0.0, 0.0, 0.0, 0.0, 0.0, 0.0, 0.9736167865190354, 0.0, 0.0, 0.0, 0.0, 0.0, 0.0, 0.0, 0.0, 0.0, 0.0, 0.0, 0.0, 0.0, 0.0, 0.0, 0.0], [0.0, 0.0, 0.0, 0.0, 0.0, 0.0, 0.0, 0.0, 0.0, 0.0, 0.0, 0.976459378154025, 0.0, 0.0, 0.0, 0.0, 0.0, 0.0, 0.0, 0.0, 0.0, 0.0, 0.0, 0.0, 0.0, 0.0, 0.0, 0.0]], "Born radii": [], "Atomic SASAs": [], "Solvent H bonds": [], "Total SASA": NaN, "Total FOD": 0.0, "FOD": [0.0, 0.0, 0.0, 0.0, 0.0, 0.0, 0.0, 0.0, 0.0, 0.0, 0.0, 0.0, 0.0, 0.0, 0.0, 0.0, 0.0, 0.0, 0.0, 0.0, 0.0, 0.0, 0.0, 0.0, 0.0, 0.0, 0.0, 0.0], "FOD s proportion": [0.0, 0.0, 0.0, 0.0, 0.0, 0.0, 0.0, 0.0, 0.0, 0.0, 0.0, 0.0, 0.0, 0.0, 0.0, 0.0, 0.0, 0.0, 0.0, 0.0, 0.0, 0.0, 0.0, 0.0, 0.0, 0.0, 0.0, 0.0], "FOD p proportion": [0.0, 0.0, 0.0, 0.0, 0.0, 0.0, 0.0, 0.0, 0.0, 0.0, 0.0, 0.0, 0.0, 0.0, 0.0, 0.0, 0.0, 0.0, 0.0, 0.0, 0.0, 0.0, 0.0, 0.0, 0.0, 0.0, 0.0, 0.0], "FOD d proportion": [0.0, 0.0, 0.0, 0.0, 0.0, 0.0, 0.0, 0.0, 0.0, 0.0, 0.0, 0.0, 0.0, 0.0, 0.0, 0.0, 0.0, 0.0, 0.0, 0.0, 0.0, 0.0, 0.0, 0.0, 0.0, 0.0, 0.0, 0.0], "coordinates": [["-1.34750", "-2.13590", "-1.10140"], ["-0.96700", "-1.50800", "0.23510"], ["-0.61020", "0.01080", "0.19320"], ["-1.76640", "0.83180", "-0.43320"], ["-1.54540", "2.34460", "-0.43950"], ["-0.39930", "0.41160", "1.64130"], ["-1.27360", "0.88870", "2.36000"], ["0.83000", "0.12390", "2.15850"], ["1.98090", "-0.00840", "1.44120"], ["3.05920", "0.03130", "2.03100"], ["1.85630", "-0.10780", "0.07030"], ["3.08310", "-0.13720", "-0.70590"], ["0.67710", "0.16700", "-0.60900"], ["0.66290", "0.46040", "-1.80580"], ["-2.27290", "-1.70990", "-1.49890"], ["-1.51530", "-3.21020", "-0.97010"], ["-0.55590", "-2.01380", "-1.84590"], ["-0.12450", "-2.08170", "0.64400"], ["-1.80020", "-1.66630", "0.93340"], ["-2.70170", "0.62440", "0.10260"], ["-1.92950", "0.52650", "-1.47360"], ["-1.45840", "2.75010", "0.57210"], ["-0.64580", "2.62060", "-0.99680"], ["-2.39640", "2.83950", "-0.91920"], ["0.96310", "0.35630", "3.13350"], ["2.90640", "-0.58450", "-1.68890"], ["3.43560", "0.89070", "-0.83950"], ["3.85530", "-0.71450", "-0.18860"]], "bond_dist": [[0.0, 1.5248839004986576, 2.613029150239239, 3.0707021574877627, 4.5334486067452, 3.861507837619911, 4.59727705604089, 4.524947546657309, 4.697799226233493, 5.82474810528318, 3.9686779839135347, 4.87662160721949, 3.105609655124095, 3.3583718093742982, 1.0935480830763684, 1.0952246436233986, 1.0935351937637856, 2.131921152388146, 2.1367902306964996, 3.3019281836526972, 2.750569141105164, 5.165839434206217, 4.80911803764474, 5.088024489917477, 5.429945783338908, 4.5659241583714465, 5.666299037290567, 5.470165412489827], [1.5248839004986576, 0.0, 1.5607098673360145, 2.5613139772390263, 3.9537524555793824, 2.4463331518826292, 3.217665995718014, 3.097058954879613, 3.5204533486470178, 4.6695811096928175, 3.155747450288125, 4.378114165939485, 2.4942322706596514, 3.270542062105302, 2.1801133961333297, 2.1565307254940747, 2.1806874718767015, 1.098242755496252, 1.0985918350324655, 2.752066514457818, 2.825818853005267, 4.299588186094106, 4.3204264847350435, 4.719782738643803, 3.9498889933769026, 4.422426461796737, 5.127515344686937, 4.905480733832313], [2.613029150239239, 1.5607098673360145, 0.0, 1.5502310795491103, 2.592591516224644, 1.517271584127245, 2.4301913936972124, 2.4391333993859377, 2.876051433823811, 4.103952418096487, 2.472406240891654, 3.8040438614716314, 1.5248162413877944, 2.4122447574821257, 2.930628292704484, 3.5422187820630167, 2.8740011238689522, 2.1949217252558233, 2.185557240156386, 2.1815328487098244, 2.187400562311348, 2.8925374569744124, 2.8685228602888975, 3.525547885081126, 3.352612001111969, 4.03276060038282, 4.2672228603624625, 4.540101494460229], [3.0707021574877627, 2.5613139772390263, 1.5502310795491103, 0.0, 1.528870344404652, 2.519738220530061, 2.836909531514884, 3.736217908527285, 4.273355670898457, 5.477179680273416, 3.7762833182906177, 4.952875582931596, 2.538416224735416, 2.814865398202905, 2.802230830963074, 4.085226654666789, 3.3997751249163524, 3.51349935249745, 2.8476730166927524, 1.097671394361719, 1.0964679019469745, 2.1875481663268586, 2.184764234419815, 2.159619246533981, 4.51637237060896, 5.0416017315928485, 5.218175246194784, 5.83561339877823], [4.5334486067452, 3.9537524555793824, 2.592591516224644, 1.528870344404652, 0.0, 3.062639849868084, 3.1671312413602313, 4.162167422149186, 4.637718531778313, 5.714636322636814, 4.224420041851899, 5.258641692490562, 3.1161158932234856, 3.208360051490481, 4.253299291138586, 5.580165356868917, 4.685373172971391, 4.77336995737812, 4.2470102731215515, 2.142426227434681, 2.126589577233933, 1.0933132259329896, 1.0936358854756003, 1.095097758193304, 4.7971072679272035, 5.473495264453968, 5.204246939759873, 6.211972642405953], [3.861507837619911, 2.4463331518826292, 1.517271584127245, 2.519738220530061, 3.062639849868084, 0.0, 1.2282323029459858, 1.3643480567655746, 2.425240616928556, 3.501102173601907, 2.7974182240058423, 4.2352850010359395, 2.5064549088303987, 3.60737420986512, 4.227528267202953, 4.602423405120393, 4.250606140305168, 2.699382747962949, 2.6040951653117443, 2.7773957748221627, 3.4723646208311707, 2.7809105882785947, 3.449639815980793, 4.054536603608358, 2.021349225146412, 4.796884378427314, 4.592424573142166, 4.766367209940921], [4.59727705604089, 3.217665995718014, 2.4301913936972124, 2.836909531514884, 3.1671312413602313, 1.2282323029459858, 0.0, 2.247366069424383, 3.49867862199431, 4.429055384616454, 4.003999544205769, 5.425223360378815, 3.6250575691980393, 4.613823011343196, 4.758406420220955, 5.286678173484745, 5.160348277975044, 3.617784262501013, 2.9733012158205563, 2.684246423113944, 3.9061339723568107, 2.5875755853694398, 3.8290621162368206, 3.9773676118759753, 2.425815100126141, 6.0030250249353445, 5.693274004472295, 5.947371470658277], [4.524947546657309, 3.097058954879613, 2.4391333993859377, 3.736217908527285, 4.162167422149186, 1.3643480567655746, 2.247366069424383, 0.0, 1.3625686734986975, 2.2347625489076015, 2.338280526369751, 3.6536858348796217, 2.7720556036991755, 3.982063428676143, 5.13491826711974, 5.13855941485549, 4.746124678092644, 2.840678063420774, 3.4093456982242207, 4.11705355199565, 4.579200521925197, 3.82757964776698, 4.285722181849869, 5.220764082967166, 1.01111343082762, 4.4289676314012505, 4.04538472830459, 3.9197235948469635], [4.697799226233493, 3.5204533486470178, 2.876051433823811, 4.273355670898457, 4.637718531778313, 2.425240616928556, 3.49867862199431, 1.3625686734986975, 0.0, 1.229703630961542, 1.3801348955808632, 2.416913877240974, 2.4359761164674834, 3.5355206745258894, 5.443721585459712, 5.318769159307442, 4.611074691435826, 3.0605244468881474, 4.159712785758171, 4.911112761890121, 4.906465653604435, 4.493711333630588, 4.444663979425217, 5.730861877588746, 2.0081838113081183, 3.314508631758258, 2.850635962377518, 2.582285927235789], [5.82474810528318, 4.6695811096928175, 4.103952418096487, 5.477179680273416, 5.714636322636814, 3.501102173601907, 4.429055384616454, 2.2347625489076015, 1.229703630961542, 0.0, 2.304487298728288, 2.742186184415639, 3.558428712226789, 4.543942642683774, 6.627462701517075, 6.359243171164318, 5.6817018251576705, 4.065031819063659, 5.2631112357616, 6.103971082827965, 6.116745203946294, 5.470737830494165, 5.440502948257633, 6.808321279140697, 2.3905577717344544, 3.7736207400850446, 3.0199363519783, 2.4731795345263556], [3.9686779839135347, 3.155747450288125, 2.472406240891654, 3.7762833182906177, 4.224420041851899, 2.7974182240058423, 4.003999544205769, 2.338280526369751, 1.3801348955808632, 2.304487298728288, 0.0, 1.452029283451267, 1.388335755500088, 2.29495228926442, 4.698872810579149, 4.6984044610910205, 3.622618842771069, 2.8546421036620337, 4.0674139339388615, 4.616548941579629, 4.1374201309511704, 4.405295874285858, 3.8527098748802775, 5.2679355377605, 3.2243432339005103, 2.103506011400966, 2.0782027764392965, 2.1050214013163857], [4.87662160721949, 4.378114165939485, 3.8040438614716314, 4.952875582931596, 5.258641692490562, 4.2352850010359395, 5.425223360378815, 3.6536858348796217, 2.416913877240974, 2.742186184415639, 1.452029283451267, 0.0, 2.427089460650348, 2.7247520639500395, 5.638170828380424, 5.537003991329607, 4.250123358209736, 3.986478147437911, 5.373273693941153, 5.890468389695339, 5.1142956250103495, 5.53127539903773, 4.647018276271355, 6.239483955424519, 4.413494602919551, 1.0943441780354113, 1.09484410762446, 1.0941514611789358], [3.105609655124095, 2.4942322706596514, 1.5248162413877944, 2.538416224735416, 3.1161158932234856, 2.5064549088303987, 3.6250575691980393, 2.7720556036991755, 2.4359761164674834, 3.558428712226789, 1.388335755500088, 2.427089460650348, 0.0, 1.2323211594385615, 3.6079323192099935, 4.042584669490548, 2.7939397362863785, 2.6961497083804526, 3.4463026477661534, 3.483084661618204, 2.76968174525522, 3.553556397470005, 2.814357157505067, 4.084713275127154, 3.758182637924879, 2.5885738834346608, 2.8611525981673886, 3.3248659597042414], [3.3583718093742982, 3.270542062105302, 2.4122447574821257, 2.814865398202905, 3.208360051490481, 3.60737420986512, 4.613823011343196, 3.982063428676143, 3.5355206745258894, 4.543942642683774, 2.29495228926442, 2.7247520639500395, 1.2323211594385615, 0.0, 3.6637837463474834, 4.349282020058023, 2.758395745718877, 3.6171523620107573, 4.253578627461822, 3.871617196986293, 2.614433745574747, 3.9239072606268364, 2.6521011915083483, 3.9756122622811194, 4.949509201931036, 2.4776549134211567, 2.9676184171823707, 3.7665824841625333], [1.0935480830763684, 2.1801133961333297, 2.930628292704484, 2.802230830963074, 4.253299291138586, 4.227528267202953, 4.758406420220955, 5.13491826711974, 5.443721585459712, 6.627462701517075, 4.698872810579149, 5.638170828380424, 3.6079323192099935, 3.6637837463474834, 0.0, 1.7619555300858192, 1.7778788513281776, 3.057102911254379, 2.4781907795809426, 2.8631500449679543, 2.262752441165405, 4.984380728836833, 4.6532557494726206, 4.587847501824794, 6.016644264039549, 5.3035623546819926, 6.307527326139777, 6.345277179918936], [1.0952246436233986, 2.1565307254940747, 3.5422187820630167, 4.085226654666789, 5.580165356868917, 4.602423405120393, 5.286678173484745, 5.13855941485549, 5.318769159307442, 6.359243171164318, 4.6984044610910205, 5.537003991329607, 4.042584669490548, 4.349282020058023, 1.7619555300858192, 0.0, 1.7660257529266103, 2.4110486722586084, 2.4674090601276473, 4.154802932751444, 3.7931518266475965, 6.156849400464494, 5.895334747069076, 6.1137384724896435, 5.975108515332588, 5.19253356464838, 6.430073714974037, 5.973491868245909], [1.0935351937637856, 2.1806874718767015, 2.8740011238689522, 3.3997751249163524, 4.685373172971391, 4.250606140305168, 5.160348277975044, 4.746124678092644, 4.611074691435826, 5.6817018251576705, 3.622618842771069, 4.250123358209736, 2.7939397362863785, 2.758395745718877, 1.7778788513281776, 1.7660257529266103, 0.0, 2.5279079057592266, 3.064889431937146, 3.9193378433097603, 2.911787825374644, 5.418115305159166, 4.712400256769366, 5.272640138488497, 5.720066378111359, 3.7490090397330333, 5.037959255492248, 4.888098732636238], [2.131921152388146, 1.098242755496252, 2.1949217252558233, 3.51349935249745, 4.77336995737812, 2.699382747962949, 3.617784262501013, 2.840678063420774, 3.0605244468881474, 4.065031819063659, 2.8546421036620337, 3.986478147437911, 2.6961497083804526, 3.6171523620107573, 3.057102911254379, 2.4110486722586084, 2.5279079057592266, 0.0, 1.75050850040781, 3.7759834493811018, 3.8137857831818502, 5.013057954981171, 5.007554654719208, 5.641217358868563, 3.650250403739448, 4.107357430270709, 4.869316791912393, 4.289669758850907], [2.1367902306964996, 1.0985918350324655, 2.185557240156386, 2.8476730166927524, 4.2470102731215515, 2.6040951653117443, 2.9733012158205563, 3.4093456982242207, 4.159712785758171, 5.2631112357616, 4.0674139339388615, 5.373273693941153, 3.4463026477661534, 4.253578627461822, 2.4781907795809426, 2.4674090601276473, 3.064889431937146, 1.75050850040781, 0.0, 2.5981218947539775, 3.258640718152279, 4.444317033020934, 4.8410559808785525, 4.908137614207654, 4.070279801193033, 5.495346403094167, 6.090568532575593, 5.843756282563468], [3.3019281836526972, 2.752066514457818, 2.1815328487098244, 1.097671394361719, 2.142426227434681, 2.7773957748221627, 2.684246423113944, 4.11705355199565, 4.911112761890121, 6.103971082827965, 4.616548941579629, 5.890468389695339, 3.483084661618204, 3.871617196986293, 2.8631500449679543, 4.154802932751444, 3.9193378433097603, 3.7759834493811018, 2.5981218947539775, 0.0, 1.7579202740738844, 2.506955450342108, 3.0692376268383, 2.4584449027789907, 4.763296280938233, 6.010132866251793, 6.214894962105152, 6.698634163021594], [2.750569141105164, 2.825818853005267, 2.187400562311348, 1.0964679019469745, 2.126589577233933, 3.4723646208311707, 3.9061339723568107, 4.579200521925197, 4.906465653604435, 6.116745203946294, 4.1374201309511704, 5.1142956250103495, 2.76968174525522, 2.614433745574747, 2.262752441165405, 3.7931518266475965, 2.911787825374644, 3.8137857831818502, 3.258640718152279, 1.7579202740738844, 0.0, 3.057976563023334, 2.502094870303682, 2.423906757695106, 5.442561272966984, 4.966548489645501, 5.414704281860645, 6.054355212572187], [5.165839434206217, 4.299588186094106, 2.8925374569744124, 2.1875481663268586, 1.0933132259329896, 2.7809105882785947, 2.5875755853694398, 3.82757964776698, 4.493711333630588, 5.470737830494165, 4.405295874285858, 5.53127539903773, 3.553556397470005, 3.9239072606268364, 4.984380728836833, 6.156849400464494, 5.418115305159166, 5.013057954981171, 4.444317033020934, 2.506955450342108, 3.057976563023334, 0.0, 1.7715914370982946, 1.764032893684242, 4.260834501597076, 5.939962727155786, 5.42228908487919, 6.3888594709854125], [4.80911803764474, 4.3204264847350435, 2.8685228602888975, 2.184764234419815, 1.0936358854756003, 3.449639815980793, 3.8290621162368206, 4.285722181849869, 4.444663979425217, 5.440502948257633, 3.8527098748802775, 4.647018276271355, 2.814357157505067, 2.6521011915083483, 4.6532557494726206, 5.895334747069076, 4.712400256769366, 5.007554654719208, 4.8410559808785525, 3.0692376268383, 2.502094870303682, 1.7715914370982946, 0.0, 1.765938654087395, 4.977448321178232, 4.834231403232575, 4.435664917461643, 5.660033609440849], [5.088024489917477, 4.719782738643803, 3.525547885081126, 2.159619246533981, 1.095097758193304, 4.054536603608358, 3.9773676118759753, 5.220764082967166, 5.730861877588746, 6.808321279140697, 5.2679355377605, 6.239483955424519, 4.084713275127154, 3.9756122622811194, 4.587847501824794, 6.1137384724896435, 5.272640138488497, 5.641217358868563, 4.908137614207654, 2.4584449027789907, 2.423906757695106, 1.764032893684242, 1.765938654087395, 0.0, 5.820386566199877, 6.358923016517813, 6.149503844213775, 7.2283086022941765], [5.429945783338908, 3.9498889933769026, 3.352612001111969, 4.51637237060896, 4.7971072679272035, 2.021349225146412, 2.425815100126141, 1.01111343082762, 2.0081838113081183, 2.3905577717344544, 3.2243432339005103, 4.413494602919551, 3.758182637924879, 4.949509201931036, 6.016644264039549, 5.975108515332588, 5.720066378111359, 3.650250403739448, 4.070279801193033, 4.763296280938233, 5.442561272966984, 4.260834501597076, 4.977448321178232, 5.820386566199877, 0.0, 5.283659838596728, 4.709943588834159, 4.532966124956153], [4.5659241583714465, 4.422426461796737, 4.03276060038282, 5.0416017315928485, 5.473495264453968, 4.796884378427314, 6.0030250249353445, 4.4289676314012505, 3.314508631758258, 3.7736207400850446, 2.103506011400966, 1.0943441780354113, 2.5885738834346608, 2.4776549134211567, 5.3035623546819926, 5.19253356464838, 3.7490090397330333, 4.107357430270709, 5.495346403094167, 6.010132866251793, 4.966548489645501, 5.939962727155786, 4.834231403232575, 6.358923016517813, 5.283659838596728, 0.0, 1.7826239199561977, 1.779946993592787], [5.666299037290567, 5.127515344686937, 4.2672228603624625, 5.218175246194784, 5.204246939759873, 4.592424573142166, 5.693274004472295, 4.04538472830459, 2.850635962377518, 3.0199363519783, 2.0782027764392965, 1.09484410762446, 2.8611525981673886, 2.9676184171823707, 6.307527326139777, 6.430073714974037, 5.037959255492248, 4.869316791912393, 6.090568532575593, 6.214894962105152, 5.414704281860645, 5.42228908487919, 4.435664917461643, 6.149503844213775, 4.709943588834159, 1.7826239199561977, 0.0, 1.782269884164573], [5.470165412489827, 4.905480733832313, 4.540101494460229, 5.83561339877823, 6.211972642405953, 4.766367209940921, 5.947371470658277, 3.9197235948469635, 2.582285927235789, 2.4731795345263556, 2.1050214013163857, 1.0941514611789358, 3.3248659597042414, 3.7665824841625333, 6.345277179918936, 5.973491868245909, 4.888098732636238, 4.289669758850907, 5.843756282563468, 6.698634163021594, 6.054355212572187, 6.3888594709854125, 5.660033609440849, 7.2283086022941765, 4.532966124956153, 1.779946993592787, 1.782269884164573, 0.0]]}