{"total energy": -26.75568893, "HOMO-LUMO gap/eV": 4.62008834, "electronic energy": -27.06247614, "dipole": [0.06541936, 0.42354846, 1.51463412], "partial charges": [-0.0413104, -0.14505719, -0.03331271, 0.3092868, -0.46933577, -0.1450659, -0.03331817, -0.04131893, 0.04156471, 0.05878195, 0.04619871, 0.04320673, 0.066485, 0.04345463, 0.04347335, 0.0664964, 0.04319787, 0.04157277, 0.05879773, 0.0462024], "atomic dipole moments": [[0.05660374, 0.0331107, -0.14053842], [-0.10879394, -0.09814416, -0.02224843], [0.10720722, -0.06623399, 0.10010564], [0.00165557, 0.01061739, 0.0379433], [0.00848004, 0.05502712, 0.19677411], [0.10448211, 0.06998131, -0.07844285], [-0.10032884, 0.11083811, 0.05950332], [-0.06692506, -0.09979571, -0.09802383], [-0.09088674, -0.07766646, -0.01840713], [0.08841015, -0.06489501, 0.07643436], [-0.03643063, 0.10422155, 0.05493337], [-0.07369443, -0.09430552, -0.02924914], [0.05723933, 0.04733463, -0.11064712], [-0.05750769, 0.09335831, 0.05851788], [0.06404995, -0.05076933, 0.09360932], [-0.06481767, -0.0964909, -0.06518195], [0.06901395, 0.06384655, -0.07963208], [0.08736691, 0.05481623, -0.06314111], [-0.08344515, 0.09706887, 0.03855622], [0.04304621, -0.06149745, 0.09782245]], "atomic quadrupole moments": [[-0.07157514, 0.02056377, -0.16917242, -0.15687771, -0.09904106, 0.24074756], [0.00644828, -0.0358079, -0.08689163, 0.00258207, -0.02161327, 0.08044335], [0.09236027, -0.16918897, -0.10970324, 0.20295867, -0.1184692, 0.01734297], [-0.09402641, 0.2308721, 0.31000835, -0.07202485, -0.17129319, -0.21598195], [-0.07282454, 0.07926367, 0.10277434, -0.02090615, -0.04424049, -0.02994979], [0.00803015, -0.0257883, -0.02141184, 0.01891529, 0.08607925, 0.01338169], [0.06661737, -0.24122495, 0.04061462, -0.09853834, 0.13268328, -0.10723199], [-0.04594913, 0.11866634, 0.02409175, 0.13572004, 0.21588626, 0.02185737], [0.0231866, 0.05863419, -0.01112217, 0.00159034, 0.00910993, -0.01206443], [0.0456994, -0.03583051, -0.03086308, 0.02935531, -0.02354902, -0.01483631], [-0.04226271, -0.02328344, 0.04457034, -0.03153343, 0.03685827, -0.00230764], [0.0180774, 0.04134392, 0.02101123, 0.03620429, 0.00749106, -0.03908864], [0.0044746, 0.01035223, -0.0325193, -0.03513568, -0.0369585, 0.02804469], [-0.0136428, -0.04967282, 0.01591048, -0.01560859, 0.0452072, -0.00226768], [-0.00870686, -0.03701559, -0.02746954, 0.04254497, -0.02703092, 0.0361764], [0.00960401, 0.03068099, 0.01528193, 0.02320713, 0.04107529, -0.02488594], [0.01013843, 0.01379775, -0.00248104, -0.05515496, -0.03012276, -0.00765739], [0.02010493, 0.04789651, -0.02161106, -0.03375627, -0.00779997, 0.00150613], [0.04214101, -0.04535804, -0.00364704, -0.01272517, 0.0218356, -0.03849397], [-0.03581205, -0.0057254, -0.00054044, 0.04447426, -0.03839075, 0.03635249]], "number of molecular orbitals": 44, "number of electrons": 48, "number of unpaired electrons": 0, "orbital energies/eV": [-18.51935807, -17.80289252, -17.73328178, -17.01505088, -16.93496561, -16.78046603, -16.03063319, -15.1316583, -14.98637333, -14.78298818, -14.5119369, -14.203959, -13.87216498, -13.61530695, -13.24809393, -13.14327729, -13.01642369, -12.98756766, -12.76743843, -12.60653396, -12.60587598, -10.77606012, -10.20256976, -9.92306737, -5.30297902, -0.4022698, 0.73311753, 2.65033902, 3.1089137, 3.14236038, 3.59844503, 3.81017795, 4.49818899, 4.71765931, 5.06473873, 5.3948384, 5.54448353, 5.75173177, 5.87728554, 6.24985304, 6.38726337, 7.97878803, 10.00652705, 16.17187526], "fractional occupation": [2.0, 2.0, 2.0, 2.0, 2.0, 2.0, 2.0, 2.0, 2.0, 2.0, 2.0, 2.0, 2.0, 2.0, 2.0, 2.0, 2.0, 2.0, 2.0, 2.0, 2.0, 2.0, 2.0, 2.0, 0.0, 0.0, 0.0, 0.0, 0.0, 0.0, 0.0, 0.0, 0.0, 0.0, 0.0, 0.0, 0.0, 0.0, 0.0, 0.0, 0.0, 0.0, 0.0, 0.0], "program call": "xtb /home/svss/Project-DBcg-Debug/aqme2_20220329/End-to-End-workflows-final/example-3/QDESCP/mol_1083_rdkit_conf_1/mol_1083_rdkit_conf_1.xyz --pop --wbo --acc 0.2 --gfn 2 --chrg 0 --uhf 0 --etemp 300 --input /home/svss/Project-DBcg-Debug/aqme2_20220329/End-to-End-workflows-final/example-3/QDESCP/mol_1083_rdkit_conf_1/mol_1083_rdkit_conf_1_xtb.inp", "method": "GFN2-xTB", "xtb version": "6.3.3 (7355c4f)", "Dipole module/D": 4.001, "Total charge": 0, "Transition dipole module/D": NaN, "HOMO": -9.9231, "LUMO": -5.303, "HOMO occupancy": 2.0, "LUMO occupancy": 0, "mulliken charges": [0.05999, -0.3134, 0.06831, 0.55295, -0.57911, -0.3134, 0.0683, 0.05997, 0.03209, 0.03462, 0.0269, 0.03365, 0.05052, 0.0204, 0.02041, 0.05052, 0.03365, 0.03209, 0.03464, 0.0269], "cm5 charges": [-0.02729, -0.57763, -0.01764, 0.71173, -0.62009, -0.57763, -0.01766, -0.02732, 0.09411, 0.10045, 0.08848, 0.09657, 0.1152, 0.08193, 0.08195, 0.11521, 0.09656, 0.09413, 0.10046, 0.08849], "FUKUI+": [0.031, -0.083, 0.042, -0.158, -0.231, -0.083, 0.042, 0.031, -0.058, -0.035, -0.063, -0.048, -0.029, -0.063, -0.063, -0.029, -0.048, -0.058, -0.035, -0.063], "FUKUI-": [0.039, -0.131, 0.04, 0.003, -0.102, -0.131, 0.04, 0.039, -0.08, -0.038, -0.067, -0.091, -0.053, -0.07, -0.07, -0.053, -0.091, -0.08, -0.038, -0.067], "FUKUIrad": [0.035, -0.107, 0.041, -0.077, -0.167, -0.107, 0.041, 0.035, -0.069, -0.037, -0.065, -0.069, -0.041, -0.066, -0.066, -0.041, -0.069, -0.069, -0.037, -0.065], "s proportion": [0.984, 1.445, 0.981, 0.955, 1.73, 1.445, 0.981, 0.984, 0.968, 0.965, 0.973, 0.966, 0.949, 0.98, 0.98, 0.949, 0.966, 0.968, 0.965, 0.973], "p proportion": [2.956, 3.868, 2.951, 2.492, 4.849, 3.868, 2.951, 2.956, 0.0, 0.0, 0.0, 0.0, 0.0, 0.0, 0.0, 0.0, 0.0, 0.0, 0.0, 0.0], "d proportion": [0.0, 0.0, 0.0, 0.0, 0.0, 0.0, 0.0, 0.0, 0.0, 0.0, 0.0, 0.0, 0.0, 0.0, 0.0, 0.0, 0.0, 0.0, 0.0, 0.0], "Fermi-level/eV": -7.613, "Coordination numbers": [3.694, 2.729, 3.7, 2.713, 0.858, 2.729, 3.7, 3.694, 0.924, 0.924, 0.924, 0.924, 0.924, 0.924, 0.924, 0.924, 0.924, 0.924, 0.924, 0.924], "Dispersion coefficient C6": [21.495, 24.137, 21.331, 21.745, 23.116, 24.137, 21.331, 21.495, 2.428, 2.213, 2.368, 2.407, 2.125, 2.403, 2.403, 2.125, 2.407, 2.428, 2.213, 2.368], "Total dispersion C6": 3133.447694, "Total dispersion C8": 65262.458725, "Polarizability alpha": [6.633, 7.297, 6.605, 7.633, 6.446, 7.297, 6.605, 6.633, 2.437, 2.327, 2.406, 2.426, 2.28, 2.424, 2.424, 2.279, 2.426, 2.437, 2.326, 2.406], "Total polarizability alpha": 83.748519, "Wiberg matrix": [[0.0, 0.9961628165426576, 0.0, 0.0, 0.0, 0.0, 0.0, 0.0, 0.9760540059396241, 0.9801462604557435, 0.9814057001951143, 0.0, 0.0, 0.0, 0.0, 0.0, 0.0, 0.0, 0.0, 0.0], [0.9961628165426576, 0.0, 1.0016425035062904, 1.1289160658843234, 0.13864627005857721, 0.0, 0.0, 0.0, 0.0, 0.0, 0.0, 0.0, 0.0, 0.0, 0.0, 0.0, 0.0, 0.0, 0.0, 0.0], [0.0, 1.0016425035062904, 0.0, 0.0, 0.0, 0.0, 0.0, 0.0, 0.0, 0.0, 0.0, 0.97675726522862, 0.9804152642019948, 0.9820376153758638, 0.0, 0.0, 0.0, 0.0, 0.0, 0.0], [0.0, 1.1289160658843234, 0.0, 0.0, 1.6284078915451734, 1.128933724434922, 0.0, 0.0, 0.0, 0.0, 0.0, 0.0, 0.0, 0.0, 0.0, 0.0, 0.0, 0.0, 0.0, 0.0], [0.0, 0.13864627005857721, 0.0, 1.6284078915451734, 0.0, 0.13864698105105172, 0.0, 0.0, 0.0, 0.0, 0.0, 0.0, 0.0, 0.0, 0.0, 0.0, 0.0, 0.0, 0.0, 0.0], [0.0, 0.0, 0.0, 1.128933724434922, 0.13864698105105172, 0.0, 1.0016367670264668, 0.9961479390848645, 0.0, 0.0, 0.0, 0.0, 0.0, 0.0, 0.0, 0.0, 0.0, 0.0, 0.0, 0.0], [0.0, 0.0, 0.0, 0.0, 0.0, 1.0016367670264668, 0.0, 0.0, 0.0, 0.0, 0.0, 0.0, 0.0, 0.0, 0.9820414174733896, 0.980414708902206, 0.9767563169848572, 0.0, 0.0, 0.0], [0.0, 0.0, 0.0, 0.0, 0.0, 0.9961479390848645, 0.0, 0.0, 0.0, 0.0, 0.0, 0.0, 0.0, 0.0, 0.0, 0.0, 0.0, 0.9760623491499583, 0.9801467169427849, 0.9814088396503478], [0.9760540059396241, 0.0, 0.0, 0.0, 0.0, 0.0, 0.0, 0.0, 0.0, 0.0, 0.0, 0.0, 0.0, 0.0, 0.0, 0.0, 0.0, 0.0, 0.0, 0.0], [0.9801462604557435, 0.0, 0.0, 0.0, 0.0, 0.0, 0.0, 0.0, 0.0, 0.0, 0.0, 0.0, 0.0, 0.0, 0.0, 0.0, 0.0, 0.0, 0.0, 0.0], [0.9814057001951143, 0.0, 0.0, 0.0, 0.0, 0.0, 0.0, 0.0, 0.0, 0.0, 0.0, 0.0, 0.0, 0.0, 0.0, 0.0, 0.0, 0.0, 0.0, 0.0], [0.0, 0.0, 0.97675726522862, 0.0, 0.0, 0.0, 0.0, 0.0, 0.0, 0.0, 0.0, 0.0, 0.0, 0.0, 0.0, 0.0, 0.0, 0.0, 0.0, 0.0], [0.0, 0.0, 0.9804152642019948, 0.0, 0.0, 0.0, 0.0, 0.0, 0.0, 0.0, 0.0, 0.0, 0.0, 0.0, 0.0, 0.0, 0.0, 0.0, 0.0, 0.0], [0.0, 0.0, 0.9820376153758638, 0.0, 0.0, 0.0, 0.0, 0.0, 0.0, 0.0, 0.0, 0.0, 0.0, 0.0, 0.0, 0.0, 0.0, 0.0, 0.0, 0.0], [0.0, 0.0, 0.0, 0.0, 0.0, 0.0, 0.9820414174733896, 0.0, 0.0, 0.0, 0.0, 0.0, 0.0, 0.0, 0.0, 0.0, 0.0, 0.0, 0.0, 0.0], [0.0, 0.0, 0.0, 0.0, 0.0, 0.0, 0.980414708902206, 0.0, 0.0, 0.0, 0.0, 0.0, 0.0, 0.0, 0.0, 0.0, 0.0, 0.0, 0.0, 0.0], [0.0, 0.0, 0.0, 0.0, 0.0, 0.0, 0.9767563169848572, 0.0, 0.0, 0.0, 0.0, 0.0, 0.0, 0.0, 0.0, 0.0, 0.0, 0.0, 0.0, 0.0], [0.0, 0.0, 0.0, 0.0, 0.0, 0.0, 0.0, 0.9760623491499583, 0.0, 0.0, 0.0, 0.0, 0.0, 0.0, 0.0, 0.0, 0.0, 0.0, 0.0, 0.0], [0.0, 0.0, 0.0, 0.0, 0.0, 0.0, 0.0, 0.9801467169427849, 0.0, 0.0, 0.0, 0.0, 0.0, 0.0, 0.0, 0.0, 0.0, 0.0, 0.0, 0.0], [0.0, 0.0, 0.0, 0.0, 0.0, 0.0, 0.0, 0.9814088396503478, 0.0, 0.0, 0.0, 0.0, 0.0, 0.0, 0.0, 0.0, 0.0, 0.0, 0.0, 0.0]], "Born radii": [], "Atomic SASAs": [], "Solvent H bonds": [], "Total SASA": NaN, "Total FOD": 0.0, "FOD": [0.0, 0.0, 0.0, 0.0, 0.0, 0.0, 0.0, 0.0, 0.0, 0.0, 0.0, 0.0, 0.0, 0.0, 0.0, 0.0, 0.0, 0.0, 0.0, 0.0], "FOD s proportion": [0.0, 0.0, 0.0, 0.0, 0.0, 0.0, 0.0, 0.0, 0.0, 0.0, 0.0, 0.0, 0.0, 0.0, 0.0, 0.0, 0.0, 0.0, 0.0, 0.0], "FOD p proportion": [0.0, 0.0, 0.0, 0.0, 0.0, 0.0, 0.0, 0.0, 0.0, 0.0, 0.0, 0.0, 0.0, 0.0, 0.0, 0.0, 0.0, 0.0, 0.0, 0.0], "FOD d proportion": [0.0, 0.0, 0.0, 0.0, 0.0, 0.0, 0.0, 0.0, 0.0, 0.0, 0.0, 0.0, 0.0, 0.0, 0.0, 0.0, 0.0, 0.0, 0.0, 0.0], "coordinates": [["-1.53550", "0.14480", "1.16100"], ["-1.05250", "0.51570", "-0.16180"], ["-2.05510", "1.08130", "-1.04600"], ["-0.03300", "-0.21440", "-0.76670"], ["-0.08410", "-0.54570", "-1.95140"], ["1.04750", "-0.54830", "0.04530"], ["1.98870", "-1.51230", "-0.49490"], ["1.62600", "0.44320", "0.94140"], ["-2.38240", "-0.53960", "1.04440"], ["-0.77990", "-0.36750", "1.75990"], ["-1.86430", "1.04750", "1.68340"], ["-2.76970", "0.30180", "-1.32800"], ["-1.58420", "1.47700", "-1.95140"], ["-2.57360", "1.89610", "-0.53270"], ["2.56450", "-1.95470", "0.32290"], ["1.45600", "-2.30900", "-1.02360"], ["2.66100", "-1.00770", "-1.19580"], ["2.44540", "0.94910", "0.42010"], ["0.90940", "1.20830", "1.24650"], ["2.01560", "-0.06560", "1.82750"]], "bond_dist": [[0.0, 1.4562471115851183, 2.4531337937422, 2.470335641162958, 3.5029110708095343, 2.8977686415585358, 4.231781050574332, 3.183135085100851, 1.0950974979425347, 1.0918167703419839, 1.093562293607456, 2.7826281893203046, 3.385876886421005, 2.648267922624144, 4.681913269166784, 4.443274001229274, 4.949078170730384, 4.128364822783956, 2.6675604041895657, 3.619226660489779], [1.4562471115851183, 0.0, 1.4515232550668968, 1.3922393005514535, 2.295002544660899, 2.363257584352582, 3.6705090995664347, 2.8977005952996593, 2.082597066165224, 2.1324361397237666, 2.084848560447497, 2.0867562124023973, 2.099873981933202, 2.087298775930269, 4.406869552187811, 3.8748163285502963, 4.144874643460282, 3.572358825762048, 2.5123803971532657, 3.7024939959438155], [2.4531337937422, 1.4515232550668968, 0.0, 2.417795564145157, 2.711405384666778, 3.670512036487552, 4.835575520038954, 4.231716859620927, 2.66537319338212, 3.4056176077181655, 2.736269621217909, 1.0944393130731367, 1.0945658774144205, 1.0937175960914225, 5.694900119405081, 4.880825653513963, 5.160228701327103, 4.735126851521509, 3.7496593845308137, 5.113020667863568], [2.470335641162958, 1.3922393005514535, 2.417795564145157, 0.0, 1.2312128126363855, 1.3922332635014867, 2.417786289149643, 2.4702883171808105, 2.9842115558384936, 2.639129928593892, 3.308933560831949, 2.8409588205392913, 2.5827445653800147, 3.311134942885898, 3.3110237842697536, 2.582724873074947, 2.8409659800849427, 2.9840732313400085, 2.6391603380620885, 3.3088936277855776], [3.5029110708095343, 2.295002544660899, 2.711405384666778, 1.2312128126363855, 0.0, 2.2950678007414074, 2.7114954637616493, 3.5029497655547392, 3.775849274004459, 3.7801640929991387, 4.349617146370472, 2.884325080499769, 2.5182564007662127, 3.764665613304852, 3.76467839927928, 2.5183224058884917, 2.8844322439606724, 3.7758190555162994, 3.780227858211724, 4.349634617988045], [2.8977686415585358, 2.363257584352582, 3.670512036487552, 1.3922332635014867, 2.2950678007414074, 0.0, 1.4515403818013468, 1.4562725397397287, 3.5724628073641296, 2.512355977961722, 3.7025030033748796, 4.144832775878902, 3.874854303067407, 4.406987697963316, 2.0871779320412527, 2.099877127357694, 2.086806128992341, 2.0824999903961583, 2.132509463050516, 2.0848150373594296], [4.231781050574332, 3.6705090995664347, 4.835575520038954, 2.417786289149643, 2.7114954637616493, 1.4515403818013468, 0.0, 2.4532609380169896, 4.735198516429908, 3.749644788509973, 5.113039793508358, 5.160172960279529, 4.880872990562241, 5.695015424913263, 1.0936453904259826, 1.0945427675518213, 1.0944721376078972, 2.6653873733474467, 3.4057344009772694, 2.73627598388759], [3.183135085100851, 2.8977005952996593, 4.231716859620927, 2.4702883171808105, 3.5029497655547392, 1.4562725397397287, 2.4532609380169896, 0.0, 4.1284107596022945, 2.6674953701927957, 3.6191071523236222, 4.94897452104979, 4.443244121134917, 4.681936498928622, 2.6482539360869457, 3.3859606967594886, 2.7827970910578443, 1.0950364651462525, 1.0917781734400076, 1.0935441509148134], [1.0950974979425347, 2.082597066165224, 2.66537319338212, 2.9842115558384936, 3.775849274004459, 3.5724628073641296, 4.735198516429908, 4.1284107596022945, 0.0, 1.7633958460878827, 1.7876339166619097, 2.5468091820943317, 3.698461361160881, 2.9079952441501686, 5.195660676949563, 4.705392111184784, 5.538365933197264, 5.090543293205549, 3.732552217987044, 4.492251730479938], [1.0918167703419839, 2.1324361397237666, 3.4056176077181655, 2.639129928593892, 3.7801640929991387, 2.512355977961722, 3.749644788509973, 2.6674953701927957, 1.7633958460878827, 0.0, 1.7843768127836677, 3.733951384257701, 4.2217089466233935, 3.68744619079384, 3.971043213061273, 4.064055032845889, 4.581027323646957, 3.7324334809879733, 2.366529038486534, 2.8125670871998767], [1.093562293607456, 2.084848560447497, 2.736269621217909, 3.308933560831949, 4.349617146370472, 3.7025030033748796, 5.113039793508358, 3.6191071523236222, 1.7876339166619097, 1.7843768127836677, 0.0, 3.2317715900106556, 3.670789737917442, 2.4767574891377633, 5.520727717430013, 5.442272810140999, 5.7438645326992175, 4.492117934783102, 2.8124988782219984, 4.038982598377963], [2.7826281893203046, 2.0867562124023973, 1.0944393130731367, 2.8409588205392913, 2.884325080499769, 4.144832775878902, 5.160172960279529, 4.94897452104979, 2.5468091820943317, 3.733951384257701, 3.2317715900106556, 0.0, 1.7818902463395436, 1.7924145140005978, 6.022537065058213, 4.976492388218834, 5.587912810701327, 5.5382414997903435, 4.581000907007113, 5.743801798460667], [3.385876886421005, 2.099873981933202, 1.0945658774144205, 2.5827445653800147, 2.5182564007662127, 3.874854303067407, 4.880872990562241, 4.443244121134917, 3.698461361160881, 4.2217089466233935, 3.670789737917442, 1.7818902463395436, 0.0, 1.779681673783264, 5.844717022234695, 4.943422385352076, 4.976584018179539, 4.705355121560965, 4.064087235776318, 5.4422660730618455], [2.648267922624144, 2.087298775930269, 1.0937175960914225, 3.311134942885898, 3.764665613304852, 4.406987697963316, 5.695015424913263, 4.681936498928622, 2.9079952441501686, 3.68744619079384, 2.4767574891377633, 1.7924145140005978, 1.779681673783264, 0.0, 6.477714381631842, 5.8447861363783025, 6.0226898650021825, 5.19567106734058, 3.9711346590111996, 5.520830333382833], [4.681913269166784, 4.406869552187811, 5.694900119405081, 3.3110237842697536, 3.76467839927928, 2.0871779320412527, 1.0936453904259826, 2.6482539360869457, 5.195660676949563, 3.971043213061273, 5.520727717430013, 6.022537065058213, 5.844717022234695, 6.477714381631842, 0.0, 1.7797086812172378, 1.7923646225029102, 2.9078664154324563, 3.687405859137288, 2.476653221587552], [4.443274001229274, 3.8748163285502963, 4.880825653513963, 2.582724873074947, 2.5183224058884917, 2.099877127357694, 1.0945427675518213, 3.3859606967594886, 4.705392111184784, 4.064055032845889, 5.442272810140999, 4.976492388218834, 4.943422385352076, 5.8447861363783025, 1.7797086812172378, 0.0, 1.7818696725630638, 3.6984317838781346, 4.221791664684557, 3.6707992222403014], [4.949078170730384, 4.144874643460282, 5.160228701327103, 2.8409659800849427, 2.8844322439606724, 2.086806128992341, 1.0944721376078972, 2.7827970910578443, 5.538365933197264, 4.581027323646957, 5.7438645326992175, 5.587912810701327, 4.976584018179539, 6.0226898650021825, 1.7923646225029102, 1.7818696725630638, 0.0, 2.54689662334379, 3.7341113869299614, 3.2317853363118036], [4.128364822783956, 3.572358825762048, 4.735126851521509, 2.9840732313400085, 3.7758190555162994, 2.0824999903961583, 2.6653873733474467, 1.0950364651462525, 5.090543293205549, 3.7324334809879733, 4.492117934783102, 5.5382414997903435, 4.705355121560965, 5.19567106734058, 2.9078664154324563, 3.6984317838781346, 2.54689662334379, 0.0, 1.7633540767525957, 1.7874895496198013], [2.6675604041895657, 2.5123803971532657, 3.7496593845308137, 2.6391603380620885, 3.780227858211724, 2.132509463050516, 3.4057344009772694, 1.0917781734400076, 3.732552217987044, 2.366529038486534, 2.8124988782219984, 4.581000907007113, 4.064087235776318, 3.9711346590111996, 3.687405859137288, 4.221791664684557, 3.7341113869299614, 1.7633540767525957, 0.0, 1.7843936365051294], [3.619226660489779, 3.7024939959438155, 5.113020667863568, 3.3088936277855776, 4.349634617988045, 2.0848150373594296, 2.73627598388759, 1.0935441509148134, 4.492251730479938, 2.8125670871998767, 4.038982598377963, 5.743801798460667, 5.4422660730618455, 5.520830333382833, 2.476653221587552, 3.6707992222403014, 3.2317853363118036, 1.7874895496198013, 1.7843936365051294, 0.0]]}