{"total energy": -40.97376154, "HOMO-LUMO gap/eV": 3.3293263, "electronic energy": -41.32322776, "dipole": [0.87387586, -1.19634156, 1.23171608], "partial charges": [-0.10104059, 0.00360615, -0.19727458, -0.00663867, -0.0002041, -0.13642483, 0.37156231, -0.39023244, -0.24436441, 0.03931471, -0.24237985, 0.04095938, 0.04244731, 0.04931793, 0.04936845, 0.03762641, 0.03991803, 0.04987546, 0.0657499, 0.06511875, 0.06786386, 0.06318264, 0.07297105, 0.06180343, 0.06941138, 0.05795906, 0.07050325], "atomic dipole moments": [[-0.03851953, 0.11628975, -0.01265272], [-0.0889239, -0.07221996, -0.07181788], [0.24848634, 0.31156543, 0.1456886], [-0.00786105, -0.06283475, 0.11368882], [-0.12682502, -0.09729196, 0.01096672], [-0.06590415, 0.19880787, -0.52419766], [-0.03989823, -0.26009432, 0.153817], [-0.05448358, -0.40783075, 0.08937704], [-0.05107075, -0.09729507, 0.15787257], [0.06447593, 0.2851651, -0.05092454], [0.05259494, 0.15230259, 0.08391451], [0.11980239, -0.1620712, -0.21999299], [0.10296971, -0.00404374, 0.07224245], [0.03256623, -0.05411565, -0.11276972], [-0.08840945, -0.07456206, 0.05836088], [0.09210615, 0.06530036, -0.05384437], [-0.02867859, 0.04465171, 0.11289853], [0.10439002, 0.03682757, -0.06111921], [-0.08911902, 0.01949917, -0.09195685], [-0.01050474, 0.12520284, -0.02546326], [0.10114552, -0.00230791, 0.07839979], [0.05412775, -0.0242185, 0.10950252], [0.04398157, -0.07893712, -0.08933084], [-0.12487197, -0.00444933, 0.00421249], [-0.07941496, -0.06524835, 0.07226224], [0.10222613, 0.0339483, 0.0662248], [-0.06180795, 0.09576234, -0.05370839]], "atomic quadrupole moments": [[-0.07823097, -0.12028133, 0.20299332, 0.03598461, -0.04296432, -0.12476235], [0.11630875, -0.08580054, 0.00458499, 0.29259522, -0.02757912, -0.12089374], [-0.01390905, -0.12174358, 0.35391178, 0.49147143, -0.11959973, -0.34000272], [-0.24284476, -0.05139796, 0.29269578, -0.04174539, 0.0354452, -0.04985102], [0.11285721, 0.12323662, -0.14718171, -0.26741525, 0.02788815, 0.0343245], [0.4062279, 0.03484337, -0.50108146, 0.09655762, -0.24762349, 0.09485357], [0.33164232, -0.09024818, -0.51818497, -0.10523172, 0.47722061, 0.18654265], [-0.3463779, -0.06784207, 0.47797675, 0.04545009, -0.40227219, -0.13159885], [-0.09915398, 0.04517669, 0.11252302, -0.01508061, -0.00139057, -0.01336904], [-0.25828446, 0.18059491, 0.5038838, -0.03980647, -0.15438085, -0.24559934], [-0.0117506, 0.00177891, -0.01070491, -0.09223536, 0.08187762, 0.02245551], [-0.16720644, -0.15896136, -0.03114531, -0.25135406, 0.35970095, 0.19835176], [0.03714936, 0.00479018, -0.03009795, 0.06492389, 0.00632365, -0.00705141], [-0.04449309, -0.01426329, -0.01591675, -0.01980389, 0.02816194, 0.06040984], [0.02962545, 0.03402397, -0.00175764, -0.04150598, -0.02502133, -0.02786781], [0.0222228, 0.02708723, -0.01349409, -0.01220919, -0.02606968, -0.00872871], [-0.00630979, -0.01701983, -0.02727205, -0.00231517, 0.0250453, 0.03358185], [0.02979939, 0.0281148, 0.01482019, -0.03069023, 0.00274588, -0.04461958], [0.02151367, -0.0209959, -0.00923905, 0.04225394, 0.00425669, -0.01227462], [-0.02274866, -0.00917547, 0.03280423, -0.02583677, -0.03097882, -0.01005557], [0.0298869, -0.0213852, -0.04563793, 0.02818421, -0.00726691, 0.01575104], [-0.03382234, 0.00540138, 0.00528941, 0.04306148, -0.02037473, 0.02853292], [-0.02908919, -0.01377068, 0.00643963, -0.04456112, 0.03933262, 0.02264955], [0.05659483, 0.00753996, 0.00322476, -0.00710832, -0.00561469, -0.05981958], [-0.0054059, 0.04094979, 0.01573228, -0.04728722, -0.02350679, -0.01032637], [0.03187202, 0.00810669, -0.03683062, 0.02009347, 0.04078741, 0.0049586], [-0.02801376, -0.05004495, 0.0203938, 0.00573998, -0.0199804, 0.00761996]], "number of molecular orbitals": 83, "number of electrons": 74, "number of unpaired electrons": 0, "orbital energies/eV": [-20.52959588, -20.18659151, -20.03690784, -19.56621245, -18.89494446, -18.44126757, -17.89409108, -17.76176739, -17.20290284, -17.04788413, -16.40556805, -16.18570403, -15.9618999, -15.8658167, -15.72050798, -15.33194886, -15.05216397, -14.88650253, -14.68550781, -14.50693717, -14.31782673, -14.22364584, -13.71765558, -13.4274088, -13.35637569, -13.19640427, -13.07119929, -12.99228281, -12.6580159, -12.55547214, -12.466494, -12.17259308, -11.93487925, -11.06773439, -10.05392887, -10.01917373, -9.97814927, -6.64882297, -5.95201454, -5.76368603, -4.43476709, -4.10012162, -3.94258571, -3.2739441, -1.19894996, -0.87711193, -0.56189055, -0.44499956, -0.31369287, 0.11272115, 0.22236855, 0.69731968, 0.76216954, 1.4391331, 2.11038046, 2.31516713, 2.61665655, 2.99689898, 3.28901585, 3.38004654, 3.63052811, 3.67563593, 3.7939175, 3.97884642, 4.31444072, 4.65488955, 4.70020351, 4.9204572, 4.93821481, 5.1428958, 5.38273382, 5.55201032, 5.8208065, 6.41745781, 6.53131463, 7.55284099, 9.42352991, 10.66316871, 11.06015087, 11.84533323, 25.88289141, 26.74571564, 35.93679996], "fractional occupation": [2.0, 2.0, 2.0, 2.0, 2.0, 2.0, 2.0, 2.0, 2.0, 2.0, 2.0, 2.0, 2.0, 2.0, 2.0, 2.0, 2.0, 2.0, 2.0, 2.0, 2.0, 2.0, 2.0, 2.0, 2.0, 2.0, 2.0, 2.0, 2.0, 2.0, 2.0, 2.0, 2.0, 2.0, 2.0, 2.0, 2.0, 0.0, 0.0, 0.0, 0.0, 0.0, 0.0, 0.0, 0.0, 0.0, 0.0, 0.0, 0.0, 0.0, 0.0, 0.0, 0.0, 0.0, 0.0, 0.0, 0.0, 0.0, 0.0, 0.0, 0.0, 0.0, 0.0, 0.0, 0.0, 0.0, 0.0, 0.0, 0.0, 0.0, 0.0, 0.0, 0.0, 0.0, 0.0, 0.0, 0.0, 0.0, 0.0, 0.0, 0.0, 0.0, 0.0], "program call": "xtb /home/svss/Project-DBcg-Debug/aqme2_20220329/End-to-End-workflows-final/example-3/QDESCP/mol_1126_rdkit_conf_6/mol_1126_rdkit_conf_6.xyz --pop --wbo --acc 0.2 --gfn 2 --chrg 0 --uhf 0 --etemp 300 --input /home/svss/Project-DBcg-Debug/aqme2_20220329/End-to-End-workflows-final/example-3/QDESCP/mol_1126_rdkit_conf_6/mol_1126_rdkit_conf_6_xtb.inp", "method": "GFN2-xTB", "xtb version": "6.3.3 (7355c4f)", "Dipole module/D": 4.897, "Total charge": 0, "Transition dipole module/D": NaN, "HOMO": -9.9781, "LUMO": -6.6488, "HOMO occupancy": 2.0, "LUMO occupancy": 0, "mulliken charges": [-0.08095, 0.01876, -0.13422, 0.00415, 0.02567, -0.09504, 0.37516, -0.22058, -0.36268, 0.1795, -0.36694, 0.17575, 0.02997, 0.03255, 0.03275, 0.02196, 0.01989, 0.02911, 0.0521, 0.03804, 0.03485, 0.0261, 0.03054, 0.03729, 0.03325, 0.02753, 0.03548], "cm5 charges": [-0.2283, -0.07594, -0.18074, -0.08573, -0.06275, -0.09877, 0.31484, -0.1908, -0.42881, 0.06441, -0.43424, 0.06029, 0.08077, 0.08419, 0.0844, 0.07802, 0.07633, 0.08514, 0.11262, 0.09523, 0.09179, 0.08974, 0.09027, 0.09973, 0.09266, 0.08966, 0.09598], "FUKUI+": [0.012, 0.014, -0.138, 0.029, 0.035, -0.269, -0.139, -0.182, -0.007, 0.026, 0.001, 0.024, -0.026, -0.016, -0.011, -0.029, -0.015, -0.052, -0.028, -0.049, -0.048, -0.007, -0.031, -0.033, -0.035, -0.004, -0.024], "FUKUI-": [0.019, 0.037, -0.303, 0.045, 0.029, -0.079, -0.101, -0.292, 0.01, 0.019, -0.005, 0.02, -0.034, -0.02, -0.019, -0.046, -0.043, -0.046, -0.024, -0.029, -0.031, -0.004, -0.021, -0.027, -0.032, -0.009, -0.014], "FUKUIrad": [0.015, 0.026, -0.22, 0.037, 0.032, -0.174, -0.12, -0.237, 0.001, 0.022, -0.002, 0.022, -0.03, -0.018, -0.015, -0.037, -0.029, -0.049, -0.026, -0.039, -0.039, -0.005, -0.026, -0.03, -0.034, -0.006, -0.019], "s proportion": [1.007, 1.033, 1.932, 1.043, 1.042, 1.91, 1.517, 1.89, 1.655, 0.971, 1.658, 0.972, 0.97, 0.967, 0.967, 0.978, 0.98, 0.971, 0.948, 0.962, 0.965, 0.974, 0.969, 0.963, 0.967, 0.972, 0.965], "p proportion": [3.074, 2.948, 4.204, 2.953, 2.932, 4.19, 2.021, 4.344, 4.708, 2.849, 4.709, 2.852, 0.0, 0.0, 0.0, 0.0, 0.0, 0.0, 0.0, 0.0, 0.0, 0.0, 0.0, 0.0, 0.0, 0.0, 0.0], "d proportion": [0.0, 0.0, -0.002, 0.0, 0.0, -0.005, 1.087, -0.014, 0.0, 0.0, 0.0, 0.0, 0.0, 0.0, 0.0, 0.0, 0.0, 0.0, 0.0, 0.0, 0.0, 0.0, 0.0, 0.0, 0.0, 0.0, 0.0], "Fermi-level/eV": -8.3135, "Coordination numbers": [3.791, 3.793, 1.996, 3.806, 3.807, 1.909, 3.922, 0.926, 1.657, 3.848, 1.657, 3.856, 0.924, 0.924, 0.924, 0.924, 0.924, 0.924, 0.924, 0.924, 0.924, 0.924, 0.924, 0.924, 0.924, 0.924, 0.924], "Dispersion coefficient C6": [22.438, 20.527, 149.441, 20.692, 20.58, 146.785, 144.775, 156.165, 18.065, 19.882, 18.032, 19.85, 2.417, 2.329, 2.328, 2.481, 2.45, 2.322, 2.133, 2.14, 2.109, 2.162, 2.053, 2.178, 2.092, 2.223, 2.08], "Total dispersion C6": 11362.198334, "Total dispersion C8": 369131.068653, "Polarizability alpha": [6.746, 6.452, 20.575, 6.476, 6.458, 20.392, 21.614, 21.137, 5.738, 6.342, 5.732, 6.337, 2.431, 2.386, 2.386, 2.463, 2.448, 2.383, 2.284, 2.288, 2.271, 2.299, 2.241, 2.308, 2.262, 2.332, 2.255], "Total polarizability alpha": 169.03494, "Wiberg matrix": [[0.0, 1.0245045698121718, 0.0, 0.0, 0.0, 0.0, 0.0, 0.0, 0.0, 0.0, 0.0, 0.0, 0.9807927188564695, 0.9862333118572794, 0.9860659085022166, 0.0, 0.0, 0.0, 0.0, 0.0, 0.0, 0.0, 0.0, 0.0, 0.0, 0.0, 0.0], [1.0245045698121718, 0.0, 0.9858715569476403, 0.0, 0.0, 0.0, 0.0, 0.0, 0.0, 0.0, 0.0, 0.0, 0.0, 0.0, 0.0, 0.9760293185551568, 0.9754952909934902, 0.0, 0.0, 0.0, 0.0, 0.0, 0.0, 0.0, 0.0, 0.0, 0.0], [0.0, 0.9858715569476403, 0.0, 0.9960645931349509, 0.0, 0.0, 0.0, 0.0, 0.0, 0.0, 0.0, 0.0, 0.0, 0.0, 0.0, 0.0, 0.0, 0.0, 0.0, 0.0, 0.0, 0.0, 0.0, 0.0, 0.0, 0.0, 0.0], [0.0, 0.0, 0.9960645931349509, 0.0, 1.0148719144142173, 0.0, 0.0, 0.0, 0.0, 0.0, 0.0, 0.0, 0.0, 0.0, 0.0, 0.0, 0.0, 0.9658029379428222, 0.9642456323897478, 0.0, 0.0, 0.0, 0.0, 0.0, 0.0, 0.0, 0.0], [0.0, 0.0, 0.0, 1.0148719144142173, 0.0, 0.9657335268404962, 0.0, 0.0, 0.0, 0.0, 0.0, 0.0, 0.0, 0.0, 0.0, 0.0, 0.0, 0.0, 0.0, 0.9645567078665206, 0.9638933506929857, 0.0, 0.0, 0.0, 0.0, 0.0, 0.0], [0.0, 0.0, 0.0, 0.0, 0.9657335268404962, 0.0, 0.9940574309003145, 0.14616699854131707, 0.0, 0.0, 0.0, 0.0, 0.0, 0.0, 0.0, 0.0, 0.0, 0.0, 0.0, 0.0, 0.0, 0.0, 0.0, 0.0, 0.0, 0.0, 0.0], [0.0, 0.0, 0.0, 0.0, 0.0, 0.9940574309003145, 0.0, 1.5915854743429205, 1.2582574795816548, 0.0, 1.2620546562621948, 0.0, 0.0, 0.0, 0.0, 0.0, 0.0, 0.0, 0.0, 0.0, 0.0, 0.0, 0.0, 0.0, 0.0, 0.0, 0.0], [0.0, 0.0, 0.0, 0.0, 0.0, 0.14616699854131707, 1.5915854743429205, 0.0, 0.0, 0.0, 0.0, 0.0, 0.0, 0.0, 0.0, 0.0, 0.0, 0.0, 0.0, 0.0, 0.0, 0.0, 0.0, 0.0, 0.0, 0.0, 0.0], [0.0, 0.0, 0.0, 0.0, 0.0, 0.0, 1.2582574795816548, 0.0, 0.0, 0.9355718393985054, 0.0, 0.0, 0.0, 0.0, 0.0, 0.0, 0.0, 0.0, 0.0, 0.0, 0.0, 0.0, 0.0, 0.0, 0.0, 0.0, 0.0], [0.0, 0.0, 0.0, 0.0, 0.0, 0.0, 0.0, 0.0, 0.9355718393985054, 0.0, 0.0, 0.0, 0.0, 0.0, 0.0, 0.0, 0.0, 0.0, 0.0, 0.0, 0.0, 0.9735891021241605, 0.9765281610300991, 0.980225204474661, 0.0, 0.0, 0.0], [0.0, 0.0, 0.0, 0.0, 0.0, 0.0, 1.2620546562621948, 0.0, 0.0, 0.0, 0.0, 0.9430967950143287, 0.0, 0.0, 0.0, 0.0, 0.0, 0.0, 0.0, 0.0, 0.0, 0.0, 0.0, 0.0, 0.0, 0.0, 0.0], [0.0, 0.0, 0.0, 0.0, 0.0, 0.0, 0.0, 0.0, 0.0, 0.0, 0.9430967950143287, 0.0, 0.0, 0.0, 0.0, 0.0, 0.0, 0.0, 0.0, 0.0, 0.0, 0.0, 0.0, 0.0, 0.977425484756964, 0.9776675500025267, 0.9786770602205864], [0.9807927188564695, 0.0, 0.0, 0.0, 0.0, 0.0, 0.0, 0.0, 0.0, 0.0, 0.0, 0.0, 0.0, 0.0, 0.0, 0.0, 0.0, 0.0, 0.0, 0.0, 0.0, 0.0, 0.0, 0.0, 0.0, 0.0, 0.0], [0.9862333118572794, 0.0, 0.0, 0.0, 0.0, 0.0, 0.0, 0.0, 0.0, 0.0, 0.0, 0.0, 0.0, 0.0, 0.0, 0.0, 0.0, 0.0, 0.0, 0.0, 0.0, 0.0, 0.0, 0.0, 0.0, 0.0, 0.0], [0.9860659085022166, 0.0, 0.0, 0.0, 0.0, 0.0, 0.0, 0.0, 0.0, 0.0, 0.0, 0.0, 0.0, 0.0, 0.0, 0.0, 0.0, 0.0, 0.0, 0.0, 0.0, 0.0, 0.0, 0.0, 0.0, 0.0, 0.0], [0.0, 0.9760293185551568, 0.0, 0.0, 0.0, 0.0, 0.0, 0.0, 0.0, 0.0, 0.0, 0.0, 0.0, 0.0, 0.0, 0.0, 0.0, 0.0, 0.0, 0.0, 0.0, 0.0, 0.0, 0.0, 0.0, 0.0, 0.0], [0.0, 0.9754952909934902, 0.0, 0.0, 0.0, 0.0, 0.0, 0.0, 0.0, 0.0, 0.0, 0.0, 0.0, 0.0, 0.0, 0.0, 0.0, 0.0, 0.0, 0.0, 0.0, 0.0, 0.0, 0.0, 0.0, 0.0, 0.0], [0.0, 0.0, 0.0, 0.9658029379428222, 0.0, 0.0, 0.0, 0.0, 0.0, 0.0, 0.0, 0.0, 0.0, 0.0, 0.0, 0.0, 0.0, 0.0, 0.0, 0.0, 0.0, 0.0, 0.0, 0.0, 0.0, 0.0, 0.0], [0.0, 0.0, 0.0, 0.9642456323897478, 0.0, 0.0, 0.0, 0.0, 0.0, 0.0, 0.0, 0.0, 0.0, 0.0, 0.0, 0.0, 0.0, 0.0, 0.0, 0.0, 0.0, 0.0, 0.0, 0.0, 0.0, 0.0, 0.0], [0.0, 0.0, 0.0, 0.0, 0.9645567078665206, 0.0, 0.0, 0.0, 0.0, 0.0, 0.0, 0.0, 0.0, 0.0, 0.0, 0.0, 0.0, 0.0, 0.0, 0.0, 0.0, 0.0, 0.0, 0.0, 0.0, 0.0, 0.0], [0.0, 0.0, 0.0, 0.0, 0.9638933506929857, 0.0, 0.0, 0.0, 0.0, 0.0, 0.0, 0.0, 0.0, 0.0, 0.0, 0.0, 0.0, 0.0, 0.0, 0.0, 0.0, 0.0, 0.0, 0.0, 0.0, 0.0, 0.0], [0.0, 0.0, 0.0, 0.0, 0.0, 0.0, 0.0, 0.0, 0.0, 0.9735891021241605, 0.0, 0.0, 0.0, 0.0, 0.0, 0.0, 0.0, 0.0, 0.0, 0.0, 0.0, 0.0, 0.0, 0.0, 0.0, 0.0, 0.0], [0.0, 0.0, 0.0, 0.0, 0.0, 0.0, 0.0, 0.0, 0.0, 0.9765281610300991, 0.0, 0.0, 0.0, 0.0, 0.0, 0.0, 0.0, 0.0, 0.0, 0.0, 0.0, 0.0, 0.0, 0.0, 0.0, 0.0, 0.0], [0.0, 0.0, 0.0, 0.0, 0.0, 0.0, 0.0, 0.0, 0.0, 0.980225204474661, 0.0, 0.0, 0.0, 0.0, 0.0, 0.0, 0.0, 0.0, 0.0, 0.0, 0.0, 0.0, 0.0, 0.0, 0.0, 0.0, 0.0], [0.0, 0.0, 0.0, 0.0, 0.0, 0.0, 0.0, 0.0, 0.0, 0.0, 0.0, 0.977425484756964, 0.0, 0.0, 0.0, 0.0, 0.0, 0.0, 0.0, 0.0, 0.0, 0.0, 0.0, 0.0, 0.0, 0.0, 0.0], [0.0, 0.0, 0.0, 0.0, 0.0, 0.0, 0.0, 0.0, 0.0, 0.0, 0.0, 0.9776675500025267, 0.0, 0.0, 0.0, 0.0, 0.0, 0.0, 0.0, 0.0, 0.0, 0.0, 0.0, 0.0, 0.0, 0.0, 0.0], [0.0, 0.0, 0.0, 0.0, 0.0, 0.0, 0.0, 0.0, 0.0, 0.0, 0.0, 0.9786770602205864, 0.0, 0.0, 0.0, 0.0, 0.0, 0.0, 0.0, 0.0, 0.0, 0.0, 0.0, 0.0, 0.0, 0.0, 0.0]], "Born radii": [], "Atomic SASAs": [], "Solvent H bonds": [], "Total SASA": NaN, "Total FOD": 0.0, "FOD": [0.0, 0.0, 0.0, 0.0, 0.0, 0.0, 0.0, 0.0, 0.0, 0.0, 0.0, 0.0, 0.0, 0.0, 0.0, 0.0, 0.0, 0.0, 0.0, 0.0, 0.0, 0.0, 0.0, 0.0, 0.0, 0.0, 0.0], "FOD s proportion": [0.0, 0.0, 0.0, 0.0, 0.0, 0.0, 0.0, 0.0, 0.0, 0.0, 0.0, 0.0, 0.0, 0.0, 0.0, 0.0, 0.0, 0.0, 0.0, 0.0, 0.0, 0.0, 0.0, 0.0, 0.0, 0.0, 0.0], "FOD p proportion": [0.0, 0.0, 0.0, 0.0, 0.0, 0.0, 0.0, 0.0, 0.0, 0.0, 0.0, 0.0, 0.0, 0.0, 0.0, 0.0, 0.0, 0.0, 0.0, 0.0, 0.0, 0.0, 0.0, 0.0, 0.0, 0.0, 0.0], "FOD d proportion": [0.0, 0.0, 0.0, 0.0, 0.0, 0.0, 0.0, 0.0, 0.0, 0.0, 0.0, 0.0, 0.0, 0.0, 0.0, 0.0, 0.0, 0.0, 0.0, 0.0, 0.0, 0.0, 0.0, 0.0, 0.0, 0.0, 0.0], "coordinates": [["3.55410", "-2.69480", "0.41660"], ["3.07440", "-1.26400", "0.24670"], ["1.58680", "-1.23140", "-0.80110"], ["1.41390", "0.57350", "-1.04370"], ["1.13100", "1.39060", "0.21880"], ["-0.38180", "0.93470", "1.12060"], ["-1.96310", "1.33740", "-0.21860"], ["-2.03530", "3.09990", "-1.05130"], ["-1.93950", "0.17850", "-1.35730"], ["-2.24400", "-1.15570", "-1.00230"], ["-3.34890", "0.94530", "0.53890"], ["-3.80530", "1.76320", "1.59860"], ["4.44920", "-2.71440", "1.04730"], ["3.81750", "-3.14790", "-0.54520"], ["2.79520", "-3.31900", "0.90050"], ["3.86220", "-0.66480", "-0.21980"], ["2.84080", "-0.83990", "1.22730"], ["2.33700", "0.93660", "-1.50930"], ["0.62120", "0.73180", "-1.78130"], ["1.05420", "2.44870", "-0.05180"], ["1.97080", "1.31600", "0.91690"], ["-1.79240", "-1.43030", "-0.04640"], ["-1.85530", "-1.82000", "-1.77830"], ["-3.32840", "-1.28170", "-0.94640"], ["-4.49220", "1.17920", "2.21660"], ["-2.97710", "2.10480", "2.22440"], ["-4.34510", "2.62380", "1.19570"]], "bond_dist": [[0.0, 1.518606841812587, 2.737627100245758, 4.170697426090749, 4.754054228760964, 5.400018061080907, 6.86306139561639, 8.183805402134144, 6.4484273323035906, 6.164419650705165, 7.804914752897689, 8.685139973541014, 1.095157824242698, 1.095325709549447, 1.0953145940778841, 2.149611725405311, 2.146319032669654, 4.2868973838896585, 5.017395178775537, 5.737986652128079, 4.340927967612455, 5.513473632838013, 5.902920413659666, 7.157054342395341, 9.109929730244904, 8.304268447009646, 9.554677567034902], [1.518606841812587, 0.0, 1.819863005833131, 2.7926329261111276, 3.2900582259285325, 4.188472435148642, 5.688601963575936, 6.843789980705136, 5.458279532966408, 5.464165851253053, 6.798909487557544, 7.636874068622579, 2.1528343085337527, 2.1744844055545673, 2.1744958220240385, 1.094208266282064, 1.0936206517801315, 2.910315295633791, 3.7568859285317675, 4.237269354194987, 2.885047833225647, 4.878453191330219, 5.358330252046806, 6.513036829313957, 8.191652324775509, 7.20283020624532, 8.429980432361631], [2.737627100245758, 1.819863005833131, 0.0, 1.8293204147988944, 2.8500585344866165, 3.501471984751556, 4.420387958086937, 5.651757968986287, 3.838224607810231, 3.8368268881981114, 5.558305261498329, 6.618227229402146, 3.7160739120744086, 2.952029733928843, 2.9519056353481226, 2.415862249798196, 2.416649500858575, 2.400952161122749, 2.3973588884436974, 3.7931845802702515, 3.096486195674058, 3.468158868910131, 3.626213205259724, 4.917604418820204, 7.202204291048679, 6.411946966405758, 7.35100094476936], [4.170697426090749, 2.7926329261111276, 1.8293204147988944, 0.0, 1.5302258232038828, 2.835348024493642, 3.5592783285379634, 4.275480716831734, 3.391115085042087, 4.046242579233232, 5.032605869725942, 5.969688770781941, 4.939191583650102, 4.458095240122176, 4.565025693246425, 2.864676419772397, 3.0316965827734146, 1.0957821772596963, 1.0942970072151343, 2.1516562783121285, 2.169192527186096, 3.910266157181631, 4.117784361765438, 5.093195815988229, 6.773362960155022, 5.683857695262963, 6.51035509400217], [4.754054228760964, 3.2900582259285325, 2.8500585344866165, 1.5302258232038828, 0.0, 1.819244868070266, 3.1253165935629625, 3.8157982375906614, 3.658038801051733, 4.400608355670839, 4.513342454323625, 5.1390404250209984, 5.343022411519533, 5.329067507547638, 5.041290379456434, 3.4462287445844337, 2.9859033038596547, 2.155662684651752, 2.1666364461995005, 1.094850770653243, 1.0946108029797623, 4.071127044197958, 4.818127069723255, 5.327769391593446, 5.971287385480623, 4.626985909855357, 5.697612399944384], [5.400018061080907, 4.188472435148642, 3.501471984751556, 2.835348024493642, 1.819244868070266, 0.0, 2.110955617723878, 3.4841502407330256, 3.0229548689982124, 3.5134406797326183, 3.0236021001447924, 3.5546094722205415, 6.0547390282323486, 6.089058456773099, 5.313730958563861, 4.729334880297651, 3.6804538864112946, 3.7826248902052133, 3.0770442018274617, 2.3934940484571925, 2.3919887416123014, 2.9908036311332777, 4.2618300705213485, 4.226981135515038, 4.261030909298828, 3.0533736325579284, 4.308879867204469], [6.86306139561639, 5.688601963575936, 4.420387958086937, 3.5592783285379634, 3.1253165935629625, 2.110955617723878, 0.0, 1.9506430683238796, 1.6248827219218007, 2.628428829167722, 1.6272646680856804, 2.6224458659808403, 7.690070047795404, 7.323927908574742, 6.750989902229154, 6.159782980755085, 5.468886295215873, 4.507483459758894, 3.0801605704897916, 3.2197685041008772, 4.094555826948755, 2.778300671273719, 3.5232740015502624, 3.041943743727027, 3.514480486501526, 2.7541510053009075, 3.0543401005781927], [8.183805402134144, 6.843789980705136, 5.651757968986287, 4.275480716831734, 3.8157982375906614, 3.4841502407330256, 1.9506430683238796, 0.0, 2.9389439599965153, 4.260996133534974, 2.9827138917435576, 3.455667359570362, 8.958735775766579, 8.57592035235869, 8.267135580114795, 7.045911196573514, 6.67011193384339, 4.899656945134016, 3.6328762516771747, 3.3118079563887757, 4.806760620209831, 4.646669394308142, 4.976579649719272, 4.569631295848714, 4.517146943591719, 3.550693135149812, 3.257430927893944], [6.4484273323035906, 5.458279532966408, 3.838224607810231, 3.391115085042087, 3.658038801051733, 3.0229548689982124, 1.6248827219218007, 2.9389439599965153, 0.0, 1.4138015737719352, 2.4839414324818527, 3.8379458750743214, 7.413936826005465, 6.698320115521503, 6.304565899409729, 5.972000002511722, 5.528884499607494, 4.345833850942762, 2.6538842062154857, 3.977483875517285, 4.664368979829962, 2.0804650105204843, 2.044097084289296, 2.056712439793176, 4.50449098012195, 4.1971204819495, 4.276004262158774], [6.164419650705165, 5.464165851253053, 3.8368268881981114, 4.046242579233232, 4.400608355670839, 3.5134406797326183, 2.628428829167722, 4.260996133534974, 1.4138015737719352, 0.0, 2.8302477718390664, 4.209788083740083, 7.171424690394511, 6.396841681642591, 5.8046577306504465, 6.175675469128864, 5.5611183083980515, 5.061652821954505, 3.51836159170714, 4.977275645370669, 5.249492220205684, 1.0922877505492772, 1.0929584530072498, 1.093125871068835, 4.568093525750102, 4.645415885580106, 4.850819050428495], [7.804914752897689, 6.798909487557544, 5.558305261498329, 5.032605869725942, 4.513342454323625, 3.0236021001447924, 1.6272646680856804, 2.9827138917435576, 2.4839414324818527, 2.8302477718390664, 0.0, 1.4142932722741772, 8.629150494689497, 8.3238721764573, 7.487654763676008, 7.427517143029696, 6.478674223172516, 6.0435633313468315, 4.603325352394723, 4.690034931639636, 5.345980787470153, 2.8997833884619726, 3.904758749269921, 2.6769507541230566, 2.043653931075416, 2.0793233851423882, 2.0594083932042233], [8.685139973541014, 7.636874068622579, 6.618227229402146, 5.969688770781941, 5.1390404250209984, 3.5546094722205415, 2.6224458659808403, 3.455667359570362, 3.8379458750743214, 4.209788083740083, 1.4142932722741772, 0.0, 9.406891287774085, 9.317824933427328, 8.35958735225609, 8.245745497527802, 7.1473518529592495, 6.933264689884557, 5.664045570085044, 5.177689702946672, 5.833355290053915, 4.117794756905692, 5.29577905977959, 3.9969831898570702, 1.0930743844771045, 1.0928089677523698, 1.0928608374353985], [1.095157824242698, 2.1528343085337527, 3.7160739120744086, 4.939191583650102, 5.343022411519533, 6.0547390282323486, 7.690070047795404, 8.958735775766579, 7.413936826005465, 7.171424690394511, 8.629150494689497, 9.406891287774085, 0.0, 1.7672077947994682, 1.7671466832156297, 2.4801152332099408, 2.4765098041396887, 4.932280750322309, 5.876296146383367, 6.276276557004161, 4.733243589759564, 6.465497897300717, 6.966396986247626, 8.155889328577233, 9.822220594651702, 8.93085576750627, 10.288737254396187], [1.095325709549447, 2.1744844055545673, 2.952029733928843, 4.458095240122176, 5.329067507547638, 6.089058456773099, 7.323927908574742, 8.57592035235869, 6.698320115521503, 6.396841681642591, 8.3238721764573, 9.317824933427328, 1.7672077947994682, 0.0, 1.7788819494277859, 2.504729298746673, 3.069619380314113, 4.4502257594418735, 5.176519003152601, 6.261086328266047, 5.047221068073004, 5.888117628750296, 5.955208968625702, 7.396455278712905, 9.767417659750196, 9.023753687352066, 10.147477147547564], [1.0953145940778841, 2.1744958220240385, 2.9519056353481226, 4.565025693246425, 5.041290379456434, 5.313730958563861, 6.750989902229154, 8.267135580114795, 6.304565899409729, 5.8046577306504465, 7.487654763676008, 8.35958735225609, 1.7671466832156297, 1.7788819494277859, 0.0, 3.0721879385870907, 2.5009626966430343, 4.911946115339622, 5.322340451342812, 6.099534374032168, 4.707773286809805, 5.050730745149656, 5.572263515843449, 6.712682612786039, 8.664416957303013, 8.030551969821252, 9.294509076331035], [2.149611725405311, 1.094208266282064, 2.415862249798196, 2.864676419772397, 3.4462287445844337, 4.729334880297651, 6.159782980755085, 7.045911196573514, 5.972000002511722, 6.175675469128864, 7.427517143029696, 8.245745497527802, 2.4801152332099408, 2.504729298746673, 3.0721879385870907, 0.0, 1.7798922383110727, 2.5599857909761923, 3.85912617181662, 4.196066044523132, 2.96530765520207, 5.708814147439028, 6.037649835821882, 7.2534985717238545, 8.895638275019955, 7.773083190729403, 8.954233830987441], [2.146319032669654, 1.0936206517801315, 2.416649500858575, 3.0316965827734146, 2.9859033038596547, 3.6804538864112946, 5.468886295215873, 6.67011193384339, 5.528884499607494, 5.5611183083980515, 6.478674223172516, 7.1473518529592495, 2.4765098041396887, 3.069619380314113, 2.5009626966430343, 1.7798922383110727, 0.0, 3.3013249234208986, 4.055679845599256, 3.9551139465254352, 2.3454536810604467, 4.8412215493612765, 5.66105843283745, 6.555851399322593, 7.669965338904733, 6.596470792022049, 7.977178389631261], [4.2868973838896585, 2.910315295633791, 2.400952161122749, 1.0957821772596963, 2.155662684651752, 3.7826248902052133, 4.507483459758894, 4.899656945134016, 4.345833850942762, 5.061652821954505, 6.0435633313468315, 6.933264689884557, 4.932280750322309, 4.4502257594418735, 4.911946115339622, 2.5599857909761923, 3.3013249234208986, 0.0, 1.7492560361479392, 2.4609608895713886, 2.4828397531858557, 4.979381124196058, 5.024597879432742, 6.1101938152566, 7.7832614121587875, 6.598853365547685, 7.40365647838958], [5.017395178775537, 3.7568859285317675, 2.3973588884436974, 1.0942970072151343, 2.1666364461995005, 3.0770442018274617, 3.0801605704897916, 3.6328762516771747, 2.6538842062154857, 3.51836159170714, 4.603325352394723, 5.664045570085044, 5.876296146383367, 5.176519003152601, 5.322340451342812, 3.85912617181662, 4.055679845599256, 1.7492560361479392, 0.0, 2.4751575424606815, 3.0729453363182366, 3.6755978262046023, 3.555944950361296, 4.511161759458421, 6.5061686675031725, 5.556844822378973, 6.09149642452493], [5.737986652128079, 4.237269354194987, 3.7931845802702515, 2.1516562783121285, 1.094850770653243, 2.3934940484571925, 3.2197685041008772, 3.3118079563887757, 3.977483875517285, 4.977275645370669, 4.690034931639636, 5.177689702946672, 6.276276557004161, 6.261086328266047, 6.099534374032168, 4.196066044523132, 3.9551139465254352, 2.4609608895713886, 2.4751575424606815, 0.0, 1.7497269901330323, 4.81142408440578, 5.4468148665068465, 5.8243777418708005, 6.125342583888676, 4.642276740996814, 5.544308500615744], [4.340927967612455, 2.885047833225647, 3.096486195674058, 2.169192527186096, 1.0946108029797623, 2.3919887416123014, 4.094555826948755, 4.806760620209831, 4.664368979829962, 5.249492220205684, 5.345980787470153, 5.833355290053915, 4.733243589759564, 5.047221068073004, 4.707773286809805, 2.96530765520207, 2.3454536810604467, 2.4828397531858557, 3.0729453363182366, 1.7497269901330323, 0.0, 4.757287548593211, 5.633616977573111, 6.18881675443699, 6.593807953678967, 5.178173046548368, 6.455901415759074], [5.513473632838013, 4.878453191330219, 3.468158868910131, 3.910266157181631, 4.071127044197958, 2.9908036311332777, 2.778300671273719, 4.646669394308142, 2.0804650105204843, 1.0922877505492772, 2.8997833884619726, 4.117794756905692, 6.465497897300717, 5.888117628750296, 5.050730745149656, 5.708814147439028, 4.8412215493612765, 4.979381124196058, 3.6755978262046023, 4.81142408440578, 4.757287548593211, 0.0, 1.776316444218203, 1.786442823042484, 4.384014061336939, 4.365429960496446, 4.949223829046328], [5.902920413659666, 5.358330252046806, 3.626213205259724, 4.117784361765438, 4.818127069723255, 4.2618300705213485, 3.5232740015502624, 4.976579649719272, 2.044097084289296, 1.0929584530072498, 3.904758749269921, 5.29577905977959, 6.966396986247626, 5.955208968625702, 5.572263515843449, 6.037649835821882, 5.66105843283745, 5.024597879432742, 3.555944950361296, 5.4468148665068465, 5.633616977573111, 1.776316444218203, 0.0, 1.7753445045962204, 5.648687304144212, 5.71700074951893, 5.89840134951836], [7.157054342395341, 6.513036829313957, 4.917604418820204, 5.093195815988229, 5.327769391593446, 4.226981135515038, 3.041943743727027, 4.569631295848714, 2.056712439793176, 1.093125871068835, 2.6769507541230566, 3.9969831898570702, 8.155889328577233, 7.396455278712905, 6.712682612786039, 7.2534985717238545, 6.555851399322593, 6.1101938152566, 4.511161759458421, 5.8243777418708005, 6.18881675443699, 1.786442823042484, 1.7753445045962204, 0.0, 4.173131707722631, 4.652501110155698, 4.568938777221687], [9.109929730244904, 8.191652324775509, 7.202204291048679, 6.773362960155022, 5.971287385480623, 4.261030909298828, 3.514480486501526, 4.517146943591719, 4.50449098012195, 4.568093525750102, 2.043653931075416, 1.0930743844771045, 9.822220594651702, 9.767417659750196, 8.664416957303013, 8.895638275019955, 7.669965338904733, 7.7832614121587875, 6.5061686675031725, 6.125342583888676, 6.593807953678967, 4.384014061336939, 5.648687304144212, 4.173131707722631, 0.0, 1.7754785861845817, 1.77503362785047], [8.304268447009646, 7.20283020624532, 6.411946966405758, 5.683857695262963, 4.626985909855357, 3.0533736325579284, 2.7541510053009075, 3.550693135149812, 4.1971204819495, 4.645415885580106, 2.0793233851423882, 1.0928089677523698, 8.93085576750627, 9.023753687352066, 8.030551969821252, 7.773083190729403, 6.596470792022049, 6.598853365547685, 5.556844822378973, 4.642276740996814, 5.178173046548368, 4.365429960496446, 5.71700074951893, 4.652501110155698, 1.7754785861845817, 0.0, 1.7885772809694305], [9.554677567034902, 8.429980432361631, 7.35100094476936, 6.51035509400217, 5.697612399944384, 4.308879867204469, 3.0543401005781927, 3.257430927893944, 4.276004262158774, 4.850819050428495, 2.0594083932042233, 1.0928608374353985, 10.288737254396187, 10.147477147547564, 9.294509076331035, 8.954233830987441, 7.977178389631261, 7.40365647838958, 6.09149642452493, 5.544308500615744, 6.455901415759074, 4.949223829046328, 5.89840134951836, 4.568938777221687, 1.77503362785047, 1.7885772809694305, 0.0]]}