{"total energy": -55.7950381, "HOMO-LUMO gap/eV": 4.14917772, "electronic energy": -56.47143576, "dipole": [-1.25019096, -0.24936796, 1.31297997], "partial charges": [-0.09367616, -0.05477535, 0.00445848, -0.04081177, -0.03360543, -0.03938801, 0.00369375, -0.05519264, -0.09506895, 0.04100249, -0.09672807, 0.15559608, -0.31191856, 0.0367242, 0.26504357, -0.4095243, 0.00751716, -0.16711372, 0.03337011, 0.03904106, 0.0428335, 0.03700539, 0.04523072, 0.04076574, 0.03860725, 0.0416514, 0.04842255, 0.03799306, 0.03832313, 0.02794466, 0.04057998, 0.05116228, 0.03128608, 0.04137739, 0.03003776, 0.06533035, 0.06591495, 0.08688989], "atomic dipole moments": [[0.00296592, 0.03272772, -0.11164752], [-0.05102021, 0.04353017, 0.08950771], [0.06262807, -0.04158631, 0.00982524], [0.02112877, 0.0042283, 0.00020925], [0.00148126, 0.00010897, -0.00221282], [0.02205507, -0.00118853, -0.0015985], [0.05589859, 0.05326238, -0.00846739], [-0.04292225, -0.02201146, 0.10135838], [0.01410238, -0.06444596, -0.08807115], [0.19952767, 0.01672186, -0.0067246], [0.01825347, 0.03052058, 0.05565314], [0.01238533, -0.19836128, -0.0473082], [0.03575437, 0.25980409, 0.10565281], [-0.14150123, -0.01997209, -0.18326338], [-0.03184278, -0.00952735, 0.00670829], [-0.18684922, -0.0434627, 0.00570282], [-0.00679193, 0.19483045, -0.0430921], [0.10357341, -0.10972446, 0.08411875], [-0.11410946, -0.02907847, 0.04028788], [0.07063014, -0.10411103, 0.01433608], [0.04397004, 0.08894354, 0.08241526], [-0.0433733, -0.08920282, -0.07276819], [0.12165783, 0.00207, -0.04300954], [-0.07355676, -0.13100246, 0.02056923], [-0.15061889, -0.01072424, 0.00197332], [-0.09215077, 0.11946012, -0.01767127], [-0.05515385, 0.05906897, -0.09749298], [0.12147278, 0.00453673, -0.03763584], [-0.11975984, 0.01915402, 0.03568319], [0.05868976, -0.0507661, 0.09912592], [0.05088709, 0.11410482, -0.01859328], [0.08690924, 0.08442541, -0.02151567], [-0.07466082, 0.03985528, 0.08563008], [0.09367076, 0.07103483, -0.03441443], [-0.06695379, 0.04643194, 0.08780219], [0.04817221, -0.11017415, 0.04147122], [-0.11313936, -0.07151744, 0.01101447], [0.07856837, -0.08214066, -0.07261078]], "atomic quadrupole moments": [[-0.11007224, -0.00167218, -0.09453017, -0.00680254, -0.10964457, 0.20460242], [-0.10474155, -0.09768233, 0.02974034, 0.01568499, -0.11419871, 0.07500121], [-0.26866511, -0.11812097, -0.16452754, 0.01461981, 0.09812637, 0.43319265], [-0.25996655, -0.02437762, -0.22737171, -0.00175203, 0.11340444, 0.48733826], [-0.28485764, -0.00310557, -0.23237802, -0.00298076, 0.11656674, 0.51723566], [-0.26792354, 0.01967954, -0.22336434, -0.00864837, 0.10701863, 0.49128788], [-0.30036593, 0.10305117, -0.13620352, -0.02140596, 0.07401165, 0.43656946], [-0.12815549, 0.06532135, 0.11415842, -0.04172612, 0.11556456, 0.01399707], [-0.11705549, -0.01507105, -0.01132968, -0.0231985, 0.16213633, 0.12838517], [0.08449229, 0.049658, -0.42662109, 0.00818947, 0.12161379, 0.3421288], [0.05192947, 0.02020778, -0.00980767, 0.06192359, -0.00078409, -0.04212179], [-0.14190398, -0.19776422, 0.08981106, 0.29030502, -0.09080352, 0.05209293], [-0.05793157, -0.04809573, 0.05300599, 0.13794433, -0.00624515, 0.00492559], [-0.00392185, 0.05266737, -0.22012986, 0.35934181, 0.08640065, 0.22405171], [-0.2459881, -0.15918989, 0.46821148, 0.05964229, -0.10378898, -0.22222337], [-0.06661569, -0.05964212, 0.17220008, 0.00213735, -0.05119449, -0.10558439], [-0.20568604, -0.05886273, 0.14632293, 0.16302556, -0.25557027, 0.05936311], [-0.25848723, -0.1447691, 0.29968042, 0.10238341, -0.38710385, -0.0411932], [0.07483415, 0.0248151, -0.05005133, -0.01897823, -0.006683, -0.02478282], [-0.00668973, -0.06302605, 0.03372651, -0.0045295, -0.00675327, -0.02703678], [-0.03041091, 0.04108091, 0.03304172, 0.02094099, 0.04115277, -0.00263082], [-0.00422793, 0.03221245, 0.01473943, 0.03293669, 0.02690572, -0.0105115], [0.04763318, 0.02469758, -0.02037848, -0.01159134, -0.02026951, -0.02725471], [0.03163444, -0.00951869, 0.03461337, 0.00197982, -0.01532861, -0.06624782], [0.02817451, -0.00078764, 0.03873443, 0.00129328, -0.01628448, -0.06690893], [0.02881762, 0.00898371, 0.03720091, -0.00054963, -0.01564767, -0.06601853], [0.00321602, -0.01851431, -0.00671696, 0.04300176, -0.02059322, 0.00350094], [0.05409629, -0.01856033, -0.01854299, -0.01034988, 0.01490038, -0.0355533], [0.0775815, -0.00605702, -0.04842968, -0.01711626, 0.01037047, -0.02915181], [-0.01548763, -0.03955332, -0.00804353, 0.04046908, -0.03665352, 0.02353116], [-0.02862858, 0.04769146, 0.05177398, -0.01911399, -0.01777972, -0.0231454], [0.01008488, 0.02062891, 0.00214716, 0.00251931, -0.02128059, -0.01223204], [0.01699903, -0.02796408, -0.02006908, -0.02698734, -0.00122339, 0.00307005], [0.01826288, 0.05805066, -0.01045805, -0.00926789, -0.01605357, -0.00780483], [0.00782085, -0.02501428, -0.03364644, -0.03078879, 0.04153824, 0.02582558], [-0.03059266, -0.03516432, 0.05805871, 0.02372405, -0.02344488, -0.02746605], [0.04288076, 0.01854879, -0.01984851, -0.01313538, -0.02424063, -0.02303225], [0.00650178, -0.02937961, -0.01092029, -0.02694255, 0.01040726, 0.00441851]], "number of molecular orbitals": 97, "number of electrons": 100, "number of unpaired electrons": 0, "orbital energies/eV": [-28.69955975, -19.28324333, -19.14192091, -18.45986234, -18.06891884, -17.84206366, -17.42179754, -17.35647034, -17.20056636, -16.97959481, -16.87755478, -16.60193028, -16.39047213, -16.11075224, -15.90544889, -15.73230184, -15.48975871, -15.43983925, -15.24405052, -15.17458025, -14.92377751, -14.75812251, -14.33099555, -14.27280632, -14.19891586, -13.92930704, -13.80404875, -13.7113211, -13.64971313, -13.56611656, -13.49635064, -13.42507161, -13.30639588, -13.24182947, -13.03299229, -12.80575439, -12.64327841, -12.59599919, -12.48890187, -12.16383581, -11.97542512, -11.83265168, -11.75904427, -11.64450579, -11.36505232, -11.33272461, -11.19575341, -10.99739045, -10.93195461, -10.79701696, -6.64783924, -6.51795803, -6.46233451, -4.06288786, -3.23406699, -0.90396607, 0.29095719, 0.40531832, 0.58153683, 0.59636904, 0.87920431, 1.39177428, 1.79550174, 2.379912, 2.89607825, 3.00050616, 3.17195599, 3.4290118, 3.48647636, 3.676417, 3.76499888, 3.93785208, 4.03952003, 4.09944859, 4.17415949, 4.38950583, 4.50004457, 4.6986317, 4.8470031, 4.89583552, 4.99057814, 5.20582112, 5.35884188, 5.5431148, 6.04660193, 6.60844943, 6.68023798, 6.99160627, 7.08381097, 8.3004701, 9.75963173, 10.52327939, 11.39725503, 11.62025682, 14.70799048, 15.9426741, 16.36382161], "fractional occupation": [2.0, 2.0, 2.0, 2.0, 2.0, 2.0, 2.0, 2.0, 2.0, 2.0, 2.0, 2.0, 2.0, 2.0, 2.0, 2.0, 2.0, 2.0, 2.0, 2.0, 2.0, 2.0, 2.0, 2.0, 2.0, 2.0, 2.0, 2.0, 2.0, 2.0, 2.0, 2.0, 2.0, 2.0, 2.0, 2.0, 2.0, 2.0, 2.0, 2.0, 2.0, 2.0, 2.0, 2.0, 2.0, 2.0, 2.0, 2.0, 2.0, 2.0, 0.0, 0.0, 0.0, 0.0, 0.0, 0.0, 0.0, 0.0, 0.0, 0.0, 0.0, 0.0, 0.0, 0.0, 0.0, 0.0, 0.0, 0.0, 0.0, 0.0, 0.0, 0.0, 0.0, 0.0, 0.0, 0.0, 0.0, 0.0, 0.0, 0.0, 0.0, 0.0, 0.0, 0.0, 0.0, 0.0, 0.0, 0.0, 0.0, 0.0, 0.0, 0.0, 0.0, 0.0, 0.0, 0.0, 0.0], "program call": "xtb /home/svss/Project-DBcg-Debug/aqme2_20220329/End-to-End-workflows-final/example-3/QDESCP/mol_363_rdkit_conf_1/mol_363_rdkit_conf_1.xyz --pop --wbo --acc 0.2 --gfn 2 --chrg 0 --uhf 0 --etemp 300 --input /home/svss/Project-DBcg-Debug/aqme2_20220329/End-to-End-workflows-final/example-3/QDESCP/mol_363_rdkit_conf_1/mol_363_rdkit_conf_1_xtb.inp", "method": "GFN2-xTB", "xtb version": "6.3.3 (7355c4f)", "Dipole module/D": 4.652, "Total charge": 0, "Transition dipole module/D": NaN, "HOMO": -10.797, "LUMO": -6.6478, "HOMO occupancy": 2.0, "LUMO occupancy": 0, "mulliken charges": [-0.07362, -0.03693, -0.00557, -0.04317, -0.02566, -0.04183, -0.0133, -0.0419, -0.07832, 0.10037, -0.26975, 0.3208, -0.45791, 0.16957, 0.46262, -0.53958, 0.03148, -0.12255, 0.02247, 0.03341, 0.03395, 0.02715, 0.04206, 0.03536, 0.03433, 0.03516, 0.03663, 0.03404, 0.02997, 0.02364, 0.03516, 0.04725, 0.02052, 0.02537, 0.01231, 0.03978, 0.03472, 0.06194], "cm5 charges": [-0.22223, -0.14059, -0.01354, -0.09631, -0.08097, -0.09492, -0.0211, -0.14589, -0.22736, 0.15694, -0.51766, 0.30238, -0.55779, 0.04726, 0.55381, -0.58264, -0.05796, -0.12947, 0.07416, 0.08446, 0.08835, 0.0825, 0.10451, 0.0918, 0.08971, 0.09159, 0.09218, 0.09553, 0.08166, 0.07576, 0.086, 0.12446, 0.0946, 0.08456, 0.07146, 0.09884, 0.09556, 0.12034], "FUKUI+": [0.011, 0.01, -0.038, -0.029, -0.033, -0.029, -0.036, 0.01, 0.011, -0.024, -0.047, 0.017, -0.007, 0.011, -0.05, -0.12, 0.015, -0.109, -0.017, -0.029, -0.011, -0.03, -0.014, -0.058, -0.06, -0.057, -0.026, -0.012, -0.017, -0.012, -0.029, -0.025, -0.025, -0.013, -0.014, -0.021, -0.038, -0.054], "FUKUI-": [0.008, 0.007, -0.025, -0.023, -0.02, -0.025, -0.022, 0.008, 0.009, -0.008, -0.027, 0.018, -0.056, 0.019, -0.006, -0.094, 0.017, -0.138, -0.025, -0.033, -0.016, -0.043, -0.017, -0.044, -0.046, -0.044, -0.036, -0.013, -0.021, -0.015, -0.028, -0.04, -0.034, -0.039, -0.037, -0.033, -0.036, -0.041], "FUKUIrad": [0.01, 0.009, -0.032, -0.026, -0.027, -0.027, -0.029, 0.009, 0.01, -0.016, -0.037, 0.017, -0.032, 0.015, -0.028, -0.107, 0.016, -0.123, -0.021, -0.031, -0.014, -0.037, -0.016, -0.051, -0.053, -0.051, -0.031, -0.012, -0.019, -0.014, -0.029, -0.033, -0.03, -0.026, -0.025, -0.027, -0.037, -0.048], "s proportion": [1.007, 1.025, 1.098, 1.063, 1.061, 1.062, 1.097, 1.027, 1.008, 1.05, 1.435, 0.975, 1.692, 0.971, 1.007, 1.733, 1.05, 1.949, 0.978, 0.967, 0.966, 0.973, 0.958, 0.965, 0.966, 0.965, 0.963, 0.966, 0.97, 0.976, 0.965, 0.953, 0.979, 0.975, 0.988, 0.96, 0.965, 0.938], "p proportion": [3.067, 3.012, 2.908, 2.98, 2.965, 2.98, 2.916, 3.015, 3.07, 2.849, 3.835, 2.704, 4.766, 2.859, 2.53, 4.807, 2.919, 5.188, 0.0, 0.0, 0.0, 0.0, 0.0, 0.0, 0.0, 0.0, 0.0, 0.0, 0.0, 0.0, 0.0, 0.0, 0.0, 0.0, 0.0, 0.0, 0.0, 0.0], "d proportion": [0.0, 0.0, 0.0, 0.0, 0.0, 0.0, 0.0, 0.0, 0.0, 0.0, 0.0, 0.0, 0.0, 0.0, 0.0, 0.0, 0.0, -0.014, 0.0, 0.0, 0.0, 0.0, 0.0, 0.0, 0.0, 0.0, 0.0, 0.0, 0.0, 0.0, 0.0, 0.0, 0.0, 0.0, 0.0, 0.0, 0.0, 0.0], "Fermi-level/eV": -8.7224, "Coordination numbers": [3.75, 3.804, 2.96, 2.915, 2.906, 2.915, 2.96, 3.804, 3.75, 2.909, 2.734, 3.653, 1.698, 3.653, 2.794, 0.857, 3.714, 0.927, 0.924, 0.924, 0.924, 0.924, 0.924, 0.925, 0.925, 0.925, 0.924, 0.924, 0.924, 0.924, 0.924, 0.924, 0.924, 0.924, 0.924, 0.924, 0.925, 0.924], "Dispersion coefficient C6": [22.352, 21.556, 27.922, 29.014, 28.837, 28.979, 27.94, 21.563, 22.379, 27.081, 23.132, 18.363, 19.204, 20.257, 22.533, 21.872, 20.578, 104.381, 2.539, 2.462, 2.412, 2.489, 2.38, 2.439, 2.467, 2.427, 2.34, 2.476, 2.471, 2.616, 2.441, 2.306, 2.568, 2.431, 2.586, 2.138, 2.131, 1.91], "Total dispersion C6": 15263.917613, "Total dispersion C8": 366598.217115, "Polarizability alpha": [6.743, 6.61, 8.667, 8.833, 8.805, 8.827, 8.67, 6.611, 6.747, 8.533, 7.143, 6.154, 5.917, 6.463, 7.776, 6.27, 6.481, 15.63, 2.492, 2.454, 2.429, 2.467, 2.413, 2.442, 2.456, 2.436, 2.392, 2.461, 2.458, 2.529, 2.443, 2.375, 2.506, 2.438, 2.515, 2.286, 2.283, 2.161], "Total polarizability alpha": 189.317126, "Wiberg matrix": [[0.0, 1.0038047876523943, 0.0, 0.0, 0.0, 0.0, 0.0, 0.0, 0.0, 0.0, 0.0, 0.0, 0.0, 0.0, 0.0, 0.0, 0.0, 0.0, 0.9872530027135596, 0.9855065467461449, 0.9863439735229513, 0.0, 0.0, 0.0, 0.0, 0.0, 0.0, 0.0, 0.0, 0.0, 0.0, 0.0, 0.0, 0.0, 0.0, 0.0, 0.0, 0.0], [1.0038047876523943, 0.0, 1.0115015476232967, 0.0, 0.0, 0.0, 0.0, 0.0, 0.0, 0.0, 0.0, 0.0, 0.0, 0.0, 0.0, 0.0, 0.0, 0.0, 0.0, 0.0, 0.0, 0.9683840072102958, 0.9734123471039117, 0.0, 0.0, 0.0, 0.0, 0.0, 0.0, 0.0, 0.0, 0.0, 0.0, 0.0, 0.0, 0.0, 0.0, 0.0], [0.0, 1.0115015476232967, 0.0, 1.4087283415118521, 0.0, 0.10729590995760542, 0.0, 0.0, 0.0, 1.3739195536727857, 0.0, 0.0, 0.0, 0.0, 0.0, 0.0, 0.0, 0.0, 0.0, 0.0, 0.0, 0.0, 0.0, 0.0, 0.0, 0.0, 0.0, 0.0, 0.0, 0.0, 0.0, 0.0, 0.0, 0.0, 0.0, 0.0, 0.0, 0.0], [0.0, 0.0, 1.4087283415118521, 0.0, 1.4426503240809727, 0.0, 0.10734246638884677, 0.0, 0.0, 0.0, 0.0, 0.0, 0.0, 0.0, 0.0, 0.0, 0.0, 0.0, 0.0, 0.0, 0.0, 0.0, 0.0, 0.9683886809039159, 0.0, 0.0, 0.0, 0.0, 0.0, 0.0, 0.0, 0.0, 0.0, 0.0, 0.0, 0.0, 0.0, 0.0], [0.0, 0.0, 0.0, 1.4426503240809727, 0.0, 1.4425437933977276, 0.0, 0.0, 0.0, 0.0, 0.0, 0.0, 0.0, 0.0, 0.0, 0.0, 0.0, 0.0, 0.0, 0.0, 0.0, 0.0, 0.0, 0.0, 0.9701023001127973, 0.0, 0.0, 0.0, 0.0, 0.0, 0.0, 0.0, 0.0, 0.0, 0.0, 0.0, 0.0, 0.0], [0.0, 0.0, 0.10729590995760542, 0.0, 1.4425437933977276, 0.0, 1.408951909509954, 0.0, 0.0, 0.0, 0.0, 0.0, 0.0, 0.0, 0.0, 0.0, 0.0, 0.0, 0.0, 0.0, 0.0, 0.0, 0.0, 0.0, 0.0, 0.9682550530751244, 0.0, 0.0, 0.0, 0.0, 0.0, 0.0, 0.0, 0.0, 0.0, 0.0, 0.0, 0.0], [0.0, 0.0, 0.0, 0.10734246638884677, 0.0, 1.408951909509954, 0.0, 1.0111715085022366, 0.0, 1.374172732496381, 0.0, 0.0, 0.0, 0.0, 0.0, 0.0, 0.0, 0.0, 0.0, 0.0, 0.0, 0.0, 0.0, 0.0, 0.0, 0.0, 0.0, 0.0, 0.0, 0.0, 0.0, 0.0, 0.0, 0.0, 0.0, 0.0, 0.0, 0.0], [0.0, 0.0, 0.0, 0.0, 0.0, 0.0, 1.0111715085022366, 0.0, 1.0044906854668296, 0.0, 0.0, 0.0, 0.0, 0.0, 0.0, 0.0, 0.0, 0.0, 0.0, 0.0, 0.0, 0.0, 0.0, 0.0, 0.0, 0.0, 0.9674408834153195, 0.9740429060844162, 0.0, 0.0, 0.0, 0.0, 0.0, 0.0, 0.0, 0.0, 0.0, 0.0], [0.0, 0.0, 0.0, 0.0, 0.0, 0.0, 0.0, 1.0044906854668296, 0.0, 0.0, 0.0, 0.0, 0.0, 0.0, 0.0, 0.0, 0.0, 0.0, 0.0, 0.0, 0.0, 0.0, 0.0, 0.0, 0.0, 0.0, 0.0, 0.0, 0.9868361435292229, 0.9864620629732734, 0.9854864364445165, 0.0, 0.0, 0.0, 0.0, 0.0, 0.0, 0.0], [0.0, 0.0, 1.3739195536727857, 0.0, 0.0, 0.0, 1.374172732496381, 0.0, 0.0, 0.0, 0.9887630911584063, 0.0, 0.0, 0.0, 0.0, 0.0, 0.0, 0.0, 0.0, 0.0, 0.0, 0.0, 0.0, 0.0, 0.0, 0.0, 0.0, 0.0, 0.0, 0.0, 0.0, 0.0, 0.0, 0.0, 0.0, 0.0, 0.0, 0.0], [0.0, 0.0, 0.0, 0.0, 0.0, 0.0, 0.0, 0.0, 0.0, 0.9887630911584063, 0.0, 0.9860999079106911, 0.0, 0.0, 1.2043849089889176, 0.19554359493094753, 0.0, 0.0, 0.0, 0.0, 0.0, 0.0, 0.0, 0.0, 0.0, 0.0, 0.0, 0.0, 0.0, 0.0, 0.0, 0.0, 0.0, 0.0, 0.0, 0.0, 0.0, 0.0], [0.0, 0.0, 0.0, 0.0, 0.0, 0.0, 0.0, 0.0, 0.0, 0.0, 0.9860999079106911, 0.0, 0.9761268759832773, 0.0, 0.0, 0.0, 0.0, 0.0, 0.0, 0.0, 0.0, 0.0, 0.0, 0.0, 0.0, 0.0, 0.0, 0.0, 0.0, 0.0, 0.0, 0.9573733762763335, 0.9621425322482852, 0.0, 0.0, 0.0, 0.0, 0.0], [0.0, 0.0, 0.0, 0.0, 0.0, 0.0, 0.0, 0.0, 0.0, 0.0, 0.0, 0.9761268759832773, 0.0, 0.987541056410355, 0.0, 0.0, 0.0, 0.0, 0.0, 0.0, 0.0, 0.0, 0.0, 0.0, 0.0, 0.0, 0.0, 0.0, 0.0, 0.0, 0.0, 0.0, 0.0, 0.0, 0.0, 0.0, 0.0, 0.0], [0.0, 0.0, 0.0, 0.0, 0.0, 0.0, 0.0, 0.0, 0.0, 0.0, 0.0, 0.0, 0.987541056410355, 0.0, 0.0, 0.0, 0.0, 0.0, 0.0, 0.0, 0.0, 0.0, 0.0, 0.0, 0.0, 0.0, 0.0, 0.0, 0.0, 0.0, 0.0, 0.0, 0.0, 0.9778631796972588, 0.9790378498050496, 0.9792788806588074, 0.0, 0.0], [0.0, 0.0, 0.0, 0.0, 0.0, 0.0, 0.0, 0.0, 0.0, 0.0, 1.2043849089889176, 0.0, 0.0, 0.0, 0.0, 1.7026013867236356, 0.9728929327877587, 0.0, 0.0, 0.0, 0.0, 0.0, 0.0, 0.0, 0.0, 0.0, 0.0, 0.0, 0.0, 0.0, 0.0, 0.0, 0.0, 0.0, 0.0, 0.0, 0.0, 0.0], [0.0, 0.0, 0.0, 0.0, 0.0, 0.0, 0.0, 0.0, 0.0, 0.0, 0.19554359493094753, 0.0, 0.0, 0.0, 1.7026013867236356, 0.0, 0.0, 0.0, 0.0, 0.0, 0.0, 0.0, 0.0, 0.0, 0.0, 0.0, 0.0, 0.0, 0.0, 0.0, 0.0, 0.0, 0.0, 0.0, 0.0, 0.0, 0.0, 0.0], [0.0, 0.0, 0.0, 0.0, 0.0, 0.0, 0.0, 0.0, 0.0, 0.0, 0.0, 0.0, 0.0, 0.0, 0.9728929327877587, 0.0, 0.0, 0.9503296401115549, 0.0, 0.0, 0.0, 0.0, 0.0, 0.0, 0.0, 0.0, 0.0, 0.0, 0.0, 0.0, 0.0, 0.0, 0.0, 0.0, 0.0, 0.0, 0.9743857385759714, 0.9686544261626888], [0.0, 0.0, 0.0, 0.0, 0.0, 0.0, 0.0, 0.0, 0.0, 0.0, 0.0, 0.0, 0.0, 0.0, 0.0, 0.0, 0.9503296401115549, 0.0, 0.0, 0.0, 0.0, 0.0, 0.0, 0.0, 0.0, 0.0, 0.0, 0.0, 0.0, 0.0, 0.0, 0.0, 0.0, 0.0, 0.0, 0.0, 0.0, 0.0], [0.9872530027135596, 0.0, 0.0, 0.0, 0.0, 0.0, 0.0, 0.0, 0.0, 0.0, 0.0, 0.0, 0.0, 0.0, 0.0, 0.0, 0.0, 0.0, 0.0, 0.0, 0.0, 0.0, 0.0, 0.0, 0.0, 0.0, 0.0, 0.0, 0.0, 0.0, 0.0, 0.0, 0.0, 0.0, 0.0, 0.0, 0.0, 0.0], [0.9855065467461449, 0.0, 0.0, 0.0, 0.0, 0.0, 0.0, 0.0, 0.0, 0.0, 0.0, 0.0, 0.0, 0.0, 0.0, 0.0, 0.0, 0.0, 0.0, 0.0, 0.0, 0.0, 0.0, 0.0, 0.0, 0.0, 0.0, 0.0, 0.0, 0.0, 0.0, 0.0, 0.0, 0.0, 0.0, 0.0, 0.0, 0.0], [0.9863439735229513, 0.0, 0.0, 0.0, 0.0, 0.0, 0.0, 0.0, 0.0, 0.0, 0.0, 0.0, 0.0, 0.0, 0.0, 0.0, 0.0, 0.0, 0.0, 0.0, 0.0, 0.0, 0.0, 0.0, 0.0, 0.0, 0.0, 0.0, 0.0, 0.0, 0.0, 0.0, 0.0, 0.0, 0.0, 0.0, 0.0, 0.0], [0.0, 0.9683840072102958, 0.0, 0.0, 0.0, 0.0, 0.0, 0.0, 0.0, 0.0, 0.0, 0.0, 0.0, 0.0, 0.0, 0.0, 0.0, 0.0, 0.0, 0.0, 0.0, 0.0, 0.0, 0.0, 0.0, 0.0, 0.0, 0.0, 0.0, 0.0, 0.0, 0.0, 0.0, 0.0, 0.0, 0.0, 0.0, 0.0], [0.0, 0.9734123471039117, 0.0, 0.0, 0.0, 0.0, 0.0, 0.0, 0.0, 0.0, 0.0, 0.0, 0.0, 0.0, 0.0, 0.0, 0.0, 0.0, 0.0, 0.0, 0.0, 0.0, 0.0, 0.0, 0.0, 0.0, 0.0, 0.0, 0.0, 0.0, 0.0, 0.0, 0.0, 0.0, 0.0, 0.0, 0.0, 0.0], [0.0, 0.0, 0.0, 0.9683886809039159, 0.0, 0.0, 0.0, 0.0, 0.0, 0.0, 0.0, 0.0, 0.0, 0.0, 0.0, 0.0, 0.0, 0.0, 0.0, 0.0, 0.0, 0.0, 0.0, 0.0, 0.0, 0.0, 0.0, 0.0, 0.0, 0.0, 0.0, 0.0, 0.0, 0.0, 0.0, 0.0, 0.0, 0.0], [0.0, 0.0, 0.0, 0.0, 0.9701023001127973, 0.0, 0.0, 0.0, 0.0, 0.0, 0.0, 0.0, 0.0, 0.0, 0.0, 0.0, 0.0, 0.0, 0.0, 0.0, 0.0, 0.0, 0.0, 0.0, 0.0, 0.0, 0.0, 0.0, 0.0, 0.0, 0.0, 0.0, 0.0, 0.0, 0.0, 0.0, 0.0, 0.0], [0.0, 0.0, 0.0, 0.0, 0.0, 0.9682550530751244, 0.0, 0.0, 0.0, 0.0, 0.0, 0.0, 0.0, 0.0, 0.0, 0.0, 0.0, 0.0, 0.0, 0.0, 0.0, 0.0, 0.0, 0.0, 0.0, 0.0, 0.0, 0.0, 0.0, 0.0, 0.0, 0.0, 0.0, 0.0, 0.0, 0.0, 0.0, 0.0], [0.0, 0.0, 0.0, 0.0, 0.0, 0.0, 0.0, 0.9674408834153195, 0.0, 0.0, 0.0, 0.0, 0.0, 0.0, 0.0, 0.0, 0.0, 0.0, 0.0, 0.0, 0.0, 0.0, 0.0, 0.0, 0.0, 0.0, 0.0, 0.0, 0.0, 0.0, 0.0, 0.0, 0.0, 0.0, 0.0, 0.0, 0.0, 0.0], [0.0, 0.0, 0.0, 0.0, 0.0, 0.0, 0.0, 0.9740429060844162, 0.0, 0.0, 0.0, 0.0, 0.0, 0.0, 0.0, 0.0, 0.0, 0.0, 0.0, 0.0, 0.0, 0.0, 0.0, 0.0, 0.0, 0.0, 0.0, 0.0, 0.0, 0.0, 0.0, 0.0, 0.0, 0.0, 0.0, 0.0, 0.0, 0.0], [0.0, 0.0, 0.0, 0.0, 0.0, 0.0, 0.0, 0.0, 0.9868361435292229, 0.0, 0.0, 0.0, 0.0, 0.0, 0.0, 0.0, 0.0, 0.0, 0.0, 0.0, 0.0, 0.0, 0.0, 0.0, 0.0, 0.0, 0.0, 0.0, 0.0, 0.0, 0.0, 0.0, 0.0, 0.0, 0.0, 0.0, 0.0, 0.0], [0.0, 0.0, 0.0, 0.0, 0.0, 0.0, 0.0, 0.0, 0.9864620629732734, 0.0, 0.0, 0.0, 0.0, 0.0, 0.0, 0.0, 0.0, 0.0, 0.0, 0.0, 0.0, 0.0, 0.0, 0.0, 0.0, 0.0, 0.0, 0.0, 0.0, 0.0, 0.0, 0.0, 0.0, 0.0, 0.0, 0.0, 0.0, 0.0], [0.0, 0.0, 0.0, 0.0, 0.0, 0.0, 0.0, 0.0, 0.9854864364445165, 0.0, 0.0, 0.0, 0.0, 0.0, 0.0, 0.0, 0.0, 0.0, 0.0, 0.0, 0.0, 0.0, 0.0, 0.0, 0.0, 0.0, 0.0, 0.0, 0.0, 0.0, 0.0, 0.0, 0.0, 0.0, 0.0, 0.0, 0.0, 0.0], [0.0, 0.0, 0.0, 0.0, 0.0, 0.0, 0.0, 0.0, 0.0, 0.0, 0.0, 0.9573733762763335, 0.0, 0.0, 0.0, 0.0, 0.0, 0.0, 0.0, 0.0, 0.0, 0.0, 0.0, 0.0, 0.0, 0.0, 0.0, 0.0, 0.0, 0.0, 0.0, 0.0, 0.0, 0.0, 0.0, 0.0, 0.0, 0.0], [0.0, 0.0, 0.0, 0.0, 0.0, 0.0, 0.0, 0.0, 0.0, 0.0, 0.0, 0.9621425322482852, 0.0, 0.0, 0.0, 0.0, 0.0, 0.0, 0.0, 0.0, 0.0, 0.0, 0.0, 0.0, 0.0, 0.0, 0.0, 0.0, 0.0, 0.0, 0.0, 0.0, 0.0, 0.0, 0.0, 0.0, 0.0, 0.0], [0.0, 0.0, 0.0, 0.0, 0.0, 0.0, 0.0, 0.0, 0.0, 0.0, 0.0, 0.0, 0.0, 0.9778631796972588, 0.0, 0.0, 0.0, 0.0, 0.0, 0.0, 0.0, 0.0, 0.0, 0.0, 0.0, 0.0, 0.0, 0.0, 0.0, 0.0, 0.0, 0.0, 0.0, 0.0, 0.0, 0.0, 0.0, 0.0], [0.0, 0.0, 0.0, 0.0, 0.0, 0.0, 0.0, 0.0, 0.0, 0.0, 0.0, 0.0, 0.0, 0.9790378498050496, 0.0, 0.0, 0.0, 0.0, 0.0, 0.0, 0.0, 0.0, 0.0, 0.0, 0.0, 0.0, 0.0, 0.0, 0.0, 0.0, 0.0, 0.0, 0.0, 0.0, 0.0, 0.0, 0.0, 0.0], [0.0, 0.0, 0.0, 0.0, 0.0, 0.0, 0.0, 0.0, 0.0, 0.0, 0.0, 0.0, 0.0, 0.9792788806588074, 0.0, 0.0, 0.0, 0.0, 0.0, 0.0, 0.0, 0.0, 0.0, 0.0, 0.0, 0.0, 0.0, 0.0, 0.0, 0.0, 0.0, 0.0, 0.0, 0.0, 0.0, 0.0, 0.0, 0.0], [0.0, 0.0, 0.0, 0.0, 0.0, 0.0, 0.0, 0.0, 0.0, 0.0, 0.0, 0.0, 0.0, 0.0, 0.0, 0.0, 0.9743857385759714, 0.0, 0.0, 0.0, 0.0, 0.0, 0.0, 0.0, 0.0, 0.0, 0.0, 0.0, 0.0, 0.0, 0.0, 0.0, 0.0, 0.0, 0.0, 0.0, 0.0, 0.0], [0.0, 0.0, 0.0, 0.0, 0.0, 0.0, 0.0, 0.0, 0.0, 0.0, 0.0, 0.0, 0.0, 0.0, 0.0, 0.0, 0.9686544261626888, 0.0, 0.0, 0.0, 0.0, 0.0, 0.0, 0.0, 0.0, 0.0, 0.0, 0.0, 0.0, 0.0, 0.0, 0.0, 0.0, 0.0, 0.0, 0.0, 0.0, 0.0]], "Born radii": [], "Atomic SASAs": [], "Solvent H bonds": [], "Total SASA": NaN, "Total FOD": 0.0, "FOD": [0.0, 0.0, 0.0, 0.0, 0.0, 0.0, 0.0, 0.0, 0.0, 0.0, 0.0, 0.0, 0.0, 0.0, 0.0, 0.0, 0.0, 0.0, 0.0, 0.0, 0.0, 0.0, 0.0, 0.0, 0.0, 0.0, 0.0, 0.0, 0.0, 0.0, 0.0, 0.0, 0.0, 0.0, 0.0, 0.0, 0.0, 0.0], "FOD s proportion": [0.0, 0.0, 0.0, 0.0, 0.0, 0.0, 0.0, 0.0, 0.0, 0.0, 0.0, 0.0, 0.0, 0.0, 0.0, 0.0, 0.0, 0.0, 0.0, 0.0, 0.0, 0.0, 0.0, 0.0, 0.0, 0.0, 0.0, 0.0, 0.0, 0.0, 0.0, 0.0, 0.0, 0.0, 0.0, 0.0, 0.0, 0.0], "FOD p proportion": [0.0, 0.0, 0.0, 0.0, 0.0, 0.0, 0.0, 0.0, 0.0, 0.0, 0.0, 0.0, 0.0, 0.0, 0.0, 0.0, 0.0, 0.0, 0.0, 0.0, 0.0, 0.0, 0.0, 0.0, 0.0, 0.0, 0.0, 0.0, 0.0, 0.0, 0.0, 0.0, 0.0, 0.0, 0.0, 0.0, 0.0, 0.0], "FOD d proportion": [0.0, 0.0, 0.0, 0.0, 0.0, 0.0, 0.0, 0.0, 0.0, 0.0, 0.0, 0.0, 0.0, 0.0, 0.0, 0.0, 0.0, 0.0, 0.0, 0.0, 0.0, 0.0, 0.0, 0.0, 0.0, 0.0, 0.0, 0.0, 0.0, 0.0, 0.0, 0.0, 0.0, 0.0, 0.0, 0.0, 0.0, 0.0], "coordinates": [["-0.33160", "-2.98260", "1.44890"], ["-0.31180", "-2.52650", "-0.00380"], ["-1.09540", "-1.24820", "-0.21130"], ["-2.49820", "-1.32650", "-0.19920"], ["-3.27960", "-0.18870", "-0.37470"], ["-2.67210", "1.04980", "-0.55760"], ["-1.27250", "1.17330", "-0.57340"], ["-0.68800", "2.55930", "-0.75010"], ["-0.80950", "3.40200", "0.51260"], ["-0.48460", "0.01060", "-0.40990"], ["0.92720", "0.10600", "-0.45570"], ["1.61190", "0.41760", "0.78450"], ["2.20260", "-0.78170", "1.27660"], ["3.02510", "-0.52680", "2.40480"], ["1.66110", "0.07800", "-1.63790"], ["2.86820", "0.34490", "-1.66500"], ["0.94320", "-0.29390", "-2.92580"], ["0.61890", "1.17640", "-3.86680"], ["-1.34790", "-3.22480", "1.77720"], ["0.28220", "-3.88070", "1.57070"], ["0.05740", "-2.20910", "2.11830"], ["-0.74290", "-3.31140", "-0.63850"], ["0.72360", "-2.42140", "-0.34170"], ["-2.99110", "-2.28570", "-0.05150"], ["-4.36400", "-0.26640", "-0.36460"], ["-3.30010", "1.92930", "-0.68860"], ["-1.20770", "3.06000", "-1.57680"], ["0.36390", "2.51830", "-1.04700"], ["-1.85610", "3.54620", "0.80060"], ["-0.29170", "2.93370", "1.35550"], ["-0.36740", "4.39010", "0.34970"], ["2.38400", "1.17340", "0.59850"], ["0.90580", "0.80530", "1.52780"], ["3.85630", "0.13130", "2.13330"], ["2.43930", "-0.08050", "3.21420"], ["3.43460", "-1.47830", "2.75440"], ["0.00710", "-0.83060", "-2.77280"], ["1.60010", "-0.94180", "-3.51450"]], "bond_dist": [[0.0, 1.52274638072136, 2.5194836455115164, 3.186386100270964, 4.452201497012462, 5.075847935074494, 4.716619012597901, 5.972878499517632, 6.470561278590909, 3.5267254897425744, 3.840771870340648, 3.972402251786695, 3.3609251315671997, 4.267567613992776, 4.7818887366813545, 5.568424328299703, 5.29076769665802, 6.81596638342649, 1.0951289513112143, 1.0946091951011556, 1.094403769182106, 2.152792579418649, 2.152821599668677, 3.132061624553387, 5.18910150700485, 6.124349770383792, 6.814354441911574, 6.080554075904596, 6.735697631277699, 5.917171728114708, 7.454275791114788, 5.036864056136517, 3.98567063114854, 5.263390825314039, 4.3836463486462955, 4.26045903395397, 4.750639175942538, 5.703654012122405], [1.52274638072136, 0.0, 1.5136499265021617, 2.501704642838559, 3.796144424281036, 4.320605538579055, 3.8647003363779704, 5.154013171306414, 5.971723913578055, 2.575199693227692, 2.9443829336552, 3.6041314335079404, 3.3175229554593892, 4.575484199513752, 3.6532228880811526, 4.595315375466628, 3.8855645355597948, 5.431430741526582, 2.1755659263741007, 2.1600333076135656, 2.1772367372428754, 1.0976152832390773, 1.0942008864920556, 2.6905219605124953, 4.653875104684267, 5.408608099132345, 5.872473759839204, 5.195656240553257, 6.317405095448605, 5.626889419563886, 6.92585079033616, 4.6172895664014835, 3.8638374137636795, 5.385550562384499, 4.889477600930389, 4.768847181447525, 3.262688311806692, 4.300191878277062], [2.5194836455115164, 1.5136499265021617, 0.0, 1.4050356365587318, 2.4330987341248607, 2.808328787731237, 2.454820374284033, 3.866954415298944, 4.714883886163052, 1.413186484509387, 2.4463237234675215, 3.33106297899034, 3.648050528707079, 4.933854215519546, 3.3752461021383318, 4.512353738349865, 3.5263421132953052, 4.709584896782306, 2.8151085343197693, 3.46458684549832, 2.7711573051705307, 2.1362467858372547, 2.1684472324684316, 2.1669381117143147, 3.4163105962426776, 3.896796585658533, 4.520817269034439, 4.124860389152583, 4.958717320033478, 4.537519536046098, 5.712716682104934, 4.315802006580006, 3.3535253838311707, 5.649734710585975, 5.058821763019528, 5.419337828554333, 2.8197833711120435, 4.274427616652316], [3.186386100270964, 2.501704642838559, 1.4050356365587318, 0.0, 1.391393204669334, 2.4094591633808613, 2.8091575552111707, 4.322008386155677, 5.071200960324882, 2.426276130204475, 3.721721867630627, 4.571922189845317, 4.9570468345578504, 6.15850460582762, 4.619767789618868, 5.808648427990802, 4.510415089545529, 5.425136918087874, 2.972017822961363, 4.1697851035754825, 3.5610223770709446, 2.685868684429676, 3.4057462471534783, 1.088499122645489, 2.15229617153402, 3.3886265078937217, 4.775411423113196, 4.867532053309973, 5.015485793021449, 5.04331620860719, 6.125448180337502, 5.5427161338102096, 4.371992250679318, 6.924262223515224, 6.130474843762104, 6.629095868970369, 3.6257222535654883, 5.285382774217966], [4.452201497012462, 3.796144424281036, 2.4330987341248607, 1.391393204669334, 0.0, 1.3915426367883954, 2.433716520057338, 3.7958951144624633, 4.447675998766097, 2.802317706827689, 4.217887543545939, 5.063409580509955, 5.756123481128597, 6.898490700870735, 5.1065956977227005, 6.304367366358024, 4.934695339126824, 5.408933598224331, 4.192856032586857, 5.486516599810849, 4.629539303213658, 4.031834894933075, 4.583846477577538, 2.1412845420447977, 1.0872270508040167, 2.1412326963690798, 4.036318336058245, 4.588564976111813, 4.166192548358753, 4.655160599807487, 5.474584334906167, 5.905827597382098, 4.703734198485284, 7.570570177338031, 6.7526089521014026, 7.518963798955279, 4.118897438635733, 5.8512371119276985], [5.075847935074494, 4.320605538579055, 2.808328787731237, 2.4094591633808613, 1.3915426367883954, 0.0, 1.4051270583118098, 2.5004598197131664, 3.1855064966187085, 2.4262951551697087, 3.722378613198824, 4.5336040023363315, 5.520994654951225, 6.612077522231572, 4.570346329327789, 5.6936932530651845, 4.525957911867939, 4.668780697355574, 5.047474798352143, 6.1292234116566515, 5.023050892634873, 4.7695306781695, 4.860722244687511, 3.3887251968845153, 2.1522446538439817, 1.0886070227589018, 2.687776039777124, 3.407829310572934, 2.9567847740408837, 3.5882217016232425, 4.158417904684424, 5.188062391683431, 4.148498742918937, 7.120715667683972, 6.452167332765014, 7.392727406038992, 3.95235725105917, 5.564298788706444], [4.716619012597901, 3.8647003363779704, 2.454820374284033, 2.8091575552111707, 2.433716520057338, 1.4051270583118098, 0.0, 1.5145491540389173, 2.522076265698561, 1.4139978606773067, 2.4477873008086304, 3.276391041985068, 4.39554831733198, 5.49812522683869, 3.3073934298779757, 4.3615632071540595, 3.5490545346613094, 3.797879293763824, 4.987413069919114, 5.705889317187988, 4.522666543091586, 4.516331283243071, 4.118248194317579, 3.8975180012413024, 3.4166805206223185, 2.1670184124736918, 2.1379072688028358, 2.170513054556457, 2.803412094216617, 2.7895576728219833, 3.466860519259464, 3.839705961398607, 3.048845081338178, 5.892077590290203, 5.449347432491344, 6.345236466042854, 3.238881246665274, 4.623369764576482], [5.972878499517632, 5.154013171306414, 3.866954415298944, 4.322008386155677, 3.7958951144624633, 2.5004598197131664, 1.5145491540389173, 0.0, 1.5229303431214443, 2.57933698651417, 2.951986329575393, 3.4973441437753876, 4.860592787922066, 5.7675401021579376, 3.530341249794416, 4.288026097168719, 3.9414761409908343, 3.6516049772668455, 6.3465365444469, 6.91382677538279, 5.614354662826352, 5.8720172905058785, 5.192954612742153, 5.4098370188019524, 4.652544114782793, 2.687703231385489, 1.0973702520115989, 1.0937660718819173, 2.1778658613422452, 2.175035726143366, 2.1596696599248695, 3.6299620893337163, 3.2871785546270527, 5.904222391644813, 5.697738482942158, 6.751263938700663, 4.0082291987859175, 5.013482839304429], [6.470561278590909, 5.971723913578055, 4.714883886163052, 5.071200960324882, 4.447675998766097, 3.1855064966187085, 2.522076265698561, 1.5229303431214443, 0.0, 3.529611907844827, 3.8493308223638043, 3.852758872548346, 5.211505358339373, 5.806896541182734, 4.666635898589047, 5.254833913645606, 5.343615691645499, 5.115932591424559, 6.767833180568209, 7.439697829213227, 5.900358574696966, 6.811696288737483, 6.082122299000573, 6.1178034178943665, 5.182770364390072, 3.132860528335087, 2.1543257878046207, 2.1424624640819263, 1.095038446813627, 1.0944871584445384, 1.0946827988052066, 3.8951866476460406, 3.273489883900667, 5.924005116473145, 5.475504565791175, 6.845098986866443, 5.419925412770917, 6.394709141939139], [3.5267254897425744, 2.575199693227692, 1.413186484509387, 2.426276130204475, 2.802317706827689, 2.4262951551697087, 1.4139978606773067, 2.57933698651417, 3.529611907844827, 0.0, 1.4157605871050374, 2.446947610800035, 3.270025287363998, 4.53093025106324, 2.473167048543224, 3.59559457391959, 2.9087945785153, 3.8114248647979405, 3.999563283659855, 4.433167523340394, 3.4077305248508134, 3.3398594057235407, 2.716435620440875, 3.41818467903652, 3.8895405191359043, 3.418497276582212, 3.3441545388932012, 2.722941047837797, 3.980802665292516, 3.4202867102042775, 4.446430956396377, 3.2554324382484117, 2.5138499438112847, 5.032479263742673, 4.6574232393030375, 5.252594248559467, 2.5559113325778737, 3.858961130926302], [3.840771870340648, 2.9443829336552, 2.4463237234675215, 3.721721867630627, 4.217887543545939, 3.722378613198824, 2.4477873008086304, 2.951986329575393, 3.8493308223638043, 1.4157605871050374, 0.0, 1.4505187658213872, 2.327126928209976, 3.603342961750935, 1.3917578992051742, 2.299339187679799, 2.5023129340672003, 3.588371254483014, 4.61043935650389, 4.518417737438627, 3.5695540407731605, 3.808053651145162, 2.538148876642188, 4.608327399393406, 5.305071008949833, 4.6096345397439045, 3.813237367382209, 2.5467889331469937, 4.600002676086178, 3.5724011448884068, 4.547325711888253, 2.091159161804763, 2.1032714280377607, 3.909371803755688, 3.9735871287792346, 4.370560977723569, 2.6632228558646758, 3.3025651681685253], [3.972402251786695, 3.6041314335079404, 3.33106297899034, 4.571922189845317, 5.063409580509955, 4.5336040023363315, 3.276391041985068, 3.4973441437753876, 3.852758872548346, 2.446947610800035, 1.4505187658213872, 0.0, 1.424573406322047, 2.348275471489663, 2.4465834463594325, 2.75383827230286, 3.8366284717183654, 4.816265994523143, 4.797181160848525, 4.567449553087587, 3.330922631944489, 4.6341615250226225, 3.180774171487187, 5.403178313733501, 6.123697218184452, 5.346307557557833, 4.528593557607041, 3.053659565177494, 4.670698145887829, 3.206320815202371, 4.459533134757494, 1.0963430348207626, 1.096076361390939, 2.6341147450329494, 2.614600631071598, 3.2859059800913353, 4.0972880750564755, 4.508825634242246], [3.3609251315671997, 3.3175229554593892, 3.648050528707079, 4.9570468345578504, 5.756123481128597, 5.520994654951225, 4.39554831733198, 4.860592787922066, 5.211505358339373, 3.270025287363998, 2.327126928209976, 1.424573406322047, 0.0, 1.4192658313367514, 3.0865217624374526, 3.219512615288221, 4.4140914082062235, 5.726851216855558, 4.33882336814948, 3.657626548733482, 2.7106849116044454, 4.329314073845879, 2.737690994250447, 5.567798963683944, 6.788174061557349, 6.441369367611207, 5.876282544262145, 4.435080004915356, 5.952339044442949, 4.475707191048136, 5.849064784219781, 2.0772918860863054, 2.0647907109438473, 2.0741811830213868, 2.074126825919765, 2.046208298292234, 4.606544455445969, 4.831488121686734], [4.267567613992776, 4.575484199513752, 4.933854215519546, 6.15850460582762, 6.898490700870735, 6.612077522231572, 5.49812522683869, 5.7675401021579376, 5.806896541182734, 4.53093025106324, 3.603342961750935, 2.348275471489663, 1.4192658313367514, 0.0, 4.309257746990774, 4.1650630895581875, 5.7274642190065235, 6.929910189894239, 5.1765060378599, 4.412240749324543, 3.4233695140898828, 5.5869039771594435, 4.053353384544703, 6.732146859657772, 7.8953266765853325, 7.45719154977261, 6.828972736803099, 5.316911010163702, 6.5565921087101335, 4.906857750128895, 6.3173093853317015, 2.5621102513358007, 2.652367225706124, 1.0943954038646178, 1.094291410000097, 1.0932806867406009, 6.000679978135811, 6.102537381286574], [4.7818887366813545, 3.6532228880811526, 3.3752461021383318, 4.619767789618868, 5.1065956977227005, 4.570346329327789, 3.3073934298779757, 3.530341249794416, 4.666635898589047, 2.473167048543224, 1.3917578992051742, 2.4465834463594325, 3.0865217624374526, 4.309257746990774, 0.0, 1.2365518306969585, 1.5206500024660508, 2.6945609308382696, 5.623653336577567, 5.27899468270238, 4.68099546464211, 4.273879820490978, 2.967497438920546, 5.45405422506964, 6.167798169525329, 5.379775796443565, 4.138365697953723, 2.8261200859128404, 5.508664931723475, 4.5748108037382265, 5.163290851772734, 2.5930619988731465, 3.334831310576294, 4.363908038673593, 4.916664712993962, 4.985947375374112, 2.2021053494326743, 2.136665767030492], [5.568424328299703, 4.595315375466628, 4.512353738349865, 5.808648427990802, 6.304367366358024, 5.6936932530651845, 4.3615632071540595, 4.288026097168719, 5.254833913645606, 3.59559457391959, 2.299339187679799, 2.75383827230286, 3.219512615288221, 4.1650630895581875, 1.2365518306969585, 0.0, 2.388159768524711, 3.2555592422808095, 6.508993634963857, 5.9171653559791615, 5.360678271450358, 5.240446083111627, 3.742037912688753, 6.622298324600002, 7.373563906958426, 6.442950039384133, 4.8982147829591955, 3.3729971909267875, 6.216632170234941, 5.08038125537838, 5.558036208050466, 2.458514620660207, 3.7758381533111294, 3.9305278856662498, 4.916453295822101, 4.814142037788249, 3.2855614893043774, 2.5854061092988854], [5.29076769665802, 3.8855645355597948, 3.5263421132953052, 4.510415089545529, 4.934695339126824, 4.525957911867939, 3.5490545346613094, 3.9414761409908343, 5.343615691645499, 2.9087945785153, 2.5023129340672003, 3.8366284717183654, 4.4140914082062235, 5.7274642190065235, 1.5206500024660508, 2.388159768524711, 0.0, 1.7755093860636162, 5.9964592068986855, 5.789694939286526, 5.467684838210776, 4.144874033067833, 3.3544080282517816, 5.263799409172048, 5.89295117322382, 5.287085867469905, 4.206520773751153, 3.4313185177129792, 6.038915917613028, 5.501991408571991, 5.863994253919422, 4.0803877781407, 4.587394942666262, 5.853327212791029, 6.323247169769659, 6.314629788039834, 1.0898344369673771, 1.0944677747654334], [6.81596638342649, 5.431430741526582, 4.709584896782306, 5.425136918087874, 5.408933598224331, 4.668780697355574, 3.797879293763824, 3.6516049772668455, 5.115932591424559, 3.8114248647979405, 3.588371254483014, 4.816265994523143, 5.726851216855558, 6.929910189894239, 2.6945609308382696, 3.2555592422808095, 1.7755093860636162, 0.0, 7.422506293698915, 7.43330569464219, 6.899153173397442, 5.693572601627206, 5.0380012842396145, 6.290846564652487, 6.259102898179578, 5.10160510525854, 3.4826019755349593, 3.1332080444809276, 5.790181327039767, 5.584775102007241, 5.392543706823339, 4.80150925230807, 5.414954845610442, 6.8974047858596785, 7.418504887778938, 7.669151714498808, 2.3662595462036697, 2.360855770689942], [1.0951289513112143, 2.1755659263741007, 2.8151085343197693, 2.972017822961363, 4.192856032586857, 5.047474798352143, 4.987413069919114, 6.3465365444469, 6.767833180568209, 3.999563283659855, 4.61043935650389, 4.797181160848525, 4.33882336814948, 5.1765060378599, 5.623653336577567, 6.508993634963857, 5.9964592068986855, 7.422506293698915, 0.0, 1.7692012519778524, 1.7671626382424457, 2.4918128039642142, 3.070228170673965, 2.6317596280815616, 4.736696845904326, 6.0378805296229565, 7.125144425202904, 6.624919810080723, 6.859916602991613, 6.262628168748326, 7.809343026785288, 5.887323206687399, 4.624183177600126, 6.202734240639365, 5.127813893853793, 5.184350329597722, 5.3170215948404795, 6.473398017270373], [1.0946091951011556, 2.1600333076135656, 3.46458684549832, 4.1697851035754825, 5.486516599810849, 6.1292234116566515, 5.705889317187988, 6.91382677538279, 7.439697829213227, 4.433167523340394, 4.518417737438627, 4.567449553087587, 3.657626548733482, 4.412240749324543, 5.27899468270238, 5.9171653559791615, 5.789694939286526, 7.43330569464219, 1.7692012519778524, 0.0, 1.7733153583048902, 2.5010991863578704, 2.4457441014954937, 3.986232648754962, 6.1964284083655805, 7.189812916898465, 7.765299398606598, 6.914204884149732, 7.766867097485317, 6.841909061804315, 8.38563973707433, 5.559376124170769, 4.727506041244157, 5.402485869486379, 4.668585728033705, 4.1364595017961925, 5.314582040951104, 6.019406337837645], [1.094403769182106, 2.1772367372428754, 2.7711573051705307, 3.5610223770709446, 4.629539303213658, 5.023050892634873, 4.522666543091586, 5.614354662826352, 5.900358574696966, 3.4077305248508134, 3.5695540407731605, 3.330922631944489, 2.7106849116044454, 3.4233695140898828, 4.68099546464211, 5.360678271450358, 5.467684838210776, 6.899153173397442, 1.7671626382424457, 1.7733153583048902, 0.0, 3.07497831211864, 2.5574389005409297, 3.7426263305331458, 5.430253553932818, 6.0231095307988545, 6.558784706788294, 5.697488666070341, 6.206552475408549, 5.210770239609495, 6.845278784680723, 4.377689556147169, 3.186703652679364, 4.461988163363951, 3.377185570856301, 3.5134273423539018, 5.081894484343413, 5.976153312959767], [2.152792579418649, 1.0976152832390773, 2.1362467858372547, 2.685868684429676, 4.031834894933075, 4.7695306781695, 4.516331283243071, 5.8720172905058785, 6.811696288737483, 3.3398594057235407, 3.808053651145162, 4.6341615250226225, 4.329314073845879, 5.5869039771594435, 4.273879820490978, 5.240446083111627, 4.144874033067833, 5.693572601627206, 2.4918128039642142, 2.5010991863578704, 3.07497831211864, 0.0, 1.740922884564391, 2.5398883302224133, 4.739136147020889, 5.8315279592916305, 6.456871060351135, 5.947880343450093, 7.094850302155783, 6.571216892631075, 7.773714796672181, 5.605453028078998, 4.935411459037636, 6.3786910232429355, 5.950496528862108, 5.685378814995532, 3.357395587356366, 4.401821118582626], [2.152821599668677, 1.0942008864920556, 2.1684472324684316, 3.4057462471534783, 4.583846477577538, 4.860722244687511, 4.118248194317579, 5.192954612742153, 6.082122299000573, 2.716435620440875, 2.538148876642188, 3.180774171487187, 2.737690994250447, 4.053353384544703, 2.967497438920546, 3.742037912688753, 3.3544080282517816, 5.0380012842396145, 3.070228170673965, 2.4457441014954937, 2.5574389005409297, 1.740922884564391, 0.0, 3.7284885168121407, 5.525235123503795, 5.9362523354385806, 5.94147605061234, 5.002746072908359, 6.600905327301702, 5.70862662467953, 6.932881594979104, 4.069826929981176, 3.7336068325414233, 4.738745781322311, 4.589974303849641, 4.221941948914031, 2.992367641183149, 3.6088957106017903], [3.132061624553387, 2.6905219605124953, 2.1669381117143147, 1.088499122645489, 2.1412845420447977, 3.3887251968845153, 3.8975180012413024, 5.4098370188019524, 6.1178034178943665, 3.41818467903652, 4.608327399393406, 5.403178313733501, 5.567798963683944, 6.732146859657772, 5.45405422506964, 6.622298324600002, 5.263799409172048, 6.290846564652487, 2.6317596280815616, 3.986232648754962, 3.7426263305331458, 2.5398883302224133, 3.7284885168121407, 0.0, 2.4617998517344986, 4.274061582382734, 5.838113063310781, 5.943522629720526, 6.002112713036968, 6.042230194224646, 7.1840844072157175, 6.424918117766171, 5.218649164295297, 7.583015679793891, 6.709467019816104, 7.057945172640546, 4.302556558605592, 5.905722110800676], [5.18910150700485, 4.653875104684267, 3.4163105962426776, 2.15229617153402, 1.0872270508040167, 2.1522446538439817, 3.4166805206223185, 4.652544114782793, 5.182770364390072, 3.8895405191359043, 5.305071008949833, 6.123697218184452, 6.788174061557349, 7.8953266765853325, 6.167798169525329, 7.373563906958426, 5.89295117322382, 6.259102898179578, 4.736696845904326, 6.1964284083655805, 5.430253553932818, 4.739136147020889, 5.525235123503795, 2.4617998517344986, 0.0, 2.461291876230854, 4.743057609812472, 5.529309383639154, 4.709901507462762, 5.457381360139678, 6.177865998870484, 6.966784742619796, 5.700921915795725, 8.600639615168165, 7.689425150165648, 8.486166659334472, 5.02237633894554, 6.778534058334442], [6.124349770383792, 5.408608099132345, 3.896796585658533, 3.3886265078937217, 2.1412326963690798, 1.0886070227589018, 2.16701841247369