{"total energy": -26.32144891, "HOMO-LUMO gap/eV": 12.56027643, "electronic energy": -26.7051681, "dipole": [-0.00278334, -0.00072637, 0.00209801], "partial charges": [-0.09956436, -0.05139896, -0.05784551, -0.061749, -0.01527385, -0.1033825, -0.05669346, -0.0990964, 0.03159403, 0.03174701, 0.03049911, 0.02773824, 0.02707891, 0.0282058, 0.03218942, 0.02831728, 0.03215989, 0.02799915, 0.03335779, 0.02948115, 0.03223758, 0.02936819, 0.02908349, 0.0318159, 0.0317731, 0.030358], "atomic dipole moments": [[-0.09237962, 0.01740317, 0.03251578], [0.02554555, -0.06925068, -0.08117241], [-0.02261012, 0.07227156, 0.08229279], [0.02243614, -0.0615404, -0.08926576], [-0.00618056, -0.03426018, 0.0894846], [-0.01258318, 0.09843119, 0.00179553], [0.06848743, 0.07723394, -0.04001728], [0.02385916, -0.09701399, 0.00465484], [0.0314902, -0.12110615, 0.01327499], [0.01275604, 0.03116831, -0.12131473], [0.08181376, 0.06768576, 0.06525219], [-0.00368424, -0.02609897, 0.12067205], [-0.02136173, 0.12092654, -0.00951733], [0.00730698, 0.0268671, -0.12131643], [0.02769023, -0.12098092, 0.01082087], [-0.00666348, -0.0331262, 0.12003613], [-0.01480559, 0.12181521, 0.00257703], [0.00722492, 0.03935481, -0.11769337], [0.10346908, -0.03543089, -0.06207411], [-0.09313194, -0.05593258, -0.06235983], [0.00340669, -0.05325688, 0.11510151], [-0.01616911, -0.03765747, 0.11778302], [-0.08708344, -0.05931066, -0.06142412], [0.01408082, 0.04621983, -0.11667245], [0.06615595, 0.06992287, 0.08083352], [-0.11903068, 0.01591931, 0.03156282]], "atomic quadrupole moments": [[0.18923326, -0.05136226, -0.10807094, -0.10208929, 0.02932642, -0.08116232], [0.21973964, 0.05313496, -0.11910652, -0.00118947, 0.12111349, -0.10063312], [0.20213398, 0.06594451, -0.11141098, 0.00307249, 0.13639582, -0.090723], [0.20981439, 0.02208727, -0.13898105, 0.0144952, 0.11423688, -0.07083334], [0.09186065, -0.00525188, 0.07452225, 0.00873011, 0.09571073, -0.1663829], [-0.07517992, -0.03704177, 0.20426113, 0.00523411, 0.00263843, -0.12908121], [0.04745831, -0.11484049, 0.13255029, -0.10097815, 0.01230795, -0.1800086], [-0.07965365, -0.07024694, 0.20538948, -6.218e-05, -0.02022724, -0.12573582], [-0.03103902, -0.01770944, 0.07558275, -0.00822599, -0.01851141, -0.04454373], [-0.03141168, -0.00900169, -0.04016669, -0.0015753, -0.03313, 0.07157837], [0.01433139, 0.04015333, -0.00805873, 0.0358464, 0.04741622, -0.00627266], [-0.01801949, 0.00593878, -0.02780643, -0.00304343, -0.03026057, 0.04582592], [-0.01370866, -0.0150787, 0.04970523, 0.00617714, -0.01800893, -0.03599657], [-0.02193457, 0.00483362, -0.02559169, 0.00038531, -0.03009599, 0.04752626], [-0.01713946, -0.0083235, 0.05120838, 0.00487714, -0.01582493, -0.03406891], [-0.01740091, 0.002125, -0.02255712, -0.00472532, -0.04066014, 0.03995803], [-0.00939694, -0.01419332, 0.05335943, 0.00534804, -0.01169118, -0.04396249], [-0.01994029, 0.0024886, -0.00548947, -0.0036219, -0.01768135, 0.02542976], [0.05289817, -0.01261996, -0.02730654, -0.05431795, 0.00426473, -0.02559163], [0.0394542, 0.02628528, -0.01836408, 0.05487201, 0.0209298, -0.02109012], [-0.05155098, -0.00244892, -0.0226096, 0.00194558, -0.03005582, 0.07416057], [-0.03520861, -0.0131276, -0.01899385, 0.00287839, -0.01977257, 0.05420247], [0.00887694, 0.01018385, -0.00080243, 0.03611777, 0.03757105, -0.00807452], [-0.04820002, 0.0013684, -0.02165098, -0.02286528, -0.02802491, 0.069851], [0.00354371, 0.02983181, -0.0058019, 0.05698563, 0.02920001, 0.00225819], [0.07299832, -0.00568799, -0.02546666, -0.03438695, 0.00273458, -0.04753167]], "number of molecular orbitals": 50, "number of electrons": 50, "number of unpaired electrons": 0, "orbital energies/eV": [-16.93397857, -16.73915819, -16.36072291, -16.12147901, -15.57340822, -15.32349281, -14.99763986, -14.78921336, -13.9952442, -13.77625529, -13.60461633, -13.36593903, -13.10700462, -13.06165748, -12.81629801, -12.63344929, -12.26095858, -12.02495074, -12.00876527, -11.96464612, -11.75131638, -11.5280802, -11.31811889, -11.24671041, -11.19858619, 1.36169024, 2.17371679, 2.42012666, 3.03645617, 3.25641582, 3.4143175, 3.90062043, 4.05489068, 4.1579092, 4.287326, 4.60625079, 4.88603754, 4.97496241, 5.28046631, 5.42825319, 5.8818676, 6.18389639, 6.24643641, 6.91858998, 7.00491959, 7.18484925, 7.57695464, 7.75621574, 8.15085698, 8.51517206], "fractional occupation": [2.0, 2.0, 2.0, 2.0, 2.0, 2.0, 2.0, 2.0, 2.0, 2.0, 2.0, 2.0, 2.0, 2.0, 2.0, 2.0, 2.0, 2.0, 2.0, 2.0, 2.0, 2.0, 2.0, 2.0, 2.0, 0.0, 0.0, 0.0, 0.0, 0.0, 0.0, 0.0, 0.0, 0.0, 0.0, 0.0, 0.0, 0.0, 0.0, 0.0, 0.0, 0.0, 0.0, 0.0, 0.0, 0.0, 0.0, 0.0, 0.0, 0.0], "program call": "xtb /home/svss/Project-DBcg-Debug/aqme2_20220329/End-to-End-workflows-final/example-3/QDESCP/mol_1012_rdkit_conf_4/mol_1012_rdkit_conf_4.xyz --pop --wbo --acc 0.2 --gfn 2 --chrg 0 --uhf 0 --etemp 300 --input /home/svss/Project-DBcg-Debug/aqme2_20220329/End-to-End-workflows-final/example-3/QDESCP/mol_1012_rdkit_conf_4/mol_1012_rdkit_conf_4_xtb.inp", "method": "GFN2-xTB", "xtb version": "6.3.3 (7355c4f)", "Dipole module/D": 0.009, "Total charge": 0, "Transition dipole module/D": NaN, "HOMO": -11.1986, "LUMO": 1.3617, "HOMO occupancy": 2.0, "LUMO occupancy": 0, "mulliken charges": [-0.08344, -0.03826, -0.04645, -0.05364, -0.00699, -0.09106, -0.04579, -0.08383, 0.02648, 0.02649, 0.02785, 0.02195, 0.02163, 0.02251, 0.02298, 0.02278, 0.02478, 0.01961, 0.02895, 0.02825, 0.0273, 0.0227, 0.02377, 0.0267, 0.02654, 0.02822], "cm5 charges": [-0.23379, -0.15094, -0.15746, -0.16233, -0.07936, -0.2397, -0.15627, -0.23451, 0.07777, 0.07777, 0.07862, 0.07665, 0.07633, 0.078, 0.07903, 0.07861, 0.08137, 0.07831, 0.08093, 0.07971, 0.07925, 0.07783, 0.07878, 0.07814, 0.07827, 0.07899], "FUKUI+": [0.007, -0.017, -0.022, -0.028, -0.048, 0.028, -0.015, 0.023, -0.042, -0.042, -0.076, -0.048, -0.047, -0.056, -0.055, -0.061, -0.057, -0.063, -0.042, -0.05, -0.042, -0.055, -0.075, -0.037, -0.025, -0.056], "FUKUI-": [0.017, 0.003, 0.005, 0.002, -0.01, 0.02, 0.004, 0.018, -0.058, -0.058, -0.065, -0.069, -0.074, -0.056, -0.068, -0.043, -0.049, -0.05, -0.048, -0.051, -0.04, -0.066, -0.087, -0.051, -0.061, -0.065], "FUKUIrad": [0.012, -0.007, -0.008, -0.013, -0.029, 0.024, -0.006, 0.021, -0.05, -0.05, -0.07, -0.058, -0.061, -0.056, -0.061, -0.052, -0.053, -0.057, -0.045, -0.05, -0.041, -0.06, -0.081, -0.044, -0.043, -0.06], "s proportion": [1.007, 1.027, 1.032, 1.036, 1.058, 1.013, 1.033, 1.007, 0.974, 0.974, 0.972, 0.978, 0.978, 0.977, 0.977, 0.977, 0.975, 0.98, 0.971, 0.972, 0.973, 0.977, 0.976, 0.973, 0.973, 0.972], "p proportion": [3.076, 3.011, 3.014, 3.017, 2.949, 3.078, 3.013, 3.076, 0.0, 0.0, 0.0, 0.0, 0.0, 0.0, 0.0, 0.0, 0.0, 0.0, 0.0, 0.0, 0.0, 0.0, 0.0, 0.0, 0.0, 0.0], "d proportion": [0.0, 0.0, 0.0, 0.0, 0.0, 0.0, 0.0, 0.0, 0.0, 0.0, 0.0, 0.0, 0.0, 0.0, 0.0, 0.0, 0.0, 0.0, 0.0, 0.0, 0.0, 0.0, 0.0, 0.0, 0.0, 0.0], "Fermi-level/eV": -4.9184, "Coordination numbers": [3.75, 3.8, 3.8, 3.801, 3.847, 3.752, 3.801, 3.748, 0.924, 0.924, 0.924, 0.924, 0.924, 0.924, 0.924, 0.924, 0.924, 0.923, 0.924, 0.924, 0.924, 0.924, 0.924, 0.924, 0.924, 0.924], "Dispersion coefficient C6": [22.465, 21.497, 21.615, 21.687, 20.815, 22.536, 21.593, 22.458, 2.564, 2.562, 2.579, 2.619, 2.628, 2.612, 2.556, 2.611, 2.556, 2.615, 2.539, 2.594, 2.555, 2.596, 2.6, 2.561, 2.561, 2.581], "Total dispersion C6": 4382.693355, "Total dispersion C8": 90700.250219, "Polarizability alpha": [6.76, 6.601, 6.619, 6.63, 6.49, 6.77, 6.616, 6.759, 2.504, 2.503, 2.512, 2.531, 2.535, 2.528, 2.5, 2.527, 2.5, 2.529, 2.492, 2.519, 2.5, 2.519, 2.521, 2.503, 2.503, 2.513], "Total polarizability alpha": 98.483149, "Wiberg matrix": [[0.0, 1.020016084335851, 0.0, 0.0, 0.0, 0.0, 0.0, 0.0, 0.9877323258798172, 0.9877526939990926, 0.9874021546012243, 0.0, 0.0, 0.0, 0.0, 0.0, 0.0, 0.0, 0.0, 0.0, 0.0, 0.0, 0.0, 0.0, 0.0, 0.0], [1.020016084335851, 0.0, 1.0071296059179091, 0.0, 0.0, 0.0, 0.0, 0.0, 0.0, 0.0, 0.0, 0.9782931514680977, 0.9780027869589659, 0.0, 0.0, 0.0, 0.0, 0.0, 0.0, 0.0, 0.0, 0.0, 0.0, 0.0, 0.0, 0.0], [0.0, 1.0071296059179091, 0.0, 1.0069128232784106, 0.0, 0.0, 0.0, 0.0, 0.0, 0.0, 0.0, 0.0, 0.0, 0.9773695106780284, 0.9755831755589698, 0.0, 0.0, 0.0, 0.0, 0.0, 0.0, 0.0, 0.0, 0.0, 0.0, 0.0], [0.0, 0.0, 1.0069128232784106, 0.0, 0.9956281206272565, 0.0, 0.0, 0.0, 0.0, 0.0, 0.0, 0.0, 0.0, 0.0, 0.0, 0.9771936688505837, 0.973395762775853, 0.0, 0.0, 0.0, 0.0, 0.0, 0.0, 0.0, 0.0, 0.0], [0.0, 0.0, 0.0, 0.9956281206272565, 0.0, 1.0088007436022124, 0.9943090303229503, 0.0, 0.0, 0.0, 0.0, 0.0, 0.0, 0.0, 0.0, 0.0, 0.0, 0.968773785292441, 0.0, 0.0, 0.0, 0.0, 0.0, 0.0, 0.0, 0.0], [0.0, 0.0, 0.0, 0.0, 1.0088007436022124, 0.0, 0.0, 0.0, 0.0, 0.0, 0.0, 0.0, 0.0, 0.0, 0.0, 0.0, 0.0, 0.0, 0.9846126752833775, 0.9858316438196119, 0.9873119614190491, 0.0, 0.0, 0.0, 0.0, 0.0], [0.0, 0.0, 0.0, 0.0, 0.9943090303229503, 0.0, 0.0, 1.0204867146073138, 0.0, 0.0, 0.0, 0.0, 0.0, 0.0, 0.0, 0.0, 0.0, 0.0, 0.0, 0.0, 0.0, 0.9777382523468052, 0.9768499534237854, 0.0, 0.0, 0.0], [0.0, 0.0, 0.0, 0.0, 0.0, 0.0, 1.0204867146073138, 0.0, 0.0, 0.0, 0.0, 0.0, 0.0, 0.0, 0.0, 0.0, 0.0, 0.0, 0.0, 0.0, 0.0, 0.0, 0.0, 0.9874151723508041, 0.9855600801426485, 0.9869650850744185], [0.9877323258798172, 0.0, 0.0, 0.0, 0.0, 0.0, 0.0, 0.0, 0.0, 0.0, 0.0, 0.0, 0.0, 0.0, 0.0, 0.0, 0.0, 0.0, 0.0, 0.0, 0.0, 0.0, 0.0, 0.0, 0.0, 0.0], [0.9877526939990926, 0.0, 0.0, 0.0, 0.0, 0.0, 0.0, 0.0, 0.0, 0.0, 0.0, 0.0, 0.0, 0.0, 0.0, 0.0, 0.0, 0.0, 0.0, 0.0, 0.0, 0.0, 0.0, 0.0, 0.0, 0.0], [0.9874021546012243, 0.0, 0.0, 0.0, 0.0, 0.0, 0.0, 0.0, 0.0, 0.0, 0.0, 0.0, 0.0, 0.0, 0.0, 0.0, 0.0, 0.0, 0.0, 0.0, 0.0, 0.0, 0.0, 0.0, 0.0, 0.0], [0.0, 0.9782931514680977, 0.0, 0.0, 0.0, 0.0, 0.0, 0.0, 0.0, 0.0, 0.0, 0.0, 0.0, 0.0, 0.0, 0.0, 0.0, 0.0, 0.0, 0.0, 0.0, 0.0, 0.0, 0.0, 0.0, 0.0], [0.0, 0.9780027869589659, 0.0, 0.0, 0.0, 0.0, 0.0, 0.0, 0.0, 0.0, 0.0, 0.0, 0.0, 0.0, 0.0, 0.0, 0.0, 0.0, 0.0, 0.0, 0.0, 0.0, 0.0, 0.0, 0.0, 0.0], [0.0, 0.0, 0.9773695106780284, 0.0, 0.0, 0.0, 0.0, 0.0, 0.0, 0.0, 0.0, 0.0, 0.0, 0.0, 0.0, 0.0, 0.0, 0.0, 0.0, 0.0, 0.0, 0.0, 0.0, 0.0, 0.0, 0.0], [0.0, 0.0, 0.9755831755589698, 0.0, 0.0, 0.0, 0.0, 0.0, 0.0, 0.0, 0.0, 0.0, 0.0, 0.0, 0.0, 0.0, 0.0, 0.0, 0.0, 0.0, 0.0, 0.0, 0.0, 0.0, 0.0, 0.0], [0.0, 0.0, 0.0, 0.9771936688505837, 0.0, 0.0, 0.0, 0.0, 0.0, 0.0, 0.0, 0.0, 0.0, 0.0, 0.0, 0.0, 0.0, 0.0, 0.0, 0.0, 0.0, 0.0, 0.0, 0.0, 0.0, 0.0], [0.0, 0.0, 0.0, 0.973395762775853, 0.0, 0.0, 0.0, 0.0, 0.0, 0.0, 0.0, 0.0, 0.0, 0.0, 0.0, 0.0, 0.0, 0.0, 0.0, 0.0, 0.0, 0.0, 0.0, 0.0, 0.0, 0.0], [0.0, 0.0, 0.0, 0.0, 0.968773785292441, 0.0, 0.0, 0.0, 0.0, 0.0, 0.0, 0.0, 0.0, 0.0, 0.0, 0.0, 0.0, 0.0, 0.0, 0.0, 0.0, 0.0, 0.0, 0.0, 0.0, 0.0], [0.0, 0.0, 0.0, 0.0, 0.0, 0.9846126752833775, 0.0, 0.0, 0.0, 0.0, 0.0, 0.0, 0.0, 0.0, 0.0, 0.0, 0.0, 0.0, 0.0, 0.0, 0.0, 0.0, 0.0, 0.0, 0.0, 0.0], [0.0, 0.0, 0.0, 0.0, 0.0, 0.9858316438196119, 0.0, 0.0, 0.0, 0.0, 0.0, 0.0, 0.0, 0.0, 0.0, 0.0, 0.0, 0.0, 0.0, 0.0, 0.0, 0.0, 0.0, 0.0, 0.0, 0.0], [0.0, 0.0, 0.0, 0.0, 0.0, 0.9873119614190491, 0.0, 0.0, 0.0, 0.0, 0.0, 0.0, 0.0, 0.0, 0.0, 0.0, 0.0, 0.0, 0.0, 0.0, 0.0, 0.0, 0.0, 0.0, 0.0, 0.0], [0.0, 0.0, 0.0, 0.0, 0.0, 0.0, 0.9777382523468052, 0.0, 0.0, 0.0, 0.0, 0.0, 0.0, 0.0, 0.0, 0.0, 0.0, 0.0, 0.0, 0.0, 0.0, 0.0, 0.0, 0.0, 0.0, 0.0], [0.0, 0.0, 0.0, 0.0, 0.0, 0.0, 0.9768499534237854, 0.0, 0.0, 0.0, 0.0, 0.0, 0.0, 0.0, 0.0, 0.0, 0.0, 0.0, 0.0, 0.0, 0.0, 0.0, 0.0, 0.0, 0.0, 0.0], [0.0, 0.0, 0.0, 0.0, 0.0, 0.0, 0.0, 0.9874151723508041, 0.0, 0.0, 0.0, 0.0, 0.0, 0.0, 0.0, 0.0, 0.0, 0.0, 0.0, 0.0, 0.0, 0.0, 0.0, 0.0, 0.0, 0.0], [0.0, 0.0, 0.0, 0.0, 0.0, 0.0, 0.0, 0.9855600801426485, 0.0, 0.0, 0.0, 0.0, 0.0, 0.0, 0.0, 0.0, 0.0, 0.0, 0.0, 0.0, 0.0, 0.0, 0.0, 0.0, 0.0, 0.0], [0.0, 0.0, 0.0, 0.0, 0.0, 0.0, 0.0, 0.9869650850744185, 0.0, 0.0, 0.0, 0.0, 0.0, 0.0, 0.0, 0.0, 0.0, 0.0, 0.0, 0.0, 0.0, 0.0, 0.0, 0.0, 0.0, 0.0]], "Born radii": [], "Atomic SASAs": [], "Solvent H bonds": [], "Total SASA": NaN, "Total FOD": 0.0, "FOD": [0.0, 0.0, 0.0, 0.0, 0.0, 0.0, 0.0, 0.0, 0.0, 0.0, 0.0, 0.0, 0.0, 0.0, 0.0, 0.0, 0.0, 0.0, 0.0, 0.0, 0.0, 0.0, 0.0, 0.0, 0.0, 0.0], "FOD s proportion": [0.0, 0.0, 0.0, 0.0, 0.0, 0.0, 0.0, 0.0, 0.0, 0.0, 0.0, 0.0, 0.0, 0.0, 0.0, 0.0, 0.0, 0.0, 0.0, 0.0, 0.0, 0.0, 0.0, 0.0, 0.0, 0.0], "FOD p proportion": [0.0, 0.0, 0.0, 0.0, 0.0, 0.0, 0.0, 0.0, 0.0, 0.0, 0.0, 0.0, 0.0, 0.0, 0.0, 0.0, 0.0, 0.0, 0.0, 0.0, 0.0, 0.0, 0.0, 0.0, 0.0, 0.0], "FOD d proportion": [0.0, 0.0, 0.0, 0.0, 0.0, 0.0, 0.0, 0.0, 0.0, 0.0, 0.0, 0.0, 0.0, 0.0, 0.0, 0.0, 0.0, 0.0, 0.0, 0.0, 0.0, 0.0, 0.0, 0.0, 0.0, 0.0], "coordinates": [["3.78950", "0.44500", "0.11100"], ["2.38150", "0.71800", "0.61590"], ["1.34110", "-0.09270", "-0.15920"], ["-0.07480", "0.18150", "0.35990"], ["-1.18510", "-0.48870", "-0.47650"], ["-1.02140", "-2.01240", "-0.52520"], ["-2.59020", "-0.15450", "0.06790"], ["-2.94770", "1.32330", "-0.01010"], ["4.04870", "-0.61250", "0.22370"], ["3.88570", "0.71190", "-0.94630"], ["4.51640", "1.03510", "0.67790"], ["2.32710", "0.47030", "1.68240"], ["2.16750", "1.78880", "0.51970"], ["1.39810", "0.16060", "-1.22460"], ["1.57860", "-1.15780", "-0.06180"], ["-0.14820", "-0.14950", "1.40360"], ["-0.22950", "1.26640", "0.36150"], ["-1.11920", "-0.11320", "-1.50610"], ["-0.10310", "-2.29940", "-1.04620"], ["-1.85270", "-2.47710", "-1.06660"], ["-0.99320", "-2.44020", "0.48260"], ["-2.68080", "-0.49220", "1.10760"], ["-3.33930", "-0.71080", "-0.50960"], ["-2.80990", "1.70880", "-1.02510"], ["-2.34230", "1.92220", "0.67600"], ["-3.99670", "1.46900", "0.26760"]], "bond_dist": [[0.0, 1.5204989345606263, 2.521267913173846, 3.881262417049381, 5.0954486652305695, 5.439515052833294, 6.407950526494411, 6.795288068948953, 1.0946196508376782, 1.0947023979146115, 1.0945214616443115, 2.146753784205352, 2.145627677394193, 2.753816384583402, 2.7362212063354816, 4.186851597561108, 4.109721305636187, 5.198262723256684, 4.901344505337286, 6.462184693275177, 5.597917906686378, 6.613345408339111, 7.248503806993551, 6.814689575468569, 6.332481036686964, 7.85480808167838], [1.5204989345606263, 0.0, 1.5298518424997893, 2.527207537975463, 3.9204716820811245, 4.50964763368492, 5.077337997415575, 5.39987376982092, 2.1687800556995174, 2.168668644583584, 2.159211527386791, 1.0962376111044538, 1.0962039408796156, 2.159909852285507, 2.150011939501732, 2.7879041644217257, 2.6800714393463467, 4.177161468030653, 4.247412898459484, 5.564882739106009, 4.623915680459582, 5.228119568257788, 6.002980287323957, 5.534003939283021, 4.875243182652532, 6.4316987748183605], [2.521267913173846, 1.5298518424997893, 0.0, 1.532782848286084, 2.5766609652804537, 3.066041477214553, 3.93833890618875, 4.518970264341203, 2.783505381708468, 2.7824264105273295, 3.4720598122728243, 2.163482276331378, 2.1642283659540182, 1.096579705265422, 1.0955961938597631, 2.1595334148838727, 2.1412766425662983, 2.804930649766586, 2.782446321135414, 4.087676180912574, 3.3721832660755555, 4.235571047686487, 4.734022806239953, 4.607166814865726, 4.280749538340219, 5.5779184262590285], [3.881262417049381, 2.527207537975463, 1.532782848286084, 0.0, 1.5432106434314143, 2.548068048541875, 2.554485693833496, 3.1135448687950524, 4.201456734276815, 4.203931832225637, 4.680691658291539, 2.7570881922782235, 2.7634866780934555, 2.1634489755942936, 2.1691673379432945, 1.0973870101290608, 1.0958752940001886, 2.158604977757626, 2.851803448696982, 3.5019972330086153, 2.780615892208055, 2.793593202311317, 3.4941651062879098, 3.425148507729263, 2.8760236351601836, 4.12885881933495], [5.0954486652305695, 3.9204716820811245, 2.5766609652804537, 1.5432106434314143, 0.0, 1.533242012860331, 1.543491823755474, 2.570531408094443, 5.28188119139384, 5.232128155922789, 6.013460571916973, 4.232738953679993, 4.173649176679803, 2.7666164063707854, 2.8736229032355656, 2.173705191602578, 2.1669774733485347, 1.0979158528776238, 2.184929422201092, 2.1789085180429213, 2.1828996014475788, 2.178647183460415, 2.1658720322308986, 2.7874617934601367, 2.9120108001173346, 3.5059048275730476], [5.439515052833294, 4.50964763368492, 3.066041477214553, 2.548068048541875, 1.533242012860331, 0.0, 2.5029369668451498, 3.886239080396367, 5.31286036236602, 5.628389299790838, 6.4344335181894605, 4.716963991806594, 5.07050497090773, 3.326419938913306, 2.775802716332701, 2.8201319277650825, 3.487674288118086, 2.1397874403781323, 1.094113746371921, 1.0954997672295508, 1.095202684437908, 2.780405049628561, 2.658395442743611, 4.158841389137124, 4.320733202825649, 4.6476970523045065], [6.407950526494411, 5.077337997415575, 3.93833890618875, 2.554485693833496, 1.543491823755474, 2.5029369668451498, 0.0, 1.522426710879706, 6.656502899420986, 6.611847806022155, 7.231252430941684, 5.21313960871949, 5.159093662650447, 4.204328858450538, 4.28979328406393, 2.783430166179852, 2.7709316592077835, 2.1547674329263473, 3.4680659206537583, 2.688022927729598, 2.819008616517516, 1.0969164690166702, 1.0973270934411492, 2.1713599379190915, 2.1780548454986155, 2.157284077260109], [6.795288068948953, 5.39987376982092, 4.518970264341203, 3.1135448687950524, 2.570531408094443, 3.886239080396367, 1.522426710879706, 0.0, 7.2630294671025535, 6.924278732113548, 7.501279360882382, 5.604969249692634, 5.163588803342109, 4.659705911321014, 5.1619687901032485, 3.464807033587874, 2.744072777824962, 2.764952169568219, 4.721144740420485, 4.0936850648285095, 4.269280476848529, 2.14861098154133, 2.1308246337979106, 1.0944515018948988, 1.093582909522639, 1.094872951533647], [1.0946196508376782, 2.1687800556995174, 2.783505381708468, 4.201456734276815, 5.28188119139384, 5.31286036236602, 6.656502899420986, 7.2630294671025535, 0.0, 1.774684298685262, 1.7718991760255434, 2.5028320139394094, 3.06476281790288, 3.117841698996279, 2.545634763668976, 4.384119366531892, 4.674638947555201, 5.472540446629884, 4.65786655669739, 6.322035211069297, 5.369196598188597, 6.788366633439888, 7.4249535877337305, 7.347675080595222, 6.89014951797129, 8.310416994351128], [1.0947023979146115, 2.168668644583584, 2.7824264105273295, 4.203931832225637, 5.232128155922789, 5.628389299790838, 6.611847806022155, 6.924278732113548, 1.774684298685262, 0.0, 1.7720796737167324, 3.065561646745992, 2.502215188587904, 2.563110676502285, 3.0985204130358737, 4.747250696982412, 4.353467828065345, 5.103252890069235, 4.99884318017679, 6.566081605493493, 5.981735101958294, 6.9847894936068045, 7.376679956457376, 6.769865464689826, 6.548638589813916, 8.01117865110996], [1.0945214616443115, 2.159211527386791, 3.4720598122728243, 4.680691658291539, 6.013460571916973, 6.4344335181894605, 7.231252430941684, 7.501279360882382, 1.7718991760255434, 1.7720796737167324, 0.0, 2.4740763488623383, 2.471926807168853, 3.756068608265829, 3.739871032535748, 4.867074152917747, 4.7620558018570085, 6.152108276842989, 5.95241054615691, 7.479589821641291, 6.517019590272842, 7.370005103118993, 8.134515692406033, 7.551738368084529, 6.915830804032152, 8.534019387721122], [2.146753784205352, 1.0962376111044538, 2.163482276331378, 2.7570881922782235, 4.232738953679993, 4.716963991806594, 5.21313960871949, 5.604969249692634, 2.5028320139394094, 3.065561646745992, 2.4740763488623383, 0.0, 1.765158831380338, 3.067507797871099, 2.5006390183311145, 2.566903108806408, 2.9857587946784983, 4.731171967916617, 4.585015604117395, 5.806452944784794, 4.5754696349118085, 5.131847980990863, 6.189341658851934, 5.937441157603164, 4.992409331174678, 6.556638404700995], [2.145627677394193, 1.0962039408796156, 2.1642283659540182, 2.7634866780934555, 4.173649176679803, 5.07050497090773, 5.159093662650447, 5.163588803342109, 3.06476281790288, 2.502215188587904, 2.471926807168853, 1.765158831380338, 0.0, 2.5071087112448875, 3.060620365220097, 3.146546136639347, 2.4583608360043483, 4.303936167045231, 4.931637295057292, 6.072582526405056, 5.279757750124526, 5.390231933785411, 6.134517494473384, 5.212227719507274, 4.514479071830991, 6.177636124764877], [2.753816384583402, 2.159909852285507, 1.096579705265422, 2.1634489755942936, 2.7666164063707854, 3.326419938913306, 4.204328858450538, 4.659705911321014, 3.117841698996279, 2.563110676502285, 3.756068608265829, 3.067507797871099, 2.5071087112448875, 0.0, 1.767162315691459, 3.065067852430024, 2.5273679213759124, 2.5477456662704774, 2.8873912100718186, 4.189287043161402, 3.9239021611146216, 4.743704237196918, 4.869653141651877, 4.488205375202877, 4.55039636515326, 5.7482552518133705], [2.7362212063354816, 2.150011939501732, 1.0955961938597631, 2.1691673379432945, 2.8736229032355656, 2.775802716332701, 4.28979328406393, 5.1619687901032485, 2.545634763668976, 3.0985204130358737, 3.739871032535748, 2.5006390183311145, 3.060620365220097, 1.767162315691459, 0.0, 2.4790934411594896, 3.0537115351650357, 3.233468182926809, 2.25840846836882, 3.8110359772639253, 2.9249062138810538, 4.466879008883049, 4.958434657228025, 5.329566089279689, 5.040258490395111, 6.171916451962065], [4.186851597561108, 2.7879041644217257, 2.1595334148838727, 1.0973870101290608, 2.173705191602578, 2.8201319277650825, 2.783430166179852, 3.464807033587874, 4.384119366531892, 4.747250696982412, 4.867074152917747, 2.566903108806408, 3.146546136639347, 3.065067852430024, 2.4790934411594896, 0.0, 1.7599303707817533, 3.0676559096482774, 3.259696927629929, 3.7980165942238853, 2.6095157577604313, 2.5727654479178623, 3.762779709204354, 4.054196525823581, 3.104096883152972, 4.326775993739449], [4.109721305636187, 2.6800714393463467, 2.1412766425662983, 1.0958752940001886, 2.1669774733485347, 3.487674288118086, 2.7709316592077835, 2.744072777824962, 4.674638947555201, 4.353467828065345, 4.7620558018570085, 2.9857587946784983, 2.4583608360043483, 2.5273679213759124, 3.0537115351650357, 1.7599303707817533, 0.0, 2.48652207108644, 3.8356910576843903, 4.322966585575235, 3.7863949160117993, 3.1077662170761817, 3.7866860300267833, 2.9625734556294128, 2.234481534942726, 3.7738123707995874], [5.198262723256684, 4.177161468030653, 2.804930649766586, 2.158604977757626, 1.0979158528776238, 2.1397874403781323, 2.1547674329263473, 2.764952169568219, 5.472540446629884, 5.103252890069235, 6.152108276842989, 4.731171967916617, 4.303936167045231, 2.5477456662704774, 3.233468182926809, 3.0676559096482774, 2.48652207108644, 0.0, 2.4542692721052433, 2.513803037232631, 3.0636143180890114, 3.0681693646211903, 2.5057896998750713, 2.53170130347164, 3.2249631284713938, 3.7322077621697325], [4.901344505337286, 4.247412898459484, 2.782446321135414, 2.851803448696982, 2.184929422201092, 1.094113746371921, 3.4680659206537583, 4.721144740420485, 4.65786655669739, 4.99884318017679, 5.95241054615691, 4.585015604117395, 4.931637295057292, 2.8873912100718186, 2.25840846836882, 3.259696927629929, 3.8356910576843903, 2.4542692721052433, 0.0, 1.7587193096114002, 1.7746357626284892, 3.814362799996875, 3.644801772387629, 4.836618518138473, 5.079556677506414, 5.575574406283177], [6.462184693275177, 5.564882739106009, 4.087676180912574, 3.5019972330086153, 2.1789085180429213, 1.0954997672295508, 2.688022927729598, 4.0936850648285095, 6.322035211069297, 6.566081605493493, 7.479589821641291, 5.806452944784794, 6.072582526405056, 4.189287043161402, 3.8110359772639253, 3.7980165942238853, 4.322966585575235, 2.513803037232631, 1.7587193096114002, 0.0, 1.772039079704508, 3.0582222384908526, 2.374877733694937, 4.294148681636443, 4.757121336480709, 4.684925917237113], [5.597917906686378, 4.623915680459582, 3.3721832660755555, 2.780615892208055, 2.1828996014475788, 1.095202684437908, 2.819008616517516, 4.269280476848529, 5.369196598188597, 5.981735101958294, 6.517019590272842, 4.5754696349118085, 5.279757750124526, 3.9239021611146216, 2.9249062138810538, 2.6095157577604313, 3.7863949160117993, 3.0636143180890114, 1.7746357626284892, 1.772039079704508, 0.0, 2.6520412440231773, 3.0788748610490817, 4.773652603614972, 4.570340045335795, 4.934478887380105], [6.613345408339111, 5.228119568257788, 4.235571047686487, 2.793593202311317, 2.178647183460415, 2.780405049628561, 1.0969164690166702, 2.14861098154133, 6.788366633439888, 6.9847894936068045, 7.370005103118993, 5.131847980990863, 5.390231933785411, 4.743704237196918, 4.466879008883049, 2.5727654479178623, 3.1077662170761817, 3.0681693646211903, 3.814362799996875, 3.0582222384908526, 2.6520412440231773, 0.0, 1.759756815585608, 3.0674870985873763, 2.4759216809099596, 2.5066906969149585], [7.248503806993551, 6.002980287323957, 4.734022806239953, 3.4941651062879098, 2.1658720322308986, 2.658395442743611, 1.0973270934411492, 2.1308246337979106, 7.4249535877337305, 7.376679956457376, 8.134515692406033, 6.189341658851934, 6.134517494473384, 4.869653141651877, 4.958434657228025, 3.762779709204354, 3.7866860300267833, 2.5057896998750713, 3.644801772387629, 2.374877733694937, 3.0788748610490817, 1.759756815585608, 0.0, 2.529914775244415, 3.0548887639323303, 2.405772773975132], [6.814689575468569, 5.534003939283021, 4.607166814865726, 3.425148507729263, 2.7874617934601367, 4.158841389137124, 2.1713599379190915, 1.0944515018948988, 7.347675080595222, 6.769865464689826, 7.551738368084529, 5.937441157603164, 5.212227719507274, 4.488205375202877, 5.329566089279689, 4.054196525823581, 2.9625734556294128, 2.53170130347164, 4.836618518138473, 4.294148681636443, 4.773652603614972, 3.0674870985873763, 2.529914775244415, 0.0, 1.7770567042162722, 1.771178017591682], [6.332481036686964, 4.875243182652532, 4.280749538340219, 2.8760236351601836, 2.9120108001173346, 4.320733202825649, 2.1780548454986155, 1.093582909522639, 6.89014951797129, 6.548638589813916, 6.915830804032152, 4.992409331174678, 4.514479071830991, 4.55039636515326, 5.040258490395111, 3.104096883152972, 2.234481534942726, 3.2249631284713938, 5.079556677506414, 4.757121336480709, 4.570340045335795, 2.4759216809099596, 3.0548887639323303, 1.7770567042162722, 0.0, 1.7632980916453125], [7.85480808167838, 6.4316987748183605, 5.5779184262590285, 4.12885881933495, 3.5059048275730476, 4.6476970523045065, 2.157284077260109, 1.094872951533647, 8.310416994351128, 8.01117865110996, 8.534019387721122, 6.556638404700995, 6.177636124764877, 5.7482552518133705, 6.171916451962065, 4.326775993739449, 3.7738123707995874, 3.7322077621697325, 5.575574406283177, 4.684925917237113, 4.934478887380105, 2.5066906969149585, 2.405772773975132, 1.771178017591682, 1.7632980916453125, 0.0]]}