{"total energy": -49.89859858, "HOMO-LUMO gap/eV": 3.19572836, "electronic energy": -50.53468028, "dipole": [1.24273346, -0.02426187, 0.04329354], "partial charges": [-0.37301828, 0.2826172, -0.17901155, 0.34098381, -0.41941615, -0.17785018, 0.27946494, -0.37644668, -0.0242933, -0.04599923, -0.10473877, 0.01688817, -0.03291575, -0.02599221, -0.02694033, -0.02642099, -0.03235297, 0.23416284, 0.23490039, 0.04850226, 0.06134347, 0.04435744, 0.03468021, 0.05767615, 0.04534884, 0.04315686, 0.0404429, 0.04260663, 0.0382643], "atomic dipole moments": [[0.05284937, -0.12142126, -0.12562661], [-0.03828152, -0.08282288, 0.01053711], [-0.05391089, 0.0177747, -0.06638636], [0.05378534, 0.0752676, -0.0159301], [0.1204641, 0.17577823, -0.03025106], [-0.05873731, 0.04186225, 0.0486818], [-0.03072744, -0.07914394, 0.01564404], [0.03961354, -0.06375882, 0.16541095], [-0.0333147, -0.02664777, 0.00259243], [0.06822502, -0.09715615, 0.09787656], [-0.05804471, -0.0800797, -0.08044933], [-0.13638162, 0.02774753, -0.00584725], [-0.00838745, 0.0006792, 0.0244585], [-0.0077045, -0.00063863, 0.00155175], [-0.00719951, 0.00026134, -0.0005022], [-0.00989022, 0.00067635, -0.00154287], [-0.00778919, 0.00364252, -0.01827341], [-0.07424314, -0.02759811, 0.10923645], [-0.06543964, -0.06882242, -0.09607536], [-0.12399208, 0.03480602, 0.0026719], [0.03038215, 0.03495363, -0.11915099], [-0.03244037, 0.11773744, -0.03113407], [0.12574492, -0.00259368, -0.01674752], [-0.0238178, -0.00919457, 0.12804617], [-0.05814049, 0.02295905, -0.14184851], [0.08105843, -0.00818913, -0.1291535], [0.14890509, -0.02752046, 0.00426265], [0.0721891, -0.01727333, 0.13339576], [-0.06383929, 0.01456473, 0.13978715]], "atomic quadrupole moments": [[0.14562208, -0.03586294, -0.08878808, 0.13948147, -0.00780606, -0.056834], [0.3245066, -0.03811873, -0.17928864, 0.37692402, -0.06834314, -0.14521796], [-0.01693467, 0.00512479, 0.07630443, 0.05800605, 0.06417744, -0.05936976], [0.19421491, -0.31898283, -0.04222074, 0.07846383, -0.03959837, -0.15199418], [0.09021409, -0.093555, 0.02051089, 0.02775358, -0.03152156, -0.11072498], [-0.00621853, -0.0111577, 0.00955945, -0.05414404, -0.09474585, -0.00334093], [0.3835253, -0.15741081, -0.13453721, -0.28971104, 0.03940295, -0.24898809], [0.16467236, -0.07955295, -0.08334458, -0.09536741, 0.01049191, -0.08132778], [-0.1009481, -0.00120051, -0.01292913, 0.00305895, 0.00978747, 0.11387723], [-0.14057796, 0.03542154, 0.23061297, 0.11366108, 0.03841755, -0.09003502], [-0.02234789, 0.10926595, 0.03194488, 0.11603017, 0.13214368, -0.00959699], [-0.03733086, 0.06927605, 0.41487263, 0.02263478, 0.02397993, -0.37754177], [-0.23143411, 0.14817405, 0.50015452, 0.02997147, 0.05384639, -0.26872042], [-0.23968245, 0.14919453, 0.50802899, 0.02710095, 0.03834369, -0.26834655], [-0.25269016, 0.15231904, 0.50912435, 0.00660218, 0.03310119, -0.25643419], [-0.23598773, 0.14886313, 0.50773171, -0.01239019, 0.02710967, -0.27174398], [-0.22643562, 0.15032471, 0.49711136, -0.02574212, 0.01119566, -0.27067574], [-0.04392896, 0.02133258, 0.00436029, -0.02103212, -0.00087334, 0.03956867], [-0.04606454, 0.02533099, 0.01144329, 0.00430619, 0.01512095, 0.03462125], [0.05027068, 0.00311628, -0.00875842, -0.01817149, 0.0095966, -0.04151226], [-0.02654846, 0.01739979, -0.01568991, -0.03296235, 0.01171599, 0.04223837], [-0.02763863, -0.03330152, 0.05853498, 0.026587, -0.03074282, -0.03089635], [0.07347294, -0.02238664, -0.04216485, -0.01864775, 0.01725199, -0.03130809], [-0.03002983, 0.01872789, -0.03198854, -0.02776528, -0.02626364, 0.06201836], [0.04662286, -0.01847236, -0.06181332, 0.00036888, -0.00256414, 0.01519046], [0.03179232, -0.02015912, -0.06360202, 0.00779322, -0.00673879, 0.0318097], [0.02413832, -0.01899798, -0.06401632, -0.00112926, -0.0044236, 0.039878], [0.03270643, -0.01975042, -0.06412376, -0.00947727, -0.00139479, 0.03141733], [0.04790805, -0.019873, -0.06150335, -0.00391999, -0.00479839, 0.0135953]], "number of molecular orbitals": 80, "number of electrons": 88, "number of unpaired electrons": 0, "orbital energies/eV": [-20.64221124, -20.35341555, -20.28107449, -19.83076187, -19.42689542, -18.72385836, -18.26700352, -18.13380857, -18.0744366, -17.39325946, -17.24243989, -17.12423507, -16.92247899, -16.77698534, -16.5043204, -16.18313616, -16.07183642, -15.70956576, -15.67561335, -15.58179079, -15.53596651, -15.32944966, -14.93995699, -14.74308402, -14.52214356, -14.46518335, -14.00469732, -13.91225581, -13.66348619, -13.54150185, -13.46405337, -13.32400409, -13.02745041, -12.89011697, -12.75784594, -12.63476916, -12.46305954, -12.31318345, -12.15400774, -12.10271981, -11.88288474, -11.63735504, -11.5147043, -11.39567129, -8.19994293, -7.20766264, -6.78928005, -6.69575284, -6.10911119, -3.36469748, -0.48047963, -0.34833019, 0.85735568, 1.39624579, 1.79736005, 2.58978633, 3.22890902, 3.38205779, 3.48671046, 3.6302223, 4.02260826, 4.1430541, 4.17054793, 4.24619461, 4.55145391, 4.88412907, 5.43478518, 6.49716247, 7.16923582, 7.49805776, 9.54043969, 9.8982883, 10.55211338, 10.97819257, 11.17780962, 13.88738898, 14.03976674, 15.56468195, 15.99899964, 16.44465683], "fractional occupation": [2.0, 2.0, 2.0, 2.0, 2.0, 2.0, 2.0, 2.0, 2.0, 2.0, 2.0, 2.0, 2.0, 2.0, 2.0, 2.0, 2.0, 2.0, 2.0, 2.0, 2.0, 2.0, 2.0, 2.0, 2.0, 2.0, 2.0, 2.0, 2.0, 2.0, 2.0, 2.0, 2.0, 2.0, 2.0, 2.0, 2.0, 2.0, 2.0, 2.0, 2.0, 2.0, 2.0, 2.0, 0.0, 0.0, 0.0, 0.0, 0.0, 0.0, 0.0, 0.0, 0.0, 0.0, 0.0, 0.0, 0.0, 0.0, 0.0, 0.0, 0.0, 0.0, 0.0, 0.0, 0.0, 0.0, 0.0, 0.0, 0.0, 0.0, 0.0, 0.0, 0.0, 0.0, 0.0, 0.0, 0.0, 0.0, 0.0, 0.0], "program call": "xtb /home/svss/Project-DBcg-Debug/aqme2_20220329/End-to-End-workflows-final/example-3/QDESCP/mol_466_rdkit_conf_2/mol_466_rdkit_conf_2.xyz --pop --wbo --acc 0.2 --gfn 2 --chrg 0 --uhf 0 --etemp 300 --input /home/svss/Project-DBcg-Debug/aqme2_20220329/End-to-End-workflows-final/example-3/QDESCP/mol_466_rdkit_conf_2/mol_466_rdkit_conf_2_xtb.inp", "method": "GFN2-xTB", "xtb version": "6.3.3 (7355c4f)", "Dipole module/D": 3.161, "Total charge": 0, "Transition dipole module/D": NaN, "HOMO": -11.3957, "LUMO": -8.1999, "HOMO occupancy": 2.0, "LUMO occupancy": 0, "mulliken charges": [-0.50056, 0.4772, -0.32899, 0.57673, -0.53518, -0.32739, 0.47636, -0.50177, -0.05744, -0.02564, -0.08492, 0.00412, -0.03541, -0.02009, -0.02402, -0.02031, -0.03782, 0.27931, 0.27976, 0.04578, 0.04672, 0.03707, 0.02509, 0.04617, 0.04775, 0.0392, 0.03721, 0.03874, 0.0423], "cm5 charges": [-0.5472, 0.57617, -0.67072, 0.74472, -0.57248, -0.66853, 0.57567, -0.54738, -0.05407, -0.12763, -0.23387, -0.00241, -0.08718, -0.07546, -0.07943, -0.0757, -0.08944, 0.48264, 0.48304, 0.10448, 0.10634, 0.08796, 0.07773, 0.10226, 0.10705, 0.09455, 0.09261, 0.09407, 0.10223], "FUKUI+": [-0.127, -0.045, -0.029, -0.041, -0.126, -0.03, -0.046, -0.129, -0.006, 0.01, 0.012, -0.016, -0.006, -0.018, -0.026, -0.014, -0.01, -0.042, -0.043, -0.018, -0.024, -0.031, -0.015, -0.007, -0.02, -0.043, -0.047, -0.042, -0.019], "FUKUI-": [-0.079, -0.004, -0.022, -0.002, -0.086, -0.02, -0.004, -0.074, -0.016, 0.008, 0.011, -0.027, -0.018, -0.023, -0.041, -0.024, -0.015, -0.031, -0.031, -0.045, -0.058, -0.055, -0.037, -0.06, -0.04, -0.056, -0.058, -0.054, -0.039], "FUKUIrad": [-0.103, -0.025, -0.026, -0.022, -0.106, -0.025, -0.025, -0.101, -0.011, 0.009, 0.012, -0.021, -0.012, -0.02, -0.034, -0.019, -0.012, -0.037, -0.037, -0.032, -0.041, -0.043, -0.026, -0.034, -0.03, -0.05, -0.053, -0.048, -0.029], "s proportion": [1.73, 1.017, 1.434, 0.938, 1.721, 1.433, 1.017, 1.731, 1.11, 1.032, 1.008, 1.092, 1.066, 1.061, 1.062, 1.061, 1.065, 0.721, 0.72, 0.954, 0.953, 0.963, 0.975, 0.954, 0.952, 0.961, 0.963, 0.961, 0.958], "p proportion": [4.77, 2.506, 3.895, 2.485, 4.814, 3.894, 2.506, 4.77, 2.948, 2.993, 3.077, 2.904, 2.969, 2.959, 2.962, 2.959, 2.973, 0.0, 0.0, 0.0, 0.0, 0.0, 0.0, 0.0, 0.0, 0.0, 0.0, 0.0, 0.0], "d proportion": [0.0, 0.0, 0.0, 0.0, 0.0, 0.0, 0.0, 0.0, 0.0, 0.0, 0.0, 0.0, 0.0, 0.0, 0.0, 0.0, 0.0, 0.0, 0.0, 0.0, 0.0, 0.0, 0.0, 0.0, 0.0, 0.0, 0.0, 0.0, 0.0], "Fermi-level/eV": -9.7978, "Coordination numbers": [0.859, 2.767, 2.696, 2.712, 0.86, 2.696, 2.77, 0.858, 3.899, 3.8, 3.747, 2.958, 2.914, 2.91, 2.912, 2.91, 2.913, 0.86, 0.86, 0.923, 0.923, 0.924, 0.924, 0.924, 0.925, 0.925, 0.925, 0.925, 0.925], "Dispersion coefficient C6": [21.149, 22.215, 24.876, 21.206, 22.071, 24.851, 22.271, 21.215, 20.951, 21.399, 22.569, 27.632, 28.82, 28.651, 28.674, 28.662, 28.806, 0.947, 0.944, 2.339, 2.184, 2.392, 2.521, 2.226, 2.379, 2.407, 2.443, 2.414, 2.472], "Total dispersion C6": 10208.474226, "Total dispersion C8": 241522.416324, "Polarizability alpha": [6.166, 7.719, 7.408, 7.538, 6.299, 7.404, 7.729, 6.175, 6.506, 6.586, 6.776, 8.622, 8.803, 8.777, 8.781, 8.779, 8.801, 1.525, 1.522, 2.392, 2.311, 2.419, 2.483, 2.333, 2.412, 2.426, 2.444, 2.43, 2.459], "Total polarizability alpha": 156.024239, "Wiberg matrix": [[0.0, 1.7603716615358682, 0.13154211675142627, 0.0, 0.0, 0.0, 0.0, 0.0, 0.0, 0.0, 0.0, 0.0, 0.0, 0.0, 0.0, 0.0, 0.0, 0.0, 0.0, 0.0, 0.0, 0.0, 0.0, 0.0, 0.0, 0.0, 0.0, 0.0, 0.0], [1.7603716615358682, 0.0, 1.1315280457516834, 0.0, 0.0, 0.0, 0.0, 0.0, 0.9439042300663962, 0.0, 0.0, 0.0, 0.0, 0.0, 0.0, 0.0, 0.0, 0.0, 0.0, 0.0, 0.0, 0.0, 0.0, 0.0, 0.0, 0.0, 0.0, 0.0, 0.0], [0.13154211675142627, 1.1315280457516834, 0.0, 1.1210475666343267, 0.1141441169857282, 0.0, 0.0, 0.0, 0.0, 0.0, 0.0, 0.0, 0.0, 0.0, 0.0, 0.0, 0.0, 0.9079919085231272, 0.0, 0.0, 0.0, 0.0, 0.0, 0.0, 0.0, 0.0, 0.0, 0.0, 0.0], [0.0, 0.0, 1.1210475666343267, 0.0, 1.6545290626237699, 1.1192255572792746, 0.0, 0.0, 0.0, 0.0, 0.0, 0.0, 0.0, 0.0, 0.0, 0.0, 0.0, 0.0, 0.0, 0.0, 0.0, 0.0, 0.0, 0.0, 0.0, 0.0, 0.0, 0.0, 0.0], [0.0, 0.0, 0.1141441169857282, 1.6545290626237699, 0.0, 0.11325143109702976, 0.0, 0.0, 0.0, 0.0, 0.0, 0.0, 0.0, 0.0, 0.0, 0.0, 0.0, 0.0, 0.0, 0.0, 0.0, 0.0, 0.0, 0.0, 0.0, 0.0, 0.0, 0.0, 0.0], [0.0, 0.0, 0.0, 1.1192255572792746, 0.11325143109702976, 0.0, 1.1359903351708363, 0.1309973115220182, 0.0, 0.0, 0.0, 0.0, 0.0, 0.0, 0.0, 0.0, 0.0, 0.0, 0.9074772139721381, 0.0, 0.0, 0.0, 0.0, 0.0, 0.0, 0.0, 0.0, 0.0, 0.0], [0.0, 0.0, 0.0, 0.0, 0.0, 1.1359903351708363, 0.0, 1.7576413752561615, 0.9338201250663032, 0.0, 0.0, 0.0, 0.0, 0.0, 0.0, 0.0, 0.0, 0.0, 0.0, 0.0, 0.0, 0.0, 0.0, 0.0, 0.0, 0.0, 0.0, 0.0, 0.0], [0.0, 0.0, 0.0, 0.0, 0.0, 0.1309973115220182, 1.7576413752561615, 0.0, 0.0, 0.0, 0.0, 0.0, 0.0, 0.0, 0.0, 0.0, 0.0, 0.0, 0.0, 0.0, 0.0, 0.0, 0.0, 0.0, 0.0, 0.0, 0.0, 0.0, 0.0], [0.0, 0.9439042300663962, 0.0, 0.0, 0.0, 0.0, 0.9338201250663032, 0.0, 0.0, 0.9614456318201644, 0.0, 0.9334931908769122, 0.0, 0.0, 0.0, 0.0, 0.0, 0.0, 0.0, 0.0, 0.0, 0.0, 0.0, 0.0, 0.0, 0.0, 0.0, 0.0, 0.0], [0.0, 0.0, 0.0, 0.0, 0.0, 0.0, 0.0, 0.0, 0.9614456318201644, 0.0, 1.020390949303819, 0.0, 0.0, 0.0, 0.0, 0.0, 0.0, 0.0, 0.0, 0.9748611832340148, 0.9721224650108506, 0.0, 0.0, 0.0, 0.0, 0.0, 0.0, 0.0, 0.0], [0.0, 0.0, 0.0, 0.0, 0.0, 0.0, 0.0, 0.0, 0.0, 1.020390949303819, 0.0, 0.0, 0.0, 0.0, 0.0, 0.0, 0.0, 0.0, 0.0, 0.0, 0.0, 0.9846544179563583, 0.9873082685680032, 0.9839882603203932, 0.0, 0.0, 0.0, 0.0, 0.0], [0.0, 0.0, 0.0, 0.0, 0.0, 0.0, 0.0, 0.0, 0.9334931908769122, 0.0, 0.0, 0.0, 1.4082083938424492, 0.0, 0.1087508077596926, 0.0, 1.4133433769500772, 0.0, 0.0, 0.0, 0.0, 0.0, 0.0, 0.0, 0.0, 0.0, 0.0, 0.0, 0.0], [0.0, 0.0, 0.0, 0.0, 0.0, 0.0, 0.0, 0.0, 0.0, 0.0, 0.0, 1.4082083938424492, 0.0, 1.4435842913907404, 0.0, 0.11214795117226722, 0.0, 0.0, 0.0, 0.0, 0.0, 0.0, 0.0, 0.0, 0.9681729037150326, 0.0, 0.0, 0.0, 0.0], [0.0, 0.0, 0.0, 0.0, 0.0, 0.0, 0.0, 0.0, 0.0, 0.0, 0.0, 0.0, 1.4435842913907404, 0.0, 1.4377713586841974, 0.0, 0.11064890016321216, 0.0, 0.0, 0.0, 0.0, 0.0, 0.0, 0.0, 0.0, 0.9697895123941189, 0.0, 0.0, 0.0], [0.0, 0.0, 0.0, 0.0, 0.0, 0.0, 0.0, 0.0, 0.0, 0.0, 0.0, 0.1087508077596926, 0.0, 1.4377713586841974, 0.0, 1.4404459941412677, 0.0, 0.0, 0.0, 0.0, 0.0, 0.0, 0.0, 0.0, 0.0, 0.0, 0.9703150372958452, 0.0, 0.0], [0.0, 0.0, 0.0, 0.0, 0.0, 0.0, 0.0, 0.0, 0.0, 0.0, 0.0, 0.0, 0.11214795117226722, 0.0, 1.4404459941412677, 0.0, 1.4390934042633434, 0.0, 0.0, 0.0, 0.0, 0.0, 0.0, 0.0, 0.0, 0.0, 0.0, 0.9698564820175595, 0.0], [0.0, 0.0, 0.0, 0.0, 0.0, 0.0, 0.0, 0.0, 0.0, 0.0, 0.0, 1.4133433769500772, 0.0, 0.11064890016321216, 0.0, 1.4390934042633434, 0.0, 0.0, 0.0, 0.0, 0.0, 0.0, 0.0, 0.0, 0.0, 0.0, 0.0, 0.0, 0.9677740058145625], [0.0, 0.0, 0.9079919085231272, 0.0, 0.0, 0.0, 0.0, 0.0, 0.0, 0.0, 0.0, 0.0, 0.0, 0.0, 0.0, 0.0, 0.0, 0.0, 0.0, 0.0, 0.0, 0.0, 0.0, 0.0, 0.0, 0.0, 0.0, 0.0, 0.0], [0.0, 0.0, 0.0, 0.0, 0.0, 0.9074772139721381, 0.0, 0.0, 0.0, 0.0, 0.0, 0.0, 0.0, 0.0, 0.0, 0.0, 0.0, 0.0, 0.0, 0.0, 0.0, 0.0, 0.0, 0.0, 0.0, 0.0, 0.0, 0.0, 0.0], [0.0, 0.0, 0.0, 0.0, 0.0, 0.0, 0.0, 0.0, 0.0, 0.9748611832340148, 0.0, 0.0, 0.0, 0.0, 0.0, 0.0, 0.0, 0.0, 0.0, 0.0, 0.0, 0.0, 0.0, 0.0, 0.0, 0.0, 0.0, 0.0, 0.0], [0.0, 0.0, 0.0, 0.0, 0.0, 0.0, 0.0, 0.0, 0.0, 0.9721224650108506, 0.0, 0.0, 0.0, 0.0, 0.0, 0.0, 0.0, 0.0, 0.0, 0.0, 0.0, 0.0, 0.0, 0.0, 0.0, 0.0, 0.0, 0.0, 0.0], [0.0, 0.0, 0.0, 0.0, 0.0, 0.0, 0.0, 0.0, 0.0, 0.0, 0.9846544179563583, 0.0, 0.0, 0.0, 0.0, 0.0, 0.0, 0.0, 0.0, 0.0, 0.0, 0.0, 0.0, 0.0, 0.0, 0.0, 0.0, 0.0, 0.0], [0.0, 0.0, 0.0, 0.0, 0.0, 0.0, 0.0, 0.0, 0.0, 0.0, 0.9873082685680032, 0.0, 0.0, 0.0, 0.0, 0.0, 0.0, 0.0, 0.0, 0.0, 0.0, 0.0, 0.0, 0.0, 0.0, 0.0, 0.0, 0.0, 0.0], [0.0, 0.0, 0.0, 0.0, 0.0, 0.0, 0.0, 0.0, 0.0, 0.0, 0.9839882603203932, 0.0, 0.0, 0.0, 0.0, 0.0, 0.0, 0.0, 0.0, 0.0, 0.0, 0.0, 0.0, 0.0, 0.0, 0.0, 0.0, 0.0, 0.0], [0.0, 0.0, 0.0, 0.0, 0.0, 0.0, 0.0, 0.0, 0.0, 0.0, 0.0, 0.0, 0.9681729037150326, 0.0, 0.0, 0.0, 0.0, 0.0, 0.0, 0.0, 0.0, 0.0, 0.0, 0.0, 0.0, 0.0, 0.0, 0.0, 0.0], [0.0, 0.0, 0.0, 0.0, 0.0, 0.0, 0.0, 0.0, 0.0, 0.0, 0.0, 0.0, 0.0, 0.9697895123941189, 0.0, 0.0, 0.0, 0.0, 0.0, 0.0, 0.0, 0.0, 0.0, 0.0, 0.0, 0.0, 0.0, 0.0, 0.0], [0.0, 0.0, 0.0, 0.0, 0.0, 0.0, 0.0, 0.0, 0.0, 0.0, 0.0, 0.0, 0.0, 0.0, 0.9703150372958452, 0.0, 0.0, 0.0, 0.0, 0.0, 0.0, 0.0, 0.0, 0.0, 0.0, 0.0, 0.0, 0.0, 0.0], [0.0, 0.0, 0.0, 0.0, 0.0, 0.0, 0.0, 0.0, 0.0, 0.0, 0.0, 0.0, 0.0, 0.0, 0.0, 0.9698564820175595, 0.0, 0.0, 0.0, 0.0, 0.0, 0.0, 0.0, 0.0, 0.0, 0.0, 0.0, 0.0, 0.0], [0.0, 0.0, 0.0, 0.0, 0.0, 0.0, 0.0, 0.0, 0.0, 0.0, 0.0, 0.0, 0.0, 0.0, 0.0, 0.0, 0.9677740058145625, 0.0, 0.0, 0.0, 0.0, 0.0, 0.0, 0.0, 0.0, 0.0, 0.0, 0.0, 0.0]], "Born radii": [], "Atomic SASAs": [], "Solvent H bonds": [], "Total SASA": NaN, "Total FOD": 0.0, "FOD": [0.0, 0.0, 0.0, 0.0, 0.0, 0.0, 0.0, 0.0, 0.0, 0.0, 0.0, 0.0, 0.0, 0.0, 0.0, 0.0, 0.0, 0.0, 0.0, 0.0, 0.0, 0.0, 0.0, 0.0, 0.0, 0.0, 0.0, 0.0, 0.0], "FOD s proportion": [0.0, 0.0, 0.0, 0.0, 0.0, 0.0, 0.0, 0.0, 0.0, 0.0, 0.0, 0.0, 0.0, 0.0, 0.0, 0.0, 0.0, 0.0, 0.0, 0.0, 0.0, 0.0, 0.0, 0.0, 0.0, 0.0, 0.0, 0.0, 0.0], "FOD p proportion": [0.0, 0.0, 0.0, 0.0, 0.0, 0.0, 0.0, 0.0, 0.0, 0.0, 0.0, 0.0, 0.0, 0.0, 0.0, 0.0, 0.0, 0.0, 0.0, 0.0, 0.0, 0.0, 0.0, 0.0, 0.0, 0.0, 0.0, 0.0, 0.0], "FOD d proportion": [0.0, 0.0, 0.0, 0.0, 0.0, 0.0, 0.0, 0.0, 0.0, 0.0, 0.0, 0.0, 0.0, 0.0, 0.0, 0.0, 0.0, 0.0, 0.0, 0.0, 0.0, 0.0, 0.0, 0.0, 0.0, 0.0, 0.0, 0.0, 0.0], "coordinates": [["-1.92860", "0.66050", "2.00250"], ["-1.58080", "-0.14060", "1.13820"], ["-1.82800", "-1.47680", "1.31970"], ["-2.12870", "-2.31350", "0.29220"], ["-2.82000", "-3.31210", "0.46500"], ["-1.73340", "-1.93340", "-0.95030"], ["-1.48910", "-0.62530", "-1.27440"], ["-1.75830", "-0.21470", "-2.40190"], ["-0.84650", "0.22880", "-0.16120"], ["-1.06760", "1.73170", "-0.50400"], ["-0.32150", "2.74350", "0.36430"], ["0.66760", "-0.08060", "-0.09330"], ["1.42890", "-0.15710", "-1.27660"], ["2.79900", "-0.42430", "-1.23700"], ["3.43940", "-0.60630", "-0.01580"], ["2.71260", "-0.51060", "1.16690"], ["1.34130", "-0.24380", "1.13120"], ["-2.30840", "-1.70450", "2.18040"], ["-2.14450", "-2.48360", "-1.69290"], ["-2.14130", "1.95740", "-0.44890"], ["-0.77550", "1.92790", "-1.54440"], ["-0.61900", "3.75910", "0.08190"], ["0.76110", "2.67380", "0.22250"], ["-0.53880", "2.62100", "1.42770"], ["0.96710", "0.00020", "-2.25110"], ["3.36720", "-0.48250", "-2.16230"], ["4.50660", "-0.81000", "0.01510"], ["3.21590", "-0.63440", "2.12300"], ["0.82310", "-0.14960", "2.08370"]], "bond_dist": [[0.0, 1.2287149954322196, 2.2459713911802166, 3.4365450819100274, 4.352016885307317, 3.935155408621113, 3.5474660674909915, 4.4937419251665975, 2.4574179518348114, 2.8585543006911727, 3.099251304750875, 3.4178737966753543, 4.7637981506356875, 5.832782616384739, 5.873137247672662, 4.8590575228124235, 3.5027372425004986, 2.401899550355926, 4.856743639518149, 2.781465955211388, 3.93909151708868, 3.8736389196723024, 3.80213926362515, 2.47093086305546, 5.1878885435213435, 6.833557322507802, 6.89376008068166, 5.306332679921228, 2.869618152298316], [1.2287149954322196, 0.0, 1.3709414757749507, 2.395288045308956, 3.4709115704667557, 2.7566738744363652, 2.4625153278710776, 3.545321574977367, 1.537560798797888, 2.542774541716194, 3.240800905640456, 2.564272764352498, 3.8587336497871942, 4.9904617792344625, 5.172136940375806, 4.309409153236671, 2.9239301718748347, 2.015283059522905, 3.7178668480729646, 2.6897305924571704, 3.481887864363239, 4.153130026859261, 3.7741024707869286, 2.9658066036071875, 4.242519715923546, 5.95759178359847, 6.2262258817039395, 4.921585148100152, 2.583173718509849], [2.2459713911802166, 1.3709414757749507, 0.0, 1.3587654801326092, 2.2545292590693964, 2.3173978337782226, 2.751228865434499, 3.930402149907818, 2.4628192016467634, 3.7680979419330387, 4.5818406235922255, 3.189664998083655, 4.3691852089377035, 5.390139157758359, 5.503347459501354, 4.644775413300411, 3.4059189273968338, 1.0116501074976465, 3.1921117226688667, 3.8755428639095193, 4.571958786997101, 5.514388329633668, 5.0134585876418685, 4.297169473036873, 4.769143072922011, 6.332697650290909, 6.501827478486337, 5.176471371503951, 3.061615104809878], [3.4365450819100274, 2.395288045308956, 1.3587654801326092, 0.0, 1.226767088733636, 1.3581400332808102, 2.390260019328441, 3.435161191268904, 2.883209616035573, 4.257171677299378, 5.370700070754277, 3.5991313326968215, 4.446089535760611, 5.494520595101997, 5.8320779701578065, 5.2396311120154255, 4.126557777373292, 1.9921024898332917, 1.9924371156952483, 4.334740451284252, 4.81598627074455, 6.26098162750858, 5.76445690590189, 5.307205715816941, 4.626614336639698, 6.2914265520627355, 6.809148459976474, 5.893721626442837, 4.074930514745006], [4.352016885307317, 3.4709115704667557, 2.2545292590693964, 1.226767088733636, 0.0, 2.2549029557832414, 3.466367177608281, 4.352035071090305, 4.101804663803483, 5.426765629728264, 6.551559669269601, 4.787237710830746, 5.571386431580563, 6.542885742545105, 6.836125411371561, 6.241051884097745, 5.212936314592765, 2.4059737072545078, 2.4081621436273766, 5.391055290942581, 5.972877749460473, 7.415728962819502, 6.979547425872253, 6.4290232804058185, 5.717574390421168, 7.293201306010961, 7.755126174344295, 6.808166427166715, 5.088592492035494], [3.935155408621113, 2.7566738744363652, 2.3173978337782226, 1.3581400332808102, 2.2549029557832414, 0.0, 1.3696163367892484, 2.249820495061773, 2.4666534535682145, 3.7517237824765295, 5.059152931074529, 3.151526271507188, 3.6416829447385997, 4.785627384157692, 5.421470695300308, 5.1257986382611636, 4.079359079561396, 3.1912854306689646, 1.011522619618563, 3.9441233512657794, 4.022457570938443, 5.8916789160645875, 5.368825004598306, 5.27489455060478, 3.567014136501284, 5.439685208723019, 6.413394165338663, 5.968931594515052, 4.350033412515357], [3.5474660674909915, 2.4625153278710776, 2.751228865434499, 2.390260019328441, 3.466367177608281, 1.3696163367892484, 0.0, 1.2297630869399194, 1.5432549400536515, 2.5152787936926595, 3.9239572997167036, 2.5185412821710904, 2.955324022844196, 4.2929711587663855, 5.086702980320356, 4.860800825995651, 3.734115393235726, 3.7110063554243613, 2.014440443398613, 2.7887549874451145, 2.664761752952785, 4.6711440846970245, 4.26475913270609, 4.329304585034414, 2.7162679507000043, 4.938867070492989, 6.135580072821151, 5.803398536202731, 4.104801449522254], [4.4937419251665975, 3.545321574977367, 3.930402149907818, 3.435161191268904, 4.352035071090305, 2.249820495061773, 1.2297630869399194, 0.0, 2.4594324507902225, 2.8049177991520535, 4.29734847551371, 3.3515082545027397, 3.3805120455339304, 4.708493119884534, 5.732617993552335, 5.7282490396280785, 4.700123677096167, 4.8496997164773, 2.408264655306804, 2.946000069585878, 2.508373347410628, 4.8226915068247935, 4.645243155099634, 4.918761114345766, 2.7380153049243536, 5.138080891733799, 6.741308708255393, 6.737472355416385, 5.175758043997034], [2.4574179518348114, 1.537560798797888, 2.4628192016467634, 2.883209616035573, 4.101804663803483, 2.4666534535682145, 1.5432549400536515, 2.4594324507902225, 0.0, 1.5572750110369074, 2.622115813613121, 1.5468799500930899, 2.5632949752223215, 3.8566248845331073, 4.368921146003896, 3.870110435116807, 2.58459230053794, 3.370147038335271, 3.37461444464401, 2.1788382890889357, 2.1920821266549297, 3.545965587819487, 2.951207964546043, 2.8882353332095363, 2.7765238932881524, 4.718645630898765, 5.455810365106177, 4.739807764034318, 2.823176708957482], [2.8585543006911727, 2.542774541716194, 3.7680979419330387, 4.257171677299378, 5.426765629728264, 3.7517237824765295, 2.5152787936926595, 2.8049177991520535, 1.5572750110369074, 0.0, 1.527857761704276, 2.5424446542648673, 3.2244361445065093, 4.487340031689152, 5.10074820394028, 4.702098269921632, 3.518419886824198, 4.533548107167277, 4.510205195997185, 1.098548219242105, 1.0982936811254083, 2.157515128568048, 2.1816274544477112, 2.1913349401677507, 3.1922491679065406, 5.226862497713136, 6.14828507309152, 5.554091326220699, 3.7162114404323123], [3.099251304750875, 3.240800905640456, 4.5818406235922255, 5.370700070754277, 6.551559669269601, 5.059152931074529, 3.9239572997167036, 4.29734847551371, 2.622115813613121, 1.527857761704276, 0.0, 3.027087276574628, 3.764297189383431, 4.726165335660614, 5.050743000787112, 4.520961886590065, 3.5038551254297032, 5.199105194165627, 5.905757804888379, 2.142643108406064, 2.1247246998140725, 1.0953078882213896, 1.094069508760755, 1.0922660390216294, 4.00331138059482, 5.513373853639893, 6.004985636952015, 5.19773343487332, 3.554781727476386], [3.4178737966753543, 2.564272764352498, 3.189664998083655, 3.5991313326968215, 4.787237710830746, 3.151526271507188, 2.5185412821710904, 3.3515082545027397, 1.5468799500930899, 2.5424446542648673, 3.027087276574628, 0.0, 1.4091234261057475, 2.443162978599668, 2.822276028314736, 2.440292818495354, 1.4070913900667574, 4.082075317776486, 4.030016820064155, 3.488526131477304, 2.8674555044498944, 4.053311077378592, 2.774020773173842, 3.326782908456757, 2.179983882967945, 3.4249269729440948, 3.9091809781589792, 3.422354893929033, 2.183636931818108], [4.7637981506356875, 3.8587336497871942, 4.3691852089377035, 4.446089535760611, 5.571386431580563, 3.6416829447385997, 2.955324022844196, 3.3805120455339304, 2.5632949752223215, 3.2244361445065093, 3.764297189383431, 1.4091234261057475, 0.0, 1.3964734190094703, 2.415265519565085, 2.7827217234211545, 2.410952403097166, 5.320968619527839, 4.284284712761279, 4.231137622436784, 3.046033683333131, 4.623422877046831, 3.2721938298334345, 4.347749002644932, 1.0897948339022352, 2.1557728405377037, 3.4010299307709713, 3.8702021200448953, 3.4144788738546907], [5.832782616384739, 4.9904617792344625, 5.390139157758359, 5.494520595101997, 6.542885742545105, 4.785627384157692, 4.2929711587663855, 4.708493119884534, 3.8566248845331073, 4.487340031689152, 4.726165335660614, 2.443162978599668, 1.3964734190094703, 0.0, 1.3908866237044628, 2.4069997631906825, 2.7867258171553226, 6.2771864366131425, 5.374639853050621, 5.540772562558402, 4.290033781918273, 5.560850363928164, 3.9851474590032425, 5.2455111304809945, 2.1364589090361648, 1.0873907163480843, 2.1523049644509022, 3.392277644886987, 3.873846846482189], [5.873137247672662, 5.172136940375806, 5.503347459501354, 5.8320779701578065, 6.836125411371561, 5.421470695300308, 5.086702980320356, 5.732617993552335, 4.368921146003896, 5.10074820394028, 5.050743000787112, 2.822276028314736, 2.415265519565085, 1.3908866237044628, 0.0, 1.3914654217766247, 2.4184786250864407, 6.250323393233345, 6.125100726518707, 6.156650533366337, 5.150162095507286, 5.961281155087386, 4.241359898664578, 5.322145505338989, 3.387724255307684, 2.1512790451264103, 1.0869058560887412, 2.1506295124916335, 3.38548383986691], [4.8590575228124235, 4.309409153236671, 4.644775413300411, 5.2396311120154255, 6.241051884097745, 5.1257986382611636, 4.860800825995651, 5.7282490396280785, 3.870110435116807, 4.702098269921632, 4.520961886590065, 2.440292818495354, 2.7827217234211545, 2.4069997631906825, 1.3914654217766247, 0.0, 1.397469291254731, 5.259564664494581, 5.971817600195103, 5.679980532537062, 5.046213585451968, 5.523325234856264, 3.8523560284584293, 4.521784731718219, 3.871745199519204, 3.3930610678265136, 2.152839891863768, 1.0875497873660773, 2.130974774604336], [3.5027372425004986, 2.9239301718748347, 3.4059189273968338, 4.126557777373292, 5.212936314592765, 4.079359079561396, 3.734115393235726, 4.700123677096167, 2.58459230053794, 3.518419886824198, 3.5038551254297032, 1.4070913900667574, 2.410952403097166, 2.7867258171553226, 2.4184786250864407, 1.397469291254731, 0.0, 4.068755979411889, 5.01428424503438, 4.412538975465259, 4.044250052852815, 4.578975320964288, 3.1104272198526037, 3.4394428763972806, 3.411673332838301, 3.874066435930081, 3.403731149782544, 2.156469512884428, 1.088421393578792], [2.401899550355926, 2.015283059522905, 1.0116501074976465, 1.9921024898332917, 2.4059737072545078, 3.1912854306689646, 3.7110063554243613, 4.8496997164773, 3.370147038335271, 4.533548107167277, 5.199105194165627, 4.082075317776486, 5.320968619527839, 6.2771864366131425, 6.250323393233345, 5.259564664494581, 4.068755979411889, 0.0, 3.954277798789559, 4.511169749632572, 5.423859069887417, 6.091691027128674, 5.694270238581938, 4.7337080285966096, 5.768283504648502, 7.250156043148313, 7.2064470677303945, 5.627281693677686, 3.4976216419161177], [4.856743639518149, 3.7178668480729646, 3.1921117226688667, 1.9924371156952483, 2.4081621436273766, 1.011522619618563, 2.014440443398613, 2.408264655306804, 3.37461444464401, 4.510205195997185, 5.905757804888379, 4.030016820064155, 4.284284712761279, 5.374639853050621, 6.125100726518707, 5.971817600195103, 5.01428424503438, 3.954277798789559, 0.0, 4.611943976242556, 4.621422454180099, 6.666960970337235, 6.221739570248823, 6.1946233146172816, 4.020311460571183, 5.882480298309548, 7.067908613585775, 6.834802236348906, 5.3401229686216025], [2.781465955211388, 2.6897305924571704, 3.8755428639095193, 4.334740451284252, 5.391055290942581, 3.9441233512657794, 2.7887549874451145, 2.946000069585878, 2.1788382890889357, 1.098548219242105, 2.142643108406064, 3.488526131477304, 4.231137622436784, 5.540772562558402, 6.156650533366337, 5.679980532537062, 4.412538975465259, 4.511169749632572, 4.611943976242556, 0.0, 1.7511139711623571, 2.4176990755675116, 3.0639733484480574, 2.5553862271680186, 4.091540937104259, 6.263579154125858, 7.2158418199126295, 6.483185072940615, 4.431836991587123], [3.93909151708868, 3.481887864363239, 4.571958786997101, 4.81598627074455, 5.972877749460473, 4.022457570938443, 2.664761752952785, 2.508373347410628, 2.1920821266549297, 1.0982936811254083, 2.1247246998140725, 2.8674555044498944, 3.046033683333131, 4.290033781918273, 5.150162095507286, 5.046213585451968, 4.044250052852815, 5.423859069887417, 4.621422454180099, 1.7511139711623571, 0.0, 2.4541062283446493, 2.45752761530771, 3.061011746138848, 2.692973624081751, 4.83257611010939, 6.150505432076294, 5.995538175176604, 4.4760069057140655], [3.8736389196723024, 4.153130026859261, 5.514388329633668, 6.26098162750858, 7.415728962819502, 5.8916789160645875, 4.6711440846970245, 4.8226915068247935, 3.545965587819487, 2.157515128568048, 1.0953078882213896, 4.053311077378592, 4.623422877046831, 5.560850363928164, 5.961281155087386, 5.523325234856264, 4.578975320964288, 6.091691027128674, 6.666960970337235, 2.4176990755675116, 2.4541062283446493, 0.0, 1.761340529256055, 1.7643359345657503, 4.699779933145806, 6.238380770680802, 6.8667978279544535, 6.178623590250502, 4.622206328151092], [3.80213926362515, 3.7741024707869286, 5.0134585876418685, 5.76445690590189, 6.979547425872253, 5.368825004598306, 4.26475913270609, 4.645243155099634, 2.951207964546043, 2.1816274544477112, 1.094069508760755, 2.774020773173842, 3.2721938298334345, 3.9851474590032425, 4.241359898664578, 3.8523560284584293, 3.1104272198526037, 5.694270238581938, 6.221739570248823, 3.0639733484480574, 2.45752761530771, 1.761340529256055, 0.0, 1.7734246220237275, 3.6481872101086044, 4.737220486741144, 5.11943819671651, 4.536753302748564, 3.382232546706391], [2.47093086305546, 2.9658066036071875, 4.297169473036873, 5.307205715816941, 6.4290232804058185, 5.27489455060478, 4.329304585034414, 4.918761114345766, 2.8882353332095363, 2.1913349401677507, 1.0922660390216294, 3.326782908456757, 4.347749002644932, 5.2455111304809945, 5.322145505338989, 4.521784731718219, 3.4394428763972806, 4.7337080285966096, 6.1946233146172816, 2.5553862271680186, 3.061011746138848, 1.7643359345657503, 1.7734246220237275, 0.0, 4.761291514914834, 6.1462710849750195, 6.262847668592937, 5.017852462956638, 3.1561577859796555], [5.1878885435213435, 4.242519715923546, 4.769143072922011, 4.626614336639698, 5.717574390421168, 3.567014136501284, 2.7162679507000043, 2.7380153049243536, 2.7765238932881524, 3.1922491679065406, 4.00331138059482, 2.179983882967945, 1.0897948339022352, 2.1364589090361648, 3.387724255307684, 3.871745199519204, 3.411673332838301, 5.768283504648502, 4.020311460571183, 4.091540937104259, 2.692973624081751, 4.699779933145806, 3.6481872101086044, 4.761291514914834, 0.0, 2.4497683033299293, 4.280204052378812, 4.959089574710261, 4.339777307650704], [6.833557322507802, 5.95759178359847, 6.332697650290909, 6.2914265520627355, 7.293201306010961, 5.439685208723019, 4.938867070492989, 5.138080891733799, 4.718645630898765, 5.226862497713136, 5.513373853639893, 3.4249269729440948, 2.1557728405377037, 1.0873907163480843, 2.1512790451264103, 3.3930610678265136, 3.874066435930081, 7.250156043148313, 5.882480298309548, 6.263579154125858, 4.83257611010939, 6.238380770680802, 4.737220486741144, 6.1462710849750195, 2.4497683033299293, 0.0, 2.4792255585162075, 4.290659784928188, 4.961026428069095], [6.89376008068166, 6.2262258817039395, 6.501827478486337, 6.809148459976474, 7.755126174344295, 6.413394165338663, 6.135580072821151, 6.741308708255393, 5.455810365106177, 6.14828507309152, 6.004985636952015, 3.9091809781589792, 3.4010299307709713, 2.1523049644509022, 1.0869058560887412, 2.152839891863768, 3.403731149782544, 7.2064470677303945, 7.067908613585775, 7.2158418199126295, 6.150505432076294, 6.8667978279544535, 5.11943819671651, 6.262847668592937, 4.280204052378812, 2.4792255585162075, 0.0, 2.4778991625972195, 4.275910004899542], [5.306332679921228, 4.921585148100152, 5.176471371503951, 5.893721626442837, 6.808166427166715, 5.968931594515052, 5.803398536202731, 6.737472355416385, 4.739807764034318, 5.554091326220699, 5.19773343487332, 3.422354893929033, 3.8702021200448953, 3.392277644886987, 2.1506295124916335, 1.0875497873660773, 2.156469512884428, 5.627281693677686, 6.834802236348906, 6.483185072940615, 5.995538175176604, 6.178623590250502, 4.536753302748564, 5.017852462956638, 4.959089574710261, 4.290659784928188, 2.4778991625972195, 0.0, 2.441734500309155], [2.869618152298316, 2.583173718509849, 3.061615104809878, 4.074930514745006, 5.088592492035494, 4.350033412515357, 4.104801449522254, 5.175758043997034, 2.823176708957482, 3.7162114404323123, 3.554781727476386, 2.183636931818108, 3.4144788738546907, 3.873846846482189, 3.38548383986691, 2.130974774604336, 1.088421393578792, 3.4976216419161177, 5.3401229686216025, 4.431836991587123, 4.4760069057140655, 4.622206328151092, 3.382232546706391, 3.1561577859796555, 4.339777307650704, 4.961026428069095, 4.275910004899542, 2.441734500309155, 0.0]]}