{"total energy": -23.61469009, "HOMO-LUMO gap/eV": 3.48308404, "electronic energy": -24.03233556, "dipole": [0.5106764, -0.69248844, 0.03316881], "partial charges": [-0.04060269, -0.03581718, -0.05468408, 0.04570416, -0.10394986, 0.00120757, -0.07209213, -0.00628148, -0.03888092, 0.02539915, 0.0251186, 0.02106034, 0.15109295, 0.03052547, 0.02544445, 0.02675567], "atomic dipole moments": [[-0.01173363, -0.01808223, 0.00220241], [0.00052996, 0.00955337, -0.00087208], [0.02757995, -0.00500188, -0.00101924], [0.14085244, -0.04566417, -0.00360801], [-0.00010053, 0.02090851, -0.00184013], [-0.04813036, -0.15161839, 0.01586724], [-0.03143156, -0.00338432, 0.00198761], [0.01834748, -0.02641012, 0.00134649], [0.01919228, -0.00277143, -0.00080335], [-0.12855219, 0.07922318, 2.86e-06], [-0.13281896, -0.06845273, 0.0131528], [-0.01049568, -0.15286388, 0.01394279], [0.03805282, -0.14607751, 0.01074898], [0.16518315, -0.03161239, -0.00610908], [0.06499623, 0.15009499, -0.01665205], [0.00048034, 0.15177425, -0.0133193]], "atomic quadrupole moments": [[-0.26446918, -0.00946735, -0.23144316, 0.04225224, 0.06494146, 0.49591233], [-0.25081037, 0.0173402, -0.25025458, 0.03937619, 0.06563178, 0.50106495], [-0.24175017, 0.03587824, -0.23139955, 0.03575762, 0.06045228, 0.47314972], [-0.04433386, -0.08696732, -0.22002404, 0.02457174, 0.04761781, 0.2643579], [-0.04633393, -0.01318776, 0.00273764, 0.00603606, 0.00435887, 0.04359629], [-0.16876789, 0.2317565, -0.21662876, 0.00974317, 0.04063635, 0.38539665], [-0.19785089, 0.0630186, -0.18733642, 0.02619573, 0.04725365, 0.38518731], [-0.19926467, -0.01985895, -0.11992404, 0.02992843, 0.03999788, 0.31918871], [-0.28027816, -0.03299739, -0.23621027, 0.0462435, 0.06848203, 0.51648843], [0.03214875, 0.0045412, 0.03639937, -0.00587437, -0.00955039, -0.06854812], [0.03161038, -0.00380579, 0.03791401, -0.00517316, -0.00930973, -0.0695244], [0.02571289, -0.00716116, 0.03328293, -0.00398494, -0.00779358, -0.05899582], [0.01966004, -0.00234561, 0.02096119, -0.00307595, -0.0053261, -0.04062123], [0.01691544, 0.00756823, 0.02539284, -0.00390592, -0.00640736, -0.04230827], [0.01020628, 0.00336077, 0.03237613, -0.00318102, -0.00681908, -0.04258241], [0.02961909, 0.00228067, 0.03296056, -0.00522078, -0.00859006, -0.06257965]], "number of molecular orbitals": 43, "number of electrons": 44, "number of unpaired electrons": 0, "orbital energies/eV": [-18.15857728, -17.25890577, -16.90173306, -16.59476284, -16.2591148, -15.63811396, -15.31456128, -15.17316822, -14.57845655, -13.94646978, -13.81066239, -13.56604055, -13.01368536, -12.88762977, -12.49390711, -12.36932949, -12.19509677, -11.56864152, -11.23277536, -11.1729447, -10.33734879, -9.78411978, -6.30103574, -5.25217277, -4.26331388, -1.86426274, 0.56927589, 2.94215624, 3.53797584, 3.77253415, 4.1182373, 4.86275472, 5.46839931, 5.82119106, 6.54605161, 8.45124741, 10.51610502, 11.29703746, 11.64568224, 13.55410495, 16.46855521, 17.13501037, 19.42183042], "fractional occupation": [2.0, 2.0, 2.0, 2.0, 2.0, 2.0, 2.0, 2.0, 2.0, 2.0, 2.0, 2.0, 2.0, 2.0, 2.0, 2.0, 2.0, 2.0, 2.0, 2.0, 2.0, 2.0, 0.0, 0.0, 0.0, 0.0, 0.0, 0.0, 0.0, 0.0, 0.0, 0.0, 0.0, 0.0, 0.0, 0.0, 0.0, 0.0, 0.0, 0.0, 0.0, 0.0, 0.0], "program call": "xtb /home/svss/Project-DBcg-Debug/aqme2_20220329/End-to-End-workflows-final/example-3/QDESCP/mol_944_rdkit_conf_1/mol_944_rdkit_conf_1.xyz --pop --wbo --acc 0.2 --gfn 2 --chrg 0 --uhf 0 --etemp 300 --input /home/svss/Project-DBcg-Debug/aqme2_20220329/End-to-End-workflows-final/example-3/QDESCP/mol_944_rdkit_conf_1/mol_944_rdkit_conf_1_xtb.inp", "method": "GFN2-xTB", "xtb version": "6.3.3 (7355c4f)", "Dipole module/D": 2.189, "Total charge": 0, "Transition dipole module/D": NaN, "HOMO": -9.7841, "LUMO": -6.301, "HOMO occupancy": 2.0, "LUMO occupancy": 0, "mulliken charges": [-0.04497, -0.03466, -0.06996, 0.11209, -0.27426, 0.079, -0.09927, -0.01849, -0.04002, 0.02564, 0.02519, 0.0267, 0.22668, 0.02902, 0.03023, 0.02707], "cm5 charges": [-0.10004, -0.08948, -0.11857, 0.17261, -0.63081, 0.09276, -0.14304, -0.01705, -0.09202, 0.08101, 0.08057, 0.08396, 0.41871, 0.09229, 0.08616, 0.08293], "FUKUI+": [-0.027, -0.047, -0.07, -0.019, -0.046, -0.067, -0.039, -0.036, -0.074, -0.082, -0.087, -0.088, -0.058, -0.09, -0.078, -0.088], "FUKUI-": [-0.033, -0.044, -0.058, -0.019, -0.079, -0.044, -0.076, -0.025, -0.063, -0.078, -0.081, -0.079, -0.066, -0.088, -0.088, -0.079], "FUKUIrad": [-0.03, -0.046, -0.064, -0.019, -0.063, -0.056, -0.057, -0.031, -0.069, -0.08, -0.084, -0.083, -0.062, -0.089, -0.083, -0.084], "s proportion": [1.055, 1.055, 1.055, 1.035, 1.419, 1.021, 1.046, 1.068, 1.061, 0.974, 0.975, 0.973, 0.773, 0.971, 0.97, 0.973], "p proportion": [2.99, 2.98, 3.015, 2.853, 3.855, 2.9, 3.053, 2.951, 2.979, 0.0, 0.0, 0.0, 0.0, 0.0, 0.0, 0.0], "d proportion": [0.0, 0.0, 0.0, 0.0, 0.0, 0.0, 0.0, 0.0, 0.0, 0.0, 0.0, 0.0, 0.0, 0.0, 0.0, 0.0], "Fermi-level/eV": -8.0426, "Coordination numbers": [2.908, 2.915, 2.905, 3.067, 2.799, 2.985, 3.026, 3.098, 2.911, 0.925, 0.925, 0.925, 0.86, 0.925, 0.925, 0.925], "Dispersion coefficient C6": [29.008, 28.891, 29.358, 26.908, 23.276, 27.993, 29.768, 28.055, 28.966, 2.653, 2.657, 2.717, 1.394, 2.579, 2.652, 2.633], "Total dispersion C6": 3425.621016, "Total dispersion C8": 84509.149648, "Polarizability alpha": [8.832, 8.814, 8.884, 8.506, 7.165, 8.679, 8.95, 8.68, 8.825, 2.547, 2.549, 2.578, 1.849, 2.511, 2.547, 2.537], "Total polarizability alpha": 94.453801, "Wiberg matrix": [[0.0, 1.389527128462373, 0.0, 0.0, 0.0, 0.0, 0.0, 0.0, 1.4937130011244864, 0.9716882160358287, 0.0, 0.0, 0.0, 0.0, 0.0, 0.0], [1.389527128462373, 0.0, 1.480028523766896, 0.0, 0.0, 0.0, 0.0, 0.0, 0.0, 0.0, 0.9718168854799633, 0.0, 0.0, 0.0, 0.0, 0.0], [0.0, 1.480028523766896, 0.0, 1.3373430656341396, 0.0, 0.0, 0.0, 0.0, 0.12507778382507073, 0.0, 0.0, 0.970243106691683, 0.0, 0.0, 0.0, 0.0], [0.0, 0.0, 1.3373430656341396, 0.0, 1.165872903321083, 0.0, 0.0, 1.261203974935386, 0.0, 0.0, 0.0, 0.0, 0.0, 0.0, 0.0, 0.0], [0.0, 0.0, 0.0, 1.165872903321083, 0.0, 1.204194842885205, 0.0, 0.0, 0.0, 0.0, 0.0, 0.0, 0.9494218989654224, 0.0, 0.0, 0.0], [0.0, 0.0, 0.0, 0.0, 1.204194842885205, 0.0, 1.6060528138436574, 0.0, 0.0, 0.0, 0.0, 0.0, 0.0, 0.9704358987058238, 0.0, 0.0], [0.0, 0.0, 0.0, 0.0, 0.0, 1.6060528138436574, 0.0, 1.2297332610591818, 0.0, 0.0, 0.0, 0.0, 0.0, 0.0, 0.973900492679373, 0.0], [0.0, 0.0, 0.0, 1.261203974935386, 0.0, 0.0, 1.2297332610591818, 0.0, 1.3220640254511593, 0.0, 0.0, 0.0, 0.0, 0.0, 0.0, 0.0], [1.4937130011244864, 0.0, 0.12507778382507073, 0.0, 0.0, 0.0, 0.0, 1.3220640254511593, 0.0, 0.0, 0.0, 0.0, 0.0, 0.0, 0.0, 0.9716514307750592], [0.9716882160358287, 0.0, 0.0, 0.0, 0.0, 0.0, 0.0, 0.0, 0.0, 0.0, 0.0, 0.0, 0.0, 0.0, 0.0, 0.0], [0.0, 0.9718168854799633, 0.0, 0.0, 0.0, 0.0, 0.0, 0.0, 0.0, 0.0, 0.0, 0.0, 0.0, 0.0, 0.0, 0.0], [0.0, 0.0, 0.970243106691683, 0.0, 0.0, 0.0, 0.0, 0.0, 0.0, 0.0, 0.0, 0.0, 0.0, 0.0, 0.0, 0.0], [0.0, 0.0, 0.0, 0.0, 0.9494218989654224, 0.0, 0.0, 0.0, 0.0, 0.0, 0.0, 0.0, 0.0, 0.0, 0.0, 0.0], [0.0, 0.0, 0.0, 0.0, 0.0, 0.9704358987058238, 0.0, 0.0, 0.0, 0.0, 0.0, 0.0, 0.0, 0.0, 0.0, 0.0], [0.0, 0.0, 0.0, 0.0, 0.0, 0.0, 0.973900492679373, 0.0, 0.0, 0.0, 0.0, 0.0, 0.0, 0.0, 0.0, 0.0], [0.0, 0.0, 0.0, 0.0, 0.0, 0.0, 0.0, 0.0, 0.9716514307750592, 0.0, 0.0, 0.0, 0.0, 0.0, 0.0, 0.0]], "Born radii": [], "Atomic SASAs": [], "Solvent H bonds": [], "Total SASA": NaN, "Total FOD": 0.0, "FOD": [0.0, 0.0, 0.0, 0.0, 0.0, 0.0, 0.0, 0.0, 0.0, 0.0, 0.0, 0.0, 0.0, 0.0, 0.0, 0.0], "FOD s proportion": [0.0, 0.0, 0.0, 0.0, 0.0, 0.0, 0.0, 0.0, 0.0, 0.0, 0.0, 0.0, 0.0, 0.0, 0.0, 0.0], "FOD p proportion": [0.0, 0.0, 0.0, 0.0, 0.0, 0.0, 0.0, 0.0, 0.0, 0.0, 0.0, 0.0, 0.0, 0.0, 0.0, 0.0], "FOD d proportion": [0.0, 0.0, 0.0, 0.0, 0.0, 0.0, 0.0, 0.0, 0.0, 0.0, 0.0, 0.0, 0.0, 0.0, 0.0, 0.0], "coordinates": [["-2.07170", "0.77990", "0.04320"], ["-2.11240", "-0.60740", "0.16700"], ["-0.93770", "-1.36620", "0.17030"], ["0.27610", "-0.68020", "0.04470"], ["1.56800", "-1.15530", "0.01680"], ["2.45180", "-0.11770", "-0.12180"], ["1.72410", "1.04880", "-0.18480"], ["0.34720", "0.70760", "-0.08070"], ["-0.84910", "1.45020", "-0.08140"], ["-2.99750", "1.34980", "0.04320"], ["-3.07260", "-1.10920", "0.26270"], ["-0.97340", "-2.44610", "0.26680"], ["1.82030", "-2.13100", "0.08870"], ["3.51730", "-0.29830", "-0.16330"], ["2.13490", "2.04360", "-0.29410"], ["-0.82540", "2.53140", "-0.17740"]], "bond_dist": [[0.0, 1.3934074135011627, 2.430608076181761, 2.7647891601350003, 4.122270259213969, 4.614646574766046, 3.8121370450181873, 2.4231499561521153, 1.3998492811727983, 1.0871484029331047, 2.149111414050002, 3.4151626388797354, 4.860357297565684, 5.6957948075751474, 4.405246024911662, 2.160944307473008], [1.3934074135011627, 0.0, 1.398466452940506, 2.392736797058966, 3.7239896092765887, 4.599470966317757, 4.193506161912725, 2.8000379372429935, 2.4272097581379324, 2.151594824775334, 1.0876331044980194, 2.165201775816748, 4.218248112664782, 5.647845871657618, 5.0279192018169905, 3.409845421716357], [2.430608076181761, 1.398466452940506, 0.0, 1.3998863525300902, 2.5192406693287563, 3.6239184469300634, 3.611578636829053, 2.452471294429356, 2.829012514995294, 3.411097543313589, 2.1522975561013866, 1.084790648005411, 2.8632397035526034, 4.593334776608385, 4.613379906315976, 3.9146893031248347], [2.7647891601350003, 2.392736797058966, 1.3998863525300902, 0.0, 1.3767730495619095, 2.2533972108796085, 2.266895509281361, 1.3952667164381152, 2.412587907206699, 3.851929284138015, 3.383098681682224, 2.174622144189652, 2.1192711671704494, 3.2702429649798197, 3.3149674689203215, 3.402499848640702], [4.122270259213969, 3.7239896092765887, 2.5192406693287563, 1.3767730495619095, 0.0, 1.370009547411988, 2.2187984541188053, 2.2294069390759508, 3.555368602550234, 5.207687895794064, 4.6473390644539805, 2.8613595719517675, 1.0103540913956848, 2.136973443915483, 3.26358631416422, 4.399753866979379], [4.614646574766046, 4.599470966317757, 3.6239184469300634, 2.2533972108796085, 1.370009547411988, 0.0, 1.3763133872777666, 2.2610065148070673, 3.654570204552103, 5.6458526140876195, 5.625825082598996, 4.159861964056019, 2.1204903654579517, 1.0814938095060924, 2.191193873211588, 4.2143637728606205], [3.8121370450181873, 4.193506161912725, 3.611578636829053, 2.266895509281361, 2.2187984541188053, 1.3763133872777666, 0.0, 1.4223599614724818, 2.606371377988946, 4.736675158800739, 5.278783111665035, 4.437879540951962, 3.1929899357811946, 2.242923739229669, 1.0818179930099148, 2.9492554602814587], [2.4231499561521153, 2.8000379372429935, 2.452471294429356, 1.3952667164381152, 2.2294069390759508, 2.2610065148070673, 1.4223599614724818, 0.0, 1.4080443671987044, 3.4080478488425014, 3.887636536509039, 3.436650156766033, 3.2025567801367703, 3.3268891745893794, 2.241942650916834, 2.1703889259761717], [1.3998492811727983, 2.4272097581379324, 2.829012514995294, 2.412587907206699, 3.555368602550234, 3.654570204552103, 2.606371377988946, 1.4080443671987044, 0.0, 2.1543509184903002, 3.4077683929516103, 3.9138021692466776, 4.469857247161256, 4.7041905594905495, 3.049855873643868, 1.0857122685131637], [1.0871484029331047, 2.151594824775334, 3.411097543313589, 3.851929284138015, 5.207687895794064, 5.6458526140876195, 4.736675158800739, 3.4080478488425014, 2.1543509184903002, 0.0, 2.4699192820819063, 4.307648381657908, 5.943840150104981, 6.723205701151795, 5.190053900490823, 2.482511093630802], [2.149111414050002, 1.0876331044980194, 2.1522975561013866, 3.383098681682224, 4.6473390644539805, 5.625825082598996, 5.278783111665035, 3.887636536509039, 3.4077683929516103, 2.4699192820819063, 0.0, 2.488766574028187, 5.001481945383788, 6.653256106599234, 6.112955940459574, 4.300879469364376], [3.4151626388797354, 2.165201775816748, 1.084790648005411, 2.174622144189652, 2.8613595719517675, 4.159861964056019, 4.437879540951962, 3.436650156766033, 3.9138021692466776, 4.307648381657908, 2.488766574028187, 0.0, 2.8170493978629487, 4.996440466972463, 5.489402862789357, 4.999472361159725], [4.860357297565684, 4.218248112664782, 2.8632397035526034, 2.1192711671704494, 1.0103540913956848, 2.1204903654579517, 3.1929899357811946, 3.2025567801367703, 4.469857247161256, 5.943840150104981, 5.001481945383788, 2.8170493978629487, 0.0, 2.510398830863335, 4.2039022538589075, 5.367356095881845], [5.6957948075751474, 5.647845871657618, 4.593334776608385, 3.2702429649798197, 2.136973443915483, 1.0814938095060924, 2.242923739229669, 3.3268891745893794, 4.7041905594905495, 6.723205701151795, 6.653256106599234, 4.996440466972463, 2.510398830863335, 0.0, 2.7226152886517037, 5.183285077052969], [4.405246024911662, 5.0279192018169905, 4.613379906315976, 3.3149674689203215, 3.26358631416422, 2.191193873211588, 1.0818179930099148, 2.241942650916834, 3.049855873643868, 5.190053900490823, 6.112955940459574, 5.489402862789357, 4.2039022538589075, 2.7226152886517037, 0.0, 3.0024896036456146], [2.160944307473008, 3.409845421716357, 3.9146893031248347, 3.402499848640702, 4.399753866979379, 4.2143637728606205, 2.9492554602814587, 2.1703889259761717, 1.0857122685131637, 2.482511093630802, 4.300879469364376, 4.999472361159725, 5.367356095881845, 5.183285077052969, 3.0024896036456146, 0.0]]}