{"total energy": -52.91223482, "HOMO-LUMO gap/eV": 3.58195608, "electronic energy": -53.52515295, "dipole": [-1.44949438, 1.90465258, 1.61523614], "partial charges": [-0.10158989, -0.05320597, -0.06313977, 0.00293766, -0.13703168, -0.04688464, 0.31421593, -0.4570905, -0.18007297, 0.08320123, -0.06043727, -0.04040668, 0.07999576, -0.15284579, 0.08840109, -0.13954216, -0.05477784, 0.03837309, 0.03279489, 0.03507413, 0.03653779, 0.02805249, 0.05357742, 0.03039209, 0.03953125, 0.06566137, 0.04546529, 0.0526414, 0.06283421, 0.18022545, 0.04599675, 0.06852617, 0.10258968], "atomic dipole moments": [[0.04869838, -0.01522695, 0.09508052], [0.04984647, 0.07130868, -0.07679525], [-0.03236836, -0.0647646, 0.10445149], [0.1057395, 0.10775886, -0.0694844], [-0.03875756, 0.0331006, -0.00884996], [0.02094349, -0.14005971, -0.05266078], [0.03410513, 0.04259173, 0.02078611], [0.00766152, 0.17953105, 0.10913158], [0.00849743, -0.05935603, -0.00623004], [-0.14001783, 0.01186304, 0.03917342], [-0.02342935, -0.0199191, -0.02631613], [0.00265587, -0.03240248, -0.03914326], [0.19801943, -0.05201114, -0.08469383], [0.00303033, -0.02686619, -0.02836258], [0.05682408, -0.13480588, -0.17328804], [-0.01297784, -0.0357021, -0.01754709], [0.05579349, 0.02332651, 0.03162204], [0.071923, -0.03815203, -0.09753594], [-0.02829924, 0.12109376, -0.01696432], [-0.10711323, -0.06467373, -0.00432235], [0.01835895, -0.12299844, 0.0130384], [-0.07744097, 0.0325125, 0.08903886], [0.07693722, -0.03200399, -0.09895422], [-0.02097546, 0.1189041, -0.01956898], [-0.07095318, 0.03214514, 0.09586637], [0.02155458, -0.12654904, 0.01694518], [-0.00887797, -0.01073059, 0.12144265], [0.10212069, 0.07385603, -0.03513094], [-0.10453723, 0.0559655, -0.04884108], [-0.01202809, 0.07088213, 0.11135648], [-0.01509172, 0.09289645, 0.11735643], [0.11510276, 0.07087004, 0.07675986], [-0.1175835, -0.07157231, -0.08263306]], "atomic quadrupole moments": [[-0.03999715, -0.01503565, -0.1121714, 0.14835528, -0.05213001, 0.15216855], [0.0927085, 0.12930314, -0.13811555, 0.14678645, -0.04549782, 0.04540705], [0.08737358, 0.13011045, -0.13095872, 0.17226641, -0.05893134, 0.04358514], [0.18266334, 0.18249795, -0.13306055, 0.11265919, -0.02469793, -0.04960279], [0.00202031, 0.03902889, 0.05039594, 0.00925609, 0.07413712, -0.05241625], [-0.11655603, -0.02099672, 0.2411405, -0.0217302, 0.17778889, -0.12458447], [-0.1950957, 0.0308463, -0.05855083, 0.04729722, -0.3058795, 0.25364653], [-0.09677066, -0.00920899, 0.00608256, -0.00062551, -0.07466296, 0.0906881], [0.05292331, 0.01419927, 0.01040864, 0.0138839, -0.00152039, -0.06333194], [-0.06222369, -0.0831092, 0.10662563, -0.0550159, -0.34700074, -0.04440194], [-0.19259529, -0.03557504, 0.16712652, 0.02818899, -0.34157744, 0.02546877], [-0.26093488, -0.05608259, 0.20993353, 0.00945359, -0.36683869, 0.05100135], [0.12758707, -0.13351832, -0.00764754, -0.15537717, -0.30724462, -0.11993953], [0.38701011, -0.09675085, -0.21048646, -0.18560348, 0.01361593, -0.17652365], [-0.43744016, -0.0939685, 0.22646866, -0.0445312, -0.06044056, 0.2109715], [-0.2293771, -0.06457684, 0.0306406, -0.08035158, 0.30963533, 0.1987365], [-0.22729226, -0.05063371, 0.20491401, -0.00842857, -0.3568792, 0.02237825], [0.01189256, -0.03267314, -0.03544927, -0.04815876, 0.02233318, 0.02355671], [-0.04713263, -0.02122761, 0.07750656, 0.00859539, -0.00342535, -0.03037393], [0.04405421, 0.05996021, -0.01216373, 0.00396893, -0.00915159, -0.03189048], [-0.01829436, -0.02070991, 0.04877619, 0.01102179, -0.0009071, -0.03048183], [0.00684593, -0.01832966, -0.02488266, -0.03059042, 0.02971936, 0.01803673], [0.00914252, -0.02068942, -0.01613311, -0.03044354, 0.02497951, 0.00699058], [-0.02322672, -0.02032149, 0.05687181, 0.00499797, 0.00218438, -0.0336451], [0.01336125, -0.01707516, -0.02077118, -0.02806774, 0.03221357, 0.00740994], [-0.00983371, -0.01353724, 0.03935392, 0.0146978, 0.00342761, -0.02952021], [-0.06119667, -0.0059644, -0.01065662, -0.00869836, 0.00238608, 0.07185329], [0.04564759, 0.0343888, -0.01056579, -0.03807156, -0.0028397, -0.0350818], [0.03167228, -0.03023706, -0.00528566, 0.04163098, -0.00231749, -0.02638662], [0.02494822, 0.00870941, -0.01723012, -0.00412901, 0.05694841, -0.00771809], [0.03406379, 0.00010144, -0.02805157, -0.01068494, 0.04752919, -0.00601222], [0.03657246, 0.00067015, -0.02790555, -0.00964475, 0.04275103, -0.00866691], [0.03178936, -0.00054063, -0.0259239, -0.01114123, 0.03574045, -0.00586545]], "number of molecular orbitals": 94, "number of electrons": 94, "number of unpaired electrons": 0, "orbital energies/eV": [-28.69248365, -28.63718027, -19.06181301, -18.46380991, -18.35263099, -18.18555444, -17.7721689, -17.40360189, -17.36382334, -17.11118776, -16.87206247, -16.61549041, -16.33774233, -16.03510136, -15.80325929, -15.5457515, -15.39796633, -15.22914779, -14.99337919, -14.66536498, -14.46110486, -14.32041329, -14.27490007, -14.16088533, -13.93908113, -13.84501731, -13.71496519, -13.66451771, -13.58902898, -13.45449817, -13.19316328, -12.98945467, -12.89426508, -12.79552686, -12.40989002, -12.3579634, -12.32232397, -12.16448795, -12.0021405, -11.645503, -11.60655746, -11.38763945, -11.34815731, -11.00733021, -10.99249186, -10.62041583, -10.37430239, -6.79234631, -6.68191682, -5.22849487, -4.03669379, -3.65027053, -3.24185676, -1.24673399, 0.08864209, 0.40086842, 0.54284323, 0.5700323, 0.57089716, 0.59926504, 0.59990567, 0.77789657, 1.06013493, 1.71835219, 2.03683831, 2.5820033, 2.9032474, 3.13804117, 3.41130079, 3.57673783, 3.79149587, 3.92551521, 4.04574597, 4.11926736, 4.5695575, 4.62314776, 4.71076781, 4.88780902, 4.90959182, 5.31895217, 5.69821505, 6.14472291, 6.57891236, 6.8820909, 7.14450347, 7.92739532, 8.95427132, 9.72036574, 9.93436037, 10.99925494, 11.90150411, 15.71738471, 15.92563358, 16.88266305], "fractional occupation": [2.0, 2.0, 2.0, 2.0, 2.0, 2.0, 2.0, 2.0, 2.0, 2.0, 2.0, 2.0, 2.0, 2.0, 2.0, 2.0, 2.0, 2.0, 2.0, 2.0, 2.0, 2.0, 2.0, 2.0, 2.0, 2.0, 2.0, 2.0, 2.0, 2.0, 2.0, 2.0, 2.0, 2.0, 2.0, 2.0, 2.0, 2.0, 2.0, 2.0, 2.0, 2.0, 2.0, 2.0, 2.0, 2.0, 2.0, 0.0, 0.0, 0.0, 0.0, 0.0, 0.0, 0.0, 0.0, 0.0, 0.0, 0.0, 0.0, 0.0, 0.0, 0.0, 0.0, 0.0, 0.0, 0.0, 0.0, 0.0, 0.0, 0.0, 0.0, 0.0, 0.0, 0.0, 0.0, 0.0, 0.0, 0.0, 0.0, 0.0, 0.0, 0.0, 0.0, 0.0, 0.0, 0.0, 0.0, 0.0, 0.0, 0.0, 0.0, 0.0, 0.0, 0.0], "program call": "xtb /home/svss/Project-DBcg-Debug/aqme2_20220329/End-to-End-workflows-final/example-3/QDESCP/mol_370_rdkit_conf_16/mol_370_rdkit_conf_16.xyz --pop --wbo --acc 0.2 --gfn 2 --chrg 0 --uhf 0 --etemp 300 --input /home/svss/Project-DBcg-Debug/aqme2_20220329/End-to-End-workflows-final/example-3/QDESCP/mol_370_rdkit_conf_16/mol_370_rdkit_conf_16_xtb.inp", "method": "GFN2-xTB", "xtb version": "6.3.3 (7355c4f)", "Dipole module/D": 7.339, "Total charge": 0, "Transition dipole module/D": NaN, "HOMO": -10.3743, "LUMO": -6.7923, "HOMO occupancy": 2.0, "LUMO occupancy": 0, "mulliken charges": [-0.08237, -0.03942, -0.05749, 0.09763, -0.30869, 0.05624, 0.55902, -0.57139, -0.34391, 0.15557, -0.07815, -0.04139, 0.07814, -0.11105, 0.09361, -0.09586, -0.06989, 0.03179, 0.02584, 0.02985, 0.02864, 0.01869, 0.04624, 0.02051, 0.02078, 0.05169, 0.031, 0.03452, 0.04226, 0.22377, 0.03335, 0.04353, 0.07692], "cm5 charges": [-0.2327, -0.15168, -0.16231, 0.04974, -0.56673, -0.03148, 0.71849, -0.61552, -0.68722, 0.20804, -0.12577, -0.0929, 0.07426, -0.11206, 0.08986, -0.09693, -0.11342, 0.08309, 0.07714, 0.08063, 0.08348, 0.07347, 0.10566, 0.07819, 0.08627, 0.12122, 0.09301, 0.09969, 0.10415, 0.42693, 0.09214, 0.10008, 0.14318], "FUKUI+": [0.005, 0.003, 0.002, 0.013, -0.042, 0.018, -0.034, -0.07, -0.02, -0.053, -0.041, -0.037, -0.047, -0.121, -0.042, -0.119, -0.032, -0.002, -0.006, -0.013, -0.005, -0.01, 0.002, -0.01, -0.027, -0.011, -0.026, -0.008, -0.032, -0.037, -0.071, -0.072, -0.059], "FUKUI-": [0.007, 0.002, -0.004, 0.011, -0.075, 0.023, -0.001, -0.045, -0.042, -0.02, -0.025, -0.014, -0.025, -0.17, -0.014, -0.12, -0.011, -0.02, -0.021, -0.034, -0.023, -0.026, -0.016, -0.024, -0.036, -0.03, -0.044, -0.022, -0.039, -0.03, -0.041, -0.042, -0.029], "FUKUIrad": [0.006, 0.002, -0.001, 0.012, -0.059, 0.021, -0.017, -0.057, -0.031, -0.037, -0.033, -0.026, -0.036, -0.146, -0.028, -0.119, -0.021, -0.011, -0.014, -0.023, -0.014, -0.018, -0.007, -0.017, -0.031, -0.021, -0.035, -0.015, -0.035, -0.033, -0.056, -0.057, -0.044], "s proportion": [1.007, 1.027, 1.036, 1.009, 1.44, 0.984, 0.942, 1.724, 1.418, 1.038, 1.058, 1.062, 1.075, 1.945, 1.082, 1.945, 1.064, 0.968, 0.974, 0.97, 0.971, 0.981, 0.954, 0.979, 0.979, 0.948, 0.969, 0.965, 0.958, 0.776, 0.967, 0.956, 0.923], "p proportion": [3.075, 3.012, 3.022, 2.893, 3.869, 2.96, 2.499, 4.848, 3.925, 2.807, 3.021, 2.98, 2.846, 5.175, 2.825, 5.161, 3.006, 0.0, 0.0, 0.0, 0.0, 0.0, 0.0, 0.0, 0.0, 0.0, 0.0, 0.0, 0.0, 0.0, 0.0, 0.0, 0.0], "d proportion": [0.0, 0.0, 0.0, 0.0, 0.0, 0.0, 0.0, 0.0, 0.0, 0.0, 0.0, 0.0, 0.0, -0.009, 0.0, -0.01, 0.0, 0.0, 0.0, 0.0, 0.0, 0.0, 0.0, 0.0, 0.0, 0.0, 0.0, 0.0, 0.0, 0.0, 0.0, 0.0, 0.0], "Fermi-level/eV": -8.5833, "Coordination numbers": [3.75, 3.8, 3.801, 3.745, 2.733, 3.687, 2.689, 0.858, 2.695, 2.895, 2.918, 2.955, 2.9, 0.966, 2.898, 0.964, 2.955, 0.924, 0.924, 0.924, 0.924, 0.924, 0.924, 0.924, 0.924, 0.924, 0.924, 0.924, 0.924, 0.86, 0.925, 0.925, 0.925], "Dispersion coefficient C6": [22.504, 21.53, 21.712, 20.599, 23.967, 21.616, 21.66, 22.855, 24.9, 26.145, 29.503, 29.002, 26.215, 103.939, 26.033, 103.515, 29.359, 2.471, 2.547, 2.516, 2.496, 2.614, 2.276, 2.581, 2.455, 2.134, 2.377, 2.287, 2.166, 1.213, 2.37, 2.102, 1.761], "Total dispersion C6": 14005.112237, "Total dispersion C8": 362314.16864, "Polarizability alpha": [6.765, 6.606, 6.634, 6.474, 7.271, 6.655, 7.617, 6.41, 7.411, 8.383, 8.907, 8.833, 8.395, 15.597, 8.366, 15.565, 8.887, 2.458, 2.496, 2.48, 2.47, 2.529, 2.359, 2.512, 2.45, 2.285, 2.411, 2.365, 2.302, 1.725, 2.408, 2.267, 2.076], "Total polarizability alpha": 182.371413, "Wiberg matrix": [[0.0, 1.0202691384538594, 0.0, 0.0, 0.0, 0.0, 0.0, 0.0, 0.0, 0.0, 0.0, 0.0, 0.0, 0.0, 0.0, 0.0, 0.0, 0.987302544520489, 0.987636163188756, 0.9869812500186411, 0.0, 0.0, 0.0, 0.0, 0.0, 0.0, 0.0, 0.0, 0.0, 0.0, 0.0, 0.0, 0.0], [1.0202691384538594, 0.0, 1.0063081981033404, 0.0, 0.0, 0.0, 0.0, 0.0, 0.0, 0.0, 0.0, 0.0, 0.0, 0.0, 0.0, 0.0, 0.0, 0.0, 0.0, 0.0, 0.9774725020445907, 0.9779454892807542, 0.0, 0.0, 0.0, 0.0, 0.0, 0.0, 0.0, 0.0, 0.0, 0.0, 0.0], [0.0, 1.0063081981033404, 0.0, 0.9974373454234498, 0.0, 0.0, 0.0, 0.0, 0.0, 0.0, 0.0, 0.0, 0.0, 0.0, 0.0, 0.0, 0.0, 0.0, 0.0, 0.0, 0.0, 0.0, 0.9748478301071145, 0.9751505976701158, 0.0, 0.0, 0.0, 0.0, 0.0, 0.0, 0.0, 0.0, 0.0], [0.0, 0.0, 0.9974373454234498, 0.0, 0.9826555693973836, 0.0, 0.0, 0.0, 0.0, 0.0, 0.0, 0.0, 0.0, 0.0, 0.0, 0.0, 0.0, 0.0, 0.0, 0.0, 0.0, 0.0, 0.0, 0.0, 0.9718442976056528, 0.9682564221019746, 0.0, 0.0, 0.0, 0.0, 0.0, 0.0, 0.0], [0.0, 0.0, 0.0, 0.9826555693973836, 0.0, 1.0022570697457989, 1.1625164015263802, 0.1634766773294315, 0.0, 0.0, 0.0, 0.0, 0.0, 0.0, 0.0, 0.0, 0.0, 0.0, 0.0, 0.0, 0.0, 0.0, 0.0, 0.0, 0.0, 0.0, 0.0, 0.0, 0.0, 0.0, 0.0, 0.0, 0.0], [0.0, 0.0, 0.0, 0.0, 1.0022570697457989, 0.0, 0.0, 0.0, 0.0, 0.0, 0.0, 0.0, 0.0, 0.0, 0.0, 0.0, 0.0, 0.0, 0.0, 0.0, 0.0, 0.0, 0.0, 0.0, 0.0, 0.0, 0.9776103505680311, 0.9766366836896484, 0.9751441165025386, 0.0, 0.0, 0.0, 0.0], [0.0, 0.0, 0.0, 0.0, 1.1625164015263802, 0.0, 0.0, 1.6165329465574845, 1.1110099471974704, 0.0, 0.0, 0.0, 0.0, 0.0, 0.0, 0.0, 0.0, 0.0, 0.0, 0.0, 0.0, 0.0, 0.0, 0.0, 0.0, 0.0, 0.0, 0.0, 0.0, 0.0, 0.0, 0.0, 0.0], [0.0, 0.0, 0.0, 0.0, 0.1634766773294315, 0.0, 1.6165329465574845, 0.0, 0.11567747682073143, 0.0, 0.0, 0.0, 0.0, 0.0, 0.0, 0.0, 0.0, 0.0, 0.0, 0.0, 0.0, 0.0, 0.0, 0.0, 0.0, 0.0, 0.0, 0.0, 0.0, 0.0, 0.0, 0.0, 0.0], [0.0, 0.0, 0.0, 0.0, 0.0, 0.0, 1.1110099471974704, 0.11567747682073143, 0.0, 1.0928348470616993, 0.0, 0.0, 0.0, 0.0, 0.0, 0.0, 0.0, 0.0, 0.0, 0.0, 0.0, 0.0, 0.0, 0.0, 0.0, 0.0, 0.0, 0.0, 0.0, 0.9290041822264337, 0.0, 0.0, 0.0], [0.0, 0.0, 0.0, 0.0, 0.0, 0.0, 0.0, 0.0, 1.0928348470616993, 0.0, 1.3538631453820793, 0.0, 0.0, 0.0, 0.0, 0.0, 1.3699584895589854, 0.0, 0.0, 0.0, 0.0, 0.0, 0.0, 0.0, 0.0, 0.0, 0.0, 0.0, 0.0, 0.0, 0.0, 0.0, 0.0], [0.0, 0.0, 0.0, 0.0, 0.0, 0.0, 0.0, 0.0, 0.0, 1.3538631453820793, 0.0, 1.453191513860496, 0.0, 0.0, 0.0, 0.0, 0.0, 0.0, 0.0, 0.0, 0.0, 0.0, 0.0, 0.0, 0.0, 0.0, 0.0, 0.0, 0.0, 0.0, 0.9662130406793155, 0.0, 0.0], [0.0, 0.0, 0.0, 0.0, 0.0, 0.0, 0.0, 0.0, 0.0, 0.0, 1.453191513860496, 0.0, 1.3900131576818453, 0.0, 0.0, 0.0, 0.1021214873790798, 0.0, 0.0, 0.0, 0.0, 0.0, 0.0, 0.0, 0.0, 0.0, 0.0, 0.0, 0.0, 0.0, 0.0, 0.9658866744134968, 0.0], [0.0, 0.0, 0.0, 0.0, 0.0, 0.0, 0.0, 0.0, 0.0, 0.0, 0.0, 1.3900131576818453, 0.0, 0.985298671022204, 1.3612236833443205, 0.0, 0.0, 0.0, 0.0, 0.0, 0.0, 0.0, 0.0, 0.0, 0.0, 0.0, 0.0, 0.0, 0.0, 0.0, 0.0, 0.0, 0.0], [0.0, 0.0, 0.0, 0.0, 0.0, 0.0, 0.0, 0.0, 0.0, 0.0, 0.0, 0.0, 0.985298671022204, 0.0, 0.0, 0.0, 0.0, 0.0, 0.0, 0.0, 0.0, 0.0, 0.0, 0.0, 0.0, 0.0, 0.0, 0.0, 0.0, 0.0, 0.0, 0.0, 0.0], [0.0, 0.0, 0.0, 0.0, 0.0, 0.0, 0.0, 0.0, 0.0, 0.0, 0.0, 0.0, 1.3612236833443205, 0.0, 0.0, 0.9956498396078315, 1.402899581422795, 0.0, 0.0, 0.0, 0.0, 0.0, 0.0, 0.0, 0.0, 0.0, 0.0, 0.0, 0.0, 0.0, 0.0, 0.0, 0.0], [0.0, 0.0, 0.0, 0.0, 0.0, 0.0, 0.0, 0.0, 0.0, 0.0, 0.0, 0.0, 0.0, 0.0, 0.9956498396078315, 0.0, 0.0, 0.0, 0.0, 0.0, 0.0, 0.0, 0.0, 0.0, 0.0, 0.0, 0.0, 0.0, 0.0, 0.0, 0.0, 0.0, 0.0], [0.0, 0.0, 0.0, 0.0, 0.0, 0.0, 0.0, 0.0, 0.0, 1.3699584895589854, 0.0, 0.1021214873790798, 0.0, 0.0, 1.402899581422795, 0.0, 0.0, 0.0, 0.0, 0.0, 0.0, 0.0, 0.0, 0.0, 0.0, 0.0, 0.0, 0.0, 0.0, 0.0, 0.0, 0.0, 0.9545555338437559], [0.987302544520489, 0.0, 0.0, 0.0, 0.0, 0.0, 0.0, 0.0, 0.0, 0.0, 0.0, 0.0, 0.0, 0.0, 0.0, 0.0, 0.0, 0.0, 0.0, 0.0, 0.0, 0.0, 0.0, 0.0, 0.0, 0.0, 0.0, 0.0, 0.0, 0.0, 0.0, 0.0, 0.0], [0.987636163188756, 0.0, 0.0, 0.0, 0.0, 0.0, 0.0, 0.0, 0.0, 0.0, 0.0, 0.0, 0.0, 0.0, 0.0, 0.0, 0.0, 0.0, 0.0, 0.0, 0.0, 0.0, 0.0, 0.0, 0.0, 0.0, 0.0, 0.0, 0.0, 0.0, 0.0, 0.0, 0.0], [0.9869812500186411, 0.0, 0.0, 0.0, 0.0, 0.0, 0.0, 0.0, 0.0, 0.0, 0.0, 0.0, 0.0, 0.0, 0.0, 0.0, 0.0, 0.0, 0.0, 0.0, 0.0, 0.0, 0.0, 0.0, 0.0, 0.0, 0.0, 0.0, 0.0, 0.0, 0.0, 0.0, 0.0], [0.0, 0.9774725020445907, 0.0, 0.0, 0.0, 0.0, 0.0, 0.0, 0.0, 0.0, 0.0, 0.0, 0.0, 0.0, 0.0, 0.0, 0.0, 0.0, 0.0, 0.0, 0.0, 0.0, 0.0, 0.0, 0.0, 0.0, 0.0, 0.0, 0.0, 0.0, 0.0, 0.0, 0.0], [0.0, 0.9779454892807542, 0.0, 0.0, 0.0, 0.0, 0.0, 0.0, 0.0, 0.0, 0.0, 0.0, 0.0, 0.0, 0.0, 0.0, 0.0, 0.0, 0.0, 0.0, 0.0, 0.0, 0.0, 0.0, 0.0, 0.0, 0.0, 0.0, 0.0, 0.0, 0.0, 0.0, 0.0], [0.0, 0.0, 0.9748478301071145, 0.0, 0.0, 0.0, 0.0, 0.0, 0.0, 0.0, 0.0, 0.0, 0.0, 0.0, 0.0, 0.0, 0.0, 0.0, 0.0, 0.0, 0.0, 0.0, 0.0, 0.0, 0.0, 0.0, 0.0, 0.0, 0.0, 0.0, 0.0, 0.0, 0.0], [0.0, 0.0, 0.9751505976701158, 0.0, 0.0, 0.0, 0.0, 0.0, 0.0, 0.0, 0.0, 0.0, 0.0, 0.0, 0.0, 0.0, 0.0, 0.0, 0.0, 0.0, 0.0, 0.0, 0.0, 0.0, 0.0, 0.0, 0.0, 0.0, 0.0, 0.0, 0.0, 0.0, 0.0], [0.0, 0.0, 0.0, 0.9718442976056528, 0.0, 0.0, 0.0, 0.0, 0.0, 0.0, 0.0, 0.0, 0.0, 0.0, 0.0, 0.0, 0.0, 0.0, 0.0, 0.0, 0.0, 0.0, 0.0, 0.0, 0.0, 0.0, 0.0, 0.0, 0.0, 0.0, 0.0, 0.0, 0.0], [0.0, 0.0, 0.0, 0.9682564221019746, 0.0, 0.0, 0.0, 0.0, 0.0, 0.0, 0.0, 0.0, 0.0, 0.0, 0.0, 0.0, 0.0, 0.0, 0.0, 0.0, 0.0, 0.0, 0.0, 0.0, 0.0, 0.0, 0.0, 0.0, 0.0, 0.0, 0.0, 0.0, 0.0], [0.0, 0.0, 0.0, 0.0, 0.0, 0.9776103505680311, 0.0, 0.0, 0.0, 0.0, 0.0, 0.0, 0.0, 0.0, 0.0, 0.0, 0.0, 0.0, 0.0, 0.0, 0.0, 0.0, 0.0, 0.0, 0.0, 0.0, 0.0, 0.0, 0.0, 0.0, 0.0, 0.0, 0.0], [0.0, 0.0, 0.0, 0.0, 0.0, 0.9766366836896484, 0.0, 0.0, 0.0, 0.0, 0.0, 0.0, 0.0, 0.0, 0.0, 0.0, 0.0, 0.0, 0.0, 0.0, 0.0, 0.0, 0.0, 0.0, 0.0, 0.0, 0.0, 0.0, 0.0, 0.0, 0.0, 0.0, 0.0], [0.0, 0.0, 0.0, 0.0, 0.0, 0.9751441165025386, 0.0, 0.0, 0.0, 0.0, 0.0, 0.0, 0.0, 0.0, 0.0, 0.0, 0.0, 0.0, 0.0, 0.0, 0.0, 0.0, 0.0, 0.0, 0.0, 0.0, 0.0, 0.0, 0.0, 0.0, 0.0, 0.0, 0.0], [0.0, 0.0, 0.0, 0.0, 0.0, 0.0, 0.0, 0.0, 0.9290041822264337, 0.0, 0.0, 0.0, 0.0, 0.0, 0.0, 0.0, 0.0, 0.0, 0.0, 0.0, 0.0, 0.0, 0.0, 0.0, 0.0, 0.0, 0.0, 0.0, 0.0, 0.0, 0.0, 0.0, 0.0], [0.0, 0.0, 0.0, 0.0, 0.0, 0.0, 0.0, 0.0, 0.0, 0.0, 0.9662130406793155, 0.0, 0.0, 0.0, 0.0, 0.0, 0.0, 0.0, 0.0, 0.0, 0.0, 0.0, 0.0, 0.0, 0.0, 0.0, 0.0, 0.0, 0.0, 0.0, 0.0, 0.0, 0.0], [0.0, 0.0, 0.0, 0.0, 0.0, 0.0, 0.0, 0.0, 0.0, 0.0, 0.0, 0.9658866744134968, 0.0, 0.0, 0.0, 0.0, 0.0, 0.0, 0.0, 0.0, 0.0, 0.0, 0.0, 0.0, 0.0, 0.0, 0.0, 0.0, 0.0, 0.0, 0.0, 0.0, 0.0], [0.0, 0.0, 0.0, 0.0, 0.0, 0.0, 0.0, 0.0, 0.0, 0.0, 0.0, 0.0, 0.0, 0.0, 0.0, 0.0, 0.9545555338437559, 0.0, 0.0, 0.0, 0.0, 0.0, 0.0, 0.0, 0.0, 0.0, 0.0, 0.0, 0.0, 0.0, 0.0, 0.0, 0.0]], "Born radii": [], "Atomic SASAs": [], "Solvent H bonds": [], "Total SASA": NaN, "Total FOD": 0.0, "FOD": [0.0, 0.0, 0.0, 0.0, 0.0, 0.0, 0.0, 0.0, 0.0, 0.0, 0.0, 0.0, 0.0, 0.0, 0.0, 0.0, 0.0, 0.0, 0.0, 0.0, 0.0, 0.0, 0.0, 0.0, 0.0, 0.0, 0.0, 0.0, 0.0, 0.0, 0.0, 0.0, 0.0], "FOD s proportion": [0.0, 0.0, 0.0, 0.0, 0.0, 0.0, 0.0, 0.0, 0.0, 0.0, 0.0, 0.0, 0.0, 0.0, 0.0, 0.0, 0.0, 0.0, 0.0, 0.0, 0.0, 0.0, 0.0, 0.0, 0.0, 0.0, 0.0, 0.0, 0.0, 0.0, 0.0, 0.0, 0.0], "FOD p proportion": [0.0, 0.0, 0.0, 0.0, 0.0, 0.0, 0.0, 0.0, 0.0, 0.0, 0.0, 0.0, 0.0, 0.0, 0.0, 0.0, 0.0, 0.0, 0.0, 0.0, 0.0, 0.0, 0.0, 0.0, 0.0, 0.0, 0.0, 0.0, 0.0, 0.0, 0.0, 0.0, 0.0], "FOD d proportion": [0.0, 0.0, 0.0, 0.0, 0.0, 0.0, 0.0, 0.0, 0.0, 0.0, 0.0, 0.0, 0.0, 0.0, 0.0, 0.0, 0.0, 0.0, 0.0, 0.0, 0.0, 0.0, 0.0, 0.0, 0.0, 0.0, 0.0, 0.0, 0.0, 0.0, 0.0, 0.0, 0.0], "coordinates": [["-4.79130", "-0.62030", "-1.89980"], ["-4.10110", "-0.85490", "-0.56560"], ["-2.78710", "-0.08070", "-0.47110"], ["-2.09820", "-0.32030", "0.87440"], ["-0.83240", "0.40490", "0.98460"], ["-0.91060", "1.77850", "1.46550"], ["0.31770", "-0.21670", "0.49750"], ["0.26100", "-1.27230", "-0.12780"], ["1.48940", "0.43830", "0.80810"], ["2.78320", "0.14540", "0.32970"], ["3.86010", "0.76360", "0.97650"], ["5.17210", "0.53430", "0.55230"], ["5.42110", "-0.31060", "-0.53060"], ["7.06560", "-0.54790", "-1.00300"], ["4.35090", "-0.92240", "-1.19010"], ["4.58360", "-1.96810", "-2.54760"], ["3.03730", "-0.69070", "-0.76100"], ["-4.15830", "-0.94570", "-2.73150"], ["-5.02470", "0.44000", "-2.03970"], ["-5.72870", "-1.18340", "-1.94580"], ["-3.91100", "-1.92750", "-0.44310"], ["-4.77250", "-0.54920", "0.24530"], ["-2.12170", "-0.38190", "-1.28930"], ["-2.98080", "0.99030", "-0.60510"], ["-2.74450", "-0.01120", "1.70460"], ["-1.90620", "-1.39250", "1.00280"], ["-0.98840", "1.75600", "2.55600"], ["-0.04020", "2.36890", "1.17130"], ["-1.79930", "2.26270", "1.05010"], ["1.43890", "1.03370", "1.61930"], ["3.69610", "1.42780", "1.82170"], ["5.99560", "1.01910", "1.07140"], ["2.22450", "-1.16730", "-1.30180"]], "bond_dist": [[0.0, 1.5203627330344558, 2.5197558393622184, 3.878011507203144, 5.004366854058563, 5.669154965248348, 5.657899013768273, 5.393590945742919, 6.921022240969898, 7.932844192973917, 9.22144255851545, 10.325465371110399, 10.308430360146978, 11.890986906476686, 9.174680339935554, 9.493416649973813, 7.911308334276954, 1.094668465792269, 1.094661436244102, 1.0944936591867496, 2.1460836004219406, 2.146360328556228, 2.7488741277111974, 2.7473970772351053, 4.189521740008041, 4.164754687853775, 6.321629832566915, 6.3984312968101795, 5.09565138230629, 7.344056974860693, 9.491060774223289, 11.308088848695874, 7.062454434543277], [1.5203627330344558, 0.0, 1.5280418482489277, 2.5240850956336636, 3.830746111399188, 4.6086281060636685, 4.58947429342403, 4.40384014355653, 5.900263399205157, 7.013968111561386, 8.269118459666664, 9.443082933555122, 9.537807941555544, 11.179479265600879, 8.475308873427563, 8.977279784544981, 7.14296138586791, 2.16855696028488, 2.1685879691633447, 2.159154012570664, 1.0961820195569711, 1.0962614925281287, 2.1599757058818967, 2.1590264889528332, 2.7759685318821608, 2.7507232376231525, 5.1234838401228515, 5.4681456509496895, 4.198594942358693, 6.247575367292499, 8.46795420511944, 10.398797809843211, 6.375954795950172], [2.5197558393622184, 1.5280418482489277, 0.0, 1.5304775790582494, 2.48509998591606, 3.275407829568709, 3.255221190641275, 3.290695832191119, 4.493791927759896, 5.632108303291051, 6.85519190759821, 8.04825678019781, 8.211634520605505, 9.878101575707754, 7.223327757342871, 7.886783216242221, 5.863427101107338, 2.7816941959891994, 2.781813834533145, 3.4704031379653864, 2.1620835899659383, 2.1620671520561054, 1.0967815826316558, 1.0965932199316208, 2.1772265614767794, 2.160829761920175, 3.9714132232745563, 4.030319780116709, 2.963329519307632, 4.844660516486165, 7.0401978899744, 8.984691735390815, 5.194891395399908], [3.878011507203144, 2.5240850956336636, 1.5304775790582494, 0.0, 1.4629793983511863, 2.482892347646188, 2.4473167714866824, 2.7343250501723455, 3.6675255159303255, 4.933724813971691, 6.056946632586421, 7.327438274049125, 7.649443873903513, 9.356904560804283, 6.798203841456948, 7.685816812805259, 5.402322608841497, 4.199720464507132, 4.199337703733769, 4.6774993212185505, 2.7577421797550254, 2.7568174604061113, 2.1647042523171613, 2.1646189895683716, 1.0965758250116586, 1.096796881833642, 2.8931740856713066, 3.3993102609205885, 2.6061659003217734, 3.8599570489838353, 6.125940204572682, 8.206241514847099, 4.913144688486183], [5.004366854058563, 3.830746111399188, 2.48509998591606, 1.4629793983511863, 0.0, 1.4574488018451968, 1.3951283023435517, 2.2904054575554955, 2.328738510438645, 3.683584887035997, 4.706196718157879, 6.021432379426011, 6.474104844687025, 8.199803997657506, 5.775607697030677, 6.887715284475687, 4.38429433432565, 5.16673304710046, 5.169429542028792, 5.9231490560342985, 4.117790063857068, 4.1208323564542155, 2.729829654026053, 2.7359572017851446, 2.0851056615912773, 2.0938062087977483, 2.0782456952920656, 2.1259665401882506, 2.0953774600295767, 2.4407042467288003, 4.717454087746907, 6.856118426631792, 4.128447094247424], [5.669154965248348, 4.6086281060636685, 3.275407829568709, 2.482892347646188, 1.4574488018451968, 0.0, 2.5350676381509034, 3.635743677708867, 2.826359991225463, 4.195380279545586, 4.901909984893643, 6.275444778659119, 6.959826068947413, 8.66749073550125, 6.4830898821472465, 7.767124101622169, 5.161411173312973, 5.965201583349887, 5.568108125746123, 6.604839658159765, 5.136106513693033, 4.671332458731662, 3.7044587202451047, 3.0322222280037456, 2.5735936178814245, 3.3556745447078153, 1.0935032418790536, 1.0921181071660702, 1.0939810281718783, 2.4695205465838908, 4.633740801987094, 6.958994295873506, 5.115128438270148], [5.657899013768273, 4.58947429342403, 3.255221190641275, 2.4473167714866824, 1.3951283023435517, 2.5350676381509034, 0.0, 1.2282126607391735, 1.3778164790711425, 2.4975915398639548, 3.706619328984297, 4.9124539081807175, 5.206774277803868, 6.920646508816932, 4.428623769298991, 5.526114256871639, 3.033928543983856, 5.567087030036444, 5.9506198408233075, 6.592660823976917, 4.657624790598745, 5.10727883808981, 3.0283027655767842, 3.6813962038878674, 3.297937158285463, 2.565845852735507, 3.13605879249736, 2.6958164273555423, 3.3067325443706514, 2.0196595851776604, 3.983901661687949, 5.839101922384982, 2.788728579478469], [5.393590945742919, 4.40384014355653, 3.290695832191119, 2.7343250501723455, 2.2904054575554955, 3.635743677708867, 1.2282126607391735, 0.0, 2.30456671198731, 2.9292784743004545, 4.279940199348585, 5.276859177579027, 5.264384744678147, 6.898790586762291, 4.24006996522463, 5.002443446956697, 2.906379619044973, 5.139662804114682, 5.875879286540867, 6.260154415028435, 4.234889033965352, 5.098842954043594, 2.7962749685966153, 3.9820147274966224, 3.7391300084377916, 2.4473373776412597, 4.2349006706179075, 3.877720940191545, 4.2577587414037446, 3.123690576865769, 4.7844542290631225, 6.290805334772329, 2.290116427171335], [6.921022240969898, 5.900263399205157, 4.493791927759896, 3.6675255159303255, 2.328738510438645, 2.826359991225463, 1.3778164790711425, 2.30456671198731, 0.0, 1.4101685750292408, 2.398832453507331, 3.692821269706944, 4.220335743753097, 5.94530740079939, 3.745996526960483, 5.159995842052588, 2.476430943919091, 6.807403282456534, 7.109392839054542, 7.8939751526084745, 6.027174399335065, 6.364219645801047, 4.255802863150501, 4.720648925730445, 4.3510540918264855, 3.8626203657620817, 3.306203342203864, 2.489740299709992, 3.768626679574404, 1.007520148681901, 2.622216638647539, 4.551098105952013, 2.751363549224275], [7.932844192973917, 7.013968111561386, 5.632108303291051, 4.933724813971691, 3.683584887035997, 4.195380279545586, 2.4975915398639548, 2.9292784743004545, 1.4101685750292408, 0.0, 1.4000839581967934, 2.4305631405088004, 2.8118621054383164, 4.538248994931856, 2.430570338418537, 3.998396891255294, 1.3975895355933372, 7.664585239920031, 8.164811567329647, 8.910446189725855, 7.050279986638829, 7.58802971857649, 5.192037201330514, 5.9001189013442765, 5.698275253091938, 4.9808304909924415, 4.666413034655204, 3.6910473269791595, 5.099141270841591, 2.0638041428391407, 2.168870713067056, 3.4107161036943543, 2.1672838369719827], [9.22144255851545, 8.269118459666664, 6.85519190759821, 6.056946632586421, 4.706196718157879, 4.901909984893643, 3.706619328984297, 4.279940199348585, 2.398832453507331, 1.4000839581967934, 0.0, 1.3978083309238074, 2.4211520088585927, 3.9891957522788974, 2.788841372326508, 4.517180309662212, 2.410579718656904, 8.99809474555586, 9.388389129131792, 10.211548938824118, 8.345494507816777, 8.762412911978071, 6.4983037117389335, 7.025009911736779, 6.689632711143415, 6.156271159557545, 5.194962007560786, 4.222235808194516, 5.855042794890571, 2.5195942709095047, 1.0873916865600914, 2.152822916544693, 3.4050276151596774], [10.325465371110399, 9.443082933555122, 8.04825678019781, 7.327438274049125, 6.021432379426011, 6.275444778659119, 4.9124539081807175, 5.276859177579027, 3.692821269706944, 2.4305631405088004, 1.3978083309238074, 0.0, 1.3958973529597367, 2.678704384585951, 2.4150159606097845, 4.027122796737144, 2.7897585791605697, 10.001505216716133, 10.521505915504681, 11.31452330149176, 9.46329678336255, 10.008161190248687, 7.578286840704831, 8.247259494523016, 8.01859844985394, 7.349682944182015, 6.592353512213981, 5.56030479830018, 7.1996936990402585, 3.914673881691807, 2.1420304876448424, 1.087496252867107, 3.875754781974732], [10.308430360146978, 9.537807941555544, 8.211634520605505, 7.649443873903513, 6.474104844687025, 6.959826068947413, 5.206774277803868, 5.264384744678147, 4.220335743753097, 2.8118621054383164, 2.4211520088585927, 1.3958973529597367, 0.0, 1.7273833679875465, 1.3980584859010725, 2.7417150654289375, 2.424884040526474, 9.849478015610776, 10.580903591376305, 11.273092340613555, 9.471542232920676, 10.225870707670815, 7.5811965559534205, 8.502341716844835, 8.471291681910143, 7.563805157458778, 7.408078385789394, 6.316801528463594, 7.8265357304493275, 4.7209246276550525, 3.395728912913986, 2.159758398525168, 3.3980782642546656], [11.890986906476686, 11.179479265600879, 9.878101575707754, 9.356904560804283, 8.199803997657506, 8.66749073550125, 6.920646508816932, 6.898790586762291, 5.94530740079939, 4.538248994931856, 3.9891957522788974, 2.678704384585951, 1.7273833679875465, 0.0, 2.7467895350754485, 3.2500894141546324, 4.038088251883557, 11.363181257904847, 12.174812006351473, 12.84472049442883, 11.077117482901407, 11.903733287922744, 9.193258670351879, 10.171260325544717, 10.191035602920834, 9.231997510831555, 9.101722485881451, 7.982962881662421, 9.523714820383903, 6.406064996548192, 4.820357956625213, 2.8113207501101685, 4.889702139190075], [9.174680339935554, 8.475308873427563, 7.223327757342871, 6.798203841456948, 5.775607697030677, 6.4830898821472465, 4.428623769298991, 4.24006996522463, 3.745996526960483, 2.430570338418537, 2.788841372326508, 2.4150159606097845, 1.3980584859010725, 2.7467895350754485, 0.0, 1.7292900364022226, 1.401198294318117, 8.647713078612172, 9.51208858663543, 10.111258064652489, 8.356268701998518, 9.243163904205096, 6.4958857479176775, 7.5996362531373824, 7.717141613965626, 6.6468868525047125, 7.0509018047339165, 5.974163109591167, 7.279307528192501, 4.49430746278, 3.8759698554039352, 3.4042389149411942, 2.1433688110075693], [9.493416649973813, 8.977279784544981, 7.886783216242221, 7.685816812805259, 6.887715284475687, 7.767124101622169, 5.526114256871639, 5.002443446956697, 5.159995842052588, 3.998396891255294, 4.517180309662212, 4.027122796737144, 2.7417150654289375, 3.2500894141546324, 1.7292900364022226, 0.0, 2.6860256904951596, 8.803404828814815, 9.918484607539602, 10.359606586159535, 8.751502600696638, 9.866619219874657, 7.004312772856449, 8.351382171233693, 8.695499529066746, 7.419849025418239, 8.423944311900453, 7.3497831702710785, 8.460763933593704, 6.021876529787039, 5.604513854920871, 4.9004355765584755, 2.785435529679335], [7.911308334276954, 7.14296138586791, 5.863427101107338, 5.402322608841497, 4.38429433432565, 5.161411173312973, 3.033928543983856, 2.906379619044973, 2.476430943919091, 1.3975895355933372, 2.410579718656904, 2.7897585791605697, 2.424884040526474, 4.038088251883557, 1.401198294318117, 2.6860256904951596, 0.0, 7.464888117714826, 8.240715999232107, 8.859416477962869, 7.064673208294917, 7.875635719102299, 5.195164995454909, 6.250407460318088, 6.322192250319505, 5.295441995716694, 5.761518062108285, 4.750362270395807, 5.949399493226187, 3.345783317849499, 3.4047612221710937, 3.877195467087002, 1.086395894690329], [1.094668465792269, 2.16855696028488, 2.7816941959891994, 4.199720464507132, 5.16673304710046, 5.965201583349887, 5.567087030036444, 5.139662804114682, 6.807403282456534, 7.664585239920031, 8.99809474555586, 10.001505216716133, 9.849478015610776, 11.363181257904847, 8.647713078612172, 8.803404828814815, 7.464888117714826, 0.0, 1.774655090433068, 1.7719994187357966, 2.502371493203997, 3.065255638605041, 2.5584274154253426, 3.107439333277482, 4.748800259012796, 4.38367210680726, 6.7309067108377, 6.570933617835444, 5.491740172295117, 7.360443793685269, 9.383854850220137, 11.019263707707516, 6.544714240515012], [1.094661436244102, 2.1685879691633447, 2.781813834533145, 4.199337703733769, 5.169429542028792, 5.568108125746123, 5.9506198408233075, 5.875879286540867, 7.109392839054542, 8.164811567329647, 9.388389129131792, 10.521505915504681, 10.580903591376305, 12.174812006351473, 9.51208858663543, 9.918484607539602, 8.240715999232107, 1.774655090433068, 0.0, 1.771965228214143, 3.0650473895194508, 2.502667872491274, 3.1090237647853387, 2.5570362648973126, 4.407116514230138, 4.726510843106149, 6.256519174429182, 6.235095545378596, 4.824137693930388, 7.451099626900717, 9.588457198110653, 11.465657944924049, 7.461823526457859], [1.0944936591867496, 2.159154012570664, 3.4704031379653864, 4.6774993212185505, 5.9231490560342985, 6.604839658159765, 6.592660823976917, 6.260154415028435, 7.8939751526084745, 8.910446189725855, 10.211548938824118, 11.31452330149176, 11.273092340613555, 12.84472049442883, 10.111258064652489, 10.359606586159535, 8.859416477962869, 1.7719994187357966, 1.771965228214143, 0.0, 2.4730194883987466, 2.4733473856294426, 3.752844721008318, 3.751453397018281, 4.858489748882877, 4.832129035942645, 7.16775555456518, 7.395551362136565, 6.024218321077018, 8.306621466035395, 10.480423499553822, 12.305027939017448, 7.979247173136072], [2.1460836004219406, 1.0961820195569711, 2.1620835899659383, 2.7577421797550254, 4.117790063857068, 5.136106513693033, 4.657624790598745, 4.234889033965352, 6.027174399335065, 7.050279986638829, 8.345494507816777, 9.46329678336255, 9.471542232920676, 11.077117482901407, 8.356268701998518, 8.751502600696638, 7.064673208294917, 2.502371493203997, 3.0650473895194508, 2.4730194883987466, 0.0, 1.765159397901504, 2.5112802093752897, 3.0667691272738478, 3.105727488045273, 2.529046233266605, 5.577128635776658, 6.004034723417246, 4.9240937409842225, 6.45318752323222, 8.617153099487092, 10.445902803013245, 6.241764973146618], [2.146360328556228, 1.0962614925281287, 2.1620671520561054, 2.7568174604061113, 4.1208323564542155, 4.671332458731662, 5.10727883808981, 5.098842954043594, 6.364219645801047, 7.58802971857649, 8.762412911978071, 10.008161190248687, 10.225870707670815, 11.903733287922744, 9.243163904205096, 9.866619219874657, 7.875635719102299, 3.065255638605041, 2.502667872491274, 2.4733473856294426, 1.765159397901504, 0.0, 3.0675278466543703, 2.5106631195761806, 2.5557356064350634, 3.0823103072208675, 4.997268687993472, 5.63626178419704, 4.170659766751539, 6.555527314411862, 8.838028734961208, 10.91301900071653, 7.192605579343274], [2.7488741277111974, 2.1599757058818967, 1.0967815826316558, 2.1647042523171613, 2.729829654026053, 3.7044587202451047, 3.0283027655767842, 2.7962749685966153, 4.255802863150501, 5.192037201330514, 6.4983037117389335, 7.578286840704831, 7.5811965559534205, 9.193258670351879, 6.4958857479176775, 7.004312772856449, 5.195164995454909, 2.5584274154253426, 3.1090237647853387, 3.752844721008318, 2.5112802093752897, 3.0675278466543703, 0.0, 1.757587918142361, 3.0803791227704425, 2.514254366606529, 4.543271661479204, 4.237227306859994, 3.545510298955568, 4.810587248974911, 6.841062193110073, 8.568912695319051, 4.416612259413316], [2.7473970772351053, 2.1590264889528332, 1.0965932199316208, 2.1646189895683716, 2.7359572017851446, 3.0322222280037456, 3.6813962038878674, 3.9820147274966224, 4.720648925730445, 5.9001189013442765, 7.025009911736779, 8.247259494523016, 8.502341716844835, 10.171260325544717, 7.5996362531373824, 8.351382171233693, 6.250407460318088, 3.107439333277482, 2.5570362648973126, 3.751453397018281, 3.0667691272738478, 2.5106631195761806, 1.757587918142361, 0.0, 2.528547810503096, 3.0688505030385564, 3.814250576456665, 3.701791901228377, 2.3988812079800867, 4.9480892281768725, 7.117707362627379, 9.131661330229019, 5.677655919479446], [4.189521740008041, 2.7759685318821608, 2.1772265614767794, 1.0965758250116586, 2.0851056615912773, 2.5735936178814245, 3.297937158285463, 3.7391300084377916, 4.3510540918264855, 5.698275253091938, 6.689632711143415, 8.01859844985394, 8.471291681910143, 10.191035602920834, 7.717141613965626, 8.695499529066746, 6.322192250319505, 4.748800259012796, 4.407116514230138, 4.858489748882877, 3.105727488045273, 2.5557356064350634, 3.0803791227704425, 2.528547810503096, 0.0, 1.7616071696039388, 2.6328245308033726, 3.6417747582737734, 2.5480177589647997, 4.31276334384348, 6.600436483294116, 8.82336717699088, 5.9216525708622925], [4.164754687853775, 2.7507232376231525, 2.160829761920175, 1.096796881833642, 2.0938062087977483, 3.3556745447078153, 2.565845852735507, 2.4473373776412597, 3.8626203657620817, 4.9808304909924415, 6.156271159557545, 7.349682944182015, 7.563805157458778, 9.231997510831555, 6.6468868525047125, 7.419849025418239, 5.295441995716694, 4.38367210680726, 4.726510843106149, 4.832129035942645, 2.529046233266605, 3.0823103072208675, 2.514254366606529, 3.0688505030385564, 1.7616071696039388, 0.0, 3.6287517592141794, 4.2021992111274304, 3.6570687633677332, 4.178063271421341, 6.3253817742488865, 8.261898314552171, 4.735459712636144], [6.321629832566915, 5.1234838401228515, 3.9714132232745563, 2.8931740856713066, 2.0782456952920656, 1.0935032418790536, 3.13605879249736, 4.2349006706179075, 3.306203342203864, 4.666413034655204, 5.194962007560786, 6.592353512213981, 7.408078385789394, 9.101722485881451, 7.0509018047339165, 8.423944311900453, 5.761518062108285, 6.7309067108377, 6.256519174429182, 7.16775555456518, 5.577128635776658, 4.997268687993472, 4.543271661479204, 3.814250576456665, 2.6328245308033726, 3.6287517592141794, 0.0, 1.786651544090229, 1.7838269282640622, 2.700168415117842, 4.753046599813639, 7.177974280394156, 5.80956367896936], [6.3984312968101795, 5.4681456509496895, 4.030319780116709, 3.3993102609205885, 2.1259665401882506, 1.0921181071660702, 2.6958164273555423, 3.877720940191545, 2.489740299709992, 3.6910473269791595, 4.222235808194516, 5.56030479830018, 6.316801528463594, 7.982962881662421, 5.974163109591167, 7.3497831702710785, 4.750362270395807, 6.570933617835444, 6.235095545378596, 7.395551362136565, 6.004034723417246, 5.63626178419704, 4.237227306859994, 3.701791901228377, 3.6417747582737734, 4.2021992111274304, 1.786651544090229, 0.0, 1.7664655926453818, 2.0423515490727837, 3.907509060770045, 6.185694923773721, 4.8733766671579986], [5.09565138230629, 4.198594942358693, 2.963329519307632, 2.6061659003217734, 2.0953774600295767, 1.0939810281718783, 3.3067325443706514, 4.2577587414037446, 3.768626679574404, 5.099141270841591, 5.855042794890571, 7.1996936990402585, 7.8265357304493275, 9.523714820383903, 7.279307528192501, 8.460763933593704, 5.949399493226187, 5.491740172295117, 4.824137693930388, 6.024218321077018, 4.9240937409842225, 4.170659766751539, 3.545510298955568, 2.3988812079800867, 2.5480177589647997, 3.6570687633677332, 1.7838269282640622, 1.7664655926453818, 0.0, 3.510038301785324, 5.611759593033187, 7.89350750047151, 5.7868212388149685], [7.344056974860693, 6.247575367292499, 4.844660516486165, 3.8599570489838353, 2.4407042467288003, 2.4695205465838908, 2.0196595851776604, 3.123690576865769, 1.007520148681901, 2.0638041428391407, 2.5195942709095047, 3.914673881691807, 4.7209246276550525, 6.406064996548192, 4.49430746278, 6.021876529787039, 3.345783317849499, 7.360443793685269, 7.451099626900717, 8.306621466035395, 6.45318752323222, 6.555527314411862, 4.810587248974911, 4.9480892281768725, 4.31276334384348, 4.178063271421341, 2.700168415117842, 2.0423515490727837, 3.510038301785324, 0.0, 2.3002678996151733, 4.589544907722333, 3.7409081210315764], [9.491060774223289, 8.46795420511944, 7.0401978899744, 6.125940204572682, 4.717454087746907, 4.633740801987094, 3.983901661687949, 4.7844542290631225, 2.622216638647539, 2.168870713067056, 1.0873916865600914, 2.1420304876448424, 3.395728912913986, 4.820357956625213, 3.8759698554039352, 5.604513854920871, 3.4047612221710937, 9.383854850220137, 9.588457198110653, 10.480423499553822, 8.617153099487092, 8.838028734961208, 6.841062193110073, 7.117707362627379, 6.600436483294116, 6.3253817742488865, 4.753046599813639, 3.907509060770045, 5.611759593033187, 2.3002678996151733, 0.0, 2.4530972320721407, 4.3193058261716075], [11.308088848695874, 10.398797809843211, 8.984691735390815, 8.206241514847099, 6.856118426631792, 6.958994295873506, 5.839101922384982, 6.290805334772329, 4.551098105952013, 3.4107161036943543, 2.152822916544693, 1.087496252867107, 2.159758398525168, 2.8113207501101685, 3.4042389149411942, 4.9004355765584755, 3.877195467087002, 11.019263707707516, 11.465657944924049, 12.305027939017448, 10.445902803013245, 10.91301900071653, 8.568912695319051, 9.131661330229019, 8.82336717699088, 8.261898314552171, 7.177974280394156, 6.185694923773721, 7.89350750047151, 4.589544907722333, 2.4530972320721407, 0.0, 4.963226612799379], [7.062454434543277, 6.375954795950172, 5.194891395399908, 4.913144688486183, 4.128447094247424, 5.115128438270148, 2.788728579478469, 2.290116427171335, 2.751363549224275, 2.1672838369719827, 3.4050276151596774, 3.875754781974732, 3.3980782642546656, 4.889702139190075, 2.1433688110075693, 2.785435529679335, 1.086395894690329, 6.544714240515012, 7.461823526457859, 7.979247173136072, 6.241764973146618, 7.192605579343274, 4.416612259413316, 5.677655919479446, 5.9216525708622925, 4.735459712636144, 5.80956367896936, 4.8733766671579986, 5.7868212388149685, 3.7409081210315764, 4.3193058261716075, 4.963226612799379, 0.0]]}