{"total energy": -44.55197485, "HOMO-LUMO gap/eV": 4.18089, "electronic energy": -45.08528732, "dipole": [-0.58500612, 0.44032398, 0.54514334], "partial charges": [-0.09728663, 0.00977421, -0.1774788, 0.29492945, -0.4443439, -0.12705403, 0.00640638, -0.11126564, 0.04026273, -0.06014874, -0.05513611, -0.05648465, -0.05541741, -0.05853315, 0.04220162, 0.05061935, 0.03975337, 0.06332039, 0.0486424, 0.05060446, 0.05318041, 0.04603224, 0.04480882, 0.05153038, 0.06750066, 0.03448407, 0.03652511, 0.03427927, 0.03240879, 0.03095774, 0.03151783, 0.03204955, 0.03585552, 0.03656075, 0.02894357], "atomic dipole moments": [[-0.02327053, 0.05639652, -0.10234627], [-0.10308776, 0.06159304, 0.09488603], [0.01603955, -0.51731437, -0.06380487], [0.02978351, 0.04018754, -0.00217141], [-0.02270409, 0.17769109, 0.04763362], [-0.02325398, 0.00660617, 0.04368178], [0.00205659, -0.0910271, -0.13017582], [0.02345168, -0.08458446, 0.09147363], [0.05166987, 0.13912144, 0.06217996], [0.02756607, -0.11796385, 0.03133334], [0.06811732, 0.04075013, 0.08528445], [0.09528653, -0.00752388, -0.06778114], [-0.00560612, 0.1132003, -0.02856443], [-0.06050776, -0.02595255, -0.10031525], [0.03465119, 0.0817272, 0.09156071], [-0.09834398, -0.07277587, 0.04560146], [0.09749064, -0.079066, -0.01530207], [-0.02150693, -0.08734062, -0.09837909], [0.10066974, 0.0604324, -0.03692997], [-0.08892987, 0.00642025, 0.08690796], [0.0993913, 0.03403794, 0.06987671], [-0.10715241, -0.01977889, -0.06427921], [-0.01020401, 0.11524087, 0.05064774], [0.09307002, 0.00764409, -0.09144628], [0.01953409, -0.09772313, -0.07865499], [0.00628581, 0.04062424, -0.11793953], [-0.03535933, 0.10048586, 0.06338432], [0.01609341, -0.09030725, -0.08416059], [-0.10718075, 0.05290534, -0.03091375], [-0.08849981, -0.08600078, 0.00187653], [-0.03765109, 0.08566519, 0.07976898], [-0.01187926, -0.04060665, 0.11594031], [0.02647586, -0.10188581, -0.0665781], [0.10631877, -0.05878775, 0.03615602], [-0.01436263, 0.08353233, 0.08866155]], "atomic quadrupole moments": [[-0.09598102, -0.06915596, -0.03830283, 0.06685037, -0.14341642, 0.13428385], [0.0679463, -0.30225856, 0.01712128, -0.02347006, -0.0741902, -0.08506758], [0.35240203, -0.00771345, 0.16373301, -0.08106415, 0.03672648, -0.51613504], [-0.1554581, 0.09715704, -0.17657089, 0.15888224, -0.16211186, 0.33202899], [-0.05004726, 0.00292431, -0.06101589, 0.04964029, -0.04816499, 0.11106316], [-0.05063246, 0.04346389, 0.08218257, 0.006891, 0.01589937, -0.03155012], [-0.19316142, -0.0677776, 0.23948765, 0.00719759, 0.01787555, -0.04632622], [-0.12154469, -0.04362581, 0.06638915, 0.0522057, -0.17089365, 0.05515554], [0.13863191, 0.09935722, -0.05260124, 0.01874763, -0.13294964, -0.08603067], [0.17667437, 0.04763268, 0.01565613, 0.06552418, -0.05925023, -0.1923305], [-0.03202586, 0.17425568, -0.02116507, -0.03170439, -0.12989219, 0.05319092], [0.0330721, -0.09811411, -0.11794055, 0.0571378, -0.15722636, 0.08486845], [0.21047251, 0.05199737, -0.0237352, 0.07216364, -0.05901858, -0.1867373], [-0.02577203, 0.17835518, -0.0376717, -0.0327146, -0.11442024, 0.06344373], [-0.04621214, 0.01913051, 0.03065249, 0.02171643, 0.04628795, 0.01555965], [0.04328492, 0.04515095, -0.0170117, -0.01473151, -0.02092224, -0.02627322], [0.02847313, -0.06320348, -0.0009818, -0.02421263, 0.01079748, -0.02749133], [-0.0179877, 0.00123348, 0.02200127, 0.02987901, 0.02668246, -0.00401357], [0.04274552, 0.03157131, -0.00698746, -0.0104499, -0.02647608, -0.03575806], [0.028247, 0.00593717, -0.00663152, -0.04092454, -0.00946305, -0.02161549], [0.03634552, 0.00535737, -0.00140131, 0.0276219, -0.00065205, -0.03494421], [0.04953075, 0.03940548, -0.03254356, 0.04415834, 0.00342799, -0.0169872], [-0.0534871, -0.00958046, 0.05846774, 0.00039051, 0.05077083, -0.00498064], [0.03979438, -0.01498298, -0.04408828, -0.05267982, -0.00225093, 0.00429391], [-0.00027495, -0.00878287, 0.00077744, -0.00595653, 0.01453742, -0.00050249], [-0.02282394, 0.00609905, -0.02851739, -0.01328739, -0.0200586, 0.05134133], [-0.01285877, -0.00065401, 0.01180035, -0.00921499, 0.05269715, 0.00105842], [-0.03140907, -0.00792774, 0.02864939, -0.02906085, 0.0321795, 0.00275968], [0.03454132, -0.03575175, -0.0053853, 0.00959365, -0.01653996, -0.02915603], [0.00900171, 0.04464182, 0.02002659, 0.00989583, -0.00279682, -0.0290283], [-0.03799219, -0.0246207, 0.02479435, 0.00347857, 0.03671401, 0.01319783], [-0.01957934, 0.00542268, -0.03370289, -0.00656324, -0.02113762, 0.05328224], [-0.00335319, -0.00969121, 0.00606939, -0.00868511, 0.05165856, -0.00271621], [0.03694723, -0.03427316, -0.00633566, 0.00485955, -0.00839524, -0.03061156], [-0.03189639, -0.01045499, 0.03361635, -0.02459912, 0.03871921, -0.00171996]], "number of molecular orbitals": 82, "number of electrons": 82, "number of unpaired electrons": 0, "orbital energies/eV": [-19.53366723, -18.86139499, -17.846924, -17.47244834, -17.18888979, -16.97224939, -16.80780973, -16.77066186, -16.18672028, -16.05457218, -15.76835209, -15.61754788, -15.23261678, -15.13122154, -14.87571505, -14.77116248, -14.45231566, -14.14341921, -13.92860139, -13.79951737, -13.75843353, -13.69166809, -13.5386954, -13.38007856, -13.28403754, -13.11110784, -13.04281045, -13.01062254, -12.83729763, -12.68234631, -12.20422357, -12.1426198, -12.09700723, -12.04227437, -11.99629496, -11.72043336, -11.60743231, -11.44163094, -10.79620524, -10.54749596, -10.17197522, -5.99108522, -5.28521718, -3.80168175, -1.05488575, -0.26357648, 0.21182715, 1.05755642, 1.33885183, 1.97411902, 2.34269173, 2.46042423, 2.69940145, 2.78126033, 2.9246399, 3.2388962, 3.30293224, 3.83332604, 4.00941709, 4.12393734, 4.37003222, 4.43991336, 4.64072766, 4.79943473, 4.97309378, 5.07745121, 5.22982146, 5.40229091, 5.52795564, 5.75837237, 6.23115675, 6.46778231, 6.67035367, 7.15637489, 7.28614012, 7.51311854, 7.66799454, 7.8606758, 8.0132404, 9.09462478, 13.23620757, 16.07321852], "fractional occupation": [2.0, 2.0, 2.0, 2.0, 2.0, 2.0, 2.0, 2.0, 2.0, 2.0, 2.0, 2.0, 2.0, 2.0, 2.0, 2.0, 2.0, 2.0, 2.0, 2.0, 2.0, 2.0, 2.0, 2.0, 2.0, 2.0, 2.0, 2.0, 2.0, 2.0, 2.0, 2.0, 2.0, 2.0, 2.0, 2.0, 2.0, 2.0, 2.0, 2.0, 2.0, 0.0, 0.0, 0.0, 0.0, 0.0, 0.0, 0.0, 0.0, 0.0, 0.0, 0.0, 0.0, 0.0, 0.0, 0.0, 0.0, 0.0, 0.0, 0.0, 0.0, 0.0, 0.0, 0.0, 0.0, 0.0, 0.0, 0.0, 0.0, 0.0, 0.0, 0.0, 0.0, 0.0, 0.0, 0.0, 0.0, 0.0, 0.0, 0.0, 0.0, 0.0], "program call": "xtb /home/svss/Project-DBcg-Debug/aqme2_20220329/End-to-End-workflows-final/example-3/QDESCP/mol_271_rdkit_conf_6/mol_271_rdkit_conf_6.xyz --pop --wbo --acc 0.2 --gfn 2 --chrg 0 --uhf 0 --etemp 300 --input /home/svss/Project-DBcg-Debug/aqme2_20220329/End-to-End-workflows-final/example-3/QDESCP/mol_271_rdkit_conf_6/mol_271_rdkit_conf_6_xtb.inp", "method": "GFN2-xTB", "xtb version": "6.3.3 (7355c4f)", "Dipole module/D": 2.32, "Total charge": 0, "Transition dipole module/D": NaN, "HOMO": -10.172, "LUMO": -5.9911, "HOMO occupancy": 2.0, "LUMO occupancy": 0, "mulliken charges": [-0.08676, 0.04115, -0.12564, 0.49745, -0.55875, -0.30056, 0.09451, -0.09514, 0.11883, -0.06159, -0.04449, -0.04857, -0.04577, -0.06053, 0.0234, 0.04401, 0.03089, 0.04835, 0.02755, 0.03194, 0.02922, 0.03411, 0.03323, 0.03739, 0.054, 0.03276, 0.02402, 0.02754, 0.02762, 0.02764, 0.02256, 0.02773, 0.02927, 0.04186, 0.02079], "cm5 charges": [-0.23386, -0.0513, -0.15954, 0.60486, -0.60853, -0.54492, 0.04303, -0.24012, 0.10959, -0.16547, -0.15408, -0.15807, -0.15521, -0.16271, 0.07515, 0.09823, 0.0818, 0.10763, 0.08342, 0.09753, 0.09564, 0.08794, 0.08444, 0.09169, 0.13038, 0.08971, 0.08259, 0.0829, 0.08184, 0.08186, 0.0779, 0.08196, 0.08469, 0.10006, 0.07897], "FUKUI+": [0.031, 0.023, -0.366, -0.045, -0.147, -0.062, 0.018, 0.013, 0.011, 0.004, 0.006, 0.008, 0.005, 0.003, -0.036, -0.022, -0.059, -0.059, -0.065, -0.045, -0.01, -0.026, -0.033, 0.002, -0.013, -0.009, -0.015, -0.011, -0.022, -0.022, -0.012, -0.021, -0.01, 0.001, -0.015], "FUKUI-": [0.014, 0.032, -0.285, 0.025, -0.062, -0.075, 0.018, 0.01, -0.002, 0.005, 0.004, 0.005, 0.005, -0.005, -0.023, -0.014, -0.044, -0.041, -0.041, -0.037, -0.024, -0.021, -0.037, -0.014, -0.035, -0.042, -0.028, -0.025, -0.047, -0.035, -0.026, -0.064, -0.031, -0.028, -0.031], "FUKUIrad": [0.022, 0.027, -0.325, -0.01, -0.104, -0.069, 0.018, 0.011, 0.004, 0.004, 0.005, 0.007, 0.005, -0.001, -0.029, -0.018, -0.051, -0.05, -0.053, -0.041, -0.017, -0.024, -0.035, -0.006, -0.024, -0.026, -0.021, -0.018, -0.035, -0.028, -0.019, -0.043, -0.021, -0.013, -0.023], "s proportion": [1.011, 1.032, 1.924, 0.999, 1.73, 1.454, 1.005, 1.012, 1.037, 1.037, 1.029, 1.029, 1.029, 1.036, 0.977, 0.956, 0.969, 0.952, 0.972, 0.968, 0.971, 0.966, 0.967, 0.963, 0.946, 0.967, 0.976, 0.972, 0.972, 0.972, 0.977, 0.972, 0.971, 0.958, 0.979], "p proportion": [3.076, 2.927, 4.201, 2.503, 4.829, 3.847, 2.901, 3.083, 2.844, 3.025, 3.015, 3.02, 3.017, 3.024, 0.0, 0.0, 0.0, 0.0, 0.0, 0.0, 0.0, 0.0, 0.0, 0.0, 0.0, 0.0, 0.0, 0.0, 0.0, 0.0, 0.0, 0.0, 0.0, 0.0, 0.0], "d proportion": [0.0, 0.0, 0.001, 0.0, 0.0, 0.0, 0.0, 0.0, 0.0, 0.0, 0.0, 0.0, 0.0, 0.0, 0.0, 0.0, 0.0, 0.0, 0.0, 0.0, 0.0, 0.0, 0.0, 0.0, 0.0, 0.0, 0.0, 0.0, 0.0, 0.0, 0.0, 0.0, 0.0, 0.0, 0.0], "Fermi-level/eV": -8.0815, "Coordination numbers": [3.782, 3.793, 2.032, 2.748, 0.879, 2.756, 3.734, 3.749, 3.791, 3.802, 3.802, 3.803, 3.802, 3.802, 0.924, 0.924, 0.924, 0.924, 0.924, 0.924, 0.924, 0.924, 0.924, 0.924, 0.923, 0.924, 0.924, 0.924, 0.924, 0.924, 0.924, 0.924, 0.924, 0.924, 0.924], "Dispersion coefficient C6": [22.377, 20.421, 148.572, 21.996, 22.576, 23.755, 20.556, 22.694, 19.907, 21.656, 21.564, 21.588, 21.569, 21.626, 2.42, 2.312, 2.452, 2.161, 2.337, 2.312, 2.281, 2.37, 2.386, 2.301, 2.113, 2.524, 2.496, 2.527, 2.553, 2.573, 2.565, 2.558, 2.505, 2.495, 2.602], "Total dispersion C6": 11058.510921, "Total dispersion C8": 265970.427692, "Polarizability alpha": [6.739, 6.435, 20.515, 7.68, 6.371, 7.239, 6.471, 6.794, 6.354, 6.626, 6.611, 6.615, 6.612, 6.621, 2.433, 2.378, 2.449, 2.299, 2.391, 2.378, 2.362, 2.408, 2.416, 2.372, 2.273, 2.484, 2.471, 2.486, 2.499, 2.508, 2.505, 2.501, 2.475, 2.47, 2.522], "Total polarizability alpha": 158.760786, "Wiberg matrix": [[0.0, 1.0253585296264067, 0.0, 0.0, 0.0, 0.0, 0.0, 0.0, 0.0, 0.0, 0.0, 0.0, 0.0, 0.0, 0.9870207787599461, 0.9855286895492044, 0.9797198099157355, 0.0, 0.0, 0.0, 0.0, 0.0, 0.0, 0.0, 0.0, 0.0, 0.0, 0.0, 0.0, 0.0, 0.0, 0.0, 0.0, 0.0, 0.0], [1.0253585296264067, 0.0, 0.9845683934392618, 0.0, 0.0, 0.0, 0.0, 0.0, 0.0, 0.0, 0.0, 0.0, 0.0, 0.0, 0.0, 0.0, 0.0, 0.9692319105521147, 0.971607559632433, 0.0, 0.0, 0.0, 0.0, 0.0, 0.0, 0.0, 0.0, 0.0, 0.0, 0.0, 0.0, 0.0, 0.0, 0.0, 0.0], [0.0, 0.9845683934392618, 0.0, 1.0196465714098564, 0.15746786014799155, 0.0, 0.0, 0.0, 0.0, 0.0, 0.0, 0.0, 0.0, 0.0, 0.0, 0.0, 0.0, 0.0, 0.0, 0.0, 0.0, 0.0, 0.0, 0.0, 0.0, 0.0, 0.0, 0.0, 0.0, 0.0, 0.0, 0.0, 0.0, 0.0, 0.0], [0.0, 0.0, 1.0196465714098564, 0.0, 1.6613801678012419, 1.2092965244477136, 0.0, 0.0, 0.0, 0.0, 0.0, 0.0, 0.0, 0.0, 0.0, 0.0, 0.0, 0.0, 0.0, 0.0, 0.0, 0.0, 0.0, 0.0, 0.0, 0.0, 0.0, 0.0, 0.0, 0.0, 0.0, 0.0, 0.0, 0.0, 0.0], [0.0, 0.0, 0.15746786014799155, 1.6613801678012419, 0.0, 0.17087607404631402, 0.0, 0.0, 0.0, 0.0, 0.0, 0.0, 0.0, 0.0, 0.0, 0.0, 0.0, 0.0, 0.0, 0.0, 0.0, 0.0, 0.0, 0.0, 0.0, 0.0, 0.0, 0.0, 0.0, 0.0, 0.0, 0.0, 0.0, 0.0, 0.0], [0.0, 0.0, 0.0, 1.2092965244477136, 0.17087607404631402, 0.0, 0.9847945359421325, 0.0, 0.9631634769283786, 0.0, 0.0, 0.0, 0.0, 0.0, 0.0, 0.0, 0.0, 0.0, 0.0, 0.0, 0.0, 0.0, 0.0, 0.0, 0.0, 0.0, 0.0, 0.0, 0.0, 0.0, 0.0, 0.0, 0.0, 0.0, 0.0], [0.0, 0.0, 0.0, 0.0, 0.0, 0.9847945359421325, 0.0, 1.0117692910531806, 0.0, 0.0, 0.0, 0.0, 0.0, 0.0, 0.0, 0.0, 0.0, 0.0, 0.0, 0.9659751904682361, 0.9647678807838813, 0.0, 0.0, 0.0, 0.0, 0.0, 0.0, 0.0, 0.0, 0.0, 0.0, 0.0, 0.0, 0.0, 0.0], [0.0, 0.0, 0.0, 0.0, 0.0, 0.0, 1.0117692910531806, 0.0, 0.0, 0.0, 0.0, 0.0, 0.0, 0.0, 0.0, 0.0, 0.0, 0.0, 0.0, 0.0, 0.0, 0.9839604208758561, 0.9835444888279836, 0.9844888057567942, 0.0, 0.0, 0.0, 0.0, 0.0, 0.0, 0.0, 0.0, 0.0, 0.0, 0.0], [0.0, 0.0, 0.0, 0.0, 0.0, 0.9631634769283786, 0.0, 0.0, 0.0, 0.9921437629028587, 0.0, 0.0, 0.0, 0.9861843800558401, 0.0, 0.0, 0.0, 0.0, 0.0, 0.0, 0.0, 0.0, 0.0, 0.0, 0.9575636093473339, 0.0, 0.0, 0.0, 0.0, 0.0, 0.0, 0.0, 0.0, 0.0, 0.0], [0.0, 0.0, 0.0, 0.0, 0.0, 0.0, 0.0, 0.0, 0.9921437629028587, 0.0, 1.0054722236725615, 0.0, 0.0, 0.0, 0.0, 0.0, 0.0, 0.0, 0.0, 0.0, 0.0, 0.0, 0.0, 0.0, 0.0, 0.9753432639897708, 0.9732348249310824, 0.0, 0.0, 0.0, 0.0, 0.0, 0.0, 0.0, 0.0], [0.0, 0.0, 0.0, 0.0, 0.0, 0.0, 0.0, 0.0, 0.0, 1.0054722236725615, 0.0, 1.009252493104413, 0.0, 0.0, 0.0, 0.0, 0.0, 0.0, 0.0, 0.0, 0.0, 0.0, 0.0, 0.0, 0.0, 0.0, 0.0, 0.9775619107948574, 0.9766423497998338, 0.0, 0.0, 0.0, 0.0, 0.0, 0.0], [0.0, 0.0, 0.0, 0.0, 0.0, 0.0, 0.0, 0.0, 0.0, 0.0, 1.009252493104413, 0.0, 1.00920954214674, 0.0, 0.0, 0.0, 0.0, 0.0, 0.0, 0.0, 0.0, 0.0, 0.0, 0.0, 0.0, 0.0, 0.0, 0.0, 0.0, 0.976921424158778, 0.9776389247208856, 0.0, 0.0, 0.0, 0.0], [0.0, 0.0, 0.0, 0.0, 0.0, 0.0, 0.0, 0.0, 0.0, 0.0, 0.0, 1.00920954214674, 0.0, 1.00632109037462, 0.0, 0.0, 0.0, 0.0, 0.0, 0.0, 0.0, 0.0, 0.0, 0.0, 0.0, 0.0, 0.0, 0.0, 0.0, 0.0, 0.0, 0.97659348188654, 0.9774395805002207, 0.0, 0.0], [0.0, 0.0, 0.0, 0.0, 0.0, 0.0, 0.0, 0.0, 0.9861843800558401, 0.0, 0.0, 0.0, 1.00632109037462, 0.0, 0.0, 0.0, 0.0, 0.0, 0.0, 0.0, 0.0, 0.0, 0.0, 0.0, 0.0, 0.0, 0.0, 0.0, 0.0, 0.0, 0.0, 0.0, 0.0, 0.9763525301797029, 0.9750431905629744], [0.9870207787599461, 0.0, 0.0, 0.0, 0.0, 0.0, 0.0, 0.0, 0.0, 0.0, 0.0, 0.0, 0.0, 0.0, 0.0, 0.0, 0.0, 0.0, 0.0, 0.0, 0.0, 0.0, 0.0, 0.0, 0.0, 0.0, 0.0, 0.0, 0.0, 0.0, 0.0, 0.0, 0.0, 0.0, 0.0], [0.9855286895492044, 0.0, 0.0, 0.0, 0.0, 0.0, 0.0, 0.0, 0.0, 0.0, 0.0, 0.0, 0.0, 0.0, 0.0, 0.0, 0.0, 0.0, 0.0, 0.0, 0.0, 0.0, 0.0, 0.0, 0.0, 0.0, 0.0, 0.0, 0.0, 0.0, 0.0, 0.0, 0.0, 0.0, 0.0], [0.9797198099157355, 0.0, 0.0, 0.0, 0.0, 0.0, 0.0, 0.0, 0.0, 0.0, 0.0, 0.0, 0.0, 0.0, 0.0, 0.0, 0.0, 0.0, 0.0, 0.0, 0.0, 0.0, 0.0, 0.0, 0.0, 0.0, 0.0, 0.0, 0.0, 0.0, 0.0, 0.0, 0.0, 0.0, 0.0], [0.0, 0.9692319105521147, 0.0, 0.0, 0.0, 0.0, 0.0, 0.0, 0.0, 0.0, 0.0, 0.0, 0.0, 0.0, 0.0, 0.0, 0.0, 0.0, 0.0, 0.0, 0.0, 0.0, 0.0, 0.0, 0.0, 0.0, 0.0, 0.0, 0.0, 0.0, 0.0, 0.0, 0.0, 0.0, 0.0], [0.0, 0.971607559632433, 0.0, 0.0, 0.0, 0.0, 0.0, 0.0, 0.0, 0.0, 0.0, 0.0, 0.0, 0.0, 0.0, 0.0, 0.0, 0.0, 0.0, 0.0, 0.0, 0.0, 0.0, 0.0, 0.0, 0.0, 0.0, 0.0, 0.0, 0.0, 0.0, 0.0, 0.0, 0.0, 0.0], [0.0, 0.0, 0.0, 0.0, 0.0, 0.0, 0.9659751904682361, 0.0, 0.0, 0.0, 0.0, 0.0, 0.0, 0.0, 0.0, 0.0, 0.0, 0.0, 0.0, 0.0, 0.0, 0.0, 0.0, 0.0, 0.0, 0.0, 0.0, 0.0, 0.0, 0.0, 0.0, 0.0, 0.0, 0.0, 0.0], [0.0, 0.0, 0.0, 0.0, 0.0, 0.0, 0.9647678807838813, 0.0, 0.0, 0.0, 0.0, 0.0, 0.0, 0.0, 0.0, 0.0, 0.0, 0.0, 0.0, 0.0, 0.0, 0.0, 0.0, 0.0, 0.0, 0.0, 0.0, 0.0, 0.0, 0.0, 0.0, 0.0, 0.0, 0.0, 0.0], [0.0, 0.0, 0.0, 0.0, 0.0, 0.0, 0.0, 0.9839604208758561, 0.0, 0.0, 0.0, 0.0, 0.0, 0.0, 0.0, 0.0, 0.0, 0.0, 0.0, 0.0, 0.0, 0.0, 0.0, 0.0, 0.0, 0.0, 0.0, 0.0, 0.0, 0.0, 0.0, 0.0, 0.0, 0.0, 0.0], [0.0, 0.0, 0.0, 0.0, 0.0, 0.0, 0.0, 0.9835444888279836, 0.0, 0.0, 0.0, 0.0, 0.0, 0.0, 0.0, 0.0, 0.0, 0.0, 0.0, 0.0, 0.0, 0.0, 0.0, 0.0, 0.0, 0.0, 0.0, 0.0, 0.0, 0.0, 0.0, 0.0, 0.0, 0.0, 0.0], [0.0, 0.0, 0.0, 0.0, 0.0, 0.0, 0.0, 0.9844888057567942, 0.0, 0.0, 0.0, 0.0, 0.0, 0.0, 0.0, 0.0, 0.0, 0.0, 0.0, 0.0, 0.0, 0.0, 0.0, 0.0, 0.0, 0.0, 0.0, 0.0, 0.0, 0.0, 0.0, 0.0, 0.0, 0.0, 0.0], [0.0, 0.0, 0.0, 0.0, 0.0, 0.0, 0.0, 0.0, 0.9575636093473339, 0.0, 0.0, 0.0, 0.0, 0.0, 0.0, 0.0, 0.0, 0.0, 0.0, 0.0, 0.0, 0.0, 0.0, 0.0, 0.0, 0.0, 0.0, 0.0, 0.0, 0.0, 0.0, 0.0, 0.0, 0.0, 0.0], [0.0, 0.0, 0.0, 0.0, 0.0, 0.0, 0.0, 0.0, 0.0, 0.9753432639897708, 0.0, 0.0, 0.0, 0.0, 0.0, 0.0, 0.0, 0.0, 0.0, 0.0, 0.0, 0.0, 0.0, 0.0, 0.0, 0.0, 0.0, 0.0, 0.0, 0.0, 0.0, 0.0, 0.0, 0.0, 0.0], [0.0, 0.0, 0.0, 0.0, 0.0, 0.0, 0.0, 0.0, 0.0, 0.9732348249310824, 0.0, 0.0, 0.0, 0.0, 0.0, 0.0, 0.0, 0.0, 0.0, 0.0, 0.0, 0.0, 0.0, 0.0, 0.0, 0.0, 0.0, 0.0, 0.0, 0.0, 0.0, 0.0, 0.0, 0.0, 0.0], [0.0, 0.0, 0.0, 0.0, 0.0, 0.0, 0.0, 0.0, 0.0, 0.0, 0.9775619107948574, 0.0, 0.0, 0.0, 0.0, 0.0, 0.0, 0.0, 0.0, 0.0, 0.0, 0.0, 0.0, 0.0, 0.0, 0.0, 0.0, 0.0, 0.0, 0.0, 0.0, 0.0, 0.0, 0.0, 0.0], [0.0, 0.0, 0.0, 0.0, 0.0, 0.0, 0.0, 0.0, 0.0, 0.0, 0.9766423497998338, 0.0, 0.0, 0.0, 0.0, 0.0, 0.0, 0.0, 0.0, 0.0, 0.0, 0.0, 0.0, 0.0, 0.0, 0.0, 0.0, 0.0, 0.0, 0.0, 0.0, 0.0, 0.0, 0.0, 0.0], [0.0, 0.0, 0.0, 0.0, 0.0, 0.0, 0.0, 0.0, 0.0, 0.0, 0.0, 0.976921424158778, 0.0, 0.0, 0.0, 0.0, 0.0, 0.0, 0.0, 0.0, 0.0, 0.0, 0.0, 0.0, 0.0, 0.0, 0.0, 0.0, 0.0, 0.0, 0.0, 0.0, 0.0, 0.0, 0.0], [0.0, 0.0, 0.0, 0.0, 0.0, 0.0, 0.0, 0.0, 0.0, 0.0, 0.0, 0.9776389247208856, 0.0, 0.0, 0.0, 0.0, 0.0, 0.0, 0.0, 0.0, 0.0, 0.0, 0.0, 0.0, 0.0, 0.0, 0.0, 0.0, 0.0, 0.0, 0.0, 0.0, 0.0, 0.0, 0.0], [0.0, 0.0, 0.0, 0.0, 0.0, 0.0, 0.0, 0.0, 0.0, 0.0, 0.0, 0.0, 0.97659348188654, 0.0, 0.0, 0.0, 0.0, 0.0, 0.0, 0.0, 0.0, 0.0, 0.0, 0.0, 0.0, 0.0, 0.0, 0.0, 0.0, 0.0, 0.0, 0.0, 0.0, 0.0, 0.0], [0.0, 0.0, 0.0, 0.0, 0.0, 0.0, 0.0, 0.0, 0.0, 0.0, 0.0, 0.0, 0.9774395805002207, 0.0, 0.0, 0.0, 0.0, 0.0, 0.0, 0.0, 0.0, 0.0, 0.0, 0.0, 0.0, 0.0, 0.0, 0.0, 0.0, 0.0, 0.0, 0.0, 0.0, 0.0, 0.0], [0.0, 0.0, 0.0, 0.0, 0.0, 0.0, 0.0, 0.0, 0.0, 0.0, 0.0, 0.0, 0.0, 0.9763525301797029, 0.0, 0.0, 0.0, 0.0, 0.0, 0.0, 0.0, 0.0, 0.0, 0.0, 0.0, 0.0, 0.0, 0.0, 0.0, 0.0, 0.0, 0.0, 0.0, 0.0, 0.0], [0.0, 0.0, 0.0, 0.0, 0.0, 0.0, 0.0, 0.0, 0.0, 0.0, 0.0, 0.0, 0.0, 0.9750431905629744, 0.0, 0.0, 0.0, 0.0, 0.0, 0.0, 0.0, 0.0, 0.0, 0.0, 0.0, 0.0, 0.0, 0.0, 0.0, 0.0, 0.0, 0.0, 0.0, 0.0, 0.0]], "Born radii": [], "Atomic SASAs": [], "Solvent H bonds": [], "Total SASA": NaN, "Total FOD": 0.0, "FOD": [0.0, 0.0, 0.0, 0.0, 0.0, 0.0, 0.0, 0.0, 0.0, 0.0, 0.0, 0.0, 0.0, 0.0, 0.0, 0.0, 0.0, 0.0, 0.0, 0.0, 0.0, 0.0, 0.0, 0.0, 0.0, 0.0, 0.0, 0.0, 0.0, 0.0, 0.0, 0.0, 0.0, 0.0, 0.0], "FOD s proportion": [0.0, 0.0, 0.0, 0.0, 0.0, 0.0, 0.0, 0.0, 0.0, 0.0, 0.0, 0.0, 0.0, 0.0, 0.0, 0.0, 0.0, 0.0, 0.0, 0.0, 0.0, 0.0, 0.0, 0.0, 0.0, 0.0, 0.0, 0.0, 0.0, 0.0, 0.0, 0.0, 0.0, 0.0, 0.0], "FOD p proportion": [0.0, 0.0, 0.0, 0.0, 0.0, 0.0, 0.0, 0.0, 0.0, 0.0, 0.0, 0.0, 0.0, 0.0, 0.0, 0.0, 0.0, 0.0, 0.0, 0.0, 0.0, 0.0, 0.0, 0.0, 0.0, 0.0, 0.0, 0.0, 0.0, 0.0, 0.0, 0.0, 0.0, 0.0, 0.0], "FOD d proportion": [0.0, 0.0, 0.0, 0.0, 0.0, 0.0, 0.0, 0.0, 0.0, 0.0, 0.0, 0.0, 0.0, 0.0, 0.0, 0.0, 0.0, 0.0, 0.0, 0.0, 0.0, 0.0, 0.0, 0.0, 0.0, 0.0, 0.0, 0.0, 0.0, 0.0, 0.0, 0.0, 0.0, 0.0, 0.0], "coordinates": [["4.59980", "-0.77320", "0.39930"], ["4.27050", "-0.06190", "-0.90210"], ["2.91760", "1.12920", "-0.68880"], ["1.53330", "0.04170", "-0.62610"], ["1.66490", "-1.13440", "-0.94840"], ["0.31170", "0.59220", "-0.21370"], ["0.16290", "1.94880", "0.33760"], ["-0.09910", "2.99540", "-0.73620"], ["-0.83840", "-0.33400", "-0.13450"], ["-2.17400", "0.27640", "-0.59180"], ["-3.31110", "-0.74060", "-0.50350"], ["-3.42670", "-1.33120", "0.89860"], ["-2.10770", "-1.94160", "1.36260"], ["-0.95750", "-0.94070", "1.27460"], ["4.88760", "-0.06280", "1.18180"], ["3.75880", "-1.37010", "0.76580"], ["5.44390", "-1.45400", "0.24600"], ["4.03510", "-0.77940", "-1.69430"], ["5.15100", "0.49880", "-1.23310"], ["-0.65240", "1.95450", "1.06830"], ["1.05900", "2.21880", "0.90500"], ["-1.03010", "2.79370", "-1.27320"], ["-0.18220", "3.98750", "-0.28140"], ["0.70430", "3.02910", "-1.47740"], ["-0.63870", "-1.16690", "-0.82200"], ["-2.08550", "0.63120", "-1.62530"], ["-2.43980", "1.14500", "0.02110"], ["-3.13860", "-1.54650", "-1.22750"], ["-4.25640", "-0.26020", "-0.78000"], ["-4.21140", "-2.09600", "0.91260"], ["-3.73250", "-0.54630", "1.60120"], ["-2.20850", "-2.29640", "2.39450"], ["-1.87480", "-2.81810", "0.74550"], ["-0.02090", "-1.44070", "1.54980"], ["-1.11410", "-0.14740", "2.01590"]], "bond_dist": [[0.0, 1.5192195825488823, 2.7627674911219002, 3.334505873439122, 3.249676713151633, 4.541793453031522, 5.20568655414442, 6.12954871258888, 5.481957526285661, 6.925915521431084, 7.962314324993708, 8.061350180956042, 6.876311634881014, 5.628302553168228, 1.0953553076513576, 1.0944829190078758, 1.0952142895342445, 2.1684292679264408, 2.1416197608352423, 5.9559645003979, 4.663159994038377, 6.871375835304018, 6.781971761958316, 5.75798649095324, 5.393371452996725, 7.124926709096733, 7.306058762424512, 7.945269390650012, 8.949089111747632, 8.924714122592386, 8.421595484823527, 7.2563014111873825, 6.798670135401482, 4.808333909994189, 5.971069787734859], [1.5192195825488823, 0.0, 1.8150907718348415, 2.7530297492035936, 2.8180758151618277, 4.071097985801865, 4.738369797725797, 5.33554217113875, 5.173403848531448, 6.460829144157892, 7.622347027654934, 8.006280710791996, 7.024498090255275, 5.730819865429378, 2.173350507856475, 2.1806225120364138, 2.152427369274048, 1.09444061054038, 1.095091658264275, 5.673031775867292, 4.3336976301998735, 6.032290355246505, 6.050574033924385, 4.754264772811881, 5.032661885126002, 6.434449615157461, 6.880191272050509, 7.563377891524396, 8.530079419911635, 8.909170921584117, 8.399354930588421, 7.605130032418906, 6.933681294233245, 5.131180859217497, 6.125026645656328], [2.7627674911219002, 1.8150907718348415, 0.0, 1.7614976667597377, 2.60010276912279, 2.702740057793202, 3.051821293916143, 3.5475946907728906, 4.068874381201759, 5.163435619817487, 6.505935122639942, 6.987385019447547, 6.236320605132485, 4.812050039224447, 2.9666324949342813, 3.011640597747347, 3.7321528599455833, 2.429524739532405, 2.3836405370776856, 4.063670815900323, 2.6798918933419684, 4.323935580001164, 4.2361083189644715, 3.0216232160876713, 4.235219845533406, 5.114298178636048, 5.404252252624779, 6.642825198663593, 7.307874232634275, 7.98680399158512, 7.230161150347895, 6.893357343123887, 6.3722438387117615, 4.500055357437284, 5.019931726627366], [3.334505873439122, 2.7530297492035936, 1.7614976667597377, 0.0, 1.2265427265285136, 1.4019381477083788, 2.5384531234592456, 3.376565630933301, 2.4510777099063996, 3.7148800613209576, 4.908689785472291, 5.36760323608219, 4.598400545842, 3.2835734939239596, 3.8119222381890214, 2.9805058463287737, 4.276735818354929, 2.841524184306725, 3.696639379219996, 3.3626001382858473, 2.703514769702581, 3.8161842159413637, 4.3163753289073465, 3.215044548680469, 2.4933260456667115, 3.8002137216214567, 4.173926489529973, 4.970986905032038, 5.799608168661052, 6.319726028080648, 5.74763072317629, 5.347130371517044, 4.655629732914764, 3.057382575014125, 3.7449498754990036], [3.249676713151633, 2.8180758151618277, 2.60010276912279, 1.2265427265285136, 0.0, 2.3134566972390043, 3.6627752101377995, 4.495772778955805, 2.7512877457656084, 4.105444362063625, 5.011346171439367, 5.4198274695787125, 4.497199528595545, 3.4432877384848335, 4.008974169285704, 2.716330859818074, 3.976125817928804, 2.510027858411137, 3.860218846127768, 4.356404640296859, 3.878937562013599, 4.774776397905979, 5.485483298671139, 4.305499461154303, 2.307294122993426, 4.200123466042397, 4.794179460554225, 4.829216858870597, 5.987852527409139, 6.238501202211955, 5.998187103617226, 5.246756328437599, 4.270084190036538, 3.0293142078694975, 4.1813974326772625], [4.541793453031522, 4.071097985801865, 2.702740057793202, 1.4019381477083788, 2.3134566972390043, 0.0, 1.4718820231254952, 2.493417961353451, 1.4787998816608015, 2.534046909589481, 3.8710489172832734, 4.348828969964213, 3.8416611628304755, 2.48509314513561, 4.828592554772042, 4.085650492883599, 5.544162278469129, 4.2352296844445165, 4.946384984005996, 2.104489035371769, 2.1108705644828154, 2.7873947944272266, 3.4317025788957873, 2.7730045185682624, 2.0899095339272464, 2.782211961731169, 2.816286762742743, 4.1840647963433835, 4.681326634619721, 5.380836788084173, 4.5766360899682645, 4.636607082770762, 4.163050922100281, 2.711685346790811, 2.7479137468268537], [5.20568655414442, 4.738369797725797, 3.051821293916143, 2.5384531234592456, 3.6627752101377995, 1.4718820231254952, 0.0, 1.522189869891401, 2.537056550414279, 3.0202330588880058, 4.473141800792817, 4.89472666856894, 4.619681971737881, 3.237665117024922, 5.20403673027007, 4.912122683728492, 6.2830247015271246, 5.1541852595730395, 5.426853609597369, 1.0948374628226785, 1.0944578429523906, 2.175265880300613, 2.15836806407063, 2.180455697784296, 3.4197691749590353, 3.2625678123220676, 2.7423190879254005, 5.056338828638761, 5.065463774423819, 5.985443386249677, 4.795450982962916, 5.279782060843043, 5.200186468772057, 3.6044308191446817, 2.9734616745470253], [6.12954871258888, 5.33554217113875, 3.5475946907728906, 3.376565630933301, 4.495772778955805, 2.493417961353451, 1.522189869891401, 0.0, 3.463164988850517, 3.423305766360931, 4.9324222538221525, 5.697803116991671, 5.728298560654813, 4.5025604282452445, 6.156174796901076, 6.01639316035779, 7.175425158135231, 5.679672551300823, 5.834678327037404, 2.155419669113187, 2.15356462870284, 1.0935322994772492, 1.0945369157776266, 1.093601705375408, 4.198007990702258, 3.2133666784231147, 3.0783696886501466, 5.487147852026588, 5.280529622111782, 6.749215264754859, 5.586472340395144, 6.500307538109255, 6.256622701585896, 4.991081491019757, 4.299008170497004], [5.481957526285661, 5.173403848531448, 4.068874381201759, 2.4510777099063996, 2.7512877457656084, 1.4787998816608015, 2.537056550414279, 3.463164988850517, 0.0, 1.5380308221879038, 2.5329291048112657, 2.959898704347836, 2.537086648106446, 1.5387763027808818, 5.881604469020337, 4.7977381274929956, 6.392689069554376, 5.136376100910057, 6.14600603318936, 2.592017764213818, 3.346262818428941, 3.3340506699808867, 4.373504350060715, 3.9362095104300536, 1.098298115267435, 2.1701046265099753, 2.1854368716574726, 2.8205895288042178, 3.4792011568749515, 3.9469217638559804, 3.3813518879288504, 3.481957606002692, 2.8318329346908864, 2.1748465761979627, 2.176017051863335], [6.925915521431084, 6.460829144157892, 5.163435619817487, 3.7148800613209576, 4.105444362063625, 2.534046909589481, 3.0202330588880058, 3.423305766360931, 1.5380308221879038, 0.0, 1.5280976081389566, 2.524861819981442, 2.956957735578918, 2.5386322340977237, 7.288820766077322, 6.304931074167267, 7.856754635980432, 6.393992704093428, 7.356381749882206, 2.808419160310654, 4.057784740471086, 2.8477381305169196, 4.223254504526101, 4.079982296530219, 2.119729468587914, 1.0962835126006412, 1.0957928682009206, 2.158131613224736, 2.1586450750412864, 3.470230522602209, 2.813362141637653, 3.94188759098988, 3.384349594826161, 3.488656271403074, 2.8465933569795316], [7.962314324993708, 7.622347027654934, 6.505935122639942, 4.908689785472291, 5.011346171439367, 3.8710489172832734, 4.473141800792817, 4.9324222538221525, 2.5329291048112657, 1.5280976081389566, 0.0, 1.525796883598862, 2.524460688939323, 2.9565372617303507, 8.397519313463947, 7.2104700782958675, 8.81593527709908, 7.442188154031044, 8.58344714727131, 4.09912245974672, 5.46257216153709, 4.276292270179858, 5.673999755904119, 5.593081124031727, 2.724866180200415, 2.1546150096943073, 2.1423949705878234, 1.0969991157699264, 1.0958232065438294, 2.157078686557354, 2.1552476748624505, 3.469098499610525, 2.8176168902105903, 3.941014709437152, 3.395006863026936], [8.061350180956042, 8.006280710791996, 6.987385019447547, 5.36760323608219, 5.4198274695787125, 4.348828969964213, 4.89472666856894, 5.697803116991671, 2.959898704347836, 2.524861819981442, 1.525796883598862, 0.0, 1.5256622037659582, 2.528006109565402, 8.415261451078035, 7.186832355078278, 8.895420785999951, 7.9187166188720255, 9.026072356235574, 4.303645323443836, 5.720493462106219, 5.241679769882934, 6.340958124763166, 6.4593152183493885, 3.2803052982916086, 3.4669730904637834, 2.8063400186007397, 2.156306311728461, 2.1571140558626007, 1.0958417449613793, 1.096917686064, 2.1571599592983364, 2.154693674284119, 3.4692254654317294, 2.828048883948083], [6.876311634881014, 7.024498090255275, 6.236320605132485, 4.598400545842, 4.497199528595545, 3.8416611628304755, 4.619681971737881, 5.728298560654813, 2.537086648106446, 2.956957735578918, 2.524460688939323, 1.5256622037659582, 0.0, 1.527254022748017, 7.245467560482209, 5.924407543375118, 7.6492621787986845, 6.959119074279445, 8.085909741024816, 4.169425115048836, 5.248458326975646, 5.525552414917444, 6.447054603460405, 6.378150397254678, 2.7441935518472453, 3.9430114240260576, 3.3818651983779597, 2.8155775304544535, 3.46911406702057, 2.1568247610781923, 2.154940159261969, 1.0958381677966869, 1.0969535404929416, 2.154223500475287, 2.1524858861325895], [5.628302553168228, 5.730819865429378, 4.812050039224447, 3.2835734939239596, 3.4432877384848335, 2.48509314513561, 3.237665117024922, 4.5025604282452445, 1.5387763027808818, 2.5386322340977237, 2.9565372617303507, 2.528006109565402, 1.527254022748017, 0.0, 5.911388522166345, 4.763060727095551, 6.503800182201173, 5.810889747706455, 6.758290596741161, 2.918531949456781, 3.7663399554474633, 4.52131606504124, 5.225837859137996, 5.108267346175218, 2.1327286372157146, 3.4860685047772653, 2.8493192222002786, 3.374121405640289, 3.9455294473619125, 3.4718334205431, 2.8218511512834974, 2.158031394581645, 2.155462098947694, 1.0967928701445866, 1.0969841110973302], [1.0953553076513576, 2.173350507856475, 2.9666324949342813, 3.8119222381890214, 4.008974169285704, 4.828592554772042, 5.20403673027007, 6.156174796901076, 5.881604469020337, 7.288820766077322, 8.397519313463947, 8.415261451078035, 7.245467560482209, 5.911388522166345, 0.0, 1.776591886168571, 1.7665301497568617, 3.0841891997735806, 2.4932942325365453, 5.896946798132064, 4.46547811102014, 7.014683923028891, 6.651973870213261, 5.842190440237292, 5.98115732446489, 7.54887872600958, 7.516435065242033, 8.510345387820637, 9.354162816628754, 9.327281055055648, 8.643829742654583, 7.537522501458951, 7.315195796422676, 5.111497301182894, 6.05997383327684], [1.0944829190078758, 2.1806225120364138, 3.011640597747347, 2.9805058463287737, 2.716330859818074, 4.085650492883599, 4.912122683728492, 6.01639316035779, 4.7977381274929956, 6.304931074167267, 7.2104700782958675, 7.186832355078278, 5.924407543375118, 4.763060727095551, 1.776591886168571, 0.0, 1.7654442103901218, 2.5450658518003024, 3.070278368487131, 5.532012007398393, 4.493161458260764, 6.66545682230408, 6.732903281646039, 5.806451337090495, 4.679786889378618, 6.624077550119715, 6.73074647123185, 7.181816525782318, 8.238009874356791, 8.004534283142274, 7.5826192895331355, 6.254547519205525, 5.8167486665662285, 3.8607994573663107, 5.177151698569397], [1.0952142895342445, 2.152427369274048, 3.7321528599455833, 4.276735818354929, 3.976125817928804, 5.544162278469129, 6.2830247015271246, 7.175425158135231, 6.392689069554376, 7.856754635980432, 8.81593527709908, 8.895420785999951, 7.6492621787986845, 6.503800182201173, 1.7665301497568617, 1.7654442103901218, 0.0, 2.4908967642196655, 2.467175522738502, 7.0327038349414375, 5.757698224985397, 7.89072873250627, 7.844811930186727, 6.74774787095665, 6.182319400516282, 8.033784107753956, 8.3041017997132, 8.708562725846326, 9.827189553987449, 9.699553476835932, 9.32023622501061, 7.992803999223302, 7.461476981804608, 5.618194582781911, 6.917160802670413], [2.1684292679264408, 1.09444061054038, 2.429524739532405, 2.841524184306725, 2.510027858411137, 4.2352296844445165, 5.1541852595730395, 5.679672551300823, 5.136376100910057, 6.393992704093428, 7.442188154031044, 7.9187166188720255, 6.959119074279445, 5.810889747706455, 3.0841891997735806, 2.5450658518003024, 2.4908967642196655, 0.0, 1.7583325879935228, 6.0892383940850925, 4.96011440795472, 6.2129397116019085, 6.51960438293613, 5.064182707999387, 4.77026938233052, 6.281424816074773, 6.9692354336756335, 7.229683004115741, 8.3578995794398, 8.748378445174854, 8.440987242023292, 7.615911987411619, 6.710874737320016, 5.235708022798827, 6.378030156717668], [2.1416197608352423, 1.095091658264275, 2.3836405370776856, 3.696639379219996, 3.860218846127768, 4.946384984005996, 5.426853609597369, 5.834678327037404, 6.14600603318936, 7.356381749882206, 8.58344714727131, 9.026072356235574, 8.085909741024816, 6.758290596741161, 2.4932942325365453, 3.070278368487131, 2.467175522738502, 1.7583325879935228, 0.0, 6.410534767864534, 4.926899188130401, 6.593494614390763, 6.4435846250359745, 5.122034895429746, 6.038558254252417, 7.248329659307722, 7.720805445029683, 8.538193697146955, 9.448838837127024, 9.949449697847616, 9.383073203913524, 8.668036977886054, 8.017390423947184, 6.185041816350153, 7.086963626970298], [5.9559645003979, 5.673031775867292, 4.063670815900323, 3.3626001382858473, 4.356404640296859, 2.104489035371769, 1.0948374628226785, 2.155419669113187, 2.592017764213818, 2.808419160310654, 4.09912245974672, 4.303645323443836, 4.169425115048836, 2.918531949456781, 5.896946798132064, 5.532012007398393, 7.0327038349414375, 6.0892383940850925, 6.410534767864534, 0.0, 1.7393709610086054, 2.5158569474435546, 2.485129197848675, 3.0783093639203973, 3.6491861750258785, 3.325714879540939, 2.2241215906510146, 4.869177454149725, 4.616267429428238, 5.394188886199666, 4.003123662841307, 4.717033438507723, 4.937223142617721, 3.486834888548639, 2.35140304073972], [4.663159994038377, 4.3336976301998735, 2.6798918933419684, 2.703514769702581, 3.878937562013599, 2.1108705644828154, 1.0944578429523906, 2.15356462870284, 3.346262818428941, 4.057784740471086, 5.46257216153709, 5.720493462106219, 5.248458326975646, 3.7663399554474633, 4.46547811102014, 4.493161458260764, 5.757698224985397, 4.96011440795472, 4.926899188130401, 1.7393709610086054, 0.0, 3.072361316642299, 2.46503997736345, 2.541304377676944, 4.162652853649941, 4.337138699649804, 3.7650932378893356, 6.028672001361493, 6.102306380377832, 6.8113635169472495, 5.575746111508306, 5.769072502577862, 5.83120779084402, 3.8696112595453305, 3.399318293422962], [6.871375835304018, 6.032290355246505, 4.323935580001164, 3.8161842159413637, 4.774776397905979, 2.7873947944272266, 2.175265880300613, 1.0935322994772492, 3.3340506699808867, 2.8477381305169196, 4.276292270179858, 5.241679769882934, 5.525552414917444, 4.52131606504124, 7.014683923028891, 6.66545682230408, 7.89072873250627, 6.2129397116019085, 6.593494614390763, 2.5158569474435546, 3.072361316642299, 0.0, 1.7685474520068722, 1.7621731356481405, 4.00538734206818, 2.431923070329322, 2.526000449326959, 4.8254737363289, 4.469738598620729, 6.229571206752516, 5.169210879815216, 6.3835544847678705, 6.023368411445542, 5.188251825037023, 4.413083278162786], [6.781971761958316, 6.050574033924385, 4.2361083189644715, 4.3163753289073465, 5.485483298671139, 3.4317025788957873, 2.15836806407063, 1.0945369157776266, 4.373504350060715, 4.223254504526101, 5.673999755904119, 6.340958124763166, 6.447054603460405, 5.225837859137996, 6.651973870213261, 6.732903281646039, 7.844811930186727, 6.51960438293613, 6.4435846250359745, 2.485129197848675, 2.46503997736345, 1.7685474520068722, 0.0, 1.7705447777449743, 5.202737737960659, 4.085751802300282, 3.6425362400393495, 6.345121131231459, 5.906831882659265, 7.3938529123860715, 6.058395438562919, 7.124165334268991, 7.087708355314854, 5.7310266418853795, 4.82114331979459], [5.75798649095324, 4.754264772811881, 3.0216232160876713, 3.215044548680469, 4.305499461154303, 2.7730045185682624, 2.180455697784296, 1.093601705375408, 3.9362095104300536, 4.079982296530219, 5.593081124031727, 6.4593152183493885, 6.378150397254678, 5.108267346175218, 5.842190440237292, 5.806451337090495, 6.74774787095665, 5.064182707999387, 5.122034895429746, 3.0783093639203973, 2.541304377676944, 1.7621731356481405, 1.7705447777449743, 0.0, 4.454168178234855, 3.681682069380788, 3.9598863455912467, 5.9805054786364, 5.992862900150478, 7.492853695355328, 6.47660847666431, 7.199789142745779, 6.766298032159092, 5.4469227018565265, 5.05963197278221], [5.393371452996725, 5.032661885126002, 4.235219845533406, 2.4933260456667115, 2.307294122993426, 2.0899095339272464, 3.4197691749590353, 4.198007990702258, 1.098298115267435, 2.119729468587914, 2.724866180200415, 3.2803052982916086, 2.7441935518472453, 2.1327286372157146, 5.98115732446489, 4.679786889378618, 6.182319400516282, 4.77026938233052, 6.038558254252417, 3.6491861750258785, 4.162652853649941, 4.00538734206818, 5.202737737960659, 4.454168178234855, 0.0, 2.443703079344952, 3.0495344611923962, 2.560864389224857, 3.7298287065225932, 4.078755847069055, 3.978522469460239, 3.753120640213954, 2.5906487411457384, 2.466187040757452, 3.0527138450893165], [7.124926709096733, 6.434449615157461, 5.114298178636048, 3.8002137216214567, 4.200123466042397, 2.782211961731169, 3.2625678123220676, 3.2133666784231147, 2.1701046265099753, 1.0962835126006412, 2.1546150096943073, 3.4669730904637834, 3.9430114240260576, 3.4860685047772653, 7.54887872600958, 6.624077550119715, 8.033784107753956, 6.281424816074773, 7.248329659307722, 3.325714879540939, 4.337138699649804, 2.431923070329322, 4.085751802300282, 3.681682069380788, 2.443703079344952, 0.0, 1.7607248194990606, 2.451457064686224, 2.494380255694789, 4.28928980834823, 3.8091229305445102, 4.974410799280655, 4.190794390088829, 4.317013178112849, 3.8481389475953174], [7.306058762424512, 6.880191272050509, 5.404252252624779, 4.173926489529973, 4.794179460554225, 2.816286762742743, 2.7423190879254005, 3.0783696886501466, 2.1854368716574726, 1.0957928682009206, 2.1423949705878234, 2.8063400186007397, 3.3818651983779597, 2.8493192222002786, 7.516435065242033, 6.73074647123185, 8.3041017997132, 6.9692354336756335, 7.720805445029683, 2.2241215906510146, 3.7650932378893356, 2.526000449326959, 3.6425362400393495, 3.9598863455912467, 3.0495344611923962, 1.7607248194990606, 0.0, 3.048195474374962, 2.432361776134463, 3.79966048614873, 2.6510912828493853, 4.18685576656278, 4.068186570205452, 3.8566624677303563, 2.7215813950716226], [7.945269390650012, 7.563377891524396, 6.642825198663593, 4.970986905032038, 4.829216858870597, 4.1840647963433835, 5.056338828638761, 5.487147852026588, 2.8205895288042178, 2.158131613224736, 1.0969991157699264, 2.156306311728461, 2.8155775304544535, 3.374121405640289, 8.510345387820637, 7.181816525782318, 8.708562725846326, 7.229683004115741, 8.538193697146955, 4.869177454149725, 6.028672001361493, 4.8254737363289, 6.345121131231459, 5.9805054786364, 2.560864389224857, 2.451457064686224, 3.048195474374962, 0.0, 1.761902602302409, 2.456191788114275, 3.0585390205128986, 3.813963819964736, 2.665874340624479, 4.176678371624993, 4.071329588721601], [8.949089111747632, 8.530079419911635, 7.307874232634275, 5.799608168661052, 5.987852527409139, 4.681326634619721, 5.065463774423819, 5.280529622111782, 3.4792011568749515, 2.1586450750412864, 1.0958232065438294, 2.1571140558626007, 3.46911406702057, 3.9455294473619125, 9.354162816628754, 8.238009874356791, 9.827189553987449, 8.3578995794398, 9.448838837127024, 4.616267429428238, 6.102306380377832, 4.469738598620729, 5.906831882659265, 5.992862900150478, 3.7298287065225932, 2.494380255694789, 2.432361776134463, 1.761902602302409, 0.0, 2.497414943496575, 2.454880416639474, 4.291556256184928, 3.8134002176535313, 4.976043462430769, 4.207591940766119], [8.924714122592386, 8.909170921584117, 7.98680399158512, 6.319726028080648, 6.238501202211955, 5.380836788084173, 5.985443386249677, 6.749215264754859, 3.9469217638559804, 3.470230522602209, 2.157078686557354, 1.0958417449613793, 2.1568247610781923, 3.4718334205431, 9.327281055055648, 8.004534283142274, 9.699553476835932, 8.748378445174854, 9.949449697847616, 5.394188886199666, 6.8113635169472495, 6.229571206752516, 7.3938529123860715, 7.492853695355328, 4.078755847069055, 4.28928980834823, 3.79966048614873, 2.456191788114275, 2.497414943496575, 0.0, 1.7621252112151398, 2.499559197138568, 2.4513364477362143, 4.289024618721604, 3.8219864128486907], [8.421595484823527, 8.399354930588421, 7.230161150347895, 5.74763072317629, 5.998187103617226, 4.5766360899682645, 4.795450982962916, 5.586472340395144, 3.3813518879288504, 2.813362141637653, 2.1552476748624505, 1.096917686064, 2.154940159261969, 2.8218511512834974, 8.643829742654583, 7.5826192895331355, 9.32023622501061, 8.440987242023292, 9.383073203913524, 4.003123662841307, 5.575746111508306, 5.169210879815216, 6.058395438562919, 6.47660847666431, 3.978522469460239, 3.8091229305445102, 2.6510912828493853, 3.0585390205128986, 2.454880416639474, 1.7621252112151398, 0.0, 2.4524989092760063, 3.056852469452852, 3.8181890838459007, 2.