{"total energy": -52.12032401, "HOMO-LUMO gap/eV": 1.75364836, "electronic energy": -52.75136098, "dipole": [0.52772126, -0.41135348, -0.34952129], "partial charges": [-0.10259855, -0.05101365, -0.05696573, -0.01198118, -0.10929558, -0.02163078, -0.0568497, -0.03780817, -0.08976801, 0.27592918, -0.3877891, -0.13651335, 0.19398626, -0.33068487, -0.13725478, 0.27837516, -0.38762574, 0.03789458, 0.03640697, 0.03616872, 0.03548125, 0.03724604, 0.0270854, 0.02231845, 0.06388361, 0.04501316, 0.04977133, 0.05265911, 0.06525592, 0.07174848, 0.03499421, 0.05105718, 0.04339862, 0.22980115, 0.22930444], "atomic dipole moments": [[-0.05769843, 0.06765771, -0.06172763], [-0.06313652, -0.06078987, 0.08256299], [0.0416443, -0.10031239, -0.02657306], [-0.11005122, 0.07868913, -0.02952941], [-0.00701808, 0.03775187, 0.12192466], [-0.00405444, 0.01028941, 0.01138147], [0.00452318, 0.14720367, 0.05191749], [0.11909521, 0.03487853, -0.11016661], [-0.02469612, -0.03409591, 0.05673784], [-0.03908489, 0.05998082, 0.03764692], [-0.07602171, 0.12553756, -0.11990318], [-0.00848495, 0.00718383, -0.04119495], [0.03946366, -0.11738653, -0.05543433], [0.05407061, -0.16541056, -0.07817206], [-4.215e-05, -0.02770581, 0.03818224], [-0.02626557, 0.07354991, 0.03384318], [0.05428258, 0.02061053, 0.18092524], [-0.01847681, 0.02097651, 0.12462896], [-0.02447528, -0.1211835, -0.02502721], [0.12253227, 0.0160458, -0.02228565], [0.04575534, 0.11228129, 0.01604402], [0.02331132, -0.02116041, -0.12055789], [-0.04747636, 0.0889262, -0.07089831], [-0.00811013, 0.04945674, 0.11266048], [0.06568656, -0.08485452, 0.06863918], [-0.04970966, -0.11640876, -0.01829654], [0.11947933, -0.02245492, -0.03770853], [-0.04854917, 0.07989396, -0.0915857], [0.06686256, -0.10200051, 0.04658713], [-0.0161094, -0.03741854, -0.12206778], [-0.11439471, 0.06496262, -0.07646153], [0.10505453, -0.07601886, 0.08386206], [-0.14582677, 0.00352657, 0.0414835], [0.01206665, 0.01933002, 0.13815186], [-0.06991775, 0.09631191, -0.07315905]], "atomic quadrupole moments": [[-0.00979579, -0.11088553, 0.01927089, 0.10335005, -0.13560953, -0.0094751], [0.17726802, -0.11612195, -0.07829195, 0.02111453, -0.11025593, -0.09897608], [0.1161007, 0.07762264, 0.05280264, -0.06565771, 0.03009666, -0.16890335], [0.06920509, 0.06918973, -0.04686477, -0.10195828, 0.11848109, -0.02234032], [-0.0832509, 0.02686019, -0.0958801, -0.01560249, 0.1049302, 0.179131], [-0.07167078, -0.04784079, 0.03195831, 0.0533474, 0.01104645, 0.03971247], [0.06177266, 0.13480471, 0.07722904, -0.08328459, 0.03607533, -0.13900171], [-0.10044074, 0.09808881, 0.24203813, 0.01213933, 0.45617399, -0.14159739], [-0.26882581, 0.12660642, 0.33445291, 0.1000347, 0.4565458, -0.0656271], [0.38571783, 0.28278281, -0.0728616, -0.12156969, 0.0123852, -0.31285623], [0.15341723, 0.11561771, -0.03623619, -0.03678089, -0.03535804, -0.11718104], [0.05055492, -0.01631266, 0.06316411, -0.00992795, -0.02772838, -0.11371903], [0.2652839, 0.19258977, -0.12462369, -0.04636302, -0.0556442, -0.14066021], [0.10771295, -0.01114141, 0.29288808, -0.22914628, 0.35038635, -0.40060103], [0.00729709, 0.05443825, -0.0273938, -0.03420258, 0.07985707, 0.0200967], [0.31167345, 0.2706964, -0.08862407, -0.25500334, -0.0405428, -0.22304938], [0.13186071, 0.12117775, -0.07139116, -0.08462162, -0.0236585, -0.06046955], [-0.03749439, -0.01736828, -0.02951285, -0.02553571, 0.02350646, 0.06700724], [-0.03082784, 0.03427029, 0.06107088, 0.02200851, 0.02324117, -0.03024304], [0.07285383, 0.01696595, -0.0328352, -0.02451347, -0.01819779, -0.04001862], [-0.00635362, 0.01471525, 0.04538379, 0.01311229, 0.0201263, -0.03903017], [-0.02172246, -0.01572156, -0.02400225, 0.00385691, 0.03231374, 0.04572471], [0.00570827, -0.01670159, -0.00878495, 0.03167704, -0.04259665, 0.00307667], [-0.0180674, 0.01448902, -0.037416, -0.01721097, 0.01766834, 0.05548339], [-0.0132512, -0.01320822, -0.00135615, 0.00610274, -0.0148991, 0.01460735], [-0.01317577, 0.06167474, 0.0437113, -0.00877425, -0.00279975, -0.03053552], [0.08391313, -0.00203669, -0.05108868, -0.00858264, 0.00666452, -0.03282445], [-0.02157137, -0.04313838, 0.02035196, 0.02846147, -0.03825373, 0.00121941], [0.00785738, -0.01946618, 0.00195042, 0.02501405, -0.04074964, -0.0098078], [-0.01861576, 0.002228, -0.04157656, -0.00155086, 0.00044383, 0.06019232], [0.01184131, -0.01413981, -0.03205513, -0.02411382, -0.04931652, 0.02021382], [0.02480759, -0.01966005, -0.02757792, 0.00431456, -0.04101423, 0.00277033], [0.03837175, -0.00811639, -0.03868935, -0.01968672, -0.03862026, 0.0003176], [-0.0399696, -0.0292304, 0.01379468, 0.00981561, 0.00285495, 0.02617492], [-0.04038514, -0.02858379, 0.01309705, 0.01269986, 0.00393491, 0.02728809]], "number of molecular orbitals": 91, "number of electrons": 94, "number of unpaired electrons": 0, "orbital energies/eV": [-20.30093701, -20.15941962, -20.14313993, -19.6488866, -19.28919629, -18.71351594, -18.33059044, -17.9484767, -17.64044006, -17.37467681, -17.13802311, -16.96796402, -16.84609893, -16.59196317, -16.39430286, -16.25326665, -15.87807625, -15.71616033, -15.61287007, -15.44094675, -15.29522777, -15.15289997, -14.84182103, -14.53592866, -14.50794767, -14.23766822, -14.12728185, -14.0327988, -13.81700579, -13.58019856, -13.5640147, -13.4827394, -13.25371606, -12.90450919, -12.85167481, -12.66804281, -12.55646285, -12.48143729, -12.25086279, -12.23967528, -12.047032, -11.91485657, -11.79054516, -11.66004185, -11.30805121, -11.23138384, -10.35759538, -8.60394701, -7.16744828, -6.21679437, -6.08272903, -4.66297677, -1.30100707, -0.92173033, -0.38575356, -0.07820388, 0.02060256, 0.55503712, 1.04812983, 1.19064125, 1.74130156, 2.01444539, 2.26080259, 2.75459044, 2.91604926, 3.02521798, 3.23526507, 3.36654012, 3.59747662, 3.7332483, 3.96543561, 4.35695937, 4.53848439, 4.8244016, 5.09971317, 5.2959866, 5.6358825, 5.87553803, 6.27669114, 6.42692, 6.82215379, 7.08138692, 7.21619552, 7.5664531, 7.7572995, 10.66471371, 12.07174628, 14.20207076, 14.89733888, 14.94122242, 15.95739451], "fractional occupation": [2.0, 2.0, 2.0, 2.0, 2.0, 2.0, 2.0, 2.0, 2.0, 2.0, 2.0, 2.0, 2.0, 2.0, 2.0, 2.0, 2.0, 2.0, 2.0, 2.0, 2.0, 2.0, 2.0, 2.0, 2.0, 2.0, 2.0, 2.0, 2.0, 2.0, 2.0, 2.0, 2.0, 2.0, 2.0, 2.0, 2.0, 2.0, 2.0, 2.0, 2.0, 2.0, 2.0, 2.0, 2.0, 2.0, 2.0, 0.0, 0.0, 0.0, 0.0, 0.0, 0.0, 0.0, 0.0, 0.0, 0.0, 0.0, 0.0, 0.0, 0.0, 0.0, 0.0, 0.0, 0.0, 0.0, 0.0, 0.0, 0.0, 0.0, 0.0, 0.0, 0.0, 0.0, 0.0, 0.0, 0.0, 0.0, 0.0, 0.0, 0.0, 0.0, 0.0, 0.0, 0.0, 0.0, 0.0, 0.0, 0.0, 0.0, 0.0], "program call": "xtb /home/svss/Project-DBcg-Debug/aqme2_20220329/End-to-End-workflows-final/example-3/QDESCP/mol_92_rdkit_conf_11/mol_92_rdkit_conf_11.xyz --pop --wbo --acc 0.2 --gfn 2 --chrg 0 --uhf 0 --etemp 300 --input /home/svss/Project-DBcg-Debug/aqme2_20220329/End-to-End-workflows-final/example-3/QDESCP/mol_92_rdkit_conf_11/mol_92_rdkit_conf_11_xtb.inp", "method": "GFN2-xTB", "xtb version": "6.3.3 (7355c4f)", "Dipole module/D": 1.919, "Total charge": 0, "Transition dipole module/D": NaN, "HOMO": -10.3576, "LUMO": -8.6039, "HOMO occupancy": 2.0, "LUMO occupancy": 0, "mulliken charges": [-0.08649, -0.03531, -0.06127, 0.00191, -0.09168, -0.05571, -0.03288, -0.03566, -0.07342, 0.46884, -0.52476, -0.29918, 0.32652, -0.25387, -0.30078, 0.46841, -0.52431, 0.03317, 0.03017, 0.03189, 0.02818, 0.02633, 0.02782, 0.02479, 0.04669, 0.03704, 0.03714, 0.04716, 0.05001, 0.05482, 0.03388, 0.04174, 0.03493, 0.26227, 0.26163], "cm5 charges": [-0.23714, -0.14822, -0.1676, -0.06186, -0.23986, -0.05595, -0.13054, -0.09789, -0.17483, 0.5671, -0.57045, -0.64428, 0.47723, -0.26308, -0.64582, 0.56707, -0.57102, 0.08474, 0.0821, 0.08267, 0.0824, 0.08141, 0.08648, 0.08517, 0.1104, 0.08989, 0.08956, 0.10278, 0.10902, 0.11429, 0.09087, 0.09545, 0.08721, 0.46167, 0.46106], "FUKUI+": [0.008, 0.006, 0.003, -0.002, 0.014, -0.001, 0.01, 0.013, -0.005, -0.04, -0.12, -0.03, -0.037, -0.311, -0.03, -0.04, -0.12, -0.002, -0.004, -0.02, -0.016, -0.015, -0.0, 0.007, -0.024, -0.018, -0.032, -0.009, -0.028, -0.028, -0.008, -0.015, -0.027, -0.039, -0.04], "FUKUI-": [0.012, 0.006, 0.005, -0.001, 0.013, -0.006, 0.009, -0.02, -0.027, 0.0, -0.05, -0.017, 0.021, -0.329, -0.018, -0.001, -0.059, -0.025, -0.04, -0.033, -0.053, -0.037, -0.017, -0.014, -0.028, -0.027, -0.025, -0.024, -0.026, -0.035, -0.032, -0.037, -0.044, -0.019, -0.02], "FUKUIrad": [0.01, 0.006, 0.004, -0.001, 0.014, -0.004, 0.009, -0.004, -0.016, -0.02, -0.085, -0.023, -0.008, -0.32, -0.024, -0.021, -0.09, -0.013, -0.022, -0.027, -0.034, -0.026, -0.009, -0.003, -0.026, -0.023, -0.028, -0.017, -0.027, -0.032, -0.02, -0.026, -0.036, -0.029, -0.03], "s proportion": [1.008, 1.027, 1.038, 1.07, 1.013, 1.109, 1.036, 1.072, 1.053, 1.01, 1.731, 1.425, 1.018, 1.926, 1.426, 1.009, 1.73, 0.967, 0.97, 0.968, 0.972, 0.974, 0.972, 0.975, 0.953, 0.963, 0.963, 0.953, 0.95, 0.945, 0.966, 0.958, 0.965, 0.738, 0.738], "p proportion": [3.079, 3.008, 3.023, 2.928, 3.078, 2.946, 2.997, 2.963, 3.021, 2.521, 4.794, 3.874, 2.655, 4.337, 3.875, 2.523, 4.794, 0.0, 0.0, 0.0, 0.0, 0.0, 0.0, 0.0, 0.0, 0.0, 0.0, 0.0, 0.0, 0.0, 0.0, 0.0, 0.0, 0.0, 0.0], "d proportion": [0.0, 0.0, 0.0, 0.0, 0.0, 0.0, 0.0, 0.0, 0.0, 0.0, 0.0, 0.0, 0.0, -0.009, 0.0, 0.0, 0.0, 0.0, 0.0, 0.0, 0.0, 0.0, 0.0, 0.0, 0.0, 0.0, 0.0, 0.0, 0.0, 0.0, 0.0, 0.0, 0.0, 0.0, 0.0], "Fermi-level/eV": -9.4808, "Coordination numbers": [3.749, 3.798, 3.798, 3.844, 3.749, 3.896, 3.809, 2.882, 2.833, 2.763, 0.859, 2.753, 2.818, 1.096, 2.754, 2.76, 0.859, 0.924, 0.924, 0.924, 0.924, 0.924, 0.924, 0.924, 0.923, 0.924, 0.924, 0.924, 0.923, 0.924, 0.925, 0.925, 0.925, 0.86, 0.86], "Dispersion coefficient C6": [22.525, 21.493, 21.601, 20.759, 22.656, 20.905, 21.589, 28.937, 30.242, 22.334, 21.438, 23.954, 23.864, 153.499, 23.97, 22.29, 21.434, 2.477, 2.497, 2.501, 2.51, 2.486, 2.628, 2.699, 2.154, 2.383, 2.323, 2.287, 2.139, 2.067, 2.517, 2.307, 2.404, 0.966, 0.968], "Total dispersion C6": 13372.270103, "Total dispersion C8": 332188.437298, "Polarizability alpha": [6.769, 6.601, 6.618, 6.481, 6.789, 6.5, 6.614, 8.819, 9.012, 7.739, 6.208, 7.269, 8.004, 20.952, 7.271, 7.732, 6.207, 2.461, 2.471, 2.473, 2.478, 2.466, 2.535, 2.569, 2.295, 2.414, 2.383, 2.365, 2.287, 2.248, 2.481, 2.375, 2.425, 1.54, 1.541], "Total polarizability alpha": 177.392312, "Wiberg matrix": [[0.0, 1.021696790871722, 0.0, 0.0, 0.0, 0.0, 0.0, 0.0, 0.0, 0.0, 0.0, 0.0, 0.0, 0.0, 0.0, 0.0, 0.0, 0.986919690091421, 0.985218377598406, 0.9864721415146971, 0.0, 0.0, 0.0, 0.0, 0.0, 0.0, 0.0, 0.0, 0.0, 0.0, 0.0, 0.0, 0.0, 0.0, 0.0], [1.021696790871722, 0.0, 1.005089124929299, 0.0, 0.0, 0.0, 0.0, 0.0, 0.0, 0.0, 0.0, 0.0, 0.0, 0.0, 0.0, 0.0, 0.0, 0.0, 0.0, 0.0, 0.9761661799822271, 0.9751809530572091, 0.0, 0.0, 0.0, 0.0, 0.0, 0.0, 0.0, 0.0, 0.0, 0.0, 0.0, 0.0, 0.0], [0.0, 1.005089124929299, 0.0, 0.9930872709609071, 0.0, 0.0, 0.0, 0.0, 0.0, 0.0, 0.0, 0.0, 0.0, 0.0, 0.0, 0.0, 0.0, 0.0, 0.0, 0.0, 0.0, 0.0, 0.97636062848625, 0.9758337793073868, 0.0, 0.0, 0.0, 0.0, 0.0, 0.0, 0.0, 0.0, 0.0, 0.0, 0.0], [0.0, 0.0, 0.9930872709609071, 0.0, 1.011774716997036, 0.9114330301724405, 0.0, 0.0, 0.0, 0.0, 0.0, 0.0, 0.0, 0.0, 0.0, 0.0, 0.0, 0.0, 0.0, 0.0, 0.0, 0.0, 0.0, 0.0, 0.9600734682104544, 0.0, 0.0, 0.0, 0.0, 0.0, 0.0, 0.0, 0.0, 0.0, 0.0], [0.0, 0.0, 0.0, 1.011774716997036, 0.0, 0.0, 0.0, 0.0, 0.0, 0.0, 0.0, 0.0, 0.0, 0.0, 0.0, 0.0, 0.0, 0.0, 0.0, 0.0, 0.0, 0.0, 0.0, 0.0, 0.0, 0.9807584859790766, 0.9770493727611598, 0.9841675263141312, 0.0, 0.0, 0.0, 0.0, 0.0, 0.0, 0.0], [0.0, 0.0, 0.0, 0.9114330301724405, 0.0, 0.0, 0.9390354440691956, 0.0, 0.0, 0.9575203279918364, 0.0, 0.0, 0.0, 0.0, 0.0, 0.963912497007911, 0.0, 0.0, 0.0, 0.0, 0.0, 0.0, 0.0, 0.0, 0.0, 0.0, 0.0, 0.0, 0.0, 0.0, 0.0, 0.0, 0.0, 0.0, 0.0], [0.0, 0.0, 0.0, 0.0, 0.0, 0.9390354440691956, 0.0, 1.02063906991136, 0.0, 0.0, 0.0, 0.0, 0.0, 0.0, 0.0, 0.0, 0.0, 0.0, 0.0, 0.0, 0.0, 0.0, 0.0, 0.0, 0.0, 0.0, 0.0, 0.0, 0.9693156971527657, 0.9563319975673028, 0.0, 0.0, 0.0, 0.0, 0.0], [0.0, 0.0, 0.0, 0.0, 0.0, 0.0, 1.02063906991136, 0.0, 1.9802683171385413, 0.0, 0.0, 0.0, 0.0, 0.0, 0.0, 0.0, 0.0, 0.0, 0.0, 0.0, 0.0, 0.0, 0.0, 0.0, 0.0, 0.0, 0.0, 0.0, 0.0, 0.0, 0.9675074418232048, 0.0, 0.0, 0.0, 0.0], [0.0, 0.0, 0.0, 0.0, 0.0, 0.0, 0.0, 1.9802683171385413, 0.0, 0.0, 0.0, 0.0, 0.0, 0.0, 0.0, 0.0, 0.0, 0.0, 0.0, 0.0, 0.0, 0.0, 0.0, 0.0, 0.0, 0.0, 0.0, 0.0, 0.0, 0.0, 0.0, 0.9750648768240722, 0.9769647523976588, 0.0, 0.0], [0.0, 0.0, 0.0, 0.0, 0.0, 0.9575203279918364, 0.0, 0.0, 0.0, 0.0, 1.7354350881028753, 1.144553097745405, 0.0, 0.0, 0.0, 0.0, 0.0, 0.0, 0.0, 0.0, 0.0, 0.0, 0.0, 0.0, 0.0, 0.0, 0.0, 0.0, 0.0, 0.0, 0.0, 0.0, 0.0, 0.0, 0.0], [0.0, 0.0, 0.0, 0.0, 0.0, 0.0, 0.0, 0.0, 0.0, 1.7354350881028753, 0.0, 0.13029069196990745, 0.0, 0.0, 0.0, 0.0, 0.0, 0.0, 0.0, 0.0, 0.0, 0.0, 0.0, 0.0, 0.0, 0.0, 0.0, 0.0, 0.0, 0.0, 0.0, 0.0, 0.0, 0.0, 0.0], [0.0, 0.0, 0.0, 0.0, 0.0, 0.0, 0.0, 0.0, 0.0, 1.144553097745405, 0.13029069196990745, 0.0, 1.189116541967832, 0.0, 0.0, 0.0, 0.0, 0.0, 0.0, 0.0, 0.0, 0.0, 0.0, 0.0, 0.0, 0.0, 0.0, 0.0, 0.0, 0.0, 0.0, 0.0, 0.0, 0.9113464555578624, 0.0], [0.0, 0.0, 0.0, 0.0, 0.0, 0.0, 0.0, 0.0, 0.0, 0.0, 0.0, 1.189116541967832, 0.0, 1.5287669169127103, 1.189336892901692, 0.0, 0.0, 0.0, 0.0, 0.0, 0.0, 0.0, 0.0, 0.0, 0.0, 0.0, 0.0, 0.0, 0.0, 0.0, 0.0, 0.0, 0.0, 0.0, 0.0], [0.0, 0.0, 0.0, 0.0, 0.0, 0.0, 0.0, 0.0, 0.0, 0.0, 0.0, 0.0, 1.5287669169127103, 0.0, 0.0, 0.0, 0.0, 0.0, 0.0, 0.0, 0.0, 0.0, 0.0, 0.0, 0.0, 0.0, 0.0, 0.0, 0.0, 0.0, 0.0, 0.0, 0.0, 0.0, 0.0], [0.0, 0.0, 0.0, 0.0, 0.0, 0.0, 0.0, 0.0, 0.0, 0.0, 0.0, 0.0, 1.189336892901692, 0.0, 0.0, 1.14022678686421, 0.12961487198555519, 0.0, 0.0, 0.0, 0.0, 0.0, 0.0, 0.0, 0.0, 0.0, 0.0, 0.0, 0.0, 0.0, 0.0, 0.0, 0.0, 0.0, 0.9114153179175323], [0.0, 0.0, 0.0, 0.0, 0.0, 0.963912497007911, 0.0, 0.0, 0.0, 0.0, 0.0, 0.0, 0.0, 0.0, 1.14022678686421, 0.0, 1.7347481861878993, 0.0, 0.0, 0.0, 0.0, 0.0, 0.0, 0.0, 0.0, 0.0, 0.0, 0.0, 0.0, 0.0, 0.0, 0.0, 0.0, 0.0, 0.0], [0.0, 0.0, 0.0, 0.0, 0.0, 0.0, 0.0, 0.0, 0.0, 0.0, 0.0, 0.0, 0.0, 0.0, 0.12961487198555519, 1.7347481861878993, 0.0, 0.0, 0.0, 0.0, 0.0, 0.0, 0.0, 0.0, 0.0, 0.0, 0.0, 0.0, 0.0, 0.0, 0.0, 0.0, 0.0, 0.0, 0.0], [0.986919690091421, 0.0, 0.0, 0.0, 0.0, 0.0, 0.0, 0.0, 0.0, 0.0, 0.0, 0.0, 0.0, 0.0, 0.0, 0.0, 0.0, 0.0, 0.0, 0.0, 0.0, 0.0, 0.0, 0.0, 0.0, 0.0, 0.0, 0.0, 0.0, 0.0, 0.0, 0.0, 0.0, 0.0, 0.0], [0.985218377598406, 0.0, 0.0, 0.0, 0.0, 0.0, 0.0, 0.0, 0.0, 0.0, 0.0, 0.0, 0.0, 0.0, 0.0, 0.0, 0.0, 0.0, 0.0, 0.0, 0.0, 0.0, 0.0, 0.0, 0.0, 0.0, 0.0, 0.0, 0.0, 0.0, 0.0, 0.0, 0.0, 0.0, 0.0], [0.9864721415146971, 0.0, 0.0, 0.0, 0.0, 0.0, 0.0, 0.0, 0.0, 0.0, 0.0, 0.0, 0.0, 0.0, 0.0, 0.0, 0.0, 0.0, 0.0, 0.0, 0.0, 0.0, 0.0, 0.0, 0.0, 0.0, 0.0, 0.0, 0.0, 0.0, 0.0, 0.0, 0.0, 0.0, 0.0], [0.0, 0.9761661799822271, 0.0, 0.0, 0.0, 0.0, 0.0, 0.0, 0.0, 0.0, 0.0, 0.0, 0.0, 0.0, 0.0, 0.0, 0.0, 0.0, 0.0, 0.0, 0.0, 0.0, 0.0, 0.0, 0.0, 0.0, 0.0, 0.0, 0.0, 0.0, 0.0, 0.0, 0.0, 0.0, 0.0], [0.0, 0.9751809530572091, 0.0, 0.0, 0.0, 0.0, 0.0, 0.0, 0.0, 0.0, 0.0, 0.0, 0.0, 0.0, 0.0, 0.0, 0.0, 0.0, 0.0, 0.0, 0.0, 0.0, 0.0, 0.0, 0.0, 0.0, 0.0, 0.0, 0.0, 0.0, 0.0, 0.0, 0.0, 0.0, 0.0], [0.0, 0.0, 0.97636062848625, 0.0, 0.0, 0.0, 0.0, 0.0, 0.0, 0.0, 0.0, 0.0, 0.0, 0.0, 0.0, 0.0, 0.0, 0.0, 0.0, 0.0, 0.0, 0.0, 0.0, 0.0, 0.0, 0.0, 0.0, 0.0, 0.0, 0.0, 0.0, 0.0, 0.0, 0.0, 0.0], [0.0, 0.0, 0.9758337793073868, 0.0, 0.0, 0.0, 0.0, 0.0, 0.0, 0.0, 0.0, 0.0, 0.0, 0.0, 0.0, 0.0, 0.0, 0.0, 0.0, 0.0, 0.0, 0.0, 0.0, 0.0, 0.0, 0.0, 0.0, 0.0, 0.0, 0.0, 0.0, 0.0, 0.0, 0.0, 0.0], [0.0, 0.0, 0.0, 0.9600734682104544, 0.0, 0.0, 0.0, 0.0, 0.0, 0.0, 0.0, 0.0, 0.0, 0.0, 0.0, 0.0, 0.0, 0.0, 0.0, 0.0, 0.0, 0.0, 0.0, 0.0, 0.0, 0.0, 0.0, 0.0, 0.0, 0.0, 0.0, 0.0, 0.0, 0.0, 0.0], [0.0, 0.0, 0.0, 0.0, 0.9807584859790766, 0.0, 0.0, 0.0, 0.0, 0.0, 0.0, 0.0, 0.0, 0.0, 0.0, 0.0, 0.0, 0.0, 0.0, 0.0, 0.0, 0.0, 0.0, 0.0, 0.0, 0.0, 0.0, 0.0, 0.0, 0.0, 0.0, 0.0, 0.0, 0.0, 0.0], [0.0, 0.0, 0.0, 0.0, 0.9770493727611598, 0.0, 0.0, 0.0, 0.0, 0.0, 0.0, 0.0, 0.0, 0.0, 0.0, 0.0, 0.0, 0.0, 0.0, 0.0, 0.0, 0.0, 0.0, 0.0, 0.0, 0.0, 0.0, 0.0, 0.0, 0.0, 0.0, 0.0, 0.0, 0.0, 0.0], [0.0, 0.0, 0.0, 0.0, 0.9841675263141312, 0.0, 0.0, 0.0, 0.0, 0.0, 0.0, 0.0, 0.0, 0.0, 0.0, 0.0, 0.0, 0.0, 0.0, 0.0, 0.0, 0.0, 0.0, 0.0, 0.0, 0.0, 0.0, 0.0, 0.0, 0.0, 0.0, 0.0, 0.0, 0.0, 0.0], [0.0, 0.0, 0.0, 0.0, 0.0, 0.0, 0.9693156971527657, 0.0, 0.0, 0.0, 0.0, 0.0, 0.0, 0.0, 0.0, 0.0, 0.0, 0.0, 0.0, 0.0, 0.0, 0.0, 0.0, 0.0, 0.0, 0.0, 0.0, 0.0, 0.0, 0.0, 0.0, 0.0, 0.0, 0.0, 0.0], [0.0, 0.0, 0.0, 0.0, 0.0, 0.0, 0.9563319975673028, 0.0, 0.0, 0.0, 0.0, 0.0, 0.0, 0.0, 0.0, 0.0, 0.0, 0.0, 0.0, 0.0, 0.0, 0.0, 0.0, 0.0, 0.0, 0.0, 0.0, 0.0, 0.0, 0.0, 0.0, 0.0, 0.0, 0.0, 0.0], [0.0, 0.0, 0.0, 0.0, 0.0, 0.0, 0.0, 0.9675074418232048, 0.0, 0.0, 0.0, 0.0, 0.0, 0.0, 0.0, 0.0, 0.0, 0.0, 0.0, 0.0, 0.0, 0.0, 0.0, 0.0, 0.0, 0.0, 0.0, 0.0, 0.0, 0.0, 0.0, 0.0, 0.0, 0.0, 0.0], [0.0, 0.0, 0.0, 0.0, 0.0, 0.0, 0.0, 0.0, 0.9750648768240722, 0.0, 0.0, 0.0, 0.0, 0.0, 0.0, 0.0, 0.0, 0.0, 0.0, 0.0, 0.0, 0.0, 0.0, 0.0, 0.0, 0.0, 0.0, 0.0, 0.0, 0.0, 0.0, 0.0, 0.0, 0.0, 0.0], [0.0, 0.0, 0.0, 0.0, 0.0, 0.0, 0.0, 0.0, 0.9769647523976588, 0.0, 0.0, 0.0, 0.0, 0.0, 0.0, 0.0, 0.0, 0.0, 0.0, 0.0, 0.0, 0.0, 0.0, 0.0, 0.0, 0.0, 0.0, 0.0, 0.0, 0.0, 0.0, 0.0, 0.0, 0.0, 0.0], [0.0, 0.0, 0.0, 0.0, 0.0, 0.0, 0.0, 0.0, 0.0, 0.0, 0.0, 0.9113464555578624, 0.0, 0.0, 0.0, 0.0, 0.0, 0.0, 0.0, 0.0, 0.0, 0.0, 0.0, 0.0, 0.0, 0.0, 0.0, 0.0, 0.0, 0.0, 0.0, 0.0, 0.0, 0.0, 0.0], [0.0, 0.0, 0.0, 0.0, 0.0, 0.0, 0.0, 0.0, 0.0, 0.0, 0.0, 0.0, 0.0, 0.0, 0.9114153179175323, 0.0, 0.0, 0.0, 0.0, 0.0, 0.0, 0.0, 0.0, 0.0, 0.0, 0.0, 0.0, 0.0, 0.0, 0.0, 0.0, 0.0, 0.0, 0.0, 0.0]], "Born radii": [], "Atomic SASAs": [], "Solvent H bonds": [], "Total SASA": NaN, "Total FOD": 0.0, "FOD": [0.0, 0.0, 0.0, 0.0, 0.0, 0.0, 0.0, 0.0, 0.0, 0.0, 0.0, 0.0, 0.0, 0.0, 0.0, 0.0, 0.0, 0.0, 0.0, 0.0, 0.0, 0.0, 0.0, 0.0, 0.0, 0.0, 0.0, 0.0, 0.0, 0.0, 0.0, 0.0, 0.0, 0.0, 0.0], "FOD s proportion": [0.0, 0.0, 0.0, 0.0, 0.0, 0.0, 0.0, 0.0, 0.0, 0.0, 0.0, 0.0, 0.0, 0.0, 0.0, 0.0, 0.0, 0.0, 0.0, 0.0, 0.0, 0.0, 0.0, 0.0, 0.0, 0.0, 0.0, 0.0, 0.0, 0.0, 0.0, 0.0, 0.0, 0.0, 0.0], "FOD p proportion": [0.0, 0.0, 0.0, 0.0, 0.0, 0.0, 0.0, 0.0, 0.0, 0.0, 0.0, 0.0, 0.0, 0.0, 0.0, 0.0, 0.0, 0.0, 0.0, 0.0, 0.0, 0.0, 0.0, 0.0, 0.0, 0.0, 0.0, 0.0, 0.0, 0.0, 0.0, 0.0, 0.0, 0.0, 0.0], "FOD d proportion": [0.0, 0.0, 0.0, 0.0, 0.0, 0.0, 0.0, 0.0, 0.0, 0.0, 0.0, 0.0, 0.0, 0.0, 0.0, 0.0, 0.0, 0.0, 0.0, 0.0, 0.0, 0.0, 0.0, 0.0, 0.0, 0.0, 0.0, 0.0, 0.0, 0.0, 0.0, 0.0, 0.0, 0.0, 0.0], "coordinates": [["3.81780", "0.08620", "0.13750"], ["3.00710", "1.03580", "-0.73000"], ["1.50730", "1.03990", "-0.40630"], ["0.76900", "-0.32080", "-0.55000"], ["0.90230", "-0.85300", "-1.98640"], ["-0.72430", "-0.25040", "-0.02590"], ["-1.46650", "-1.60320", "-0.22180"], ["-2.87650", "-1.62890", "0.32350"], ["-3.23520", "-2.27840", "1.43780"], ["-0.64700", "-0.00740", "1.47900"], ["-0.14580", "-0.81280", "2.26430"], ["-1.11000", "1.18980", "1.95140"], ["-1.64840", "2.19100", "1.21200"], ["-2.14500", "3.61230", "1.91480"], ["-1.77300", "1.98520", "-0.12290"], ["-1.48990", "0.82300", "-0.78580"], ["-1.84210", "0.69910", "-1.95830"], ["3.63900", "0.27470", "1.20080"], ["3.57530", "-0.95880", "-0.07580"], ["4.88690", "0.22220", "-0.05530"], ["3.38920", "2.05300", "-0.57780"], ["3.17490", "0.80550", "-1.78720"], ["1.03240", "1.78270", "-1.05890"], ["1.39760", "1.41290", "0.61830"], ["1.29090", "-1.04500", "0.09010"], ["0.42950", "-1.83110", "-2.10530"], ["1.95300", "-0.99850", "-2.25600"], ["0.46750", "-0.16470", "-2.71670"], ["-0.88180", "-2.41540", "0.23110"], ["-1.55290", "-1.85030", "-1.28660"], ["-3.64170", "-1.11210", "-0.25460"], ["-2.51140", "-2.82090", "2.04060"], ["-4.26780", "-2.28290", "1.77380"], ["-1.02520", "1.32890", "2.95070"], ["-2.25540", "2.69230", "-0.66400"]], "bond_dist": [[0.0, 1.5203719610674225, 2.558060276850411, 3.151743436576017, 3.7273567175680946, 4.557485219943122, 5.559406024028107, 6.913017901032805, 7.55161719434983, 4.66291992747034, 4.58711283924867, 5.36575987256232, 5.955172183069101, 7.1517242913859596, 5.910249893194026, 5.437557946357906, 6.06650575372677, 1.0945814633913733, 1.0937678638541177, 1.0948253970382673, 2.136271118093394, 2.1529475121330757, 3.4738938340139294, 2.8015477097490242, 2.7689499471821444, 4.492968731251087, 3.2222500492668162, 4.408391831495925, 5.32475386097799, 5.884089695951277, 7.5653027401419966, 7.220234944930809, 8.582950533470411, 5.736989326293016, 6.657170397398582], [1.5203719610674225, 0.0, 1.5343397733227147, 2.6233290243505483, 3.0945580362953287, 4.0091661489641455, 5.218781965171567, 6.544252233830844, 7.392535949861861, 4.395497019678207, 4.724820934173061, 4.9157028358109685, 5.174894326457304, 6.338568742231955, 4.911139051177436, 4.5023778695262795, 5.01366417104297, 2.1694606380388652, 2.174685733617619, 2.1565743877733503, 1.0972060380803599, 1.0949277464746248, 2.136697196609758, 2.133215307933074, 2.819155031210593, 4.0932367950071, 2.7528493057194394, 3.4406024617790414, 5.2875360859288705, 5.425216748665439, 7.003286443520642, 7.280398443766659, 8.378959012908467, 5.467440295970317, 5.517449999773445], [2.558060276850411, 1.5343397733227147, 0.0, 1.554747912042335, 2.5388602600379566, 2.6056893157089935, 3.9829014926307176, 5.183898525241403, 6.074794313390371, 3.0483113144821674, 3.6465519686410612, 3.5258301986907994, 3.728588015589816, 5.034286668436751, 3.4255329132851724, 3.0289063537851417, 3.7071996169615686, 2.7771291543606678, 2.8949362583656306, 3.4947861808700114, 2.144138864439521, 2.1777782095521117, 1.0968904275268336, 1.0958869695365485, 2.1540775125329175, 3.505837252354992, 2.788388986493814, 2.8053864903075296, 4.248902877214305, 4.300349772983588, 5.58268017084984, 6.086299856234492, 7.010393416920337, 4.21503573531708, 4.117614156280308], [3.151743436576017, 2.6233290243505483, 1.554747912042335, 0.0, 1.53761200892813, 1.5841659824652212, 2.598023335153093, 3.9703649844819053, 4.880283213093273, 2.4940161507095335, 2.999867918759091, 3.4741265549775244, 3.906098565064635, 5.480502773468872, 3.458585608308691, 2.5429332059651117, 3.137092301797956, 3.414208676985049, 2.916715503781608, 4.18290299911437, 3.535696157760166, 2.930455653989666, 2.1801538982374615, 2.183066315987675, 1.0984412865510838, 2.1943619642164784, 2.1843922015059474, 2.1931389262880723, 2.778957900004964, 2.8763117737825294, 4.49084528123604, 4.870598785570415, 5.883811442424035, 4.265625888424816, 4.270686475263666], [3.7273567175680946, 3.0945580362953287, 2.5388602600379566, 1.53761200892813, 0.0, 2.617730805487837, 3.047593581828128, 4.496330532778924, 5.55660121387166, 3.889005915397918, 4.378193707455164, 4.8712064183321155, 5.099192980266583, 6.6666560448248715, 4.322642892953337, 3.158011589592413, 3.153020041166881, 4.349652632107534, 3.2873264212730686, 4.556560041303088, 4.075985962929706, 2.820463375050277, 2.7971586923161866, 3.48770511798231, 2.1212558096561573, 1.0928662589722495, 1.0944518719432115, 1.0936846071880135, 3.246754197656484, 2.7408637999725562, 4.869722789851595, 5.634066657397656, 6.550851246975465, 5.731570488967225, 4.928383420554858], [4.557485219943122, 4.0091661489641455, 2.6056893157089935, 1.5841659824652212, 2.617730805487837, 0.0, 1.5554116786240226, 2.579594435177747, 3.5439837048158105, 1.526351302944378, 2.4281622783496166, 2.476419960345983, 2.889081373031919, 4.550291888439686, 2.471252324227536, 1.5217683562224573, 2.4259424663416898, 4.562774352299267, 4.357852765984642, 5.631143805657959, 4.746696474391427, 4.406910838671461, 2.8786419541165587, 2.772006518751354, 2.1693031600032304, 2.855480920965854, 3.5638371048632402, 2.944169894893975, 2.1858820302111455, 2.1990048794852637, 3.050582459137927, 3.7512156576235394, 4.463896122223276, 3.3830277651831353, 3.3780056409070722], [5.559406024028107, 5.218781965171567, 3.9829014926307176, 2.598023335153093, 3.047593581828128, 1.5554116786240226, 0.0, 1.51198960975266, 2.5176312061141917, 2.4720191200716877, 2.9239825341475623, 3.5567878050285766, 4.0601506979421345, 5.676870798247922, 3.6028236176643453, 2.491001806502757, 2.9081081307269163, 5.622848870457038, 5.084910481021273, 6.612525914504985, 6.0887073283251185, 5.45847110553862, 4.290635900423153, 4.243311917594557, 2.83056948510366, 2.6822242001741765, 4.024501457323628, 3.4690292965035616, 1.0984813789955656, 1.0965046329131491, 2.2301905949940695, 2.77363715363059, 3.5059511034810513, 4.342431617193298, 4.389672459307186], [6.913017901032805, 6.544252233830844, 5.183898525241403, 3.9703649844819053, 4.496330532778924, 2.579594435177747, 1.51198960975266, 0.0, 1.338723432976356, 2.989165895362785, 3.44810764623148, 3.703464641386495, 4.109659094134208, 5.526075042921513, 3.8050892262862903, 3.0273783476797216, 3.4199676314257714, 6.844347193122219, 6.498784327857019, 7.990021289708808, 7.323095369445901, 6.855712932292309, 5.3693149963473, 5.2542730315429935, 4.214574418609784, 4.107260678359727, 5.51137865329538, 4.750687706006363, 2.146147268944981, 2.0960336185281, 1.0894094225772055, 2.1219317661037076, 2.1134809627720808, 4.367845277708449, 4.475901127147471], [7.55161719434983, 7.392535949861861, 6.074794313390371, 4.880283213093273, 5.55660121387166, 3.5439837048158105, 2.5176312061141917, 1.338723432976356, 0.0, 3.4435327325291967, 3.517879754909198, 4.099837952895212, 4.748100276952878, 6.009693131100788, 4.769915962572087, 4.196325894160271, 4.726492258535922, 7.336832712417531, 7.100368960131578, 8.628490967718516, 8.16739522001966, 7.8102782421626955, 6.398316486389212, 5.979975901289235, 4.8808966450847935, 5.116997263044021, 6.496131286388845, 5.952947608538143, 2.648279715211367, 3.2304424248080945, 2.095164838383844, 1.0869961039488594, 1.0859000920895074, 4.492836487120358, 5.485018666331046], [4.66291992747034, 4.395497019678207, 3.0483113144821674, 2.4940161507095335, 3.889005915397918, 1.526351302944378, 2.4720191200716877, 2.989165895362785, 3.4435327325291967, 0.0, 1.2314896223679679, 1.3677787101720804, 2.4304430707177653, 3.9415927909919866, 2.7936381959731293, 2.555261945476432, 3.707079382748635, 4.30427364952555, 4.5989544779221285, 5.747246458957541, 4.976603745527666, 5.092719161705268, 3.530690977698275, 2.634092963431625, 2.6002141027230814, 4.1631647132920415, 4.657521251696013, 4.344047885325391, 2.7222875399193227, 3.444630398170463, 3.63234898378446, 3.4215733471606304, 4.286607041705596, 2.023520155570485, 3.8036534608189534], [4.58711283924867, 4.724820934173061, 3.6465519686410612, 2.999867918759091, 4.378193707455164, 2.4281622783496166, 2.9239825341475623, 3.44810764623148, 3.517879754909198, 1.2314896223679679, 0.0, 2.244547796327804, 3.519652893397302, 4.868311914822221, 4.021853761637785, 3.7128905801275645, 4.795166948084289, 4.0790194336384324, 4.398177943194204, 5.637360947287303, 5.365311458806469, 5.482754383519291, 4.378176987057512, 3.1694068924642664, 2.6163274584806846, 4.523417860423686, 4.987239519012497, 5.060289665621919, 2.6914540679714376, 3.9579322215015256, 4.319230777580656, 3.111040125102857, 4.403710737548505, 2.4148226042506726, 5.031011733240144], [5.36575987256232, 4.9157028358109685, 3.5258301986907994, 3.4741265549775244, 4.8712064183321155, 2.476419960345983, 3.5567878050285766, 3.703464641386495, 4.099837952895212, 1.3677787101720804, 2.244547796327804, 0.0, 1.3560930499047623, 2.634591203583584, 2.3183939807547813, 2.78767467434778, 4.0078062565448445, 4.89426290364545, 5.538777653056674, 6.397335715749175, 5.233045721183792, 5.699577568557165, 3.7421002471874, 2.8486816213820734, 3.771351155753068, 5.287032433227547, 5.645603656828913, 5.110218597085647, 4.001121638990747, 4.463520182546507, 4.0712018495771, 4.249422677258641, 4.697114847435604, 1.0124921431793927, 3.226416676438429], [5.955172183069101, 5.174894326457304, 3.728588015589816, 3.906098565064635, 5.099192980266583, 2.889081373031919, 4.0601506979421345, 4.109659094134208, 4.748100276952878, 2.4304430707177653, 3.519652893397302, 1.3560930499047623, 0.0, 1.661515299357788, 1.3564058426591945, 2.42646885205642, 3.5091433983238702, 5.623960338587035, 6.234317169506216, 6.9420723721378765, 5.347881991966539, 5.846283758080855, 3.537002168503718, 3.19938045565075, 4.5132959242664334, 5.6124358446221905, 5.930431367952925, 5.045893279687948, 4.771662323551405, 4.752286596997281, 4.127303000750005, 5.152716620385794, 5.214657880436645, 2.0383013368979572, 2.0344843793944447], [7.1517242913859596, 6.338568742231955, 5.034286668436751, 5.480502773468872, 6.6666560448248715, 4.550291888439686, 5.676870798247922, 5.526075042921513, 6.009693131100788, 3.9415927909919866, 4.868311914822221, 2.634591203583584, 1.661515299357788, 0.0, 2.6340196848163453, 3.937332962806168, 4.855861021487333, 6.715953079049912, 7.588100925791644, 8.051191814259552, 6.266724893435167, 7.062879458832637, 4.720826051656638, 4.366725016531268, 6.068392059681048, 7.24015592511653, 7.446385249233349, 6.522398140254856, 6.384644643204506, 6.359209316416625, 5.409839425528266, 6.44485351579072, 6.267339457856101, 2.7460801900163077, 2.7402185314313896], [5.910249893194026, 4.911139051177436, 3.4255329132851724, 3.458585608308691, 4.322642892953337, 2.471252324227536, 3.6028236176643453, 3.8050892262862903, 4.769915962572087, 2.7936381959731293, 4.021853761637785, 2.3183939807547813, 1.3564058426591945, 2.6340196848163453, 0.0, 1.3675857779313152, 2.2422134554943693, 5.828184617872018, 6.1052164007510825, 6.889630379780907, 5.182647941930843, 5.351943664688559, 2.964350082227131, 3.3059959301245367, 4.314506257962781, 4.831672764167706, 5.2283512984496365, 4.045949666024034, 4.503868759189149, 4.014187582811745, 3.619758537527055, 5.322082676922634, 5.295108642889209, 3.2306271047584554, 1.0126644952796557], [5.437557946357906, 4.5023778695262795, 3.0289063537851417, 2.5429332059651117, 3.158011589592413, 1.5217683562224573, 2.491001806502757, 3.0273783476797216, 4.196325894160271, 2.555261945476432, 3.7128905801275645, 2.78767467434778, 2.42646885205642, 3.937332962806168, 1.3675857779313152, 0.0, 1.2305089597398304, 5.5274612309811815, 5.416194446287911, 6.446562582493091, 5.036048134202055, 4.771107549615707, 2.712490551135616, 3.264526775812997, 3.462581905168454, 3.531207076907272, 4.163281242001313, 2.921530568041348, 3.448348268374295, 2.7205335009883633, 2.9422829044808045, 4.723346951050706, 4.890285817822922, 3.7991200494324997, 2.0236373143426665], [6.06650575372677, 5.01366417104297, 3.7071996169615686, 3.137092301797956, 3.153020041166881, 2.4259424663416898, 2.9081081307269163, 3.4199676314257714, 4.726492258535922, 3.707079382748635, 4.795166948084289, 4.0078062565448445, 3.5091433983238702, 4.855861021487333, 2.2422134554943693, 1.2305089597398304, 0.0, 6.340542987788979, 5.969980018392022, 7.009157125503751, 5.577214820140964, 5.021044231034019, 3.2009154268740065, 4.200480221355649, 4.1295903392467395, 3.403481687919005, 4.168123685784768, 2.579839754713459, 3.926290704978428, 2.652217541982558, 3.069462378006937, 5.369316874612635, 5.3576967905994834, 5.016199223515748, 2.4122345698542667], [1.0945814633913733, 2.1694606380388652, 2.7771291543606678, 3.414208676985049, 4.349652632107534, 4.562774352299267, 5.622848870457038, 6.844347193122219, 7.336832712417531, 4.30427364952555, 4.0790194336384324, 4.89426290364545, 5.623960338587035, 6.715953079049912, 5.828184617872018, 5.5274612309811815, 6.340542987788979, 0.0, 1.7763128947344835, 1.7713830387581337, 2.527482718041807, 3.070062124778585, 3.764926513227051, 2.580441716063356, 2.9135607407431885, 5.0661209124931075, 4.051308489858554, 5.059475354223993, 5.349260578809, 6.136661092972301, 7.553144768240577, 6.936528206530987, 8.329893936899797, 5.091978916884868, 6.638239236424067], [1.0937678638541177, 2.174685733617619, 2.8949362583656306, 2.916715503781608, 3.2873264212730686, 4.357852765984642, 5.084910481021273, 6.498784327857019, 7.100368960131578, 4.5989544779221285, 4.398177943194204, 5.538777653056674, 6.234317169506216, 7.588100925791644, 6.1052164007510825, 5.416194446287911, 5.969980018392022, 1.7763128947344835, 0.0, 1.7650710495614617, 3.0590156014639738, 2.4903743915323253, 3.866348182717123, 3.2937991726879763, 2.292037654577254, 3.8439348563678863, 2.7178494108393862, 4.154920993232001, 4.699107530159317, 5.344084966577533, 7.220842009765898, 6.707792651834134, 8.166301401491374, 5.963042326698679, 6.904605197981996], [1.0948253970382673, 2.1565743877733503, 3.4947861808700114, 4.18290299911437, 4.556560041303088, 5.631143805657959, 6.612525914504985, 7.990021289708808, 8.628490967718516, 5.747246458957541, 5.637360947287303, 6.397335715749175, 6.9420723721378765, 8.051191814259552, 6.889630379780907, 6.446562582493091, 7.009157125503751, 1.7713830387581337, 1.7650710495614617, 0.0, 2.4223831612690834, 2.5041286907824842, 4.277796565990487, 3.7478951346055562, 3.8155147752302048, 5.318548265269386, 3.8653535659755622, 5.173377806617259, 6.349555764775989, 6.876218436030083, 8.63464503844831, 8.26970962670395, 9.66590217775868, 6.724116841638015, 7.581844036248701], [2.136271118093394, 1.0972060380803599, 2.144138864439521, 3.535696157760166, 4.075985962929706, 4.746696474391427, 6.0887073283251185, 7.323095369445901, 8.16739522001966, 4.976603745527666, 5.365311458806469, 5.233045721183792, 5.347881991966539, 6.266724893435167, 5.182647941930843, 5.036048134202055, 5.577214820140964, 2.527482718041807, 3.0590156014639738, 2.4223831612690834, 0.0, 1.7506653306671724, 2.420542406156108, 2.409741434262191, 3.80086270470271, 5.116572402497594, 3.7670516229539515, 4.246106144457531, 6.233968139957085, 6.3373891106669475, 7.7172450434076545, 8.088757638228506, 9.108221581077176, 5.69750475383742, 5.6813417508542825], [2.1529475121330757, 1.0949277464746248, 2.1777782095521117, 2.930455653989666, 2.820463375050277, 4.406910838671461, 5.45847110553862, 6.855712932292309, 7.8102782421626955, 5.092719161705268, 5.482754383519291, 5.699577568557165, 5.846283758080855, 7.062879458832637, 5.351943664688559, 4.771107549615707, 5.021044231034019, 3.070062124778585, 2.4903743915323253, 2.5041286907824842, 1.7506653306671724, 0.0, 2.4648827517754266, 3.0519109259609793, 3.240071224525782, 3.8196947953992346, 2.2287281238410395, 3.022461422417166, 5.55918578480698, 5.445729229405369, 7.245142378173116, 7.754794484059522, 8.809808105174596, 6.353147564790227, 5.857452566602652], [3.4738938340139294, 2.136697196609758, 1.0968904275268336, 2.1801538982374615, 2.7971586923161866, 2.8786419541165587, 4.290635900423153, 5.3693149963473, 6.398316486389212, 3.530690977698275, 4.378176987057512, 3.7421002471874, 3.537002168503718, 4.720826051656638, 2.964350082227131, 2.712490551135616, 3.2009154268740065, 3.764926513227051, 3.866348182717123, 4.277796565990487, 2.420542406156108, 2.4648827517754266, 0.0, 1.7558823764705882, 3.063153691867256, 3.810248260940486, 3.1647474164615415, 2.6191180977573345, 4.7908564213509885, 4.464785815691498, 5.556435578678116, 6.584721076097301, 7.255715863372822, 4.529519219519882, 3.43408605163004], [2.8015477097490242, 2.133215307933074, 1.0958869695365485, 2.183066315987675, 3.48770511798231, 2.772006518751354, 4.243311917594557, 5.2542730315429935, 5.979975901289235, 2.634092963431625, 3.1694068924642664, 2.8486816213820734, 3.19938045565075, 4.366725016531268, 3.3059959301245367, 3.264526775812997, 4.200480221355649, 2.580441716063356, 3.2937991726879763, 3.7478951346055562, 2.409741434262191, 3.0519109259609793, 1.7558823764705882, 0.0, 2.5162775164913747, 4.344968419908251, 3.792745655854081, 3.8047513414150997, 4.472300201238732, 4.7940138193376125, 5.703693882038201, 5.935341669188052, 6.8622791439870765, 3.3640906052007575, 4.077446094064273], [2.7689499471821444, 2.819155031210593, 2.1540775125329175, 1.0984412865510838, 2.1212558096561573, 2.1693031600032304, 2.83056948510366, 4.214574418609784, 4.8808966450847935, 2.6002141027230814, 2.6163274584806846, 3.771351155753068, 4.5132959242664334, 6.068392059681048, 4.314506257962781, 3.462581905168454, 4.1295903392467395, 2.9135607407431885, 2.292037654577254, 3.8155147752302048, 3.80086270470271, 3.240071224525782, 3.063153691867256, 2.5162775164913747, 0.0, 2.485909155620937, 2.4381804424611397, 3.0546754148354287, 2.5726450299254267, 3.2605228752456252, 4.945084757615384, 4.62771610516462, 5.938550984036426, 4.379811957150672, 5.206949374633865], [4.492968731251087, 4.0932367950071, 3.505837252354992, 2.1943619642164784, 1.0928662589722495, 2.855480920965854, 2.6822242001741765, 4.107260678359727, 5.116997263044021, 4.1631647132920415, 4.523417860423686, 5.287032433227547, 5.6124358446221905, 7.24015592511653, 4.831672764167706, 3.531207076907272, 3.403481687919005, 5.0661209124931075, 3.8439348563678863, 5.318548265269386, 5.116572402497594, 3.8196947953992346, 3.810248260940486, 4.344968419908251, 2.485909155620937, 0.0, 1.7426948958437904, 1.775427531610344, 2.742203336734897, 2.1448888292869634, 4.529538710509051, 5.178521377767982, 6.1086960425282255, 6.13717264625984, 5.454097657724878], [3.2222500492668162, 2.7528493057194394, 2.788388986493814, 2.1843922015059474, 1.0944518719432115, 3.5638371048632402, 4.024501457323628, 5.51137865329538, 6.496131286388845, 4.657521251696013, 4.987239519012497, 5.645603656828913, 5.930431367952925, 7.446385249233349, 5.2283512984496365, 4.163281242001313, 4.168123685784768, 4.051308489858554, 2.7178494108393862, 3.8653535659755622, 3.7670516229539515, 2.2287281238410395, 3.1647474164615415, 3.792745655854081, 2.4381804424611397, 1.7426948958437904, 0.0, 1.7647031421743433, 4.028568363575329, 3.7358579215489445, 5.942993775026187, 6.45854323202996, 7.522454655230566, 6.433987168933429, 5.8195445869930404], [4.408391831495925, 3.4406024617790414, 2.8053864903075296, 2.1931389262880723, 1.0936846071880135, 2.944169894893975, 3.4690292965035616, 4.750687706006363, 5.952947608538143, 4.344047885325391, 5.060289665621919, 5.110218597085647, 5.045893279687948, 6.522398140254856, 4.045949666024034, 2.921530568041348, 2.579839754713459, 5.059475354223993, 4.154920993232001, 5.173377806617259, 4.246106144457531, 3.022461422417166, 2.6191180977573345, 3.8047513414150997, 3.0546754148354287, 1.775427531610344, 1.7647031421743433, 0.0, 3.9466170095412094, 2.9947369717556165, 4.883137086955475, 6.2097622289424255, 6.861080642289522, 6.04800934275072, 4.448618965476814], [5.32475386097799, 5.2875360859288705, 4.248902877214305, 2.778957900004964, 3.246754197656484, 2.1858820302111455, 1.0984813789955656, 2.146147268944981, 2.648279715211367, 2.7222875399193227, 2.6914540679714376, 4.001121638990747, 4.771662323551405, 6.384644643204506, 4.503868759189149, 3.448348268374295, 3.926290704978428, 5.349260578809, 4.699107530159317, 6.349555764775989, 6.233968139957085, 5.55918578480698, 4.7908564213509885, 4.472300201238732, 2.5726450299254267, 2.742203336734897, 4.028568363575329, 3.9466170095412094, 0.0, 1.7530335165078845, 3.0905571326218837, 2.4686669803762515, 3.72323455344946, 4.6299643853921815, 5.364380696781316], [5.884089695951277, 5.425216748665439, 4.300349772983588, 2.8763117737825294, 2.7408637999725562, 2.1990048794852637, 1.0965046329131491, 2.0960336185281, 3.2304424248080945, 3.444630398170463, 3.9579322215015256, 4.463520182546507, 4.752286596997281, 6.359209316416625, 4.014187582811745, 2.7205335009883633, 2.652217541982558, 6.136661092972301, 5.344084966577533, 6.876218436030083, 6.3373891106669475, 5.445729229405369, 4.464785815691498, 4.7940138193376125, 3.2605228752456252, 2.1448888292869634, 3.7358579215489445, 2.9947369717556165, 1.7530335165078845, 0.0, 2.443982135777592, 3.595976425117384, 4.113863504055525, 5.3235787981394616, 4.638572169321073], [7.5653027401419966, 7.003286443520642, 5.58268017084984, 4.49084528123604, 4.869722789851595, 3.050582459137927, 2.2301905949940695, 1.0894094225772055, 2.095164838383844, 3.63234898378446, 4.319230777580656, 4.0712018495771, 4.127303000750005, 5.409839425528266, 3.619758537527055, 2.9422829044808045, 3.069462378006937, 7.553144768240577, 7.220842009765898, 8.63464503844831, 7.7172450434076545, 7