{"total energy": -39.76689684, "HOMO-LUMO gap/eV": 4.77731593, "electronic energy": -40.24902224, "dipole": [0.19675361, 0.40801728, -0.64730634], "partial charges": [-0.10023663, -0.05245965, -0.05821958, -0.05785589, -0.059378, -0.05980224, -0.05778667, -0.08888486, 0.35008543, -0.40182309, -0.2699676, 0.03406292, 0.03211786, 0.03125818, 0.03127617, 0.0290739, 0.03134508, 0.02948204, 0.03055031, 0.02905859, 0.02800515, 0.03314852, 0.03446821, 0.03061941, 0.03089395, 0.04695963, 0.0471307, 0.06938946, 0.06940504, 0.0619831, 0.06413486, 0.06196569], "atomic dipole moments": [[0.09132595, 0.03076415, -0.02619082], [-0.0629822, -0.06851731, -0.06429856], [0.06245611, 0.07269859, 0.05657034], [-0.006116, -0.06261461, 0.0911495], [0.01636572, 0.05981457, -0.09710274], [0.00145786, -0.05850688, 0.09832712], [0.04151143, 0.06939073, -0.10971222], [0.01212454, -0.05009443, 0.08509931], [0.15451185, 0.03528132, -0.03718715], [0.00711951, 0.09101677, -0.15055703], [0.02197415, -0.11638913, 0.1968663], [-0.22831341, 0.05266452, -0.11972232], [-0.00498477, -0.12561892, 0.00969992], [-0.08670204, 0.03687885, -0.08323331], [-0.03156936, 0.04780791, 0.11070763], [-0.00108079, 0.12366396, -0.00071379], [0.07645549, -0.03404821, 0.09135029], [-0.08243299, 0.02586264, -0.08571869], [0.0020261, -0.12448066, 0.00295543], [-0.00457599, 0.12366586, -0.01037477], [0.01444735, -0.03849876, -0.11417539], [0.00119249, -0.12410831, 0.01310614], [-0.01084175, 0.04663294, 0.11531994], [0.0128323, -0.04542674, -0.1141332], [-0.00145734, 0.12300472, -0.0132435], [-0.01373648, 0.04466869, 0.11821424], [0.00058785, -0.12618938, 0.01564333], [0.01263982, -0.05597729, -0.11969509], [-0.00322941, 0.13253603, -0.00651538], [0.01247582, -0.12967221, 0.00314537], [0.10022235, 0.04538641, -0.06153093], [-0.00338102, 0.05873202, 0.11629233]], "atomic quadrupole moments": [[0.17454257, 0.10206707, -0.09011824, -0.08633574, -0.02016568, -0.08442433], [0.09814083, 0.07923242, -0.14361272, -0.14832201, 0.08992979, 0.04547189], [0.07008192, 0.08026036, -0.13556649, -0.16116715, 0.07053132, 0.06548457], [0.21836285, 0.03567388, -0.15505794, 0.04367352, -0.09508835, -0.06330492], [0.22554854, 0.02191959, -0.1750095, 0.02209564, -0.11499026, -0.05053904], [0.22754415, 0.01391833, -0.17744692, 0.04351418, -0.11122091, -0.05009723], [0.25643256, 0.03274954, -0.18976247, 0.01780742, -0.11515373, -0.06667009], [0.22449159, 0.02211211, -0.18580668, 0.03233248, -0.13558495, -0.03868491], [-0.10095627, 0.02355734, 0.25757161, -0.12037459, 0.37140895, -0.15661535], [-0.110174, -0.01712029, 0.12883417, -0.0167409, 0.1376733, -0.01866018], [0.06957718, -0.01758028, -0.0581926, 0.04998591, -0.03599079, -0.01138458], [0.33387799, -0.13635126, -0.25101683, 0.31622933, -0.1055997, -0.08286115], [-0.02756277, -0.00694711, 0.07981298, -0.00286441, -0.00500155, -0.05225021], [0.01083577, -0.01638811, -0.03200938, 0.05106403, -0.03704204, 0.02117361], [-0.02701532, -0.00070098, -0.02700588, -0.02507935, 0.04977872, 0.0540212], [-0.02752652, -0.00405418, 0.05580518, -0.010737, -0.01329334, -0.02827866], [0.01696845, -0.02473316, -0.02624473, 0.0293855, -0.02251556, 0.00927628], [0.02151494, -0.0246286, -0.03581401, 0.02933978, -0.02154027, 0.01429907], [-0.03185752, -0.01406933, 0.05459911, -0.01042257, -0.01511921, -0.02274159], [-0.01786058, -0.00377311, 0.05777086, 0.00686545, 0.01015996, -0.03991028], [-0.0086153, -0.00689606, -0.02827555, -0.01195345, 0.03998761, 0.03689085], [-0.02031714, -0.00114364, 0.05747351, 0.00170669, 0.00289369, -0.03715637], [-0.01718938, -0.00597494, -0.01554852, -0.00915744, 0.03861029, 0.03273789], [-0.01953586, -0.00454217, -0.01422476, -0.00760206, 0.04011391, 0.03376061], [-0.0209609, -0.00116642, 0.05744693, 0.00146303, 0.00304189, -0.03648604], [-0.0166865, -0.00408996, -0.0127154, -0.00488382, 0.04024959, 0.0294019], [-0.01738455, -0.00291494, 0.05386887, 0.00211698, 0.00536106, -0.03648432], [-0.01044807, 0.01022639, -0.03101688, -0.01644514, 0.0387717, 0.04146495], [-0.00969409, 0.00195104, 0.05906349, -0.012814, -0.00982808, -0.0493694], [-0.01668436, -0.00096261, 0.05986219, 0.02070944, -0.00765255, -0.04317783], [0.03322835, 0.03297168, -0.03153461, -0.04239851, -0.03621769, -0.00169374], [-0.01300139, -0.01892951, -0.03133323, 0.00150454, 0.03781627, 0.04433462]], "number of molecular orbitals": 68, "number of electrons": 72, "number of unpaired electrons": 0, "orbital energies/eV": [-20.13907244, -19.35509462, -18.31310258, -17.2884099, -16.96894561, -16.75911738, -16.54696291, -16.41797539, -15.92806797, -15.89328597, -15.3948785, -15.37266601, -15.13359955, -15.10427347, -14.90140027, -14.39047469, -14.02108846, -13.90773642, -13.80440854, -13.5278975, -13.42598026, -13.33399019, -13.030315, -12.99464967, -12.69924329, -12.62276668, -12.34670032, -12.22247308, -12.12308476, -12.04732512, -11.81827136, -11.65623885, -11.57943277, -11.43938609, -11.3139264, -11.24444754, -6.46713161, 0.01421136, 1.63571073, 2.3009285, 2.66672193, 2.77585015, 3.0618791, 3.29148678, 3.31202402, 3.48815027, 3.62143848, 3.79316236, 3.97902029, 4.30148039, 4.33098374, 4.70252695, 4.77578426, 4.86806714, 5.19412283, 5.33798446, 5.5877977, 5.95689102, 6.08035209, 6.38069177, 6.54192963, 6.8877269, 7.07899171, 7.33881191, 7.6406963, 8.26659359, 8.41272964, 16.15228236], "fractional occupation": [2.0, 2.0, 2.0, 2.0, 2.0, 2.0, 2.0, 2.0, 2.0, 2.0, 2.0, 2.0, 2.0, 2.0, 2.0, 2.0, 2.0, 2.0, 2.0, 2.0, 2.0, 2.0, 2.0, 2.0, 2.0, 2.0, 2.0, 2.0, 2.0, 2.0, 2.0, 2.0, 2.0, 2.0, 2.0, 2.0, 0.0, 0.0, 0.0, 0.0, 0.0, 0.0, 0.0, 0.0, 0.0, 0.0, 0.0, 0.0, 0.0, 0.0, 0.0, 0.0, 0.0, 0.0, 0.0, 0.0, 0.0, 0.0, 0.0, 0.0, 0.0, 0.0, 0.0, 0.0, 0.0, 0.0, 0.0, 0.0], "program call": "xtb /home/svss/Project-DBcg-Debug/aqme2_20220329/End-to-End-workflows-final/example-3/QDESCP/mol_980_rdkit_conf_12/mol_980_rdkit_conf_12.xyz --pop --wbo --acc 0.2 --gfn 2 --chrg 0 --uhf 0 --etemp 300 --input /home/svss/Project-DBcg-Debug/aqme2_20220329/End-to-End-workflows-final/example-3/QDESCP/mol_980_rdkit_conf_12/mol_980_rdkit_conf_12_xtb.inp", "method": "GFN2-xTB", "xtb version": "6.3.3 (7355c4f)", "Dipole module/D": 2.008, "Total charge": 0, "Transition dipole module/D": NaN, "HOMO": -11.2444, "LUMO": -6.4671, "HOMO occupancy": 2.0, "LUMO occupancy": 0, "mulliken charges": [-0.08326, -0.04008, -0.04678, -0.04589, -0.04607, -0.04778, -0.04062, -0.07797, 0.57367, -0.52758, -0.4189, 0.17544, 0.02696, 0.02628, 0.02843, 0.02212, 0.02308, 0.02425, 0.02355, 0.0228, 0.02362, 0.02544, 0.02545, 0.02255, 0.02271, 0.03729, 0.03732, 0.05538, 0.05538, 0.04364, 0.03595, 0.04363], "cm5 charges": [-0.23367, -0.15275, -0.15728, -0.15645, -0.15692, -0.15845, -0.14892, -0.17668, 0.62276, -0.57713, -0.50577, 0.05577, 0.07825, 0.07756, 0.0792, 0.07694, 0.07838, 0.07915, 0.07875, 0.078, 0.07855, 0.08091, 0.08142, 0.07794, 0.0781, 0.0946, 0.09463, 0.11422, 0.11422, 0.10486, 0.09499, 0.10484], "FUKUI+": [0.004, 0.001, 0.004, 0.003, 0.004, 0.007, 0.015, 0.029, -0.188, -0.283, -0.125, 0.047, -0.004, -0.007, -0.007, -0.003, 0.005, -0.013, -0.005, -0.008, -0.007, -0.01, -0.01, -0.018, -0.018, -0.023, -0.023, -0.098, -0.098, -0.048, -0.076, -0.048], "FUKUI-": [0.017, 0.003, 0.009, 0.008, 0.001, 0.004, 0.005, -0.006, -0.013, -0.103, -0.052, 0.017, -0.046, -0.063, -0.049, -0.057, -0.075, -0.073, -0.047, -0.037, -0.055, -0.039, -0.05, -0.046, -0.038, -0.028, -0.028, -0.038, -0.036, -0.023, -0.04, -0.023], "FUKUIrad": [0.011, 0.002, 0.006, 0.006, 0.002, 0.005, 0.01, 0.011, -0.101, -0.193, -0.089, 0.032, -0.025, -0.035, -0.028, -0.03, -0.035, -0.043, -0.026, -0.022, -0.031, -0.024, -0.03, -0.032, -0.028, -0.026, -0.025, -0.068, -0.067, -0.036, -0.058, -0.036], "s proportion": [1.008, 1.027, 1.032, 1.032, 1.032, 1.033, 1.031, 1.039, 0.991, 1.731, 1.698, 0.973, 0.973, 0.974, 0.972, 0.978, 0.977, 0.976, 0.976, 0.977, 0.976, 0.975, 0.975, 0.977, 0.977, 0.963, 0.963, 0.945, 0.945, 0.956, 0.964, 0.956], "p proportion": [3.076, 3.013, 3.015, 3.014, 3.014, 3.015, 3.01, 3.039, 2.435, 4.797, 4.721, 2.852, 0.0, 0.0, 0.0, 0.0, 0.0, 0.0, 0.0, 0.0, 0.0, 0.0, 0.0, 0.0, 0.0, 0.0, 0.0, 0.0, 0.0, 0.0, 0.0, 0.0], "d proportion": [0.0, 0.0, 0.0, 0.0, 0.0, 0.0, 0.0, 0.0, 0.0, 0.0, 0.0, 0.0, 0.0, 0.0, 0.0, 0.0, 0.0, 0.0, 0.0, 0.0, 0.0, 0.0, 0.0, 0.0, 0.0, 0.0, 0.0, 0.0, 0.0, 0.0, 0.0, 0.0], "Fermi-level/eV": -8.8558, "Coordination numbers": [3.75, 3.799, 3.801, 3.8, 3.801, 3.802, 3.802, 3.803, 2.722, 0.856, 1.703, 3.655, 0.924, 0.924, 0.924, 0.924, 0.924, 0.924, 0.924, 0.924, 0.924, 0.924, 0.924, 0.924, 0.924, 0.924, 0.924, 0.924, 0.924, 0.924, 0.924, 0.924], "Dispersion coefficient C6": [22.478, 21.517, 21.622, 21.615, 21.643, 21.65, 21.612, 22.193, 21.055, 21.718, 18.477, 20.296, 2.557, 2.569, 2.568, 2.6, 2.568, 2.594, 2.579, 2.6, 2.615, 2.542, 2.524, 2.578, 2.574, 2.358, 2.356, 2.092, 2.092, 2.176, 2.151, 2.176], "Total dispersion C6": 7472.777609, "Total dispersion C8": 158252.902995, "Polarizability alpha": [6.762, 6.605, 6.62, 6.619, 6.624, 6.624, 6.619, 6.707, 7.512, 6.248, 5.804, 6.468, 2.501, 2.506, 2.506, 2.522, 2.506, 2.519, 2.511, 2.522, 2.529, 2.493, 2.484, 2.511, 2.509, 2.402, 2.401, 2.262, 2.262, 2.307, 2.294, 2.307], "Total polarizability alpha": 128.063595, "Wiberg matrix": [[0.0, 1.0198154773020671, 0.0, 0.0, 0.0, 0.0, 0.0, 0.0, 0.0, 0.0, 0.0, 0.0, 0.9878139222221195, 0.9876677001979715, 0.9874752966316687, 0.0, 0.0, 0.0, 0.0, 0.0, 0.0, 0.0, 0.0, 0.0, 0.0, 0.0, 0.0, 0.0, 0.0, 0.0, 0.0, 0.0], [1.0198154773020671, 0.0, 1.0088411029426654, 0.0, 0.0, 0.0, 0.0, 0.0, 0.0, 0.0, 0.0, 0.0, 0.0, 0.0, 0.0, 0.9779568904349508, 0.9762738559691564, 0.0, 0.0, 0.0, 0.0, 0.0, 0.0, 0.0, 0.0, 0.0, 0.0, 0.0, 0.0, 0.0, 0.0, 0.0], [0.0, 1.0088411029426654, 0.0, 1.0063443583104368, 0.0, 0.0, 0.0, 0.0, 0.0, 0.0, 0.0, 0.0, 0.0, 0.0, 0.0, 0.0, 0.0, 0.9767781540135834, 0.9771454388400117, 0.0, 0.0, 0.0, 0.0, 0.0, 0.0, 0.0, 0.0, 0.0, 0.0, 0.0, 0.0, 0.0], [0.0, 0.0, 1.0063443583104368, 0.0, 1.0079639633974238, 0.0, 0.0, 0.0, 0.0, 0.0, 0.0, 0.0, 0.0, 0.0, 0.0, 0.0, 0.0, 0.0, 0.0, 0.9772807019193112, 0.9770356384273561, 0.0, 0.0, 0.0, 0.0, 0.0, 0.0, 0.0, 0.0, 0.0, 0.0, 0.0], [0.0, 0.0, 0.0, 1.0079639633974238, 0.0, 1.0066689891100071, 0.0, 0.0, 0.0, 0.0, 0.0, 0.0, 0.0, 0.0, 0.0, 0.0, 0.0, 0.0, 0.0, 0.0, 0.0, 0.9769050202344319, 0.9752150298598848, 0.0, 0.0, 0.0, 0.0, 0.0, 0.0, 0.0, 0.0, 0.0], [0.0, 0.0, 0.0, 0.0, 1.0066689891100071, 0.0, 1.0072494879599954, 0.0, 0.0, 0.0, 0.0, 0.0, 0.0, 0.0, 0.0, 0.0, 0.0, 0.0, 0.0, 0.0, 0.0, 0.0, 0.0, 0.9768923687818265, 0.9770926285073331, 0.0, 0.0, 0.0, 0.0, 0.0, 0.0, 0.0], [0.0, 0.0, 0.0, 0.0, 0.0, 1.0072494879599954, 0.0, 1.0064504166557193, 0.0, 0.0, 0.0, 0.0, 0.0, 0.0, 0.0, 0.0, 0.0, 0.0, 0.0, 0.0, 0.0, 0.0, 0.0, 0.0, 0.0, 0.9759524070124739, 0.9759649499763579, 0.0, 0.0, 0.0, 0.0, 0.0], [0.0, 0.0, 0.0, 0.0, 0.0, 0.0, 1.0064504166557193, 0.0, 0.9791928985563171, 0.0, 0.0, 0.0, 0.0, 0.0, 0.0, 0.0, 0.0, 0.0, 0.0, 0.0, 0.0, 0.0, 0.0, 0.0, 0.0, 0.0, 0.0, 0.9526423030601756, 0.9526516399849313, 0.0, 0.0, 0.0], [0.0, 0.0, 0.0, 0.0, 0.0, 0.0, 0.0, 0.9791928985563171, 0.0, 1.7650553856438562, 1.1106682624479134, 0.0, 0.0, 0.0, 0.0, 0.0, 0.0, 0.0, 0.0, 0.0, 0.0, 0.0, 0.0, 0.0, 0.0, 0.0, 0.0, 0.0, 0.0, 0.0, 0.0, 0.0], [0.0, 0.0, 0.0, 0.0, 0.0, 0.0, 0.0, 0.0, 1.7650553856438562, 0.0, 0.16856615418629267, 0.0, 0.0, 0.0, 0.0, 0.0, 0.0, 0.0, 0.0, 0.0, 0.0, 0.0, 0.0, 0.0, 0.0, 0.0, 0.0, 0.0, 0.0, 0.0, 0.0, 0.0], [0.0, 0.0, 0.0, 0.0, 0.0, 0.0, 0.0, 0.0, 1.1106682624479134, 0.16856615418629267, 0.0, 0.9605068457550171, 0.0, 0.0, 0.0, 0.0, 0.0, 0.0, 0.0, 0.0, 0.0, 0.0, 0.0, 0.0, 0.0, 0.0, 0.0, 0.0, 0.0, 0.0, 0.0, 0.0], [0.0, 0.0, 0.0, 0.0, 0.0, 0.0, 0.0, 0.0, 0.0, 0.0, 0.9605068457550171, 0.0, 0.0, 0.0, 0.0, 0.0, 0.0, 0.0, 0.0, 0.0, 0.0, 0.0, 0.0, 0.0, 0.0, 0.0, 0.0, 0.0, 0.0, 0.9781843481196554, 0.9818514738333771, 0.9781804662515103], [0.9878139222221195, 0.0, 0.0, 0.0, 0.0, 0.0, 0.0, 0.0, 0.0, 0.0, 0.0, 0.0, 0.0, 0.0, 0.0, 0.0, 0.0, 0.0, 0.0, 0.0, 0.0, 0.0, 0.0, 0.0, 0.0, 0.0, 0.0, 0.0, 0.0, 0.0, 0.0, 0.0], [0.9876677001979715, 0.0, 0.0, 0.0, 0.0, 0.0, 0.0, 0.0, 0.0, 0.0, 0.0, 0.0, 0.0, 0.0, 0.0, 0.0, 0.0, 0.0, 0.0, 0.0, 0.0, 0.0, 0.0, 0.0, 0.0, 0.0, 0.0, 0.0, 0.0, 0.0, 0.0, 0.0], [0.9874752966316687, 0.0, 0.0, 0.0, 0.0, 0.0, 0.0, 0.0, 0.0, 0.0, 0.0, 0.0, 0.0, 0.0, 0.0, 0.0, 0.0, 0.0, 0.0, 0.0, 0.0, 0.0, 0.0, 0.0, 0.0, 0.0, 0.0, 0.0, 0.0, 0.0, 0.0, 0.0], [0.0, 0.9779568904349508, 0.0, 0.0, 0.0, 0.0, 0.0, 0.0, 0.0, 0.0, 0.0, 0.0, 0.0, 0.0, 0.0, 0.0, 0.0, 0.0, 0.0, 0.0, 0.0, 0.0, 0.0, 0.0, 0.0, 0.0, 0.0, 0.0, 0.0, 0.0, 0.0, 0.0], [0.0, 0.9762738559691564, 0.0, 0.0, 0.0, 0.0, 0.0, 0.0, 0.0, 0.0, 0.0, 0.0, 0.0, 0.0, 0.0, 0.0, 0.0, 0.0, 0.0, 0.0, 0.0, 0.0, 0.0, 0.0, 0.0, 0.0, 0.0, 0.0, 0.0, 0.0, 0.0, 0.0], [0.0, 0.0, 0.9767781540135834, 0.0, 0.0, 0.0, 0.0, 0.0, 0.0, 0.0, 0.0, 0.0, 0.0, 0.0, 0.0, 0.0, 0.0, 0.0, 0.0, 0.0, 0.0, 0.0, 0.0, 0.0, 0.0, 0.0, 0.0, 0.0, 0.0, 0.0, 0.0, 0.0], [0.0, 0.0, 0.9771454388400117, 0.0, 0.0, 0.0, 0.0, 0.0, 0.0, 0.0, 0.0, 0.0, 0.0, 0.0, 0.0, 0.0, 0.0, 0.0, 0.0, 0.0, 0.0, 0.0, 0.0, 0.0, 0.0, 0.0, 0.0, 0.0, 0.0, 0.0, 0.0, 0.0], [0.0, 0.0, 0.0, 0.9772807019193112, 0.0, 0.0, 0.0, 0.0, 0.0, 0.0, 0.0, 0.0, 0.0, 0.0, 0.0, 0.0, 0.0, 0.0, 0.0, 0.0, 0.0, 0.0, 0.0, 0.0, 0.0, 0.0, 0.0, 0.0, 0.0, 0.0, 0.0, 0.0], [0.0, 0.0, 0.0, 0.9770356384273561, 0.0, 0.0, 0.0, 0.0, 0.0, 0.0, 0.0, 0.0, 0.0, 0.0, 0.0, 0.0, 0.0, 0.0, 0.0, 0.0, 0.0, 0.0, 0.0, 0.0, 0.0, 0.0, 0.0, 0.0, 0.0, 0.0, 0.0, 0.0], [0.0, 0.0, 0.0, 0.0, 0.9769050202344319, 0.0, 0.0, 0.0, 0.0, 0.0, 0.0, 0.0, 0.0, 0.0, 0.0, 0.0, 0.0, 0.0, 0.0, 0.0, 0.0, 0.0, 0.0, 0.0, 0.0, 0.0, 0.0, 0.0, 0.0, 0.0, 0.0, 0.0], [0.0, 0.0, 0.0, 0.0, 0.9752150298598848, 0.0, 0.0, 0.0, 0.0, 0.0, 0.0, 0.0, 0.0, 0.0, 0.0, 0.0, 0.0, 0.0, 0.0, 0.0, 0.0, 0.0, 0.0, 0.0, 0.0, 0.0, 0.0, 0.0, 0.0, 0.0, 0.0, 0.0], [0.0, 0.0, 0.0, 0.0, 0.0, 0.9768923687818265, 0.0, 0.0, 0.0, 0.0, 0.0, 0.0, 0.0, 0.0, 0.0, 0.0, 0.0, 0.0, 0.0, 0.0, 0.0, 0.0, 0.0, 0.0, 0.0, 0.0, 0.0, 0.0, 0.0, 0.0, 0.0, 0.0], [0.0, 0.0, 0.0, 0.0, 0.0, 0.9770926285073331, 0.0, 0.0, 0.0, 0.0, 0.0, 0.0, 0.0, 0.0, 0.0, 0.0, 0.0, 0.0, 0.0, 0.0, 0.0, 0.0, 0.0, 0.0, 0.0, 0.0, 0.0, 0.0, 0.0, 0.0, 0.0, 0.0], [0.0, 0.0, 0.0, 0.0, 0.0, 0.0, 0.9759524070124739, 0.0, 0.0, 0.0, 0.0, 0.0, 0.0, 0.0, 0.0, 0.0, 0.0, 0.0, 0.0, 0.0, 0.0, 0.0, 0.0, 0.0, 0.0, 0.0, 0.0, 0.0, 0.0, 0.0, 0.0, 0.0], [0.0, 0.0, 0.0, 0.0, 0.0, 0.0, 0.9759649499763579, 0.0, 0.0, 0.0, 0.0, 0.0, 0.0, 0.0, 0.0, 0.0, 0.0, 0.0, 0.0, 0.0, 0.0, 0.0, 0.0, 0.0, 0.0, 0.0, 0.0, 0.0, 0.0, 0.0, 0.0, 0.0], [0.0, 0.0, 0.0, 0.0, 0.0, 0.0, 0.0, 0.9526423030601756, 0.0, 0.0, 0.0, 0.0, 0.0, 0.0, 0.0, 0.0, 0.0, 0.0, 0.0, 0.0, 0.0, 0.0, 0.0, 0.0, 0.0, 0.0, 0.0, 0.0, 0.0, 0.0, 0.0, 0.0], [0.0, 0.0, 0.0, 0.0, 0.0, 0.0, 0.0, 0.9526516399849313, 0.0, 0.0, 0.0, 0.0, 0.0, 0.0, 0.0, 0.0, 0.0, 0.0, 0.0, 0.0, 0.0, 0.0, 0.0, 0.0, 0.0, 0.0, 0.0, 0.0, 0.0, 0.0, 0.0, 0.0], [0.0, 0.0, 0.0, 0.0, 0.0, 0.0, 0.0, 0.0, 0.0, 0.0, 0.0, 0.9781843481196554, 0.0, 0.0, 0.0, 0.0, 0.0, 0.0, 0.0, 0.0, 0.0, 0.0, 0.0, 0.0, 0.0, 0.0, 0.0, 0.0, 0.0, 0.0, 0.0, 0.0], [0.0, 0.0, 0.0, 0.0, 0.0, 0.0, 0.0, 0.0, 0.0, 0.0, 0.0, 0.9818514738333771, 0.0, 0.0, 0.0, 0.0, 0.0, 0.0, 0.0, 0.0, 0.0, 0.0, 0.0, 0.0, 0.0, 0.0, 0.0, 0.0, 0.0, 0.0, 0.0, 0.0], [0.0, 0.0, 0.0, 0.0, 0.0, 0.0, 0.0, 0.0, 0.0, 0.0, 0.0, 0.9781804662515103, 0.0, 0.0, 0.0, 0.0, 0.0, 0.0, 0.0, 0.0, 0.0, 0.0, 0.0, 0.0, 0.0, 0.0, 0.0, 0.0, 0.0, 0.0, 0.0, 0.0]], "Born radii": [], "Atomic SASAs": [], "Solvent H bonds": [], "Total SASA": NaN, "Total FOD": 0.0, "FOD": [0.0, 0.0, 0.0, 0.0, 0.0, 0.0, 0.0, 0.0, 0.0, 0.0, 0.0, 0.0, 0.0, 0.0, 0.0, 0.0, 0.0, 0.0, 0.0, 0.0, 0.0, 0.0, 0.0, 0.0, 0.0, 0.0, 0.0, 0.0, 0.0, 0.0, 0.0, 0.0], "FOD s proportion": [0.0, 0.0, 0.0, 0.0, 0.0, 0.0, 0.0, 0.0, 0.0, 0.0, 0.0, 0.0, 0.0, 0.0, 0.0, 0.0, 0.0, 0.0, 0.0, 0.0, 0.0, 0.0, 0.0, 0.0, 0.0, 0.0, 0.0, 0.0, 0.0, 0.0, 0.0, 0.0], "FOD p proportion": [0.0, 0.0, 0.0, 0.0, 0.0, 0.0, 0.0, 0.0, 0.0, 0.0, 0.0, 0.0, 0.0, 0.0, 0.0, 0.0, 0.0, 0.0, 0.0, 0.0, 0.0, 0.0, 0.0, 0.0, 0.0, 0.0, 0.0, 0.0, 0.0, 0.0, 0.0, 0.0], "FOD d proportion": [0.0, 0.0, 0.0, 0.0, 0.0, 0.0, 0.0, 0.0, 0.0, 0.0, 0.0, 0.0, 0.0, 0.0, 0.0, 0.0, 0.0, 0.0, 0.0, 0.0, 0.0, 0.0, 0.0, 0.0, 0.0, 0.0, 0.0, 0.0, 0.0, 0.0, 0.0, 0.0], "coordinates": [["-5.32190", "-0.22160", "0.96820"], ["-3.93100", "0.25690", "0.58020"], ["-3.50370", "-0.31200", "-0.77330"], ["-2.15780", "0.22940", "-1.26390"], ["-0.97540", "-0.19940", "-0.39220"], ["0.35250", "0.27160", "-0.98990"], ["1.53590", "-0.15200", "-0.11900"], ["2.86160", "0.31740", "-0.71540"], ["4.04060", "-0.09420", "0.13500"], ["3.97860", "-0.72660", "1.17940"], ["5.19240", "0.35070", "-0.44440"], ["6.37470", "0.01360", "0.28240"], ["-5.35470", "-1.31340", "1.04120"], ["-6.06650", "0.09660", "0.23160"], ["-5.60770", "0.19280", "1.94010"], ["-3.92550", "1.35230", "0.54310"], ["-3.22640", "-0.04730", "1.36130"], ["-4.26530", "-0.06250", "-1.52270"], ["-3.46220", "-1.40670", "-0.71910"], ["-2.19990", "1.32400", "-1.31930"], ["-1.99740", "-0.13220", "-2.28720"], ["-0.96700", "-1.29170", "-0.29500"], ["-1.08120", "0.21660", "0.61590"], ["0.47080", "-0.14550", "-1.99730"], ["0.34270", "1.36370", "-1.09070"], ["1.41870", "0.26110", "0.89070"], ["1.54490", "-1.24410", "-0.01320"], ["2.99250", "-0.11610", "-1.71320"], ["2.86420", "1.41010", "-0.79690"], ["6.48480", "-1.07300", "0.35280"], ["7.23350", "0.41370", "-0.26350"], ["6.35520", "0.46770", "1.27810"]], "bond_dist": [[0.0, 1.5212195962450656, 2.519294673117855, 3.8983586571786852, 4.554475079523436, 6.022974116663627, 6.9437935481982755, 8.372257891990666, 9.400364846642923, 9.31659437187216, 10.624192700624365, 11.71904826511095, 1.094729226795375, 1.0946506109256957, 1.094531228426124, 2.1465796467869533, 2.1391653395658787, 2.710405722396557, 2.776675600425804, 4.167543594253094, 4.653807233867772, 4.658963646563472, 4.27781147550941, 6.508099165655053, 6.232169643069739, 6.758305549470223, 7.011532960059449, 8.736720412717807, 8.531720583211806, 11.853344001166928, 12.631657062317677, 11.701531391659811], [1.5212195962450656, 0.0, 1.5291156758074256, 2.558456429177562, 3.1447325498363132, 4.562214632171529, 5.526579001516218, 6.915320265179337, 7.9917382846286955, 7.993002255097894, 9.18123255124278, 10.31287216152707, 2.1691668400563384, 2.1696954394568833, 2.1598054796670927, 1.0960418878856777, 1.0950415562890752, 2.1531282497798405, 2.1622948203240004, 2.782716275512112, 3.48025725054916, 3.456795192081822, 2.850308513126255, 5.116764138593844, 4.720320406497847, 5.358704878979622, 5.708818211328857, 7.302990128022905, 7.028585753193881, 10.502820307422194, 11.197431677844701, 10.312003272400569], [2.519294673117855, 1.5291156758074256, 0.0, 1.5314206247794888, 2.5593391451700964, 3.906121216757104, 5.084415074519389, 6.3966038536085685, 7.601901618674106, 7.744013412953261, 8.727514062434961, 9.939985131276606, 2.778743098956793, 2.7829340290420106, 3.4704723885949593, 2.163496866186776, 2.1687504559077326, 1.097217011351902, 1.0968263217118743, 2.162060692950131, 2.1431661018222545, 2.7610559338774716, 2.842147225250655, 4.162036580809929, 4.2075534708426465, 5.2275578782066106, 5.189886740575366, 6.566765052900858, 6.5966912751772755, 10.080543361347145, 10.773764447490022, 10.100202139561366], [3.8983586571786852, 2.558456429177562, 1.5314206247794888, 0.0, 1.530294118788934, 2.525561903814674, 3.8858308841224676, 5.050046792852517, 6.3625310003174045, 6.673758749760138, 7.39673806349799, 8.674166794568801, 4.2324800602011114, 4.187134077146324, 4.708371859783379, 2.7660290490159354, 2.847831436374, 2.143301028787137, 2.1621955531357475, 1.0968093407698531, 1.0970987239077439, 2.1611379086027807, 2.166305481689967, 2.7546258421063285, 2.7512060955152013, 4.175483002001086, 4.176773878246224, 5.1813927500238774, 5.180021765398289, 8.888447525299341, 9.446231118282043, 8.887616097132009], [4.554475079523436, 3.1447325498363132, 2.5593391451700964, 1.530294118788934, 0.0, 1.5304916530317962, 2.5265614360232767, 3.885113831022201, 5.044726244307019, 5.223981470104962, 6.192502861525378, 7.384065558349276, 4.740664515656007, 5.137707820614168, 5.2011198236533644, 3.46202960559265, 2.857428504792377, 3.4814097532465205, 2.7836327236185454, 2.163252694439556, 2.1540716886863356, 1.0966483894120302, 1.0956802681439508, 2.1611907967599717, 2.160687730793138, 2.7549242221883348, 2.754442081438635, 4.182847152359264, 4.1829177017962, 7.54803192892028, 8.232769552829716, 7.548020989636953], [6.022974116663627, 4.562214632171529, 3.906121216757104, 2.525561903814674, 1.5304916530317962, 0.0, 1.5291629507675106, 2.5244862249574664, 3.873150043569188, 4.341758507793818, 4.871186618268695, 6.160536026191227, 6.2617668473043615, 6.536531821233642, 6.6419194123385745, 4.671111804485094, 4.29399159989863, 4.6604265352004, 4.1763572189169835, 2.7804308802773714, 2.7144192270170793, 2.160526128053072, 2.153395999346149, 1.0967324468620412, 1.0967857995069046, 2.161839274784321, 2.1617370654175314, 2.7646110359325418, 2.764429080298498, 6.419960727294209, 6.920694356059947, 6.419866548457219], [6.9437935481982755, 5.526579001516218, 5.084415074519389, 3.8858308841224676, 2.5265614360232767, 1.5291629507675106, 0.0, 1.5275829961085587, 2.518209469047403, 2.8253833385931904, 3.705210479851314, 4.8582435879646875, 7.083451302860775, 7.614539255923499, 7.442432452498309, 5.703348565535864, 4.9881611311183605, 5.969280139179263, 5.188004983613643, 4.192314125873681, 4.145562949709002, 2.75579398722038, 2.7432018482058513, 2.1592802388759087, 2.159924447752745, 1.097215357165584, 1.0972497664615837, 2.1597328561653177, 2.159649441460349, 5.0559319071759665, 5.727437690625713, 5.05584503223744], [8.372257891990666, 6.915320265179337, 6.3966038536085685, 5.050046792852517, 3.885113831022201, 2.5244862249574664, 1.5275829961085587, 0.0, 1.5108394090703356, 2.4347262761961557, 2.3467378485889725, 3.664665181159119, 8.558781332058905, 8.980898131590182, 8.876725066149115, 6.979940305618666, 6.44278146300183, 7.18253165046977, 6.554615239661288, 5.19583689312896, 5.126653528375016, 4.174220517653566, 4.162714519397169, 2.751993579207626, 2.7532618818412464, 2.1597887188333957, 2.1598763807218226, 1.0957471879954792, 1.0957382442901222, 4.025151132566329, 4.396248049189218, 4.025155065335992], [9.400364846642923, 7.9917382846286955, 7.601901618674106, 6.3625310003174045, 5.044726244307019, 3.873150043569188, 2.518209469047403, 1.5108394090703356, 0.0, 1.222515897647143, 1.3639221422060717, 2.3412326689160983, 9.51731627981334, 10.109362324597926, 9.819900605403296, 8.106642774293192, 7.369891471385451, 8.469766761251458, 7.664473295667485, 6.562782944757506, 6.505838980485146, 5.166716946959645, 5.1537070822855275, 4.158462097939574, 4.159600619049863, 2.751668619219982, 2.7518633214605703, 2.1248144530758446, 2.1249171889746674, 2.641893245382939, 3.2575105632982986, 2.6419277772111784], [9.31659437187216, 7.993002255097894, 7.744013412953261, 6.673758749760138, 5.223981470104962, 4.341758507793818, 2.8253833385931904, 2.4347262761961557, 1.222515897647143, 0.0, 2.2957813854981928, 2.663418902463523, 9.352749455106773, 10.123241431972271, 9.660285116910371, 8.197652085200982, 7.239237604886305, 8.700819526343482, 7.709237504448803, 6.972970980866047, 6.934205283952877, 5.191546275436635, 5.177715184325998, 4.767993387159844, 4.768907307759295, 2.758982962977481, 2.7591659428167783, 3.1164464089728865, 3.1165904350748432, 2.6616346405921303, 3.7385315981010514, 2.661638919913819], [10.624192700624365, 9.18123255124278, 8.727514062434961, 7.39673806349799, 6.192502861525378, 4.871186618268695, 3.705210479851314, 2.3467378485889725, 1.3639221422060717, 2.2957813854981928, 0.0, 1.4281834405985805, 10.780424601099904, 11.282037582812778, 11.061325990585397, 9.225749791751346, 8.619463436316673, 9.527935475222321, 8.835497496462777, 7.507253971326667, 7.437898109681256, 6.376363107602954, 6.363982704250539, 4.995119559129692, 4.996344942055142, 4.00391456702063, 4.004194891610547, 2.582114577240909, 2.5820727817007794, 2.08152523165106, 2.0500690281061273, 2.0815376744128367], [11.71904826511095, 10.31287216152707, 9.939985131276606, 8.674166794568801, 7.384065558349276, 6.160536026191227, 4.8582435879646875, 3.664665181159119, 2.3412326689160983, 2.663418902463523, 1.4281834405985805, 0.0, 11.82858955243608, 12.441580570007973, 12.097850705393913, 10.390101165051282, 9.661721131868793, 10.792301757271245, 9.989237005397358, 8.820791132885985, 8.758776182207193, 7.479154881402042, 7.466115191985722, 6.330748779567864, 6.331918952418769, 4.999322068040826, 4.999615654227832, 3.9291879937208396, 3.9292125152503523, 1.0944303221311078, 1.093446048051755, 1.0945343987285188], [1.094729226795375, 2.1691668400563384, 2.778743098956793, 4.2324800602011114, 4.740664515656007, 6.2617668473043615, 7.083451302860775, 8.558781332058905, 9.51731627981334, 9.352749455106773, 10.780424601099904, 11.82858955243608, 0.0, 1.7748834891338638, 1.7721931751363902, 3.065399279049958, 2.4970250519368045, 3.053706989873128, 2.5862941112719566, 4.741371325892964, 4.872878337286906, 4.586699534523708, 4.5590111142659, 6.673299252243975, 6.646219134214579, 6.955619890419545, 6.980045989103511, 8.871076287012755, 8.851349110163941, 11.861932682746096, 12.772936065760291, 11.846948840524298], [1.0946506109256957, 2.1696954394568833, 2.7829340290420106, 4.187134077146324, 5.137707820614168, 6.536531821233642, 7.614539255923499, 8.980898131590182, 10.109362324597926, 10.123241431972271, 11.282037582812778, 12.441580570007973, 1.7748834891338638, 0.0, 1.771644470541423, 2.5015386744961585, 3.0599178600086634, 2.5193655431477184, 3.1537469571923484, 4.34308612970086, 4.791062271563582, 5.311269593985981, 5.001530023902685, 6.911070749891075, 6.665723092058355, 7.515962486601433, 7.732451971399499, 9.267845991922826, 9.085180074715085, 12.606259766084467, 13.312989011487993, 12.471227219083133], [1.094531228426124, 2.1598054796670927, 3.4704723885949593, 4.708371859783379, 5.2011198236533644, 6.6419194123385745, 7.442432452498309, 8.876725066149115, 9.819900605403296, 9.660285116910371, 11.061325990585397, 12.097850705393913, 1.7721931751363902, 1.771644470541423, 0.0, 2.475044664243456, 2.4623661669215653, 3.722660297421724, 3.7726535939574415, 4.849371365445216, 5.568658400368979, 5.360551161028128, 4.716277592551143, 7.250222610375491, 6.779676659694029, 7.104660597804797, 7.552466435542763, 9.349088733133302, 8.985882143674042, 12.261742420227234, 13.03077385307565, 11.984356070310996], [2.1465796467869533, 1.0960418878856777, 2.163496866186776, 2.7660290490159354, 3.46202960559265, 4.671111804485094, 5.703348565535864, 6.979940305618666, 8.106642774293192, 8.197652085200982, 9.225749791751346, 10.390101165051282, 3.065399279049958, 2.5015386744961585, 2.475044664243456, 0.0, 1.7655232114022177, 2.5267870349516994, 3.069181768810704, 2.5391002363041912, 3.732547112897572, 4.055350769045755, 3.06352033125292, 5.293816269006698, 4.570225775604527, 5.4655298773312, 6.0807926136318775, 7.423328919696338, 6.920907955608137, 10.690773604842635, 11.227415308965817, 10.344831301186113], [2.1391653395658787, 1.0950415562890752, 2.1687504559077326, 2.847831436374, 2.857428504792377, 4.29399159989863, 4.9881611311183605, 6.44278146300183, 7.369891471385451, 7.239237604886305, 8.619463436316673, 9.661721131868793, 2.4970250519368045, 3.0599178600086634, 2.4623661669215653, 1.7655232114022177, 0.0, 3.0654526990315802, 2.4963241295953535, 3.1811605272290175, 3.8508701951636852, 3.065411784736269, 2.286295564882196, 4.995910831870401, 4.554305634232292, 4.679052140124108, 5.107532102689126, 6.937723034252665, 6.623990516297559, 9.817155299780074, 10.595376541208907, 9.595791046078483], [2.710405722396557, 2.1531282497798405, 1.097217011351902, 2.143301028787137, 3.4814097532465205, 4.6604265352004, 5.969280139179263, 7.18253165046977, 8.469766761251458, 8.700819526343482, 9.527935475222321, 10.792301757271245, 3.053706989873128, 2.5193655431477184, 3.722660297421724, 2.5267870349516994, 3.0654526990315802, 0.0, 1.7600046051076115, 2.495922869401216, 2.394303395562058, 3.7278630366471353, 3.84577685000053, 4.760543810322513, 4.842967524152933, 6.183613225291504, 6.118267144380017, 7.2604975070583135, 7.316085473120172, 10.959163312497903, 11.577337885714487, 10.996390904746884], [2.776675600425804, 2.1622948203240004, 1.0968263217118743, 2.1621955531357475, 2.7836327236185454, 4.1763572189169835, 5.188004983613643, 6.554615239661288, 7.664473295667485, 7.709237504448803, 8.835497496462777, 9.989237005397358, 2.5862941112719566, 3.1537469571923484, 3.7726535939574415, 3.069181768810704, 2.4963241295953535, 1.7600046051076115, 0.0, 3.067631630427617, 2.4957818213938494, 2.533596031335698, 3.175923312991043, 4.323529770916352, 4.721278082256965, 5.403350598471286, 5.05922760705624, 6.657104119660441, 6.925586765032981, 10.010151562289153, 10.859071139374675, 10.192326817758541], [4.167543594253094, 2.782716275512112, 2.162060692950131, 1.0968093407698531, 2.163252694439556, 2.7804308802773714, 4.192314125873681, 5.19583689312896, 6.562782944757506, 6.972970980866047, 7.507253971326667, 8.820791132885985, 4.741371325892964, 4.34308612970086, 4.849371365445216, 2.5391002363041912, 3.1811605272290175, 2.495922869401216, 3.067631630427617, 0.0, 1.7602145039738768, 3.067754779965309, 2.494558776617621, 3.1227796496070614, 2.553164469829549, 4.371283835442398, 4.724887497073343, 5.4027828921769565, 5.091701462183344, 9.163271331789755, 9.53584790619062, 8.981618587982902], [4.653807233867772, 3.48025725054916, 2.1431661018222545, 1.0970987239077439, 2.1540716886863356, 2.7144192270170793, 4.145562949709002, 5.126653528375016, 6.505838980485146, 6.934205283952877, 7.437898109681256, 8.758776182207193, 4.872878337286906, 4.791062271563582, 5.568658400368979, 3.732547112897572, 3.8508701951636852, 2.394303395562058, 2.4957818213938494, 1.7602145039738768, 0.0, 2.5248812348306604, 3.0641595079238284, 2.485202233219663, 3.0241357558813395, 4.682250795290658, 4.353766978146625, 5.022831593832308, 5.313646388310009, 8.933220106993895, 9.465879954341277, 9.101492781956157], [4.658963646563472, 3.456795192081822, 2.7610559338774716, 2.1611379086027807, 1.0966483894120302, 2.160526128053072, 2.75579398722038, 4.174220517653566, 5.166716946959645, 5.191546275436635, 6.376363107602954, 7.479154881402042, 4.586699534523708, 5.311269593985981, 5.360551161028128, 4.055350769045755, 3.065411784736269, 3.7278630366471353, 2.533596031335698, 3.067754779965309, 2.5248812348306604, 0.0, 1.7657149656725457, 2.505767062198719, 3.0658769936186285, 3.0836077604001453, 2.528105735526107, 4.367031812341193, 4.71484043102203, 7.48310081249745, 8.376012276734079, 7.693162211340665], [4.27781147550941, 2.850308513126255, 2.842147225250655, 2.166305481689967, 1.0956802681439508, 2.153395999346149, 2.7432018482058513, 4.162714519397169, 5.1537070822855275, 5.177715184325998, 6.363982704250539, 7.466115191985722, 4.5590111142659, 5.001530023902685, 4.716277592551143, 3.06352033125292, 2.286295564882196, 3.84577685000053, 3.175923312991043, 2.494558776617621, 3.0641595079238284, 1.7657149656725457, 0.0, 3.0608225446765123, 2.501162365781158, 2.515351923687817, 3.0701486136667717, 4.70429886274246, 4.357364713906789, 7.679625366513656, 8.363398164621842, 7.470047189275313], [6.508099165655053, 5.116764138593844, 4.162036580809929, 2.7546258421063285, 2.1611907967599717, 1.0967324468620412, 2.1592802388759087, 2.751993579207626, 4.158462097939574, 4.767993387159844, 4.995119559129692, 6.330748779567864, 6.673299252243975, 6.911070749891075, 7.250222610375491, 5.293816269006698, 4.995910831870401, 4.760543810322513, 4.323529770916352, 3.1227796496070614, 2.485202233219663, 2.505767062198719, 3.0608225446765123, 0.0, 1.7652245777804023, 3.066656480599025, 2.509435310981337, 2.5378234887399085, 3.09664577890336, 6.523145120262158, 7.003776007983123, 6.762427283158024], [6.232169643069739, 4.720320406497847, 4.2075534708426465, 2.7512060955152013, 2.160687730793138, 1.0967857995069046, 2.159924447752745, 2.7532618818412464, 4.159600619049863, 4.768907307759295, 4.996344942055142, 6.331918952418769, 6.646219134214579, 6.665723092058355, 6.779676659694029, 4.570225775604527, 4.554305634232292, 4.842967524152933, 4.721278082256965, 2.553164469829549, 3.0241357558813395, 3.0658769936186285, 2.501162365781158, 1.7652245777804023, 0.0, 2.5098702595951052, 3.067068947708871, 3.098185651312716, 2.5389827982875346, 6.763622664667213, 7.0049899700142335, 6.524123365633118], [6.758305549470223, 5.358704878979622, 5.2275578782066106, 4.175483002001086, 2.7549242221883348, 2.161839274784321, 1.097215357165584, 2.1597887188333957, 2.751668619219982, 2.758982962977481, 4.00391456702063, 4.999322068040826, 6.955619890419545, 7.515962486601433, 7.104660597804797, 5.4655298773312, 4.679052140124108, 6.183613225291504, 5.403350598471286, 4.371283835442398, 4.682250795290658, 3.0836077604001453, 2.515351923687817, 3.066656480599025, 2.5098702595951052, 0.0, 1.7602808554318825, 3.065847597321172, 2.501532532268969, 5.266358175247862, 5.930207706311811, 4.955985731416102], [7.011532960059449, 5.708818211328857, 5.189886740575366, 4.176773878246224, 2.754442081438635, 2.1617370654175314, 1.0972497664615837, 2.1598763807218226, 2.7518633214605703, 2.7591659428167783, 4.004194891610547, 4.999615654227832, 6.980045989103511, 7.732451971399499, 7.552466435542763, 6.0807926136318775, 5.107532102689126, 6.118267144380017, 5.05922760705624, 4.724887497073343, 4.353766978146625, 2.528105735526107, 3.0701486136667717, 2.509435310981337, 3.067068947708871, 1.7602808554318825, 0.0, 2.5015854492701224, 3.0658629812827574, 4.956394175204389, 5.930524503785478, 5.266564441834924], [8.736720412717807, 7.302990128022905, 6.566765052900858, 5.1813927500238774, 4.182847152359264, 2.7646110359325418, 2.1597328561653177, 1.0957471879954792, 2.1248144530758446, 3.1164464089728865, 2.582114577240909, 3.9291879937208396, 8.871076287012755, 9.267845991922826, 9.349088733133302, 7.423328919696338, 6.937723034252665, 7.2604975070583135, 6.657104119660441, 5.4027828921769565, 5.022831593832308, 4.367031812341193, 4.70429886274246, 2.5378234887399085, 3.098185651312716, 3.065847597321172, 2.5015854492701224, 0.0, 1.7847557311856435, 4.168953453805883, 4.51313628533418, 4.538331127187614], [8.531720583211806, 7.028585753193881, 6.5966912751772755, 5.180021765398289, 4.1829177017962, 2.764429080298498, 2.159649441460349, 1.0957382442901222, 2.1249171889746674, 3.1165904350748432, 2.5820727817007794, 3.9292125152503523, 8.851349110163941, 9.085180074715085, 8.985882143674042, 6.920907955608137, 6.623990516297559, 7.316085473120172, 6.925586765032981, 5.091701462183344, 5.313646388310009, 4.71484043102203, 4.357364713906789, 3.09664577890336, 2.5389827982875346, 2.501532532268969, 3.0658629812827574, 1.7847557311856435, 0.0, 4.538319078689818, 4.513104365068462, 4.169031513433306], [11.853344001166928, 10.502820307422194, 10.080543361347145, 8.888447525299341, 7.54803192892028, 6.419960727294209, 5.0559319071759665, 4.025151132566329, 2.641893245382939, 2.6616346405921303, 2.08152523165106, 1.0944303221311078, 11.861932682746096, 12.606259766084467, 12.261742420227234, 10.690773604842635, 9.817155299780074, 10.959163312497903, 10.010151562289153, 9.163271331789755, 8.933220106993895, 7.48310081249745, 7.679625366513656, 6.523145120262158, 6.763622664667213, 5.266358175247862, 4.956394175204389, 4.168953453805883, 4.538319078689818, 0.0, 1.7750082450512732, 1.8018692349890433], [12.631657062317677, 11.197431677844701, 10.773764447490022, 9.446231118282043, 8.232769552829716, 6.920694356059947, 5.727437690625713, 4.396248049189218, 3.2575105632982986, 3.7385315981010514, 2.0500690281061273, 1.093446048051755, 12.772936065760291, 13.312989011487993, 13.03077385307565, 11.227415308965817, 10.595376541208907, 11.577337885714487, 10.859071139374675, 9.53584790619062, 9.465879954341277, 8.376012276734079, 8.363398164621842, 7.003776007983123, 7.0049899700142335, 5.930207706311811, 5.930524503785478, 4.51313628533418, 4.513104365068462, 1.7750082450512732, 0.0, 1.7750654776655426], [11.701531391659811, 10.312003272400569, 10.100202139561366, 8.887616097132009, 7.548020989636953, 6.419866548457219, 5.05584503223744, 4.025155065335992, 2.6419277772111784, 2.661638919913819, 2.0815376744128367, 1.0945343987285188, 11.846948840524298, 12.471227219083133, 11.984356070310996, 10.344831301186113, 9.595791046078483, 10.996390904746884, 10.192326817758541, 8.981618587982902, 9.101492781956157, 7.693162211340665, 7.470047189275313, 6.762427283158024, 6.524123365633118, 4.955985731416102, 5.266564441834924, 4.538331127187614, 4.169031513433306, 1.8018692349890433, 1.7750654776655426, 0.0]]}