{"total energy": -20.88880979, "HOMO-LUMO gap/eV": 11.76849614, "electronic energy": -21.14117713, "dipole": [0.5265273, -0.19110317, -0.40891269], "partial charges": [-0.10151145, -0.02295649, -0.10297878, 0.11773808, -0.10826877, -0.44782279, 0.04527874, 0.03118529, 0.03670862, 0.02813321, 0.02727254, 0.03655243, 0.0329202, 0.00918704, 0.04694986, 0.05326393, 0.03489834, 0.28345], "atomic dipole moments": [[0.00594162, -0.101728, -0.04462213], [0.00615653, -0.01505695, 0.09091705], [-0.09059805, 0.03701472, -0.01574793], [-0.00135242, 0.06952232, 0.15967279], [0.11268262, -0.03630714, 0.01677503], [0.11225271, -0.0596101, -0.19942676], [0.01250236, 0.0083724, 0.12855221], [0.09144683, 0.07106436, -0.04704099], [-0.10683851, 0.06051715, -0.03192263], [-0.0092486, 0.00773936, -0.12279317], [0.00936832, -0.11691736, -0.0433512], [0.09092883, 0.06615888, -0.0586449], [0.03236381, -0.00153241, 0.12169519], [0.0099865, -0.11351055, -0.02769167], [-0.08755733, -0.08080254, 0.04299363], [-0.03904835, 0.11032734, 0.05577046], [-0.01296534, 0.00909136, -0.12659745], [0.06549138, -0.03963023, 0.01178808]], "atomic quadrupole moments": [[-0.08790617, -0.01629888, 0.17710436, -0.01331415, 0.11752011, -0.08919819], [0.09841817, -0.00073707, 0.09073062, -0.02855286, 0.00052062, -0.18914879], [0.15076917, -0.11703154, -0.03881243, 0.05614523, -0.0225295, -0.11195675], [-0.03275454, 0.01284016, -0.29253374, 0.02475576, -0.0753472, 0.32528828], [0.17673823, -0.09552943, -0.08858704, 0.0945819, -0.043962, -0.08815119], [-0.05759156, -0.02408727, -0.11097237, -0.00186209, 0.00529657, 0.16856393], [-0.04908837, -0.00289154, -0.02882036, 0.01037136, -0.01376509, 0.07790873], [0.03086941, 0.04337424, -0.00798749, -0.0498573, -0.0168588, -0.02288192], [0.05769707, -0.0373306, -0.02051354, 0.03560801, -0.00138955, -0.03718353], [-0.01385055, -0.00214536, -0.02091614, 0.00920035, -0.00135876, 0.03476669], [-0.03278354, 0.00024183, 0.06675469, 0.0096602, 0.04455947, -0.03397115], [0.01706818, 0.04042344, 0.00087715, -0.03210032, -0.04383094, -0.01794533], [-0.03480459, -0.00888061, -0.04720828, 0.0098543, 0.00576656, 0.08201287], [-0.01438644, -0.01140233, 0.00688076, -0.0013627, 0.01524593, 0.00750568], [0.01263004, 0.04710598, 0.02856732, -0.02318941, -0.03413457, -0.04119736], [-0.03294025, -0.00863247, 0.06102539, -0.00027084, 0.05012665, -0.02808514], [-0.03531974, -0.00422677, -0.05253001, -0.00086849, -0.00987965, 0.08784975], [0.06613221, -0.09093572, -0.04348541, 0.05425061, -0.01985118, -0.02264679]], "number of molecular orbitals": 36, "number of electrons": 38, "number of unpaired electrons": 0, "orbital energies/eV": [-18.42850521, -17.16993935, -16.72748254, -16.02368506, -15.67385357, -15.3870477, -14.87011301, -14.34218002, -13.86880571, -13.37993479, -13.18699296, -12.77731677, -12.53869892, -12.45562177, -12.288247, -12.0880939, -11.73301792, -11.63843522, -10.86241764, 0.9060785, 1.77436533, 2.33800032, 2.83708813, 3.3003242, 3.75064762, 3.87297949, 4.81184009, 4.96145874, 5.6984628, 5.84155189, 5.98786951, 6.27576329, 6.85197658, 7.21397724, 7.65241, 7.7867787], "fractional occupation": [2.0, 2.0, 2.0, 2.0, 2.0, 2.0, 2.0, 2.0, 2.0, 2.0, 2.0, 2.0, 2.0, 2.0, 2.0, 2.0, 2.0, 2.0, 2.0, 0.0, 0.0, 0.0, 0.0, 0.0, 0.0, 0.0, 0.0, 0.0, 0.0, 0.0, 0.0, 0.0, 0.0, 0.0, 0.0, 0.0], "program call": "xtb /home/svss/Project-DBcg-Debug/aqme2_20220329/End-to-End-workflows-final/example-3/QDESCP/mol_471_rdkit_conf_5/mol_471_rdkit_conf_5.xyz --pop --wbo --acc 0.2 --gfn 2 --chrg 0 --uhf 0 --etemp 300 --input /home/svss/Project-DBcg-Debug/aqme2_20220329/End-to-End-workflows-final/example-3/QDESCP/mol_471_rdkit_conf_5/mol_471_rdkit_conf_5_xtb.inp", "method": "GFN2-xTB", "xtb version": "6.3.3 (7355c4f)", "Dipole module/D": 1.763, "Total charge": 0, "Transition dipole module/D": NaN, "HOMO": -10.8624, "LUMO": 0.9061, "HOMO occupancy": 2.0, "LUMO occupancy": 0, "mulliken charges": [-0.08411, -0.02519, -0.09147, 0.21965, -0.09323, -0.56973, 0.03677, 0.02543, 0.02965, 0.01988, 0.02468, 0.0325, 0.02712, 0.00763, 0.04039, 0.04232, 0.02368, 0.33404], "cm5 charges": [-0.23154, -0.09533, -0.23975, 0.17232, -0.23832, -0.78105, 0.09102, 0.07694, 0.08202, 0.07855, 0.07652, 0.0839, 0.08067, 0.07397, 0.09359, 0.09661, 0.07557, 0.50432], "FUKUI+": [0.016, -0.007, 0.027, -0.037, 0.036, -0.14, -0.042, -0.076, -0.053, -0.101, -0.056, -0.079, -0.038, -0.101, -0.062, -0.058, -0.102, -0.128], "FUKUI-": [0.024, -0.023, 0.031, -0.011, 0.027, -0.134, -0.06, -0.095, -0.05, -0.089, -0.051, -0.09, -0.051, -0.127, -0.098, -0.08, -0.061, -0.06], "FUKUIrad": [0.02, -0.015, 0.029, -0.024, 0.031, -0.137, -0.051, -0.085, -0.051, -0.095, -0.054, -0.084, -0.044, -0.114, -0.08, -0.069, -0.082, -0.094], "s proportion": [1.009, 1.06, 1.014, 1.018, 1.012, 1.697, 0.963, 0.975, 0.97, 0.98, 0.975, 0.968, 0.973, 0.992, 0.96, 0.958, 0.976, 0.666], "p proportion": [3.075, 2.965, 3.078, 2.762, 3.081, 4.872, 0.0, 0.0, 0.0, 0.0, 0.0, 0.0, 0.0, 0.0, 0.0, 0.0, 0.0, 0.0], "d proportion": [0.0, 0.0, 0.0, 0.0, 0.0, 0.0, 0.0, 0.0, 0.0, 0.0, 0.0, 0.0, 0.0, 0.0, 0.0, 0.0, 0.0, 0.0], "Fermi-level/eV": -4.9782, "Coordination numbers": [3.752, 3.847, 3.752, 3.724, 3.749, 1.653, 0.924, 0.924, 0.924, 0.924, 0.924, 0.924, 0.924, 0.924, 0.924, 0.924, 0.924, 0.804], "Dispersion coefficient C6": [22.5, 20.95, 22.527, 18.756, 22.635, 21.8, 2.38, 2.57, 2.493, 2.613, 2.626, 2.495, 2.545, 2.904, 2.358, 2.28, 2.518, 0.773], "Total dispersion C6": 2123.185895, "Total dispersion C8": 43645.906609, "Polarizability alpha": [6.764, 6.511, 6.768, 6.184, 6.785, 6.303, 2.413, 2.507, 2.469, 2.528, 2.534, 2.47, 2.495, 2.665, 2.402, 2.361, 2.482, 1.381], "Total polarizability alpha": 68.022598, "Wiberg matrix": [[0.0, 1.009921573492465, 0.0, 0.0, 0.0, 0.0, 0.9856761814449992, 0.9862608891599154, 0.9845094474784578, 0.0, 0.0, 0.0, 0.0, 0.0, 0.0, 0.0, 0.0, 0.0], [1.009921573492465, 0.0, 1.0079840537909306, 0.972831369233532, 0.0, 0.0, 0.0, 0.0, 0.0, 0.9681544760574763, 0.0, 0.0, 0.0, 0.0, 0.0, 0.0, 0.0, 0.0], [0.0, 1.0079840537909306, 0.0, 0.0, 0.0, 0.0, 0.0, 0.0, 0.0, 0.0, 0.9866092966975917, 0.9860831760914879, 0.9837198816379993, 0.0, 0.0, 0.0, 0.0, 0.0], [0.0, 0.972831369233532, 0.0, 0.0, 1.0074214689437961, 0.9830938610035889, 0.0, 0.0, 0.0, 0.0, 0.0, 0.0, 0.0, 0.964254462970024, 0.0, 0.0, 0.0, 0.0], [0.0, 0.0, 0.0, 1.0074214689437961, 0.0, 0.0, 0.0, 0.0, 0.0, 0.0, 0.0, 0.0, 0.0, 0.0, 0.9851348850425303, 0.9827827306253045, 0.9858749603834447, 0.0], [0.0, 0.0, 0.0, 0.9830938610035889, 0.0, 0.0, 0.0, 0.0, 0.0, 0.0, 0.0, 0.0, 0.0, 0.0, 0.0, 0.0, 0.0, 0.9013822976442346], [0.9856761814449992, 0.0, 0.0, 0.0, 0.0, 0.0, 0.0, 0.0, 0.0, 0.0, 0.0, 0.0, 0.0, 0.0, 0.0, 0.0, 0.0, 0.0], [0.9862608891599154, 0.0, 0.0, 0.0, 0.0, 0.0, 0.0, 0.0, 0.0, 0.0, 0.0, 0.0, 0.0, 0.0, 0.0, 0.0, 0.0, 0.0], [0.9845094474784578, 0.0, 0.0, 0.0, 0.0, 0.0, 0.0, 0.0, 0.0, 0.0, 0.0, 0.0, 0.0, 0.0, 0.0, 0.0, 0.0, 0.0], [0.0, 0.9681544760574763, 0.0, 0.0, 0.0, 0.0, 0.0, 0.0, 0.0, 0.0, 0.0, 0.0, 0.0, 0.0, 0.0, 0.0, 0.0, 0.0], [0.0, 0.0, 0.9866092966975917, 0.0, 0.0, 0.0, 0.0, 0.0, 0.0, 0.0, 0.0, 0.0, 0.0, 0.0, 0.0, 0.0, 0.0, 0.0], [0.0, 0.0, 0.9860831760914879, 0.0, 0.0, 0.0, 0.0, 0.0, 0.0, 0.0, 0.0, 0.0, 0.0, 0.0, 0.0, 0.0, 0.0, 0.0], [0.0, 0.0, 0.9837198816379993, 0.0, 0.0, 0.0, 0.0, 0.0, 0.0, 0.0, 0.0, 0.0, 0.0, 0.0, 0.0, 0.0, 0.0, 0.0], [0.0, 0.0, 0.0, 0.964254462970024, 0.0, 0.0, 0.0, 0.0, 0.0, 0.0, 0.0, 0.0, 0.0, 0.0, 0.0, 0.0, 0.0, 0.0], [0.0, 0.0, 0.0, 0.0, 0.9851348850425303, 0.0, 0.0, 0.0, 0.0, 0.0, 0.0, 0.0, 0.0, 0.0, 0.0, 0.0, 0.0, 0.0], [0.0, 0.0, 0.0, 0.0, 0.9827827306253045, 0.0, 0.0, 0.0, 0.0, 0.0, 0.0, 0.0, 0.0, 0.0, 0.0, 0.0, 0.0, 0.0], [0.0, 0.0, 0.0, 0.0, 0.9858749603834447, 0.0, 0.0, 0.0, 0.0, 0.0, 0.0, 0.0, 0.0, 0.0, 0.0, 0.0, 0.0, 0.0], [0.0, 0.0, 0.0, 0.0, 0.0, 0.9013822976442346, 0.0, 0.0, 0.0, 0.0, 0.0, 0.0, 0.0, 0.0, 0.0, 0.0, 0.0, 0.0]], "Born radii": [], "Atomic SASAs": [], "Solvent H bonds": [], "Total SASA": NaN, "Total FOD": 0.0, "FOD": [0.0, 0.0, 0.0, 0.0, 0.0, 0.0, 0.0, 0.0, 0.0, 0.0, 0.0, 0.0, 0.0, 0.0, 0.0, 0.0, 0.0, 0.0], "FOD s proportion": [0.0, 0.0, 0.0, 0.0, 0.0, 0.0, 0.0, 0.0, 0.0, 0.0, 0.0, 0.0, 0.0, 0.0, 0.0, 0.0, 0.0, 0.0], "FOD p proportion": [0.0, 0.0, 0.0, 0.0, 0.0, 0.0, 0.0, 0.0, 0.0, 0.0, 0.0, 0.0, 0.0, 0.0, 0.0, 0.0, 0.0, 0.0], "FOD d proportion": [0.0, 0.0, 0.0, 0.0, 0.0, 0.0, 0.0, 0.0, 0.0, 0.0, 0.0, 0.0, 0.0, 0.0, 0.0, 0.0, 0.0, 0.0], "coordinates": [["0.41260", "1.57510", "0.08900"], ["0.46220", "0.14320", "-0.45220"], ["1.84610", "-0.45320", "-0.17160"], ["-0.65520", "-0.75910", "0.11570"], ["-2.05040", "-0.30950", "-0.30250"], ["-0.62180", "-0.79010", "1.54010"], ["0.51270", "1.59820", "1.17920"], ["1.22630", "2.17490", "-0.33350"], ["-0.52570", "2.06980", "-0.17880"], ["0.34190", "0.18840", "-1.54250"], ["1.91060", "-1.48040", "-0.54530"], ["2.62550", "0.13110", "-0.67280"], ["2.07550", "-0.46350", "0.89890"], ["-0.51090", "-1.78630", "-0.24050"], ["-2.79760", "-1.02950", "0.04980"], ["-2.31820", "0.65130", "0.14870"], ["-2.13530", "-0.22960", "-1.39030"], ["0.20160", "-1.23070", "1.80870"]], "bond_dist": [[0.0, 1.531566260401423, 2.4973657121054575, 2.5669825418183114, 3.125917210995838, 2.9613925119781066, 1.0950295247161148, 1.0956157994479634, 1.094007230323456, 2.1423649619054173, 3.4615633375687347, 2.74998211812368, 2.7526467953589684, 3.5014900342568445, 4.134109558296684, 2.883442243222499, 3.4550057872599864, 3.297635930481107], [1.531566260401423, 0.0, 1.5328432829222955, 1.5444217234939426, 2.5574413267952014, 2.452623937745043, 2.186559217126305, 2.173877501148581, 2.182311052531238, 1.0978475395062832, 2.177752770633067, 2.1745522895529557, 2.190044061200596, 2.1713384697001987, 3.5005035823435464, 2.8896142614542866, 2.7867575603198786, 2.658417269730243], [2.4973657121054575, 1.5328432829222955, 0.0, 2.5362605918950836, 3.9013455050789845, 3.0222423645366367, 2.794791255174526, 2.7050458887050324, 3.4628046551892004, 2.133924790146082, 1.0949665656996106, 1.095478110233153, 1.0948519077939263, 2.708754662201802, 4.684558606741942, 4.320174398100151, 4.169744909463887, 2.6889541814616327], [2.5669825418183114, 1.5444217234939426, 2.5362605918950836, 0.0, 1.524340657464728, 1.4251287380443918, 2.837584527375352, 3.514282130108509, 2.8471346490814233, 2.1544354016772003, 2.74600151675122, 3.4895817485767546, 2.8561344663723376, 1.0967409767123686, 2.160401983428084, 2.1807994314012467, 2.1769479231254016, 1.9551884308168357], [3.125917210995838, 2.5574413267952014, 3.9013455050789845, 1.524340657464728, 0.0, 2.380556464358701, 3.5219647627425235, 4.1121730569128525, 2.8286180848605205, 2.7401831508130985, 4.137569292471124, 4.711187882052679, 4.300014973229744, 2.1342076960783363, 1.0958207563283333, 1.0947305239190146, 1.0940296431084489, 3.2213784130399827], [2.9613925119781066, 2.452623937745043, 3.0222423645366367, 1.4251287380443918, 2.380556464358701, 0.0, 2.668579387989048, 3.964476708217618, 3.3380953296752924, 3.374700386701018, 3.3523807972842223, 4.036148305005653, 2.7916361313752907, 2.0433427539206437, 2.6480959367062216, 2.6251477825067298, 3.3454576159323857, 0.9717313826361685], [1.0950295247161148, 2.186559217126305, 2.794791255174526, 2.837584527375352, 3.5219647627425235, 2.668579387989048, 0.0, 1.7692001413067997, 1.7733711173919575, 3.069911980822903, 3.7954976775121336, 3.1695757208181665, 2.6022142148562635, 3.810268402619427, 4.374750020286874, 3.157933607598488, 4.117655533188759, 2.91474332832241], [1.0956157994479634, 2.173877501148581, 2.7050458887050324, 3.514282130108509, 4.1121730569128525, 3.964476708217618, 1.7692001413067997, 0.0, 1.7619540572898034, 2.4879764086502107, 3.7248280255603747, 2.5000007139998983, 3.03333231941375, 4.326386284186838, 5.158184705882487, 3.888104171701165, 4.266005280118627, 4.151763756525653], [1.094007230323456, 2.182311052531238, 3.4628046551892004, 2.8471346490814233, 2.8286180848605205, 3.3380953296752924, 1.7733711173919575, 1.7619540572898034, 0.0, 2.4803373581027235, 4.321319240694906, 3.732647201384026, 3.7875173425345525, 3.8566219856242063, 3.849603623751412, 2.309210850052459, 3.0570876287735027, 3.9207680102245273], [2.1423649619054173, 1.0978475395062832, 2.133924790146082, 2.1544354016772003, 2.7401831508130985, 3.374700386701018, 3.069911980822903, 2.4879764086502107, 2.4803373581027235, 0.0, 2.498023412620466, 2.444277058764002, 3.0644373920835775, 2.514341251699936, 3.7249375766581645, 3.1859952699274365, 2.5168251190736313, 3.6419871416576965], [3.4615633375687347, 2.177752770633067, 1.0949665656996106, 2.74600151675122, 4.137569292471124, 3.3523807972842223, 3.7954976775121336, 3.7248280255603747, 4.321319240694906, 2.498023412620466, 0.0, 1.7675606099933319, 1.7739761159609786, 2.4597032544597734, 4.767032836052213, 4.786285650689896, 4.318313611816539, 2.9196484531532216], [2.74998211812368, 2.1745522895529557, 1.095478110233153, 3.4895817485767546, 4.711187882052679, 4.036148305005653, 3.1695757208181665, 2.5000007139998983, 3.732647201384026, 2.444277058764002, 1.7675606099933319, 0.0, 1.7681317965581638, 3.701393117462667, 5.592777192951638, 5.038416415898948, 4.828056273491434, 3.7266114232637673], [2.7526467953589684, 2.190044061200596, 1.0948519077939263, 2.8561344663723376, 4.300014973229744, 2.7916361313752907, 2.6022142148562635, 3.03333231941375, 3.7875173425345525, 3.0644373920835775, 1.7739761159609786, 1.7681317965581638, 0.0, 3.1204963002701986, 4.978798089900815, 4.594581457543222, 4.798539620551236, 2.2198723138955536], [3.5014900342568445, 2.1713384697001987, 2.708754662201802, 1.0967409767123686, 2.1342076960783363, 2.0433427539206437, 3.810268402619427, 4.326386284186838, 3.8566219856242063, 2.514341251699936, 2.4597032544597734, 3.701393117462667, 3.1204963002701986, 0.0, 2.426111543190049, 3.05936328179574, 2.5266638656536804, 2.239546438455787], [4.134109558296684, 3.5005035823435464, 4.684558606741942, 2.160401983428084, 1.0958207563283333, 2.6480959367062216, 4.374750020286874, 5.158184705882487, 3.849603623751412, 3.7249375766581645, 4.767032836052213, 5.592777192951638, 4.978798089900815, 2.426111543190049, 0.0, 1.7506268048901799, 1.7754912869400403, 3.482730436022863], [2.883442243222499, 2.8896142614542866, 4.320174398100151, 2.1807994314012467, 1.0947305239190146, 2.6251477825067298, 3.157933607598488, 3.888104171701165, 2.309210850052459, 3.1859952699274365, 4.786285650689896, 5.038416415898948, 4.594581457543222, 3.05936328179574, 1.7506268048901799, 0.0, 1.7826828714047824, 3.5562502780316234], [3.4550057872599864, 2.7867575603198786, 4.169744909463887, 2.1769479231254016, 1.0940296431084489, 3.3454576159323857, 4.117655533188759, 4.266005280118627, 3.0570876287735027, 2.5168251190736313, 4.318313611816539, 4.828056273491434, 4.798539620551236, 2.5266638656536804, 1.7754912869400403, 1.7826828714047824, 0.0, 4.086184506357979], [3.297635930481107, 2.658417269730243, 2.6889541814616327, 1.9551884308168357, 3.2213784130399827, 0.9717313826361685, 2.91474332832241, 4.151763756525653, 3.9207680102245273, 3.6419871416576965, 2.9196484531532216, 3.7266114232637673, 2.2198723138955536, 2.239546438455787, 3.482730436022863, 3.5562502780316234, 4.086184506357979, 0.0]]}