{"total energy": -55.05441661, "HOMO-LUMO gap/eV": 3.45648562, "electronic energy": -55.54699726, "dipole": [-0.78208311, 0.04244637, -0.21916605], "partial charges": [-0.14757722, 0.09944889, -0.03686481, -0.03496561, 0.09452688, -0.15183428, 0.01775363, -0.03950585, 0.01724203, -0.04539197, 0.08549696, -0.10877097, 0.07608635, -0.09566996, 0.07679038, -0.09302343, 0.08024713, -0.11236274, 0.07546188, 0.0783794, 0.07367485, 0.09085847], "atomic dipole moments": [[-0.00746483, 0.0172993, 0.01341619], [-0.09963244, 0.20194647, 0.05595574], [0.0397127, 0.01879096, 0.00189849], [0.04327776, 0.01700531, 0.00192951], [0.11590063, -0.19064623, -0.05311186], [0.05095149, -0.05339468, 6.453e-05], [0.0808608, -0.01870228, -0.01551525], [-0.02157679, -0.03573188, -0.0065371], [-0.03911874, -0.0038116, 0.03621979], [0.04873192, -0.00967744, 0.03116278], [0.11521471, 0.0365232, -0.1615132], [0.02684786, -0.00563525, -0.0118954], [0.18443423, -0.00511627, -0.00826248], [0.07185145, -0.00583773, -0.00268055], [0.11823437, -0.03988059, 0.13552546], [0.04191755, -0.0221211, 0.0588286], [-0.04617599, -0.04623316, 0.18606241], [-0.02870463, -0.02860072, 0.06280304], [-0.15498793, 0.00221657, 0.01219617], [-0.08943822, -0.12635376, -0.02280884], [0.08086999, 0.13253773, 0.02639717], [-0.09175601, 0.03352974, -0.12318327]], "atomic quadrupole moments": [[-0.10362724, -0.27386126, 0.27471639, -0.07097795, 0.13153215, -0.17108915], [-0.33231481, -0.25735935, 0.04902291, -0.01330645, -0.03808939, 0.2832919], [-0.28644458, -0.01381747, -0.19011966, 0.056887, -0.16556339, 0.47656423], [-0.25582959, -0.04489201, -0.22305951, 0.04774745, -0.17203344, 0.4788891], [-0.34234578, -0.26313296, 0.06371391, -0.0165105, -0.03467425, 0.27863186], [-0.12026178, -0.25682967, 0.2843242, -0.06830259, 0.13875186, -0.16406242], [-0.08751845, -0.02492325, -0.31766761, 0.0126331, -0.17853561, 0.40518605], [-0.23926831, -0.03508837, -0.22221449, 0.0449651, -0.1691053, 0.4614828], [-0.13141005, 0.01230067, 0.4085813, -0.02993309, 0.19106018, -0.27717125], [-0.2304515, 0.03509733, 0.44716625, -0.04050406, 0.18309642, -0.21671475], [-0.34133924, 0.07392419, 0.26216051, -0.19410913, 0.05880926, 0.07917873], [-0.16228735, 0.05975032, -0.17612006, -0.23547166, -0.13451191, 0.33840741], [0.147315, 0.01981733, 0.22280665, -0.05819448, 0.16637134, -0.37012165], [0.45385416, 0.00135276, -0.20871379, -0.09065071, 0.01334457, -0.24514037], [-0.22889966, -0.04996971, 0.25749561, 0.26881756, 0.068003, -0.02859595], [-0.00492017, -0.09081316, -0.17380059, 0.33193698, -0.10820338, 0.17872077], [-0.34052577, 0.07448226, 0.25809354, -0.20404485, 0.0555061, 0.08243223], [-0.13740403, 0.06164444, -0.17630618, -0.25572408, -0.11839377, 0.31371021], [0.02463304, -0.00231169, 0.0308147, -0.00680603, 0.02171196, -0.05544774], [0.02622883, -0.00754371, 0.02868484, -0.00816191, 0.02199056, -0.05491367], [0.03373835, -0.00047635, 0.01951363, -0.00662021, 0.01757216, -0.05325198], [0.03068665, -0.0016796, -0.0533445, -0.00594568, -0.02161209, 0.02265785]], "number of molecular orbitals": 106, "number of electrons": 94, "number of unpaired electrons": 0, "orbital energies/eV": [-29.27533495, -29.27169008, -29.2400498, -29.20816953, -29.17790413, -29.14824996, -19.329575, -18.87844782, -18.51594262, -18.27700934, -17.92173156, -17.86667005, -17.25206841, -17.09349768, -16.74537394, -16.5285702, -15.66787398, -15.604, -15.26759564, -15.19903756, -14.86473131, -14.82785576, -14.58014746, -14.47556913, -14.38678819, -14.28974209, -14.10147684, -13.70922567, -13.65862835, -13.49945995, -13.29824992, -13.29241667, -12.98598866, -12.90284015, -12.48419345, -12.20622663, -12.10942766, -12.09217025, -12.06894031, -12.04350122, -11.96816014, -11.89467831, -11.86807018, -11.83018003, -11.41078723, -11.26832497, -11.15142963, -7.69494401, -7.65583064, -7.3796486, -7.25814372, -5.33911334, -4.8177293, -4.62127051, -4.39969665, -4.32749063, -4.20089936, -4.08984299, -3.87675955, -0.39118105, -0.36249472, -0.28341662, -0.1280418, -0.07451737, -0.07320466, -0.06975954, -0.06782586, -0.05733937, -0.05335779, -0.05230236, -0.05094465, -0.03984765, 0.0025227, 0.06925466, 0.07220597, 0.07309814, 0.0965412, 0.09857472, 0.13886388, 0.24978086, 0.38711898, 0.47963645, 0.48359048, 1.51169807, 2.49675663, 2.55258055, 2.98165881, 3.18845232, 3.28815387, 3.60633932, 3.83258278, 4.0505498, 4.12295591, 4.41421461, 7.37996446, 7.81089705, 8.49113739, 9.21280316, 10.02056748, 10.21743165, 10.43558049, 10.83513986, 13.98074531, 14.57010832, 15.13510303, 15.81824168], "fractional occupation": [2.0, 2.0, 2.0, 2.0, 2.0, 2.0, 2.0, 2.0, 2.0, 2.0, 2.0, 2.0, 2.0, 2.0, 2.0, 2.0, 2.0, 2.0, 2.0, 2.0, 2.0, 2.0, 2.0, 2.0, 2.0, 2.0, 2.0, 2.0, 2.0, 2.0, 2.0, 2.0, 2.0, 2.0, 2.0, 2.0, 2.0, 2.0, 2.0, 2.0, 2.0, 2.0, 2.0, 2.0, 2.0, 2.0, 2.0, 0.0, 0.0, 0.0, 0.0, 0.0, 0.0, 0.0, 0.0, 0.0, 0.0, 0.0, 0.0, 0.0, 0.0, 0.0, 0.0, 0.0, 0.0, 0.0, 0.0, 0.0, 0.0, 0.0, 0.0, 0.0, 0.0, 0.0, 0.0, 0.0, 0.0, 0.0, 0.0, 0.0, 0.0, 0.0, 0.0, 0.0, 0.0, 0.0, 0.0, 0.0, 0.0, 0.0, 0.0, 0.0, 0.0, 0.0, 0.0, 0.0, 0.0, 0.0, 0.0, 0.0, 0.0, 0.0, 0.0, 0.0, 0.0, 0.0], "program call": "xtb /home/svss/Project-DBcg-Debug/aqme2_20220329/End-to-End-workflows-final/example-3/QDESCP/mol_669_rdkit_conf_1/mol_669_rdkit_conf_1.xyz --pop --wbo --acc 0.2 --gfn 2 --chrg 0 --uhf 0 --etemp 300 --input /home/svss/Project-DBcg-Debug/aqme2_20220329/End-to-End-workflows-final/example-3/QDESCP/mol_669_rdkit_conf_1/mol_669_rdkit_conf_1_xtb.inp", "method": "GFN2-xTB", "xtb version": "6.3.3 (7355c4f)", "Dipole module/D": 2.067, "Total charge": 0, "Transition dipole module/D": NaN, "HOMO": -11.1514, "LUMO": -7.6949, "HOMO occupancy": 2.0, "LUMO occupancy": 0, "mulliken charges": [-0.10035, 0.10992, -0.04347, -0.03831, 0.09959, -0.10837, -0.00215, -0.05092, -0.00347, -0.05419, 0.08953, -0.08179, 0.06879, -0.07367, 0.07215, -0.07129, 0.0794, -0.0892, 0.04854, 0.0496, 0.0474, 0.05226], "cm5 charges": [-0.10241, 0.10266, -0.09522, -0.08989, 0.09556, -0.10945, -0.00665, -0.09926, -0.00778, -0.10213, 0.08585, -0.0829, 0.06839, -0.07344, 0.07185, -0.07105, 0.07888, -0.08906, 0.10497, 0.10609, 0.10501, 0.10998], "FUKUI+": [-0.078, -0.023, -0.026, -0.025, -0.018, -0.062, -0.018, -0.02, -0.034, -0.028, -0.03, -0.094, -0.03, -0.095, -0.031, -0.095, -0.027, -0.085, -0.049, -0.046, -0.037, -0.05], "FUKUI-": [-0.158, -0.015, -0.016, -0.014, -0.013, -0.132, -0.012, -0.011, -0.011, -0.009, -0.013, -0.128, -0.01, -0.109, -0.008, -0.093, -0.01, -0.103, -0.038, -0.037, -0.03, -0.029], "FUKUIrad": [-0.118, -0.019, -0.021, -0.02, -0.016, -0.097, -0.015, -0.015, -0.022, -0.019, -0.022, -0.111, -0.02, -0.102, -0.019, -0.094, -0.019, -0.094, -0.044, -0.042, -0.034, -0.04], "s proportion": [1.943, 1.077, 1.063, 1.064, 1.082, 1.945, 1.079, 1.065, 1.08, 1.065, 1.08, 1.945, 1.083, 1.947, 1.086, 1.947, 1.086, 1.947, 0.951, 0.95, 0.953, 0.948], "p proportion": [5.168, 2.813, 2.981, 2.974, 2.818, 5.173, 2.923, 2.986, 2.924, 2.989, 2.83, 5.146, 2.848, 5.135, 2.842, 5.132, 2.835, 5.15, 0.0, 0.0, 0.0, 0.0], "d proportion": [-0.011, 0.0, 0.0, 0.0, 0.0, -0.01, 0.0, 0.0, 0.0, 0.0, 0.0, -0.01, 0.0, -0.008, 0.0, -0.008, 0.0, -0.009, 0.0, 0.0, 0.0, 0.0], "Fermi-level/eV": -9.4232, "Coordination numbers": [0.966, 2.876, 2.948, 2.952, 2.879, 0.958, 2.99, 2.953, 2.993, 2.963, 2.902, 0.972, 2.919, 0.973, 2.918, 0.976, 2.9, 0.961, 0.925, 0.925, 0.925, 0.924], "Dispersion coefficient C6": [103.771, 25.794, 28.916, 28.869, 25.899, 103.904, 27.605, 28.981, 27.615, 29.124, 26.096, 102.547, 26.301, 102.137, 26.285, 102.056, 26.209, 102.656, 2.027, 1.996, 2.046, 1.871], "Total dispersion C6": 16676.20671, "Total dispersion C8": 561852.768868, "Polarizability alpha": [15.585, 8.326, 8.82, 8.813, 8.343, 15.595, 8.619, 8.83, 8.62, 8.852, 8.376, 15.493, 8.41, 15.462, 8.407, 15.455, 8.394, 15.501, 2.226, 2.209, 2.237, 2.139], "Total polarizability alpha": 204.709101, "Wiberg matrix": [[0.0, 0.9935856150414488, 0.0, 0.0, 0.0, 0.0, 0.0, 0.0, 0.0, 0.0, 0.0, 0.0, 0.0, 0.0, 0.0, 0.0, 0.0, 0.0, 0.0, 0.0, 0.0, 0.0], [0.9935856150414488, 0.0, 1.3944350619793182, 0.0, 0.0, 0.0, 0.0, 1.4001158178401678, 0.0, 0.0, 0.0, 0.0, 0.0, 0.0, 0.0, 0.0, 0.0, 0.0, 0.0, 0.0, 0.0, 0.0], [0.0, 1.3944350619793182, 0.0, 1.4431733748501792, 0.0, 0.0, 0.10390129970372897, 0.0, 0.0, 0.0, 0.0, 0.0, 0.0, 0.0, 0.0, 0.0, 0.0, 0.0, 0.964593171259986, 0.0, 0.0, 0.0], [0.0, 0.0, 1.4431733748501792, 0.0, 1.3983286248975302, 0.0, 0.0, 0.10640363360942273, 0.0, 0.0, 0.0, 0.0, 0.0, 0.0, 0.0, 0.0, 0.0, 0.0, 0.0, 0.9636617534965483, 0.0, 0.0], [0.0, 0.0, 0.0, 1.3983286248975302, 0.0, 0.9907424012990674, 1.360726358150935, 0.0, 0.0, 0.0, 0.0, 0.0, 0.0, 0.0, 0.0, 0.0, 0.0, 0.0, 0.0, 0.0, 0.0, 0.0], [0.0, 0.0, 0.0, 0.0, 0.9907424012990674, 0.0, 0.0, 0.0, 0.0, 0.0, 0.0, 0.0, 0.0, 0.0, 0.0, 0.0, 0.0, 0.0, 0.0, 0.0, 0.0, 0.0], [0.0, 0.0, 0.10390129970372897, 0.0, 1.360726358150935, 0.0, 0.0, 1.40148094786183, 1.0135228777438121, 0.0, 0.0, 0.0, 0.0, 0.0, 0.0, 0.0, 0.0, 0.0, 0.0, 0.0, 0.0, 0.0], [0.0, 1.4001158178401678, 0.0, 0.10640363360942273, 0.0, 0.0, 1.40148094786183, 0.0, 0.0, 0.0, 0.0, 0.0, 0.0, 0.0, 0.0, 0.0, 0.0, 0.0, 0.0, 0.0, 0.9644864120004292, 0.0], [0.0, 0.0, 0.0, 0.0, 0.0, 0.0, 1.0135228777438121, 0.0, 0.0, 1.399183541195161, 0.0, 0.0, 0.0, 0.0, 0.0, 0.0, 1.3536226286253565, 0.0, 0.0, 0.0, 0.0, 0.0], [0.0, 0.0, 0.0, 0.0, 0.0, 0.0, 0.0, 0.0, 1.399183541195161, 0.0, 1.3930229546283508, 0.0, 0.0, 0.0, 0.0, 0.0, 0.0, 0.0, 0.0, 0.0, 0.0, 0.9606061466293628], [0.0, 0.0, 0.0, 0.0, 0.0, 0.0, 0.0, 0.0, 0.0, 1.3930229546283508, 0.0, 1.0095441664987064, 1.35362591128601, 0.0, 0.0, 0.0, 0.0, 0.0, 0.0, 0.0, 0.0, 0.0], [0.0, 0.0, 0.0, 0.0, 0.0, 0.0, 0.0, 0.0, 0.0, 0.0, 1.0095441664987064, 0.0, 0.0, 0.0, 0.0, 0.0, 0.0, 0.0, 0.0, 0.0, 0.0, 0.0], [0.0, 0.0, 0.0, 0.0, 0.0, 0.0, 0.0, 0.0, 0.0, 0.0, 1.35362591128601, 0.0, 0.0, 1.0141802494457959, 1.3534376275748359, 0.0, 0.0, 0.0, 0.0, 0.0, 0.0, 0.0], [0.0, 0.0, 0.0, 0.0, 0.0, 0.0, 0.0, 0.0, 0.0, 0.0, 0.0, 0.0, 1.0141802494457959, 0.0, 0.0, 0.0, 0.0, 0.0, 0.0, 0.0, 0.0, 0.0], [0.0, 0.0, 0.0, 0.0, 0.0, 0.0, 0.0, 0.0, 0.0, 0.0, 0.0, 0.0, 1.3534376275748359, 0.0, 0.0, 1.0155040651731826, 1.3556074317029352, 0.0, 0.0, 0.0, 0.0, 0.0], [0.0, 0.0, 0.0, 0.0, 0.0, 0.0, 0.0, 0.0, 0.0, 0.0, 0.0, 0.0, 0.0, 0.0, 1.0155040651731826, 0.0, 0.0, 0.0, 0.0, 0.0, 0.0, 0.0], [0.0, 0.0, 0.0, 0.0, 0.0, 0.0, 0.0, 0.0, 1.3536226286253565, 0.0, 0.0, 0.0, 0.0, 0.0, 1.3556074317029352, 0.0, 0.0, 1.0071374056422844, 0.0, 0.0, 0.0, 0.0], [0.0, 0.0, 0.0, 0.0, 0.0, 0.0, 0.0, 0.0, 0.0, 0.0, 0.0, 0.0, 0.0, 0.0, 0.0, 0.0, 1.0071374056422844, 0.0, 0.0, 0.0, 0.0, 0.0], [0.0, 0.0, 0.964593171259986, 0.0, 0.0, 0.0, 0.0, 0.0, 0.0, 0.0, 0.0, 0.0, 0.0, 0.0, 0.0, 0.0, 0.0, 0.0, 0.0, 0.0, 0.0, 0.0], [0.0, 0.0, 0.0, 0.9636617534965483, 0.0, 0.0, 0.0, 0.0, 0.0, 0.0, 0.0, 0.0, 0.0, 0.0, 0.0, 0.0, 0.0, 0.0, 0.0, 0.0, 0.0, 0.0], [0.0, 0.0, 0.0, 0.0, 0.0, 0.0, 0.0, 0.9644864120004292, 0.0, 0.0, 0.0, 0.0, 0.0, 0.0, 0.0, 0.0, 0.0, 0.0, 0.0, 0.0, 0.0, 0.0], [0.0, 0.0, 0.0, 0.0, 0.0, 0.0, 0.0, 0.0, 0.0, 0.9606061466293628, 0.0, 0.0, 0.0, 0.0, 0.0, 0.0, 0.0, 0.0, 0.0, 0.0, 0.0, 0.0]], "Born radii": [], "Atomic SASAs": [], "Solvent H bonds": [], "Total SASA": NaN, "Total FOD": 0.0, "FOD": [0.0, 0.0, 0.0, 0.0, 0.0, 0.0, 0.0, 0.0, 0.0, 0.0, 0.0, 0.0, 0.0, 0.0, 0.0, 0.0, 0.0, 0.0, 0.0, 0.0, 0.0, 0.0], "FOD s proportion": [0.0, 0.0, 0.0, 0.0, 0.0, 0.0, 0.0, 0.0, 0.0, 0.0, 0.0, 0.0, 0.0, 0.0, 0.0, 0.0, 0.0, 0.0, 0.0, 0.0, 0.0, 0.0], "FOD p proportion": [0.0, 0.0, 0.0, 0.0, 0.0, 0.0, 0.0, 0.0, 0.0, 0.0, 0.0, 0.0, 0.0, 0.0, 0.0, 0.0, 0.0, 0.0, 0.0, 0.0, 0.0, 0.0], "FOD d proportion": [0.0, 0.0, 0.0, 0.0, 0.0, 0.0, 0.0, 0.0, 0.0, 0.0, 0.0, 0.0, 0.0, 0.0, 0.0, 0.0, 0.0, 0.0, 0.0, 0.0, 0.0, 0.0], "coordinates": [["-3.59860", "2.71030", "0.90710"], ["-2.82040", "1.23020", "0.50480"], ["-3.58220", "0.08480", "0.29180"], ["-2.94910", "-1.11420", "-0.03700"], ["-1.55580", "-1.16360", "-0.15070"], ["-0.83660", "-2.68010", "-0.57030"], ["-0.77230", "-0.01210", "0.06530"], ["-1.42980", "1.18840", "0.39280"], ["0.69800", "-0.02280", "-0.04290"], ["1.28210", "0.27920", "-1.28360"], ["2.66950", "0.27230", "-1.44930"], ["3.27170", "0.65930", "-3.02470"], ["3.51060", "-0.03600", "-0.37180"], ["5.23540", "-0.03810", "-0.59380"], ["2.94630", "-0.33790", "0.88160"], ["3.97740", "-0.71750", "2.23350"], ["1.54500", "-0.32990", "1.04430"], ["0.83120", "-0.69270", "2.59180"], ["-4.66540", "0.11740", "0.38050"], ["-3.54700", "-2.00760", "-0.20250"], ["-0.85350", "2.09520", "0.56840"], ["0.64360", "0.51550", "-2.13520"]], "bond_dist": [[0.0, 1.7199234110855053, 2.6966856138600956, 3.9924898634811843, 4.50544935494785, 6.234401889515945, 4.013484856082056, 2.698958602868892, 5.180068259202768, 5.8762782600894585, 7.126397587140364, 8.177204554736294, 7.727772870627087, 9.372617530338044, 7.21996464672785, 8.420506267440217, 5.976475620296631, 5.834530926304188, 2.852805673367887, 4.84690160102307, 2.833485434936979, 5.662949511517827], [1.7199234110855053, 0.0, 1.3919947557372476, 2.4096311522720653, 2.7855290072085044, 4.514614993551499, 2.435402050996919, 1.3957290568014982, 3.7748010344917513, 4.575290352535017, 5.905512782985065, 7.063779404115053, 6.51561593404645, 8.228694944521884, 5.98796666156384, 7.279562062377104, 4.667085752372673, 4.624640090861125, 2.158193533953802, 3.392870420455223, 2.1496431261956017, 4.413580416170073], [2.6966856138600956, 1.3919947557372476, 0.0, 1.3951795762553292, 2.420868804788892, 3.990765312568505, 2.8206789732261273, 2.420941907605385, 4.294614521700405, 5.116746134996342, 6.492329192978433, 7.635782062762137, 7.124799607006501, 8.862813409409002, 6.568702427420502, 7.846109630893516, 5.198693314670524, 5.037122770987422, 1.0873144393412608, 2.150281211841837, 3.400591038334366, 4.89215873924794], [3.9924898634811843, 2.4096311522720653, 1.3951795762553292, 0.0, 1.3988041106602453, 2.683115344147545, 2.4420376614622468, 2.7919468637493803, 3.806905197138484, 4.625865168808965, 5.956982415619507, 7.125307444594935, 6.55761621094129, 8.27369673725113, 6.016827138118562, 7.299927629093319, 4.688418815549651, 4.6237343976487235, 2.153330095456802, 1.0876756042129474, 3.8805021427645165, 4.468317202258586], [4.50544935494785, 2.7855290072085044, 2.420868804788892, 1.3988041106602453, 0.0, 1.7300534818322815, 1.4094255922183334, 2.417265448807805, 2.528371001257529, 3.379173073401243, 4.647723190982871, 5.906572327500951, 5.195072273799471, 6.8980783773453895, 4.692156027883131, 6.041499572953722, 3.426082504844272, 3.666172671874581, 3.404812270889542, 2.1633068853031463, 3.4102943479998906, 3.4051398532218906], [6.234401889515945, 4.514614993551499, 3.990765312568505, 2.683115344147545, 1.7300534818322815, 0.0, 2.743418642861494, 4.030476411046218, 3.113581733309726, 3.7087926701286498, 4.667123736306977, 5.835563435521886, 5.0920344558928505, 6.621925720664647, 4.680197309943246, 5.906580161142317, 3.715157030328597, 4.090255738948361, 4.836293656303347, 2.8167004189299223, 4.909217187087978, 3.8537985689446717], [4.013484856082056, 2.435402050996919, 2.8206789732261273, 2.4420376614622468, 1.4094255922183334, 2.743418642861494, 0.0, 1.4073957332605496, 1.4743146950363073, 2.474862877009553, 3.771058705456599, 5.13349919255862, 4.30521312248302, 6.043802453753762, 3.8210570906491306, 5.268617512213237, 2.5356098142261554, 3.0688158726127575, 3.907985273769593, 3.428220701763526, 2.168044358402291, 2.669332279803322], [2.698958602868892, 1.3957290568014982, 2.420941907605385, 2.7919468637493803, 2.417265448807805, 4.030476411046218, 1.4073957332605496, 0.0, 2.486839916440139, 3.31532248959283, 4.58659264705293, 5.836382039414487, 5.146971991375124, 6.848545309041914, 4.6603399382448485, 6.021498413185874, 3.4028109233397026, 3.6723642534476344, 3.4082693042070487, 3.8796048677668193, 1.0886887939167926, 3.338048227632429], [5.180068259202768, 3.7748010344917513, 4.294614521700405, 3.806905197138484, 2.528371001257529, 3.113581733309726, 1.4743146950363073, 2.486839916440139, 0.0, 1.4041770899712047, 2.4396428468118034, 3.997539660841403, 2.831795933678838, 4.570746510144705, 2.451293770644392, 4.052045089828098, 1.4119926522471709, 2.721792119174424, 5.381912593121521, 4.688808825277482, 2.6956935916383378, 2.1611213617009115], [5.8762782600894585, 4.575290352535017, 5.116746134996342, 4.625865168808965, 3.379173073401243, 3.7087926701286498, 2.474862877009553, 3.31532248959283, 1.4041770899712047, 0.0, 1.397276944631951, 2.671032268618258, 2.4283621085002958, 4.025553902259912, 2.7997258955119158, 4.541810805174517, 2.4205862161881364, 4.0207742513103115, 6.178038871680883, 5.451462029584357, 3.35984335349135, 1.0902946849361417], [7.126397587140364, 5.905512782985065, 6.492329192978433, 5.956982415619507, 4.647723190982871, 4.667123736306977, 3.771058705456599, 4.58659264705293, 2.4396428468118034, 1.397276944631951, 0.0, 1.730404288020577, 1.401250994647283, 2.7225119320216025, 2.4252952583139233, 4.031540932447542, 2.8009259272604834, 4.543243455946423, 7.561277673779743, 6.737753817111456, 4.450349053726011, 2.1526439231791215], [8.177204554736294, 7.063779404115053, 7.635782062762137, 7.125307444594935, 5.906572327500951, 5.835563435521886, 5.13349919255862, 5.836382039414487, 3.997539660841403, 2.671032268618258, 1.730404288020577, 0.0, 2.7528882487307764, 3.201836857180578, 4.044684498202549, 5.481081824786052, 4.529544185676965, 6.271285075644386, 8.653704354783564, 7.846772466434846, 5.655921804622126, 2.7782725388269593], [7.727772870627087, 6.51561593404645, 7.124799607006501, 6.55761621094129, 5.195072273799471, 5.0920344558928505, 4.30521312248302, 5.146971991375124, 2.831795933678838, 2.4283621085002958, 1.401250994647283, 2.7528882487307764, 0.0, 1.7390294563347686, 1.4073342389070196, 2.7331177398714455, 2.4403482907158973, 4.048871967597889, 8.211970704404637, 7.329773994469408, 4.9468533725995965, 3.41078008819097], [9.372617530338044, 8.228694944521884, 8.862813409409002, 8.27369673725113, 6.8980783773453895, 6.621925720664647, 6.043802453753762, 6.848545309041914, 4.570746510144705, 4.025553902259912, 2.7225119320216025, 3.201836857180578, 1.7390294563347686, 0.0, 2.7398291935812353, 3.1682445691581322, 4.048156495245706, 5.474808321758855, 9.949838258986928, 9.00902856583328, 6.555637340487957, 4.875142475866731], [7.21996464672785, 5.98796666156384, 6.568702427420502, 6.016827138118562, 4.692156027883131, 4.680197309943246, 3.8210570906491306, 4.6603399382448485, 2.451293770644392, 2.7997258955119158, 2.4252952583139233, 4.044684498202549, 1.4073342389070196, 2.7398291935812353, 0.0, 1.7420955714311424, 1.4107363254697882, 2.7430485030345344, 7.6417521675333075, 6.7916209987012675, 4.522891761915157, 3.889961579501782], [8.420506267440217, 7.279562062377104, 7.846109630893516, 7.299927629093319, 6.041499572953722, 5.906580161142317, 5.268617512213237, 6.021498413185874, 4.052045089828098, 4.541810805174517, 4.031540932447542, 5.481081824786052, 2.7331177398714455, 3.1682445691581322, 1.7420955714311424, 0.0, 2.7351417074806195, 3.1666336021080808, 8.878550492619839, 8.013429313970393, 5.832789565036613, 5.632055675328504], [5.976475620296631, 4.667085752372673, 5.198693314670524, 4.688418815549651, 3.426082504844272, 3.715157030328597, 2.5356098142261554, 3.4028109233397026, 1.4119926522471709, 2.4205862161881364, 2.8009259272604834, 4.529544185676965, 2.4403482907158973, 4.048156495245706, 1.4107363254697882, 2.7351417074806195, 0.0, 1.7423807075378217, 6.261770986709751, 5.50433025262838, 3.443892139716341, 3.4112231486667652], [5.834530926304188, 4.624640090861125, 5.037122770987422, 4.6237343976487235, 3.666172671874581, 4.090255738948361, 3.0688158726127575, 3.6723642534476344, 2.721792119174424, 4.0207742513103115, 4.543243455946423, 6.271285075644386, 4.048871967597889, 5.474808321758855, 2.7430485030345344, 3.1666336021080808, 1.7423807075378217, 0.0, 5.979859635476405, 5.357770967482653, 3.8346770476795045, 4.882567971877094], [2.852805673367887, 2.158193533953802, 1.0873144393412608, 2.153330095456802, 3.404812270889542, 4.836293656303347, 3.907985273769593, 3.4082693042070487, 5.381912593121521, 6.178038871680883, 7.561277673779743, 8.653704354783564, 8.211970704404637, 9.949838258986928, 7.6417521675333075, 8.878550492619839, 6.261770986709751, 5.979859635476405, 0.0, 2.4710994638014876, 4.298555671385448, 5.888353853157944], [4.84690160102307, 3.392870420455223, 2.150281211841837, 1.0876756042129474, 2.1633068853031463, 2.8167004189299223, 3.428220701763526, 3.8796048677668193, 4.688808825277482, 5.451462029584357, 6.737753817111456, 7.846772466434846, 7.329773994469408, 9.00902856583328, 6.7916209987012675, 8.013429313970393, 5.50433025262838, 5.357770967482653, 2.4710994638014876, 0.0, 4.968118044088727, 5.259514355907776], [2.833485434936979, 2.1496431261956017, 3.400591038334366, 3.8805021427645165, 3.4102943479998906, 4.909217187087978, 2.168044358402291, 1.0886887939167926, 2.6956935916383378, 3.35984335349135, 4.450349053726011, 5.655921804622126, 4.9468533725995965, 6.555637340487957, 4.522891761915157, 5.832789565036613, 3.443892139716341, 3.8346770476795045, 4.298555671385448, 4.968118044088727, 0.0, 3.470765543795778], [5.662949511517827, 4.413580416170073, 4.89215873924794, 4.468317202258586, 3.4051398532218906, 3.8537985689446717, 2.669332279803322, 3.338048227632429, 2.1611213617009115, 1.0902946849361417, 2.1526439231791215, 2.7782725388269593, 3.41078008819097, 4.875142475866731, 3.889961579501782, 5.632055675328504, 3.4112231486667652, 4.882567971877094, 5.888353853157944, 5.259514355907776, 3.470765543795778, 0.0]]}