{"total energy": -55.9050931, "HOMO-LUMO gap/eV": 3.54018208, "electronic energy": -56.53061223, "dipole": [0.16903074, 0.15660995, 0.69111978], "partial charges": [-0.10069013, -0.05239205, -0.0538926, 0.00245985, -0.12404778, 0.2348532, -0.43700627, -0.11603876, 0.00498275, -0.05831471, -0.05458832, -0.1024351, -0.11298017, 0.00071811, -0.05471305, -0.05296013, -0.10105388, 0.03689352, 0.03686467, 0.03718297, 0.03431099, 0.03087502, 0.04474336, 0.0480068, 0.06005078, 0.06237081, 0.04975281, 0.05810003, 0.04642041, 0.04837298, 0.0353628, 0.04419515, 0.03611281, 0.03791611, 0.0337846, 0.0609943, 0.06139356, 0.0512761, 0.04187348, 0.0426083, 0.0323347, 0.03261582, 0.03647602, 0.03721013], "atomic dipole moments": [[-0.08175427, -0.06145407, 0.04216641], [-0.02445034, 0.06280006, -0.09676252], [-0.01471908, -0.07585089, 0.09882659], [-0.0806637, 0.04519353, -0.12930918], [0.20537913, 0.43707597, 0.24957845], [-0.07826511, -0.10914817, -0.23993223], [-0.02974802, -0.03564027, -0.08890072], [0.35361597, -0.17296686, 0.37850217], [-0.03727755, 0.0542625, -0.15454807], [0.09291473, -0.05032678, -0.06581465], [-0.05044319, 0.06865208, 0.09029424], [0.10601212, 0.01383184, -0.01686482], [-0.16432311, 0.09117464, 0.49608655], [-0.08961771, -0.1263287, -0.06092786], [0.05532042, -0.03732158, -0.10342976], [-0.01206122, 0.02714889, 0.11849197], [0.09000605, -0.05072454, -0.02970453], [0.10406192, -0.01332981, 0.06907581], [0.02811569, -0.03450105, -0.11837031], [-0.02969398, 0.12316434, -0.00061041], [-0.01731028, 0.03478169, 0.11813419], [0.03865006, -0.11706619, 0.00395839], [0.02231272, -0.03386178, -0.12030191], [-0.03028434, 0.12233989, -0.0033795], [0.03873563, -0.12119875, 0.01031946], [-0.03179017, 0.03690821, 0.12007428], [0.06050175, -0.11151878, 0.01286203], [0.04281734, 0.07721849, 0.08881398], [-0.02732517, -0.03138704, 0.11679875], [-0.05917283, 0.11223485, -0.01462656], [0.05462642, -0.11080732, 0.0149762], [0.01279772, 0.02909014, -0.12294086], [-0.06441053, 0.10706477, -0.02027071], [-0.04609776, -0.08742167, -0.0780391], [-0.02319092, -0.03849977, 0.11728457], [0.07454048, -0.0116216, 0.10170744], [0.06464229, 0.07820242, -0.07772045], [-0.06158329, -0.06533752, 0.09009889], [0.02242816, 0.10631423, 0.05824163], [-0.03783557, -0.10454225, -0.06054185], [0.05647613, 0.0697336, -0.08526574], [0.02568334, 0.11088994, 0.05274396], [-0.07293693, 0.02176893, -0.0999984], [-0.06771642, -0.06883193, 0.08236143]], "atomic quadrupole moments": [[0.08495862, 0.15063642, -0.01609595, -0.09536198, -0.08269983, -0.06886267], [0.19399454, 0.10909826, -0.11885346, 0.06384001, -0.10339965, -0.07514108], [0.21071731, 0.1230981, -0.13190199, 0.05922819, -0.11832533, -0.07881532], [0.26890553, 0.09511301, -0.20682413, 0.22979256, -0.08252686, -0.0620814], [0.04833741, -0.21217773, 0.2925556, 0.3337032, 0.12520392, -0.34089301], [0.36104362, -0.14046694, 0.38313395, -0.40310989, -0.59370118, -0.74417758], [-0.02658021, 0.01045692, -0.02294369, 0.02853893, 0.03609991, 0.0495239], [0.42670147, 0.02579112, -0.47555197, -0.0703852, -0.31799769, 0.0488505], [0.01220697, 0.08194061, -0.21303089, -0.13579277, -0.22866307, 0.20082392], [0.18200513, 0.11606673, -0.09145909, 0.02570011, 0.12848497, -0.09054604], [0.15570824, 0.12281624, -0.06183764, 0.01232177, 0.1523987, -0.0938706], [0.22669998, 0.0475129, -0.11800051, -0.05787684, 0.0013771, -0.10869947], [-0.43054415, 0.21494005, 0.29611766, -0.27996285, -0.05532819, 0.13442649], [-0.08130781, -0.02335902, 0.2420174, -0.03331036, 0.26120253, -0.16070959], [0.14154253, -0.16536179, -0.13062877, 0.06205051, 0.01964019, -0.01091376], [0.11823216, -0.18173535, -0.14618952, 0.06649944, 0.00081828, 0.02795736], [0.1296455, -0.14901502, -0.04377732, -0.07700577, 0.05183575, -0.08586818], [0.04007274, -0.0068355, -0.0410595, 0.05531395, -0.0210839, 0.00098676], [-0.03993299, 0.00610478, -0.02299799, -0.01948204, 0.03875477, 0.06293098], [-0.02097447, -0.03603905, 0.06668947, -0.0117251, -0.00038197, -0.04571499], [-0.01416719, -0.00175043, -0.02361678, -0.01775156, 0.03183445, 0.03778396], [-0.01280778, -0.01834475, 0.0512048, -0.00069214, 0.00908081, -0.03839702], [-0.01177331, -0.00045715, -0.02224607, -0.01241527, 0.03320547, 0.03401938], [-0.00585245, -0.02045899, 0.0408631, 0.00120467, 0.00768805, -0.03501066], [-0.00526897, -0.02444983, 0.04962986, 0.00082433, 0.00273533, -0.04436089], [0.00010793, 0.00316715, -0.02869825, -0.00168179, 0.03358881, 0.02859032], [-0.02235026, -0.02382486, 0.03626552, -0.01953555, -0.01530466, -0.01391525], [-0.02720636, 0.03024682, -0.00359346, -0.00423674, 0.02268716, 0.03079982], [-0.02669144, 0.01951226, -0.02171677, -0.00338539, -0.02773279, 0.04840821], [-0.00905144, -0.02245948, 0.03745538, 0.01764299, -0.01956262, -0.02840394], [-0.00225604, -0.02927877, 0.0339874, 0.01608018, -0.01774126, -0.03173136], [-0.01867108, 0.01455185, -0.01911865, -0.00796581, -0.03067002, 0.03778973], [-0.01100518, -0.04116319, 0.05645375, 0.00168183, -0.023572, -0.04544857], [-0.0180361, 0.02768816, 0.0121525, 0.01790909, 0.06168245, 0.0058836], [-0.02689128, 0.00079009, -0.04203579, -0.00847903, -0.03711092, 0.06892706], [-0.02346796, -0.02120331, -0.00380995, 0.03497409, 0.01482247, 0.02727792], [-0.02571189, 0.01096244, 0.01416531, -0.03820267, -0.0325471, 0.01154658], [0.00168361, 0.02229726, 0.00894362, -0.01503497, -0.037136, -0.01062723], [-0.01938041, 0.01523575, 0.04583927, 0.01977402, 0.02859688, -0.02645886], [-0.01466606, 0.00907699, 0.04334645, 0.01055597, 0.02578249, -0.02868039], [0.00400149, 0.02448415, 0.00046639, -0.02445208, -0.03710982, -0.00446788], [-0.01774085, 0.03069519, 0.04582017, 0.01037668, 0.0493234, -0.02807933], [-0.00156368, -0.01959165, -0.04540983, 0.0507116, -0.00955068, 0.04697351], [-0.01490462, 0.02404459, 0.01011193, -0.04199503, -0.04854915, 0.00479269]], "number of molecular orbitals": 115, "number of electrons": 104, "number of unpaired electrons": 0, "orbital energies/eV": [-19.81956632, -19.79018857, -19.75194251, -18.69195377, -17.38699584, -17.35782763, -17.30626344, -16.85564674, -16.75848176, -16.71791779, -16.51463767, -15.90806537, -15.88651242, -15.81307357, -15.46825538, -15.40614753, -15.32455816, -14.61611486, -14.43723858, -14.37350604, -14.23016666, -14.10461401, -13.96005619, -13.92272803, -13.88809894, -13.84620274, -13.73171849, -13.58807545, -13.49597741, -13.40442686, -13.2342659, -13.15207108, -12.90874823, -12.85743816, -12.69294695, -12.46214713, -12.43371658, -12.39509493, -12.35211018, -12.33340992, -12.28349612, -12.03593342, -12.00770275, -11.94042055, -11.81329204, -11.74335351, -11.67594848, -11.44749314, -11.39976202, -10.68954274, -10.56160149, -10.43858838, -6.8984063, -5.87339864, -5.75790787, -5.70092713, -4.46572896, -4.2330743, -2.09865129, -0.91737968, -0.90651711, -0.64693906, -0.62728165, -0.4198589, -0.28103529, -0.14374167, -0.0006419, 1.71239193, 1.79555117, 2.16134223, 2.32694023, 2.60275891, 2.64883347, 2.7970065, 2.92768261, 3.13366685, 3.16525479, 3.36977599, 3.57514864, 3.76089659, 3.82866339, 3.97115158, 4.12017943, 4.14566922, 4.23406735, 4.37432021, 4.51305714, 4.53975044, 4.80494595, 4.84885734, 4.91496822, 5.24330106, 5.49411789, 5.60151757, 5.87280831, 6.06943562, 6.12070066, 6.17592994, 6.37976338, 6.52300422, 6.81656599, 6.83190281, 7.13123619, 7.2061267, 7.44981611, 7.80434904, 7.93121651, 8.84969074, 9.01153051, 11.66454146, 11.99134727, 12.16682555, 25.91813931, 27.31019374, 31.91597579], "fractional occupation": [2.0, 2.0, 2.0, 2.0, 2.0, 2.0, 2.0, 2.0, 2.0, 2.0, 2.0, 2.0, 2.0, 2.0, 2.0, 2.0, 2.0, 2.0, 2.0, 2.0, 2.0, 2.0, 2.0, 2.0, 2.0, 2.0, 2.0, 2.0, 2.0, 2.0, 2.0, 2.0, 2.0, 2.0, 2.0, 2.0, 2.0, 2.0, 2.0, 2.0, 2.0, 2.0, 2.0, 2.0, 2.0, 2.0, 2.0, 2.0, 2.0, 2.0, 2.0, 2.0, 0.0, 0.0, 0.0, 0.0, 0.0, 0.0, 0.0, 0.0, 0.0, 0.0, 0.0, 0.0, 0.0, 0.0, 0.0, 0.0, 0.0, 0.0, 0.0, 0.0, 0.0, 0.0, 0.0, 0.0, 0.0, 0.0, 0.0, 0.0, 0.0, 0.0, 0.0, 0.0, 0.0, 0.0, 0.0, 0.0, 0.0, 0.0, 0.0, 0.0, 0.0, 0.0, 0.0, 0.0, 0.0, 0.0, 0.0, 0.0, 0.0, 0.0, 0.0, 0.0, 0.0, 0.0, 0.0, 0.0, 0.0, 0.0, 0.0, 0.0, 0.0, 0.0, 0.0], "program call": "xtb /home/svss/Project-DBcg-Debug/aqme2_20220329/End-to-End-workflows-final/example-3/QDESCP/mol_760_rdkit_conf_24/mol_760_rdkit_conf_24.xyz --pop --wbo --acc 0.2 --gfn 2 --chrg 0 --uhf 0 --etemp 300 --input /home/svss/Project-DBcg-Debug/aqme2_20220329/End-to-End-workflows-final/example-3/QDESCP/mol_760_rdkit_conf_24/mol_760_rdkit_conf_24_xtb.inp", "method": "GFN2-xTB", "xtb version": "6.3.3 (7355c4f)", "Dipole module/D": 1.852, "Total charge": 0, "Transition dipole module/D": NaN, "HOMO": -10.4386, "LUMO": -6.8984, "HOMO occupancy": 2.0, "LUMO occupancy": 0, "mulliken charges": [-0.08241, -0.03938, -0.0513, 0.03673, -0.08748, 0.32605, -0.48264, -0.08575, 0.03182, -0.04817, -0.04006, -0.08353, -0.08313, 0.03623, -0.05189, -0.0408, -0.08283, 0.02897, 0.02655, 0.0292, 0.02678, 0.02019, 0.0237, 0.03883, 0.03184, 0.04762, 0.03314, 0.04691, 0.03158, 0.03068, 0.02347, 0.02516, 0.02812, 0.03028, 0.02704, 0.04829, 0.03263, 0.04169, 0.02926, 0.02303, 0.02047, 0.02619, 0.02835, 0.02858], "cm5 charges": [-0.23276, -0.15187, -0.15866, -0.0531, -0.09052, 0.25844, -0.50309, -0.08984, -0.058, -0.15589, -0.15168, -0.23393, -0.08687, -0.05362, -0.15933, -0.15233, -0.23325, 0.07975, 0.07785, 0.0805, 0.08154, 0.07491, 0.07978, 0.09804, 0.08835, 0.10657, 0.09115, 0.1051, 0.08657, 0.08624, 0.07831, 0.08095, 0.07941, 0.08105, 0.07833, 0.10672, 0.08898, 0.10055, 0.08434, 0.07935, 0.07534, 0.07748, 0.07914, 0.07996], "FUKUI+": [0.008, 0.004, 0.009, 0.028, -0.192, -0.161, -0.002, -0.205, 0.03, 0.006, 0.003, 0.008, -0.189, 0.028, 0.014, 0.006, 0.008, -0.019, -0.008, -0.004, -0.011, -0.014, -0.011, 0.0, -0.038, -0.029, -0.024, -0.028, -0.029, -0.012, -0.006, 0.006, -0.009, -0.015, -0.012, -0.028, -0.038, -0.001, -0.033, 0.009, -0.015, -0.016, -0.016, -0.001], "FUKUI-": [0.007, 0.003, 0.003, 0.022, -0.15, -0.047, -0.014, -0.166, 0.026, 0.009, 0.003, 0.009, -0.162, 0.025, 0.007, 0.004, 0.009, -0.027, -0.018, -0.012, -0.02, -0.023, -0.014, -0.004, -0.032, -0.027, -0.025, -0.036, -0.031, -0.017, -0.018, -0.017, -0.02, -0.025, -0.03, -0.034, -0.033, -0.005, -0.031, -0.005, -0.023, -0.026, -0.026, -0.008], "FUKUIrad": [0.008, 0.003, 0.006, 0.025, -0.171, -0.104, -0.008, -0.185, 0.028, 0.007, 0.003, 0.008, -0.176, 0.026, 0.011, 0.005, 0.008, -0.023, -0.013, -0.008, -0.015, -0.019, -0.013, -0.002, -0.035, -0.028, -0.025, -0.032, -0.03, -0.015, -0.012, -0.006, -0.014, -0.02, -0.021, -0.031, -0.036, -0.003, -0.032, 0.002, -0.019, -0.021, -0.021, -0.005], "s proportion": [1.007, 1.028, 1.036, 1.04, 1.91, 1.554, 1.692, 1.911, 1.039, 1.035, 1.027, 1.008, 1.91, 1.039, 1.036, 1.027, 1.008, 0.971, 0.973, 0.971, 0.973, 0.98, 0.976, 0.961, 0.968, 0.952, 0.967, 0.953, 0.968, 0.969, 0.977, 0.975, 0.972, 0.97, 0.973, 0.952, 0.967, 0.958, 0.971, 0.977, 0.98, 0.974, 0.972, 0.971], "p proportion": [3.075, 3.012, 3.015, 2.923, 4.183, 2.124, 4.79, 4.181, 2.929, 3.014, 3.013, 3.076, 4.177, 2.924, 3.016, 3.014, 3.075, 0.0, 0.0, 0.0, 0.0, 0.0, 0.0, 0.0, 0.0, 0.0, 0.0, 0.0, 0.0, 0.0, 0.0, 0.0, 0.0, 0.0, 0.0, 0.0, 0.0, 0.0, 0.0, 0.0, 0.0, 0.0, 0.0, 0.0], "d proportion": [0.0, 0.0, 0.0, 0.0, -0.005, 0.996, 0.0, -0.006, 0.0, 0.0, 0.0, 0.0, -0.005, 0.0, 0.0, 0.0, 0.0, 0.0, 0.0, 0.0, 0.0, 0.0, 0.0, 0.0, 0.0, 0.0, 0.0, 0.0, 0.0, 0.0, 0.0, 0.0, 0.0, 0.0, 0.0, 0.0, 0.0, 0.0, 0.0, 0.0, 0.0, 0.0, 0.0, 0.0], "Fermi-level/eV": -8.6685, "Coordination numbers": [3.75, 3.801, 3.832, 3.798, 1.93, 3.584, 0.808, 1.926, 3.798, 3.827, 3.799, 3.75, 1.918, 3.796, 3.819, 3.799, 3.75, 0.924, 0.924, 0.924, 0.924, 0.924, 0.924, 0.924, 0.924, 0.924, 0.924, 0.924, 0.924, 0.924, 0.924, 0.924, 0.924, 0.924, 0.924, 0.924, 0.924, 0.924, 0.924, 0.924, 0.924, 0.924, 0.924, 0.924], "Dispersion coefficient C6": [22.487, 21.515, 21.517, 20.542, 146.254, 150.219, 22.458, 145.911, 20.498, 21.602, 21.557, 22.52, 145.78, 20.574, 21.541, 21.527, 22.493, 2.491, 2.491, 2.487, 2.526, 2.574, 2.387, 2.345, 2.198, 2.172, 2.323, 2.221, 2.365, 2.34, 2.512, 2.394, 2.501, 2.477, 2.533, 2.187, 2.183, 2.304, 2.424, 2.415, 2.554, 2.55, 2.496, 2.486], "Total dispersion C6": 22577.402679, "Total dispersion C8": 653003.654115, "Polarizability alpha": [6.763, 6.604, 6.6, 6.453, 20.355, 22.017, 6.352, 20.331, 6.447, 6.613, 6.611, 6.768, 20.322, 6.459, 6.605, 6.606, 6.764, 2.468, 2.468, 2.466, 2.486, 2.509, 2.416, 2.395, 2.319, 2.304, 2.384, 2.331, 2.405, 2.392, 2.478, 2.42, 2.473, 2.461, 2.489, 2.313, 2.31, 2.374, 2.435, 2.43, 2.499, 2.497, 2.471, 2.466], "Total polarizability alpha": 234.128306, "Wiberg matrix": [[0.0, 1.0192200392533644, 0.0, 0.0, 0.0, 0.0, 0.0, 0.0, 0.0, 0.0, 0.0, 0.0, 0.0, 0.0, 0.0, 0.0, 0.0, 0.9865258408514921, 0.9873653542695273, 0.9873572552476828, 0.0, 0.0, 0.0, 0.0, 0.0, 0.0, 0.0, 0.0, 0.0, 0.0, 0.0, 0.0, 0.0, 0.0, 0.0, 0.0, 0.0, 0.0, 0.0, 0.0, 0.0, 0.0, 0.0, 0.0], [1.0192200392533644, 0.0, 1.0006463876370875, 0.0, 0.0, 0.0, 0.0, 0.0, 0.0, 0.0, 0.0, 0.0, 0.0, 0.0, 0.0, 0.0, 0.0, 0.0, 0.0, 0.0, 0.9777162833449752, 0.9776082327802352, 0.0, 0.0, 0.0, 0.0, 0.0, 0.0, 0.0, 0.0, 0.0, 0.0, 0.0, 0.0, 0.0, 0.0, 0.0, 0.0, 0.0, 0.0, 0.0, 0.0, 0.0, 0.0], [0.0, 1.0006463876370875, 0.0, 1.0120429458982587, 0.0, 0.0, 0.0, 0.0, 0.0, 0.0, 0.0, 0.0, 0.0, 0.0, 0.0, 0.0, 0.0, 0.0, 0.0, 0.0, 0.0, 0.0, 0.9758899203033162, 0.9690463716467016, 0.0, 0.0, 0.0, 0.0, 0.0, 0.0, 0.0, 0.0, 0.0, 0.0, 0.0, 0.0, 0.0, 0.0, 0.0, 0.0, 0.0, 0.0, 0.0, 0.0], [0.0, 0.0, 1.0120429458982587, 0.0, 0.9627555999377849, 0.0, 0.0, 0.0, 0.0, 0.0, 0.0, 0.0, 0.0, 0.0, 0.0, 0.0, 0.0, 0.0, 0.0, 0.0, 0.0, 0.0, 0.0, 0.0, 0.9648397322741868, 0.9706005270284255, 0.0, 0.0, 0.0, 0.0, 0.0, 0.0, 0.0, 0.0, 0.0, 0.0, 0.0, 0.0, 0.0, 0.0, 0.0, 0.0, 0.0, 0.0], [0.0, 0.0, 0.0, 0.9627555999377849, 0.0, 1.0360670773977838, 0.0, 0.0, 0.0, 0.0, 0.0, 0.0, 0.0, 0.0, 0.0, 0.0, 0.0, 0.0, 0.0, 0.0, 0.0, 0.0, 0.0, 0.0, 0.0, 0.0, 0.0, 0.0, 0.0, 0.0, 0.0, 0.0, 0.0, 0.0, 0.0, 0.0, 0.0, 0.0, 0.0, 0.0, 0.0, 0.0, 0.0, 0.0], [0.0, 0.0, 0.0, 0.0, 1.0360670773977838, 0.0, 1.9318668309962257, 1.0287137570389842, 0.0, 0.0, 0.0, 0.0, 1.042403456622972, 0.0, 0.0, 0.0, 0.0, 0.0, 0.0, 0.0, 0.0, 0.0, 0.0, 0.0, 0.0, 0.0, 0.0, 0.0, 0.0, 0.0, 0.0, 0.0, 0.0, 0.0, 0.0, 0.0, 0.0, 0.0, 0.0, 0.0, 0.0, 0.0, 0.0, 0.0], [0.0, 0.0, 0.0, 0.0, 0.0, 1.9318668309962257, 0.0, 0.0, 0.0, 0.0, 0.0, 0.0, 0.0, 0.0, 0.0, 0.0, 0.0, 0.0, 0.0, 0.0, 0.0, 0.0, 0.0, 0.0, 0.0, 0.0, 0.0, 0.0, 0.0, 0.0, 0.0, 0.0, 0.0, 0.0, 0.0, 0.0, 0.0, 0.0, 0.0, 0.0, 0.0, 0.0, 0.0, 0.0], [0.0, 0.0, 0.0, 0.0, 0.0, 1.0287137570389842, 0.0, 0.0, 0.9552945284223864, 0.0, 0.0, 0.0, 0.0, 0.0, 0.0, 0.0, 0.0, 0.0, 0.0, 0.0, 0.0, 0.0, 0.0, 0.0, 0.0, 0.0, 0.0, 0.0, 0.0, 0.0, 0.0, 0.0, 0.0, 0.0, 0.0, 0.0, 0.0, 0.0, 0.0, 0.0, 0.0, 0.0, 0.0, 0.0], [0.0, 0.0, 0.0, 0.0, 0.0, 0.0, 0.0, 0.9552945284223864, 0.0, 1.0077015576226231, 0.0, 0.0, 0.0, 0.0, 0.0, 0.0, 0.0, 0.0, 0.0, 0.0, 0.0, 0.0, 0.0, 0.0, 0.0, 0.0, 0.9720668073890416, 0.9734345709401591, 0.0, 0.0, 0.0, 0.0, 0.0, 0.0, 0.0, 0.0, 0.0, 0.0, 0.0, 0.0, 0.0, 0.0, 0.0, 0.0], [0.0, 0.0, 0.0, 0.0, 0.0, 0.0, 0.0, 0.0, 1.0077015576226231, 0.0, 1.0082134236568363, 0.0, 0.0, 0.0, 0.0, 0.0, 0.0, 0.0, 0.0, 0.0, 0.0, 0.0, 0.0, 0.0, 0.0, 0.0, 0.0, 0.0, 0.9666869045601478, 0.9747770164800194, 0.0, 0.0, 0.0, 0.0, 0.0, 0.0, 0.0, 0.0, 0.0, 0.0, 0.0, 0.0, 0.0, 0.0], [0.0, 0.0, 0.0, 0.0, 0.0, 0.0, 0.0, 0.0, 0.0, 1.0082134236568363, 0.0, 1.0198769974895576, 0.0, 0.0, 0.0, 0.0, 0.0, 0.0, 0.0, 0.0, 0.0, 0.0, 0.0, 0.0, 0.0, 0.0, 0.0, 0.0, 0.0, 0.0, 0.9773826603771958, 0.9761104460394736, 0.0, 0.0, 0.0, 0.0, 0.0, 0.0, 0.0, 0.0, 0.0, 0.0, 0.0, 0.0], [0.0, 0.0, 0.0, 0.0, 0.0, 0.0, 0.0, 0.0, 0.0, 0.0, 1.0198769974895576, 0.0, 0.0, 0.0, 0.0, 0.0, 0.0, 0.0, 0.0, 0.0, 0.0, 0.0, 0.0, 0.0, 0.0, 0.0, 0.0, 0.0, 0.0, 0.0, 0.0, 0.0, 0.9875092512344723, 0.9868769764193713, 0.987365506918568, 0.0, 0.0, 0.0, 0.0, 0.0, 0.0, 0.0, 0.0, 0.0], [0.0, 0.0, 0.0, 0.0, 0.0, 1.042403456622972, 0.0, 0.0, 0.0, 0.0, 0.0, 0.0, 0.0, 0.9609630248517468, 0.0, 0.0, 0.0, 0.0, 0.0, 0.0, 0.0, 0.0, 0.0, 0.0, 0.0, 0.0, 0.0, 0.0, 0.0, 0.0, 0.0, 0.0, 0.0, 0.0, 0.0, 0.0, 0.0, 0.0, 0.0, 0.0, 0.0, 0.0, 0.0, 0.0], [0.0, 0.0, 0.0, 0.0, 0.0, 0.0, 0.0, 0.0, 0.0, 0.0, 0.0, 0.0, 0.9609630248517468, 0.0, 1.0114893931477484, 0.0, 0.0, 0.0, 0.0, 0.0, 0.0, 0.0, 0.0, 0.0, 0.0, 0.0, 0.0, 0.0, 0.0, 0.0, 0.0, 0.0, 0.0, 0.0, 0.0, 0.971349508140807, 0.9646732380890344, 0.0, 0.0, 0.0, 0.0, 0.0, 0.0, 0.0], [0.0, 0.0, 0.0, 0.0, 0.0, 0.0, 0.0, 0.0, 0.0, 0.0, 0.0, 0.0, 0.0, 1.0114893931477484, 0.0, 1.0085068959413528, 0.0, 0.0, 0.0, 0.0, 0.0, 0.0, 0.0, 0.0, 0.0, 0.0, 0.0, 0.0, 0.0, 0.0, 0.0, 0.0, 0.0, 0.0, 0.0, 0.0, 0.0, 0.9682297068747157, 0.9665567392273093, 0.0, 0.0, 0.0, 0.0, 0.0], [0.0, 0.0, 0.0, 0.0, 0.0, 0.0, 0.0, 0.0, 0.0, 0.0, 0.0, 0.0, 0.0, 0.0, 1.0085068959413528, 0.0, 1.0197248684776523, 0.0, 0.0, 0.0, 0.0, 0.0, 0.0, 0.0, 0.0, 0.0, 0.0, 0.0, 0.0, 0.0, 0.0, 0.0, 0.0, 0.0, 0.0, 0.0, 0.0, 0.0, 0.0, 0.975455964418953, 0.9775847810769316, 0.0, 0.0, 0.0], [0.0, 0.0, 0.0, 0.0, 0.0, 0.0, 0.0, 0.0, 0.0, 0.0, 0.0, 0.0, 0.0, 0.0, 0.0, 1.0197248684776523, 0.0, 0.0, 0.0, 0.0, 0.0, 0.0, 0.0, 0.0, 0.0, 0.0, 0.0, 0.0, 0.0, 0.0, 0.0, 0.0, 0.0, 0.0, 0.0, 0.0, 0.0, 0.0, 0.0, 0.0, 0.0, 0.9875504648160027, 0.9870213785736298, 0.987423487462213], [0.9865258408514921, 0.0, 0.0, 0.0, 0.0, 0.0, 0.0, 0.0, 0.0, 0.0, 0.0, 0.0, 0.0, 0.0, 0.0, 0.0, 0.0, 0.0, 0.0, 0.0, 0.0, 0.0, 0.0, 0.0, 0.0, 0.0, 0.0, 0.0, 0.0, 0.0, 0.0, 0.0, 0.0, 0.0, 0.0, 0.0, 0.0, 0.0, 0.0, 0.0, 0.0, 0.0, 0.0, 0.0], [0.9873653542695273, 0.0, 0.0, 0.0, 0.0, 0.0, 0.0, 0.0, 0.0, 0.0, 0.0, 0.0, 0.0, 0.0, 0.0, 0.0, 0.0, 0.0, 0.0, 0.0, 0.0, 0.0, 0.0, 0.0, 0.0, 0.0, 0.0, 0.0, 0.0, 0.0, 0.0, 0.0, 0.0, 0.0, 0.0, 0.0, 0.0, 0.0, 0.0, 0.0, 0.0, 0.0, 0.0, 0.0], [0.9873572552476828, 0.0, 0.0, 0.0, 0.0, 0.0, 0.0, 0.0, 0.0, 0.0, 0.0, 0.0, 0.0, 0.0, 0.0, 0.0, 0.0, 0.0, 0.0, 0.0, 0.0, 0.0, 0.0, 0.0, 0.0, 0.0, 0.0, 0.0, 0.0, 0.0, 0.0, 0.0, 0.0, 0.0, 0.0, 0.0, 0.0, 0.0, 0.0, 0.0, 0.0, 0.0, 0.0, 0.0], [0.0, 0.9777162833449752, 0.0, 0.0, 0.0, 0.0, 0.0, 0.0, 0.0, 0.0, 0.0, 0.0, 0.0, 0.0, 0.0, 0.0, 0.0, 0.0, 0.0, 0.0, 0.0, 0.0, 0.0, 0.0, 0.0, 0.0, 0.0, 0.0, 0.0, 0.0, 0.0, 0.0, 0.0, 0.0, 0.0, 0.0, 0.0, 0.0, 0.0, 0.0, 0.0, 0.0, 0.0, 0.0], [0.0, 0.9776082327802352, 0.0, 0.0, 0.0, 0.0, 0.0, 0.0, 0.0, 0.0, 0.0, 0.0, 0.0, 0.0, 0.0, 0.0, 0.0, 0.0, 0.0, 0.0, 0.0, 0.0, 0.0, 0.0, 0.0, 0.0, 0.0, 0.0, 0.0, 0.0, 0.0, 0.0, 0.0, 0.0, 0.0, 0.0, 0.0, 0.0, 0.0, 0.0, 0.0, 0.0, 0.0, 0.0], [0.0, 0.0, 0.9758899203033162, 0.0, 0.0, 0.0, 0.0, 0.0, 0.0, 0.0, 0.0, 0.0, 0.0, 0.0, 0.0, 0.0, 0.0, 0.0, 0.0, 0.0, 0.0, 0.0, 0.0, 0.0, 0.0, 0.0, 0.0, 0.0, 0.0, 0.0, 0.0, 0.0, 0.0, 0.0, 0.0, 0.0, 0.0, 0.0, 0.0, 0.0, 0.0, 0.0, 0.0, 0.0], [0.0, 0.0, 0.9690463716467016, 0.0, 0.0, 0.0, 0.0, 0.0, 0.0, 0.0, 0.0, 0.0, 0.0, 0.0, 0.0, 0.0, 0.0, 0.0, 0.0, 0.0, 0.0, 0.0, 0.0, 0.0, 0.0, 0.0, 0.0, 0.0, 0.0, 0.0, 0.0, 0.0, 0.0, 0.0, 0.0, 0.0, 0.0, 0.0, 0.0, 0.0, 0.0, 0.0, 0.0, 0.0], [0.0, 0.0, 0.0, 0.9648397322741868, 0.0, 0.0, 0.0, 0.0, 0.0, 0.0, 0.0, 0.0, 0.0, 0.0, 0.0, 0.0, 0.0, 0.0, 0.0, 0.0, 0.0, 0.0, 0.0, 0.0, 0.0, 0.0, 0.0, 0.0, 0.0, 0.0, 0.0, 0.0, 0.0, 0.0, 0.0, 0.0, 0.0, 0.0, 0.0, 0.0, 0.0, 0.0, 0.0, 0.0], [0.0, 0.0, 0.0, 0.9706005270284255, 0.0, 0.0, 0.0, 0.0, 0.0, 0.0, 0.0, 0.0, 0.0, 0.0, 0.0, 0.0, 0.0, 0.0, 0.0, 0.0, 0.0, 0.0, 0.0, 0.0, 0.0, 0.0, 0.0, 0.0, 0.0, 0.0, 0.0, 0.0, 0.0, 0.0, 0.0, 0.0, 0.0, 0.0, 0.0, 0.0, 0.0, 0.0, 0.0, 0.0], [0.0, 0.0, 0.0, 0.0, 0.0, 0.0, 0.0, 0.0, 0.9720668073890416, 0.0, 0.0, 0.0, 0.0, 0.0, 0.0, 0.0, 0.0, 0.0, 0.0, 0.0, 0.0, 0.0, 0.0, 0.0, 0.0, 0.0, 0.0, 0.0, 0.0, 0.0, 0.0, 0.0, 0.0, 0.0, 0.0, 0.0, 0.0, 0.0, 0.0, 0.0, 0.0, 0.0, 0.0, 0.0], [0.0, 0.0, 0.0, 0.0, 0.0, 0.0, 0.0, 0.0, 0.9734345709401591, 0.0, 0.0, 0.0, 0.0, 0.0, 0.0, 0.0, 0.0, 0.0, 0.0, 0.0, 0.0, 0.0, 0.0, 0.0, 0.0, 0.0, 0.0, 0.0, 0.0, 0.0, 0.0, 0.0, 0.0, 0.0, 0.0, 0.0, 0.0, 0.0, 0.0, 0.0, 0.0, 0.0, 0.0, 0.0], [0.0, 0.0, 0.0, 0.0, 0.0, 0.0, 0.0, 0.0, 0.0, 0.9666869045601478, 0.0, 0.0, 0.0, 0.0, 0.0, 0.0, 0.0, 0.0, 0.0, 0.0, 0.0, 0.0, 0.0, 0.0, 0.0, 0.0, 0.0, 0.0, 0.0, 0.0, 0.0, 0.0, 0.0, 0.0, 0.0, 0.0, 0.0, 0.0, 0.0, 0.0, 0.0, 0.0, 0.0, 0.0], [0.0, 0.0, 0.0, 0.0, 0.0, 0.0, 0.0, 0.0, 0.0, 0.9747770164800194, 0.0, 0.0, 0.0, 0.0, 0.0, 0.0, 0.0, 0.0, 0.0, 0.0, 0.0, 0.0, 0.0, 0.0, 0.0, 0.0, 0.0, 0.0, 0.0, 0.0, 0.0, 0.0, 0.0, 0.0, 0.0, 0.0, 0.0, 0.0, 0.0, 0.0, 0.0, 0.0, 0.0, 0.0], [0.0, 0.0, 0.0, 0.0, 0.0, 0.0, 0.0, 0.0, 0.0, 0.0, 0.9773826603771958, 0.0, 0.0, 0.0, 0.0, 0.0, 0.0, 0.0, 0.0, 0.0, 0.0, 0.0, 0.0, 0.0, 0.0, 0.0, 0.0, 0.0, 0.0, 0.0, 0.0, 0.0, 0.0, 0.0, 0.0, 0.0, 0.0, 0.0, 0.0, 0.0, 0.0, 0.0, 0.0, 0.0], [0.0, 0.0, 0.0, 0.0, 0.0, 0.0, 0.0, 0.0, 0.0, 0.0, 0.9761104460394736, 0.0, 0.0, 0.0, 0.0, 0.0, 0.0, 0.0, 0.0, 0.0, 0.0, 0.0, 0.0, 0.0, 0.0, 0.0, 0.0, 0.0, 0.0, 0.0, 0.0, 0.0, 0.0, 0.0, 0.0, 0.0, 0.0, 0.0, 0.0, 0.0, 0.0, 0.0, 0.0, 0.0], [0.0, 0.0, 0.0, 0.0, 0.0, 0.0, 0.0, 0.0, 0.0, 0.0, 0.0, 0.9875092512344723, 0.0, 0.0, 0.0, 0.0, 0.0, 0.0, 0.0, 0.0, 0.0, 0.0, 0.0, 0.0, 0.0, 0.0, 0.0, 0.0, 0.0, 0.0, 0.0, 0.0, 0.0, 0.0, 0.0, 0.0, 0.0, 0.0, 0.0, 0.0, 0.0, 0.0, 0.0, 0.0], [0.0, 0.0, 0.0, 0.0, 0.0, 0.0, 0.0, 0.0, 0.0, 0.0, 0.0, 0.9868769764193713, 0.0, 0.0, 0.0, 0.0, 0.0, 0.0, 0.0, 0.0, 0.0, 0.0, 0.0, 0.0, 0.0, 0.0, 0.0, 0.0, 0.0, 0.0, 0.0, 0.0, 0.0, 0.0, 0.0, 0.0, 0.0, 0.0, 0.0, 0.0, 0.0, 0.0, 0.0, 0.0], [0.0, 0.0, 0.0, 0.0, 0.0, 0.0, 0.0, 0.0, 0.0, 0.0, 0.0, 0.987365506918568, 0.0, 0.0, 0.0, 0.0, 0.0, 0.0, 0.0, 0.0, 0.0, 0.0, 0.0, 0.0, 0.0, 0.0, 0.0, 0.0, 0.0, 0.0, 0.0, 0.0, 0.0, 0.0, 0.0, 0.0, 0.0, 0.0, 0.0, 0.0, 0.0, 0.0, 0.0, 0.0], [0.0, 0.0, 0.0, 0.0, 0.0, 0.0, 0.0, 0.0, 0.0, 0.0, 0.0, 0.0, 0.0, 0.971349508140807, 0.0, 0.0, 0.0, 0.0, 0.0, 0.0, 0.0, 0.0, 0.0, 0.0, 0.0, 0.0, 0.0, 0.0, 0.0, 0.0, 0.0, 0.0, 0.0, 0.0, 0.0, 0.0, 0.0, 0.0, 0.0, 0.0, 0.0, 0.0, 0.0, 0.0], [0.0, 0.0, 0.0, 0.0, 0.0, 0.0, 0.0, 0.0, 0.0, 0.0, 0.0, 0.0, 0.0, 0.9646732380890344, 0.0, 0.0, 0.0, 0.0, 0.0, 0.0, 0.0, 0.0, 0.0, 0.0, 0.0, 0.0, 0.0, 0.0, 0.0, 0.0, 0.0, 0.0, 0.0, 0.0, 0.0, 0.0, 0.0, 0.0, 0.0, 0.0, 0.0, 0.0, 0.0, 0.0], [0.0, 0.0, 0.0, 0.0, 0.0, 0.0, 0.0, 0.0, 0.0, 0.0, 0.0, 0.0, 0.0, 0.0, 0.9682297068747157, 0.0, 0.0, 0.0, 0.0, 0.0, 0.0, 0.0, 0.0, 0.0, 0.0, 0.0, 0.0, 0.0, 0.0, 0.0, 0.0, 0.0, 0.0, 0.0, 0.0, 0.0, 0.0, 0.0, 0.0, 0.0, 0.0, 0.0, 0.0, 0.0], [0.0, 0.0, 0.0, 0.0, 0.0, 0.0, 0.0, 0.0, 0.0, 0.0, 0.0, 0.0, 0.0, 0.0, 0.9665567392273093, 0.0, 0.0, 0.0, 0.0, 0.0, 0.0, 0.0, 0.0, 0.0, 0.0, 0.0, 0.0, 0.0, 0.0, 0.0, 0.0, 0.0, 0.0, 0.0, 0.0, 0.0, 0.0, 0.0, 0.0, 0.0, 0.0, 0.0, 0.0, 0.0], [0.0, 0.0, 0.0, 0.0, 0.0, 0.0, 0.0, 0.0, 0.0, 0.0, 0.0, 0.0, 0.0, 0.0, 0.0, 0.975455964418953, 0.0, 0.0, 0.0, 0.0, 0.0, 0.0, 0.0, 0.0, 0.0, 0.0, 0.0, 0.0, 0.0, 0.0, 0.0, 0.0, 0.0, 0.0, 0.0, 0.0, 0.0, 0.0, 0.0, 0.0, 0.0, 0.0, 0.0, 0.0], [0.0, 0.0, 0.0, 0.0, 0.0, 0.0, 0.0, 0.0, 0.0, 0.0, 0.0, 0.0, 0.0, 0.0, 0.0, 0.9775847810769316, 0.0, 0.0, 0.0, 0.0, 0.0, 0.0, 0.0, 0.0, 0.0, 0.0, 0.0, 0.0, 0.0, 0.0, 0.0, 0.0, 0.0, 0.0, 0.0, 0.0, 0.0, 0.0, 0.0, 0.0, 0.0, 0.0, 0.0, 0.0], [0.0, 0.0, 0.0, 0.0, 0.0, 0.0, 0.0, 0.0, 0.0, 0.0, 0.0, 0.0, 0.0, 0.0, 0.0, 0.0, 0.9875504648160027, 0.0, 0.0, 0.0, 0.0, 0.0, 0.0, 0.0, 0.0, 0.0, 0.0, 0.0, 0.0, 0.0, 0.0, 0.0, 0.0, 0.0, 0.0, 0.0, 0.0, 0.0, 0.0, 0.0, 0.0, 0.0, 0.0, 0.0], [0.0, 0.0, 0.0, 0.0, 0.0, 0.0, 0.0, 0.0, 0.0, 0.0, 0.0, 0.0, 0.0, 0.0, 0.0, 0.0, 0.9870213785736298, 0.0, 0.0, 0.0, 0.0, 0.0, 0.0, 0.0, 0.0, 0.0, 0.0, 0.0, 0.0, 0.0, 0.0, 0.0, 0.0, 0.0, 0.0, 0.0, 0.0, 0.0, 0.0, 0.0, 0.0, 0.0, 0.0, 0.0], [0.0, 0.0, 0.0, 0.0, 0.0, 0.0, 0.0, 0.0, 0.0, 0.0, 0.0, 0.0, 0.0, 0.0, 0.0, 0.0, 0.987423487462213, 0.0, 0.0, 0.0, 0.0, 0.0, 0.0, 0.0, 0.0, 0.0, 0.0, 0.0, 0.0, 0.0, 0.0, 0.0, 0.0, 0.0, 0.0, 0.0, 0.0, 0.0, 0.0, 0.0, 0.0, 0.0, 0.0, 0.0]], "Born radii": [], "Atomic SASAs": [], "Solvent H bonds": [], "Total SASA": NaN, "Total FOD": 0.0, "FOD": [0.0, 0.0, 0.0, 0.0, 0.0, 0.0, 0.0, 0.0, 0.0, 0.0, 0.0, 0.0, 0.0, 0.0, 0.0, 0.0, 0.0, 0.0, 0.0, 0.0, 0.0, 0.0, 0.0, 0.0, 0.0, 0.0, 0.0, 0.0, 0.0, 0.0, 0.0, 0.0, 0.0, 0.0, 0.0, 0.0, 0.0, 0.0, 0.0, 0.0, 0.0, 0.0, 0.0, 0.0], "FOD s proportion": [0.0, 0.0, 0.0, 0.0, 0.0, 0.0, 0.0, 0.0, 0.0, 0.0, 0.0, 0.0, 0.0, 0.0, 0.0, 0.0, 0.0, 0.0, 0.0, 0.0, 0.0, 0.0, 0.0, 0.0, 0.0, 0.0, 0.0, 0.0, 0.0, 0.0, 0.0, 0.0, 0.0, 0.0, 0.0, 0.0, 0.0, 0.0, 0.0, 0.0, 0.0, 0.0, 0.0, 0.0], "FOD p proportion": [0.0, 0.0, 0.0, 0.0, 0.0, 0.0, 0.0, 0.0, 0.0, 0.0, 0.0, 0.0, 0.0, 0.0, 0.0, 0.0, 0.0, 0.0, 0.0, 0.0, 0.0, 0.0, 0.0, 0.0, 0.0, 0.0, 0.0, 0.0, 0.0, 0.0, 0.0, 0.0, 0.0, 0.0, 0.0, 0.0, 0.0, 0.0, 0.0, 0.0, 0.0, 0.0, 0.0, 0.0], "FOD d proportion": [0.0, 0.0, 0.0, 0.0, 0.0, 0.0, 0.0, 0.0, 0.0, 0.0, 0.0, 0.0, 0.0, 0.0, 0.0, 0.0, 0.0, 0.0, 0.0, 0.0, 0.0, 0.0, 0.0, 0.0, 0.0, 0.0, 0.0, 0.0, 0.0, 0.0, 0.0, 0.0, 0.0, 0.0, 0.0, 0.0, 0.0, 0.0, 0.0, 0.0, 0.0, 0.0, 0.0, 0.0], "coordinates": [["6.15270", "-0.77780", "0.23960"], ["5.03170", "-1.62460", "0.82110"], ["3.74480", "-1.48720", "0.00500"], ["2.62620", "-2.33390", "0.60490"], ["1.11780", "-2.27010", "-0.39820"], ["0.39340", "-0.31900", "-0.17980"], ["0.82330", "0.22290", "1.15790"], ["-1.69700", "-0.34650", "-0.26960"], ["-2.17860", "-1.08080", "1.31720"], ["-3.69250", "-1.23980", "1.45570"], ["-4.28640", "-2.29690", "0.52050"], ["-5.77590", "-2.48120", "0.76890"], ["1.14940", "0.89230", "-1.70790"], ["1.30310", "2.54290", "-0.97220"], ["-0.02680", "3.19690", "-0.59830"], ["-0.94010", "3.47610", "-1.79440"], ["-2.20640", "4.20150", "-1.36480"], ["7.06240", "-0.89070", "0.83770"], ["6.38120", "-1.08100", "-0.78710"], ["5.88020", "0.28240", "0.23250"], ["4.84970", "-1.31740", "1.85760"], ["5.34850", "-2.67380", "0.84390"], ["3.93990", "-1.79560", "-1.02970"], ["3.45210", "-0.43160", "-0.01580"], ["2.93980", "-3.38150", "0.66260"], ["2.39230", "-2.00550", "1.62260"], ["-1.68290", "-2.05020", "1.42870"], ["-1.81130", "-0.42700", "2.11480"], ["-3.90560", "-1.53250", "2.49190"], ["-4.19150", "-0.27520", "1.29890"], ["-3.77670", "-3.25550", "0.67230"], ["-4.13920", "-2.01270", "-0.52690"], ["-6.32030", "-1.54700", "0.59800"], ["-6.18180", "-3.23980", "0.09230"], ["-5.96540", "-2.80700", "1.79660"], ["1.93520", "2.46200", "-0.08190"], ["1.83760", "3.17810", "-1.68660"], ["-0.55520", "2.58810", "0.14390"], ["0.19830", "4.14950", "-0.10140"], ["-1.22560", "2.54270", "-2.29060"], ["-0.40860", "4.08800", "-2.53230"], ["-1.96940", "5.16290", "-0.89820"], ["-2.84570", "4.39360", "-2.23210"], ["-2.77700", "3.60220", "-0.64810"]], "bond_dist": [[0.0, 1.520478046536681, 2.521164002995442, 3.871833357726027, 5.289987347810957, 5.7927480775535205, 5.499743606751137, 7.878013354901095, 8.406163836733139, 9.930775712400315, 10.552790077984115, 12.061228296073331, 5.62272186311932, 6.001177208681644, 7.395034601000863, 8.517078903591301, 9.86113992700641, 1.0945428771866363, 1.09464851893199, 1.0946829221285952, 2.1463692972086608, 2.1463299210512816, 2.746547500044374, 2.734652438610801, 4.157031284462507, 4.190530330399722, 8.0268043410812, 8.18930593396046, 10.334980709706237, 10.410436921186355, 10.243007904907621, 10.39402260291943, 12.501833793488057, 12.578673679684993, 12.38508172157132, 5.327942617934244, 6.162749326396458, 7.505622140102711, 7.736242346902015, 8.477437300269463, 8.626128734258492, 10.126944936159177, 10.668827555547049, 9.98558728267897], [1.520478046536681, 0.0, 1.5300358100384446, 2.5171966907653442, 4.149936860965477, 4.921404175639306, 4.608396798236888, 6.935313243826842, 7.247776192736639, 8.75570978504884, 9.347156533406297, 10.841619166895692, 5.272843625597103, 5.872515568306311, 7.130917252359615, 8.277703545066107, 9.545244451034243, 2.159311756092668, 2.1686305471425973, 2.1686519338058843, 1.096279202575694, 1.0962220213077274, 2.1556272590594134, 2.1491362846501847, 2.736396438749327, 2.784586041048112, 6.755454557614906, 7.066438597341662, 9.092600636781537, 9.333626917763532, 8.959346338321785, 9.277560693415053, 11.354457246826025, 11.352647388605003, 11.103417420776362, 5.206152207725011, 6.289416617620429, 7.029857234681228, 7.586368869228545, 8.136514577507988, 8.57181161773869, 9.901593303605233, 10.372762035253677, 9.510719350816741], [2.521164002995442, 1.5300358100384446, 0.0, 1.5257938458389457, 2.770673501154548, 3.553973021844707, 3.5761407508653793, 5.566847302558244, 6.080600082228727, 7.581501733825562, 8.088357545262202, 9.602880177321802, 3.9156286621690777, 4.812330489482201, 6.043982979790727, 7.0583620805396485, 8.345923625938594, 3.472127777026646, 2.782629297984192, 2.7826558482859505, 2.1637381565244906, 2.164168768834815, 1.0971684738452887, 1.0956264372494853, 2.160748770681127, 2.171294751985552, 5.639487386279004, 6.037013109974169, 8.044584753733409, 8.131911146833811, 7.755329550057818, 7.919376481769256, 10.082730932143333, 10.080506713950445, 9.96191179643747, 4.344926283609424, 5.316384719901298, 5.925990491048733, 6.660433176603456, 6.798143094257431, 7.400775492473746, 8.81428850730449, 9.11170210772938, 8.29833761725805], [3.871833357726027, 2.5171966907653442, 1.5257938458389457, 0.0, 1.8126087857008748, 3.1082104079357302, 3.177024338905826, 4.837826707313935, 5.016346672629394, 6.46891684441839, 6.913214239411361, 8.404991237354148, 4.235368758443591, 5.293488099542682, 6.2510677391946405, 7.227118110284348, 8.363324339639112, 4.670855651805138, 4.196122902156227, 4.191923597824751, 2.7470860543492264, 2.7538282989322336, 2.165061601894967, 2.164745848823829, 1.0950525147224677, 1.0946547674952134, 4.396302416804376, 5.06038258138651, 6.845978542180804, 7.155481463884872, 6.469236255540525, 6.866933656298129, 8.981042337613157, 8.869288447784298, 8.686746402422484, 4.893856562058189, 6.021213018155063, 5.878767809668962, 6.959025338364562, 6.85576480416299, 7.764846069948843, 8.920810457015662, 9.124117209900364, 8.124153029701004], [5.289987347810957, 4.149936860965477, 2.770673501154548, 1.8126087857008748, 0.0, 2.0926646004556004, 2.953510870134051, 3.4117259503072632, 3.9017027834011135, 5.257133191198412, 5.4817976586152835, 6.994982867026909, 3.4230229929113825, 4.850647491830343, 5.589117834685541, 6.2612411940445165, 7.339361536264582, 6.226432552433216, 5.410044508134845, 5.439990119476321, 4.463557834284217, 4.427709180829292, 2.930561534928076, 2.995875247736461, 2.3833150442188713, 2.40374625324721, 3.3510953597294124, 4.276892963355524, 5.842198159083617, 5.920172371645946, 5.106183864687992, 5.264871076294271, 7.539271825581035, 7.380045291188936, 7.434859170824959, 4.8125833873295125, 5.644552226704967, 5.166711589589649, 6.4919053173933445, 5.677653138401464, 6.8782058256495935, 8.064136211647222, 7.967271750731237, 7.050944925327384], [5.7927480775535205, 4.921404175639306, 3.553973021844707, 3.1082104079357302, 2.0926646004556004, 0.0, 1.5059584688828571, 2.092508649922385, 3.0718939174392075, 4.496366499741764, 5.128648607576854, 6.605709880096158, 2.0913807161777123, 3.105788701763209, 3.565566308456484, 4.334505671930768, 5.3477196345732265, 6.770355097038855, 6.066564606925406, 5.535038165180074, 5.00064105990422, 5.580865590569262, 3.9345062993976767, 3.0651623855841637, 4.0709577460347095, 3.1762445151467795, 3.145687107771528, 3.1839527713205795, 5.2049941536950834, 4.817652970067479, 5.170961290707947, 4.851140160828173, 6.869259387299332, 7.199886533133699, 7.108490585208648, 3.1813036085856377, 4.0725751423393035, 3.075037245302892, 4.473444178706156, 3.9071683518886156, 5.059556230540382, 6.012499481081059, 6.075549593246688, 5.0642423411602255], [5.499743606751137, 4.608396798236888, 3.5761407508653793, 3.177024338905826, 2.953510870134051, 1.5059584688828571, 0.0, 2.951928979497983, 3.2766467295086907, 4.756114566534325, 5.732774624036776, 7.142332843686297, 2.9609537669474006, 3.185896114125506, 3.5569065843791847, 4.73381084222849, 5.6011030467221365, 6.345786145939682, 6.0310390995250565, 5.141219993347883, 4.367379207259201, 5.382090851146978, 4.309655620812411, 2.9523772421558867, 4.209108421031703, 2.7646832820415432, 3.3943121085133, 2.877350305402524, 5.217612516276002, 5.041448566632411, 5.7874928872526485, 5.697619208932797, 7.3808573336706615, 7.886521454988885, 7.461546715661572, 2.7905186722184823, 4.22530375002792, 2.919354259078538, 4.17068927756552, 4.633747457512116, 5.483990486862646, 6.035753515510718, 6.50756478953533, 5.257705257999919], [7.878013354901095, 6.935313243826842, 5.566847302558244, 4.837826707313935, 3.4117259503072632, 2.092508649922385, 2.951928979497983, 0.0, 1.813579138058221, 2.785079034785189, 3.3366615845782146, 4.71941220386607, 3.4213046181244953, 4.224083229530403, 3.9310679579473056, 4.184517105951414, 4.70566205756427, 8.845866565238252, 8.128014009584382, 7.619814922949245, 6.9517557163640324, 7.503017912147085, 5.869606837770313, 5.156053457829933, 5.61962063488275, 4.801570194217721, 2.4056216223670757, 2.388494944520503, 3.7296638199709102, 2.9475084715739155, 3.697919509670269, 2.9676196808216515, 4.854774237799323, 5.349353936691794, 5.342516378075036, 4.59519100582337, 5.188842965440369, 3.175935555076645, 4.88205585076615, 3.5572651855041673, 5.142429007774439, 5.5518310565073925, 5.2573249804439515, 4.111191304232873], [8.406163836733139, 7.247776192736639, 6.080600082228727, 5.016346672629394, 3.9017027834011135, 3.0718939174392075, 3.2766467295086907, 1.813579138058221, 0.0, 1.5285144618223276, 2.560556763674651, 3.8990153038940485, 4.911205312344415, 5.522208701235403, 5.157334658522752, 5.65519888421265, 5.924237514651147, 9.255384338859193, 8.814661341764639, 8.244946680846397, 7.053014434268513, 7.708365345519113, 6.592034655552108, 5.822639618763985, 5.649755765517656, 4.673485429526875, 1.0944802876251356, 1.094773716345072, 2.136932844054768, 2.1682003274605415, 2.774732367274365, 2.8483494834728407, 4.229452679721101, 4.7103366387127785, 4.189205776755303, 5.606448348999569, 6.5795825163911426, 4.180058332128871, 5.917610806736111, 5.201363483741546, 6.683415570649486, 6.62838981125884, 6.558323586100339, 5.113802464898307], [9.930775712400315, 8.75570978504884, 7.581501733825562, 6.46891684441839, 5.257133191198412, 4.496366499741764, 4.756114566534325, 2.785079034785189, 1.5285144618223276, 0.0, 1.5312663582799697, 2.5205800443548703, 6.16426889257761, 6.720084602146017, 6.11069385421983, 6.3544133151692295, 6.306461698131528, 10.778296192812665, 10.321569695060921, 9.769846281799936, 8.552001298526562, 9.17443928749872, 8.046095733956937, 7.339196730569362, 7.014505669681935, 6.135058527838182, 2.16701853245421, 2.1526658101061575, 1.0976316959709207, 1.0972877471292568, 2.164220804354306, 2.1743086395449933, 2.781250432808955, 3.472099372137842, 2.781798529728564, 6.909308524736756, 7.744281484424492, 5.120184463473947, 6.826964152535151, 5.867509314010503, 7.42115867301057, 7.035942446467281, 6.786172311399114, 5.3580853567295845], [10.552790077984115, 9.347156533406297, 8.088357545262202, 6.913214239411361, 5.4817976586152835, 5.128648607576854, 5.732774624036776, 3.3366615845782146, 2.560556763674651, 1.5312663582799697, 0.0, 1.5212755503195334, 6.684660413214721, 7.542832861730399, 7.041146500393243, 7.062861650917424, 7.078838792485672, 11.439985826914297, 10.81600297383465, 10.492639708386065, 9.285234508077865, 9.647690872949859, 8.386085703115608, 7.978179242784659, 7.308523517783876, 6.775291289678992, 2.7683750432338465, 3.487755511786914, 2.1484259261142795, 2.1684518578930914, 1.0962441744429023, 1.0952096785547507, 2.169125508125336, 2.159851108294273, 2.1697175438291496, 7.856100911393642, 8.505897448829254, 6.158482442939982, 7.877522875879193, 6.3790679577819205, 8.069936101977513, 7.939131862489752, 7.376666828588641, 6.200265730595746], [12.061228296073331, 10.841619166895692, 9.602880177321802, 8.404991237354148, 6.994982867026909, 6.605709880096158, 7.142332843686297, 4.71941220386607, 3.8990153038940485, 2.5205800443548703, 1.5212755503195334, 0.0, 8.091651288828505, 8.853544545547845, 8.195255106462518, 8.089801716976751, 7.870990104808925, 12.936629026914238, 12.335995154425117, 11.991241684246049, 10.744443842749611, 11.126319927091796, 9.90463421636559, 9.485388671530545, 8.762720255149082, 8.22645643153843, 4.168182582373281, 4.663607789040583, 2.714181788311166, 2.767247614507961, 2.1460831041690813, 2.139480493016938, 1.094672466996407, 1.0945393231857867, 1.0946338109157783, 9.19892113728561, 9.799109091647058, 7.303707002611756, 8.967422718931008, 7.43675611742109, 9.102758887831754, 8.700628107786242, 8.053256985841195, 6.928856021739808], [5.62272186311932, 5.272843625597103, 3.9156286621690777, 4.235368758443591, 3.4230229929113825, 2.0913807161777123, 2.9609537669474006, 3.4213046181244953, 4.911205312344415, 6.16426889257761, 6.684660413214721, 8.091651288828505, 0.0, 1.8136588819290136, 2.8152867988892356, 3.3240810670018264, 4.725454040618743, 6.680025251449279, 5.6668789267108926, 5.149524134325423, 5.593548464972839, 6.071341965331881, 3.933402077082891, 3.149339757790512, 5.204821692430971, 4.586313933868897, 5.149610577509721, 5.0119190206945685, 7.0050695985122085, 6.239320099177473, 6.865570485400322, 6.148420606952651, 8.189247669352783, 8.605897041563999, 8.75138387799324, 2.3927631997337304, 2.387248326002136, 3.034890778924342, 3.754302238765547, 2.9502515909664377, 3.6495887234043236, 5.349817930546796, 5.338043774642542, 4.8870595463939255], [6.001177208681644, 5.872515568306311, 4.812330489482201, 5.293488099542682, 4.850647491830343, 3.105788701763209, 3.185896114125506, 4.224083229530403, 5.522208701235403, 6.720084602146017, 7.542832861730399, 8.853544545547845, 1.8136588819290136, 0.0, 1.5284473232663267, 2.5649213087344416, 3.9014970165309624, 6.94513379712731, 6.241314992050954, 5.245093588297544, 5.95718521535129, 6.846710104860581, 5.077263312060937, 3.792169855109341, 6.3600214850266035, 5.348577964281721, 5.981394855717184, 5.296164873755347, 7.465884385657201, 6.57952976891206, 7.882270665867798, 7.111287699144228, 8.792555806476294, 9.518219767897776, 9.440274132672206, 1.0948649734099636, 1.0952336052185399, 2.168179222296902, 2.1354248382933076, 2.8517542478271154, 2.7840910383821864, 4.192747577663125, 4.71433769897745, 4.2278095167592395], [7.395034601000863, 7.130917252359615, 6.043982979790727, 6.2510677391946405, 5.589117834685541, 3.565566308456484, 3.5569065843791847, 3.9310679579473056, 5.157334658522752, 6.11069385421983, 7.041146500393243, 8.195255106462518, 2.8152867988892356, 1.5284473232663267, 0.0, 1.5305962040982592, 2.5194046062512467, 8.30826855608315, 7.7070446897627365, 6.639065287372914, 7.084532556915805, 8.089431959043848, 6.391077460021902, 5.060441058840623, 7.325703442673611, 6.152187202938481, 5.863740667867227, 4.866004836619052, 6.852857056731885, 5.744525423392258, 7.570313080051577, 6.6375344729801595, 7.971440468949135, 8.93264016122893, 8.777774842179538, 2.157820884596309, 2.1588741718775553, 1.095766781756045, 1.0977369356999882, 2.1746214314220302, 2.1633738581206905, 2.780070281485704, 3.4709639208727014, 2.7803503682090143], [8.517078903591301, 8.277703545066107, 7.0583620805396485, 7.227118110284348, 6.2612411940445165, 4.334505671930768, 4.73381084222849, 4.184517105951414, 5.65519888421265, 6.3544133151692295, 7.062861650917424, 8.089801716976751, 3.3240810670018264, 2.5649213087344416, 1.5305962040982592, 0.0, 1.5212747976614875, 9.488777524001708, 8.682352641421563, 7.799008615843427, 8.35682537151519, 9.183048886943814, 7.224263767332973, 6.1420646439125015, 8.25331150326946, 7.268336626766815, 6.440505969254279, 5.5924076827427385, 7.22859819743773, 5.849133144321472, 7.710080869225692, 6.478249956585498, 7.739616489852711, 8.72573026113001, 8.81057697883629, 3.4969136606441973, 2.79571853554681, 2.1664946111172307, 2.1484113014039004, 1.0949704333907837, 1.0960886232417524, 2.169775834043692, 2.1597914019645508, 2.1688952279905087], [9.86113992700641, 9.545244451034243, 8.345923625938594, 8.363324339639112, 7.339361536264582, 5.3477196345732265, 5.6011030467221365, 4.70566205756427, 5.924237514651147, 6.306461698131528, 7.078838792485672, 7.870990104808925, 4.725454040618743, 3.9014970165309624, 2.5194046062512467, 1.5212747976614875, 0.0, 10.802414569437705, 10.098782961327569,