{"total energy": -22.10438963, "HOMO-LUMO gap/eV": 5.02885813, "electronic energy": -22.45216258, "dipole": [0.01789936, 0.01271352, 0.01366454], "partial charges": [-0.09963413, -0.0513481, -0.0537099, -0.05611194, -0.0467217, -0.0429313, -0.0997663, 0.0310539, 0.0315404, 0.03112457, 0.02889035, 0.03128464, 0.0307996, 0.02808482, 0.03121089, 0.0340856, 0.02839407, 0.02689839, 0.03544088, 0.04050321, 0.04091207], "atomic dipole moments": [[0.09242052, -0.03729759, -0.00647659], [-0.06731944, 0.01814073, -0.08853754], [0.06797761, -0.02447596, 0.08614136], [-0.04148235, 0.08249544, 0.0253955], [-0.11617309, -0.04474015, -0.07772233], [0.12251596, 0.04242539, 0.07972127], [-0.04537293, -0.0384892, -0.01496132], [-0.02866716, 0.02310819, 0.11917991], [-0.01018786, 0.10825668, -0.06344076], [-0.08552683, -0.08029417, -0.04463003], [0.00414756, -0.1019363, 0.07003922], [0.07630116, 0.08265119, 0.05456655], [-0.00722291, 0.10351047, -0.06962991], [-0.08073644, -0.07546804, -0.05168229], [0.00168205, -0.11021364, 0.06186658], [0.01643328, -0.03465305, -0.11568716], [0.01852229, 0.12777324, -0.07804785], [-0.01591149, -0.12773574, 0.07741933], [0.00728014, 0.10740984, -0.07018084], [0.11198839, -0.05931636, -0.0137451], [-0.01470784, 0.03746667, 0.12087907]], "atomic quadrupole moments": [[0.18093454, -0.12503302, -0.07668854, -0.02173059, 0.01234727, -0.104246], [0.09825171, -0.14178016, -0.17214156, -0.08032966, 0.05984438, 0.07388985], [0.08485702, -0.14677495, -0.15306521, -0.08634393, 0.06787858, 0.06820819], [0.1916732, -0.01931233, -0.04535631, 0.04700715, 0.05331996, -0.1463169], [0.07717222, -0.09748055, -0.0400199, -0.33607079, 0.32328367, -0.03715231], [0.08030919, -0.08871615, -0.04701237, -0.33996965, 0.31981739, -0.03329682], [0.06522087, 0.11745447, -0.00435562, 0.0760327, 0.03671719, -0.06086525], [-0.02755283, -0.01254253, -0.04787814, -0.01841619, 0.020332, 0.07543096], [-0.02811214, 8.803e-05, 0.041755, -0.00407068, -0.0605346, -0.01364286], [0.01023109, 0.04370329, 0.02273768, 0.03028788, 0.03740627, -0.03296877], [-0.0283498, -0.00580187, 0.04042369, -0.00932713, -0.03485273, -0.0120739], [0.01265195, 0.03823045, 0.01144132, 0.01027551, 0.02275553, -0.02409327], [-0.03301306, 0.00086709, 0.04293379, -0.01469574, -0.03294165, -0.00992072], [0.01618436, 0.03864907, 0.00668395, 0.00650425, 0.02919925, -0.02286832], [-0.01468712, 0.00145947, 0.01334636, 0.00687892, -0.05300537, 0.00134076], [-0.01971206, -0.00102143, -0.04129829, -0.01042771, 0.01759584, 0.06101034], [-0.00751495, 0.02107637, 0.00946267, 0.04202528, -0.02835608, -0.00194772], [-0.00266209, 0.02319188, 0.00712693, 0.04150354, -0.02945657, -0.00446484], [-0.03737697, 0.00091621, 0.03309392, 0.01472087, -0.06157435, 0.00428305], [0.05164999, -0.05299102, -0.0009101, -0.00883237, 0.00610572, -0.05073989], [-0.04178935, 0.00454651, -0.03451472, -0.01909224, 0.02829043, 0.07630407]], "number of molecular orbitals": 42, "number of electrons": 42, "number of unpaired electrons": 0, "orbital energies/eV": [-16.87145502, -16.65281884, -16.38223959, -15.88616968, -15.36715543, -14.9669548, -14.64673942, -13.88434844, -13.56691882, -13.41108466, -13.27563166, -13.03085283, -12.91307828, -12.53123666, -12.13738112, -11.96957749, -11.83711669, -11.61729049, -11.50685371, -11.32606651, -10.30042748, -5.27156935, 2.22424044, 2.52013204, 2.94794736, 3.48992297, 3.84682208, 4.16814264, 4.32649864, 4.78443967, 4.84008221, 5.06270785, 5.2699991, 5.91101285, 6.02020441, 6.08214802, 6.75697669, 6.78459146, 7.32167214, 8.24411893, 10.97573635, 16.20991063], "fractional occupation": [2.0, 2.0, 2.0, 2.0, 2.0, 2.0, 2.0, 2.0, 2.0, 2.0, 2.0, 2.0, 2.0, 2.0, 2.0, 2.0, 2.0, 2.0, 2.0, 2.0, 2.0, 0.0, 0.0, 0.0, 0.0, 0.0, 0.0, 0.0, 0.0, 0.0, 0.0, 0.0, 0.0, 0.0, 0.0, 0.0, 0.0, 0.0, 0.0, 0.0, 0.0, 0.0], "program call": "xtb /home/svss/Project-DBcg-Debug/aqme2_20220329/End-to-End-workflows-final/example-3/QDESCP/mol_822_rdkit_conf_2/mol_822_rdkit_conf_2.xyz --pop --wbo --acc 0.2 --gfn 2 --chrg 0 --uhf 0 --etemp 300 --input /home/svss/Project-DBcg-Debug/aqme2_20220329/End-to-End-workflows-final/example-3/QDESCP/mol_822_rdkit_conf_2/mol_822_rdkit_conf_2_xtb.inp", "method": "GFN2-xTB", "xtb version": "6.3.3 (7355c4f)", "Dipole module/D": 0.066, "Total charge": 0, "Transition dipole module/D": NaN, "HOMO": -10.3004, "LUMO": -5.2716, "HOMO occupancy": 2.0, "LUMO occupancy": 0, "mulliken charges": [-0.08357, -0.03919, -0.04326, -0.0396, -0.04998, -0.0388, -0.07796, 0.02797, 0.02641, 0.02587, 0.02191, 0.0225, 0.0236, 0.0233, 0.02494, 0.03023, 0.0238, 0.02294, 0.02997, 0.03434, 0.03458], "cm5 charges": [-0.23394, -0.15116, -0.1528, -0.14566, -0.11223, -0.10295, -0.22368, 0.07874, 0.07769, 0.07715, 0.07675, 0.07799, 0.07878, 0.07815, 0.08049, 0.08488, 0.08012, 0.07879, 0.08161, 0.08551, 0.08576], "FUKUI+": [0.012, 0.006, 0.01, 0.024, -0.148, -0.151, 0.049, -0.025, -0.016, -0.021, -0.014, 0.011, -0.03, -0.053, -0.056, -0.08, -0.133, -0.134, -0.066, -0.092, -0.093], "FUKUI-": [0.015, -0.001, 0.002, 0.008, -0.056, -0.065, 0.024, -0.071, -0.049, -0.066, -0.051, -0.048, -0.047, -0.056, -0.052, -0.105, -0.07, -0.07, -0.055, -0.098, -0.09], "FUKUIrad": [0.014, 0.003, 0.006, 0.016, -0.102, -0.108, 0.037, -0.048, -0.032, -0.044, -0.032, -0.019, -0.039, -0.054, -0.054, -0.092, -0.101, -0.102, -0.06, -0.095, -0.092], "s proportion": [1.008, 1.026, 1.032, 1.027, 1.069, 1.065, 1.003, 0.972, 0.974, 0.974, 0.978, 0.978, 0.976, 0.977, 0.975, 0.97, 0.976, 0.977, 0.97, 0.966, 0.965], "p proportion": [3.076, 3.013, 3.011, 3.012, 2.981, 2.974, 3.074, 0.0, 0.0, 0.0, 0.0, 0.0, 0.0, 0.0, 0.0, 0.0, 0.0, 0.0, 0.0, 0.0, 0.0], "d proportion": [0.0, 0.0, 0.0, 0.0, 0.0, 0.0, 0.0, 0.0, 0.0, 0.0, 0.0, 0.0, 0.0, 0.0, 0.0, 0.0, 0.0, 0.0, 0.0, 0.0, 0.0], "Fermi-level/eV": -7.786, "Coordination numbers": [3.75, 3.799, 3.801, 3.803, 2.888, 2.886, 3.753, 0.924, 0.924, 0.924, 0.924, 0.924, 0.924, 0.924, 0.924, 0.924, 0.925, 0.925, 0.924, 0.924, 0.924], "Dispersion coefficient C6": [22.466, 21.497, 21.538, 21.58, 29.158, 29.064, 22.464, 2.572, 2.565, 2.571, 2.602, 2.568, 2.575, 2.614, 2.569, 2.529, 2.609, 2.631, 2.511, 2.442, 2.437], "Total dispersion C6": 3191.135271, "Total dispersion C8": 68281.933482, "Polarizability alpha": [6.76, 6.602, 6.607, 6.614, 8.853, 8.838, 6.759, 2.508, 2.504, 2.507, 2.523, 2.506, 2.51, 2.528, 2.507, 2.487, 2.526, 2.537, 2.478, 2.444, 2.441], "Total polarizability alpha": 86.038674, "Wiberg matrix": [[0.0, 1.0200341481683424, 0.0, 0.0, 0.0, 0.0, 0.0, 0.9873924768219859, 0.987808418489327, 0.987665645764142, 0.0, 0.0, 0.0, 0.0, 0.0, 0.0, 0.0, 0.0, 0.0, 0.0, 0.0], [1.0200341481683424, 0.0, 1.0084784732183976, 0.0, 0.0, 0.0, 0.0, 0.0, 0.0, 0.0, 0.9779733849727896, 0.977709652325715, 0.0, 0.0, 0.0, 0.0, 0.0, 0.0, 0.0, 0.0, 0.0], [0.0, 1.0084784732183976, 0.0, 0.9931969042019809, 0.0, 0.0, 0.0, 0.0, 0.0, 0.0, 0.0, 0.0, 0.9774355743266105, 0.9766993267626563, 0.0, 0.0, 0.0, 0.0, 0.0, 0.0, 0.0], [0.0, 0.0, 0.9931969042019809, 0.0, 1.0259745905238793, 0.0, 0.0, 0.0, 0.0, 0.0, 0.0, 0.0, 0.0, 0.0, 0.9752943795127045, 0.9623803680572636, 0.0, 0.0, 0.0, 0.0, 0.0], [0.0, 0.0, 0.0, 1.0259745905238793, 0.0, 1.923250249751204, 0.0, 0.0, 0.0, 0.0, 0.0, 0.0, 0.0, 0.0, 0.0, 0.0, 0.9659576239620119, 0.0, 0.0, 0.0, 0.0], [0.0, 0.0, 0.0, 0.0, 1.923250249751204, 0.0, 1.0395126624673328, 0.0, 0.0, 0.0, 0.0, 0.0, 0.0, 0.0, 0.0, 0.0, 0.0, 0.9665126215663351, 0.0, 0.0, 0.0], [0.0, 0.0, 0.0, 0.0, 0.0, 1.0395126624673328, 0.0, 0.0, 0.0, 0.0, 0.0, 0.0, 0.0, 0.0, 0.0, 0.0, 0.0, 0.0, 0.9855583208387484, 0.9716694125761359, 0.9714941495948388], [0.9873924768219859, 0.0, 0.0, 0.0, 0.0, 0.0, 0.0, 0.0, 0.0, 0.0, 0.0, 0.0, 0.0, 0.0, 0.0, 0.0, 0.0, 0.0, 0.0, 0.0, 0.0], [0.987808418489327, 0.0, 0.0, 0.0, 0.0, 0.0, 0.0, 0.0, 0.0, 0.0, 0.0, 0.0, 0.0, 0.0, 0.0, 0.0, 0.0, 0.0, 0.0, 0.0, 0.0], [0.987665645764142, 0.0, 0.0, 0.0, 0.0, 0.0, 0.0, 0.0, 0.0, 0.0, 0.0, 0.0, 0.0, 0.0, 0.0, 0.0, 0.0, 0.0, 0.0, 0.0, 0.0], [0.0, 0.9779733849727896, 0.0, 0.0, 0.0, 0.0, 0.0, 0.0, 0.0, 0.0, 0.0, 0.0, 0.0, 0.0, 0.0, 0.0, 0.0, 0.0, 0.0, 0.0, 0.0], [0.0, 0.977709652325715, 0.0, 0.0, 0.0, 0.0, 0.0, 0.0, 0.0, 0.0, 0.0, 0.0, 0.0, 0.0, 0.0, 0.0, 0.0, 0.0, 0.0, 0.0, 0.0], [0.0, 0.0, 0.9774355743266105, 0.0, 0.0, 0.0, 0.0, 0.0, 0.0, 0.0, 0.0, 0.0, 0.0, 0.0, 0.0, 0.0, 0.0, 0.0, 0.0, 0.0, 0.0], [0.0, 0.0, 0.9766993267626563, 0.0, 0.0, 0.0, 0.0, 0.0, 0.0, 0.0, 0.0, 0.0, 0.0, 0.0, 0.0, 0.0, 0.0, 0.0, 0.0, 0.0, 0.0], [0.0, 0.0, 0.0, 0.9752943795127045, 0.0, 0.0, 0.0, 0.0, 0.0, 0.0, 0.0, 0.0, 0.0, 0.0, 0.0, 0.0, 0.0, 0.0, 0.0, 0.0, 0.0], [0.0, 0.0, 0.0, 0.9623803680572636, 0.0, 0.0, 0.0, 0.0, 0.0, 0.0, 0.0, 0.0, 0.0, 0.0, 0.0, 0.0, 0.0, 0.0, 0.0, 0.0, 0.0], [0.0, 0.0, 0.0, 0.0, 0.9659576239620119, 0.0, 0.0, 0.0, 0.0, 0.0, 0.0, 0.0, 0.0, 0.0, 0.0, 0.0, 0.0, 0.0, 0.0, 0.0, 0.0], [0.0, 0.0, 0.0, 0.0, 0.0, 0.9665126215663351, 0.0, 0.0, 0.0, 0.0, 0.0, 0.0, 0.0, 0.0, 0.0, 0.0, 0.0, 0.0, 0.0, 0.0, 0.0], [0.0, 0.0, 0.0, 0.0, 0.0, 0.0, 0.9855583208387484, 0.0, 0.0, 0.0, 0.0, 0.0, 0.0, 0.0, 0.0, 0.0, 0.0, 0.0, 0.0, 0.0, 0.0], [0.0, 0.0, 0.0, 0.0, 0.0, 0.0, 0.9716694125761359, 0.0, 0.0, 0.0, 0.0, 0.0, 0.0, 0.0, 0.0, 0.0, 0.0, 0.0, 0.0, 0.0, 0.0], [0.0, 0.0, 0.0, 0.0, 0.0, 0.0, 0.9714941495948388, 0.0, 0.0, 0.0, 0.0, 0.0, 0.0, 0.0, 0.0, 0.0, 0.0, 0.0, 0.0, 0.0, 0.0]], "Born radii": [], "Atomic SASAs": [], "Solvent H bonds": [], "Total SASA": NaN, "Total FOD": 0.0, "FOD": [0.0, 0.0, 0.0, 0.0, 0.0, 0.0, 0.0, 0.0, 0.0, 0.0, 0.0, 0.0, 0.0, 0.0, 0.0, 0.0, 0.0, 0.0, 0.0, 0.0, 0.0], "FOD s proportion": [0.0, 0.0, 0.0, 0.0, 0.0, 0.0, 0.0, 0.0, 0.0, 0.0, 0.0, 0.0, 0.0, 0.0, 0.0, 0.0, 0.0, 0.0, 0.0, 0.0, 0.0], "FOD p proportion": [0.0, 0.0, 0.0, 0.0, 0.0, 0.0, 0.0, 0.0, 0.0, 0.0, 0.0, 0.0, 0.0, 0.0, 0.0, 0.0, 0.0, 0.0, 0.0, 0.0, 0.0], "FOD d proportion": [0.0, 0.0, 0.0, 0.0, 0.0, 0.0, 0.0, 0.0, 0.0, 0.0, 0.0, 0.0, 0.0, 0.0, 0.0, 0.0, 0.0, 0.0, 0.0, 0.0, 0.0], "coordinates": [["-3.00650", "0.55310", "0.59490"], ["-1.60000", "-0.01890", "0.50650"], ["-1.20910", "-0.31720", "-0.94310"], ["0.17300", "-0.96530", "-1.07070"], ["1.29200", "-0.04520", "-0.67110"], ["2.15430", "-0.30310", "0.32430"], ["3.26960", "0.60880", "0.71970"], ["-3.26670", "0.75960", "1.63780"], ["-3.08500", "1.48940", "0.03310"], ["-3.74270", "-0.15120", "0.19450"], ["-1.54820", "-0.93770", "1.10210"], ["-0.89980", "0.69710", "0.95090"], ["-1.24300", "0.60760", "-1.53290"], ["-1.94990", "-0.99760", "-1.38150"], ["0.19860", "-1.89280", "-0.48560"], ["0.33080", "-1.25250", "-2.11730"], ["1.39130", "0.87360", "-1.24600"], ["2.05940", "-1.22270", "0.89780"], ["3.30400", "1.51270", "0.10340"], ["4.22800", "0.09030", "0.61920"], ["3.14990", "0.91220", "1.76420"]], "bond_dist": [[0.0, 1.5209341898977744, 2.520617553299191, 3.8973044748903054, 4.5208208480319145, 5.238335560080129, 6.2775878122094, 1.0945257877272696, 1.0947324696015919, 1.0946913217889325, 2.146246810131584, 2.1414146936079432, 2.764133741337419, 2.725294664802322, 4.174035585617353, 4.664095999226431, 4.7783132902730445, 5.3766678212439345, 6.401938351780654, 7.249328560632357, 6.276740894763779], [1.5209341898977744, 0.0, 1.5307272323964187, 2.554752786474652, 3.1226747268967996, 3.769447568278408, 4.914515814401252, 2.1595811700420064, 2.1689401674550637, 2.169334132861971, 1.0961824848080726, 1.0956401781606953, 2.1631235771448654, 2.1551862332522447, 2.7804182383231484, 3.483401217201372, 3.5799005838151423, 3.872138748805368, 5.153397342530459, 5.830112342828395, 5.001030544797742], [2.520617553299191, 1.5307272323964187, 0.0, 1.5318341228736225, 2.530507698071674, 3.594295637534565, 4.866326492334849, 3.4719246550004508, 2.781325369315859, 2.7822326861713056, 2.1639898567229934, 2.1706466732289713, 1.0973915846223716, 1.097234414334512, 2.1618142612167217, 2.1505403367526035, 2.8760794860365038, 3.8590070367906826, 4.981141221647906, 5.671762860874915, 5.2765309295028295], [3.8973044748903054, 2.554752786474652, 1.5318341228736225, 0.0, 1.5028057658925853, 2.5119879637450495, 3.907973199754574, 4.705612430916937, 4.225930729437008, 4.194782037245798, 2.772066204115623, 2.828664023881238, 2.166263892050089, 2.1457735994274887, 1.0969291772945051, 1.0967024391328763, 2.212812280786601, 2.73856750327612, 4.161989405320489, 4.518083484177777, 4.519247489350412], [4.5208208480319145, 3.1226747268967996, 2.530507698071674, 1.5028057658925853, 0.0, 1.341974239693147, 2.5045842768810953, 5.173052091367339, 4.6913776015153585, 5.109667645747617, 3.4651883830464403, 2.8259300292116225, 2.7559158332576126, 3.452774178830698, 2.1548920088951093, 2.1149404648831136, 1.0883767454333082, 2.1063846324923663, 2.6598959866882006, 3.2098801130260304, 3.209220039199556], [5.238335560080129, 3.769447568278408, 3.594295637534565, 2.5119879637450495, 1.341974239693147, 0.0, 1.4939199643889898, 5.678191132746414, 5.545098572613475, 5.900383940897406, 3.836169476183241, 3.2742257726064037, 3.9774632141605033, 4.4985043658976265, 2.6472337618729482, 3.191852623477469, 2.1053821458348128, 1.0879211460395464, 2.1604945128372806, 2.1311877580354106, 2.131076127218359], [6.2775878122094, 4.914515814401252, 4.866326492334849, 3.907973199754574, 2.5045842768810953, 1.4939199643889898, 0.0, 6.602186451471967, 6.451962265853699, 7.072890945716609, 5.074356003474727, 4.176738762479646, 5.043586715820399, 5.851388095999103, 4.140264683567948, 4.488825250552755, 2.731685637111269, 2.2024295448436026, 1.094552081903826, 1.094291122142549, 1.0942394162156652], [1.0945257877272696, 2.1595811700420064, 3.4719246550004508, 4.705612430916937, 5.173052091367339, 5.678191132746414, 6.602186451471967, 0.0, 1.7721977937013689, 1.7717921802513972, 2.474074378429234, 2.465350577504141, 3.764545680424133, 3.7333479036918056, 4.853077107361885, 5.575959887768204, 5.479622472397163, 5.7310081573838305, 6.789377103976476, 7.593157218180064, 6.4196588133638395], [1.0947324696015919, 2.1689401674550637, 2.781325369315859, 4.225930729437008, 4.6913776015153585, 5.545098572613475, 6.451962265853699, 1.7721977937013689, 0.0, 1.774876787272852, 3.0651801986180196, 2.4990388492378424, 2.5734978608889496, 3.0781023650944426, 4.742399760669697, 4.87954151637221, 4.6960161988647355, 5.879459487061715, 6.3894292374201935, 7.468665410901735, 6.496448649839387], [1.0946913217889325, 2.169334132861971, 2.7822326861713056, 4.194782037245798, 5.109667645747617, 5.900383940897406, 7.072890945716609, 1.7717921802513972, 1.774876787272852, 0.0, 2.5016295209323065, 3.0616718080160066, 3.131802722075578, 2.5326469947468007, 4.362287503134107, 4.8115156842724724, 5.429844499615068, 5.941978420526282, 7.241052638256401, 7.985659072988278, 7.148616118522521], [2.146246810131584, 1.0961824848080726, 2.1639898567229934, 2.772066204115623, 3.4651883830464403, 3.836169476183241, 5.074356003474727, 2.474074378429234, 3.0651801986180196, 2.5016295209323065, 0.0, 1.7651784725630437, 3.0699062086650137, 2.5165889334573497, 2.546432316006063, 3.7408924603629012, 4.175528894643168, 3.624602219554582, 5.526817048718005, 5.886804128727233, 5.092411023277678], [2.1414146936079432, 1.0956401781606953, 2.1706466732289713, 2.828664023881238, 2.8259300292116225, 3.2742257726064037, 4.176738762479646, 2.465350577504141, 2.4990388492378424, 3.0616718080160066, 1.7651784725630437, 0.0, 2.508995601829545, 3.0683558887456326, 3.158733420217667, 3.837859788996987, 3.1790975244556434, 3.527791985080753, 4.365248452264773, 5.1742210979044945, 4.1361570315934575], [2.764133741337419, 2.1631235771448654, 1.0973915846223716, 2.166263892050089, 2.7559158332576126, 3.9774632141605033, 5.043586715820399, 3.764545680424133, 2.5734978608889496, 3.131802722075578, 3.0699062086650137, 2.508995601829545, 0.0, 1.7604819254965385, 3.070349818831724, 2.50566195046339, 2.6631943413878005, 4.490450572047309, 4.916491909888594, 5.901777249269918, 5.501019903617873], [2.725294664802322, 2.1551862332522447, 1.097234414334512, 2.1457735994274887, 3.452774178830698, 4.4985043658976265, 5.851388095999103, 3.7333479036918056, 3.0781023650944426, 2.5326469947468007, 2.5165889334573497, 3.0683558887456326, 1.7604819254965385, 0.0, 2.494007237359186, 2.409972642998256, 3.831888193828207, 4.617398075756519, 6.009159617617093, 6.584282444579666, 6.288936680393594], [4.174035585617353, 2.7804182383231484, 2.1618142612167217, 1.0969291772945051, 2.1548920088951093, 2.6472337618729482, 4.140264683567948, 4.853077107361885, 4.742399760669697, 4.362287503134107, 2.546432316006063, 3.158733420217667, 3.070349818831724, 2.494007237359186, 0.0, 1.757812794355531, 3.107042067626378, 2.4135878293528084, 4.646273819955083, 4.624860323296262, 4.651859491644175], [4.664095999226431, 3.483401217201372, 2.1505403367526035, 1.0967024391328763, 2.1149404648831136, 3.191852623477469, 4.488825250552755, 5.575959887768204, 4.87954151637221, 4.8115156842724724, 3.7408924603629012, 3.837859788996987, 2.50566195046339, 2.409972642998256, 1.757812794355531, 0.0, 2.5306373011555805, 3.475596928586513, 4.627932342850315, 4.94769763930659, 5.263011794590622], [4.7783132902730445, 3.5799005838151423, 2.8760794860365038, 2.212812280786601, 1.0883767454333082, 2.1053821458348128, 2.731685637111269, 5.479622472397163, 4.6960161988647355, 5.429844499615068, 4.175528894643168, 3.1790975244556434, 2.6631943413878005, 3.831888193828207, 3.107042067626378, 2.5306373011555805, 0.0, 3.071922808274974, 2.4264687222381416, 3.4841637188857812, 3.4864692684720455], [5.3766678212439345, 3.872138748805368, 3.8590070367906826, 2.73856750327612, 2.1063846324923663, 1.0879211460395464, 2.2024295448436026, 5.7310081573838305, 5.879459487061715, 5.941978420526282, 3.624602219554582, 3.527791985080753, 4.490450572047309, 4.617398075756519, 2.4135878293528084, 3.475596928586513, 3.071922808274974, 0.0, 3.108458408922339, 2.5503750547713566, 2.5490463353968282], [6.401938351780654, 5.153397342530459, 4.981141221647906, 4.161989405320489, 2.6598959866882006, 2.1604945128372806, 1.094552081903826, 6.789377103976476, 6.3894292374201935, 7.241052638256401, 5.526817048718005, 4.365248452264773, 4.916491909888594, 6.009159617617093, 4.646273819955083, 4.627932342850315, 2.4264687222381416, 3.108458408922339, 0.0, 1.772864179794944, 1.772739038888691], [7.249328560632357, 5.830112342828395, 5.671762860874915, 4.518083484177777, 3.2098801130260304, 2.1311877580354106, 1.094291122142549, 7.593157218180064, 7.468665410901735, 7.985659072988278, 5.886804128727233, 5.1742210979044945, 5.901777249269918, 6.584282444579666, 4.624860323296262, 4.94769763930659, 3.4841637188857812, 2.5503750547713566, 1.772864179794944, 0.0, 1.7744983009290256], [6.276740894763779, 5.001030544797742, 5.2765309295028295, 4.519247489350412, 3.209220039199556, 2.131076127218359, 1.0942394162156652, 6.4196588133638395, 6.496448649839387, 7.148616118522521, 5.092411023277678, 4.1361570315934575, 5.501019903617873, 6.288936680393594, 4.651859491644175, 5.263011794590622, 3.4864692684720455, 2.5490463353968282, 1.772739038888691, 1.7744983009290256, 0.0]]}