{"total energy": -49.02469309, "HOMO-LUMO gap/eV": 3.19724251, "electronic energy": -49.63542939, "dipole": [-0.12673941, -1.16938352, 0.31014805], "partial charges": [-0.1119597, 0.01848759, -0.20429585, 0.25963105, -0.34295642, 0.26662814, -0.20050893, 0.09726986, -0.11157469, -0.117205, -0.11578566, -0.34011671, 0.23312857, -0.12099521, -0.05163547, -0.3484897, 0.04028438, 0.04605292, 0.05046431, 0.03007977, 0.06295915, 0.18193881, 0.18637282, 0.03403976, 0.04297153, 0.04379517, 0.04753225, 0.04670098, 0.03760711, 0.05842569, 0.04236414, 0.04744547, 0.0615918, 0.06644491, 0.06330716], "atomic dipole moments": [[0.08420591, 0.0909448, -0.02788208], [-0.0995067, 0.10747885, 0.08554378], [0.03485811, -0.00346756, -0.17158126], [-0.02115117, -0.02408039, 0.00175863], [-0.11810575, 0.26705725, 0.0045849], [0.01409074, 0.01052841, -0.00467892], [-0.01290633, -0.03202587, 0.14356841], [-0.07365798, 0.07515536, -0.02275818], [0.00906768, 0.00871508, -0.10938573], [-0.1116131, -0.03146281, 0.03206811], [0.03125144, 0.11542181, 0.05083405], [-0.14207133, -0.23519865, 0.0338709], [-0.0207807, 0.03453072, 0.00160032], [-0.1105969, -0.36297752, 0.11901262], [0.14324897, 0.02555444, -0.07654888], [0.27230138, -0.04512279, -0.04357923], [-0.11607923, 0.03186975, -0.03804853], [0.03147284, -0.1078571, -0.05991219], [-0.00897709, -0.02576183, 0.12535289], [0.0021539, 0.02017274, -0.12083806], [0.11350819, -0.04959268, 0.0365541], [-0.110993, 0.05950051, -0.03430334], [0.0225845, 0.12467534, 0.02657675], [0.01713608, 0.11338764, 0.05701588], [0.08415209, -0.07803565, 0.05385487], [-0.11426264, -0.04250118, 0.04623185], [0.01931978, 0.01001017, -0.12684197], [0.08948619, -0.08266015, 0.04341983], [0.03387961, 0.1132893, 0.0457035], [-0.10993754, -0.05778228, 0.03527258], [0.0856853, -0.08678334, 0.03084065], [-0.00284306, 0.001257, -0.12966303], [0.02507395, -0.05117108, 0.1192225], [-0.07787455, -0.07801909, -0.07077268], [-0.06220314, 0.10875793, 0.01823661]], "atomic quadrupole moments": [[0.04445132, 0.18683365, 0.08547083, -0.05126147, -0.04400991, -0.12992215], [-0.08821686, 0.07664899, 0.2762033, -0.11231452, 0.15367826, -0.18798644], [-0.06631134, 0.03644935, 0.10338341, -0.03909316, 0.06166497, -0.03707207], [-0.25707718, 0.11952859, -0.14704717, 0.13854046, 0.04734019, 0.40412435], [-0.07112606, 0.02091299, -0.10378628, 0.05301676, 0.01895262, 0.17491234], [-0.1009444, -0.00858747, -0.31238632, 0.12432991, 0.04900087, 0.41333073], [0.06593702, -0.06292454, -0.04407442, 0.01081447, -0.03953239, -0.0218626], [0.03239011, -0.07236402, 0.02663445, 0.02312731, -0.03988746, -0.05902455], [-0.10067736, -0.0066542, -0.10632825, -0.02407243, -0.00822854, 0.20700561], [0.18431542, 0.08667202, -0.07888895, -0.07708344, -0.01997057, -0.10542647], [-0.08956241, 0.04999715, 0.1503374, 0.03144644, 0.12708412, -0.06077499], [-0.08533248, -0.04294165, -0.09458991, 0.06098775, 0.02643394, 0.17992239], [-0.29982401, -0.14214636, -0.06275569, 0.14819558, 0.05760713, 0.3625797], [0.20722341, -0.15899341, 0.15409811, -0.34373869, -0.06193214, -0.36132152], [0.24553507, 0.07893183, -0.16527341, -0.26874467, -0.05439995, -0.08026166], [-0.12421083, -0.00725885, -0.04725639, 0.06211148, 0.02123821, 0.17146722], [0.05328015, -0.03331103, -0.02281405, 0.0350508, -0.02634014, -0.0304661], [-0.02678791, -0.02457064, 0.04453996, -0.02562228, 0.05194371, -0.01775204], [-0.03382802, 0.00991295, -0.04348497, 0.00531204, -0.01532784, 0.07731299], [-0.04259255, 0.00052611, 0.00887848, 0.00273308, -0.01196062, 0.03371407], [0.02844338, -0.00781201, -0.01047232, 0.03147664, -0.00456635, -0.01797106], [0.06930944, 0.01144822, -0.00749931, -0.00313724, 0.0180282, -0.06181014], [0.04446597, 0.03446716, 0.02817048, 0.00214616, -0.01558235, -0.07263646], [-0.04669547, 0.02271996, 0.07158212, 0.00142515, 0.03028528, -0.02488664], [0.02307653, -0.06483516, 0.0025133, 0.01961761, -0.02365804, -0.02558984], [0.06573843, 0.03880517, -0.03451924, -0.01489562, -0.00202133, -0.03121918], [-0.03435222, 0.00667129, -0.04692588, 0.0011245, -0.0007051, 0.08127811], [0.00340417, -0.04554817, 0.02458265, 0.02415674, -0.04147874, -0.02798682], [-0.03399174, 0.01476842, 0.05526661, -0.00141444, 0.05270043, -0.02127487], [0.05498851, 0.02670905, -0.03250089, -0.04126761, -0.00212912, -0.02248762], [0.03655034, -0.05028785, 0.00265655, 0.04038673, -0.01909128, -0.03920689], [-0.04904768, 0.00593106, -0.02918691, -0.00104523, -0.02187757, 0.07823459], [-0.00302081, -0.00570994, -0.03550108, 0.01538621, -0.04957606, 0.0385219], [0.00295567, 0.0482086, -0.00672313, 0.01355491, 0.03917608, 0.00376747], [-0.00706047, -0.0514499, 0.05677902, -0.0202781, 0.01164299, -0.04971856]], "number of molecular orbitals": 88, "number of electrons": 90, "number of unpaired electrons": 0, "orbital energies/eV": [-19.37242164, -18.56899246, -18.06698022, -17.81173127, -17.60897412, -17.43011625, -17.14579132, -16.9208643, -16.40181784, -16.29090438, -16.26637237, -16.17711286, -16.03938151, -15.84166765, -15.38551361, -15.08967323, -14.89702642, -14.71720716, -14.42602334, -14.1690716, -14.11289291, -13.87635265, -13.70059053, -13.62786054, -13.51100225, -13.31652624, -13.17053225, -13.04560419, -12.85285404, -12.79638856, -12.66040187, -12.6256854, -12.51393174, -12.43715516, -12.36599216, -12.2790393, -12.19831041, -12.0723545, -11.98707596, -11.78444612, -10.67555901, -10.55509304, -10.16382216, -10.039212, -9.93195662, -6.73471411, -6.30929202, -5.30659929, -3.60173385, -3.21844254, -0.13491476, 0.2075479, 0.30889404, 0.96687733, 1.22027267, 1.67871283, 2.08550566, 2.48394625, 2.65381844, 3.15088321, 3.44024465, 3.85391295, 3.9489129, 4.17026174, 4.2854743, 4.66519694, 5.14353405, 5.16589001, 5.21058337, 5.40511401, 5.73482705, 5.7961243, 5.87659294, 6.02473666, 6.04819349, 6.17417036, 6.54564987, 6.67960572, 6.85051203, 7.05108481, 7.21112452, 7.64399045, 8.1010088, 10.35603024, 12.30429551, 12.41869546, 14.14874458, 17.74304845], "fractional occupation": [2.0, 2.0, 2.0, 2.0, 2.0, 2.0, 2.0, 2.0, 2.0, 2.0, 2.0, 2.0, 2.0, 2.0, 2.0, 2.0, 2.0, 2.0, 2.0, 2.0, 2.0, 2.0, 2.0, 2.0, 2.0, 2.0, 2.0, 2.0, 2.0, 2.0, 2.0, 2.0, 2.0, 2.0, 2.0, 2.0, 2.0, 2.0, 2.0, 2.0, 2.0, 2.0, 2.0, 2.0, 2.0, 0.0, 0.0, 0.0, 0.0, 0.0, 0.0, 0.0, 0.0, 0.0, 0.0, 0.0, 0.0, 0.0, 0.0, 0.0, 0.0, 0.0, 0.0, 0.0, 0.0, 0.0, 0.0, 0.0, 0.0, 0.0, 0.0, 0.0, 0.0, 0.0, 0.0, 0.0, 0.0, 0.0, 0.0, 0.0, 0.0, 0.0, 0.0, 0.0, 0.0, 0.0, 0.0, 0.0], "program call": "xtb /home/svss/Project-DBcg-Debug/aqme2_20220329/End-to-End-workflows-final/example-3/QDESCP/mol_550_rdkit_conf_4/mol_550_rdkit_conf_4.xyz --pop --wbo --acc 0.2 --gfn 2 --chrg 0 --uhf 0 --etemp 300 --input /home/svss/Project-DBcg-Debug/aqme2_20220329/End-to-End-workflows-final/example-3/QDESCP/mol_550_rdkit_conf_4/mol_550_rdkit_conf_4_xtb.inp", "method": "GFN2-xTB", "xtb version": "6.3.3 (7355c4f)", "Dipole module/D": 3.092, "Total charge": 0, "Transition dipole module/D": NaN, "HOMO": -9.932, "LUMO": -6.7347, "HOMO occupancy": 2.0, "LUMO occupancy": 0, "mulliken charges": [-0.09547, 0.10426, -0.36181, 0.44157, -0.43287, 0.44605, -0.36346, 0.16838, -0.10734, -0.10496, -0.0982, -0.43005, 0.37725, -0.09346, -0.00944, -0.43621, 0.02939, 0.03183, 0.03599, 0.02333, 0.03229, 0.21595, 0.21923, 0.03243, 0.03052, 0.04288, 0.03649, 0.03221, 0.03066, 0.03711, 0.02593, 0.03572, 0.03554, 0.03373, 0.03451], "cm5 charges": [-0.23999, 0.05541, -0.70272, 0.65855, -0.61282, 0.66524, -0.69849, 0.19272, -0.24724, -0.2456, -0.23764, -0.60405, 0.54631, -0.12017, -0.13822, -0.6152, 0.08275, 0.08302, 0.08942, 0.08904, 0.09974, 0.41738, 0.42213, 0.08693, 0.08291, 0.09993, 0.09072, 0.08453, 0.0848, 0.09584, 0.07837, 0.09046, 0.09013, 0.08898, 0.08685], "FUKUI+": [0.011, 0.015, -0.048, -0.028, -0.106, -0.027, -0.046, 0.004, 0.011, 0.012, 0.012, -0.075, -0.048, -0.237, 0.037, -0.074, -0.015, -0.026, -0.016, -0.02, -0.019, -0.034, -0.032, -0.01, -0.03, 0.004, -0.015, -0.025, -0.013, 0.002, -0.027, -0.012, -0.038, -0.037, -0.05], "FUKUI-": [0.012, 0.013, -0.053, 0.001, -0.093, 0.0, -0.053, -0.0, 0.006, 0.011, 0.009, -0.071, 0.026, -0.284, 0.046, -0.063, -0.021, -0.026, -0.021, -0.036, -0.024, -0.032, -0.031, -0.018, -0.033, -0.008, -0.022, -0.027, -0.018, -0.008, -0.033, -0.021, -0.042, -0.043, -0.044], "FUKUIrad": [0.012, 0.014, -0.05, -0.013, -0.1, -0.013, -0.05, 0.002, 0.008, 0.012, 0.01, -0.073, -0.011, -0.261, 0.041, -0.068, -0.018, -0.026, -0.019, -0.028, -0.021, -0.033, -0.031, -0.014, -0.031, -0.002, -0.018, -0.026, -0.015, -0.003, -0.03, -0.016, -0.04, -0.04, -0.047], "s proportion": [1.012, 1.001, 1.457, 0.978, 1.525, 0.974, 1.452, 1.061, 1.02, 1.022, 1.017, 1.535, 1.019, 1.926, 1.009, 1.537, 0.971, 0.968, 0.964, 0.977, 0.968, 0.784, 0.781, 0.968, 0.969, 0.957, 0.964, 0.968, 0.969, 0.963, 0.974, 0.964, 0.964, 0.966, 0.965], "p proportion": [3.084, 2.895, 3.905, 2.581, 3.908, 2.58, 3.911, 2.77, 3.087, 3.083, 3.081, 3.895, 2.603, 4.166, 3.0, 3.899, 0.0, 0.0, 0.0, 0.0, 0.0, 0.0, 0.0, 0.0, 0.0, 0.0, 0.0, 0.0, 0.0, 0.0, 0.0, 0.0, 0.0, 0.0, 0.0], "d proportion": [0.0, 0.0, 0.0, 0.0, 0.0, 0.0, 0.0, 0.0, 0.0, 0.0, 0.0, 0.0, 0.0, 0.001, 0.0, 0.0, 0.0, 0.0, 0.0, 0.0, 0.0, 0.0, 0.0, 0.0, 0.0, 0.0, 0.0, 0.0, 0.0, 0.0, 0.0, 0.0, 0.0, 0.0, 0.0], "Fermi-level/eV": -8.3333, "Coordination numbers": [3.751, 3.748, 2.698, 2.943, 1.842, 2.925, 2.704, 3.832, 3.754, 3.759, 3.754, 1.902, 3.003, 2.035, 3.742, 1.881, 0.924, 0.924, 0.924, 0.924, 0.924, 0.86, 0.86, 0.924, 0.924, 0.924, 0.924, 0.924, 0.924, 0.924, 0.924, 0.924, 0.924, 0.924, 0.924], "Dispersion coefficient C6": [22.703, 20.327, 25.441, 22.642, 29.76, 22.516, 25.355, 18.956, 22.692, 22.794, 22.773, 29.682, 23.118, 146.127, 21.576, 29.912, 2.445, 2.37, 2.314, 2.585, 2.165, 1.203, 1.178, 2.53, 2.41, 2.399, 2.351, 2.362, 2.481, 2.218, 2.418, 2.352, 2.181, 2.125, 2.161], "Total dispersion C6": 12863.545139, "Total dispersion C8": 311287.285658, "Polarizability alpha": [6.795, 6.43, 7.491, 7.804, 8.085, 7.782, 7.479, 6.195, 6.793, 6.807, 6.805, 8.077, 7.887, 20.345, 6.627, 8.108, 2.445, 2.407, 2.379, 2.515, 2.301, 1.718, 1.7, 2.487, 2.428, 2.422, 2.398, 2.403, 2.463, 2.329, 2.432, 2.398, 2.309, 2.28, 2.299], "Total polarizability alpha": 173.622772, "Wiberg matrix": [[0.0, 1.0192444183361717, 0.0, 0.0, 0.0, 0.0, 0.0, 0.0, 0.0, 0.0, 0.0, 0.0, 0.0, 0.0, 0.0, 0.0, 0.9862994307323689, 0.985070979984813, 0.9863993102471447, 0.0, 0.0, 0.0, 0.0, 0.0, 0.0, 0.0, 0.0, 0.0, 0.0, 0.0, 0.0, 0.0, 0.0, 0.0, 0.0], [1.0192444183361717, 0.0, 0.9882382195197782, 0.0, 0.0, 0.0, 0.0, 0.0, 0.0, 0.0, 0.0, 0.0, 0.0, 0.0, 0.0, 0.0, 0.0, 0.0, 0.0, 0.9699013656812693, 0.9692988240558676, 0.0, 0.0, 0.0, 0.0, 0.0, 0.0, 0.0, 0.0, 0.0, 0.0, 0.0, 0.0, 0.0, 0.0], [0.0, 0.9882382195197782, 0.0, 1.1714160699473608, 0.0, 0.0, 0.0, 0.0, 0.0, 0.0, 0.0, 0.0, 0.0, 0.0, 0.0, 0.0, 0.0, 0.0, 0.0, 0.0, 0.0, 0.9330870581284152, 0.0, 0.0, 0.0, 0.0, 0.0, 0.0, 0.0, 0.0, 0.0, 0.0, 0.0, 0.0, 0.0], [0.0, 0.0, 1.1714160699473608, 0.0, 1.3447324643951208, 0.0, 0.0, 0.0, 0.0, 0.0, 0.0, 0.0, 0.0, 0.0, 0.0, 1.3118295149014252, 0.0, 0.0, 0.0, 0.0, 0.0, 0.0, 0.0, 0.0, 0.0, 0.0, 0.0, 0.0, 0.0, 0.0, 0.0, 0.0, 0.0, 0.0, 0.0], [0.0, 0.0, 0.0, 1.3447324643951208, 0.0, 1.3261089305641087, 0.0, 0.0, 0.0, 0.0, 0.0, 0.0, 0.0, 0.0, 0.0, 0.0, 0.0, 0.0, 0.0, 0.0, 0.0, 0.0, 0.0, 0.0, 0.0, 0.0, 0.0, 0.0, 0.0, 0.0, 0.0, 0.0, 0.0, 0.0, 0.0], [0.0, 0.0, 0.0, 0.0, 1.3261089305641087, 0.0, 1.198814264362825, 0.0, 0.0, 0.0, 0.0, 1.306858603504482, 0.0, 0.0, 0.0, 0.0, 0.0, 0.0, 0.0, 0.0, 0.0, 0.0, 0.0, 0.0, 0.0, 0.0, 0.0, 0.0, 0.0, 0.0, 0.0, 0.0, 0.0, 0.0, 0.0], [0.0, 0.0, 0.0, 0.0, 0.0, 1.198814264362825, 0.0, 0.9626764161328981, 0.0, 0.0, 0.0, 0.0, 0.0, 0.0, 0.0, 0.0, 0.0, 0.0, 0.0, 0.0, 0.0, 0.0, 0.9304437443309053, 0.0, 0.0, 0.0, 0.0, 0.0, 0.0, 0.0, 0.0, 0.0, 0.0, 0.0, 0.0], [0.0, 0.0, 0.0, 0.0, 0.0, 0.0, 0.9626764161328981, 0.0, 0.9893984633098108, 0.9933968709588726, 0.9947698729803126, 0.0, 0.0, 0.0, 0.0, 0.0, 0.0, 0.0, 0.0, 0.0, 0.0, 0.0, 0.0, 0.0, 0.0, 0.0, 0.0, 0.0, 0.0, 0.0, 0.0, 0.0, 0.0, 0.0, 0.0], [0.0, 0.0, 0.0, 0.0, 0.0, 0.0, 0.0, 0.9893984633098108, 0.0, 0.0, 0.0, 0.0, 0.0, 0.0, 0.0, 0.0, 0.0, 0.0, 0.0, 0.0, 0.0, 0.0, 0.0, 0.9857641832333695, 0.9840773567575188, 0.9837665758379364, 0.0, 0.0, 0.0, 0.0, 0.0, 0.0, 0.0, 0.0, 0.0], [0.0, 0.0, 0.0, 0.0, 0.0, 0.0, 0.0, 0.9933968709588726, 0.0, 0.0, 0.0, 0.0, 0.0, 0.0, 0.0, 0.0, 0.0, 0.0, 0.0, 0.0, 0.0, 0.0, 0.0, 0.0, 0.0, 0.0, 0.9855571416459379, 0.9847247276689184, 0.9848123782009437, 0.0, 0.0, 0.0, 0.0, 0.0, 0.0], [0.0, 0.0, 0.0, 0.0, 0.0, 0.0, 0.0, 0.9947698729803126, 0.0, 0.0, 0.0, 0.0, 0.0, 0.0, 0.0, 0.0, 0.0, 0.0, 0.0, 0.0, 0.0, 0.0, 0.0, 0.0, 0.0, 0.0, 0.0, 0.0, 0.0, 0.9800268570946857, 0.9843731240307342, 0.9850235772688528, 0.0, 0.0, 0.0], [0.0, 0.0, 0.0, 0.0, 0.0, 1.306858603504482, 0.0, 0.0, 0.0, 0.0, 0.0, 0.0, 1.3865345137392229, 0.0, 0.0, 0.0, 0.0, 0.0, 0.0, 0.0, 0.0, 0.0, 0.0, 0.0, 0.0, 0.0, 0.0, 0.0, 0.0, 0.0, 0.0, 0.0, 0.0, 0.0, 0.0], [0.0, 0.0, 0.0, 0.0, 0.0, 0.0, 0.0, 0.0, 0.0, 0.0, 0.0, 1.3865345137392229, 0.0, 1.0613138465859262, 0.0, 1.3762430840660065, 0.0, 0.0, 0.0, 0.0, 0.0, 0.0, 0.0, 0.0, 0.0, 0.0, 0.0, 0.0, 0.0, 0.0, 0.0, 0.0, 0.0, 0.0, 0.0], [0.0, 0.0, 0.0, 0.0, 0.0, 0.0, 0.0, 0.0, 0.0, 0.0, 0.0, 0.0, 1.0613138465859262, 0.0, 1.0114818876743092, 0.0, 0.0, 0.0, 0.0, 0.0, 0.0, 0.0, 0.0, 0.0, 0.0, 0.0, 0.0, 0.0, 0.0, 0.0, 0.0, 0.0, 0.0, 0.0, 0.0], [0.0, 0.0, 0.0, 0.0, 0.0, 0.0, 0.0, 0.0, 0.0, 0.0, 0.0, 0.0, 0.0, 1.0114818876743092, 0.0, 0.0, 0.0, 0.0, 0.0, 0.0, 0.0, 0.0, 0.0, 0.0, 0.0, 0.0, 0.0, 0.0, 0.0, 0.0, 0.0, 0.0, 0.9820076011153307, 0.9811132557130906, 0.9800612019743873], [0.0, 0.0, 0.0, 1.3118295149014252, 0.0, 0.0, 0.0, 0.0, 0.0, 0.0, 0.0, 0.0, 1.3762430840660065, 0.0, 0.0, 0.0, 0.0, 0.0, 0.0, 0.0, 0.0, 0.0, 0.0, 0.0, 0.0, 0.0, 0.0, 0.0, 0.0, 0.0, 0.0, 0.0, 0.0, 0.0, 0.0], [0.9862994307323689, 0.0, 0.0, 0.0, 0.0, 0.0, 0.0, 0.0, 0.0, 0.0, 0.0, 0.0, 0.0, 0.0, 0.0, 0.0, 0.0, 0.0, 0.0, 0.0, 0.0, 0.0, 0.0, 0.0, 0.0, 0.0, 0.0, 0.0, 0.0, 0.0, 0.0, 0.0, 0.0, 0.0, 0.0], [0.985070979984813, 0.0, 0.0, 0.0, 0.0, 0.0, 0.0, 0.0, 0.0, 0.0, 0.0, 0.0, 0.0, 0.0, 0.0, 0.0, 0.0, 0.0, 0.0, 0.0, 0.0, 0.0, 0.0, 0.0, 0.0, 0.0, 0.0, 0.0, 0.0, 0.0, 0.0, 0.0, 0.0, 0.0, 0.0], [0.9863993102471447, 0.0, 0.0, 0.0, 0.0, 0.0, 0.0, 0.0, 0.0, 0.0, 0.0, 0.0, 0.0, 0.0, 0.0, 0.0, 0.0, 0.0, 0.0, 0.0, 0.0, 0.0, 0.0, 0.0, 0.0, 0.0, 0.0, 0.0, 0.0, 0.0, 0.0, 0.0, 0.0, 0.0, 0.0], [0.0, 0.9699013656812693, 0.0, 0.0, 0.0, 0.0, 0.0, 0.0, 0.0, 0.0, 0.0, 0.0, 0.0, 0.0, 0.0, 0.0, 0.0, 0.0, 0.0, 0.0, 0.0, 0.0, 0.0, 0.0, 0.0, 0.0, 0.0, 0.0, 0.0, 0.0, 0.0, 0.0, 0.0, 0.0, 0.0], [0.0, 0.9692988240558676, 0.0, 0.0, 0.0, 0.0, 0.0, 0.0, 0.0, 0.0, 0.0, 0.0, 0.0, 0.0, 0.0, 0.0, 0.0, 0.0, 0.0, 0.0, 0.0, 0.0, 0.0, 0.0, 0.0, 0.0, 0.0, 0.0, 0.0, 0.0, 0.0, 0.0, 0.0, 0.0, 0.0], [0.0, 0.0, 0.9330870581284152, 0.0, 0.0, 0.0, 0.0, 0.0, 0.0, 0.0, 0.0, 0.0, 0.0, 0.0, 0.0, 0.0, 0.0, 0.0, 0.0, 0.0, 0.0, 0.0, 0.0, 0.0, 0.0, 0.0, 0.0, 0.0, 0.0, 0.0, 0.0, 0.0, 0.0, 0.0, 0.0], [0.0, 0.0, 0.0, 0.0, 0.0, 0.0, 0.9304437443309053, 0.0, 0.0, 0.0, 0.0, 0.0, 0.0, 0.0, 0.0, 0.0, 0.0, 0.0, 0.0, 0.0, 0.0, 0.0, 0.0, 0.0, 0.0, 0.0, 0.0, 0.0, 0.0, 0.0, 0.0, 0.0, 0.0, 0.0, 0.0], [0.0, 0.0, 0.0, 0.0, 0.0, 0.0, 0.0, 0.0, 0.9857641832333695, 0.0, 0.0, 0.0, 0.0, 0.0, 0.0, 0.0, 0.0, 0.0, 0.0, 0.0, 0.0, 0.0, 0.0, 0.0, 0.0, 0.0, 0.0, 0.0, 0.0, 0.0, 0.0, 0.0, 0.0, 0.0, 0.0], [0.0, 0.0, 0.0, 0.0, 0.0, 0.0, 0.0, 0.0, 0.9840773567575188, 0.0, 0.0, 0.0, 0.0, 0.0, 0.0, 0.0, 0.0, 0.0, 0.0, 0.0, 0.0, 0.0, 0.0, 0.0, 0.0, 0.0, 0.0, 0.0, 0.0, 0.0, 0.0, 0.0, 0.0, 0.0, 0.0], [0.0, 0.0, 0.0, 0.0, 0.0, 0.0, 0.0, 0.0, 0.9837665758379364, 0.0, 0.0, 0.0, 0.0, 0.0, 0.0, 0.0, 0.0, 0.0, 0.0, 0.0, 0.0, 0.0, 0.0, 0.0, 0.0, 0.0, 0.0, 0.0, 0.0, 0.0, 0.0, 0.0, 0.0, 0.0, 0.0], [0.0, 0.0, 0.0, 0.0, 0.0, 0.0, 0.0, 0.0, 0.0, 0.9855571416459379, 0.0, 0.0, 0.0, 0.0, 0.0, 0.0, 0.0, 0.0, 0.0, 0.0, 0.0, 0.0, 0.0, 0.0, 0.0, 0.0, 0.0, 0.0, 0.0, 0.0, 0.0, 0.0, 0.0, 0.0, 0.0], [0.0, 0.0, 0.0, 0.0, 0.0, 0.0, 0.0, 0.0, 0.0, 0.9847247276689184, 0.0, 0.0, 0.0, 0.0, 0.0, 0.0, 0.0, 0.0, 0.0, 0.0, 0.0, 0.0, 0.0, 0.0, 0.0, 0.0, 0.0, 0.0, 0.0, 0.0, 0.0, 0.0, 0.0, 0.0, 0.0], [0.0, 0.0, 0.0, 0.0, 0.0, 0.0, 0.0, 0.0, 0.0, 0.9848123782009437, 0.0, 0.0, 0.0, 0.0, 0.0, 0.0, 0.0, 0.0, 0.0, 0.0, 0.0, 0.0, 0.0, 0.0, 0.0, 0.0, 0.0, 0.0, 0.0, 0.0, 0.0, 0.0, 0.0, 0.0, 0.0], [0.0, 0.0, 0.0, 0.0, 0.0, 0.0, 0.0, 0.0, 0.0, 0.0, 0.9800268570946857, 0.0, 0.0, 0.0, 0.0, 0.0, 0.0, 0.0, 0.0, 0.0, 0.0, 0.0, 0.0, 0.0, 0.0, 0.0, 0.0, 0.0, 0.0, 0.0, 0.0, 0.0, 0.0, 0.0, 0.0], [0.0, 0.0, 0.0, 0.0, 0.0, 0.0, 0.0, 0.0, 0.0, 0.0, 0.9843731240307342, 0.0, 0.0, 0.0, 0.0, 0.0, 0.0, 0.0, 0.0, 0.0, 0.0, 0.0, 0.0, 0.0, 0.0, 0.0, 0.0, 0.0, 0.0, 0.0, 0.0, 0.0, 0.0, 0.0, 0.0], [0.0, 0.0, 0.0, 0.0, 0.0, 0.0, 0.0, 0.0, 0.0, 0.0, 0.9850235772688528, 0.0, 0.0, 0.0, 0.0, 0.0, 0.0, 0.0, 0.0, 0.0, 0.0, 0.0, 0.0, 0.0, 0.0, 0.0, 0.0, 0.0, 0.0, 0.0, 0.0, 0.0, 0.0, 0.0, 0.0], [0.0, 0.0, 0.0, 0.0, 0.0, 0.0, 0.0, 0.0, 0.0, 0.0, 0.0, 0.0, 0.0, 0.0, 0.9820076011153307, 0.0, 0.0, 0.0, 0.0, 0.0, 0.0, 0.0, 0.0, 0.0, 0.0, 0.0, 0.0, 0.0, 0.0, 0.0, 0.0, 0.0, 0.0, 0.0, 0.0], [0.0, 0.0, 0.0, 0.0, 0.0, 0.0, 0.0, 0.0, 0.0, 0.0, 0.0, 0.0, 0.0, 0.0, 0.9811132557130906, 0.0, 0.0, 0.0, 0.0, 0.0, 0.0, 0.0, 0.0, 0.0, 0.0, 0.0, 0.0, 0.0, 0.0, 0.0, 0.0, 0.0, 0.0, 0.0, 0.0], [0.0, 0.0, 0.0, 0.0, 0.0, 0.0, 0.0, 0.0, 0.0, 0.0, 0.0, 0.0, 0.0, 0.0, 0.9800612019743873, 0.0, 0.0, 0.0, 0.0, 0.0, 0.0, 0.0, 0.0, 0.0, 0.0, 0.0, 0.0, 0.0, 0.0, 0.0, 0.0, 0.0, 0.0, 0.0, 0.0]], "Born radii": [], "Atomic SASAs": [], "Solvent H bonds": [], "Total SASA": NaN, "Total FOD": 0.0, "FOD": [0.0, 0.0, 0.0, 0.0, 0.0, 0.0, 0.0, 0.0, 0.0, 0.0, 0.0, 0.0, 0.0, 0.0, 0.0, 0.0, 0.0, 0.0, 0.0, 0.0, 0.0, 0.0, 0.0, 0.0, 0.0, 0.0, 0.0, 0.0, 0.0, 0.0, 0.0, 0.0, 0.0, 0.0, 0.0], "FOD s proportion": [0.0, 0.0, 0.0, 0.0, 0.0, 0.0, 0.0, 0.0, 0.0, 0.0, 0.0, 0.0, 0.0, 0.0, 0.0, 0.0, 0.0, 0.0, 0.0, 0.0, 0.0, 0.0, 0.0, 0.0, 0.0, 0.0, 0.0, 0.0, 0.0, 0.0, 0.0, 0.0, 0.0, 0.0, 0.0], "FOD p proportion": [0.0, 0.0, 0.0, 0.0, 0.0, 0.0, 0.0, 0.0, 0.0, 0.0, 0.0, 0.0, 0.0, 0.0, 0.0, 0.0, 0.0, 0.0, 0.0, 0.0, 0.0, 0.0, 0.0, 0.0, 0.0, 0.0, 0.0, 0.0, 0.0, 0.0, 0.0, 0.0, 0.0, 0.0, 0.0], "FOD d proportion": [0.0, 0.0, 0.0, 0.0, 0.0, 0.0, 0.0, 0.0, 0.0, 0.0, 0.0, 0.0, 0.0, 0.0, 0.0, 0.0, 0.0, 0.0, 0.0, 0.0, 0.0, 0.0, 0.0, 0.0, 0.0, 0.0, 0.0, 0.0, 0.0, 0.0, 0.0, 0.0, 0.0, 0.0, 0.0], "coordinates": [["-2.95020", "-3.29890", "-0.12480"], ["-1.92740", "-2.21050", "-0.41090"], ["-2.30600", "-0.99830", "0.29350"], ["-1.49100", "0.10020", "0.04130"], ["-0.19930", "-0.06460", "-0.20730"], ["0.50590", "1.03310", "-0.42890"], ["1.85690", "0.97550", "-0.71500"], ["2.73410", "-0.05000", "-0.14140"], ["2.62190", "-0.10220", "1.38920"], ["4.17790", "0.35800", "-0.50520"], ["2.46890", "-1.42880", "-0.76330"], ["-0.00520", "2.25170", "-0.41120"], ["-1.30550", "2.31550", "-0.15010"], ["-2.01440", "3.94880", "-0.12940"], ["-3.55370", "3.61820", "0.76130"], ["-2.09690", "1.27430", "0.07710"], ["-3.94800", "-2.99970", "-0.46320"], ["-2.67700", "-4.22430", "-0.64110"], ["-3.00980", "-3.50910", "0.94840"], ["-1.88570", "-2.03390", "-1.49260"], ["-0.94360", "-2.56190", "-0.07870"], ["-3.25990", "-0.68740", "0.14390"], ["2.19650", "1.92850", "-0.62210"], ["2.78010", "0.88810", "1.83180"], ["3.36770", "-0.78320", "1.81510"], ["1.63890", "-0.45490", "1.71810"], ["4.30830", "0.42370", "-1.59200"], ["4.90700", "-0.36480", "-0.12190"], ["4.43020", "1.34000", "-0.08750"], ["1.51360", "-1.85420", "-0.44390"], ["3.24470", "-2.14650", "-0.47210"], ["2.45670", "-1.37390", "-1.85790"], ["-3.34900", "3.17730", "1.74100"], ["-4.20240", "2.95230", "0.18550"], ["-4.08470", "4.56180", "0.91450"]], "bond_dist": [[0.0, 1.5207194382922842, 2.4254337529604886, 3.702800920924591, 4.2467580046430715, 5.550074595895086, 6.459647189282089, 6.547281364047218, 6.599953431653894, 8.020438353357005, 5.768154043539406, 6.290008769469245, 5.850398750512651, 7.3078654947939485, 6.9996898409858135, 4.656505421450725, 1.0952808041776319, 1.094334998983401, 1.0952143351874097, 2.1457544337598375, 2.1381622412716954, 2.643491257787701, 7.352655230595271, 7.3617654574157685, 7.071620670680802, 5.704774773818858, 8.288320025795336, 8.38716537693159, 8.717286771696799, 4.7026049525768165, 6.310739184913286, 5.995317190941611, 6.7514011523534885, 6.382929763831027, 8.009858877033976], [1.5207194382922842, 0.0, 1.4522211126409093, 2.394632391412093, 2.7627286113550857, 4.0548999802707835, 4.956208157452631, 5.144897739508532, 5.327421457891238, 6.624256398268412, 4.479139910741794, 4.858609036545337, 4.575964625081798, 6.166343141603457, 6.163817666024847, 3.5228830934335584, 2.169883934684065, 2.16108367260502, 2.169250610233866, 1.0968141775159546, 1.0962213462617847, 2.0983786359949437, 5.84657828562998, 6.065606441238996, 5.9186438733885645, 4.509242513992788, 6.871532677649142, 7.085136050211034, 7.289013346811761, 3.4595548398601803, 5.172857996311131, 4.691912336137579, 5.9732745634199675, 5.673254956372048, 7.230122802553217], [2.4254337529604886, 1.4522211126409093, 0.0, 1.3908745773792832, 2.3581308742306906, 3.5433359042010113, 4.7162161846124055, 5.146942675997082, 5.127158287979804, 6.672213320180943, 4.909361109146485, 4.043857407228895, 3.489849803358305, 4.973698159317672, 4.804962474359192, 2.2924359380362187, 2.697102306179726, 3.379081851627747, 2.688558180512373, 2.1069581533575836, 2.1070148456999536, 1.0143787162593663, 5.447658932972952, 5.638553454566162, 5.878129486494832, 4.22930310216707, 7.023258413300766, 7.252671811822178, 7.14067212032593, 3.983173073066246, 5.719683303295734, 5.23955232915943, 4.5407863426944015, 4.383518828521215, 5.870615529908257], [3.702800920924591, 2.394632391412093, 1.3908745773792832, 0.0, 1.3256884588771225, 2.2536636971828785, 3.542114367154172, 4.231714704466737, 4.332868170161653, 5.701013094178964, 4.3204201381347165, 2.653546709594538, 2.2312772799452785, 3.8877767438473105, 4.1411900813655, 1.321706192767515, 3.9875743579273855, 4.53580930044463, 4.019531109470358, 2.6576343070482817, 2.7204453991947717, 1.9390326789407133, 4.168985092321631, 4.697762432264962, 5.247259064502153, 3.593893189843015, 6.033589448247205, 6.416951241828162, 6.050975369310307, 3.617004224492971, 5.266696776918147, 4.622149580011448, 3.976139899450219, 3.937887506011313, 5.234083729746783], [4.2467580046430715, 2.7627286113550857, 2.3581308742306906, 1.3256884588771225, 0.0, 1.3233891680076575, 2.3595604972112922, 2.9341764653817264, 3.2418197744476793, 4.4076314512445345, 3.0478630021705375, 2.3333443187836638, 2.6252288071709104, 4.405455252297996, 5.0747611924109295, 2.3397483475792864, 4.767918676949094, 4.861099034169125, 4.593379256059747, 2.893800881194143, 2.6090281217342217, 3.1430071014873637, 3.1439408852585, 3.733951052169806, 4.162928863192356, 2.690442062189781, 4.740705510786342, 5.115829638484847, 4.8393722165173445, 2.4885084146934284, 4.033058721367692, 3.390144960027521, 4.92203195743384, 5.028000304295933, 6.144781961957642], [5.550074595895086, 4.0548999802707835, 3.5433359042010113, 2.2536636971828785, 1.3233891680076575, 0.0, 1.3821620635800997, 2.4941205063107916, 3.01195114502211, 3.7343226561185094, 3.1664086865090555, 1.3215606153332509, 2.236839100158972, 3.865607174817431, 4.95778884282096, 2.6624765313519667, 6.008483797098898, 6.149482580672947, 5.906664254890403, 4.032083487478899, 3.8920065891516678, 4.1796494745373085, 1.9228093405223514, 3.209949396797401, 4.06501917953655, 2.8473570201153207, 4.022737342904704, 4.627964414297067, 3.951059612306552, 3.058134329946937, 4.196754441231938, 3.4119364941335, 4.91592449697918, 5.121416297275588, 5.943909118585176], [6.459647189282089, 4.956208157452631, 4.7162161846124055, 3.542114367154172, 2.3595604972112922, 1.3821620635800997, 0.0, 1.4663379726379593, 2.484817886687071, 2.410884337748288, 2.4814381676761563, 2.2778053670144867, 3.480730637380606, 4.916340502853724, 6.1998320412733765, 4.043419133604628, 7.0400626623631695, 6.899248543138594, 6.823731062256191, 4.864997932168111, 4.556410506089195, 5.448356436577915, 1.0159564803671466, 2.710374003712403, 3.4317558683566056, 2.830820335167882, 2.6613857668515477, 3.3839742478334554, 2.673665908448548, 2.8633114029039874, 3.4251822214299783, 2.6806082910414197, 6.162893318077151, 6.436905699169439, 7.128774684333907], [6.547281364047218, 5.144897739508532, 5.146942675997082, 4.231714704466737, 2.9341764653817264, 2.4941205063107916, 1.4663379726379593, 0.0, 1.535594360500194, 1.5438176317169072, 1.535636705083595, 3.588088546844963, 4.681242794386978, 6.207962442702113, 7.335324626081658, 5.013987808122394, 7.3112752471781555, 6.852334185516641, 6.7930423272639775, 5.206164873493731, 4.454104869667979, 6.034543135151161, 2.1058367695526643, 2.1853296890858367, 2.1833285254399986, 2.1957111148782755, 2.192427351133898, 2.1956715829103404, 2.1935725244449977, 2.199150777004615, 2.1829766604340963, 2.185413969937961, 7.138837486594018, 7.565428021599307, 8.299376933842684], [6.599953431653894, 5.327421457891238, 5.127158287979804, 4.332868170161653, 3.2418197744476793, 3.01195114502211, 2.484817886687071, 1.535594360500194, 0.0, 2.4943278453322852, 2.533087604091102, 3.9602954157486785, 4.862014864230672, 6.341295187104919, 7.23696551947016, 5.087576250042843, 7.415556487546974, 7.013712833442784, 6.596765657502168, 5.688118659978886, 4.573581173435102, 6.040596193257748, 2.8896427703091607, 1.0961825076144938, 1.0960700023264938, 1.09492533992049, 3.465266109550607, 2.7521017386717372, 2.744181593845422, 2.767325152561585, 2.833986594887139, 3.491156017711039, 6.821329071376047, 7.572973948852591, 8.182708576626691], [8.020438353357005, 6.624256398268412, 6.672213320180943, 5.701013094178964, 4.4076314512445345, 3.7343226561185094, 2.410884337748288, 1.5438176317169072, 2.4943278453322852, 0.0, 2.4859506933967936, 4.592740064493092, 5.833144762475898, 7.1679599308310875, 8.48590389115974, 6.3680290530116155, 8.792392399114133, 8.24655055826374, 8.29038278127132, 6.592676947189207, 5.91079356008988, 7.538903156958577, 2.5310238679238095, 2.7742422118481294, 2.709714665790478, 3.471367209040265, 1.0965650413906147, 1.0958766080175266, 1.0965639881010136, 3.463535912907502, 2.672915655234935, 2.791380364622493, 8.345543154283009, 8.799823127199772, 9.378594846244292], [5.768154043539406, 4.479139910741794, 4.909361109146485, 4.3204201381347165, 3.0478630021705375, 3.1664086865090555, 2.4814381676761563, 1.535636705083595, 2.533087604091102, 2.4859506933967936, 0.0, 4.448733018512125, 5.3518120379923655, 7.029963716833822, 8.00426916838758, 5.372108655825942, 6.613198351025018, 5.857477264147084, 6.1052206078077145, 4.456519455808535, 3.6602935701935166, 5.847378492965886, 3.371290923370453, 3.4927661043934792, 2.8058487771082743, 2.7919038611671425, 2.7389582508683845, 2.736388417239044, 3.4597191750198455, 1.093425630758672, 1.0962464914425039, 1.0960437993073089, 7.831707100626273, 8.037443769010146, 9.036148192675903], [6.290008769469245, 4.858609036545337, 4.043857407228895, 2.653546709594538, 2.3333443187836638, 1.3215606153332509, 2.2778053670144867, 3.588088546844963, 3.9602954157486785, 4.592740064493092, 4.448733018512125, 0.0, 1.3277890419791842, 2.6450792596820234, 3.9791871971547152, 2.3598636697911175, 6.567006761074638, 7.009275658012033, 6.637992916537347, 4.80333983494818, 4.915475131663266, 4.420352577566636, 2.2352673083996013, 3.8273162986615046, 5.054056203684324, 3.816106243279922, 4.831371946973241, 5.573102868241354, 4.539686304140409, 4.377926168861234, 5.468978155012141, 4.615069648445189, 4.082854227130819, 4.296903430378672, 4.871997819170283], [5.850398750512651, 4.575964625081798, 3.489849803358305, 2.2312772799452785, 2.6252288071709104, 2.236839100158972, 3.480730637380606, 4.681242794386978, 4.862014864230672, 5.833144762475898, 5.3518120379923655, 1.3277890419791842, 0.0, 1.7806281447848675, 2.7535577876630803, 1.3274152477653707, 5.944088567644328, 6.7000803942937885, 6.1674391687312164, 4.588705552767578, 4.891329096472655, 3.5949302872239404, 3.554793524243004, 4.759992198523019, 5.941611815829103, 4.453625350206279, 6.0969445864301575, 6.766088942661041, 5.81839956517254, 5.041829166086452, 6.38102249173281, 5.539169797000269, 2.914592715972508, 2.98499098993615, 3.728698095850614], [7.3078654947939485, 6.166343141603457, 4.973698159317672, 3.8877767438473105, 4.405455252297996, 3.865607174817431, 4.916340502853724, 6.207962442702113, 6.341295187104919, 7.1679599308310875, 7.029963716833822, 2.6450792596820234, 1.7806281447848675, 0.0, 1.808891190757476, 2.6837285164487112, 7.220241245969555, 8.21586509504629, 7.600838533346173, 6.137391727761883, 6.598363253110577, 4.808358719979199, 4.696386290542975, 6.016761602390442, 7.425624866635805, 6.012689151286636, 7.385259918242553, 8.155548980295563, 6.952730557845601, 6.7985662642942595, 8.057807281760963, 7.163070762598956, 2.423791569009184, 2.4247717954479753, 2.398257346491406], [6.9996898409858135, 6.163817666024847, 4.804962474359192, 4.1411900813655, 5.0747611924109295, 4.95778884282096, 6.1998320412733765, 7.335324626081658, 7.23696551947016, 8.48590389115974, 8.00426916838758, 3.9791871971547152, 2.7535577876630803, 1.808891190757476, 0.0, 2.8432838567403005, 6.741770772578967, 8.014994379286863, 7.150471236918585, 6.309399624369977, 6.761054505031001, 4.359551876053318, 6.15090901330852, 6.97971623348686, 8.269739679095105, 6.66848593085417, 8.806468937093912, 9.392964161009026, 8.345856210719186, 7.554945273792525, 8.998404536916532, 8.24052056668752, 1.0936667636899278, 1.0935173249656354, 1.0935319839858364], [4.656505421450725, 3.5228830934335584, 2.2924359380362187, 1.321706192767515, 2.3397483475792864, 2.6624765313519667, 4.043419133604628, 5.013987808122394, 5.087576250042843, 6.3680290530116155, 5.372108655825942, 2.3598636697911175, 1.3274152477653707, 2.6837285164487112, 2.8432838567403005, 0.0, 4.6888774029611815, 5.575565371332311, 4.947066369071675, 3.6677991725283983, 4.008840851168826, 2.2815122462963022, 4.398879611901195, 5.197427395356284, 6.092274075417159, 4.43161542555308, 6.673529966217281, 7.195892232378136, 6.529505652038293, 4.805690741194235, 6.366803266946451, 5.611814430289013, 2.820944278074276, 2.6945435253489594, 3.931951659163677], [1.0952808041776319, 2.169883934684065, 2.697102306179726, 3.9875743579273855, 4.767918676949094, 6.008483797098898, 7.0400626623631695, 7.3112752471781555, 7.415556487546974, 8.792392399114133, 6.613198351025018, 6.567006761074638, 5.944088567644328, 7.220241245969555, 6.741770772578967, 4.6888774029611815, 0.0, 1.7739037657099668, 1.7698367608341736, 2.499102897041256, 3.060380442036578, 2.4877265344084742, 7.878279298171651, 8.102428244051286, 7.97640204791609, 6.515176769666345, 9.008903745184538, 9.245009935094716, 9.442901133655907, 5.580467480417747, 7.243132108418291, 6.753413642003576, 6.585789826588759, 5.992648417018973, 7.687198867598001], [1.094334998983401, 2.16108367260502, 3.379081851627747, 4.53580930044463, 4.861099034169125, 6.149482580672947, 6.899248543138594, 6.852334185516641, 7.013712833442784, 8.24655055826374, 5.857477264147084, 7.009275658012033, 6.7000803942937885, 8.21586509504629, 8.014994379286863, 5.575565371332311, 1.7739037657099668, 0.0, 1.7744793968936354, 2.4797298441564157, 2.4666866602793314, 3.669558423025855, 7.849096195741265, 7.876027461861722, 7.376481935177501, 6.196869678313399, 8.444082596706407, 8.5253952923017, 9.043240530362995, 4.818442716272552, 6.277925193087283, 5.996687259645946, 7.804464553702579, 7.383339371856071, 9.033109312966383], [1.0952143351874097, 2.169250610233866, 2.688558180512373, 4.019531109470358, 4.593379256059747, 5.906664254890403, 6.823731062256191, 6.7930423272639775, 6.596765657502168, 8.29038278127132, 6.1052206078077145, 6.637992916537347, 6.1674391687312164, 7.600838533346173, 7.150471236918585, 4.947066369071675, 1.7698367608341736, 1.7744793968936354, 0.0, 3.065664177629376, 2.4942543354678164, 2.9447854166305563, 7.690222604060301, 7.323844988119286, 6.98957838141901, 5.615245980364529, 8.687642695806497, 8.585329744395379, 8.940942882045494, 5.013815000575908, 6.556925290103587, 6.5051534170994, 6.741751727852339, 6.614680727744916, 8.142234707376101], [2.1457544337598375, 1.0968141775159546, 2.1069581533575836, 2.6576343070482817, 2.893800881194143, 4.032083487478899, 4.864997932168111, 5.206164873493731, 5.688118659978886, 6.592676947189207, 4.456519455808535, 4.80333983494818, 4.588705552767578, 6.137391727761883, 6.309399624369977, 3.6677991725283983, 2.499102897041256, 2.4797298441564157, 3.065664177629376, 0.0, 1.7791710485504195, 2.525790992936668, 5.7552359508537965, 6.431128128096967, 6.332719900643009, 5.022413827035761, 6.664481534223048, 7.127796755660195, 7.297129574702645, 3.561924236982028, 5.232122243411367, 4.407434837862041, 6.305079007435196, 5.748504930849412, 7.357512480451528], [2.1381622412716954, 1.0962213462617847, 2.1070148456999536, 2.7204453991947717, 2.6090281217342217, 3.8920065891516678, 4.556410506089195, 4.454104869667979, 4.573581173435102, 5.91079356008988, 3.6602935701935166, 4.915475131663266, 4.891329096472655, 6.598363253110577, 6.761054505031001, 4.008840851168826, 3.060380442036578, 2.4666866602793314, 2.4942543354678164, 1.7791710485504195, 0.0, 2.9880673854516737, 5.506287654127779, 5.4238779429482005, 5.033642798212841, 3.7864555312323427, 6.227867842207315, 6.249690793151291, 6.640980913238646, 2.5830296494620426, 4.227195004964876, 4.017329552078096, 6.483492414586448, 6.410614691275713, 7.848570388293654], [2.643491257787701, 2.0983786359949437, 1.0143787162593663, 1.9390326789407133, 3.1430071014873637, 4.1796494745373085, 5.448356436577915, 6.034543135151161, 6.040596193257748, 7.538903156958577, 5.847378492965886, 4.420352577566636, 3.5949302872239404, 4.808358719979199, 4.359551876053318, 2.2815122462963022, 2.4877265344084742, 3.669558423025855, 2.9447854166305563, 2.525790992936668, 2.9880673854516737, 0.0, 6.09934338843125, 6.466282290466447, 6.835727381925058, 5.150767256438598, 7.843821980386857, 8.177589865602211, 7.956226161315427, 4.949063884210831, 6.694643378851483, 6.095736300890977, 4.182651468865174, 3.7599804387789044, 5.369191749230046], [7.352655230595271, 5.84657828562998, 5.447658932972952, 4.168985092321631, 3.1439408852585, 1.9228093405223514, 1.0159564803671466, 2.1058367695526643, 2.8896427703091607, 2.5310238679238095, 3.371290923370453, 2.2352673083996013, 3.554793524243004, 4.696386290542975, 6.15090901330852, 4.398879611901195, 7.878279298171651, 7.849096195741265, 7.690222604060301, 5.7552359508537965, 5.506287654127779, 6.09934338843125, 0.0, 2.7284879200758794, 3.829486932997683, 3.386450850078884, 2.768542629254605, 3.585559256238837, 2.370979776379377, 3.8479769931744654, 4.210326381647865, 3.5356401739996115, 6.155998156270029, 6.530413877389395, 6.982039951905174], [7.3617654574157685, 6.065606441238996, 5.638553454566162, 4.697762432264962, 3.733951052169806, 3.209949396797401, 2.710374003712403, 2.1853296890858367, 1.0961825076144938, 2.7742422118481294, 3.4927661043934792, 3.8273162986615046, 4.759992198523019, 6.016761602390442, 6.97971623348686, 5.197427395356284, 8.102428244051286, 7.876027461861722, 7.323844988119286, 6.431128128096967, 5.4238779429482005, 6.466282290466447, 2.7284879200758794, 0.0, 1.7716648497952427, 1.7660447701006903, 3.778024489068328, 3.1480796860943654, 2.571139068584195, 3.7819362805314425, 3.8383076387908255, 4.339944429367731, 6.543282669272359, 7.465020534466064, 7.839833545426841], [7.071620670680802, 5.9186438733885645, 5.878129486494832, 5.247259064502153, 4.162928863192356, 4.06501917953655, 3.4317558683566056, 2.1833285254399986, 1.0960700023264938, 2.709714665790478, 2.8058487771082743, 5.054056203684324, 5.941611815829103, 7.425624866635805, 8.269739679095105, 6.092274075417159, 7.97640204791609, 7.376481935177501, 6.98957838141901, 6.332719900643009, 5.033642798212841, 6.835727381925058, 3.829486932997683, 1.7716648497952427, 0.0, 1.7623675354477, 3.7349252174575063, 2.509277196724188, 3.0424942481457546, 3.112524507534037, 2.6655205364056007, 3.8301144225727772, 7.797763137592729, 8.597439759602855, 9.21511644636138], [5.704774773818858, 4.509242513992788, 4.22930310216707, 3.593893189843015, 2.690442062189781, 2.8473570201153207, 2.830820335167882, 2.1957111148782755, 1.09492533992049, 3.471367209040265, 2.7919038611671425, 3.816106243279922, 4.453625350206279, 6.012689151286636, 6.66848593085417, 4.43161542555308, 6.515176769666345, 6.196869678313399, 5.615245980364529, 5.022413827035761, 3.7864555312323427, 5.150767256438598, 3.386450850078884, 1.7660447701006903, 1.7623675354477, 0.0, 4.342164935835579, 3.751559091897661, 3.777990611422956, 2.578368588856139, 3.1995437549750747, 3.7816839952592547, 6.170295589353883, 6.933877723900243, 7.653276998123092], [8.288320025795336, 6.871532677649142, 7.023258413300766, 6.033589448247205, 4.740705510786342, 4.022737342904704, 2.6613857668515477, 2.192427351133898, 3.465266109550607, 1.0965650413906147, 2.7389582508683845, 4.831371946973241, 6.0969445864301575, 7.385259918242553, 8.806468937093912, 6.673529966217281, 9.008903745184538, 8.444082596706407, 8.687642695806497, 6.664481534223048, 6.227867842207315, 7.843821980386857, 2.768542629254605, 3.778024489068328, 3.7349252174575063, 4.342164935835579, 0.0, 1.7723904620596445, 1.765781852324913, 3.7838221562330334, 2.9985578216869526, 2.594319010838875, 8.793488798537245, 9.054575567082093, 9.68756227644499], [8.38716537693159, 7.085136050211034, 7.252671811822178, 6.416951241828162, 5.115829638484847, 4.627964414297067, 3.3839742478334554, 2.1956715829103404, 2.7521017386717372, 1.0958766080175266, 2.736388417239044, 5.573102868241354, 6.766088942661041, 8.155548980295563, 9.392964161009026, 7.195892232378136, 9.245009935094716, 8.5253952923017, 8.585329744395379, 7.127796755660195, 6.249690793151291, 8.177589865602211, 3.585559256238837, 3.1480796860943654, 2.509277196724188, 3.751559091897661, 1.7723904620596445, 0.0, 1.7705548960707207, 3.7198333188464234, 2.461775014090443, 3.167956581141856, 9.174879008466542, 9.699423463794124, 10.305153148304008], [8.717286771696799, 7.289013346811761, 7.14067212032593, 6.050975369310307, 4.8393722165173445, 3.951059612306552, 2.673665908448548, 2.1935725244449977, 2.744181593845422, 1.0965639881010136, 3.4597191750198455, 4.539686304140409, 5.81839956517254, 6.952730557845601, 8.345856210719186, 6.529505652038293, 9.442901133655907, 9.043240530362995, 8.940942882045494, 7.297129574702645, 6.640980913238646, 7.956226161315427, 2.370979776379377, 2.571139068584195, 3.0424942481457546, 3.777990611422956, 1.765781852324913, 1.7705548960707207, 0.0, 4.340102551783771, 3.7025679818201858, 3.7939783367858073, 8.19969732246258, 8.786115356060378, 9.159013115505404], [4.7026049525768165, 3.4595548398601803, 3.983173073066246, 3.617004224492971, 2.4885084146934284, 3.058134329946937, 2.8633114029039874, 2.199150777004615, 2.767325152561585, 3.463535912907502, 1.093425630758672, 4.377926168861234, 5.041829166086452, 6.7985662642942595, 7.554945273792525, 4.805690741194235, 5.580467480417747, 4.818442716272552, 5.013815000575908, 3.561924236982028, 2.5830296494620426, 4.949063884210831, 3.8479769931744654, 3.7819362805314425, 3.112524507534037, 2.578368588856139, 3.7838221562330334, 3.7198333188464234, 4.340102551783771, 0.0, 1.7558307834184932, 1.7662167760498713, 7.330392828491527, 7.494747668200711, 8.622718217012546], [6.310739184913286, 5.172857996311131, 5.719683303295734, 5.266696776918147, 4.033058721367692, 4.196754441231938, 3.4251822214299783, 2.1829766604340963, 2.833986594887139, 2.672915655234935, 1.0962464914425039, 5.468978155012141, 6.38102249173281, 8.057807281760963, 8.998404536916532, 6.366803266946451, 7.243132108418291, 6.277925193087283, 6.556925290103587, 5.232122243411367, 4.227195004964876, 6.694643378851483, 4.210326381647865, 3.8383076387908255, 2.6655205364056007, 3.1995437549750747, 2.9985578216869526, 2.461775014090443, 3.702