{"total energy": -46.66744519, "HOMO-LUMO gap/eV": 3.27403314, "electronic energy": -47.21875758, "dipole": [-0.5712219, 1.09420955, 1.51558691], "partial charges": [-0.11259371, 0.015403, -0.1961096, 0.25978039, -0.31969089, 0.28194222, -0.12653175, -0.3222244, 0.25263624, -0.36010902, -0.08341057, 0.00283743, -0.1095471, 0.00168312, -0.10898033, 0.04019765, 0.04792699, 0.0519132, 0.0308939, 0.07093662, 0.18414673, 0.04884764, 0.06035251, 0.04315507, 0.04470622, 0.04957778, 0.04785597, 0.06755174, 0.03927414, 0.04622674, 0.05135208], "atomic dipole moments": [[-0.09317443, -0.03052081, -0.08432732], [-0.1087388, -0.01791071, 0.13700558], [-0.00968674, 0.11367123, -0.12713192], [0.03233853, -0.00452824, -0.01374097], [-0.24670764, 0.0547926, 0.11925769], [0.01665722, -0.0544734, -0.10890555], [-0.00669695, 0.08032455, 0.18409035], [0.22045291, 0.07413608, 0.16204381], [-0.00304909, -0.00802572, -0.02068427], [0.01739602, -0.13610973, -0.26254603], [-0.02931371, -0.02459189, 0.02887694], [0.02922228, 0.02532822, -0.17037852], [-0.00911153, -0.12832103, -0.00254971], [0.13849641, -0.04426607, 0.10364728], [0.02802401, 0.12188835, -0.02026173], [-0.03516054, 0.09566922, 0.07389591], [0.10498428, 0.03680196, -0.06257485], [0.03276538, -0.09621691, 0.07864346], [-0.02687067, 0.09649258, -0.07049289], [0.05316731, -0.09387931, -0.07545917], [-0.0640141, 0.08829576, 0.07157658], [-0.10567989, -0.02888711, 0.05571211], [0.08376065, -0.05121552, 0.08581284], [-0.08985855, 0.05534763, -0.07056218], [-0.01313692, 0.04332045, 0.11704403], [0.11337275, 0.04554625, -0.04445214], [-0.09781681, 0.06649155, 0.03053222], [-0.00018213, 0.02103359, -0.12996701], [-0.01694204, -0.02379149, 0.12282211], [-0.10684542, -0.03266087, -0.0586719], [0.09191117, -0.08430456, -0.03995851]], "atomic quadrupole moments": [[0.08487693, 0.08282908, -0.1129861, 0.17468293, 0.07288197, 0.02810917], [0.25827081, 0.19974049, -0.24380247, -0.03509387, -0.00357558, -0.01446834], [0.0908318, 0.07845776, -0.07073821, -0.00337756, -0.03144671, -0.0200936], [-0.20623582, 0.08400415, 0.3214302, 0.08635161, -0.2547334, -0.11519438], [-0.13890478, 0.00837007, 0.15517657, 0.01359864, -0.09738091, -0.01627179], [-0.49508928, -0.0030814, 0.32051711, -0.03980259, -0.08720988, 0.17457216], [-0.24223309, -0.02089539, -0.08198452, -0.04721473, 0.24022877, 0.32421761], [-0.13437187, -0.00352306, 0.15031969, -0.02399504, -0.09857215, -0.01594782], [-0.21370553, -0.01033159, 0.30878335, -0.04703939, -0.25194065, -0.09507782], [-0.04956174, 0.01101181, 0.11357859, 0.00939209, -0.11553084, -0.06401685], [-0.01388644, 0.02751497, -0.01091834, 0.03158656, 0.04135559, 0.02480479], [-0.21190592, 0.01349451, 0.08535987, -0.05308318, 0.16073767, 0.12654605], [-0.14426851, 0.02139692, 0.25389648, 6.218e-05, 0.01886162, -0.10962797], [0.10740986, 0.14743998, 0.0383663, 0.14871528, 0.01773206, -0.14577615], [-0.10100342, 0.09596038, 0.21517933, -0.00056475, -0.06577327, -0.11417591], [-0.01931451, -0.04226766, 0.02566458, -0.01461017, 0.05189488, -0.00635007], [0.03877187, 0.03241635, -0.04136155, -0.05008618, -0.01624305, 0.00258968], [-0.04165566, -0.01259488, 0.04491013, 0.02025909, -0.04887471, -0.00325447], [0.01067834, -0.00978129, 0.00992308, 0.00959452, -0.03428537, -0.02060142], [-0.010732, -0.00783094, 0.0252061, -0.00392921, 0.03334304, -0.0144741], [-0.01150915, 0.02397301, -0.01802227, -0.00277308, 0.06049466, 0.02953142], [0.04561516, 0.02613503, -0.01769779, -0.01661997, 0.01125779, -0.02791738], [0.02135414, -0.02700036, -0.00406874, 0.0286054, 0.00699155, -0.0172854], [0.02744812, -0.02122256, -0.0208447, 0.05909106, -0.02416779, -0.00660342], [-0.0525494, -0.00139611, -0.02373828, -0.01579185, 0.03271075, 0.07628768], [0.05768384, 0.0167373, -0.0254697, -0.04158944, -0.011575, -0.03221414], [0.01463701, -0.02428322, 0.0045713, -0.02668255, 0.0323973, -0.01920831], [-0.01802398, 0.01818252, -0.01988036, -0.02498998, 0.00138389, 0.03790434], [-0.0517622, -0.00020356, -0.02939975, -0.01378195, -0.0036802, 0.08116195], [0.04748392, 0.02257119, -0.02970827, 0.05913258, 0.00684923, -0.01777565], [0.03104749, -0.04443489, -0.00397359, -0.03904996, 0.01363814, -0.0270739]], "number of molecular orbitals": 81, "number of electrons": 84, "number of unpaired electrons": 0, "orbital energies/eV": [-28.62129215, -18.88228269, -18.28193533, -18.06455908, -17.78337424, -17.70290878, -17.47218798, -17.24189061, -16.96850961, -16.53345193, -16.3451255, -16.1880192, -15.98980354, -15.63276327, -15.3092038, -15.18555779, -15.09536688, -14.65386934, -14.58212884, -14.40916928, -14.05811113, -13.91933006, -13.74970175, -13.63885749, -13.46011782, -13.29741688, -13.19434094, -12.9340287, -12.86101066, -12.77003649, -12.63402167, -12.58732028, -12.36551236, -12.25920281, -12.18559627, -12.10478986, -11.45256618, -11.39270301, -10.77917688, -10.48257846, -10.38472971, -10.24978419, -6.97575106, -6.4018577, -3.63264532, -3.36095213, -0.72928989, 0.41799353, 0.59296499, 0.59507322, 0.83227319, 0.99903875, 2.16046788, 2.36697707, 2.80419081, 3.18021412, 3.24736705, 3.39663336, 3.70446005, 3.76176228, 4.10240449, 4.22901011, 4.38443533, 4.43754546, 4.73881172, 4.84656084, 4.99746274, 5.64524236, 5.85969121, 6.16248075, 6.35254992, 6.60911654, 6.74349642, 7.15335822, 7.18930966, 7.46449866, 8.55185222, 11.70571842, 12.06893724, 12.92728681, 17.37211083], "fractional occupation": [2.0, 2.0, 2.0, 2.0, 2.0, 2.0, 2.0, 2.0, 2.0, 2.0, 2.0, 2.0, 2.0, 2.0, 2.0, 2.0, 2.0, 2.0, 2.0, 2.0, 2.0, 2.0, 2.0, 2.0, 2.0, 2.0, 2.0, 2.0, 2.0, 2.0, 2.0, 2.0, 2.0, 2.0, 2.0, 2.0, 2.0, 2.0, 2.0, 2.0, 2.0, 2.0, 0.0, 0.0, 0.0, 0.0, 0.0, 0.0, 0.0, 0.0, 0.0, 0.0, 0.0, 0.0, 0.0, 0.0, 0.0, 0.0, 0.0, 0.0, 0.0, 0.0, 0.0, 0.0, 0.0, 0.0, 0.0, 0.0, 0.0, 0.0, 0.0, 0.0, 0.0, 0.0, 0.0, 0.0, 0.0, 0.0, 0.0, 0.0, 0.0], "program call": "xtb /home/svss/Project-DBcg-Debug/aqme2_20220329/End-to-End-workflows-final/example-3/QDESCP/mol_67_rdkit_conf_3/mol_67_rdkit_conf_3.xyz --pop --wbo --acc 0.2 --gfn 2 --chrg 0 --uhf 0 --etemp 300 --input /home/svss/Project-DBcg-Debug/aqme2_20220329/End-to-End-workflows-final/example-3/QDESCP/mol_67_rdkit_conf_3/mol_67_rdkit_conf_3_xtb.inp", "method": "GFN2-xTB", "xtb version": "6.3.3 (7355c4f)", "Dipole module/D": 4.968, "Total charge": 0, "Transition dipole module/D": NaN, "HOMO": -10.2498, "LUMO": -6.9758, "HOMO occupancy": 2.0, "LUMO occupancy": 0, "mulliken charges": [-0.09531, 0.10387, -0.35857, 0.44308, -0.41818, 0.41702, -0.10353, -0.42435, 0.43952, -0.45255, -0.27157, 0.10095, -0.09347, 0.10061, -0.09509, 0.02873, 0.03293, 0.03684, 0.02316, 0.03694, 0.21564, 0.02558, 0.03704, 0.03155, 0.02983, 0.03903, 0.02463, 0.04055, 0.0299, 0.03207, 0.04313], "cm5 charges": [-0.23981, 0.05523, -0.6994, 0.66062, -0.59407, 0.57718, -0.08852, -0.60107, 0.66083, -0.62838, -0.5213, 0.05405, -0.2369, 0.05372, -0.23878, 0.08211, 0.08412, 0.09027, 0.08877, 0.10422, 0.41695, 0.09044, 0.10516, 0.08526, 0.0811, 0.09461, 0.08935, 0.10862, 0.08363, 0.08335, 0.09865], "FUKUI+": [0.012, 0.016, -0.055, -0.035, -0.094, -0.073, -0.186, -0.104, -0.021, -0.115, -0.06, 0.019, 0.011, 0.019, 0.011, -0.017, -0.027, -0.018, -0.023, -0.02, -0.04, -0.037, -0.015, -0.019, -0.029, -0.0, -0.037, -0.015, -0.019, -0.029, 0.001], "FUKUI-": [0.014, 0.016, -0.069, 0.003, -0.082, 0.005, -0.121, -0.088, 0.003, -0.089, -0.09, 0.016, 0.006, 0.015, 0.006, -0.03, -0.034, -0.033, -0.06, -0.044, -0.036, -0.041, -0.033, -0.025, -0.038, -0.012, -0.045, -0.034, -0.026, -0.039, -0.016], "FUKUIrad": [0.013, 0.016, -0.062, -0.016, -0.088, -0.034, -0.153, -0.096, -0.009, -0.102, -0.075, 0.018, 0.009, 0.017, 0.009, -0.023, -0.031, -0.025, -0.041, -0.032, -0.038, -0.039, -0.024, -0.022, -0.034, -0.006, -0.041, -0.024, -0.023, -0.034, -0.008], "s proportion": [1.012, 1.001, 1.456, 0.977, 1.534, 1.007, 1.941, 1.533, 0.97, 1.528, 1.436, 1.001, 1.012, 1.002, 1.012, 0.971, 0.967, 0.963, 0.977, 0.963, 0.784, 0.974, 0.963, 0.968, 0.97, 0.961, 0.975, 0.959, 0.97, 0.968, 0.957], "p proportion": [3.084, 2.895, 3.903, 2.579, 3.884, 2.576, 5.174, 3.891, 2.59, 3.925, 3.835, 2.898, 3.082, 2.898, 3.083, 0.0, 0.0, 0.0, 0.0, 0.0, 0.0, 0.0, 0.0, 0.0, 0.0, 0.0, 0.0, 0.0, 0.0, 0.0, 0.0], "d proportion": [0.0, 0.0, 0.0, 0.0, 0.0, 0.0, -0.012, 0.0, 0.0, 0.0, 0.0, 0.0, 0.0, 0.0, 0.0, 0.0, 0.0, 0.0, 0.0, 0.0, 0.0, 0.0, 0.0, 0.0, 0.0, 0.0, 0.0, 0.0, 0.0, 0.0, 0.0], "Fermi-level/eV": -8.6128, "Coordination numbers": [3.751, 3.747, 2.698, 2.956, 1.905, 2.969, 1.032, 1.908, 2.93, 1.852, 2.743, 3.741, 3.75, 3.74, 3.75, 0.924, 0.924, 0.924, 0.924, 0.924, 0.86, 0.924, 0.924, 0.924, 0.924, 0.924, 0.924, 0.924, 0.924, 0.924, 0.924], "Dispersion coefficient C6": [22.716, 20.381, 25.257, 22.639, 29.136, 22.239, 103.118, 29.203, 22.77, 30.229, 22.864, 20.608, 22.658, 20.628, 22.648, 2.446, 2.346, 2.296, 2.574, 2.075, 1.191, 2.335, 2.195, 2.407, 2.387, 2.325, 2.347, 2.113, 2.459, 2.368, 2.303], "Total dispersion C6": 10452.245579, "Total dispersion C8": 247540.007251, "Polarizability alpha": [6.797, 6.439, 7.464, 7.804, 8.003, 7.735, 15.536, 8.012, 7.826, 8.149, 7.102, 6.477, 6.789, 6.48, 6.787, 2.446, 2.395, 2.37, 2.509, 2.253, 1.709, 2.389, 2.317, 2.426, 2.416, 2.385, 2.396, 2.273, 2.452, 2.406, 2.373], "Total polarizability alpha": 154.915973, "Wiberg matrix": [[0.0, 1.0193787917713744, 0.0, 0.0, 0.0, 0.0, 0.0, 0.0, 0.0, 0.0, 0.0, 0.0, 0.0, 0.0, 0.0, 0.9862733047093999, 0.9848344501239602, 0.9862460236241157, 0.0, 0.0, 0.0, 0.0, 0.0, 0.0, 0.0, 0.0, 0.0, 0.0, 0.0, 0.0, 0.0], [1.0193787917713744, 0.0, 0.9859229638057799, 0.0, 0.0, 0.0, 0.0, 0.0, 0.0, 0.0, 0.0, 0.0, 0.0, 0.0, 0.0, 0.0, 0.0, 0.0, 0.9698718090121081, 0.9694046892052383, 0.0, 0.0, 0.0, 0.0, 0.0, 0.0, 0.0, 0.0, 0.0, 0.0, 0.0], [0.0, 0.9859229638057799, 0.0, 1.1838113183863563, 0.0, 0.0, 0.0, 0.0, 0.0, 0.0, 0.0, 0.0, 0.0, 0.0, 0.0, 0.0, 0.0, 0.0, 0.0, 0.0, 0.9321118410290558, 0.0, 0.0, 0.0, 0.0, 0.0, 0.0, 0.0, 0.0, 0.0, 0.0], [0.0, 0.0, 1.1838113183863563, 0.0, 1.2997650789141688, 0.0, 0.0, 0.0, 0.0, 1.3480076144276805, 0.0, 0.0, 0.0, 0.0, 0.0, 0.0, 0.0, 0.0, 0.0, 0.0, 0.0, 0.0, 0.0, 0.0, 0.0, 0.0, 0.0, 0.0, 0.0, 0.0, 0.0], [0.0, 0.0, 0.0, 1.2997650789141688, 0.0, 1.392804345467986, 0.0, 0.0, 0.0, 0.0, 0.0, 0.0, 0.0, 0.0, 0.0, 0.0, 0.0, 0.0, 0.0, 0.0, 0.0, 0.0, 0.0, 0.0, 0.0, 0.0, 0.0, 0.0, 0.0, 0.0, 0.0], [0.0, 0.0, 0.0, 0.0, 1.392804345467986, 0.0, 0.9990760762631095, 1.4149118588049294, 0.0, 0.0, 0.0, 0.0, 0.0, 0.0, 0.0, 0.0, 0.0, 0.0, 0.0, 0.0, 0.0, 0.0, 0.0, 0.0, 0.0, 0.0, 0.0, 0.0, 0.0, 0.0, 0.0], [0.0, 0.0, 0.0, 0.0, 0.0, 0.9990760762631095, 0.0, 0.0, 0.0, 0.0, 0.0, 0.0, 0.0, 0.0, 0.0, 0.0, 0.0, 0.0, 0.0, 0.0, 0.0, 0.0, 0.0, 0.0, 0.0, 0.0, 0.0, 0.0, 0.0, 0.0, 0.0], [0.0, 0.0, 0.0, 0.0, 0.0, 1.4149118588049294, 0.0, 0.0, 1.2739276176455316, 0.0, 0.0, 0.0, 0.0, 0.0, 0.0, 0.0, 0.0, 0.0, 0.0, 0.0, 0.0, 0.0, 0.0, 0.0, 0.0, 0.0, 0.0, 0.0, 0.0, 0.0, 0.0], [0.0, 0.0, 0.0, 0.0, 0.0, 0.0, 0.0, 1.2739276176455316, 0.0, 1.3073480653125478, 1.23878720959903, 0.0, 0.0, 0.0, 0.0, 0.0, 0.0, 0.0, 0.0, 0.0, 0.0, 0.0, 0.0, 0.0, 0.0, 0.0, 0.0, 0.0, 0.0, 0.0, 0.0], [0.0, 0.0, 0.0, 1.3480076144276805, 0.0, 0.0, 0.0, 0.0, 1.3073480653125478, 0.0, 0.0, 0.0, 0.0, 0.0, 0.0, 0.0, 0.0, 0.0, 0.0, 0.0, 0.0, 0.0, 0.0, 0.0, 0.0, 0.0, 0.0, 0.0, 0.0, 0.0, 0.0], [0.0, 0.0, 0.0, 0.0, 0.0, 0.0, 0.0, 0.0, 1.23878720959903, 0.0, 0.0, 0.9866222821069102, 0.0, 0.9861836260835515, 0.0, 0.0, 0.0, 0.0, 0.0, 0.0, 0.0, 0.0, 0.0, 0.0, 0.0, 0.0, 0.0, 0.0, 0.0, 0.0, 0.0], [0.0, 0.0, 0.0, 0.0, 0.0, 0.0, 0.0, 0.0, 0.0, 0.0, 0.9866222821069102, 0.0, 1.01022799530364, 0.0, 0.0, 0.0, 0.0, 0.0, 0.0, 0.0, 0.0, 0.9710857415763516, 0.9676161313798242, 0.0, 0.0, 0.0, 0.0, 0.0, 0.0, 0.0, 0.0], [0.0, 0.0, 0.0, 0.0, 0.0, 0.0, 0.0, 0.0, 0.0, 0.0, 0.0, 1.01022799530364, 0.0, 0.0, 0.0, 0.0, 0.0, 0.0, 0.0, 0.0, 0.0, 0.0, 0.0, 0.9865304758100932, 0.9843900259152298, 0.985864992941184, 0.0, 0.0, 0.0, 0.0, 0.0], [0.0, 0.0, 0.0, 0.0, 0.0, 0.0, 0.0, 0.0, 0.0, 0.0, 0.9861836260835515, 0.0, 0.0, 0.0, 1.009341198217632, 0.0, 0.0, 0.0, 0.0, 0.0, 0.0, 0.0, 0.0, 0.0, 0.0, 0.0, 0.971434997170068, 0.9677673908795321, 0.0, 0.0, 0.0], [0.0, 0.0, 0.0, 0.0, 0.0, 0.0, 0.0, 0.0, 0.0, 0.0, 0.0, 0.0, 0.0, 1.009341198217632, 0.0, 0.0, 0.0, 0.0, 0.0, 0.0, 0.0, 0.0, 0.0, 0.0, 0.0, 0.0, 0.0, 0.0, 0.9862446304927358, 0.9839658683578576, 0.9856096066322985], [0.9862733047093999, 0.0, 0.0, 0.0, 0.0, 0.0, 0.0, 0.0, 0.0, 0.0, 0.0, 0.0, 0.0, 0.0, 0.0, 0.0, 0.0, 0.0, 0.0, 0.0, 0.0, 0.0, 0.0, 0.0, 0.0, 0.0, 0.0, 0.0, 0.0, 0.0, 0.0], [0.9848344501239602, 0.0, 0.0, 0.0, 0.0, 0.0, 0.0, 0.0, 0.0, 0.0, 0.0, 0.0, 0.0, 0.0, 0.0, 0.0, 0.0, 0.0, 0.0, 0.0, 0.0, 0.0, 0.0, 0.0, 0.0, 0.0, 0.0, 0.0, 0.0, 0.0, 0.0], [0.9862460236241157, 0.0, 0.0, 0.0, 0.0, 0.0, 0.0, 0.0, 0.0, 0.0, 0.0, 0.0, 0.0, 0.0, 0.0, 0.0, 0.0, 0.0, 0.0, 0.0, 0.0, 0.0, 0.0, 0.0, 0.0, 0.0, 0.0, 0.0, 0.0, 0.0, 0.0], [0.0, 0.9698718090121081, 0.0, 0.0, 0.0, 0.0, 0.0, 0.0, 0.0, 0.0, 0.0, 0.0, 0.0, 0.0, 0.0, 0.0, 0.0, 0.0, 0.0, 0.0, 0.0, 0.0, 0.0, 0.0, 0.0, 0.0, 0.0, 0.0, 0.0, 0.0, 0.0], [0.0, 0.9694046892052383, 0.0, 0.0, 0.0, 0.0, 0.0, 0.0, 0.0, 0.0, 0.0, 0.0, 0.0, 0.0, 0.0, 0.0, 0.0, 0.0, 0.0, 0.0, 0.0, 0.0, 0.0, 0.0, 0.0, 0.0, 0.0, 0.0, 0.0, 0.0, 0.0], [0.0, 0.0, 0.9321118410290558, 0.0, 0.0, 0.0, 0.0, 0.0, 0.0, 0.0, 0.0, 0.0, 0.0, 0.0, 0.0, 0.0, 0.0, 0.0, 0.0, 0.0, 0.0, 0.0, 0.0, 0.0, 0.0, 0.0, 0.0, 0.0, 0.0, 0.0, 0.0], [0.0, 0.0, 0.0, 0.0, 0.0, 0.0, 0.0, 0.0, 0.0, 0.0, 0.0, 0.9710857415763516, 0.0, 0.0, 0.0, 0.0, 0.0, 0.0, 0.0, 0.0, 0.0, 0.0, 0.0, 0.0, 0.0, 0.0, 0.0, 0.0, 0.0, 0.0, 0.0], [0.0, 0.0, 0.0, 0.0, 0.0, 0.0, 0.0, 0.0, 0.0, 0.0, 0.0, 0.9676161313798242, 0.0, 0.0, 0.0, 0.0, 0.0, 0.0, 0.0, 0.0, 0.0, 0.0, 0.0, 0.0, 0.0, 0.0, 0.0, 0.0, 0.0, 0.0, 0.0], [0.0, 0.0, 0.0, 0.0, 0.0, 0.0, 0.0, 0.0, 0.0, 0.0, 0.0, 0.0, 0.9865304758100932, 0.0, 0.0, 0.0, 0.0, 0.0, 0.0, 0.0, 0.0, 0.0, 0.0, 0.0, 0.0, 0.0, 0.0, 0.0, 0.0, 0.0, 0.0], [0.0, 0.0, 0.0, 0.0, 0.0, 0.0, 0.0, 0.0, 0.0, 0.0, 0.0, 0.0, 0.9843900259152298, 0.0, 0.0, 0.0, 0.0, 0.0, 0.0, 0.0, 0.0, 0.0, 0.0, 0.0, 0.0, 0.0, 0.0, 0.0, 0.0, 0.0, 0.0], [0.0, 0.0, 0.0, 0.0, 0.0, 0.0, 0.0, 0.0, 0.0, 0.0, 0.0, 0.0, 0.985864992941184, 0.0, 0.0, 0.0, 0.0, 0.0, 0.0, 0.0, 0.0, 0.0, 0.0, 0.0, 0.0, 0.0, 0.0, 0.0, 0.0, 0.0, 0.0], [0.0, 0.0, 0.0, 0.0, 0.0, 0.0, 0.0, 0.0, 0.0, 0.0, 0.0, 0.0, 0.0, 0.971434997170068, 0.0, 0.0, 0.0, 0.0, 0.0, 0.0, 0.0, 0.0, 0.0, 0.0, 0.0, 0.0, 0.0, 0.0, 0.0, 0.0, 0.0], [0.0, 0.0, 0.0, 0.0, 0.0, 0.0, 0.0, 0.0, 0.0, 0.0, 0.0, 0.0, 0.0, 0.9677673908795321, 0.0, 0.0, 0.0, 0.0, 0.0, 0.0, 0.0, 0.0, 0.0, 0.0, 0.0, 0.0, 0.0, 0.0, 0.0, 0.0, 0.0], [0.0, 0.0, 0.0, 0.0, 0.0, 0.0, 0.0, 0.0, 0.0, 0.0, 0.0, 0.0, 0.0, 0.0, 0.9862446304927358, 0.0, 0.0, 0.0, 0.0, 0.0, 0.0, 0.0, 0.0, 0.0, 0.0, 0.0, 0.0, 0.0, 0.0, 0.0, 0.0], [0.0, 0.0, 0.0, 0.0, 0.0, 0.0, 0.0, 0.0, 0.0, 0.0, 0.0, 0.0, 0.0, 0.0, 0.9839658683578576, 0.0, 0.0, 0.0, 0.0, 0.0, 0.0, 0.0, 0.0, 0.0, 0.0, 0.0, 0.0, 0.0, 0.0, 0.0, 0.0], [0.0, 0.0, 0.0, 0.0, 0.0, 0.0, 0.0, 0.0, 0.0, 0.0, 0.0, 0.0, 0.0, 0.0, 0.9856096066322985, 0.0, 0.0, 0.0, 0.0, 0.0, 0.0, 0.0, 0.0, 0.0, 0.0, 0.0, 0.0, 0.0, 0.0, 0.0, 0.0]], "Born radii": [], "Atomic SASAs": [], "Solvent H bonds": [], "Total SASA": NaN, "Total FOD": 0.0, "FOD": [0.0, 0.0, 0.0, 0.0, 0.0, 0.0, 0.0, 0.0, 0.0, 0.0, 0.0, 0.0, 0.0, 0.0, 0.0, 0.0, 0.0, 0.0, 0.0, 0.0, 0.0, 0.0, 0.0, 0.0, 0.0, 0.0, 0.0, 0.0, 0.0, 0.0, 0.0], "FOD s proportion": [0.0, 0.0, 0.0, 0.0, 0.0, 0.0, 0.0, 0.0, 0.0, 0.0, 0.0, 0.0, 0.0, 0.0, 0.0, 0.0, 0.0, 0.0, 0.0, 0.0, 0.0, 0.0, 0.0, 0.0, 0.0, 0.0, 0.0, 0.0, 0.0, 0.0, 0.0], "FOD p proportion": [0.0, 0.0, 0.0, 0.0, 0.0, 0.0, 0.0, 0.0, 0.0, 0.0, 0.0, 0.0, 0.0, 0.0, 0.0, 0.0, 0.0, 0.0, 0.0, 0.0, 0.0, 0.0, 0.0, 0.0, 0.0, 0.0, 0.0, 0.0, 0.0, 0.0, 0.0], "FOD d proportion": [0.0, 0.0, 0.0, 0.0, 0.0, 0.0, 0.0, 0.0, 0.0, 0.0, 0.0, 0.0, 0.0, 0.0, 0.0, 0.0, 0.0, 0.0, 0.0, 0.0, 0.0, 0.0, 0.0, 0.0, 0.0, 0.0, 0.0, 0.0, 0.0, 0.0, 0.0], "coordinates": [["4.92280", "0.87690", "0.67450"], ["3.83160", "0.46870", "-0.30280"], ["2.65630", "0.04710", "0.43780"], ["1.55660", "-0.28910", "-0.34260"], ["1.72190", "-0.84130", "-1.52780"], ["0.58040", "-1.11450", "-2.13420"], ["0.70980", "-1.83120", "-3.68160"], ["-0.65050", "-0.89190", "-1.70360"], ["-0.71590", "-0.33290", "-0.50620"], ["0.37330", "-0.01570", "0.19440"], ["-1.95670", "-0.05450", "0.03100"], ["-2.06120", "0.44390", "1.39550"], ["-1.97010", "1.96250", "1.41950"], ["-3.16470", "-0.45790", "-0.67600"], ["-3.51020", "-1.91300", "-0.39370"], ["4.59390", "1.70920", "1.30580"], ["5.82080", "1.19150", "0.13390"], ["5.19220", "0.04380", "1.33230"], ["3.59460", "1.32060", "-0.95170"], ["4.21130", "-0.34770", "-0.92870"], ["2.32050", "0.70150", "1.13700"], ["-3.02480", "0.14780", "1.82860"], ["-1.29920", "0.00490", "2.05110"], ["-2.75600", "2.41220", "0.80360"], ["-2.08520", "2.33280", "2.44300"], ["-1.00560", "2.31310", "1.03860"], ["-4.00310", "0.17260", "-0.35420"], ["-3.07450", "-0.29250", "-1.75660"], ["-3.65070", "-2.08500", "0.67850"], ["-4.43750", "-2.18740", "-0.90620"], ["-2.72040", "-2.58760", "-0.73910"]], "bond_dist": [[0.0, 1.5206774707346722, 2.4252045645676983, 3.7047740619368406, 4.248305231501145, 5.541742272065708, 6.637678948246894, 6.312343933912346, 5.886646432392555, 4.6610278930725135, 6.972023985902516, 7.034457050831997, 7.017522552154712, 8.30741822349158, 8.946512295302567, 1.0951886549814147, 1.094360781461032, 1.0951405434920216, 2.1460455190885392, 2.1391885494270952, 2.648893485967301, 8.063986568689211, 6.431850088427124, 7.8318441212782055, 7.372876037205562, 6.110741837944064, 9.012544201833352, 8.440056330380738, 9.070709446344315, 9.97515729550166, 8.509966595116575], [1.5206774707346722, 0.0, 1.4517455045564978, 2.398222233238613, 2.7690357689997436, 4.0534984445537905, 5.143098743948049, 4.889038086372411, 4.622087230894717, 3.5272780001014947, 5.821475549205716, 6.132693516718407, 6.233576711647976, 7.067254027555539, 7.71898859566459, 2.1696855762990173, 2.161032940517104, 2.1691759679657157, 1.0968016320192089, 1.0965545403672357, 2.1001531110849987, 7.18721529731787, 5.664014856089273, 6.956851800203882, 6.784011253675808, 5.3478658509727035, 7.840461801450218, 7.098392570857152, 7.9667525799412156, 8.706145736202673, 7.242929751143524], [2.4252045645676983, 1.4517455045564978, 0.0, 1.389746268208697, 2.350732073206132, 3.503406823364937, 4.928116222249633, 4.049968049256685, 3.522395327046639, 2.296796987110528, 4.632016601870075, 4.830056498634358, 5.102555145218913, 5.948076700917701, 6.523734092527071, 2.6963483027976927, 3.3787670561907643, 2.689038852452675, 2.105449925787835, 2.107418869138264, 1.014830843047254, 5.84973181778447, 4.272060156411658, 5.917812006138756, 5.632679094356432, 4.348014288154997, 6.707504946699629, 6.145957058099251, 6.661984381548789, 7.557865088105238, 6.10210132577295], [3.7047740619368406, 2.398222233238613, 1.389746268208697, 0.0, 1.3179332190972348, 2.2009275680948703, 3.774130846963311, 2.6621380974697764, 2.2788022402130466, 1.3278988854577747, 3.5408884492454713, 4.080043804911903, 4.540078398001515, 4.736066161911169, 5.320913893308179, 3.9919439800678562, 4.5390120345731635, 4.016677704272525, 2.667504620427114, 2.719260792936198, 1.9375365106237352, 5.08863606578423, 3.7378910270365027, 5.216254872032232, 5.281726442177785, 3.90436001413804, 5.5788498402448505, 4.8421580694975255, 5.60213131852512, 6.31271911778118, 4.871657161582699], [4.248305231501145, 2.7690357689997436, 2.350732073206132, 1.3179332190972348, 0.0, 1.3211288544271522, 2.577421746629759, 2.379442741483812, 2.6916548738647754, 2.3380141488023547, 4.071978590316998, 4.9506835427039775, 5.493517609874387, 4.97507973403442, 5.459816307349543, 4.773125098926279, 4.867700066766645, 4.583290969379972, 2.917654556317454, 2.6076184786122374, 3.1368316563054512, 5.897024729471634, 4.759372317858732, 6.006020031601626, 6.3510765906261915, 4.896519638477926, 5.931353569801753, 4.833113265794627, 5.939644782308115, 6.335343726270895, 4.837937646353041], [5.541742272065708, 4.0534984445537905, 3.503406823364937, 2.2009275680948703, 1.3211288544271522, 0.0, 1.7102192871091122, 1.3229066217991352, 2.2229881353709473, 2.5831433971036137, 3.4997953440165612, 4.676049958030816, 5.348061605853096, 4.072253038552491, 4.516630476361776, 5.992917815221563, 6.158222614521174, 5.884469422131446, 4.051347911498098, 3.9018774070952045, 4.126324447980309, 5.504057791302704, 4.722572245080005, 5.674490874959621, 6.3198149094732194, 4.932595422290379, 5.082666491124516, 3.7651772561195576, 5.172558240368106, 5.276212544998542, 3.874481676302006], [6.637678948246894, 5.143098743948049, 4.928116222249633, 3.774130846963311, 2.577421746629759, 1.7102192871091122, 0.0, 2.577825552670312, 3.7895499125885648, 4.293326041660475, 4.904108879297033, 6.215421580230902, 6.898930707725654, 5.092281855907035, 5.35026893249302, 7.245331167724495, 7.058121318027907, 6.981885703017487, 5.0703321676197906, 4.694649391594648, 5.676956027661303, 6.944492940452888, 6.345958832201797, 7.080623718289229, 7.915910949473851, 6.5113829322195445, 6.107227817103272, 4.515988173146604, 6.171616214574591, 5.858704710940806, 4.582217721802403], [6.312343933912346, 4.889038086372411, 4.049968049256685, 2.6621380974697764, 2.379442741483812, 1.3229066217991352, 2.577825552670312, 0.0, 1.3230740417678823, 2.3277235402856586, 2.3272804644047524, 3.6577119815534958, 4.432008250217953, 2.750548927032566, 3.3070178877653507, 6.582244368754475, 7.0423494304102805, 6.650516264922596, 4.845759369799536, 4.953152823202611, 4.4084887342489605, 4.381177172861193, 3.9144391705581527, 4.65147921633538, 5.445304926264461, 4.2329400952529435, 3.7674882043610967, 2.4975718928591424, 4.012366890003953, 4.081119455492574, 2.8443179762466784], [5.886646432392555, 4.622087230894717, 3.522395327046639, 2.2788022402130466, 2.6916548738647754, 2.2229881353709473, 3.7895499125885648, 1.3230740417678823, 0.0, 1.3333464816018377, 1.3804618937152884, 2.4555474379453557, 3.248107031795596, 2.457860549339608, 3.212084175422556, 5.97055210596139, 6.742549240457944, 6.199002399580112, 4.6382046903947645, 4.94530334054444, 3.6041385322986685, 3.318641701057829, 2.6446419455192793, 3.6623978565961397, 4.204606951904066, 3.0776044466435253, 3.32931195444344, 2.6698551046826493, 3.617515658570119, 4.177257091681095, 3.0258775173493064], [4.6610278930725135, 3.5272780001014947, 2.296796987110528, 1.3278988854577747, 2.3380141488023547, 2.5831433971036137, 4.293326041660475, 2.3277235402856586, 1.3333464816018377, 0.0, 2.336044734160714, 2.753300495768669, 3.3023732087697173, 3.6702290119282748, 4.362015720971212, 4.692968605264689, 5.579986410377717, 4.951782898108518, 3.670969434631675, 4.012707516129228, 2.2791354588966404, 3.774178784848434, 2.49900290115878, 4.007286056672271, 4.076257653779996, 2.8350217441846897, 4.414668255939511, 3.9711892526043124, 4.550706681384772, 5.391789859592082, 4.130020768712913], [6.972023985902516, 5.821475549205716, 4.632016601870075, 3.5408884492454713, 4.071978590316998, 3.4997953440165612, 4.904108879297033, 2.3272804644047524, 1.3804618937152884, 2.336044734160714, 0.0, 1.4564281856651908, 2.4487549509904007, 1.456655264638823, 2.4592182883997915, 6.902616394527512, 7.877347945850811, 7.267036245265328, 5.802889882636064, 6.249097081179007, 4.482099043974821, 2.100744786974372, 2.1252384854411046, 2.705623798683032, 3.3960944539279234, 2.743242375365327, 2.0946852770762483, 2.121705587493232, 2.722466253234372, 3.4032300671567883, 2.7555194265328633], [7.034457050831997, 6.132693516718407, 4.830056498634358, 4.080043804911903, 4.9506835427039775, 4.676049958030816, 6.215421580230902, 3.6577119815534958, 2.4555474379453557, 2.753300495768669, 1.4564281856651908, 0.0, 1.5215193623480445, 2.514372235767807, 3.29481642128966, 6.774908574290873, 8.01726039991218, 7.264701357247935, 6.185953796303363, 6.735932930930948, 4.3968710351794495, 1.0971671613751481, 1.09689396023499, 2.1696307381672115, 2.1600406153588874, 2.1761382332011907, 2.6279325314779296, 3.391872087800482, 3.0717966176164726, 4.227098800595983, 3.7657740306608947], [7.017522552154712, 6.233576711647976, 5.102555145218913, 4.540078398001515, 5.493517609874387, 5.348061605853096, 6.898930707725654, 4.432008250217953, 3.248107031795596, 3.3023732087697173, 2.4487549509904007, 1.5215193623480445, 0.0, 3.417093146228238, 4.547428119277972, 6.569869449235654, 7.933809373182595, 7.4153593857614215, 6.0828045456023, 7.004339600561926, 4.480979313721499, 2.138431899780772, 2.1636134428312284, 1.09508068652497, 1.09449639104019, 1.0946531048693005, 3.237721837959524, 4.048744937631907, 4.444744493218929, 5.358975019534985, 5.091749606962228], [8.30741822349158, 7.067254027555539, 5.948076700917701, 4.736066161911169, 4.97507973403442, 4.072253038552491, 5.092281855907035, 2.750548927032566, 2.457860549339608, 3.6702290119282748, 1.456655264638823, 2.514372235767807, 3.417093146228238, 0.0, 1.5219656862097781, 8.295765643386993, 9.17145945964981, 8.609456974165095, 6.994798726911304, 7.3811501359882925, 5.892248840638012, 2.5805940517640504, 3.3363675606863223, 3.2548004332063125, 4.322208664560285, 3.9089649486788693, 1.0972693607314477, 1.0968999772084964, 2.1721695744117215, 2.159671764412361, 2.176466445870462], [8.946512295302567, 7.71898859566459, 6.523734092527071, 5.320913893308179, 5.459816307349543, 4.516630476361776, 5.35026893249302, 3.3070178877653507, 3.212084175422556, 4.362015720971212, 2.4592182883997915, 3.29481642128966, 4.547428119277972, 1.5219656862097781, 0.0, 9.037979304025873, 9.848037520744931, 9.08514765977967, 7.825964221742902, 7.8967050938983405, 6.570823025314257, 3.0693854580355335, 3.8136476567716637, 4.550791136714582, 5.301349783781485, 5.11707198112358, 2.143417369529322, 2.1617935030895064, 1.094959857711688, 1.0944573541257785, 1.0946096838599593], [1.0951886549814147, 2.1696855762990173, 2.6963483027976927, 3.9919439800678562, 4.773125098926279, 5.992917815221563, 7.245331167724495, 6.582244368754475, 5.97055210596139, 4.692968605264689, 6.902616394527512, 6.774908574290873, 6.569869449235654, 8.295765643386993, 9.037979304025873, 0.0, 1.773878944573164, 1.7698085489679385, 2.4991832065696986, 3.0610799760868717, 2.4924486534330046, 7.794605794393966, 6.1797037299534034, 7.4005029457463225, 6.803857553623533, 5.63830571182514, 8.88960902177368, 8.496437795335172, 9.097411065242683, 10.081796542283522, 8.726000844602297], [1.094360781461032, 2.161032940517104, 3.3787670561907643, 4.5390120345731635, 4.867700066766645, 6.158222614521174, 7.058121318027907, 7.0423494304102805, 6.742549240457944, 5.579986410377717, 7.877347945850811, 8.01726039991218, 7.933809373182595, 9.17145945964981, 9.848037520744931, 1.773878944573164, 0.0, 1.7744057625019145, 2.480153344049517, 2.4675383786275753, 3.6740181953822715, 9.066750086993686, 7.468472092737577, 8.6890796302025, 8.315007185805674, 6.976833494501643, 9.88865056668502, 9.21426113912559, 10.036999235827409, 10.850414375036559, 9.380608895482212], [1.0951405434920216, 2.1691759679657157, 2.689038852452675, 4.016677704272525, 4.583290969379972, 5.884469422131446, 6.981885703017487, 6.650516264922596, 6.199002399580112, 4.951782898108518, 7.267036245265328, 7.264701357247935, 7.4153593857614215, 8.609456974165095, 9.08514765977967, 1.7698085489679385, 1.7744057625019145, 0.0, 3.065811474960585, 2.495507575624646, 2.9525196476907647, 8.232631334512677, 6.531191362224812, 8.310398636046289, 7.7093272242135376, 6.606716810943239, 9.349567571818495, 8.83134926214562, 9.118997987169424, 10.135100284654316, 8.592101179571852], [2.1460455190885392, 1.0968016320192089, 2.105449925787835, 2.667504620427114, 2.917654556317454, 4.051347911498098, 5.0703321676197906, 4.845759369799536, 4.6382046903947645, 3.670969434631675, 5.802889882636064, 6.185953796303363, 6.0828045456023, 6.994798726911304, 7.825964221742902, 2.4991832065696986, 2.480153344049517, 3.065811474960585, 0.0, 1.778784073461419, 2.5237439073725367, 7.2747497750781775, 5.89042891222702, 6.678531950211813, 6.693927469729561, 5.109617439691547, 7.707136662859949, 6.908462233377266, 8.170069491136536, 8.764859648619593, 7.429566003475572], [2.1391885494270952, 1.0965545403672357, 2.107418869138264, 2.719260792936198, 2.6076184786122374, 3.9018774070952045, 4.694649391594648, 4.953152823202611, 4.94530334054444, 4.012707516129228, 6.249097081179007, 6.735932930930948, 7.004339600561926, 7.3811501359882925, 7.8967050938983405, 3.0610799760868717, 2.4675383786275753, 2.495507575624646, 1.778784073461419, 0.0, 2.9904952382506815, 7.7594694889534805, 6.274483648078142, 7.691630554700349, 7.628850069964674, 6.177877591859521, 8.250886600844785, 7.3328948642401794, 8.210502245904328, 8.84232683064814, 7.287082067604288], [2.648893485967301, 2.1001531110849987, 1.014830843047254, 1.9375365106237352, 3.1368316563054512, 4.126324447980309, 5.676956027661303, 4.4084887342489605, 3.6041385322986685, 2.2791354588966404, 4.482099043974821, 4.3968710351794495, 4.480979313721499, 5.892248840638012, 6.570823025314257, 2.4924486534330046, 3.6740181953822715, 2.9525196476907647, 2.5237439073725367, 2.9904952382506815, 0.0, 5.41822169535356, 3.797770195785943, 5.367355242575248, 4.87616326428884, 3.6972798555154034, 6.518537382726281, 6.202175582809632, 6.605303470696861, 7.62830082325022, 6.304649302697178], [8.063986568689211, 7.18721529731787, 5.84973181778447, 5.08863606578423, 5.897024729471634, 5.504057791302704, 6.944492940452888, 4.381177172861193, 3.318641701057829, 3.774178784848434, 2.100744786974372, 1.0971671613751481, 2.138431899780772, 2.5805940517640504, 3.0693854580355335, 7.794605794393966, 9.066750086993686, 8.232631334512677, 7.2747497750781775, 7.7594694889534805, 5.41822169535356, 0.0, 1.7457439732102757, 2.5000771588093036, 2.4565342497103515, 3.0642768690182023, 2.392133309412333, 3.6124774352236444, 2.5884119957997416, 3.863678476529847, 3.7640610794725426], [6.431850088427124, 5.664014856089273, 4.272060156411658, 3.7378910270365027, 4.759372317858732, 4.722572245080005, 6.345958832201797, 3.9144391705581527, 2.6446419455192793, 2.49900290115878, 2.1252384854411046, 1.09689396023499, 2.1636134428312284, 3.3363675606863223, 3.8136476567716637, 6.1797037299534034, 7.468472092737577, 6.531191362224812, 5.89042891222702, 6.274483648078142, 3.797770195785943, 1.7457439732102757, 0.0, 3.07792393993094, 2.488071546398938, 2.5375469355265134, 3.6227981713035025, 4.211735525884786, 3.432384742420348, 4.837430048073047, 4.06522837365873], [7.8318441212782055, 6.956851800203882, 5.917812006138756, 5.216254872032232, 6.006020031601626, 5.674490874959621, 7.080623718289229, 4.65147921633538, 3.6623978565961397, 4.007286056672271, 2.705623798683032, 2.1696307381672115, 1.09508068652497, 3.2548004332063125, 4.550791136714582, 7.4005029457463225, 8.6890796302025, 8.310398636046289, 6.678531950211813, 7.691630554700349, 5.367355242575248, 2.5000771588093036, 3.07792393993094, 0.0, 1.773107261278911, 1.7688826897225263, 2.81275086170105, 3.737842744150695, 4.587041087672967, 5.187212975191977, 5.23251284661586], [7.372876037205562, 6.784011253675808, 5.632679094356432, 5.281726442177785, 6.3510765906261915, 6.3198149094732194, 7.915910949473851, 5.445304926264461, 4.204606951904066, 4.076257653779996, 3.3960944539279234, 2.1600406153588874, 1.09449639104019, 4.322208664560285, 5.301349783781485, 6.803857553623533, 8.315007185805674, 7.7093272242135376, 6.693927469729561, 7.628850069964674, 4.87616326428884, 2.4565342497103515, 2.488071546398938, 1.773107261278911, 0.0, 1.771514496130359, 4.021085959041413, 5.050500444510425, 5.008114150056885, 6.097758930131627, 5.894028809736173], [6.110741837944064, 5.3478658509727035, 4.348014288154997, 3.90436001413804, 4.896519638477926, 4.932595422290379, 6.5113829322195445, 4.2329400952529435, 3.0776044466435253, 2.8350217441846897, 2.743242375365327, 2.1761382332011907, 1.0946531048693005, 3.9089649486788693, 5.11707198112358, 5.63830571182514, 6.976833494501643, 6.606716810943239, 5.109617439691547, 6.177877591859521, 3.6972798555154034, 3.0642768690182023, 2.5375469355265134, 1.7688826897225263, 1.771514496130359, 0.0, 3.937846916780793, 4.345416160737657, 5.144852731614385, 5.984537150022548, 5.487951969542008], [9.012544201833352, 7.840461801450218, 6.707504946699629, 5.5788498402448505, 5.931353569801753, 5.082666491124516, 6.107227817103272, 3.7674882043610967, 3.32931195444344, 4.414668255939511, 2.0946852770762483, 2.6279325314779296, 3.237721837959524, 1.0972693607314477, 2.143417369529322, 8.88960902177368, 9.88865056668502, 9.349567571818495, 7.707136662859949, 8.250886600844785, 6.518537382726281, 2.392133309412333, 3.6227981713035025, 2.81275086170105, 4.021085959041413, 3.937846916780793, 0.0, 1.7450907512218383, 2.5074713976434504, 2.4623174774996013, 3.0679262279266104], [8.440056330380738, 7.098392570857152, 6.145957058099251, 4.8421580694975255, 4.833113265794627, 3.7651772561195576, 4.515988173146604, 2.4975718928591424, 2.6698551046826493, 3.9711892526043124, 2.121705587493232, 3.391872087800482, 4.048744937631907, 1.0968999772084964, 2.1617935030895064, 8.496437795335172, 9.21426113912559, 8.83134926214562, 6.908462233377266, 7.3328948642401794, 6.202175582809632, 3.6124774352236444, 4.211735525884786, 3.737842744150695, 5.050500444510425, 4.345416160737657, 1.7450907512218383, 0.0, 3.0781121974353045, 2.484269544554294, 2.5353849944337843], [9.070709446344315, 7.9667525799412156, 6.661984381548789, 5.60213131852512, 5.939644782308115, 5.172558240368106, 6.171616214574591, 4.012366890003953, 3.617515658570119, 4.550706681384772, 2.722466253234372, 3.0717966176164726, 4.444744493218929, 2.1721695744117215, 1.094959857711688, 9.097411065242683, 10.036999235827409, 9.118997987169424, 8.170069491136536, 8.210502245904328, 6.605303470696861, 2.5884119957997416, 3.432384742420348, 4.587041087672967, 5.008114150056885, 5.144852731614385, 2.5074713976434504, 3.0781121974353045, 0.0, 1.7722342085627396, 1.7685176306726489], [9.97515729550166, 8.706145736202673, 7.557865088105238, 6.31271911778118, 6.335343726270895, 5.276212544998542, 5.858704710940806, 4.081119455492574, 4.177257091681095, 5.391789859592082, 3.4032300671567883, 4.227098800595983, 5.358975019534985, 2.159671764412361, 1.0944573541257785, 10.081796542283522, 10.850414375036559, 10.135100284654316, 8.764859648619593, 8.84232683064814, 7.62830082325022, 3.863678476529847, 4.837430048073047, 5.187212975191977, 6.097758930131627, 5.984537150022548, 2.4623174774996013, 2.484269544554294, 1.7722342085627396, 0.0, 1.7710208525028721], [8.509966595116575, 7.242929751143524, 6.10210132577295, 4.871657161582699, 4.837937646353041, 3.874481676302006, 4.582217721802403, 2.8443179762466784, 3.0258775173493064, 4.130020768712913, 2.7555194265328633, 3.7657740306608947, 5.091749606962228, 2.176466445870462, 1.0946096838599593, 8.726000844602297, 9.380608895482212, 8.592101179571852, 7.429566003475572, 7.287082067604288, 6.304649302697178, 3.7640610794725426, 4.06522837365873, 5.23251284661586, 5.894028809736173, 5.487951969542008, 3.0679262279266104, 2.5353849944337843, 1.7685176306726489, 1.7710208525028721, 0.0]]}