{"total energy": -24.05516563, "HOMO-LUMO gap/eV": 11.46005961, "electronic energy": -24.35241217, "dipole": [0.26213023, -0.1987539, -0.62682791], "partial charges": [-0.102819, -0.06719797, 0.14355604, -0.10752837, -0.45379681, -0.06456364, -0.09798147, 0.03268972, 0.03787465, 0.03487327, 0.02352025, 0.04119017, 0.05279995, 0.0373387, 0.04556395, 0.27935079, 0.03266678, 0.02426933, 0.04278553, 0.03648282, 0.02892532], "atomic dipole moments": [[-0.05583377, 0.08622168, 0.02539445], [-0.04963392, -0.09915732, -0.00877878], [-0.046267, 0.13065356, 0.02833651], [0.01710458, 0.05825505, -0.10040716], [0.09533716, -0.12054703, -0.17029813], [-0.04120077, 0.02985322, 0.09474935], [0.10788733, 0.0024621, -0.01963032], [-0.04387992, -0.05441242, -0.10498936], [0.00416053, -0.08606258, 0.09352646], [0.1181723, 0.02916449, -0.02457019], [0.01721268, 0.08262121, -0.08687988], [0.06237596, 0.05882476, 0.09085281], [-0.11816186, 0.00430419, 0.05369309], [0.02801551, -0.12334154, -0.02208401], [0.07015639, 0.03869208, 0.09949294], [0.00853665, 0.04108998, -0.06530832], [0.03468975, -0.11428216, -0.0376835], [0.01284956, 0.07054851, -0.09804809], [-0.05167089, 0.11372724, 0.03067712], [-0.03241797, -0.08573764, 0.08851709], [-0.05611387, -0.03592585, -0.10426931]], "atomic quadrupole moments": [[-0.02044399, -0.13108676, 0.12407092, -0.04500212, 0.07414517, -0.10362693], [0.13961209, -0.10242936, 0.02849869, -0.11015583, 0.05003502, -0.16811078], [-0.09261679, -0.12538116, 0.18772239, -0.0421127, 0.08171586, -0.0951056], [-0.09992496, 0.0215465, 0.01153828, -0.01755387, -0.16069094, 0.08838669], [-0.06915506, -0.08685036, 0.10432268, -0.0440374, 0.04958186, -0.03516762], [0.16350433, 0.05725691, -0.1650379, 0.04447222, 0.08291778, 0.00153357], [0.22225673, 0.02296576, -0.13409517, -0.05217338, 0.00283501, -0.08816156], [-0.01262307, 0.01094321, -0.01898717, 0.05358902, 0.03731694, 0.03161024], [-0.04676984, 5.457e-05, 0.00839003, -0.01682191, -0.05395786, 0.03837981], [0.06667887, 0.03287571, -0.01654639, -0.02472797, -0.00129163, -0.05013248], [-0.02700354, -0.01460925, -0.00742437, -0.0035036, -0.04696138, 0.03442791], [-0.00855399, -0.00199944, -0.03013718, 0.02859631, 0.02974456, 0.03869117], [0.07905521, -0.01015787, -0.04536026, -0.02189237, -0.00629815, -0.03369495], [-0.04323701, -0.03227415, 0.06524485, -0.01359641, 0.03558881, -0.02200784], [0.01144403, 0.03926551, -0.02799851, 0.05238472, 0.02270381, 0.01655447], [-0.08591492, -0.00446222, 0.02817555, -0.01884614, -0.09821754, 0.05773937], [-0.00392319, -0.02745372, 0.04776291, 0.00085081, 0.01520088, -0.04383971], [-0.00754379, 0.02052776, -4.818e-05, -0.00354416, -0.05397537, 0.00759197], [-0.0226946, -0.02334582, 0.06319171, -0.01360953, 0.0316602, -0.04049711], [-0.02609516, 0.00385278, 0.00450456, -0.01155693, -0.06494566, 0.0215906], [-0.01163599, 0.0160337, -0.04456482, 0.03575972, 0.03584456, 0.05620081]], "number of molecular orbitals": 42, "number of electrons": 44, "number of unpaired electrons": 0, "orbital energies/eV": [-18.37530896, -17.13423191, -16.64769919, -16.4347452, -15.87028229, -15.48868322, -15.30238224, -14.44422956, -14.18077045, -13.98195884, -13.61336884, -13.34082182, -12.79654769, -12.63794891, -12.55109947, -12.47689056, -12.27962764, -12.06213356, -11.94745484, -11.67909498, -11.46217418, -10.80923063, 0.65082898, 1.61041514, 2.11203495, 2.40789843, 3.35742457, 3.62211012, 3.92493966, 4.13490427, 4.58766527, 4.87249451, 5.22858949, 5.43255698, 5.67622228, 6.03813076, 6.42391046, 6.76002818, 7.33253475, 7.42090085, 7.72385601, 7.89887233], "fractional occupation": [2.0, 2.0, 2.0, 2.0, 2.0, 2.0, 2.0, 2.0, 2.0, 2.0, 2.0, 2.0, 2.0, 2.0, 2.0, 2.0, 2.0, 2.0, 2.0, 2.0, 2.0, 2.0, 0.0, 0.0, 0.0, 0.0, 0.0, 0.0, 0.0, 0.0, 0.0, 0.0, 0.0, 0.0, 0.0, 0.0, 0.0, 0.0, 0.0, 0.0, 0.0, 0.0], "program call": "xtb /home/svss/Project-DBcg-Debug/aqme2_20220329/End-to-End-workflows-final/example-3/QDESCP/mol_447_rdkit_conf_4/mol_447_rdkit_conf_4.xyz --pop --wbo --acc 0.2 --gfn 2 --chrg 0 --uhf 0 --etemp 300 --input /home/svss/Project-DBcg-Debug/aqme2_20220329/End-to-End-workflows-final/example-3/QDESCP/mol_447_rdkit_conf_4/mol_447_rdkit_conf_4_xtb.inp", "method": "GFN2-xTB", "xtb version": "6.3.3 (7355c4f)", "Dipole module/D": 1.799, "Total charge": 0, "Transition dipole module/D": NaN, "HOMO": -10.8092, "LUMO": 0.6508, "HOMO occupancy": 2.0, "LUMO occupancy": 0, "mulliken charges": [-0.08601, -0.06876, 0.2427, -0.09601, -0.56995, -0.06803, -0.07652, 0.02588, 0.02857, 0.03177, 0.02234, 0.03689, 0.04478, 0.02455, 0.03966, 0.33331, 0.0251, 0.02203, 0.03521, 0.02757, 0.02494], "cm5 charges": [-0.23642, -0.17465, 0.23289, -0.23893, -0.77704, -0.17434, -0.22617, 0.07783, 0.08057, 0.08256, 0.0796, 0.09437, 0.0995, 0.07737, 0.09348, 0.50391, 0.08129, 0.07931, 0.0893, 0.07979, 0.07578], "FUKUI+": [0.012, 0.002, -0.063, 0.035, -0.147, 0.003, 0.017, -0.035, -0.039, -0.055, -0.046, -0.07, -0.058, -0.09, -0.057, -0.114, -0.087, -0.052, -0.036, -0.044, -0.077], "FUKUI-": [0.02, -0.006, -0.03, 0.028, -0.119, -0.009, 0.019, -0.064, -0.047, -0.097, -0.054, -0.082, -0.064, -0.049, -0.072, -0.056, -0.07, -0.052, -0.054, -0.047, -0.096], "FUKUIrad": [0.016, -0.002, -0.046, 0.031, -0.133, -0.003, 0.018, -0.049, -0.043, -0.076, -0.05, -0.076, -0.061, -0.069, -0.065, -0.085, -0.079, -0.052, -0.045, -0.045, -0.086], "s proportion": [1.007, 1.042, 1.051, 1.015, 1.703, 1.039, 1.006, 0.974, 0.971, 0.968, 0.978, 0.963, 0.955, 0.975, 0.96, 0.667, 0.975, 0.978, 0.965, 0.972, 0.975], "p proportion": [3.079, 3.026, 2.706, 3.081, 4.867, 3.029, 3.071, 0.0, 0.0, 0.0, 0.0, 0.0, 0.0, 0.0, 0.0, 0.0, 0.0, 0.0, 0.0, 0.0, 0.0], "d proportion": [0.0, 0.0, 0.0, 0.0, 0.0, 0.0, 0.0, 0.0, 0.0, 0.0, 0.0, 0.0, 0.0, 0.0, 0.0, 0.0, 0.0, 0.0, 0.0, 0.0, 0.0], "Fermi-level/eV": -5.0792, "Coordination numbers": [3.748, 3.8, 3.77, 3.751, 1.653, 3.799, 3.748, 0.924, 0.924, 0.924, 0.923, 0.923, 0.924, 0.924, 0.924, 0.804, 0.924, 0.924, 0.924, 0.924, 0.924], "Dispersion coefficient C6": [22.531, 21.789, 18.299, 22.618, 21.923, 21.74, 22.438, 2.549, 2.477, 2.518, 2.681, 2.433, 2.285, 2.485, 2.376, 0.787, 2.549, 2.67, 2.412, 2.496, 2.602], "Total dispersion C6": 2901.574426, "Total dispersion C8": 59986.334373, "Polarizability alpha": [6.77, 6.646, 6.096, 6.782, 6.321, 6.639, 6.756, 2.497, 2.461, 2.482, 2.56, 2.439, 2.364, 2.465, 2.411, 1.393, 2.497, 2.555, 2.429, 2.471, 2.523], "Total polarizability alpha": 79.557033, "Wiberg matrix": [[0.0, 1.0203427238549727, 0.0, 0.0, 0.0, 0.0, 0.0, 0.9856280224404426, 0.9857724111874964, 0.9864814899538891, 0.0, 0.0, 0.0, 0.0, 0.0, 0.0, 0.0, 0.0, 0.0, 0.0, 0.0], [1.0203427238549727, 0.0, 0.9758035969023465, 0.0, 0.0, 0.0, 0.0, 0.0, 0.0, 0.0, 0.9749431776969986, 0.9753133450516831, 0.0, 0.0, 0.0, 0.0, 0.0, 0.0, 0.0, 0.0, 0.0], [0.0, 0.9758035969023465, 0.0, 0.9977296572796814, 0.9684757074974255, 0.9775121892957445, 0.0, 0.0, 0.0, 0.0, 0.0, 0.0, 0.0, 0.0, 0.0, 0.0, 0.0, 0.0, 0.0, 0.0, 0.0], [0.0, 0.0, 0.9977296572796814, 0.0, 0.0, 0.0, 0.0, 0.0, 0.0, 0.0, 0.0, 0.0, 0.9816227043597542, 0.9842164450024194, 0.9843780742390421, 0.0, 0.0, 0.0, 0.0, 0.0, 0.0], [0.0, 0.0, 0.9684757074974255, 0.0, 0.0, 0.0, 0.0, 0.0, 0.0, 0.0, 0.0, 0.0, 0.0, 0.0, 0.0, 0.9029067301858629, 0.0, 0.0, 0.0, 0.0, 0.0], [0.0, 0.0, 0.9775121892957445, 0.0, 0.0, 0.0, 1.0195758170485958, 0.0, 0.0, 0.0, 0.0, 0.0, 0.0, 0.0, 0.0, 0.0, 0.9745017716543016, 0.9757203598522252, 0.0, 0.0, 0.0], [0.0, 0.0, 0.0, 0.0, 0.0, 1.0195758170485958, 0.0, 0.0, 0.0, 0.0, 0.0, 0.0, 0.0, 0.0, 0.0, 0.0, 0.0, 0.0, 0.9863704566461253, 0.9862072690804903, 0.9869574047351889], [0.9856280224404426, 0.0, 0.0, 0.0, 0.0, 0.0, 0.0, 0.0, 0.0, 0.0, 0.0, 0.0, 0.0, 0.0, 0.0, 0.0, 0.0, 0.0, 0.0, 0.0, 0.0], [0.9857724111874964, 0.0, 0.0, 0.0, 0.0, 0.0, 0.0, 0.0, 0.0, 0.0, 0.0, 0.0, 0.0, 0.0, 0.0, 0.0, 0.0, 0.0, 0.0, 0.0, 0.0], [0.9864814899538891, 0.0, 0.0, 0.0, 0.0, 0.0, 0.0, 0.0, 0.0, 0.0, 0.0, 0.0, 0.0, 0.0, 0.0, 0.0, 0.0, 0.0, 0.0, 0.0, 0.0], [0.0, 0.9749431776969986, 0.0, 0.0, 0.0, 0.0, 0.0, 0.0, 0.0, 0.0, 0.0, 0.0, 0.0, 0.0, 0.0, 0.0, 0.0, 0.0, 0.0, 0.0, 0.0], [0.0, 0.9753133450516831, 0.0, 0.0, 0.0, 0.0, 0.0, 0.0, 0.0, 0.0, 0.0, 0.0, 0.0, 0.0, 0.0, 0.0, 0.0, 0.0, 0.0, 0.0, 0.0], [0.0, 0.0, 0.0, 0.9816227043597542, 0.0, 0.0, 0.0, 0.0, 0.0, 0.0, 0.0, 0.0, 0.0, 0.0, 0.0, 0.0, 0.0, 0.0, 0.0, 0.0, 0.0], [0.0, 0.0, 0.0, 0.9842164450024194, 0.0, 0.0, 0.0, 0.0, 0.0, 0.0, 0.0, 0.0, 0.0, 0.0, 0.0, 0.0, 0.0, 0.0, 0.0, 0.0, 0.0], [0.0, 0.0, 0.0, 0.9843780742390421, 0.0, 0.0, 0.0, 0.0, 0.0, 0.0, 0.0, 0.0, 0.0, 0.0, 0.0, 0.0, 0.0, 0.0, 0.0, 0.0, 0.0], [0.0, 0.0, 0.0, 0.0, 0.9029067301858629, 0.0, 0.0, 0.0, 0.0, 0.0, 0.0, 0.0, 0.0, 0.0, 0.0, 0.0, 0.0, 0.0, 0.0, 0.0, 0.0], [0.0, 0.0, 0.0, 0.0, 0.0, 0.9745017716543016, 0.0, 0.0, 0.0, 0.0, 0.0, 0.0, 0.0, 0.0, 0.0, 0.0, 0.0, 0.0, 0.0, 0.0, 0.0], [0.0, 0.0, 0.0, 0.0, 0.0, 0.9757203598522252, 0.0, 0.0, 0.0, 0.0, 0.0, 0.0, 0.0, 0.0, 0.0, 0.0, 0.0, 0.0, 0.0, 0.0, 0.0], [0.0, 0.0, 0.0, 0.0, 0.0, 0.0, 0.9863704566461253, 0.0, 0.0, 0.0, 0.0, 0.0, 0.0, 0.0, 0.0, 0.0, 0.0, 0.0, 0.0, 0.0, 0.0], [0.0, 0.0, 0.0, 0.0, 0.0, 0.0, 0.9862072690804903, 0.0, 0.0, 0.0, 0.0, 0.0, 0.0, 0.0, 0.0, 0.0, 0.0, 0.0, 0.0, 0.0, 0.0], [0.0, 0.0, 0.0, 0.0, 0.0, 0.0, 0.9869574047351889, 0.0, 0.0, 0.0, 0.0, 0.0, 0.0, 0.0, 0.0, 0.0, 0.0, 0.0, 0.0, 0.0, 0.0]], "Born radii": [], "Atomic SASAs": [], "Solvent H bonds": [], "Total SASA": NaN, "Total FOD": 0.0, "FOD": [0.0, 0.0, 0.0, 0.0, 0.0, 0.0, 0.0, 0.0, 0.0, 0.0, 0.0, 0.0, 0.0, 0.0, 0.0, 0.0, 0.0, 0.0, 0.0, 0.0, 0.0], "FOD s proportion": [0.0, 0.0, 0.0, 0.0, 0.0, 0.0, 0.0, 0.0, 0.0, 0.0, 0.0, 0.0, 0.0, 0.0, 0.0, 0.0, 0.0, 0.0, 0.0, 0.0, 0.0], "FOD p proportion": [0.0, 0.0, 0.0, 0.0, 0.0, 0.0, 0.0, 0.0, 0.0, 0.0, 0.0, 0.0, 0.0, 0.0, 0.0, 0.0, 0.0, 0.0, 0.0, 0.0, 0.0], "FOD d proportion": [0.0, 0.0, 0.0, 0.0, 0.0, 0.0, 0.0, 0.0, 0.0, 0.0, 0.0, 0.0, 0.0, 0.0, 0.0, 0.0, 0.0, 0.0, 0.0, 0.0, 0.0], "coordinates": [["2.22740", "-0.62800", "-0.39650"], ["1.45630", "0.62670", "-0.01360"], ["-0.03440", "0.41680", "0.33560"], ["-0.19560", "-0.49400", "1.55610"], ["-0.55430", "1.69970", "0.71240"], ["-0.83400", "-0.10190", "-0.87940"], ["-2.34240", "-0.17070", "-0.66250"], ["1.81360", "-1.09820", "-1.29280"], ["2.23050", "-1.36240", "0.41380"], ["3.26990", "-0.37100", "-0.61210"], ["1.53630", "1.35360", "-0.83280"], ["1.96000", "1.10490", "0.83730"], ["-1.21950", "-0.46270", "1.94460"], ["0.05510", "-1.53440", "1.32780"], ["0.44560", "-0.15630", "2.37870"], ["-0.48160", "2.28960", "-0.05740"], ["-0.48190", "-1.09780", "-1.17090"], ["-0.65850", "0.56450", "-1.73370"], ["-2.75320", "0.80440", "-0.38400"], ["-2.60290", "-0.89380", "0.11570"], ["-2.83660", "-0.48910", "-1.58640"]], "bond_dist": [[0.0, 1.5216700397918073, 2.5967896892124323, 3.1147282000200276, 3.7928487169936003, 3.1435876924304176, 4.600320785553981, 1.0934679556347318, 1.0935899871524062, 1.095143191550767, 2.1435287401852112, 2.1439933791875383, 4.170035120955218, 2.917817461734027, 3.331523250706799, 3.9957551939527023, 2.8566963244279218, 3.3968483775405693, 5.182499625663276, 4.864647630610052, 5.20377278712282], [1.5216700397918073, 0.0, 1.5453754042303118, 2.539429107102618, 2.391843924674016, 2.5545922747084315, 3.9353576279672473, 2.1769924069688438, 2.176826867254261, 2.1547047361529605, 1.0981221471220766, 1.0983714034879095, 3.490164070641952, 2.903974622823003, 2.712508576944965, 2.5539403399453167, 2.8407503903018303, 2.7267181537518685, 4.229499225676723, 4.336558933071243, 4.706134283039531], [2.5967896892124323, 1.5453754042303118, 0.0, 1.531392284817969, 1.4346102815747557, 1.5442262949451415, 2.582290429057119, 2.8917149859555664, 2.8812219438981095, 3.5266361621239013, 2.1702191801751267, 2.168597671307428, 2.183314741396668, 2.19081092977007, 2.1755691715043217, 1.9651505489402077, 2.182615783870354, 2.16640683852318, 2.8390018245855355, 2.891923342690812, 3.5166836152830125], [3.1147282000200276, 2.539429107102618, 1.531392284817969, 0.0, 2.377564945485191, 2.5481281796644377, 3.1041035887998323, 3.5381030920537064, 2.8186750539925667, 4.089732324981672, 3.4813713648503515, 2.778446690149012, 1.0955743470892334, 1.0942593568254282, 1.0962889628195658, 3.2301094733770244, 2.8076807386168396, 3.486758193508692, 3.4628237509292905, 2.833669968433163, 4.1049008830908456], [3.7928487169936003, 2.391843924674016, 1.4346102815747557, 2.377564945485191, 0.0, 2.4202937610959543, 2.9301958603479052, 4.17804043302599, 4.149786670420541, 4.546053715036812, 2.622601115305185, 2.5867144295418467, 2.5761951867046102, 3.3480573964614164, 2.6872089051653574, 0.9725530011264168, 3.3731390276714066, 2.6986926260691493, 2.615113049181622, 3.3584304518628936, 3.9095038265744155], [3.1435876924304176, 2.5545922747084315, 1.5442262949451415, 2.5481281796644377, 2.4202937610959543, 0.0, 1.5254670137371047, 2.8588982160965437, 3.557019361769064, 4.121390458328354, 2.781901130522075, 3.494261170834258, 2.872936283665198, 2.777460512770614, 3.5007929287519985, 2.553261054024833, 1.0957935343850138, 1.0975963283466286, 2.179479178611257, 2.178608920848347, 2.158744913138187], [4.600320785553981, 3.9353576279672473, 2.582290429057119, 3.1041035887998323, 2.9301958603479052, 1.5254670137371047, 0.0, 4.304633589517231, 4.846646777928015, 5.616099317141747, 4.170947886272376, 4.7315115090211926, 2.853618548439858, 3.4013200422777037, 4.125778568949138, 3.143532843792156, 2.1399638361430315, 2.126853941858726, 1.0941384281707685, 1.093768302704005, 1.0950814627232077], [1.0934679556347318, 2.1769924069688438, 2.8917149859555664, 3.5381030920537064, 4.17804043302599, 2.8588982160965437, 4.304633589517231, 0.0, 1.7765389976017976, 1.7643644804858205, 2.509943929652613, 3.067964892237198, 4.4815527019103545, 3.1859279731343584, 4.029703693821668, 4.274499390571954, 2.2987344387727786, 3.011684331067916, 5.030056305847879, 4.640164206146157, 4.699102447276501], [1.0935899871524062, 2.176826867254261, 2.8812219438981095, 2.8186750539925667, 4.149786670420541, 3.557019361769064, 4.846646777928015, 1.7765389976017976, 0.0, 1.765133742808176, 3.0679930247639096, 2.5179538895698625, 3.8801171026143013, 2.3658709094115853, 2.9157121308524268, 4.573250468758518, 3.152522959472302, 4.083016147408678, 5.4926107426250415, 4.865203503451834, 5.517151016602681], [1.095143191550767, 2.1547047361529605, 3.5266361621239013, 4.089732324981672, 4.546053715036812, 4.121390458328354, 5.616099317141747, 1.7643644804858205, 1.765133742808176, 0.0, 2.455264264799209, 2.4484442366531445, 5.167188417311681, 3.930858762408031, 4.119180891876442, 4.632519476483612, 3.8621883589488486, 4.191118391312753, 6.140955005534562, 5.940773730752586, 6.184864618566845], [2.1435287401852112, 1.0981221471220766, 2.1702191801751267, 3.4813713648503515, 2.622601115305185, 2.781901130522075, 4.170947886272376, 2.509943929652613, 3.0679930247639096, 2.455264264799209, 0.0, 1.7408639780293003, 4.313621458820882, 3.8990626822353085, 3.7125674067954644, 2.3556870696253354, 3.1932436189554974, 2.500289315259336, 4.347741060596871, 4.804522416432251, 4.804759167741917], [2.1439933791875383, 1.0983714034879095, 2.168597671307428, 2.778446690149012, 2.5867144295418467, 3.494261170834258, 4.7315115090211926, 3.067964892237198, 2.5179538895698625, 2.4484442366531445, 1.7408639780293003, 0.0, 3.7138528915399975, 3.2916771940759926, 2.5019885611249304, 2.8575186333600695, 3.853262272412819, 3.7092607632788503, 4.878127528058282, 5.033444611794193, 5.60558018852643], [4.170035120955218, 3.490164070641952, 2.183314741396668, 1.0955743470892334, 2.5761951867046102, 2.872936283665198, 2.853618548439858, 4.4815527019103545, 3.8801171026143013, 5.167188417311681, 4.313621458820882, 3.7138528915399975, 0.0, 1.7758345333954964, 1.7478220103889297, 3.4824783847139673, 3.2640076623684573, 3.860019654095041, 3.062704043814877, 2.3333490908991736, 3.8837701232179023], [2.917817461734027, 2.903974622823003, 2.19081092977007, 1.0942593568254282, 3.3480573964614164, 2.777460512770614, 3.4013200422777037, 3.1859279731343584, 2.3658709094115853, 3.930858762408031, 3.8990626822353085, 3.2916771940759926, 1.7758345333954964, 0.0, 1.776524885837516, 4.102414158760668, 2.5927765522697865, 3.779866190753318, 4.035689974465333, 2.9907388334657377, 4.236406805300926], [3.331523250706799, 2.712508576944965, 2.1755691715043217, 1.0962889628195658, 2.6872089051653574, 3.5007929287519985, 4.125778568949138, 4.029703693821668, 2.9157121308524268, 4.119180891876442, 3.7125674067954644, 2.5019885611249304, 1.7478220103889297, 1.776524885837516, 0.0, 3.5744523860306208, 3.7876560905129706, 4.318613574979822, 4.334486961567655, 3.867612635722455, 5.158062687676449], [3.9957551939527023, 2.5539403399453167, 1.9651505489402077, 3.2301094733770244, 0.9725530011264168, 2.553261054024833, 3.143532843792156, 4.274499390571954, 4.573250468758518, 4.632519476483612, 2.3556870696253354, 2.8575186333600695, 3.4824783847139673, 4.102414158760668, 3.5744523860306208, 0.0, 3.565720277868134, 2.4118966209188986, 2.7336154008931106, 3.829348881990253, 3.9503214666657196], [2.8566963244279218, 2.8407503903018303, 2.182615783870354, 2.8076807386168396, 3.3731390276714066, 1.0957935343850138, 2.1399638361430315, 2.2987344387727786, 3.152522959472302, 3.8621883589488486, 3.1932436189554974, 3.853262272412819, 3.2640076623684573, 2.5927765522697865, 3.7876560905129706, 3.565720277868134, 0.0, 1.7638516632642327, 3.0653515524324453, 2.489095530509024, 2.4673402744656037], [3.3968483775405693, 2.7267181537518685, 2.16640683852318, 3.486758193508692, 2.6986926260691493, 1.0975963283466286, 2.126853941858726, 3.011684331067916, 4.083016147408678, 4.191118391312753, 2.500289315259336, 3.7092607632788503, 3.860019654095041, 3.779866190753318, 4.318613574979822, 2.4118966209188986, 1.7638516632642327, 0.0, 2.503399726372119, 3.0541137192318164, 2.4240234858598213], [5.182499625663276, 4.229499225676723, 2.8390018245855355, 3.4628237509292905, 2.615113049181622, 2.179479178611257, 1.0941384281707685, 5.030056305847879, 5.4926107426250415, 6.140955005534562, 4.347741060596871, 4.878127528058282, 3.062704043814877, 4.035689974465333, 4.334486961567655, 2.7336154008931106, 3.0653515524324453, 2.503399726372119, 0.0, 1.7765622477132625, 1.768011190575444], [4.864647630610052, 4.336558933071243, 2.891923342690812, 2.833669968433163, 3.3584304518628936, 2.178608920848347, 1.093768302704005, 4.640164206146157, 4.865203503451834, 5.940773730752586, 4.804522416432251, 5.033444611794193, 2.3333490908991736, 2.9907388334657377, 3.867612635722455, 3.829348881990253, 2.489095530509024, 3.0541137192318164, 1.7765622477132625, 0.0, 1.7650898532369392], [5.20377278712282, 4.706134283039531, 3.5166836152830125, 4.1049008830908456, 3.9095038265744155, 2.158744913138187, 1.0950814627232077, 4.699102447276501, 5.517151016602681, 6.184864618566845, 4.804759167741917, 5.60558018852643, 3.8837701232179023, 4.236406805300926, 5.158062687676449, 3.9503214666657196, 2.4673402744656037, 2.4240234858598213, 1.768011190575444, 1.7650898532369392, 0.0]]}