{"total energy": -43.01786331, "HOMO-LUMO gap/eV": 4.07267808, "electronic energy": -43.60668186, "dipole": [0.16855132, 0.31874025, 0.24114799], "partial charges": [0.13756648, -0.38986256, -0.09650106, 0.14058846, -0.3958127, -0.08520108, -0.04249927, -0.01527376, -0.05550122, -0.05383431, -0.0577914, -0.0571491, -0.05107392, -0.09908826, 0.29899008, 0.04413637, 0.29877301, 0.02686181, 0.03920519, 0.03274673, 0.04570505, 0.03927724, 0.02890326, 0.03187039, 0.03016074, 0.02643086, 0.02887463, 0.02651782, 0.02825121, 0.03304663, 0.03271784, 0.02896484], "atomic dipole moments": [[-0.0359117, -0.1508241, -0.18327832], [0.12739797, 0.14902281, 0.05417107], [-0.00727504, 0.00574011, 0.01967788], [0.18591465, 0.15431301, -0.01845972], [-0.14933577, -0.05356403, 0.12598379], [0.01945662, 0.00430012, -0.01893064], [0.00252602, -0.00562596, -0.00730207], [-0.03430363, -0.05368179, -0.03197847], [-0.02010539, 0.08863539, -0.06148013], [0.04115764, 0.05299827, 0.09384983], [-0.03823166, -0.06179398, -0.08787761], [0.04016312, 0.06602062, 0.07702723], [0.00945683, -0.0861943, 0.06875939], [0.03535947, 0.0004939, -0.09485862], [0.05936895, 0.02031557, -0.05210657], [0.09662426, 0.00946251, -0.12083142], [-0.00537177, 0.03991243, 0.07015438], [0.01608851, 0.0910347, 0.11935886], [-0.08654941, 0.00392106, 0.12437092], [-0.03063865, -0.02156275, 0.11797617], [0.0369637, -0.11526226, -0.03060203], [0.02830629, 0.01354904, -0.12369619], [-0.0783306, -0.09298205, 0.00186605], [-0.02667936, -0.01431717, 0.12008208], [0.0774304, 0.09859649, -0.00762078], [0.02440406, 0.00643372, -0.11933397], [-0.08095221, -0.0932793, 0.00926075], [-0.09143425, 0.02219088, -0.07564812], [0.07717576, 0.09583438, -0.01495282], [0.09174869, -0.00495071, 0.08618513], [-0.08056829, -0.09490078, 0.02053422], [-0.06176549, 0.10576924, 0.02085488]], "atomic quadrupole moments": [[-0.17814926, -0.24133479, 0.14706506, 0.29241731, 0.08716428, 0.0310842], [-0.03806691, 0.03363296, 0.01116989, 0.0138669, 0.07319536, 0.02689702], [-0.00146581, -0.21641771, 0.09706655, 0.18899297, -0.13043539, -0.09560075], [0.18357694, 0.00941972, 0.15372412, 0.1815024, -0.24504289, -0.33730106], [0.03538498, 0.08136152, 0.00361924, -0.02072631, 0.00126802, -0.03900422], [0.03378891, -0.23936185, 0.06962348, 0.15105846, -0.19081804, -0.1034124], [0.03522116, -0.29981197, 0.09895013, 0.19673809, -0.23581221, -0.13417129], [0.06875122, -0.15569206, 0.10730912, 0.15735787, -0.2133963, -0.17606035], [0.13209452, 0.07064333, -0.05443094, 0.11601092, -0.03055068, -0.07766359], [0.0559406, -0.17939438, 0.02644955, 0.1082995, 0.05268558, -0.08239015], [0.06312348, -0.16975747, 0.01606532, 0.10572172, 0.08347426, -0.07918879], [0.05260983, -0.17175683, 0.04266844, 0.10215015, 0.05194417, -0.09527827], [-0.11846131, -0.12015682, 0.02339847, -0.1327432, 0.06257145, 0.09506284], [-0.07665039, -0.01254769, -0.10507092, -0.11512652, -0.0041542, 0.18172131], [0.01100538, 0.02627154, -0.06244733, -0.09632112, 0.00206071, 0.05144195], [-0.00540808, 0.02443907, -0.01609188, -0.02756211, 0.02271793, 0.02149996], [-0.05780569, 0.03031198, 0.00153809, 0.00582993, 0.09692664, 0.0562676], [-0.0042468, 0.042358, -0.00452328, -0.01544232, 0.03117694, 0.00877008], [-0.00033453, 0.04521726, -0.01055806, -0.02401721, 0.02735794, 0.01089258], [-0.00960345, 0.00946951, -0.04576707, -0.02357787, 0.01219754, 0.05537052], [-0.00594537, -0.02154519, 0.02996778, -0.01073058, 0.04077174, -0.02402241], [-0.01589216, -0.00452203, -0.02057395, -0.0326034, -0.0214008, 0.03646612], [0.0209714, 0.03422583, 0.02386567, -0.00557692, -0.01235118, -0.04483707], [-0.01784278, -0.00365017, -0.02754445, -0.02676873, -0.01688319, 0.04538723], [0.0114991, 0.03800831, 0.02049525, -0.00938512, -0.01320804, -0.03199435], [-0.01592778, -0.01315206, -0.03160006, -0.02762198, -0.01310062, 0.04752784], [0.01533421, 0.03582642, 0.01952442, -0.01019376, -0.02328825, -0.03485863], [0.02808361, -0.01898606, -0.03843617, 0.03634124, 0.00926749, 0.01035257], [0.0152838, 0.04590064, 0.00910851, -0.01231245, 0.00943924, -0.02439231], [0.0446543, -0.00920101, -0.05201969, 0.04999067, -0.00973965, 0.00736539], [-0.00411228, 0.06430289, 0.03318098, -0.00716172, -0.00215183, -0.0290687], [-0.02266817, -0.05788999, 0.04922077, -0.01110962, 0.00778399, -0.0265526]], "number of molecular orbitals": 74, "number of electrons": 78, "number of unpaired electrons": 0, "orbital energies/eV": [-19.25500626, -19.17572933, -17.71844356, -17.26443847, -16.91824468, -16.81140532, -16.66972791, -16.42467493, -16.32732807, -16.00880283, -15.61564372, -15.39605257, -15.091895, -14.87417302, -14.80025876, -14.3859052, -14.29608658, -14.04636072, -13.87352853, -13.78784818, -13.69316189, -13.44595399, -13.35756263, -13.111382, -13.04597795, -12.8420159, -12.63680239, -12.45332228, -12.28921148, -12.03227454, -11.89508785, -11.80531146, -11.6404428, -11.48873078, -11.34370398, -11.29001217, -11.18628373, -10.57400753, -10.04915442, -5.97647634, -5.62443752, -2.42855735, 1.44600251, 1.83774736, 2.11897735, 2.48002416, 2.88407492, 3.00672032, 3.40224558, 3.62785703, 3.82873092, 4.00518431, 4.19392516, 4.34880752, 4.53542735, 4.84812102, 4.91160896, 5.07705988, 5.29639935, 5.37418671, 5.77630599, 5.94291233, 6.68297964, 7.06964897, 7.09755627, 7.42534264, 8.00604457, 8.43734114, 10.30717536, 10.89855851, 11.96951957, 12.56775279, 16.72444372, 17.4119283], "fractional occupation": [2.0, 2.0, 2.0, 2.0, 2.0, 2.0, 2.0, 2.0, 2.0, 2.0, 2.0, 2.0, 2.0, 2.0, 2.0, 2.0, 2.0, 2.0, 2.0, 2.0, 2.0, 2.0, 2.0, 2.0, 2.0, 2.0, 2.0, 2.0, 2.0, 2.0, 2.0, 2.0, 2.0, 2.0, 2.0, 2.0, 2.0, 2.0, 2.0, 0.0, 0.0, 0.0, 0.0, 0.0, 0.0, 0.0, 0.0, 0.0, 0.0, 0.0, 0.0, 0.0, 0.0, 0.0, 0.0, 0.0, 0.0, 0.0, 0.0, 0.0, 0.0, 0.0, 0.0, 0.0, 0.0, 0.0, 0.0, 0.0, 0.0, 0.0, 0.0, 0.0, 0.0, 0.0], "program call": "xtb /home/svss/Project-DBcg-Debug/aqme2_20220329/End-to-End-workflows-final/example-3/QDESCP/mol_848_rdkit_conf_15/mol_848_rdkit_conf_15.xyz --pop --wbo --acc 0.2 --gfn 2 --chrg 0 --uhf 0 --etemp 300 --input /home/svss/Project-DBcg-Debug/aqme2_20220329/End-to-End-workflows-final/example-3/QDESCP/mol_848_rdkit_conf_15/mol_848_rdkit_conf_15_xtb.inp", "method": "GFN2-xTB", "xtb version": "6.3.3 (7355c4f)", "Dipole module/D": 1.103, "Total charge": 0, "Transition dipole module/D": NaN, "HOMO": -10.0492, "LUMO": -5.9765, "HOMO occupancy": 2.0, "LUMO occupancy": 0, "mulliken charges": [0.25275, -0.51833, -0.13885, 0.26363, -0.51982, -0.11769, -0.03001, -0.04723, -0.03344, -0.04078, -0.04876, -0.0465, -0.03865, -0.0848, 0.35249, 0.05002, 0.35111, 0.03177, 0.03259, 0.02247, 0.03991, 0.0322, 0.02317, 0.02123, 0.02112, 0.02367, 0.02217, 0.02262, 0.0219, 0.02622, 0.02668, 0.02713], "cm5 charges": [0.26636, -0.71805, -0.18563, 0.27521, -0.71704, -0.16966, -0.08331, -0.05782, -0.13574, -0.14973, -0.15911, -0.15709, -0.15105, -0.23525, 0.52363, 0.11132, 0.52203, 0.08973, 0.08892, 0.07836, 0.09765, 0.08978, 0.07818, 0.07738, 0.07771, 0.0786, 0.07735, 0.07683, 0.0765, 0.07796, 0.07809, 0.07791], "FUKUI+": [-0.052, -0.06, -0.072, -0.056, -0.058, -0.04, -0.085, -0.065, 0.016, 0.009, 0.003, 0.004, 0.003, 0.005, -0.043, -0.093, -0.046, -0.089, -0.101, -0.039, -0.043, -0.013, -0.037, -0.009, 0.014, -0.006, -0.014, -0.015, 0.0, 0.006, -0.009, -0.013], "FUKUI-": [-0.028, -0.057, -0.015, -0.038, -0.078, -0.038, -0.014, -0.052, 0.005, -0.0, -0.002, 0.001, 0.002, 0.013, -0.038, -0.05, -0.04, -0.056, -0.048, -0.041, -0.062, -0.027, -0.039, -0.028, -0.013, -0.026, -0.03, -0.067, -0.029, -0.036, -0.029, -0.04], "FUKUIrad": [-0.04, -0.059, -0.043, -0.047, -0.068, -0.039, -0.05, -0.059, 0.01, 0.004, 0.001, 0.002, 0.003, 0.009, -0.04, -0.071, -0.043, -0.073, -0.075, -0.04, -0.053, -0.02, -0.038, -0.019, 0.001, -0.016, -0.022, -0.041, -0.014, -0.015, -0.019, -0.027], "s proportion": [1.021, 1.693, 1.054, 1.014, 1.692, 1.055, 1.064, 1.079, 1.026, 1.032, 1.031, 1.032, 1.027, 1.007, 0.648, 0.95, 0.649, 0.968, 0.967, 0.978, 0.96, 0.968, 0.977, 0.979, 0.979, 0.976, 0.978, 0.977, 0.978, 0.974, 0.973, 0.973], "p proportion": [2.727, 4.826, 3.085, 2.722, 4.828, 3.063, 2.966, 2.968, 3.007, 3.008, 3.017, 3.015, 3.012, 3.078, 0.0, 0.0, 0.0, 0.0, 0.0, 0.0, 0.0, 0.0, 0.0, 0.0, 0.0, 0.0, 0.0, 0.0, 0.0, 0.0, 0.0, 0.0], "d proportion": [0.0, 0.0, 0.0, 0.0, 0.0, 0.0, 0.0, 0.0, 0.0, 0.0, 0.0, 0.0, 0.0, 0.0, 0.0, 0.0, 0.0, 0.0, 0.0, 0.0, 0.0, 0.0, 0.0, 0.0, 0.0, 0.0, 0.0, 0.0, 0.0, 0.0, 0.0, 0.0], "Fermi-level/eV": -8.0128, "Coordination numbers": [2.846, 1.658, 2.911, 2.845, 1.659, 2.909, 2.917, 2.96, 3.804, 3.8, 3.8, 3.801, 3.799, 3.749, 0.804, 0.925, 0.804, 0.925, 0.925, 0.924, 0.924, 0.924, 0.924, 0.924, 0.924, 0.924, 0.924, 0.924, 0.924, 0.924, 0.924, 0.924], "Dispersion coefficient C6": [24.993, 20.653, 30.427, 24.931, 20.767, 30.133, 29.056, 28.391, 21.569, 21.542, 21.615, 21.602, 21.492, 22.457, 0.724, 2.394, 0.725, 2.631, 2.459, 2.548, 2.374, 2.459, 2.602, 2.56, 2.584, 2.638, 2.603, 2.637, 2.612, 2.544, 2.548, 2.601], "Total dispersion C6": 9180.100038, "Total dispersion C8": 207553.070831, "Polarizability alpha": [8.193, 6.135, 9.045, 8.183, 6.152, 9.001, 8.839, 8.74, 6.612, 6.608, 6.62, 6.617, 6.601, 6.759, 1.337, 2.42, 1.337, 2.537, 2.452, 2.496, 2.41, 2.452, 2.523, 2.502, 2.514, 2.54, 2.523, 2.539, 2.527, 2.494, 2.496, 2.522], "Total polarizability alpha": 146.727201, "Wiberg matrix": [[0.0, 1.0695439465763679, 1.3865397305268576, 0.0, 0.0, 0.0, 0.0, 1.3378951592204926, 0.0, 0.0, 0.0, 0.0, 0.0, 0.0, 0.0, 0.0, 0.0, 0.0, 0.0, 0.0, 0.0, 0.0, 0.0, 0.0, 0.0, 0.0, 0.0, 0.0, 0.0, 0.0, 0.0, 0.0], [1.0695439465763679, 0.0, 0.0, 0.0, 0.0, 0.0, 0.0, 0.0, 0.0, 0.0, 0.0, 0.0, 0.0, 0.0, 0.8888627653679739, 0.0, 0.0, 0.0, 0.0, 0.0, 0.0, 0.0, 0.0, 0.0, 0.0, 0.0, 0.0, 0.0, 0.0, 0.0, 0.0, 0.0], [1.3865397305268576, 0.0, 0.0, 1.3735384900015954, 0.0, 0.0, 0.10187648065337168, 0.0, 0.0, 0.0, 0.0, 0.0, 0.0, 0.0, 0.0, 0.9631397518979404, 0.0, 0.0, 0.0, 0.0, 0.0, 0.0, 0.0, 0.0, 0.0, 0.0, 0.0, 0.0, 0.0, 0.0, 0.0, 0.0], [0.0, 0.0, 1.3735384900015954, 0.0, 1.0656117372461043, 1.3727314697653736, 0.0, 0.0, 0.0, 0.0, 0.0, 0.0, 0.0, 0.0, 0.0, 0.0, 0.0, 0.0, 0.0, 0.0, 0.0, 0.0, 0.0, 0.0, 0.0, 0.0, 0.0, 0.0, 0.0, 0.0, 0.0, 0.0], [0.0, 0.0, 0.0, 1.0656117372461043, 0.0, 0.0, 0.0, 0.0, 0.0, 0.0, 0.0, 0.0, 0.0, 0.0, 0.0, 0.0, 0.8895844277796208, 0.0, 0.0, 0.0, 0.0, 0.0, 0.0, 0.0, 0.0, 0.0, 0.0, 0.0, 0.0, 0.0, 0.0, 0.0], [0.0, 0.0, 0.0, 1.3727314697653736, 0.0, 0.0, 1.4364534175901256, 0.0, 0.0, 0.0, 0.0, 0.0, 0.0, 0.0, 0.0, 0.0, 0.0, 0.9665069977832192, 0.0, 0.0, 0.0, 0.0, 0.0, 0.0, 0.0, 0.0, 0.0, 0.0, 0.0, 0.0, 0.0, 0.0], [0.0, 0.0, 0.10187648065337168, 0.0, 0.0, 1.4364534175901256, 0.0, 1.4200464812079467, 0.0, 0.0, 0.0, 0.0, 0.0, 0.0, 0.0, 0.0, 0.0, 0.0, 0.9695790355443723, 0.0, 0.0, 0.0, 0.0, 0.0, 0.0, 0.0, 0.0, 0.0, 0.0, 0.0, 0.0, 0.0], [1.3378951592204926, 0.0, 0.0, 0.0, 0.0, 0.0, 1.4200464812079467, 0.0, 1.0127221775274686, 0.0, 0.0, 0.0, 0.0, 0.0, 0.0, 0.0, 0.0, 0.0, 0.0, 0.0, 0.0, 0.0, 0.0, 0.0, 0.0, 0.0, 0.0, 0.0, 0.0, 0.0, 0.0, 0.0], [0.0, 0.0, 0.0, 0.0, 0.0, 0.0, 0.0, 1.0127221775274686, 0.0, 0.9913526331405604, 0.0, 0.0, 0.0, 0.0, 0.0, 0.0, 0.0, 0.0, 0.0, 0.9745791514086174, 0.9669544832919235, 0.0, 0.0, 0.0, 0.0, 0.0, 0.0, 0.0, 0.0, 0.0, 0.0, 0.0], [0.0, 0.0, 0.0, 0.0, 0.0, 0.0, 0.0, 0.0, 0.9913526331405604, 0.0, 1.0074400795112406, 0.0, 0.0, 0.0, 0.0, 0.0, 0.0, 0.0, 0.0, 0.0, 0.0, 0.9766749263358452, 0.9763489091562575, 0.0, 0.0, 0.0, 0.0, 0.0, 0.0, 0.0, 0.0, 0.0], [0.0, 0.0, 0.0, 0.0, 0.0, 0.0, 0.0, 0.0, 0.0, 1.0074400795112406, 0.0, 1.007624201406664, 0.0, 0.0, 0.0, 0.0, 0.0, 0.0, 0.0, 0.0, 0.0, 0.0, 0.0, 0.9755318965345477, 0.9770548382075042, 0.0, 0.0, 0.0, 0.0, 0.0, 0.0, 0.0], [0.0, 0.0, 0.0, 0.0, 0.0, 0.0, 0.0, 0.0, 0.0, 0.0, 1.007624201406664, 0.0, 1.0068747724682543, 0.0, 0.0, 0.0, 0.0, 0.0, 0.0, 0.0, 0.0, 0.0, 0.0, 0.0, 0.0, 0.9772875859629138, 0.9771772535815694, 0.0, 0.0, 0.0, 0.0, 0.0], [0.0, 0.0, 0.0, 0.0, 0.0, 0.0, 0.0, 0.0, 0.0, 0.0, 0.0, 1.0068747724682543, 0.0, 1.020952931409652, 0.0, 0.0, 0.0, 0.0, 0.0, 0.0, 0.0, 0.0, 0.0, 0.0, 0.0, 0.0, 0.0, 0.9781595746057938, 0.9778751298646489, 0.0, 0.0, 0.0], [0.0, 0.0, 0.0, 0.0, 0.0, 0.0, 0.0, 0.0, 0.0, 0.0, 0.0, 0.0, 1.020952931409652, 0.0, 0.0, 0.0, 0.0, 0.0, 0.0, 0.0, 0.0, 0.0, 0.0, 0.0, 0.0, 0.0, 0.0, 0.0, 0.0, 0.9861710108730044, 0.9874347646663276, 0.987433479469975], [0.0, 0.8888627653679739, 0.0, 0.0, 0.0, 0.0, 0.0, 0.0, 0.0, 0.0, 0.0, 0.0, 0.0, 0.0, 0.0, 0.0, 0.0, 0.0, 0.0, 0.0, 0.0, 0.0, 0.0, 0.0, 0.0, 0.0, 0.0, 0.0, 0.0, 0.0, 0.0, 0.0], [0.0, 0.0, 0.9631397518979404, 0.0, 0.0, 0.0, 0.0, 0.0, 0.0, 0.0, 0.0, 0.0, 0.0, 0.0, 0.0, 0.0, 0.0, 0.0, 0.0, 0.0, 0.0, 0.0, 0.0, 0.0, 0.0, 0.0, 0.0, 0.0, 0.0, 0.0, 0.0, 0.0], [0.0, 0.0, 0.0, 0.0, 0.8895844277796208, 0.0, 0.0, 0.0, 0.0, 0.0, 0.0, 0.0, 0.0, 0.0, 0.0, 0.0, 0.0, 0.0, 0.0, 0.0, 0.0, 0.0, 0.0, 0.0, 0.0, 0.0, 0.0, 0.0, 0.0, 0.0, 0.0, 0.0], [0.0, 0.0, 0.0, 0.0, 0.0, 0.9665069977832192, 0.0, 0.0, 0.0, 0.0, 0.0, 0.0, 0.0, 0.0, 0.0, 0.0, 0.0, 0.0, 0.0, 0.0, 0.0, 0.0, 0.0, 0.0, 0.0, 0.0, 0.0, 0.0, 0.0, 0.0, 0.0, 0.0], [0.0, 0.0, 0.0, 0.0, 0.0, 0.0, 0.9695790355443723, 0.0, 0.0, 0.0, 0.0, 0.0, 0.0, 0.0, 0.0, 0.0, 0.0, 0.0, 0.0, 0.0, 0.0, 0.0, 0.0, 0.0, 0.0, 0.0, 0.0, 0.0, 0.0, 0.0, 0.0, 0.0], [0.0, 0.0, 0.0, 0.0, 0.0, 0.0, 0.0, 0.0, 0.9745791514086174, 0.0, 0.0, 0.0, 0.0, 0.0, 0.0, 0.0, 0.0, 0.0, 0.0, 0.0, 0.0, 0.0, 0.0, 0.0, 0.0, 0.0, 0.0, 0.0, 0.0, 0.0, 0.0, 0.0], [0.0, 0.0, 0.0, 0.0, 0.0, 0.0, 0.0, 0.0, 0.9669544832919235, 0.0, 0.0, 0.0, 0.0, 0.0, 0.0, 0.0, 0.0, 0.0, 0.0, 0.0, 0.0, 0.0, 0.0, 0.0, 0.0, 0.0, 0.0, 0.0, 0.0, 0.0, 0.0, 0.0], [0.0, 0.0, 0.0, 0.0, 0.0, 0.0, 0.0, 0.0, 0.0, 0.9766749263358452, 0.0, 0.0, 0.0, 0.0, 0.0, 0.0, 0.0, 0.0, 0.0, 0.0, 0.0, 0.0, 0.0, 0.0, 0.0, 0.0, 0.0, 0.0, 0.0, 0.0, 0.0, 0.0], [0.0, 0.0, 0.0, 0.0, 0.0, 0.0, 0.0, 0.0, 0.0, 0.9763489091562575, 0.0, 0.0, 0.0, 0.0, 0.0, 0.0, 0.0, 0.0, 0.0, 0.0, 0.0, 0.0, 0.0, 0.0, 0.0, 0.0, 0.0, 0.0, 0.0, 0.0, 0.0, 0.0], [0.0, 0.0, 0.0, 0.0, 0.0, 0.0, 0.0, 0.0, 0.0, 0.0, 0.9755318965345477, 0.0, 0.0, 0.0, 0.0, 0.0, 0.0, 0.0, 0.0, 0.0, 0.0, 0.0, 0.0, 0.0, 0.0, 0.0, 0.0, 0.0, 0.0, 0.0, 0.0, 0.0], [0.0, 0.0, 0.0, 0.0, 0.0, 0.0, 0.0, 0.0, 0.0, 0.0, 0.9770548382075042, 0.0, 0.0, 0.0, 0.0, 0.0, 0.0, 0.0, 0.0, 0.0, 0.0, 0.0, 0.0, 0.0, 0.0, 0.0, 0.0, 0.0, 0.0, 0.0, 0.0, 0.0], [0.0, 0.0, 0.0, 0.0, 0.0, 0.0, 0.0, 0.0, 0.0, 0.0, 0.0, 0.9772875859629138, 0.0, 0.0, 0.0, 0.0, 0.0, 0.0, 0.0, 0.0, 0.0, 0.0, 0.0, 0.0, 0.0, 0.0, 0.0, 0.0, 0.0, 0.0, 0.0, 0.0], [0.0, 0.0, 0.0, 0.0, 0.0, 0.0, 0.0, 0.0, 0.0, 0.0, 0.0, 0.9771772535815694, 0.0, 0.0, 0.0, 0.0, 0.0, 0.0, 0.0, 0.0, 0.0, 0.0, 0.0, 0.0, 0.0, 0.0, 0.0, 0.0, 0.0, 0.0, 0.0, 0.0], [0.0, 0.0, 0.0, 0.0, 0.0, 0.0, 0.0, 0.0, 0.0, 0.0, 0.0, 0.0, 0.9781595746057938, 0.0, 0.0, 0.0, 0.0, 0.0, 0.0, 0.0, 0.0, 0.0, 0.0, 0.0, 0.0, 0.0, 0.0, 0.0, 0.0, 0.0, 0.0, 0.0], [0.0, 0.0, 0.0, 0.0, 0.0, 0.0, 0.0, 0.0, 0.0, 0.0, 0.0, 0.0, 0.9778751298646489, 0.0, 0.0, 0.0, 0.0, 0.0, 0.0, 0.0, 0.0, 0.0, 0.0, 0.0, 0.0, 0.0, 0.0, 0.0, 0.0, 0.0, 0.0, 0.0], [0.0, 0.0, 0.0, 0.0, 0.0, 0.0, 0.0, 0.0, 0.0, 0.0, 0.0, 0.0, 0.0, 0.9861710108730044, 0.0, 0.0, 0.0, 0.0, 0.0, 0.0, 0.0, 0.0, 0.0, 0.0, 0.0, 0.0, 0.0, 0.0, 0.0, 0.0, 0.0, 0.0], [0.0, 0.0, 0.0, 0.0, 0.0, 0.0, 0.0, 0.0, 0.0, 0.0, 0.0, 0.0, 0.0, 0.9874347646663276, 0.0, 0.0, 0.0, 0.0, 0.0, 0.0, 0.0, 0.0, 0.0, 0.0, 0.0, 0.0, 0.0, 0.0, 0.0, 0.0, 0.0, 0.0], [0.0, 0.0, 0.0, 0.0, 0.0, 0.0, 0.0, 0.0, 0.0, 0.0, 0.0, 0.0, 0.0, 0.987433479469975, 0.0, 0.0, 0.0, 0.0, 0.0, 0.0, 0.0, 0.0, 0.0, 0.0, 0.0, 0.0, 0.0, 0.0, 0.0, 0.0, 0.0, 0.0]], "Born radii": [], "Atomic SASAs": [], "Solvent H bonds": [], "Total SASA": NaN, "Total FOD": 0.0, "FOD": [0.0, 0.0, 0.0, 0.0, 0.0, 0.0, 0.0, 0.0, 0.0, 0.0, 0.0, 0.0, 0.0, 0.0, 0.0, 0.0, 0.0, 0.0, 0.0, 0.0, 0.0, 0.0, 0.0, 0.0, 0.0, 0.0, 0.0, 0.0, 0.0, 0.0, 0.0, 0.0], "FOD s proportion": [0.0, 0.0, 0.0, 0.0, 0.0, 0.0, 0.0, 0.0, 0.0, 0.0, 0.0, 0.0, 0.0, 0.0, 0.0, 0.0, 0.0, 0.0, 0.0, 0.0, 0.0, 0.0, 0.0, 0.0, 0.0, 0.0, 0.0, 0.0, 0.0, 0.0, 0.0, 0.0], "FOD p proportion": [0.0, 0.0, 0.0, 0.0, 0.0, 0.0, 0.0, 0.0, 0.0, 0.0, 0.0, 0.0, 0.0, 0.0, 0.0, 0.0, 0.0, 0.0, 0.0, 0.0, 0.0, 0.0, 0.0, 0.0, 0.0, 0.0, 0.0, 0.0, 0.0, 0.0, 0.0, 0.0], "FOD d proportion": [0.0, 0.0, 0.0, 0.0, 0.0, 0.0, 0.0, 0.0, 0.0, 0.0, 0.0, 0.0, 0.0, 0.0, 0.0, 0.0, 0.0, 0.0, 0.0, 0.0, 0.0, 0.0, 0.0, 0.0, 0.0, 0.0, 0.0, 0.0, 0.0, 0.0, 0.0, 0.0], "coordinates": [["2.47700", "-0.92440", "-0.94890"], ["2.23660", "-1.79960", "-1.97120"], ["3.53970", "-0.02640", "-1.03530"], ["3.77320", "0.85350", "0.01470"], ["4.82140", "1.71860", "-0.10380"], ["2.96360", "0.84860", "1.14540"], ["1.90090", "-0.05450", "1.22410"], ["1.64340", "-0.95330", "0.17610"], ["0.48200", "-1.91360", "0.27730"], ["-0.73920", "-1.50490", "-0.55510"], ["-1.42170", "-0.23330", "-0.03930"], ["-2.69170", "0.07360", "-0.83730"], ["-3.35340", "1.39450", "-0.43870"], ["-3.89210", "1.39930", "0.98350"], ["2.89790", "-1.65040", "-2.66670"], ["4.18970", "0.00140", "-1.90320"], ["4.86190", "2.26610", "0.69760"], ["3.13950", "1.53330", "1.96880"], ["1.26760", "-0.05210", "2.10870"], ["0.18730", "-2.03380", "1.32780"], ["0.82070", "-2.90740", "-0.04250"], ["-0.45780", "-1.36930", "-1.60620"], ["-1.46150", "-2.33050", "-0.52630"], ["-1.66750", "-0.36280", "1.02060"], ["-0.73560", "0.61770", "-0.11570"], ["-2.44120", "0.12460", "-1.90420"], ["-3.41000", "-0.74710", "-0.72030"], ["-4.18540", "1.58710", "-1.12670"], ["-2.64290", "2.22010", "-0.56230"], ["-3.08490", "1.33200", "1.71870"], ["-4.58030", "0.56380", "1.14620"], ["-4.43710", "2.32920", "1.17520"]], "bond_dist": [[0.0, 1.367064186496011, 1.393987177128972, 2.4019966298893927, 3.6326098565631844, 2.7868263401223983, 2.410507461096107, 1.400481763537105, 2.5420676780919895, 3.291808185481043, 4.062616528790282, 5.265350724310774, 6.2953288563823255, 7.049764979061358, 1.9118236451095587, 2.1682101881505864, 4.310220471159219, 3.8719722145180744, 3.401833830450864, 3.414214014967427, 2.7380978160029272, 3.040235244187528, 4.203271371206004, 4.622900070302191, 3.6596575536517073, 5.118758670810727, 5.8941040243619724, 7.122276240781454, 6.020856734718074, 6.5682693557740155, 7.510636893100345, 7.931109164549432], [1.367064186496011, 0.0, 2.391279293599976, 3.652927316550386, 4.748273901113961, 4.153876237925247, 3.6562290122474552, 2.383066767843486, 2.8543597197970687, 3.3087116737485607, 4.423651454398279, 5.392842324785697, 6.618076084482559, 7.518256246630598, 0.9712355944877638, 2.6575975259621236, 5.526717834302743, 5.238993302152619, 4.542939715646687, 3.8907430048770895, 2.636641299077294, 2.7528484248138327, 4.005687759923382, 5.1241836705957375, 4.256781927700784, 5.058542031059937, 5.878486082317454, 7.309240804625334, 6.477075539933127, 7.193096886598984, 7.859641717661181, 8.454885811765882], [1.393987177128972, 2.391279293599976, 0.0, 1.3896928653483116, 2.3570049087772387, 2.4192909498446027, 2.7912978003072335, 2.433636632696015, 3.825437476942996, 4.552531109174324, 5.064613861885227, 6.235346819544202, 7.063265249160618, 7.831974538390686, 2.389717389148767, 1.0846765646956702, 3.163338663500954, 3.408436729646012, 3.879153889703269, 4.566451809665793, 4.083965455289748, 4.2555039031823245, 5.5299149405754875, 5.608459825121332, 4.420262329319381, 6.045573010062818, 6.994066312239254, 7.892332115414302, 6.595076497660964, 7.30171840870353, 8.428622561842475, 8.606073428108779], [2.4019966298893927, 3.652927316550386, 1.3896928653483116, 0.0, 1.3642446628079579, 1.3906684220187069, 2.40678616623912, 2.7976104517963183, 4.307876345718387, 5.123326688783373, 5.3076394235102295, 6.5672734083484, 7.1614719241228615, 7.745533885407771, 3.7716801640648168, 2.1395997452794764, 1.9097274308130991, 2.1638416162002247, 3.388654411414655, 4.7874222406217735, 4.781725305786605, 5.046733364266434, 6.150822797805185, 5.66501871047219, 4.516844389615387, 6.54463442676518, 7.3959791508629875, 8.073430304399734, 6.585352213055882, 7.08280409583662, 8.43476025681821, 8.422201424212082], [3.6326098565631844, 4.748273901113961, 2.3570049087772387, 1.3642446628079579, 0.0, 2.401837105217587, 3.6655862109627155, 4.161379292974867, 5.671728696790776, 6.443205436737214, 6.541434970249265, 7.725976887099779, 8.188073879735086, 8.786879766447246, 4.649566609911078, 2.566254291764555, 0.9714105517236262, 2.6755923568436204, 4.545330480834149, 6.132280744551736, 6.116308868917592, 6.297799997618215, 7.486557918696682, 6.906686943100866, 5.665012923197969, 7.650335608324643, 8.61485314442446, 9.065652921880474, 7.495165040878019, 8.122840974683672, 9.55447674810086, 9.366349107843462], [2.7868263401223983, 4.153876237925247, 2.4192909498446027, 1.3906684220187069, 2.401837105217587, 0.0, 1.3968230346038828, 2.4350183038326425, 3.8133561346929037, 4.705463881489263, 4.669569336673351, 6.042693305141342, 6.535431785276319, 6.879687826493293, 4.558664705810244, 3.3933804693844754, 2.41109393844371, 1.0852384346308421, 2.148400190839686, 4.006162903577437, 4.484491366922229, 4.918979663507464, 5.699365553287489, 4.788543850691982, 3.915069432334502, 6.247887579014206, 6.830071151898785, 7.537640324398611, 6.019143941624923, 6.09480932433493, 7.549274063775934, 7.547411800743352], [2.410507461096107, 3.6562290122474552, 2.7912978003072335, 2.40678616623912, 3.6655862109627155, 1.3968230346038828, 0.0, 1.4044399915980748, 2.5230854642679073, 3.498476927178454, 3.5591880759521546, 5.035648352496429, 5.698436042459369, 5.977480388926425, 4.321947529760166, 3.8757883765757906, 3.7986718218345743, 2.1470484135202916, 1.0879300574945063, 2.620077697321207, 3.303051015349294, 3.9118745915481496, 4.421516699052487, 3.5874698186883744, 3.0328285691743275, 5.354640054195987, 5.697898290598034, 6.727864363228497, 5.3861998254799275, 5.198577983448936, 6.511091823957024, 6.771606965853822], [1.400481763537105, 2.383066767843486, 2.433636632696015, 2.7976104517963183, 4.161379292974867, 2.4350183038326425, 1.4044399915980748, 0.0, 1.5103865366190206, 2.5525866802128387, 3.1558889666780106, 4.56887241887974, 5.555011621950039, 6.068639202490126, 3.184529871111276, 3.4232417779058495, 4.582056400787751, 3.4110508732647187, 2.1652551443190244, 2.148050360210393, 2.131461484521829, 2.786519465211036, 3.468493853245238, 3.4675537933823035, 2.865803419636455, 4.708871803309154, 5.1364290085622715, 6.490441390229172, 5.384057002855746, 5.473484424020954, 6.478975853481783, 6.981796853962453], [2.5420676780919895, 2.8543597197970687, 3.825437476942996, 4.307876345718387, 5.671728696790776, 3.8133561346929037, 2.5230854642679073, 1.5103865366190206, 0.0, 1.5333802170368576, 2.558850785020494, 3.9068745423931905, 5.1153176607127735, 5.532339076737796, 3.817457668396599, 4.708380245901981, 6.068778146381692, 4.669539389490145, 2.726971868208398, 1.0976549457821434, 1.0975555430136554, 2.1741800247449614, 2.1440081203204433, 2.75278509513547, 2.8362789795787013, 4.178313024415475, 4.183729437953654, 6.000894870767192, 5.249514630896842, 5.033321858375441, 5.7025765457379, 6.557828989841074], [3.291808185481043, 3.3087116737485607, 4.552531109174324, 5.123326688783373, 6.443205436737214, 4.705463881489263, 3.498476927178454, 2.5525866802128387, 1.5333802170368576, 0.0, 1.5325868490888206, 2.5265698763343156, 3.9056511569775405, 4.554387555972812, 4.208149381854214, 5.327322827649926, 6.867460920893544, 5.535796612954634, 3.637815899684864, 2.1641279698760885, 2.1594103408106573, 1.09653295892098, 1.0973431960877142, 2.1561455864574635, 2.167606071222352, 2.7151694348603734, 2.781137270973873, 4.665135046276796, 4.183270315195995, 4.326716600379553, 4.682733239252478, 5.600778991354685], [4.062616528790282, 4.423651454398279, 5.064613861885227, 5.3076394235102295, 6.541434970249265, 4.669569336673351, 3.5591880759521546, 3.1558889666780106, 2.558850785020494, 1.5325868490888206, 0.0, 1.5309773381732337, 2.5574827643602998, 3.132790889925467, 5.250747311573848, 5.9175178292929544, 6.802473883081065, 5.287521783406665, 3.446602955084905, 2.77482317634836, 3.4898680218598526, 2.162122757847019, 2.1533696570723753, 1.0957079446640878, 1.0957970478149683, 2.1553015264690925, 2.163582291016452, 3.483436896227632, 2.7899874551689297, 2.8821801348978866, 3.4666313071914647, 4.139330097974792], [5.265350724310774, 5.392842324785697, 6.235346819544202, 6.5672734083484, 7.725976887099779, 6.042693305141342, 5.035648352496429, 4.56887241887974, 3.9068745423931905, 2.5265698763343156, 1.5309773381732337, 0.0, 1.5301979153037688, 2.552205573616671, 6.128826031141689, 6.963836701847625, 8.013728671473723, 6.633838612749032, 4.936676309016017, 4.173419912973052, 4.674935486185879, 2.76829854423254, 2.7184204696845553, 2.1659231311383143, 2.154780401804323, 1.0970992935919701, 1.0969012626485577, 2.1460601808896222, 2.1645943476781047, 2.875989012496397, 2.782333238488877, 3.490602923564925], [6.2953288563823255, 6.618076084482559, 7.063265249160618, 7.1614719241228615, 8.188073879735086, 6.535431785276319, 5.698436042459369, 5.555011621950039, 5.1153176607127735, 3.9056511569775405, 2.5574827643602998, 1.5301979153037688, 0.0, 1.5208134566737634, 7.301654038640835, 7.80921541961803, 8.339185712046472, 6.926259603855461, 5.47133798261449, 5.2354865705109015, 6.007198087294941, 4.169669777092666, 4.178825716633801, 2.838999575554741, 2.7496589024822695, 2.14299909006047, 2.1607759439608722, 1.0966598196341466, 1.096221952890928, 2.1749421279657075, 2.169620729528551, 2.157021787094419], [7.049764979061358, 7.518256246630598, 7.831974538390686, 7.745533885407771, 8.786879766447246, 6.879687826493293, 5.977480388926425, 6.068639202490126, 5.532339076737796, 4.554387555972812, 3.132790889925467, 2.552205573616671, 1.5208134566737634, 0.0, 8.290279255248281, 8.694978581917267, 8.801454257678104, 7.101561141749045, 5.476782001321579, 5.342866502169037, 6.466129037530878, 5.115281863201675, 4.700927614843692, 2.83817159100714, 3.432583786304422, 3.474015283501211, 2.7825146558463985, 2.1387467755674114, 2.1502815908619968, 1.0939013529564718, 1.0946007399960958, 1.0947547213873983], [1.9118236451095587, 0.9712355944877638, 2.389717389148767, 3.7716801640648168, 4.649566609911078, 4.558664705810244, 4.321947529760166, 3.184529871111276, 3.817457668396599, 4.208149381854214, 5.250747311573848, 6.128826031141689, 7.301654038640835, 8.290279255248281, 0.0, 2.231618858586744, 5.524018712857515, 5.628692254867023, 5.293097971887541, 4.842559051782436, 3.5750852409418155, 3.5304957088205047, 4.903898095393092, 6.008075582913384, 4.985398766397729, 5.677853472924429, 6.662884229821197, 7.938900751363503, 7.078822942410694, 7.995019622239836, 8.681265074284969, 9.186927493455034], [2.1682101881505864, 2.6575975259621236, 1.0846765646956702, 2.1395997452794764, 2.566254291764555, 3.3933804693844754, 3.8757883765757906, 3.4232417779058495, 4.708380245901981, 5.327322827649926, 5.9175178292929544, 6.963836701847625, 7.80921541961803, 8.694978581917267, 2.231618858586744, 0.0, 3.513528080149638, 4.294417498334321, 4.963554398815429, 5.5317814309677855, 4.824259832347342, 4.8545116891403195, 6.266551895580217, 6.556526513330058, 5.2757522714775, 6.632044484923182, 7.727544548561335, 8.559187855748933, 7.307876932461302, 8.234589311556467, 9.302044620404699, 9.450760691076672], [4.310220471159219, 5.526717834302743, 3.163338663500954, 1.9097274308130991, 0.9714105517236262, 2.41109393844371, 3.7986718218345743, 4.582056400787751, 6.068778146381692, 6.867460920893544, 6.802473883081065, 8.013728671473723, 8.339185712046472, 8.801454257678104, 5.524018712857515, 3.513528080149638, 0.0, 2.262654865418056, 4.503803608062856, 6.382646567843154, 6.606371750060694, 6.842721365801767, 7.9127776621108215, 7.046169780100392, 5.891577522192168, 8.043050111742437, 8.91707038550218, 9.254336755273172, 7.6099597272258945, 8.066400576465318, 9.604905418066334, 9.31147058041854], [3.8719722145180744, 5.238993302152619, 3.408436729646012, 2.1638416162002247, 2.6755923568436204, 1.0852384346308421, 2.1470484135202916, 3.4110508732647187, 4.669539389490145, 5.535796612954634, 5.287521783406665, 6.633838612749032, 6.926259603855461, 7.101561141749045, 5.628692254867023, 4.294417498334321, 2.262654865418056, 0.0, 2.457045945846353, 4.674459139836394, 5.3983310031897815, 5.843481757479868, 6.505664873785, 5.2537155851835, 4.49442583874737, 6.937490697651421, 7.4382412719674535, 7.952306250390511, 6.349355180646299, 6.232674149993725, 7.8238042568816875, 7.659512081719043], [3.401833830450864, 4.542939715646687, 3.879153889703269, 3.388654411414655, 4.545330480834149, 2.148400190839686, 1.0879300574945063, 2.1652551443190244, 2.726971868208398, 3.637815899684864, 3.446602955084905, 4.936676309016017, 5.47133798261449, 5.476782001321579, 5.293097971887541, 4.963554398815429, 4.503803608062856, 2.457045945846353, 0.0, 2.3883022819567876, 3.6027932413614856, 4.302615833420409, 4.425191337106227, 3.145680865885794, 3.067474146590318, 5.467155269424858, 5.510554215321722, 6.549045640396774, 5.2525369194323615, 4.583894529763965, 5.958495906686519, 6.251848848940607], [3.414214014967427, 3.8907430048770895, 4.566451809665793, 4.7874222406217735, 6.132280744551736, 4.006162903577437, 2.620077697321207, 2.148050360210393, 1.0976549457821434, 2.1641279698760885, 2.77482317634836, 4.173419912973052, 5.2354865705109015, 5.342866502169037, 4.842559051782436, 5.5317814309677855, 6.382646567843154, 4.674459139836394, 2.3883022819567876, 0.0, 1.74416014459682, 3.0766979474755076, 2.4988515642190516, 2.51533216096801, 3.1568796160132555, 4.69185750103304, 4.334844609671724, 6.18514287223828, 5.447767915394341, 4.710488858918998, 5.432358058891184, 6.3595700420704535], [2.7380978160029272, 2.636641299077294, 4.083965455289748, 4.781725305786605, 6.116308868917592, 4.484491366922229, 3.303051015349294, 2.131461484521829, 1.0975555430136554, 2.1594103408106573, 3.4898680218598526, 4.674935486185879, 6.007198087294941, 6.466129037530878, 3.5750852409418155, 4.824259832347342, 6.606371750060694, 5.3983310031897815, 3.6027932413614856, 1.74416014459682, 0.0, 2.5387933255781183, 2.403188067963055, 3.714338435037927, 3.854057334809642, 4.8268978132958225, 4.798450939626246, 6.814474088291774, 6.209506683304238, 6.027275434223991, 6.529397991392469, 7.51992245239271], [3.040235244187528, 2.7528484248138327, 4.2555039031823245, 5.046733364266434, 6.297799997618215, 4.918979663507464, 3.9118745915481496, 2.786519465211036, 2.1741800247449614, 1.09653295892098, 2.162122757847019, 2.76829854423254, 4.169669777092666, 5.115281863201675, 3.5304957088205047, 4.8545116891403195, 6.842721365801767, 5.843481757479868, 4.302615833420409, 3.0766979474755076, 2.5387933255781183, 0.0, 1.759972482739432, 3.062106232644452, 2.4993863426849403, 2.500883197992261, 3.1444294379107958, 4.781759401099139, 4.329917040775724, 5.025299604003726, 5.320487535931271, 6.1032709836611385], [4.203271371206004, 4.005687759923382, 5.5299149405754875, 6.150822797805185, 7.486557918696682, 5.699365553287489, 4.421516699052487, 3.468493853245238, 2.1440081203204433, 1.0973431960877142, 2.1533696570723753, 2.7184204696845553, 4.178825716633801, 4.700927614843692, 4.903898095393092, 6.266551895580217, 7.9127776621108215, 6.505664873785, 4.425191337106227, 2.4988515642190516, 2.403188067963055, 1.759972482739432, 0.0, 2.5114097435504226, 3.0638874669282483, 2.9809287998877125, 2.518222351183469, 4.809126857341154, 4.701591466726984, 4.592315190620086, 4.571776698396369, 5.784643610456913], [4.622900070302191, 5.1241836705957375, 5.608459825121332, 5.66501871047219, 6.906686943100866, 4.788543850691982, 3.5874698186883744, 3.4675537933823035, 2.75278509513547, 2.1561455864574635, 1.0957079446640878, 2.1659231311383143, 2.838999575554741, 2.83817159100714, 6.008075582913384, 6.556526513330058, 7.046169780100392, 5.2537155851835, 3.145680865885794, 2.51533216096801, 3.714338435037927, 3.062106232644452, 2.5114097435504226, 0.0, 1.7666339603890784, 3.0644127479828818, 2.4929351275153553, 3.840940992777681, 3.1825068703775017, 2.3170484263389923, 3.0592101529643236, 3.8654170952175395], [3.6596575536517073, 4.256781927700784, 4.420262329319381, 4.516844389615387, 5.665012923197969, 3.915069432334502, 3.0328285691743275, 2.865803419636455, 2.8362789795787013, 2.167606071222352, 1.0957970478149683, 2.154780401804323, 2.7496589024822695, 3.432583786304422, 4.985398766397729, 5.2757522714775, 5.891577522192168, 4.49442583874737, 3.067474146590318, 3.1568796160132555, 3.854057334809642, 2.4993863426849403, 3.0638874669282483, 1.7666339603890784, 0.0, 2.5201093666743906, 3.0627823233132325, 3.7233019485397634, 2.5307964378827466, 3.065038065016485, 4.046852469512572, 4.2774709011283765], [5.118758670810727, 5.058542031059937, 6.045573010062818, 6.54463442676518, 7.650335608324643, 6.247887579014206, 5.354640054195987, 4.708871803309154, 4.178313024415475, 2.7151694348603734, 2.1553015264690925, 1.0970992935919701, 2.14299909006047, 3.474015283501211, 5.677853472924429, 6.632044484923182, 8.043050111742437, 6.937490697651421, 5.467155269424858, 4.69185750103304, 4.8268978132958225, 2.500883197992261, 2.9809287998877125, 3.0644127479828818, 2.5201093666743906, 0.0, 1.760696890438556, 2.4053370117303725, 2.4964972962132363, 3.8726694746647303, 3.751477790151503, 4.280955772955381], [5.8941040243619724, 5.878486082317454, 6.994066312239254, 7.3959791508629875, 8.61485314442446, 6.830071151898785, 5.697898290598034, 5.1364290085622715, 4.183729437953654, 2.781137270973873, 2.163582291016452, 1.0969012626485577, 2.1607759439608722, 2.7825146558463985, 6.662884229821197, 7.727544548561335, 8.91707038550218, 7.4382412719674535, 5.510554215321722, 4.334844609671724, 4.798450939626246, 3.1444294379107958, 2.518222351183469, 2.4929351275153553, 3.0627823233132325, 1.760696890438556, 0.0, 2.4929692657551956, 3.068824245537695, 3.2213456536050273, 2.5635684406701533, 3.7565245041128112], [7.122276240781454, 7.309240804625334, 7.892332115414302, 8.073430304399734, 9.065652921880474, 7.537640324398611, 6.727864363228497, 6.490441390229172, 6.000894870767192, 4.665135046276796, 3.483436896227632, 2.1460601808896222, 1.0966598196341466, 2.1387467755674114, 7.938900751363503, 8.559187855748933, 9.254336755273172, 7.952306250390511, 6.549045640396774, 6.18514287223828, 6.814474088291774, 4.781759401099139, 4.809126857341154, 3.840940992777681, 3.7233019485397634, 2.4053370117303725, 2.4929692657551956, 0.0, 1.760267766562803, 3.061450215175807, 2.5237201330575463, 2.431626803191641], [6.020856734718074, 6.477075539933127, 6.595076497660964, 6.585352213055882, 7.495165040878019, 6.019143941624923, 5.3861998254799275, 5.384057002855746, 5.249514630896842, 4.183270315195995, 2.7899874551689297, 2.1645943476781047, 1.096221952890928, 2.1502815908619968, 7.078822942410694, 7.307876932461302, 7.6099597272258945, 6.349355180646299, 5.2525369194323615, 5.447767915394341, 6.209506683304238, 4.329917040775724, 4.701591466726984, 3.1825068703775017, 2.5307964378827466, 2.4964972962132363, 3.068824245537695, 1.760267766562803, 0.0, 2.487377456277997, 3.068520930350647, 2.49999253998887], [6.5682693557740155, 7.193096886598984, 7.30171840870353, 7.08280409583662, 8.122840974683672, 6.09480932433493, 5.198577983448936, 5.473484424020954, 5.033321858375441, 4.326716600379553, 2.8821801348978866, 2.875989012496397, 2.1749421279657075, 1.0939013529564718, 7.995019622239836, 8.234589311556467, 8.066400576465318, 6.232674149993725, 4.583894529763965, 4.710488858918998, 6.027275434223991, 5.025299604003726, 4.592315190620086, 2.3170484263389923, 3.065038065016485, 3.8726694746647303, 3.2213456536050273, 3.061450215175807, 2.487377456277997, 0.0, 1.7759810387501327, 1.7658552970161512], [7.510636893100345, 7.859641717661181, 8.428622561842475, 8.43476025681821, 9.55447674810086, 7.549274063775934, 6.511091823957024, 6.478975853481783, 5.7025765457379, 4.682733239252478, 3.4666313071914647, 2.782333238488877, 2.169620729528551, 1.0946007399960958, 8.681265074284969, 9.302044620404699, 9.604905418066334, 7.8238042568816875, 5.958495906686519, 5.432358058891184, 6.529397991392469, 5.320487535931271, 4.571776698396369, 3.0592101529643236, 4.046852469512572, 3.751477790151503, 2.5635684406701533, 2.5237201330575463, 3.068520930350647, 1.7759810387501327, 0.0, 1.7714356889257934], [7.931109164549432, 8.454885811765882, 8.606073428108779, 8.422201424212082, 9.366349107843462, 7.547411800743352, 6.771606965853822, 6.981796853962453, 6.557828989841074, 5.600778991354685, 4.139330097974792, 3.490602923564925, 2.157021787094419, 1.0947547213873983, 9.186927493455034, 9.450760691076672, 9.31147058041854, 7.659512081719043, 6.251848848940607, 6.3595700420704535, 7.51992245239271, 6.1032709836611385, 5.784643610456913, 3.8654170952175395, 4.2774709011283765, 4.280955772955381, 3.7565245041128112, 2.431626803191641, 2.49999253998887, 1.7658552970161512, 1.7714356889257934, 0.0]]}