{"total energy": -46.66699641, "HOMO-LUMO gap/eV": 3.24597743, "electronic energy": -47.22076221, "dipole": [-0.00762255, -1.5466336, -0.8327709], "partial charges": [-0.11472401, 0.05970889, -0.11545979, -0.19487193, 0.26121459, -0.32646627, 0.28171712, -0.12151248, -0.32537641, 0.26220437, -0.18922822, 0.0514731, -0.11228728, -0.1171908, -0.33808153, 0.04414305, 0.05601396, 0.04927279, 0.03855915, 0.04967193, 0.0381321, 0.04922433, 0.19028953, 0.19019834, 0.06597859, 0.03890749, 0.0463993, 0.04035913, 0.04985745, 0.04413601, 0.04773749], "atomic dipole moments": [[-0.04695076, 0.04565422, 0.1167663], [-0.00741536, 0.14491361, -0.04077317], [0.12138472, 0.01644774, -0.00571801], [0.02873931, -0.09220583, 0.12559128], [-0.01634467, 0.01482204, 0.00496523], [0.22069901, -0.16405308, -0.02920597], [0.00297455, 0.10256121, 0.05440148], [-0.00597018, -0.16977956, -0.09033579], [-0.22938946, -0.10642042, -0.11327946], [0.01388664, 0.01179388, 0.01238219], [-0.02436056, 0.04989048, -0.13811809], [0.04873664, 0.12846181, 0.08581751], [-0.02837637, -0.05712519, 0.09498231], [-0.09441285, 0.08226811, -0.0321977], [0.00953221, 0.25910155, 0.13953069], [-0.02478888, -0.12326559, -0.01074504], [0.12773181, 0.0115881, -0.01731316], [-0.05108808, 0.05591054, -0.10392446], [0.04968337, -0.06506559, 0.09891777], [-0.03098822, -0.12528118, -0.0042483], [-0.04601253, 0.04472551, 0.10879385], [-0.06801466, 0.05881498, -0.09193969], [-0.07782213, 0.07662821, 0.07529335], [0.08666049, 0.09823839, 0.02395668], [-0.10232843, -0.08126561, -0.02908419], [-0.09377359, 0.080294, -0.03822693], [0.02297481, -0.07526517, -0.10006967], [0.10284113, 0.07436054, 0.0132353], [-0.02700021, -0.06911082, 0.10468718], [0.11114, 0.05695701, 0.02572651], [0.02247396, -0.08310762, -0.09479507]], "atomic quadrupole moments": [[-0.08864304, -0.03756979, -0.06051436, -0.10818865, 0.12642623, 0.14915741], [0.01948842, 0.11222312, 0.14323119, -0.08554056, 0.14100363, -0.16271961], [0.23605027, 0.05339392, -0.11181855, -0.03708623, 0.01435644, -0.12423172], [-0.00948118, 0.07149452, 0.06592095, 0.04256947, 0.0012711, -0.05643977], [-0.15379696, 0.17734059, -0.10274856, -0.1041522, -0.25875606, 0.25654552], [-0.11686029, 0.07058292, -0.01055656, -0.0551857, -0.09136159, 0.12741686], [-0.44149939, 0.11425174, 0.16789706, -0.18312481, -0.06747441, 0.27360233], [-0.24427302, 0.02304279, 0.29921193, -0.00479613, 0.26164517, -0.05493891], [-0.1220119, 0.00850437, -0.00135348, -0.08712499, -0.09352224, 0.12336537], [-0.16621646, -0.01448865, -0.08617104, -0.19595644, -0.25795778, 0.2523875], [-0.03177816, -0.08536205, -0.00278231, -0.03373093, 0.04680637, 0.03456047], [-0.14183311, -0.17691276, 0.03714337, -0.06577649, 0.0664135, 0.10468974], [-0.10557675, 0.03134433, -0.01679195, -0.07386685, -0.1463839, 0.1223687], [0.07668009, -0.18620459, 0.02435358, 0.05889747, -0.05157622, -0.10103367], [-0.0544002, 0.03010829, -0.05632047, -0.06084703, -0.11879674, 0.11072067], [-0.04011665, 0.03315314, 0.07879486, -0.01031306, -0.00069383, -0.03867821], [0.0756864, 0.02090579, -0.04415379, 0.00099208, 0.00461908, -0.03153261], [-0.01072397, -0.04058548, -0.01023761, 0.03810849, -0.0432235, 0.02096158], [-0.00308872, -0.00075252, -0.00226499, 0.01824351, 0.00569032, 0.00535371], [-0.02923773, 0.01437519, 0.07970924, -0.00167058, 0.0076755, -0.05047151], [-0.02270422, -0.01033921, -0.033482, -0.02410721, 0.04674598, 0.05618622], [-0.01593299, -0.02047501, -0.01840456, 0.03257104, -0.05160451, 0.03433755], [0.06581718, -0.01397632, 0.00383366, -0.00483799, 0.01833764, -0.06965084], [0.06303807, 0.00890106, -0.02813461, 0.01452464, 0.03408745, -0.03490345], [0.02437324, 0.00636178, -0.00983333, 0.00136548, -0.00543999, -0.01453991], [0.04054428, -0.05412709, -0.00233196, 0.01000543, -0.01895464, -0.03821232], [-0.04864923, -0.01504762, 0.02266669, -0.01865145, 0.05699701, 0.02598254], [0.04057732, 0.05511189, -0.01253844, 0.03169058, 0.00984753, -0.02803888], [-0.01904797, 0.01302376, -0.0168007, -0.03197785, -0.05325007, 0.03584867], [0.03752889, 0.05536229, 0.00866139, 0.01876403, 0.00693396, -0.04619028], [-0.03913679, -0.01548595, 3.346e-05, -0.00371266, 0.05981518, 0.03910333]], "number of molecular orbitals": 81, "number of electrons": 84, "number of unpaired electrons": 0, "orbital energies/eV": [-28.71324086, -19.05653322, -18.43718597, -18.17298912, -17.90470315, -17.75988304, -17.46169962, -17.32756941, -16.62197578, -16.49679133, -16.45983176, -16.32708957, -16.07385188, -15.6346958, -15.42030861, -15.33196288, -15.15858533, -14.68215769, -14.46076956, -14.2057484, -14.11989358, -13.98175214, -13.72382614, -13.65382634, -13.37963762, -13.16201777, -13.1276638, -12.97508504, -12.91997581, -12.79188233, -12.66647671, -12.51181918, -12.42138897, -12.39548793, -12.1743922, -12.08803378, -11.55255718, -11.49242161, -10.95690186, -10.89512453, -10.63761139, -10.38063502, -7.13465759, -6.66107442, -3.71424701, -3.58042995, 0.2140476, 0.26220346, 0.49428858, 0.4964517, 0.68183736, 0.89407689, 1.86538238, 2.03598378, 2.39122702, 2.64514349, 2.86097035, 3.14294414, 3.61422988, 3.95732121, 4.03017322, 4.54764249, 4.58308534, 4.88627761, 5.07940512, 5.28194519, 5.41734759, 5.6215274, 5.65164084, 6.1107397, 6.18283726, 6.42327301, 6.45011073, 6.72643594, 6.9753896, 7.64725714, 8.09861069, 11.30541987, 12.09428601, 12.53127412, 17.28329942], "fractional occupation": [2.0, 2.0, 2.0, 2.0, 2.0, 2.0, 2.0, 2.0, 2.0, 2.0, 2.0, 2.0, 2.0, 2.0, 2.0, 2.0, 2.0, 2.0, 2.0, 2.0, 2.0, 2.0, 2.0, 2.0, 2.0, 2.0, 2.0, 2.0, 2.0, 2.0, 2.0, 2.0, 2.0, 2.0, 2.0, 2.0, 2.0, 2.0, 2.0, 2.0, 2.0, 2.0, 0.0, 0.0, 0.0, 0.0, 0.0, 0.0, 0.0, 0.0, 0.0, 0.0, 0.0, 0.0, 0.0, 0.0, 0.0, 0.0, 0.0, 0.0, 0.0, 0.0, 0.0, 0.0, 0.0, 0.0, 0.0, 0.0, 0.0, 0.0, 0.0, 0.0, 0.0, 0.0, 0.0, 0.0, 0.0, 0.0, 0.0, 0.0, 0.0], "program call": "xtb /home/svss/Project-DBcg-Debug/aqme2_20220329/End-to-End-workflows-final/example-3/QDESCP/mol_895_rdkit_conf_6/mol_895_rdkit_conf_6.xyz --pop --wbo --acc 0.2 --gfn 2 --chrg 0 --uhf 0 --etemp 300 --input /home/svss/Project-DBcg-Debug/aqme2_20220329/End-to-End-workflows-final/example-3/QDESCP/mol_895_rdkit_conf_6/mol_895_rdkit_conf_6_xtb.inp", "method": "GFN2-xTB", "xtb version": "6.3.3 (7355c4f)", "Dipole module/D": 4.465, "Total charge": 0, "Transition dipole module/D": NaN, "HOMO": -10.3806, "LUMO": -7.1347, "HOMO occupancy": 2.0, "LUMO occupancy": 0, "mulliken charges": [-0.09501, 0.13688, -0.10225, -0.35997, 0.4431, -0.42089, 0.41565, -0.09692, -0.42093, 0.44424, -0.35478, 0.13485, -0.10491, -0.10011, -0.43301, 0.02716, 0.03812, 0.0325, 0.02769, 0.03528, 0.03299, 0.03566, 0.2222, 0.22181, 0.03359, 0.04159, 0.03337, 0.03104, 0.03818, 0.031, 0.03189], "cm5 charges": [-0.23622, 0.12485, -0.2453, -0.69769, 0.6607, -0.59658, 0.57508, -0.08194, -0.59639, 0.6627, -0.69404, 0.1228, -0.24703, -0.24234, -0.61063, 0.07904, 0.09489, 0.08658, 0.09834, 0.08703, 0.08647, 0.0896, 0.42395, 0.42321, 0.10521, 0.09693, 0.08524, 0.08509, 0.09184, 0.08495, 0.08366], "FUKUI+": [0.012, 0.01, 0.013, -0.055, -0.031, -0.101, -0.069, -0.187, -0.101, -0.03, -0.054, 0.009, 0.013, 0.012, -0.12, -0.029, 0.001, -0.019, -0.014, -0.028, -0.013, -0.019, -0.039, -0.04, -0.015, 0.003, -0.032, -0.018, -0.015, -0.018, -0.027], "FUKUI-": [0.006, 0.007, 0.017, -0.066, 0.004, -0.096, 0.006, -0.143, -0.09, 0.003, -0.066, 0.002, 0.007, 0.012, -0.099, -0.037, -0.009, -0.033, -0.049, -0.032, -0.026, -0.033, -0.04, -0.041, -0.025, -0.015, -0.038, -0.028, -0.03, -0.032, -0.034], "FUKUIrad": [0.009, 0.008, 0.015, -0.061, -0.014, -0.098, -0.031, -0.165, -0.096, -0.013, -0.06, 0.006, 0.01, 0.012, -0.109, -0.033, -0.004, -0.026, -0.032, -0.03, -0.02, -0.026, -0.039, -0.04, -0.02, -0.006, -0.035, -0.023, -0.022, -0.025, -0.031], "s proportion": [1.014, 1.028, 1.018, 1.456, 0.978, 1.538, 1.01, 1.941, 1.537, 0.976, 1.451, 1.029, 1.018, 1.016, 1.526, 0.973, 0.962, 0.968, 0.972, 0.965, 0.967, 0.964, 0.778, 0.778, 0.966, 0.958, 0.967, 0.969, 0.962, 0.969, 0.968], "p proportion": [3.081, 2.835, 3.085, 3.904, 2.579, 3.883, 2.575, 5.168, 3.884, 2.579, 3.904, 2.836, 3.087, 3.084, 3.907, 0.0, 0.0, 0.0, 0.0, 0.0, 0.0, 0.0, 0.0, 0.0, 0.0, 0.0, 0.0, 0.0, 0.0, 0.0, 0.0], "d proportion": [0.0, 0.0, 0.0, 0.0, 0.0, 0.0, 0.0, -0.012, 0.0, 0.0, 0.0, 0.0, 0.0, 0.0, 0.0, 0.0, 0.0, 0.0, 0.0, 0.0, 0.0, 0.0, 0.0, 0.0, 0.0, 0.0, 0.0, 0.0, 0.0, 0.0, 0.0], "Fermi-level/eV": -8.7576, "Coordination numbers": [3.753, 3.792, 3.754, 2.701, 2.952, 1.912, 2.978, 1.03, 1.912, 2.952, 2.702, 3.791, 3.752, 3.754, 1.843, 0.924, 0.924, 0.924, 0.924, 0.924, 0.924, 0.924, 0.86, 0.86, 0.924, 0.924, 0.924, 0.924, 0.924, 0.924, 0.924], "Dispersion coefficient C6": [22.754, 19.587, 22.768, 25.229, 22.613, 29.314, 22.241, 102.959, 29.285, 22.595, 25.102, 19.723, 22.708, 22.801, 29.628, 2.395, 2.246, 2.329, 2.468, 2.324, 2.474, 2.33, 1.157, 1.157, 2.13, 2.464, 2.365, 2.444, 2.322, 2.395, 2.348], "Total dispersion C6": 10431.461588, "Total dispersion C8": 247489.15928, "Polarizability alpha": [6.802, 6.303, 6.804, 7.46, 7.8, 8.027, 7.736, 15.524, 8.023, 7.796, 7.441, 6.325, 6.795, 6.809, 8.067, 2.42, 2.344, 2.387, 2.457, 2.384, 2.46, 2.387, 1.685, 1.685, 2.283, 2.455, 2.405, 2.445, 2.383, 2.42, 2.397], "Total polarizability alpha": 154.707093, "Wiberg matrix": [[0.0, 1.0034935187546534, 0.0, 0.0, 0.0, 0.0, 0.0, 0.0, 0.0, 0.0, 0.0, 0.0, 0.0, 0.0, 0.0, 0.9847544647753455, 0.9827696350376351, 0.9855129703660204, 0.0, 0.0, 0.0, 0.0, 0.0, 0.0, 0.0, 0.0, 0.0, 0.0, 0.0, 0.0, 0.0], [1.0034935187546534, 0.0, 1.0070915713617146, 0.9711759689981191, 0.0, 0.0, 0.0, 0.0, 0.0, 0.0, 0.0, 0.0, 0.0, 0.0, 0.0, 0.0, 0.0, 0.0, 0.9612722783559573, 0.0, 0.0, 0.0, 0.0, 0.0, 0.0, 0.0, 0.0, 0.0, 0.0, 0.0, 0.0], [0.0, 1.0070915713617146, 0.0, 0.0, 0.0, 0.0, 0.0, 0.0, 0.0, 0.0, 0.0, 0.0, 0.0, 0.0, 0.0, 0.0, 0.0, 0.0, 0.0, 0.9839180079472724, 0.985275655807303, 0.98552493306778, 0.0, 0.0, 0.0, 0.0, 0.0, 0.0, 0.0, 0.0, 0.0], [0.0, 0.9711759689981191, 0.0, 0.0, 1.199322091334812, 0.0, 0.0, 0.0, 0.0, 0.0, 0.0, 0.0, 0.0, 0.0, 0.0, 0.0, 0.0, 0.0, 0.0, 0.0, 0.0, 0.0, 0.9289527635046759, 0.0, 0.0, 0.0, 0.0, 0.0, 0.0, 0.0, 0.0], [0.0, 0.0, 0.0, 1.199322091334812, 0.0, 1.2940552247034143, 0.0, 0.0, 0.0, 0.0, 0.0, 0.0, 0.0, 0.0, 1.3395207288983253, 0.0, 0.0, 0.0, 0.0, 0.0, 0.0, 0.0, 0.0, 0.0, 0.0, 0.0, 0.0, 0.0, 0.0, 0.0, 0.0], [0.0, 0.0, 0.0, 0.0, 1.2940552247034143, 0.0, 1.4007209354009076, 0.0, 0.0, 0.0, 0.0, 0.0, 0.0, 0.0, 0.0, 0.0, 0.0, 0.0, 0.0, 0.0, 0.0, 0.0, 0.0, 0.0, 0.0, 0.0, 0.0, 0.0, 0.0, 0.0, 0.0], [0.0, 0.0, 0.0, 0.0, 0.0, 1.4007209354009076, 0.0, 1.0043349458224422, 1.4006569350332445, 0.0, 0.0, 0.0, 0.0, 0.0, 0.0, 0.0, 0.0, 0.0, 0.0, 0.0, 0.0, 0.0, 0.0, 0.0, 0.0, 0.0, 0.0, 0.0, 0.0, 0.0, 0.0], [0.0, 0.0, 0.0, 0.0, 0.0, 0.0, 1.0043349458224422, 0.0, 0.0, 0.0, 0.0, 0.0, 0.0, 0.0, 0.0, 0.0, 0.0, 0.0, 0.0, 0.0, 0.0, 0.0, 0.0, 0.0, 0.0, 0.0, 0.0, 0.0, 0.0, 0.0, 0.0], [0.0, 0.0, 0.0, 0.0, 0.0, 0.0, 1.4006569350332445, 0.0, 0.0, 1.2934183542878281, 0.0, 0.0, 0.0, 0.0, 0.0, 0.0, 0.0, 0.0, 0.0, 0.0, 0.0, 0.0, 0.0, 0.0, 0.0, 0.0, 0.0, 0.0, 0.0, 0.0, 0.0], [0.0, 0.0, 0.0, 0.0, 0.0, 0.0, 0.0, 0.0, 1.2934183542878281, 0.0, 1.2060502362779606, 0.0, 0.0, 0.0, 1.3322037245742164, 0.0, 0.0, 0.0, 0.0, 0.0, 0.0, 0.0, 0.0, 0.0, 0.0, 0.0, 0.0, 0.0, 0.0, 0.0, 0.0], [0.0, 0.0, 0.0, 0.0, 0.0, 0.0, 0.0, 0.0, 0.0, 1.2060502362779606, 0.0, 0.9760048822690086, 0.0, 0.0, 0.0, 0.0, 0.0, 0.0, 0.0, 0.0, 0.0, 0.0, 0.0, 0.9300672432381666, 0.0, 0.0, 0.0, 0.0, 0.0, 0.0, 0.0], [0.0, 0.0, 0.0, 0.0, 0.0, 0.0, 0.0, 0.0, 0.0, 0.0, 0.9760048822690086, 0.0, 0.9991859292692853, 1.0055126408842765, 0.0, 0.0, 0.0, 0.0, 0.0, 0.0, 0.0, 0.0, 0.0, 0.0, 0.9604649848945568, 0.0, 0.0, 0.0, 0.0, 0.0, 0.0], [0.0, 0.0, 0.0, 0.0, 0.0, 0.0, 0.0, 0.0, 0.0, 0.0, 0.0, 0.9991859292692853, 0.0, 0.0, 0.0, 0.0, 0.0, 0.0, 0.0, 0.0, 0.0, 0.0, 0.0, 0.0, 0.0, 0.9855390661286288, 0.9837610683429969, 0.9853069505439257, 0.0, 0.0, 0.0], [0.0, 0.0, 0.0, 0.0, 0.0, 0.0, 0.0, 0.0, 0.0, 0.0, 0.0, 1.0055126408842765, 0.0, 0.0, 0.0, 0.0, 0.0, 0.0, 0.0, 0.0, 0.0, 0.0, 0.0, 0.0, 0.0, 0.0, 0.0, 0.0, 0.9855941963652349, 0.985543013427326, 0.9848392115786274], [0.0, 0.0, 0.0, 0.0, 1.3395207288983253, 0.0, 0.0, 0.0, 0.0, 1.3322037245742164, 0.0, 0.0, 0.0, 0.0, 0.0, 0.0, 0.0, 0.0, 0.0, 0.0, 0.0, 0.0, 0.0, 0.0, 0.0, 0.0, 0.0, 0.0, 0.0, 0.0, 0.0], [0.9847544647753455, 0.0, 0.0, 0.0, 0.0, 0.0, 0.0, 0.0, 0.0, 0.0, 0.0, 0.0, 0.0, 0.0, 0.0, 0.0, 0.0, 0.0, 0.0, 0.0, 0.0, 0.0, 0.0, 0.0, 0.0, 0.0, 0.0, 0.0, 0.0, 0.0, 0.0], [0.9827696350376351, 0.0, 0.0, 0.0, 0.0, 0.0, 0.0, 0.0, 0.0, 0.0, 0.0, 0.0, 0.0, 0.0, 0.0, 0.0, 0.0, 0.0, 0.0, 0.0, 0.0, 0.0, 0.0, 0.0, 0.0, 0.0, 0.0, 0.0, 0.0, 0.0, 0.0], [0.9855129703660204, 0.0, 0.0, 0.0, 0.0, 0.0, 0.0, 0.0, 0.0, 0.0, 0.0, 0.0, 0.0, 0.0, 0.0, 0.0, 0.0, 0.0, 0.0, 0.0, 0.0, 0.0, 0.0, 0.0, 0.0, 0.0, 0.0, 0.0, 0.0, 0.0, 0.0], [0.0, 0.9612722783559573, 0.0, 0.0, 0.0, 0.0, 0.0, 0.0, 0.0, 0.0, 0.0, 0.0, 0.0, 0.0, 0.0, 0.0, 0.0, 0.0, 0.0, 0.0, 0.0, 0.0, 0.0, 0.0, 0.0, 0.0, 0.0, 0.0, 0.0, 0.0, 0.0], [0.0, 0.0, 0.9839180079472724, 0.0, 0.0, 0.0, 0.0, 0.0, 0.0, 0.0, 0.0, 0.0, 0.0, 0.0, 0.0, 0.0, 0.0, 0.0, 0.0, 0.0, 0.0, 0.0, 0.0, 0.0, 0.0, 0.0, 0.0, 0.0, 0.0, 0.0, 0.0], [0.0, 0.0, 0.985275655807303, 0.0, 0.0, 0.0, 0.0, 0.0, 0.0, 0.0, 0.0, 0.0, 0.0, 0.0, 0.0, 0.0, 0.0, 0.0, 0.0, 0.0, 0.0, 0.0, 0.0, 0.0, 0.0, 0.0, 0.0, 0.0, 0.0, 0.0, 0.0], [0.0, 0.0, 0.98552493306778, 0.0, 0.0, 0.0, 0.0, 0.0, 0.0, 0.0, 0.0, 0.0, 0.0, 0.0, 0.0, 0.0, 0.0, 0.0, 0.0, 0.0, 0.0, 0.0, 0.0, 0.0, 0.0, 0.0, 0.0, 0.0, 0.0, 0.0, 0.0], [0.0, 0.0, 0.0, 0.9289527635046759, 0.0, 0.0, 0.0, 0.0, 0.0, 0.0, 0.0, 0.0, 0.0, 0.0, 0.0, 0.0, 0.0, 0.0, 0.0, 0.0, 0.0, 0.0, 0.0, 0.0, 0.0, 0.0, 0.0, 0.0, 0.0, 0.0, 0.0], [0.0, 0.0, 0.0, 0.0, 0.0, 0.0, 0.0, 0.0, 0.0, 0.0, 0.9300672432381666, 0.0, 0.0, 0.0, 0.0, 0.0, 0.0, 0.0, 0.0, 0.0, 0.0, 0.0, 0.0, 0.0, 0.0, 0.0, 0.0, 0.0, 0.0, 0.0, 0.0], [0.0, 0.0, 0.0, 0.0, 0.0, 0.0, 0.0, 0.0, 0.0, 0.0, 0.0, 0.9604649848945568, 0.0, 0.0, 0.0, 0.0, 0.0, 0.0, 0.0, 0.0, 0.0, 0.0, 0.0, 0.0, 0.0, 0.0, 0.0, 0.0, 0.0, 0.0, 0.0], [0.0, 0.0, 0.0, 0.0, 0.0, 0.0, 0.0, 0.0, 0.0, 0.0, 0.0, 0.0, 0.9855390661286288, 0.0, 0.0, 0.0, 0.0, 0.0, 0.0, 0.0, 0.0, 0.0, 0.0, 0.0, 0.0, 0.0, 0.0, 0.0, 0.0, 0.0, 0.0], [0.0, 0.0, 0.0, 0.0, 0.0, 0.0, 0.0, 0.0, 0.0, 0.0, 0.0, 0.0, 0.9837610683429969, 0.0, 0.0, 0.0, 0.0, 0.0, 0.0, 0.0, 0.0, 0.0, 0.0, 0.0, 0.0, 0.0, 0.0, 0.0, 0.0, 0.0, 0.0], [0.0, 0.0, 0.0, 0.0, 0.0, 0.0, 0.0, 0.0, 0.0, 0.0, 0.0, 0.0, 0.9853069505439257, 0.0, 0.0, 0.0, 0.0, 0.0, 0.0, 0.0, 0.0, 0.0, 0.0, 0.0, 0.0, 0.0, 0.0, 0.0, 0.0, 0.0, 0.0], [0.0, 0.0, 0.0, 0.0, 0.0, 0.0, 0.0, 0.0, 0.0, 0.0, 0.0, 0.0, 0.0, 0.9855941963652349, 0.0, 0.0, 0.0, 0.0, 0.0, 0.0, 0.0, 0.0, 0.0, 0.0, 0.0, 0.0, 0.0, 0.0, 0.0, 0.0, 0.0], [0.0, 0.0, 0.0, 0.0, 0.0, 0.0, 0.0, 0.0, 0.0, 0.0, 0.0, 0.0, 0.0, 0.985543013427326, 0.0, 0.0, 0.0, 0.0, 0.0, 0.0, 0.0, 0.0, 0.0, 0.0, 0.0, 0.0, 0.0, 0.0, 0.0, 0.0, 0.0], [0.0, 0.0, 0.0, 0.0, 0.0, 0.0, 0.0, 0.0, 0.0, 0.0, 0.0, 0.0, 0.0, 0.9848392115786274, 0.0, 0.0, 0.0, 0.0, 0.0, 0.0, 0.0, 0.0, 0.0, 0.0, 0.0, 0.0, 0.0, 0.0, 0.0, 0.0, 0.0]], "Born radii": [], "Atomic SASAs": [], "Solvent H bonds": [], "Total SASA": NaN, "Total FOD": 0.0, "FOD": [0.0, 0.0, 0.0, 0.0, 0.0, 0.0, 0.0, 0.0, 0.0, 0.0, 0.0, 0.0, 0.0, 0.0, 0.0, 0.0, 0.0, 0.0, 0.0, 0.0, 0.0, 0.0, 0.0, 0.0, 0.0, 0.0, 0.0, 0.0, 0.0, 0.0, 0.0], "FOD s proportion": [0.0, 0.0, 0.0, 0.0, 0.0, 0.0, 0.0, 0.0, 0.0, 0.0, 0.0, 0.0, 0.0, 0.0, 0.0, 0.0, 0.0, 0.0, 0.0, 0.0, 0.0, 0.0, 0.0, 0.0, 0.0, 0.0, 0.0, 0.0, 0.0, 0.0, 0.0], "FOD p proportion": [0.0, 0.0, 0.0, 0.0, 0.0, 0.0, 0.0, 0.0, 0.0, 0.0, 0.0, 0.0, 0.0, 0.0, 0.0, 0.0, 0.0, 0.0, 0.0, 0.0, 0.0, 0.0, 0.0, 0.0, 0.0, 0.0, 0.0, 0.0, 0.0, 0.0, 0.0], "FOD d proportion": [0.0, 0.0, 0.0, 0.0, 0.0, 0.0, 0.0, 0.0, 0.0, 0.0, 0.0, 0.0, 0.0, 0.0, 0.0, 0.0, 0.0, 0.0, 0.0, 0.0, 0.0, 0.0, 0.0, 0.0, 0.0, 0.0, 0.0, 0.0, 0.0, 0.0, 0.0], "coordinates": [["-2.09090", "-1.10730", "-1.40020"], ["-2.59320", "-0.52880", "-0.07710"], ["-4.10280", "-0.75170", "0.04100"], ["-2.32620", "0.90470", "-0.02720"], ["-1.12770", "1.29760", "0.55320"], ["-1.15050", "2.46710", "1.16200"], ["0.01830", "2.81090", "1.68050"], ["0.06330", "4.32160", "2.48090"], ["1.15650", "2.13510", "1.65880"], ["1.06320", "0.97750", "1.03470"], ["2.22360", "0.22270", "0.99770"], ["2.42350", "-0.66030", "-0.14430"], ["2.78400", "0.14050", "-1.39540"], ["3.55340", "-1.63160", "0.20010"], ["-0.05120", "0.52440", "0.47220"], ["-2.31780", "-2.17660", "-1.46730"], ["-1.00780", "-0.99100", "-1.50630"], ["-2.55870", "-0.60650", "-2.25550"], ["-2.11770", "-1.05420", "0.76140"], ["-4.34450", "-1.81900", "0.00070"], ["-4.47980", "-0.35660", "0.99090"], ["-4.64630", "-0.24710", "-0.76580"], ["-3.04940", "1.47720", "0.39700"], ["3.00060", "0.83140", "1.23140"], ["1.52610", "-1.26050", "-0.33920"], ["1.96950", "0.81210", "-1.68670"], ["2.98160", "-0.52740", "-2.24040"], ["3.67610", "0.75550", "-1.23180"], ["3.30360", "-2.21600", "1.09260"], ["4.48980", "-1.10020", "0.40490"], ["3.73140", "-2.33130", "-0.62310"]], "bond_dist": [[0.0, 1.5289084831996975, 2.50025006949305, 2.4471696079348484, 3.2445446229016484, 4.4972832199006545, 5.412183327456675, 7.012593675666658, 5.515092521436063, 4.497051907639047, 5.112116456028755, 4.7071117651910495, 5.03206497275224, 5.89015900209833, 3.213829917714999, 1.0951659737227049, 1.0944809317662871, 1.0959815555017338, 2.1624181857355897, 2.7473169929951657, 3.4623334487019006, 2.7699235657324555, 3.2906367681650917, 6.050392425289454, 3.7725164333638097, 4.500336295211725, 5.1742126260910455, 6.062728049319052, 6.045154901241158, 6.82378552637757, 6.0001031407801655], [1.5289084831996975, 0.0, 1.530530685742694, 1.4590069430952, 2.4250165566445108, 3.548544618572521, 4.589410212652602, 6.093171293341425, 4.916295567803059, 4.107833965729384, 4.99214478255589, 5.018873078690076, 5.576751493477183, 6.250895874992639, 2.805837616470347, 2.17341805458591, 2.1839722159404866, 2.180058279037512, 1.0978286113961504, 2.1766305543201403, 2.1747497327278835, 2.183777046770114, 2.111143114523504, 5.903635721316145, 4.19198208369263, 5.020662930331013, 5.979821392817682, 6.502836386531649, 6.243964459379954, 7.122338868658244, 6.59906716210708], [2.50025006949305, 1.530530685742694, 0.0, 2.4299423367643933, 3.648725714547478, 4.509256006260899, 5.688896573150193, 7.0034187444418885, 6.213785285154292, 5.537610344724518, 6.472099134747551, 6.529569797467518, 7.0913524831304215, 7.70823814240323, 4.269640173363559, 2.7370666597655235, 3.4684905621898414, 2.7711441860718833, 2.1333317651035903, 1.0950672445105825, 1.0956929405631852, 1.0958739206678842, 2.490859845515199, 7.374384674669474, 5.664622201877191, 6.504094481171073, 7.446060690727682, 8.025145287781399, 7.622650327149999, 8.607360235287008, 8.019404878792441], [2.4471696079348484, 1.4590069430952, 2.4299423367643933, 0.0, 1.3883936113364972, 2.2885718013643355, 3.470809412802726, 4.865745725991033, 4.060256081825382, 3.5525995848111003, 4.713408962735993, 5.002258240035195, 5.34510214308389, 6.4073535207603465, 2.3600113241253737, 3.4012304038391754, 2.742187787150982, 2.7024253144166632, 2.1219451972188157, 3.390111353628373, 2.695440272014945, 2.6935176275643715, 1.0152438771053975, 5.473960640158094, 4.430084686549457, 4.606034465785075, 5.926373721762745, 6.123800053071622, 6.533557114619875, 7.117878224583503, 6.893570233920881], [3.2445446229016484, 2.4250165566445108, 3.648725714547478, 1.3883936113364972, 0.0, 1.3186688477400228, 2.2077586326408056, 3.7787675623144645, 2.672326187051274, 2.2659102078414315, 3.5474218736992644, 4.114717499415969, 4.520765340072408, 5.533316316640501, 1.327874802080377, 4.191518090143474, 3.0811696188298368, 3.6826829214582135, 2.5601582919811814, 4.512898630592095, 3.763579856997856, 4.062807532975197, 1.936384644124199, 4.209531870647851, 3.7924804297451558, 3.8529871658234214, 5.293502852554251, 5.153308825405285, 5.680911635468378, 6.109643523152557, 6.177657299494688], [4.4972832199006545, 3.548544618572521, 4.509256006260899, 2.2885718013643355, 1.3186688477400228, 0.0, 1.324059715420721, 2.579142861494881, 2.3831246799108103, 2.671250856808473, 4.055721472192093, 4.9254975840010315, 5.2377144414334005, 6.312786113119943, 2.336315008726349, 5.4625779143184765, 4.370199513752204, 4.807218577306424, 3.6736235367821783, 5.470000630712943, 4.368843713157979, 4.827412569897046, 2.2739719039601165, 4.462282158268345, 4.828332088827362, 4.537457073075182, 6.133319363933366, 5.652956797995187, 6.463377505608039, 6.7165328697178275, 7.074190567124976], [5.412183327456675, 4.589410212652602, 5.688896573150193, 3.470809412802726, 2.2077586326408056, 1.324059715420721, 0.0, 1.710227952642571, 1.3238866152356101, 2.2068595809430196, 3.468190186538218, 4.60044688264086, 4.923544806336183, 5.867224422160788, 2.587064241568037, 6.343592381293112, 5.0658680460509435, 5.814778393025826, 4.510680527370566, 6.5796448148817275, 5.544502504282959, 6.0905041540089275, 3.5828635516859975, 3.607523298608063, 4.788417994494633, 4.374976425079341, 5.941283581011767, 5.107412386913749, 6.033949462002479, 6.076032490038216, 6.748029742821235], [7.012593675666658, 6.093171293341425, 7.0034187444418885, 4.865745725991033, 3.7787675623144645, 2.579142861494881, 1.710227952642571, 0.0, 2.579092262793249, 3.7781343623539914, 4.864952162149183, 6.105861666464448, 6.317397200588229, 7.267973368828479, 4.297291446946553, 7.967717596024598, 6.7282046498304435, 7.3208290903421585, 6.050840180503861, 7.95531653927108, 6.689201211654498, 7.320820496365144, 4.7034191669465315, 4.729743923300711, 6.422817781939638, 5.77226805077519, 7.3702068885479735, 6.289160066336362, 7.427458161443927, 7.300657058785873, 8.206756485969352], [5.515092521436063, 4.916295567803059, 6.213785285154292, 4.060256081825382, 2.672326187051274, 2.3831246799108103, 1.3238866152356101, 2.579092262793249, 0.0, 1.3184246129377288, 2.287581557016055, 3.5595954503285907, 3.9944114773017563, 4.6969100683321585, 2.3368597176552983, 6.358774928396193, 4.9471763370633965, 6.0531666167387135, 4.658041100076297, 6.974611345444275, 6.1985915327596794, 6.725031586542921, 4.440108834251701, 2.2984797715011545, 3.95710847968564, 3.688315096354974, 5.061981519128651, 4.075199219670125, 4.884945451077218, 4.8114779631626705, 5.6378991282214335], [4.497051907639047, 4.107833965729384, 5.537610344724518, 3.5525995848111003, 2.2659102078414315, 2.671250856808473, 2.2068595809430196, 3.7781343623539914, 1.3184246129377288, 0.0, 1.3847816434369715, 2.433689776861464, 3.0930741423380073, 3.702034036850552, 1.328003471381005, 5.2573293419758285, 3.8237042576538265, 5.14321219181165, 3.7842598470506754, 6.175175101970794, 5.701455099358409, 6.110632999943623, 4.191639314158603, 1.9528325222609337, 2.6665561347925903, 2.8731089102225136, 4.083045747968053, 3.4660572211087337, 3.901433944077485, 4.056485287783008, 4.562428029021389], [5.112116456028755, 4.99214478255589, 6.472099134747551, 4.713408962735993, 3.5474218736992644, 4.055721472192093, 3.468190186538218, 4.864952162149183, 2.287581557016055, 1.3847816434369715, 0.0, 1.457330782629668, 2.4592138194959787, 2.4172220191782134, 2.35412153042276, 5.697120276946942, 4.264390888509166, 5.843053668245739, 4.5313570803899355, 6.949998956834453, 6.728388090025724, 7.108176299164223, 5.453360408041998, 1.01432755064624, 2.1151099498607633, 2.7600656749432613, 3.4091796109914774, 2.713724809187549, 2.6688318980407892, 2.690193058127985, 3.379847552775125], [4.7071117651910495, 5.018873078690076, 6.529569797467518, 5.002258240035195, 4.114717499415969, 4.9254975840010315, 4.60044688264086, 6.105861666464448, 3.5595954503285907, 2.433689776861464, 1.457330782629668, 0.0, 1.5285588310562335, 1.52928383892592, 2.8120679988222195, 5.150671837731463, 3.7065113219845967, 5.411319314178383, 4.647359157629201, 6.868000778246899, 7.002604059919423, 7.10908352250837, 5.900385271319154, 2.1096833387975553, 1.0970655449880833, 2.1801549302744516, 2.173194245805009, 2.1808605296992285, 2.173637529580312, 2.182825769501542, 2.1753374106101337], [5.03206497275224, 5.576751493477183, 7.0913524831304215, 5.34510214308389, 4.520765340072408, 5.2377144414334005, 4.923544806336183, 6.317397200588229, 3.9944114773017563, 3.0930741423380073, 2.4592138194959787, 1.5285588310562335, 0.0, 2.505580774990102, 3.416674993323187, 5.6037920428938115, 3.958577812800956, 5.462803703227857, 5.486871350779058, 7.5235794479755445, 7.661874871074311, 7.466993237575617, 6.247241007836979, 2.7247635879099676, 2.15885892313509, 1.0951312706703247, 1.0950621763169432, 1.0958249723381923, 3.4660092916782554, 2.773115616053539, 2.7575005512238797], [5.89015900209833, 6.250895874992639, 7.70823814240323, 6.4073535207603465, 5.533316316640501, 6.312786113119943, 5.867224422160788, 7.267973368828479, 4.6969100683321585, 3.702034036850552, 2.4172220191782134, 1.52928383892592, 2.505580774990102, 0.0, 4.208980348017795, 6.127661642094805, 4.91189523096737, 6.6662259022628385, 5.727986003823683, 7.902639023136512, 8.172104495171364, 8.371671466917464, 7.300710574320831, 2.7268180228977514, 2.130376724901021, 3.4699312875041195, 2.739024120010629, 2.7863307969442532, 1.0956640224083294, 1.0959808210000757, 1.094953117717832], [3.213829917714999, 2.805837616470347, 4.269640173363559, 2.3600113241253737, 1.327874802080377, 2.336315008726349, 2.587064241568037, 4.297291446946553, 2.3368597176552983, 1.328003471381005, 2.35412153042276, 2.8120679988222195, 3.416674993323187, 4.208980348017795, 0.0, 4.0242436320382, 2.6694536838087304, 3.873866072801175, 2.6164932352291683, 4.913884481751683, 4.5450752083986465, 4.821078744430546, 3.1468533680487876, 3.159765320399602, 2.516369062756892, 2.971001344664792, 4.202660804775945, 4.1048493882236405, 4.375999469835434, 4.823332400944392, 4.864439057075337], [1.0951659737227049, 2.17341805458591, 2.7370666597655235, 3.4012304038391754, 4.191518090143474, 5.4625779143184765, 6.343592381293112, 7.967717596024598, 6.358774928396193, 5.2573293419758285, 5.697120276946942, 5.150671837731463, 5.6037920428938115, 6.127661642094805, 4.0242436320382, 0.0, 1.7672771033428798, 1.7732755172279349, 2.503382803328328, 2.527926947124857, 3.745582897227079, 3.1043493279590813, 4.166666232133311, 6.679552698347398, 4.109430134459035, 5.23081306681858, 5.603675990811746, 6.6767887393566685, 6.1769554256122, 7.141931640669771, 6.109781204756844], [1.0944809317662871, 2.1839722159404866, 3.4684905621898414, 2.742187787150982, 3.0811696188298368, 4.370199513752204, 5.0658680460509435, 6.7282046498304435, 4.9471763370633965, 3.8237042576538265, 4.264390888509166, 3.7065113219845967, 3.958577812800956, 4.91189523096737, 2.6694536838087304, 1.7672771033428798, 0.0, 1.764775254812918, 2.525536683558566, 3.7536915017086847, 4.3235697288236254, 3.7868733422178247, 3.7259485624468835, 5.184921755436624, 2.802748984479345, 3.4854022809426177, 4.082785829553149, 5.00644901202439, 5.181030415853587, 5.821358590569731, 5.003644968420522], [1.0959815555017338, 2.180058279037512, 2.7711441860718833, 2.7024253144166632, 3.6826829214582135, 4.807218577306424, 5.814778393025826, 7.3208290903421585, 6.0531666167387135, 5.14321219181165, 5.843053668245739, 5.411319314178383, 5.462803703227857, 6.6662259022628385, 3.873866072801175, 1.7732755172279349, 1.764775254812918, 0.0, 3.0816557075702016, 3.1224471700895116, 3.7805010488029227, 2.5896811019892008, 3.408569851125249, 6.718023854527461, 4.559113151699571, 4.77917928519113, 5.540885209964199, 6.4634152527901225, 6.940232355620379, 7.5500211986457355, 6.723468064176403], [2.1624181857355897, 1.0978286113961504, 2.1333317651035903, 2.1219451972188157, 2.5601582919811814, 3.6736235367821783, 4.510680527370566, 6.050840180503861, 4.658041100076297, 3.7842598470506754, 4.5313570803899355, 4.647359157629201, 5.486871350779058, 5.727986003823683, 2.6164932352291683, 2.503382803328328, 2.525536683558566, 3.0816557075702016, 0.0, 2.4743123832693397, 2.473627380993346, 3.062281536697761, 2.72191811228773, 5.474795178817194, 3.811975667550883, 5.116783475973945, 5.940638178680805, 6.388738433368516, 5.5542746034023205, 6.617270169790561, 6.144899956061124], [2.7473169929951657, 2.1766305543201403, 1.0950672445105825, 3.390111353628373, 4.512898630592095, 5.470000630712943, 6.5796448148817275, 7.95531653927108, 6.974611345444275, 6.175175101970794, 6.949998956834453, 6.868000778246899, 7.5235794479755445, 7.902639023136512, 4.913884481751683, 2.527926947124857, 3.7536915017086847, 3.1224471700895116, 2.4743123832693397, 0.0, 1.7712752157697005, 1.7746760549463667, 3.5636038135572816, 7.905045013154575, 5.906894160216518, 7.045324830694466, 7.769330793575468, 8.513350154903767, 7.735844376666324, 8.872705763745351, 8.116140618545247], [3.4623334487019006, 2.1747497327278835, 1.0956929405631852, 2.695440272014945, 3.763579856997856, 4.368843713157979, 5.544502504282959, 6.689201211654498, 6.1985915327596794, 5.701455099358409, 6.728388090025724, 7.002604059919423, 7.661874871074311, 8.172104495171364, 4.5450752083986465, 3.745582897227079, 4.3235697288236254, 3.7805010488029227, 2.473627380993346, 1.7712752157697005, 0.0, 1.7679670217512542, 2.400329937737727, 7.577965981053227, 6.2174782693629105, 7.080174569881734, 8.132832365787456, 8.526187102685466, 8.003063589026393, 9.019426873144434, 8.598153379069252], [2.7699235657324555, 2.183777046770114, 1.0958739206678842, 2.6935176275643715, 4.062807532975197, 4.827412569897046, 6.0905041540089275, 7.320820496365144, 6.725031586542921, 6.110632999943623, 7.108176299164223, 7.10908352250837, 7.466993237575617, 8.371671466917464, 4.821078744430546, 3.1043493279590813, 3.7868733422178247, 2.5896811019892008, 3.062281536697761, 1.7746760549463667, 1.7679670217512542, 0.0, 2.622099147629624, 7.976656548955835, 6.269568476378578, 6.763044513383007, 7.774179806256091, 8.395516929885854, 8.39828123963469, 9.250223851885963, 8.634240569963291], [3.2906367681650917, 2.111143114523504, 2.490859845515199, 1.0152438771053975, 1.936384644124199, 2.2739719039601165, 3.5828635516859975, 4.7034191669465315, 4.440108834251701, 4.191639314158603, 5.453360408041998, 5.900385271319154, 6.247241007836979, 7.300710574320831, 3.1468533680487876, 4.166666232133311, 3.7259485624468835, 3.408569851125249, 2.72191811228773, 3.5636038135572816, 2.400329937737727, 2.622099147629624, 0.0, 6.141317529651109, 5.38258227805205, 5.474807842289993, 6.880934596404765, 6.957455754800026, 7.381340975730629, 7.96759623788756, 7.843757065335463], [6.050392425289454, 5.903635721316145, 7.374384674669474, 5.473960640158094, 4.209531870647851, 4.462282158268345, 3.607523298608063, 4.729743923300711, 2.2984797715011545, 1.9528325222609337, 1.01432755064624, 2.1096833387975553, 2.7247635879099676, 2.7268180228977514, 3.159765320399602, 6.679552698347398, 5.184921755436624, 6.718023854527461, 5.474795178817194, 7.905045013154575, 7.577965981053227, 7.976656548955835, 6.141317529651109, 0.0, 3.002828703073154, 3.0949712938894924, 3.728282939906788, 2.555272059879339, 3.0655702895220003, 2.5752470658171807, 3.7384368631822578], [3.7725164333638097, 4.19198208369263, 5.664622201877191, 4.430084686549457, 3.7924804297451558, 4.828332088827362, 4.788417994494633, 6.422817781939638, 3.95710847968564, 2.6665561347925903, 2.1151099498607633, 1.0970655449880833, 2.15885892313509, 2.130376724901021, 2.516369062756892, 4.109430134459035, 2.802748984479345, 4.559113151699571, 3.811975667550883, 5.906894160216518, 6.2174782693629105, 6.269568476378578, 5.38258227805205, 3.002828703073154, 0.0, 2.5115792979716964, 2.5040921109256344, 3.0795276845646313, 2.474376232507902, 3.059885388376499, 2.467905982812149], [4.500336295211725, 5.020662930331013, 6.504094481171073, 4.606034465785075, 3.8529871658234214, 4.537457073075182, 4.374976425079341, 5.77226805077519, 3.688315096354974, 2.8731089102225136, 2.7600656749432613, 2.1801549302744516, 1.0951312706703247, 3.4699312875041195, 2.971001344664792, 5.23081306681858, 3.4854022809426177, 4.77917928519113, 5.116783475973945, 7.045324830694466, 7.080174569881734, 6.763044513383007, 5.474807842289993, 3.0949712938894924, 2.5115792979716964, 0.0, 1.7678207912568513, 1.7670939788251216, 4.3213100918587175, 3.792570887933408, 3.7571931185394236], [5.1742126260910455, 5.979821392817682, 7.446060690727682, 5.926373721762745, 5.293502852554251, 6.133319363933366, 5.941283581011767, 7.3702068885479735, 5.061981519128651, 4.083045747968053, 3.4091796109914774, 2.173194245805009, 1.0950621763169432, 2.739024120010629, 4.202660804775945, 5.603675990811746, 4.082785829553149, 5.540885209964199, 5.940638178680805, 7.769330793575468, 8.132832365787456, 7.774179806256091, 6.880934596404765, 3.728282939906788, 2.5040921109256344, 1.7678207912568513, 0.0, 1.7735378823132029, 3.7501923897314926, 3.0984478646574, 2.536121948960657], [6.062728049319052, 6.502836386531649, 8.025145287781399, 6.123800053071622, 5.153308825405285, 5.652956797995187, 5.107412386913749, 6.289160066336362, 4.075199219670125, 3.4660572211087337, 2.713724809187549, 2.1808605296992285, 1.0958249723381923, 2.7863307969442532, 4.1048493882236405, 6.6767887393566685, 5.00644901202439, 6.4634152527901225, 6.388738433368516, 8.513350154903767, 8.526187102685466, 8.395516929885854, 6.957455754800026, 2.555272059879339, 3.0795276845646313, 1.7670939788251216, 1.7735378823132029, 0.0, 3.7909634474629272, 2.604710553977159, 3.1467297341843645], [6.045154901241158, 6.243964459379954, 7.622650327149999, 6.533557114619875, 5.680911635468378, 6.463377505608039, 6.033949462002479, 7.427458161443927, 4.884945451077218, 3.901433944077485, 2.6688318980407892, 2.173637529580312, 3.4660092916782554, 1.0956640224083294, 4.375999469835434, 6.1769554256122, 5.181030415853587, 6.940232355620379, 5.5542746034023205, 7.735844376666324, 8.003063589026393, 8.39828123963469, 7.381340975730629, 3.0655702895220003, 2.474376232507902, 4.3213100918587175, 3.7501923897314926, 3.7909634474629272, 0.0, 1.7677701688850844, 1.7719857279334956], [6.82378552637757, 7.122338868658244, 8.607360235287008, 7.117878224583503, 6.109643523152557, 6.7165328697178275, 6.076032490038216, 7.300657058785873, 4.8114779631626705, 4.056485287783008, 2.690193058127985, 2.182825769501542, 2.773115616053539, 1.0959808210000757, 4.823332400944392, 7.141931640669771, 5.821358590569731, 7.5500211986457355, 6.617270169790561, 8.872705763745351, 9.019426873144434, 9.250223851885963, 7.96759623788756, 2.5752470658171807, 3.059885388376499, 3.792570887933408, 3.0984478646574, 2.604710553977159, 1.7677701688850844, 0.0, 1.7741369084712713], [6.0001031407801655, 6.59906716210708, 8.019404878792441, 6.893570233920881, 6.177657299494688, 7.074190567124976, 6.748029742821235, 8.206756485969352, 5.6378991282214335, 4.562428029021389, 3.379847552775125, 2.1753374106101337, 2.7575005512238797, 1.094953117717832, 4.864439057075337, 6.109781204756844, 5.003644968420522, 6.723468064176403, 6.144899956061124, 8.116140618545247, 8.598153379069252, 8.634240569963291, 7.843757065335463, 3.7384368631822578, 2.467905982812149, 3.7571931185394236, 2.536121948960657, 3.1467297341843645, 1.7719857279334956, 1.7741369084712713, 0.0]]}