{"total energy": -50.37550385, "HOMO-LUMO gap/eV": 2.94252966, "electronic energy": -50.91591984, "dipole": [-0.53954934, -0.59996377, -1.59128782], "partial charges": [0.04349955, -0.27151771, 0.5277858, -0.40008923, -0.28626281, 0.04405804, -0.2476376, 0.14913232, -0.06052588, -0.03243539, 0.03658959, -0.19090811, -0.04466051, 0.02086084, -0.1069701, -0.0611007, 0.07076319, 0.05531636, 0.06978082, 0.0700736, 0.05742644, 0.05417187, 0.06071858, 0.05872808, 0.05849651, 0.04574547, 0.04835676, 0.06072744, 0.064365, 0.04610485, 0.05940693], "atomic dipole moments": [[0.28282835, -0.04325868, -0.08307227], [-0.08534797, -0.0510175, 0.17536581], [-0.03482732, -0.13898867, -0.27368138], [-0.02756664, -0.21074302, -0.41462763], [0.02235843, 0.05609733, -0.19995474], [0.04413848, 0.16756467, 0.2335488], [0.01951202, -0.07731647, 0.13168781], [-0.30940722, 0.1348366, -0.03884843], [-0.01595474, 0.03636349, -0.03371571], [-0.01833201, 0.01651849, -0.00983455], [0.11880035, -0.0502626, 0.01018132], [-0.17207813, 0.30836351, 0.22393746], [-0.04199232, -0.0778898, -0.10064481], [0.03657936, 0.01425952, -0.04420087], [-0.0630455, -0.02475048, 0.06516487], [-0.03960197, -0.01694936, 0.04137743], [-0.07848467, 0.01222511, -0.09683273], [-0.02449961, -0.1049758, 0.06269955], [-0.00116384, 0.10546428, 0.06930642], [-0.03496708, -0.11779501, 0.0255161], [-0.09051052, 0.05795412, -0.06234647], [0.11144702, -0.0009441, -0.05701564], [-0.10348398, -0.04774343, 0.10760407], [0.02305804, -0.09459111, 0.11816985], [0.12058021, -0.03240949, 0.03635651], [0.00150389, 0.12300805, -0.04059657], [-0.07785229, -0.01415548, 0.102358], [0.09776702, 0.06854359, 0.05795231], [0.0437147, -0.10881422, -0.06513523], [-0.04126636, 0.07781795, -0.09299658], [-0.02991263, 0.09437563, -0.11974304]], "atomic quadrupole moments": [[0.49284663, -0.09847568, -0.29162744, -0.23309658, 0.01784713, -0.20121919], [0.08732226, -0.05013867, -0.08604934, -0.02275224, -0.03477039, -0.00127292], [0.78294439, -0.16816888, 0.06774806, -0.1502924, -0.28352771, -0.85069245], [-0.36180512, 0.05555463, -0.09755118, 0.07760162, 0.43438706, 0.4593563], [-0.10399544, 0.04195031, 0.04537661, 0.01402087, 0.05089508, 0.05861883], [-0.2819647, 0.071278, -0.01247565, 0.09055554, 0.37768282, 0.29444035], [0.06743996, -0.02213439, -0.05917812, -0.04100119, -0.02049298, -0.00826184], [0.15950967, -0.10664365, 0.08682792, 0.20186067, 0.31539309, -0.2463376], [-0.18529767, 0.11743339, 0.19772231, 0.11087581, 0.32016194, -0.01242465], [-0.18555611, 0.13363319, 0.21901645, 0.12906012, 0.36837492, -0.03346034], [0.04293402, -0.03780987, 0.12612418, 0.1609838, 0.31357008, -0.1690582], [0.20689236, -0.17171957, -0.14694986, 0.3414727, 0.35185954, -0.0599425], [-0.13473271, 0.09803068, 0.00840507, 0.14043146, 0.27177483, 0.12632764], [-0.15158469, 0.19548357, 0.16220841, -0.00392677, 0.3283706, -0.01062371], [0.08439716, 0.02495863, -0.10250326, -0.13157338, -0.07040473, 0.0181061], [-0.16113663, 0.16073219, 0.17955641, 0.0525631, 0.30824842, -0.01841979], [0.00538799, -0.01159491, -0.05542667, 0.04218585, -0.0067439, 0.05003868], [0.00720213, 0.0054683, 0.02056566, -0.02388061, -0.0471537, -0.02776779], [0.00070074, -0.00142765, 0.0187135, -0.01053878, 0.05507782, -0.01941425], [-0.04699738, 0.03402192, 0.05665053, -0.00949022, -0.02758691, -0.00965314], [-0.00266545, -0.03915796, -0.00296055, 0.04601216, 0.0033072, 0.00562599], [0.03593176, 0.01478351, -0.03547276, -0.03514944, 0.02841124, -0.000459], [0.04266705, -0.02633401, -0.02912138, -0.00616643, -0.02932983, -0.01354567], [0.0407771, -0.02170307, -0.03427732, -0.01728714, -0.03995714, -0.00649978], [0.06356345, -0.03286806, -0.03290266, 0.03562314, 0.00410077, -0.03066079], [-0.05872118, 0.00087605, 0.06257586, 0.00982029, -0.02169535, -0.00385468], [-0.00114677, 0.02390997, -0.02827432, -0.05250427, 0.01056668, 0.02942109], [0.02251211, 0.04149703, -0.02751855, 0.04670223, 0.01747738, 0.00500644], [-0.03389682, -0.03550442, 0.05267693, -0.02169164, 0.02590255, -0.01878011], [-0.00266708, -0.03699285, -0.00684318, 0.02880245, -0.05560972, 0.00951026], [0.02459505, -0.0185012, -0.02546387, -0.01166758, -0.03839047, 0.00086882]], "number of molecular orbitals": 94, "number of electrons": 90, "number of unpaired electrons": 0, "orbital energies/eV": [-20.72565738, -20.30947865, -20.08802515, -19.34884628, -19.15789275, -18.60209095, -18.26882045, -18.09280379, -17.66674398, -17.51954303, -17.07395786, -16.86335204, -16.65618337, -16.46949234, -16.38627429, -16.2163795, -15.91962775, -15.73225633, -15.56885045, -15.45362434, -15.25178398, -15.10429713, -14.98944257, -14.32141916, -14.08560737, -13.88850429, -13.78507458, -13.68596208, -13.60741204, -13.41989127, -13.39801136, -13.34826214, -13.11097161, -12.95124395, -12.76018573, -12.69159967, -12.64566155, -12.41722455, -12.08015348, -11.96299645, -11.36355972, -11.13042367, -10.02067012, -9.96923099, -9.82559512, -6.88306546, -6.71314305, -5.29744656, -4.88219593, -4.38083262, -3.83431537, -3.28203546, -3.15757476, -1.59957359, -0.08347087, 0.31193765, 0.72448129, 0.7681674, 0.99171572, 1.26901422, 1.60644776, 1.70891377, 2.01641047, 2.45180796, 3.02998842, 3.23986977, 3.32855764, 3.37366902, 3.8543135, 3.95754456, 4.09117488, 4.25297611, 4.56939735, 4.87196013, 4.992632, 5.02754122, 5.30673412, 5.56765917, 5.81547264, 5.94604813, 6.16796002, 6.33607904, 8.46206208, 9.64247422, 10.09719541, 11.10173943, 11.36811828, 11.63909185, 12.92412435, 15.86248758, 16.63133904, 27.52771575, 28.31681591, 36.75196768], "fractional occupation": [2.0, 2.0, 2.0, 2.0, 2.0, 2.0, 2.0, 2.0, 2.0, 2.0, 2.0, 2.0, 2.0, 2.0, 2.0, 2.0, 2.0, 2.0, 2.0, 2.0, 2.0, 2.0, 2.0, 2.0, 2.0, 2.0, 2.0, 2.0, 2.0, 2.0, 2.0, 2.0, 2.0, 2.0, 2.0, 2.0, 2.0, 2.0, 2.0, 2.0, 2.0, 2.0, 2.0, 2.0, 2.0, 0.0, 0.0, 0.0, 0.0, 0.0, 0.0, 0.0, 0.0, 0.0, 0.0, 0.0, 0.0, 0.0, 0.0, 0.0, 0.0, 0.0, 0.0, 0.0, 0.0, 0.0, 0.0, 0.0, 0.0, 0.0, 0.0, 0.0, 0.0, 0.0, 0.0, 0.0, 0.0, 0.0, 0.0, 0.0, 0.0, 0.0, 0.0, 0.0, 0.0, 0.0, 0.0, 0.0, 0.0, 0.0, 0.0, 0.0, 0.0, 0.0], "program call": "xtb /home/svss/Project-DBcg-Debug/aqme2_20220329/End-to-End-workflows-final/example-3/QDESCP/mol_230_rdkit_conf_15/mol_230_rdkit_conf_15.xyz --pop --wbo --acc 0.2 --gfn 2 --chrg 0 --uhf 0 --etemp 300 --input /home/svss/Project-DBcg-Debug/aqme2_20220329/End-to-End-workflows-final/example-3/QDESCP/mol_230_rdkit_conf_15/mol_230_rdkit_conf_15_xtb.inp", "method": "GFN2-xTB", "xtb version": "6.3.3 (7355c4f)", "Dipole module/D": 4.535, "Total charge": 0, "Transition dipole module/D": NaN, "HOMO": -9.8256, "LUMO": -6.8831, "HOMO occupancy": 2.0, "LUMO occupancy": 0, "mulliken charges": [0.17938, -0.36111, 0.44604, -0.18312, -0.37477, 0.17994, -0.32967, 0.26028, -0.07765, -0.03387, 0.03375, -0.1264, -0.01661, 0.00978, -0.08243, -0.08094, 0.03436, 0.03568, 0.03438, 0.03058, 0.03572, 0.03618, 0.05619, 0.03718, 0.03681, 0.02742, 0.02768, 0.04007, 0.04096, 0.03386, 0.05032], "cm5 charges": [0.06393, -0.42713, 0.40711, -0.1521, -0.44247, 0.06463, -0.37505, 0.28208, -0.12647, -0.08477, 0.03961, -0.16902, -0.1478, -0.00322, -0.22461, -0.12831, 0.09387, 0.09937, 0.09504, 0.09014, 0.09987, 0.10036, 0.1195, 0.09413, 0.089, 0.08014, 0.08043, 0.09257, 0.0934, 0.0858, 0.10996], "FUKUI+": [0.012, -0.01, -0.063, -0.076, 0.004, 0.011, -0.018, -0.068, -0.02, -0.029, -0.037, -0.192, 0.023, -0.038, 0.025, -0.025, -0.022, -0.01, -0.012, -0.02, -0.018, 0.006, -0.059, -0.06, -0.053, -0.039, -0.038, -0.035, -0.036, -0.039, -0.063], "FUKUI-": [0.018, -0.004, -0.115, -0.274, 0.005, 0.015, -0.002, -0.006, -0.002, -0.005, 0.025, -0.335, 0.051, -0.014, 0.018, -0.01, -0.03, -0.011, -0.01, -0.026, -0.018, -0.008, -0.017, -0.019, -0.042, -0.047, -0.046, -0.014, -0.018, -0.028, -0.032], "FUKUIrad": [0.015, -0.007, -0.089, -0.175, 0.005, 0.013, -0.01, -0.037, -0.011, -0.017, -0.006, -0.263, 0.037, -0.026, 0.022, -0.017, -0.026, -0.011, -0.011, -0.023, -0.018, -0.001, -0.038, -0.039, -0.048, -0.043, -0.042, -0.025, -0.027, -0.034, -0.047], "s proportion": [0.973, 1.64, 1.433, 1.89, 1.646, 0.972, 1.63, 1.016, 1.062, 1.069, 1.09, 1.927, 1.012, 1.092, 1.007, 1.065, 0.966, 0.964, 0.966, 0.969, 0.964, 0.964, 0.944, 0.963, 0.963, 0.973, 0.972, 0.96, 0.959, 0.966, 0.95], "p proportion": [2.847, 4.721, 1.932, 4.308, 4.728, 2.848, 4.699, 2.724, 3.015, 2.965, 2.876, 4.196, 3.005, 2.898, 3.075, 3.016, 0.0, 0.0, 0.0, 0.0, 0.0, 0.0, 0.0, 0.0, 0.0, 0.0, 0.0, 0.0, 0.0, 0.0, 0.0], "d proportion": [0.0, 0.0, 1.189, -0.014, 0.0, 0.0, 0.0, 0.0, 0.0, 0.0, 0.0, 0.004, 0.0, 0.0, 0.0, 0.0, 0.0, 0.0, 0.0, 0.0, 0.0, 0.0, 0.0, 0.0, 0.0, 0.0, 0.0, 0.0, 0.0, 0.0, 0.0], "Fermi-level/eV": -8.3543, "Coordination numbers": [3.869, 1.657, 4.014, 0.924, 1.657, 3.855, 1.663, 3.022, 2.913, 2.952, 2.956, 2.004, 3.742, 2.98, 3.754, 2.917, 0.924, 0.924, 0.924, 0.924, 0.924, 0.924, 0.925, 0.925, 0.924, 0.924, 0.924, 0.924, 0.924, 0.924, 0.925], "Dispersion coefficient C6": [19.802, 18.519, 138.868, 156.627, 18.771, 19.799, 18.117, 24.741, 29.505, 28.807, 27.179, 149.161, 21.449, 27.536, 22.602, 29.519, 2.077, 2.255, 2.088, 2.085, 2.229, 2.269, 2.191, 2.214, 2.217, 2.374, 2.341, 2.191, 2.149, 2.369, 2.206], "Total dispersion C6": 14699.417683, "Total dispersion C8": 438907.834436, "Polarizability alpha": [6.328, 5.809, 21.169, 21.168, 5.849, 6.328, 5.746, 8.159, 8.907, 8.803, 8.551, 20.556, 6.607, 8.608, 6.779, 8.91, 2.254, 2.348, 2.26, 2.258, 2.335, 2.355, 2.314, 2.327, 2.328, 2.409, 2.393, 2.315, 2.292, 2.407, 2.323], "Total polarizability alpha": 193.194883, "Wiberg matrix": [[0.0, 0.9417319951499789, 0.0, 0.0, 0.0, 0.0, 0.0, 0.0, 0.0, 0.0, 0.0, 0.0, 0.0, 0.0, 0.0, 0.0, 0.976409773807785, 0.9777860641921172, 0.9789194245714697, 0.0, 0.0, 0.0, 0.0, 0.0, 0.0, 0.0, 0.0, 0.0, 0.0, 0.0, 0.0], [0.9417319951499789, 0.0, 1.2026357734099031, 0.0, 0.0, 0.0, 0.0, 0.0, 0.0, 0.0, 0.0, 0.0, 0.0, 0.0, 0.0, 0.0, 0.0, 0.0, 0.0, 0.0, 0.0, 0.0, 0.0, 0.0, 0.0, 0.0, 0.0, 0.0, 0.0, 0.0, 0.0], [0.0, 1.2026357734099031, 0.0, 1.5922686529789813, 1.1852433706661654, 0.0, 1.193318111411072, 0.0, 0.0, 0.0, 0.0, 0.0, 0.0, 0.0, 0.0, 0.0, 0.0, 0.0, 0.0, 0.0, 0.0, 0.0, 0.0, 0.0, 0.0, 0.0, 0.0, 0.0, 0.0, 0.0, 0.0], [0.0, 0.0, 1.5922686529789813, 0.0, 0.0, 0.0, 0.0, 0.0, 0.0, 0.0, 0.0, 0.0, 0.0, 0.0, 0.0, 0.0, 0.0, 0.0, 0.0, 0.0, 0.0, 0.0, 0.0, 0.0, 0.0, 0.0, 0.0, 0.0, 0.0, 0.0, 0.0], [0.0, 0.0, 1.1852433706661654, 0.0, 0.0, 0.9396652721074015, 0.0, 0.0, 0.0, 0.0, 0.0, 0.0, 0.0, 0.0, 0.0, 0.0, 0.0, 0.0, 0.0, 0.0, 0.0, 0.0, 0.0, 0.0, 0.0, 0.0, 0.0, 0.0, 0.0, 0.0, 0.0], [0.0, 0.0, 0.0, 0.0, 0.9396652721074015, 0.0, 0.0, 0.0, 0.0, 0.0, 0.0, 0.0, 0.0, 0.0, 0.0, 0.0, 0.0, 0.0, 0.0, 0.9768613898744422, 0.9781386168627993, 0.9785963994569616, 0.0, 0.0, 0.0, 0.0, 0.0, 0.0, 0.0, 0.0, 0.0], [0.0, 0.0, 1.193318111411072, 0.0, 0.0, 0.0, 0.0, 0.9717930201236454, 0.0, 0.0, 0.0, 0.0, 0.0, 0.0, 0.0, 0.0, 0.0, 0.0, 0.0, 0.0, 0.0, 0.0, 0.0, 0.0, 0.0, 0.0, 0.0, 0.0, 0.0, 0.0, 0.0], [0.0, 0.0, 0.0, 0.0, 0.0, 0.0, 0.9717930201236454, 0.0, 1.3867270453463623, 0.0, 0.0, 0.0, 0.0, 0.0, 0.0, 1.3743969353927021, 0.0, 0.0, 0.0, 0.0, 0.0, 0.0, 0.0, 0.0, 0.0, 0.0, 0.0, 0.0, 0.0, 0.0, 0.0], [0.0, 0.0, 0.0, 0.0, 0.0, 0.0, 0.0, 1.3867270453463623, 0.0, 1.4338454089416, 0.0, 0.0, 0.0, 0.10043333438561768, 0.0, 0.0, 0.0, 0.0, 0.0, 0.0, 0.0, 0.0, 0.9545761965859614, 0.0, 0.0, 0.0, 0.0, 0.0, 0.0, 0.0, 0.0], [0.0, 0.0, 0.0, 0.0, 0.0, 0.0, 0.0, 0.0, 1.4338454089416, 0.0, 1.4192976219041653, 0.0, 0.0, 0.0, 0.0, 0.10747742154770037, 0.0, 0.0, 0.0, 0.0, 0.0, 0.0, 0.0, 0.9678834490037964, 0.0, 0.0, 0.0, 0.0, 0.0, 0.0, 0.0], [0.0, 0.0, 0.0, 0.0, 0.0, 0.0, 0.0, 0.0, 0.0, 1.4192976219041653, 0.0, 0.9958650311514501, 0.0, 1.3743621924694294, 0.0, 0.0, 0.0, 0.0, 0.0, 0.0, 0.0, 0.0, 0.0, 0.0, 0.0, 0.0, 0.0, 0.0, 0.0, 0.0, 0.0], [0.0, 0.0, 0.0, 0.0, 0.0, 0.0, 0.0, 0.0, 0.0, 0.0, 0.9958650311514501, 0.0, 0.9953738076774096, 0.0, 0.0, 0.0, 0.0, 0.0, 0.0, 0.0, 0.0, 0.0, 0.0, 0.0, 0.0, 0.0, 0.0, 0.0, 0.0, 0.0, 0.0], [0.0, 0.0, 0.0, 0.0, 0.0, 0.0, 0.0, 0.0, 0.0, 0.0, 0.0, 0.9953738076774096, 0.0, 0.0, 0.0, 0.0, 0.0, 0.0, 0.0, 0.0, 0.0, 0.0, 0.0, 0.0, 0.9804553549210251, 0.9856571824628851, 0.9844151931078802, 0.0, 0.0, 0.0, 0.0], [0.0, 0.0, 0.0, 0.0, 0.0, 0.0, 0.0, 0.0, 0.10043333438561768, 0.0, 1.3743621924694294, 0.0, 0.0, 0.0, 1.030424735084003, 1.4145026792236444, 0.0, 0.0, 0.0, 0.0, 0.0, 0.0, 0.0, 0.0, 0.0, 0.0, 0.0, 0.0, 0.0, 0.0, 0.0], [0.0, 0.0, 0.0, 0.0, 0.0, 0.0, 0.0, 0.0, 0.0, 0.0, 0.0, 0.0, 0.0, 1.030424735084003, 0.0, 0.0, 0.0, 0.0, 0.0, 0.0, 0.0, 0.0, 0.0, 0.0, 0.0, 0.0, 0.0, 0.96823837906806, 0.9683540656834901, 0.9842504790462323, 0.0], [0.0, 0.0, 0.0, 0.0, 0.0, 0.0, 0.0, 1.3743969353927021, 0.0, 0.10747742154770037, 0.0, 0.0, 0.0, 1.4145026792236444, 0.0, 0.0, 0.0, 0.0, 0.0, 0.0, 0.0, 0.0, 0.0, 0.0, 0.0, 0.0, 0.0, 0.0, 0.0, 0.0, 0.9637250104252657], [0.976409773807785, 0.0, 0.0, 0.0, 0.0, 0.0, 0.0, 0.0, 0.0, 0.0, 0.0, 0.0, 0.0, 0.0, 0.0, 0.0, 0.0, 0.0, 0.0, 0.0, 0.0, 0.0, 0.0, 0.0, 0.0, 0.0, 0.0, 0.0, 0.0, 0.0, 0.0], [0.9777860641921172, 0.0, 0.0, 0.0, 0.0, 0.0, 0.0, 0.0, 0.0, 0.0, 0.0, 0.0, 0.0, 0.0, 0.0, 0.0, 0.0, 0.0, 0.0, 0.0, 0.0, 0.0, 0.0, 0.0, 0.0, 0.0, 0.0, 0.0, 0.0, 0.0, 0.0], [0.9789194245714697, 0.0, 0.0, 0.0, 0.0, 0.0, 0.0, 0.0, 0.0, 0.0, 0.0, 0.0, 0.0, 0.0, 0.0, 0.0, 0.0, 0.0, 0.0, 0.0, 0.0, 0.0, 0.0, 0.0, 0.0, 0.0, 0.0, 0.0, 0.0, 0.0, 0.0], [0.0, 0.0, 0.0, 0.0, 0.0, 0.9768613898744422, 0.0, 0.0, 0.0, 0.0, 0.0, 0.0, 0.0, 0.0, 0.0, 0.0, 0.0, 0.0, 0.0, 0.0, 0.0, 0.0, 0.0, 0.0, 0.0, 0.0, 0.0, 0.0, 0.0, 0.0, 0.0], [0.0, 0.0, 0.0, 0.0, 0.0, 0.9781386168627993, 0.0, 0.0, 0.0, 0.0, 0.0, 0.0, 0.0, 0.0, 0.0, 0.0, 0.0, 0.0, 0.0, 0.0, 0.0, 0.0, 0.0, 0.0, 0.0, 0.0, 0.0, 0.0, 0.0, 0.0, 0.0], [0.0, 0.0, 0.0, 0.0, 0.0, 0.9785963994569616, 0.0, 0.0, 0.0, 0.0, 0.0, 0.0, 0.0, 0.0, 0.0, 0.0, 0.0, 0.0, 0.0, 0.0, 0.0, 0.0, 0.0, 0.0, 0.0, 0.0, 0.0, 0.0, 0.0, 0.0, 0.0], [0.0, 0.0, 0.0, 0.0, 0.0, 0.0, 0.0, 0.0, 0.9545761965859614, 0.0, 0.0, 0.0, 0.0, 0.0, 0.0, 0.0, 0.0, 0.0, 0.0, 0.0, 0.0, 0.0, 0.0, 0.0, 0.0, 0.0, 0.0, 0.0, 0.0, 0.0, 0.0], [0.0, 0.0, 0.0, 0.0, 0.0, 0.0, 0.0, 0.0, 0.0, 0.9678834490037964, 0.0, 0.0, 0.0, 0.0, 0.0, 0.0, 0.0, 0.0, 0.0, 0.0, 0.0, 0.0, 0.0, 0.0, 0.0, 0.0, 0.0, 0.0, 0.0, 0.0, 0.0], [0.0, 0.0, 0.0, 0.0, 0.0, 0.0, 0.0, 0.0, 0.0, 0.0, 0.0, 0.0, 0.9804553549210251, 0.0, 0.0, 0.0, 0.0, 0.0, 0.0, 0.0, 0.0, 0.0, 0.0, 0.0, 0.0, 0.0, 0.0, 0.0, 0.0, 0.0, 0.0], [0.0, 0.0, 0.0, 0.0, 0.0, 0.0, 0.0, 0.0, 0.0, 0.0, 0.0, 0.0, 0.9856571824628851, 0.0, 0.0, 0.0, 0.0, 0.0, 0.0, 0.0, 0.0, 0.0, 0.0, 0.0, 0.0, 0.0, 0.0, 0.0, 0.0, 0.0, 0.0], [0.0, 0.0, 0.0, 0.0, 0.0, 0.0, 0.0, 0.0, 0.0, 0.0, 0.0, 0.0, 0.9844151931078802, 0.0, 0.0, 0.0, 0.0, 0.0, 0.0, 0.0, 0.0, 0.0, 0.0, 0.0, 0.0, 0.0, 0.0, 0.0, 0.0, 0.0, 0.0], [0.0, 0.0, 0.0, 0.0, 0.0, 0.0, 0.0, 0.0, 0.0, 0.0, 0.0, 0.0, 0.0, 0.0, 0.96823837906806, 0.0, 0.0, 0.0, 0.0, 0.0, 0.0, 0.0, 0.0, 0.0, 0.0, 0.0, 0.0, 0.0, 0.0, 0.0, 0.0], [0.0, 0.0, 0.0, 0.0, 0.0, 0.0, 0.0, 0.0, 0.0, 0.0, 0.0, 0.0, 0.0, 0.0, 0.9683540656834901, 0.0, 0.0, 0.0, 0.0, 0.0, 0.0, 0.0, 0.0, 0.0, 0.0, 0.0, 0.0, 0.0, 0.0, 0.0, 0.0], [0.0, 0.0, 0.0, 0.0, 0.0, 0.0, 0.0, 0.0, 0.0, 0.0, 0.0, 0.0, 0.0, 0.0, 0.9842504790462323, 0.0, 0.0, 0.0, 0.0, 0.0, 0.0, 0.0, 0.0, 0.0, 0.0, 0.0, 0.0, 0.0, 0.0, 0.0, 0.0], [0.0, 0.0, 0.0, 0.0, 0.0, 0.0, 0.0, 0.0, 0.0, 0.0, 0.0, 0.0, 0.0, 0.0, 0.0, 0.9637250104252657, 0.0, 0.0, 0.0, 0.0, 0.0, 0.0, 0.0, 0.0, 0.0, 0.0, 0.0, 0.0, 0.0, 0.0, 0.0]], "Born radii": [], "Atomic SASAs": [], "Solvent H bonds": [], "Total SASA": NaN, "Total FOD": 0.0, "FOD": [0.0, 0.0, 0.0, 0.0, 0.0, 0.0, 0.0, 0.0, 0.0, 0.0, 0.0, 0.0, 0.0, 0.0, 0.0, 0.0, 0.0, 0.0, 0.0, 0.0, 0.0, 0.0, 0.0, 0.0, 0.0, 0.0, 0.0, 0.0, 0.0, 0.0, 0.0], "FOD s proportion": [0.0, 0.0, 0.0, 0.0, 0.0, 0.0, 0.0, 0.0, 0.0, 0.0, 0.0, 0.0, 0.0, 0.0, 0.0, 0.0, 0.0, 0.0, 0.0, 0.0, 0.0, 0.0, 0.0, 0.0, 0.0, 0.0, 0.0, 0.0, 0.0, 0.0, 0.0], "FOD p proportion": [0.0, 0.0, 0.0, 0.0, 0.0, 0.0, 0.0, 0.0, 0.0, 0.0, 0.0, 0.0, 0.0, 0.0, 0.0, 0.0, 0.0, 0.0, 0.0, 0.0, 0.0, 0.0, 0.0, 0.0, 0.0, 0.0, 0.0, 0.0, 0.0, 0.0, 0.0], "FOD d proportion": [0.0, 0.0, 0.0, 0.0, 0.0, 0.0, 0.0, 0.0, 0.0, 0.0, 0.0, 0.0, 0.0, 0.0, 0.0, 0.0, 0.0, 0.0, 0.0, 0.0, 0.0, 0.0, 0.0, 0.0, 0.0, 0.0, 0.0, 0.0, 0.0, 0.0, 0.0], "coordinates": [["-4.99330", "1.58610", "-0.05240"], ["-3.66550", "1.45470", "-0.52260"], ["-2.55160", "0.82290", "0.47350"], ["-2.37440", "1.71010", "2.19050"], ["-3.00200", "-0.73370", "0.52900"], ["-3.16960", "-1.45110", "-0.67840"], ["-1.25500", "0.81230", "-0.49010"], ["-0.04290", "0.24670", "-0.21120"], ["0.20310", "-0.60480", "0.85830"], ["1.48280", "-1.13610", "1.04010"], ["2.52670", "-0.82250", "0.15820"], ["4.13410", "-1.54810", "0.46220"], ["4.67430", "-0.46510", "1.81060"], ["2.27840", "0.02500", "-0.93580"], ["3.34880", "0.38820", "-1.92860"], ["0.98620", "0.55240", "-1.10470"], ["-5.65780", "1.69140", "-0.91380"], ["-5.29770", "0.70450", "0.51830"], ["-5.08110", "2.48160", "0.56790"], ["-3.47390", "-2.47210", "-0.43360"], ["-3.94970", "-0.99530", "-1.29270"], ["-2.23280", "-1.49450", "-1.23840"], ["-0.57040", "-0.88430", "1.56650"], ["1.65710", "-1.80500", "1.88070"], ["5.68760", "-0.74470", "2.11090"], ["4.68390", "0.57830", "1.48330"], ["4.01530", "-0.56750", "2.67700"], ["4.17080", "0.91260", "-1.43070"], ["3.73000", "-0.50900", "-2.42660"], ["2.96330", "1.05370", "-2.70850"], ["0.77510", "1.21360", "-1.94320"]], "bond_dist": [[0.0, 1.414710867986812, 2.611693691840603, 3.450306308141351, 3.1120369037014965, 3.597546598725304, 3.8425557406497046, 5.130854700729693, 5.712441707361223, 7.109416312187661, 7.89912060421918, 9.664235798033904, 10.05687228714773, 7.489662853560231, 8.633986521879683, 6.158757279679074, 1.0930042543375575, 1.0934241674665877, 1.0928866272399895, 4.350043337715154, 3.048125819253529, 4.303144502570184, 5.318435651580265, 7.711306956670834, 11.144241577604104, 9.849986556843618, 9.656215163302855, 9.29161137532129, 9.280206492314704, 8.405105622774768, 6.081802319214264], [1.414710867986812, 0.0, 1.622393189088268, 3.0154734255171274, 2.5169802085038335, 2.9519254885582735, 2.4948435341720336, 3.8313789580254265, 4.595050709187006, 5.971538228965801, 6.632681910057197, 8.41548566869435, 8.870271603507978, 6.127374930588139, 7.232887579660008, 4.774023312678731, 2.0440948167832134, 2.07613816736748, 2.060979674814868, 3.93247883656098, 2.5838582875227507, 3.3560064913524825, 4.4062346533066075, 6.688166096920741, 9.962588128593895, 8.631581090970531, 8.562792864480606, 7.907345680441699, 7.885096951845298, 6.991419687731527, 4.6685288828494995], [2.611693691840603, 1.622393189088268, 0.0, 1.9407763085940637, 1.6214018533355634, 2.6229513167422684, 1.6154902909024247, 2.6635307807494923, 3.126462924776176, 4.520519872757999, 5.347512144913745, 7.093684034406946, 7.460590540969259, 5.094278251136268, 6.385434101139875, 3.8832865372001586, 3.5110357417719347, 2.7490163349823877, 3.0263124921263502, 3.5398435982398997, 2.894822497149005, 2.8987200295992714, 2.834490126989332, 5.157443740846817, 8.545341722833559, 7.3097185616137095, 7.064899151438753, 6.987466314051182, 7.045781445659524, 6.371225521828591, 4.130377497275522], [3.450306308141351, 3.0154734255171274, 1.9407763085940637, 0.0, 3.0210300312972724, 4.342362915510402, 3.0405127133429324, 3.653162287662567, 3.711741518478893, 4.929732897429637, 5.879208047007692, 7.480872969112629, 7.386473498226335, 5.853363267387391, 7.1742193066563, 4.846879892260587, 4.518599754348685, 3.51470725523478, 3.248733276217055, 5.05822082357028, 4.683315224282901, 4.6954091333982815, 3.2209786338937425, 5.357695054778687, 8.42782434558291, 7.183362859413411, 6.800912446135444, 7.522548685784625, 7.969047407312872, 7.274757951299823, 5.220472985276334], [3.1120369037014965, 2.5169802085038335, 1.6214018533355634, 3.0210300312972724, 0.0, 1.4144141119205507, 2.5457199001461253, 3.2039589588507527, 3.224549535981731, 4.53173035495273, 5.54183198680725, 7.182731570231481, 7.787183458093176, 5.532078170995056, 6.901530120922461, 4.497640285749851, 3.8750555466986536, 2.7090168364187037, 3.8291414324884894, 2.0423816807834916, 2.0700629797182497, 2.0722422734805885, 2.6479737857463768, 4.968097159879222, 8.832421908514107, 7.855258830872475, 7.3405739373702925, 7.615759162421039, 7.35567029236629, 7.018618745878706, 4.916323274561997], [3.597546598725304, 2.9519254885582735, 2.6229513167422684, 4.342362915510402, 1.4144141119205507, 0.0, 2.9705436556293865, 3.5884611701953806, 3.801680663864339, 4.9696371104940855, 5.79162077574145, 7.392862169011404, 8.288189441005796, 5.650294679925995, 6.887348044784726, 4.63318654707535, 4.015203438183425, 3.256917539637748, 4.5467818542349265, 1.0931452465249072, 1.092553952901183, 1.0922810077997327, 3.480902022464867, 5.474602351769486, 9.312850653264015, 8.39457405113565, 7.978862458395933, 7.748193669494845, 7.179710008767763, 6.928765507649973, 4.925545981919162], [3.8425557406497046, 2.4948435341720336, 1.6154902909024247, 3.0405127133429324, 2.5457199001461253, 2.9705436556293865, 0.0, 1.3663363348751287, 2.4397562542188513, 3.692333061900023, 4.170625710849632, 5.959929719384282, 6.487030887856169, 3.6473833552287864, 4.84191258698461, 2.338430800772176, 4.5096547916664305, 4.167962894508539, 4.306386849784864, 3.9640878925674694, 3.342602670076119, 2.614836891662652, 2.7525864709396504, 4.577256639079788, 7.575562339523053, 6.262555131094656, 6.301621421507325, 5.507639611485123, 5.50872861375472, 4.772172189894241, 2.5286058036000787], [5.130854700729693, 3.8313789580254265, 2.6635307807494923, 3.653162287662567, 3.2039589588507527, 3.5884611701953806, 1.3663363348751287, 0.0, 1.3890278974880237, 2.4094912367551786, 2.8075770977837813, 4.595878980129917, 5.1813425210074655, 2.4418496554865943, 3.804354597037453, 1.3967252951099582, 5.840197501797348, 5.3249107156834095, 5.566438184332958, 4.383274597832083, 4.239727879239421, 2.9803656302541133, 2.172011634407146, 3.3875534682127157, 6.262080534454983, 5.0322884505958125, 5.047138607171394, 4.436876237850229, 4.440028610268182, 3.9906133275475337, 2.1456569180556335], [5.712441707361223, 4.595050709187006, 3.126462924776176, 3.711741518478893, 3.224549535981731, 3.801680663864339, 2.4397562542188513, 1.3890278974880237, 0.0, 1.3974845330092207, 2.436524216994364, 4.06195409870668, 4.573622286547064, 2.814660359617124, 4.31836648514227, 2.4095075119202263, 6.539344130721368, 5.664685969230774, 6.12641549031732, 4.321590436401857, 4.693084176743477, 3.334865183182073, 1.085343143895054, 2.1447372333225347, 5.627461152242635, 4.676314708186352, 4.223970859274481, 4.825418847105399, 4.820660666340247, 4.80534999037531, 3.3885343158952956], [7.109416312187661, 5.971538228965801, 4.520519872757999, 4.929732897429637, 4.53173035495273, 4.9696371104940855, 3.692333061900023, 2.4094912367551786, 1.3974845330092207, 0.0, 1.4020769522390704, 2.74465008698741, 3.35105707202966, 2.4259664836926333, 3.823431205082681, 2.774492899612468, 7.924686102300835, 7.045229864951178, 7.509694357295775, 5.340932744380891, 5.913868169819142, 4.373293515189668, 2.134509414361998, 1.0883088072785223, 4.356621356051039, 3.658228370400077, 3.068599651306765, 4.186569995831911, 4.178656619058331, 4.586840552057592, 3.8629015351157996], [7.89912060421918, 6.632681910057197, 5.347512144913745, 5.879208047007692, 5.54183198680725, 5.79162077574145, 4.170625710849632, 2.8075770977837813, 2.436524216994364, 1.4020769522390704, 0.0, 1.7895938421887803, 2.7331934216224067, 1.4059676881066647, 2.5487991564656487, 2.420414565730425, 8.628726294187341, 7.980140122203369, 8.30442964567706, 6.251288487983898, 6.639181245454894, 5.005488568561515, 3.4028159721031055, 2.165298284301726, 3.716231820002622, 2.893379078171404, 2.936887536151155, 2.87023344520964, 2.868345198890817, 3.4537971697828462, 3.4102327970389354], [9.664235798033904, 8.41548566869435, 7.093684034406946, 7.480872969112629, 7.182731570231481, 7.392862169011404, 5.959929719384282, 4.595878980129917, 4.06195409870668, 2.74465008698741, 1.7895938421887803, 0.0, 1.8118740574333525, 2.8058278813925845, 3.1751973828409468, 4.095918733324674, 10.405241076496017, 9.697226676220371, 10.058308288176496, 7.716080458367449, 8.29054185744213, 6.590320851825046, 4.87774837194376, 2.8659499053542445, 2.403544361978784, 2.4220863341342733, 2.4250832645498996, 3.1047482651577405, 3.096480431070088, 4.265380917339036, 4.969488610511146], [10.05687228714773, 8.870271603507978, 7.460590540969259, 7.386473498226335, 7.787183458093176, 8.288189441005796, 6.487030887856169, 5.1813425210074655, 4.573622286547064, 3.35105707202966, 2.7331934216224067, 1.8118740574333525, 0.0, 3.6773968755085433, 4.057916679775473, 4.810027229652655, 10.900694382469403, 10.12318069827858, 10.26621514191087, 8.686636050854208, 9.180684012098444, 7.619980037375425, 5.267085678057649, 3.302081443574643, 1.0932214505762317, 1.0935725901832032, 1.0933506848216632, 3.557751428922487, 4.34137000726729, 5.065228449931947, 5.666816458118261], [7.489662853560231, 6.127374930588139, 5.094278251136268, 5.853363267387391, 5.532078170995056, 5.650294679925995, 3.6473833552287864, 2.4418496554865943, 2.814660359617124, 2.4259664836926333, 1.4059676881066647, 2.8058278813925845, 3.6773968755085433, 0.0, 1.5044341926451954, 1.4058658577545726, 8.109293643715215, 7.744250659037323, 7.90305241662992, 6.290999009696313, 6.321203944661175, 4.769839876767354, 3.899229823952417, 3.4157848205061163, 4.636535734791655, 3.456098370995826, 4.052184805756026, 2.1480078049206432, 2.1482046457449067, 2.160966679520996, 2.1650717332227125], [8.633986521879683, 7.232887579660008, 6.385434101139875, 7.1742193066563, 6.901530120922461, 6.887348044784726, 4.84191258698461, 3.804354597037453, 4.31836648514227, 3.823431205082681, 2.5487991564656487, 3.1751973828409468, 4.057916679775473, 1.5044341926451954, 0.0, 2.507519014883038, 9.156800360387903, 8.991625412015338, 9.037590930109639, 7.547554331039957, 7.45563835697521, 5.930867886743052, 5.4032498461574034, 4.709855796093974, 4.803228924379932, 3.668745239179194, 4.750698485486108, 1.0947985065755248, 1.0946621761986663, 1.0953284941057637, 2.7028558988595752], [6.158757279679074, 4.774023312678731, 3.8832865372001586, 4.846879892260587, 4.497640285749851, 4.63318654707535, 2.338430800772176, 1.3967252951099582, 2.4095075119202263, 2.774492899612468, 2.420414565730425, 4.095918733324674, 4.810027229652655, 1.4058658577545726, 2.507519014883038, 0.0, 6.743626606656094, 6.49189206780273, 6.582669115943775, 5.430512634181049, 5.176275504646174, 3.817019295209287, 3.409167037562108, 3.8626486676890512, 5.841721812103004, 4.513468743660468, 4.973014951716916, 3.2214433411127996, 3.2252795243203343, 2.5946869830482444, 1.088499379880393], [1.0930042543375575, 2.0440948167832134, 3.5110357417719347, 4.518599754348685, 3.8750555466986536, 4.015203438183425, 4.5096547916664305, 5.840197501797348, 6.539344130721368, 7.924686102300835, 8.628726294187341, 10.405241076496017, 10.900694382469403, 8.109293643715215, 9.156800360387903, 6.743626606656094, 0.0, 1.776106424176209, 1.775509453649853, 4.725964822128916, 3.206170255928403, 4.6889176757541815, 6.218340400782189, 8.575651883093203, 11.991726083429358, 10.674073210822566, 10.562449406269362, 9.872947534044734, 9.760179959406488, 8.828984912774514, 6.532240014726955], [1.0934241674665877, 2.07613816736748, 2.7490163349823877, 3.51470725523478, 2.7090168364187037, 3.256917539637748, 4.167962894508539, 5.3249107156834095, 5.664685969230774, 7.045229864951178, 7.980140122203369, 9.697226676220371, 10.12318069827858, 7.744250659037323, 8.991625412015338, 6.49189206780273, 1.776106424176209, 0.0, 1.7909383378553265, 3.7845934537278905, 2.8259768293459167, 4.161154635434737, 5.096113614314343, 7.518175779402872, 11.194345514142396, 10.028932645102369, 9.64416604429849, 9.669250170514774, 9.573107413478656, 8.875714049021633, 6.5724474056473055], [1.0928866272399895, 2.060979674814868, 3.0263124921263502, 3.248733276217055, 3.8291414324884894, 4.5467818542349265, 4.306386849784864, 5.566438184332958, 6.12641549031732, 7.509694357295775, 8.30442964567706, 10.058308288176496, 10.26621514191087, 7.90305241662992, 9.037590930109639, 6.582669115943775, 1.775509453649853, 1.7909383378553265, 0.0, 5.303323276965115, 4.102527505087565, 5.213914440226268, 5.716021278826733, 8.09331345247421, 11.347015483377115, 9.990782404296473, 9.822922507074969, 9.594468019124353, 9.774773747765213, 8.802617038699344, 6.496808882058946], [4.350043337715154, 3.93247883656098, 3.5398435982398997, 5.05822082357028, 2.0423816807834916, 1.0931452465249072, 3.9640878925674694, 4.383274597832083, 4.321590436401857, 5.340932744380891, 6.251288487983898, 7.716080458367449, 8.686636050854208, 6.290999009696313, 7.547554331039957, 5.430512634181049, 4.725964822128916, 3.7845934537278905, 5.303323276965115, 0.0, 1.773520986625194, 1.7730578134962212, 3.8667584744847976, 5.668171477646032, 9.663926389413364, 8.917911561010234, 8.330153069421954, 8.419729246834486, 7.728000117753623, 7.684008035524169, 5.823854192027818], [3.048125819253529, 2.5838582875227507, 2.894822497149005, 4.683315224282901, 2.0700629797182497, 1.092553952901183, 3.342602670076119, 4.239727879239421, 4.693084176743477, 5.913868169819142, 6.639181245454894, 8.29054185744213, 9.180684012098444, 6.321203944661175, 7.45563835697521, 5.176275504646174, 3.206170255928403, 2.8259768293459167, 4.102527505087565, 1.773520986625194, 0.0, 1.7888249606934716, 4.4279808186124745, 6.493249409194137, 10.223739267508734, 9.204425127078824, 8.909700103258245, 8.342760134391975, 7.778175170951089, 7.3479561539247085, 5.256055983339599], [4.303144502570184, 3.3560064913524825, 2.8987200295992714, 4.6954091333982815, 2.0722422734805885, 1.0922810077997327, 2.614836891662652, 2.9803656302541133, 3.334865183182073, 4.373293515189668, 5.005488568561515, 6.590320851825046, 7.619980037375425, 4.769839876767354, 5.930867886743052, 3.817019295209287, 4.6889176757541815, 4.161154635434737, 5.213914440226268, 1.7730578134962212, 1.7888249606934716, 0.0, 3.317134578216567, 4.995649814588689, 8.632076615160456, 7.716533523545401, 7.431583934128713, 6.843771084716378, 6.159384168080442, 5.971094745521963, 4.108285659493506], [5.318435651580265, 4.4062346533066075, 2.834490126989332, 3.2209786338937425, 2.6479737857463768, 3.480902022464867, 2.7525864709396504, 2.172011634407146, 1.085343143895054, 2.134509414361998, 3.4028159721031055, 4.87774837194376, 5.267085678057649, 3.899229823952417, 5.4032498461574034, 3.409167037562108, 6.218340400782189, 5.096113614314343, 5.716021278826733, 3.8667584744847976, 4.4279808186124745, 3.317134578216567, 0.0, 2.4306720017312085, 6.283185777931448, 5.454703428235123, 4.728870581862016, 5.88990958249785, 5.880402865450632, 5.875245074888366, 4.3045962354209255], [7.711306956670834, 6.688166096920741, 5.157443740846817, 5.357695054778687, 4.968097159879222, 5.474602351769486, 4.577256639079788, 3.3875534682127157, 2.1447372333225347, 1.0883088072785223, 2.165298284301726, 2.8659499053542445, 3.302081443574643, 3.4157848205061163, 4.709855796093974, 3.8626486676890512, 8.575651883093203, 7.518175779402872, 8.09331345247421, 5.668171477646032, 6.493249409194137, 4.995649814588689, 2.4306720017312085, 0.0, 4.173985910373919, 3.87292704423928, 2.7796775316572244, 4.9668307208923475, 4.952712761709486, 5.562290964162159, 4.950967700359193], [11.144241577604104, 9.962588128593895, 8.545341722833559, 8.42782434558291, 8.832421908514107, 9.312850653264015, 7.575562339523053, 6.262080534454983, 5.627461152242635, 4.356621356051039, 3.716231820002622, 2.403544361978784, 1.0932214505762317, 4.636535734791655, 4.803228924379932, 5.841721812103004, 11.991726083429358, 11.194345514142396, 11.347015483377115, 9.663926389413364, 10.223739267508734, 8.632076615160456, 6.283185777931448, 4.173985910373919, 0.0, 1.7752815128874628, 1.7743890046999278, 4.194073925194929, 4.947389058887525, 5.820882184858236, 6.663581765837349], [9.849986556843618, 8.631581090970531, 7.3097185616137095, 7.183362859413411, 7.855258830872475, 8.39457405113565, 6.262555131094656, 5.0322884505958125, 4.676314708186352, 3.658228370400077, 2.893379078171404, 2.4220863341342733, 1.0935725901832032, 3.456098370995826, 3.668745239179194, 4.513468743660468, 10.674073210822566, 10.028932645102369, 9.990782404296473, 8.917911561010234, 9.204425127078824, 7.716533523545401, 5.454703428235123, 3.87292704423928, 1.7752815128874628, 0.0, 1.7846017174708761, 2.9776541269932615, 4.168868492768752, 4.556057150651207, 5.236718989978363], [9.656215163302855, 8.562792864480606, 7.064899151438753, 6.800912446135444, 7.3405739373702925, 7.978862458395933, 6.301621421507325, 5.047138607171394, 4.223970859274481, 3.068599651306765, 2.936887536151155, 2.4250832645498996, 1.0933506848216632, 4.052184805756026, 4.750698485486108, 4.973014951716916, 10.562449406269362, 9.64416604429849, 9.822922507074969, 8.330153069421954, 8.909700103258245, 7.431583934128713, 4.728870581862016, 2.7796775316572244, 1.7743890046999278, 1.7846017174708761, 0.0, 4.368990220863398, 5.1119029040074695, 5.721765784266252, 5.91755534743867], [9.29161137532129, 7.907345680441699, 6.987466314051182, 7.522548685784625, 7.615759162421039, 7.748193669494845, 5.507639611485123, 4.436876237850229, 4.825418847105399, 4.186569995831911, 2.87023344520964, 3.1047482651577405, 3.557751428922487, 2.1480078049206432, 1.0947985065755248, 3.2214433411127996, 9.872947534044734, 9.669250170514774, 9.594468019124353, 8.419729246834486, 8.342760134391975, 6.843771084716378, 5.88990958249785, 4.9668307208923475, 4.194073925194929, 2.9776541269932615, 4.368990220863398, 0.0, 1.7908288611701566, 1.763728522193821, 3.4473229816772313], [9.280206492314704, 7.885096951845298, 7.045781445659524, 7.969047407312872, 7.35567029236629, 7.179710008767763, 5.50872861375472, 4.440028610268182, 4.820660666340247, 4.178656619058331, 2.868345198890817, 3.096480431070088, 4.34137000726729, 2.1482046457449067, 1.0946621761986663, 3.2252795243203343, 9.760179959406488, 9.573107413478656, 9.774773747765213, 7.728000117753623, 7.778175170951089, 6.159384168080442, 5.880402865450632, 4.952712761709486, 4.947389058887525, 4.168868492768752, 5.1119029040074695, 1.7908288611701566, 0.0, 1.7633286108947477, 3.454339347834836], [8.405105622774768, 6.991419687731527, 6.371225521828591, 7.274757951299823, 7.018618745878706, 6.928765507649973, 4.772172189894241, 3.9906133275475337, 4.80534999037531, 4.586840552057592, 3.4537971697828462, 4.265380917339036, 5.065228449931947, 2.160966679520996, 1.0953284941057637, 2.5946869830482444, 8.828984912774514, 8.875714049021633, 8.802617038699344, 7.684008035524169, 7.3479561539247085, 5.971094745521963, 5.875245074888366, 5.562290964162159, 5.820882184858236, 4.556057150651207, 5.721765784266252, 1.763728522193821, 1.7633286108947477, 0.0, 2.3236762554194157], [6.081802319214264, 4.6685288828494995, 4.130377497275522, 5.220472985276334, 4.916323274561997, 4.925545981919162, 2.5286058036000787, 2.1456569180556335, 3.3885343158952956, 3.8629015351157996, 3.4102327970389354, 4.969488610511146, 5.666816458118261, 2.1650717332227125, 2.7028558988595752, 1.088499379880393, 6.532240014726955, 6.5724474056473055, 6.496808882058946, 5.823854192027818, 5.256055983339599, 4.108285659493506, 4.3045962354209255, 4.950967700359193, 6.663581765837349, 5.236718989978363, 5.91755534743867, 3.4473229816772313, 3.454339347834836, 2.3236762554194157, 0.0]]}