{"total energy": -39.37334965, "HOMO-LUMO gap/eV": 2.14253984, "electronic energy": -40.13112352, "dipole": [-0.0, 0.0, -0.0], "partial charges": [-0.03196973, -0.03781553, 0.01599665, -0.03825176, -0.03825774, 0.01599817, -0.0378152, -0.03196973, -0.03781553, 0.01599665, -0.03825176, -0.03825774, 0.01599817, -0.0378152, 0.00386462, 0.00386462, 0.02879634, 0.02966507, 0.03006353, 0.03006784, 0.02965774, 0.02879634, 0.02966507, 0.03006353, 0.03006784, 0.02965774], "atomic dipole moments": [[0.00596063, -0.0011845, 0.00029479], [-0.0214391, -0.0009787, -0.00026535], [-0.02218855, 0.00838075, -0.00179116], [0.06115737, 0.02162453, -0.0021534], [-0.04790505, 0.04308771, -0.00778329], [0.02376015, -0.00066315, 0.00057447], [0.01938561, -0.00899791, 0.00182448], [-0.00596063, 0.0011845, -0.00029479], [0.0214391, 0.0009787, 0.00026535], [0.02218855, -0.00838075, 0.00179116], [-0.06115737, -0.02162453, 0.0021534], [0.04790505, -0.04308771, 0.00778329], [-0.02376015, 0.00066315, -0.00057447], [-0.01938561, 0.00899791, -0.00182448], [0.00834972, -0.00162903, 0.00041886], [-0.00834972, 0.00162903, -0.00041886], [0.14820367, -0.02913893, 0.00766935], [0.05641909, -0.13873061, 0.02303312], [0.03972431, -0.14437302, 0.0235977], [-0.09346101, -0.11815658, 0.01670746], [-0.10664467, -0.10665784, 0.01461227], [-0.14820367, 0.02913893, -0.00766935], [-0.05641909, 0.13873061, -0.02303312], [-0.03972431, 0.14437302, -0.0235977], [0.09346101, 0.11815658, -0.01670746], [0.10664467, 0.10665784, -0.01461227]], "atomic quadrupole moments": [[-0.2752761, 0.0017425, -0.2356852, -0.01693557, 0.12085525, 0.5109613], [-0.23954541, 0.0119589, -0.248257, -0.01734304, 0.11935597, 0.48780241], [-0.20306656, 0.02867803, -0.1829263, -0.0170573, 0.0926627, 0.38599285], [-0.26527326, 0.04708748, -0.22765054, -0.02350914, 0.11762773, 0.4929238], [-0.29831761, -0.03032456, -0.19587441, -0.01196556, 0.11102894, 0.49419202], [-0.2244312, -0.0213053, -0.1623918, -0.00957857, 0.08838356, 0.386823], [-0.25405027, -0.0220805, -0.2343206, -0.01223562, 0.11643135, 0.48837087], [-0.2752761, 0.0017425, -0.2356852, -0.01693557, 0.12085525, 0.5109613], [-0.23954541, 0.0119589, -0.248257, -0.01734304, 0.11935597, 0.48780241], [-0.20306656, 0.02867803, -0.1829263, -0.0170573, 0.0926627, 0.38599285], [-0.26527326, 0.04708748, -0.22765054, -0.02350914, 0.11762773, 0.4929238], [-0.29831761, -0.03032456, -0.19587441, -0.01196556, 0.11102894, 0.49419202], [-0.2244312, -0.0213053, -0.1623918, -0.00957857, 0.08838356, 0.386823], [-0.25405027, -0.0220805, -0.2343206, -0.01223562, 0.11643135, 0.48837087], [-0.19434389, 0.00163911, -0.16461826, -0.0119973, 0.08470883, 0.35896216], [-0.19434389, 0.00163911, -0.16461826, -0.0119973, 0.08470883, 0.35896216], [0.02759371, 0.00321922, 0.03901962, 0.00149183, -0.01701976, -0.06661333], [0.03223695, 0.00744077, 0.0319844, 0.00087753, -0.01541113, -0.06422135], [0.04078603, -0.00218329, 0.02385792, 0.00257374, -0.01436537, -0.06464395], [0.04039526, -0.00308323, 0.02424342, 0.00270884, -0.01444718, -0.06463868], [0.02740103, -0.00393566, 0.03662794, 0.00256413, -0.0163698, -0.06402897], [0.02759371, 0.00321922, 0.03901962, 0.00149183, -0.01701976, -0.06661333], [0.03223695, 0.00744077, 0.0319844, 0.00087753, -0.01541113, -0.06422135], [0.04078603, -0.00218329, 0.02385792, 0.00257374, -0.01436537, -0.06464395], [0.04039526, -0.00308323, 0.02424342, 0.00270884, -0.01444718, -0.06463868], [0.02740103, -0.00393566, 0.03662794, 0.00256413, -0.0163698, -0.06402897]], "number of molecular orbitals": 74, "number of electrons": 74, "number of unpaired electrons": 0, "orbital energies/eV": [-17.79411258, -17.55342352, -17.42905316, -17.16273111, -16.948508, -16.6994036, -16.61065576, -16.41013677, -15.83903929, -15.82240533, -15.71769585, -15.57970326, -14.67635634, -14.45454404, -14.36936016, -14.21289359, -14.03636256, -13.68445558, -13.66954013, -13.14165089, -13.13211549, -13.0815769, -12.84185654, -12.81695227, -12.62085979, -12.5012455, -12.36942606, -12.35676827, -11.95915423, -11.80533745, -11.68274485, -11.39852063, -11.06819118, -11.06398678, -10.91200974, -10.65642593, -9.79107281, -7.64853296, -6.50123603, -6.17928816, -5.37895006, -4.99543287, -3.45971971, -2.71836017, -0.65957368, 2.58957141, 2.92956588, 3.40971222, 3.44771112, 3.91083683, 4.03519338, 4.08925708, 4.10062069, 4.25132387, 5.1677336, 5.1831344, 6.45150898, 6.56186331, 7.28004792, 7.83274246, 9.54039297, 9.58490035, 11.39333116, 11.43350724, 12.25854126, 12.30041915, 12.42519508, 12.80303618, 15.55380706, 15.58987049, 15.7934592, 17.02794229, 19.3588509, 19.81510372], "fractional occupation": [2.0, 2.0, 2.0, 2.0, 2.0, 2.0, 2.0, 2.0, 2.0, 2.0, 2.0, 2.0, 2.0, 2.0, 2.0, 2.0, 2.0, 2.0, 2.0, 2.0, 2.0, 2.0, 2.0, 2.0, 2.0, 2.0, 2.0, 2.0, 2.0, 2.0, 2.0, 2.0, 2.0, 2.0, 2.0, 2.0, 2.0, 0.0, 0.0, 0.0, 0.0, 0.0, 0.0, 0.0, 0.0, 0.0, 0.0, 0.0, 0.0, 0.0, 0.0, 0.0, 0.0, 0.0, 0.0, 0.0, 0.0, 0.0, 0.0, 0.0, 0.0, 0.0, 0.0, 0.0, 0.0, 0.0, 0.0, 0.0, 0.0, 0.0, 0.0, 0.0, 0.0, 0.0], "program call": "xtb /home/svss/Project-DBcg-Debug/aqme2_20220329/End-to-End-workflows-final/example-3/QDESCP/mol_651_rdkit_conf_1/mol_651_rdkit_conf_1.xyz --pop --wbo --acc 0.2 --gfn 2 --chrg 0 --uhf 0 --etemp 300 --input /home/svss/Project-DBcg-Debug/aqme2_20220329/End-to-End-workflows-final/example-3/QDESCP/mol_651_rdkit_conf_1/mol_651_rdkit_conf_1_xtb.inp", "method": "GFN2-xTB", "xtb version": "6.3.3 (7355c4f)", "Dipole module/D": 0.0, "Total charge": 0, "Transition dipole module/D": NaN, "HOMO": -9.7911, "LUMO": -7.6485, "HOMO occupancy": 2.0, "LUMO occupancy": 0, "mulliken charges": [-0.02671, -0.03807, 0.01052, -0.03594, -0.03595, 0.01052, -0.03807, -0.02671, -0.03807, 0.01052, -0.03594, -0.03595, 0.01052, -0.03807, -0.00408, -0.00408, 0.0307, 0.03144, 0.03211, 0.03211, 0.03143, 0.0307, 0.03144, 0.03211, 0.03211, 0.03143], "cm5 charges": [-0.08196, -0.09063, 0.00349, -0.08843, -0.08844, 0.00349, -0.09063, -0.08196, -0.09063, 0.00349, -0.08843, -0.08844, 0.00349, -0.09063, -0.00484, -0.00484, 0.08609, 0.08764, 0.08829, 0.0883, 0.08763, 0.08609, 0.08764, 0.08829, 0.0883, 0.08763], "FUKUI+": [-0.016, -0.041, -0.022, -0.032, -0.032, -0.022, -0.041, -0.016, -0.041, -0.022, -0.032, -0.032, -0.022, -0.041, -0.012, -0.012, -0.057, -0.058, -0.055, -0.055, -0.058, -0.057, -0.058, -0.055, -0.055, -0.058], "FUKUI-": [-0.018, -0.043, -0.022, -0.031, -0.031, -0.022, -0.043, -0.018, -0.043, -0.022, -0.031, -0.031, -0.022, -0.043, -0.012, -0.012, -0.056, -0.057, -0.054, -0.054, -0.057, -0.056, -0.057, -0.054, -0.054, -0.057], "FUKUIrad": [-0.017, -0.042, -0.022, -0.031, -0.031, -0.022, -0.042, -0.017, -0.042, -0.022, -0.031, -0.031, -0.022, -0.042, -0.012, -0.012, -0.057, -0.057, -0.055, -0.055, -0.057, -0.057, -0.057, -0.055, -0.055, -0.057], "s proportion": [1.06, 1.064, 1.07, 1.065, 1.065, 1.07, 1.064, 1.06, 1.064, 1.07, 1.065, 1.065, 1.07, 1.064, 1.076, 1.076, 0.969, 0.969, 0.968, 0.968, 0.969, 0.969, 0.969, 0.968, 0.968, 0.969], "p proportion": [2.967, 2.974, 2.92, 2.971, 2.971, 2.92, 2.974, 2.967, 2.974, 2.92, 2.971, 2.971, 2.92, 2.974, 2.928, 2.928, 0.0, 0.0, 0.0, 0.0, 0.0, 0.0, 0.0, 0.0, 0.0, 0.0], "d proportion": [0.0, 0.0, 0.0, 0.0, 0.0, 0.0, 0.0, 0.0, 0.0, 0.0, 0.0, 0.0, 0.0, 0.0, 0.0, 0.0, 0.0, 0.0, 0.0, 0.0, 0.0, 0.0, 0.0, 0.0, 0.0, 0.0], "Fermi-level/eV": -8.7198, "Coordination numbers": [2.907, 2.918, 2.978, 2.916, 2.916, 2.978, 2.918, 2.907, 2.918, 2.978, 2.916, 2.916, 2.978, 2.918, 3.0, 3.0, 0.925, 0.925, 0.925, 0.925, 0.925, 0.925, 0.925, 0.925, 0.925, 0.925], "Dispersion coefficient C6": [28.797, 28.94, 27.649, 28.951, 28.951, 27.649, 28.94, 28.797, 28.94, 27.649, 28.951, 28.951, 27.649, 28.94, 27.925, 27.925, 2.604, 2.591, 2.585, 2.585, 2.591, 2.604, 2.591, 2.585, 2.585, 2.591], "Total dispersion C6": 10293.072987, "Total dispersion C8": 265266.932903, "Polarizability alpha": [8.799, 8.822, 8.625, 8.823, 8.823, 8.625, 8.822, 8.799, 8.822, 8.625, 8.823, 8.823, 8.625, 8.822, 8.668, 8.668, 2.523, 2.517, 2.515, 2.514, 2.517, 2.523, 2.517, 2.515, 2.514, 2.517], "Total polarizability alpha": 165.189885, "Wiberg matrix": [[0.0, 1.4437276008559214, 0.0, 0.0, 0.0, 0.0, 0.0, 0.0, 0.0, 0.0, 0.0, 0.0, 0.0, 1.4436498161425768, 0.0, 0.0, 0.971303517704563, 0.0, 0.0, 0.0, 0.0, 0.0, 0.0, 0.0, 0.0, 0.0], [1.4437276008559214, 0.0, 1.3385204327760993, 0.0, 0.0, 0.0, 0.0, 0.0, 0.0, 0.0, 0.0, 0.0, 0.0, 0.0, 0.0, 0.0, 0.0, 0.9695840022940125, 0.0, 0.0, 0.0, 0.0, 0.0, 0.0, 0.0, 0.0], [0.0, 1.3385204327760993, 0.0, 1.2426934478999039, 0.0, 0.0, 0.0, 0.0, 0.0, 0.0, 0.0, 0.0, 0.0, 0.0, 1.2412034287354095, 0.0, 0.0, 0.0, 0.0, 0.0, 0.0, 0.0, 0.0, 0.0, 0.0, 0.0], [0.0, 0.0, 1.2426934478999039, 0.0, 1.594352489068271, 0.0, 0.0, 0.0, 0.0, 0.0, 0.0, 0.0, 0.0, 0.0, 0.0, 0.0, 0.0, 0.0, 0.9694263099534773, 0.0, 0.0, 0.0, 0.0, 0.0, 0.0, 0.0], [0.0, 0.0, 0.0, 1.594352489068271, 0.0, 1.2426667497624657, 0.0, 0.0, 0.0, 0.0, 0.0, 0.0, 0.0, 0.0, 0.0, 0.0, 0.0, 0.0, 0.0, 0.969429933357201, 0.0, 0.0, 0.0, 0.0, 0.0, 0.0], [0.0, 0.0, 0.0, 0.0, 1.2426667497624657, 0.0, 1.3385790413725165, 0.0, 0.0, 0.0, 0.0, 0.0, 0.0, 0.0, 0.0, 1.2411873127187618, 0.0, 0.0, 0.0, 0.0, 0.0, 0.0, 0.0, 0.0, 0.0, 0.0], [0.0, 0.0, 0.0, 0.0, 0.0, 1.3385790413725165, 0.0, 1.4436498161425806, 0.0, 0.0, 0.0, 0.0, 0.0, 0.0, 0.0, 0.0, 0.0, 0.0, 0.0, 0.0, 0.9695827778776756, 0.0, 0.0, 0.0, 0.0, 0.0], [0.0, 0.0, 0.0, 0.0, 0.0, 0.0, 1.4436498161425806, 0.0, 1.443727600855921, 0.0, 0.0, 0.0, 0.0, 0.0, 0.0, 0.0, 0.0, 0.0, 0.0, 0.0, 0.0, 0.9713035177045629, 0.0, 0.0, 0.0, 0.0], [0.0, 0.0, 0.0, 0.0, 0.0, 0.0, 0.0, 1.443727600855921, 0.0, 1.3385204327761009, 0.0, 0.0, 0.0, 0.0, 0.0, 0.0, 0.0, 0.0, 0.0, 0.0, 0.0, 0.0, 0.969584002294014, 0.0, 0.0, 0.0], [0.0, 0.0, 0.0, 0.0, 0.0, 0.0, 0.0, 0.0, 1.3385204327761009, 0.0, 1.242693447899903, 0.0, 0.0, 0.0, 0.0, 1.2412034287354068, 0.0, 0.0, 0.0, 0.0, 0.0, 0.0, 0.0, 0.0, 0.0, 0.0], [0.0, 0.0, 0.0, 0.0, 0.0, 0.0, 0.0, 0.0, 0.0, 1.242693447899903, 0.0, 1.5943524890682728, 0.0, 0.0, 0.0, 0.0, 0.0, 0.0, 0.0, 0.0, 0.0, 0.0, 0.0, 0.9694263099534776, 0.0, 0.0], [0.0, 0.0, 0.0, 0.0, 0.0, 0.0, 0.0, 0.0, 0.0, 0.0, 1.5943524890682728, 0.0, 1.2426667497624684, 0.0, 0.0, 0.0, 0.0, 0.0, 0.0, 0.0, 0.0, 0.0, 0.0, 0.0, 0.9694299333572008, 0.0], [0.0, 0.0, 0.0, 0.0, 0.0, 0.0, 0.0, 0.0, 0.0, 0.0, 0.0, 1.2426667497624684, 0.0, 1.3385790413725145, 1.2411873127187631, 0.0, 0.0, 0.0, 0.0, 0.0, 0.0, 0.0, 0.0, 0.0, 0.0, 0.0], [1.4436498161425768, 0.0, 0.0, 0.0, 0.0, 0.0, 0.0, 0.0, 0.0, 0.0, 0.0, 0.0, 1.3385790413725145, 0.0, 0.0, 0.0, 0.0, 0.0, 0.0, 0.0, 0.0, 0.0, 0.0, 0.0, 0.0, 0.9695827778776742], [0.0, 0.0, 1.2412034287354095, 0.0, 0.0, 0.0, 0.0, 0.0, 0.0, 0.0, 0.0, 0.0, 1.2411873127187631, 0.0, 0.0, 1.2681972031082258, 0.0, 0.0, 0.0, 0.0, 0.0, 0.0, 0.0, 0.0, 0.0, 0.0], [0.0, 0.0, 0.0, 0.0, 0.0, 1.2411873127187618, 0.0, 0.0, 0.0, 1.2412034287354068, 0.0, 0.0, 0.0, 0.0, 1.2681972031082258, 0.0, 0.0, 0.0, 0.0, 0.0, 0.0, 0.0, 0.0, 0.0, 0.0, 0.0], [0.971303517704563, 0.0, 0.0, 0.0, 0.0, 0.0, 0.0, 0.0, 0.0, 0.0, 0.0, 0.0, 0.0, 0.0, 0.0, 0.0, 0.0, 0.0, 0.0, 0.0, 0.0, 0.0, 0.0, 0.0, 0.0, 0.0], [0.0, 0.9695840022940125, 0.0, 0.0, 0.0, 0.0, 0.0, 0.0, 0.0, 0.0, 0.0, 0.0, 0.0, 0.0, 0.0, 0.0, 0.0, 0.0, 0.0, 0.0, 0.0, 0.0, 0.0, 0.0, 0.0, 0.0], [0.0, 0.0, 0.0, 0.9694263099534773, 0.0, 0.0, 0.0, 0.0, 0.0, 0.0, 0.0, 0.0, 0.0, 0.0, 0.0, 0.0, 0.0, 0.0, 0.0, 0.0, 0.0, 0.0, 0.0, 0.0, 0.0, 0.0], [0.0, 0.0, 0.0, 0.0, 0.969429933357201, 0.0, 0.0, 0.0, 0.0, 0.0, 0.0, 0.0, 0.0, 0.0, 0.0, 0.0, 0.0, 0.0, 0.0, 0.0, 0.0, 0.0, 0.0, 0.0, 0.0, 0.0], [0.0, 0.0, 0.0, 0.0, 0.0, 0.0, 0.9695827778776756, 0.0, 0.0, 0.0, 0.0, 0.0, 0.0, 0.0, 0.0, 0.0, 0.0, 0.0, 0.0, 0.0, 0.0, 0.0, 0.0, 0.0, 0.0, 0.0], [0.0, 0.0, 0.0, 0.0, 0.0, 0.0, 0.0, 0.9713035177045629, 0.0, 0.0, 0.0, 0.0, 0.0, 0.0, 0.0, 0.0, 0.0, 0.0, 0.0, 0.0, 0.0, 0.0, 0.0, 0.0, 0.0, 0.0], [0.0, 0.0, 0.0, 0.0, 0.0, 0.0, 0.0, 0.0, 0.969584002294014, 0.0, 0.0, 0.0, 0.0, 0.0, 0.0, 0.0, 0.0, 0.0, 0.0, 0.0, 0.0, 0.0, 0.0, 0.0, 0.0, 0.0], [0.0, 0.0, 0.0, 0.0, 0.0, 0.0, 0.0, 0.0, 0.0, 0.0, 0.9694263099534776, 0.0, 0.0, 0.0, 0.0, 0.0, 0.0, 0.0, 0.0, 0.0, 0.0, 0.0, 0.0, 0.0, 0.0, 0.0], [0.0, 0.0, 0.0, 0.0, 0.0, 0.0, 0.0, 0.0, 0.0, 0.0, 0.0, 0.9694299333572008, 0.0, 0.0, 0.0, 0.0, 0.0, 0.0, 0.0, 0.0, 0.0, 0.0, 0.0, 0.0, 0.0, 0.0], [0.0, 0.0, 0.0, 0.0, 0.0, 0.0, 0.0, 0.0, 0.0, 0.0, 0.0, 0.0, 0.0, 0.9695827778776742, 0.0, 0.0, 0.0, 0.0, 0.0, 0.0, 0.0, 0.0, 0.0, 0.0, 0.0, 0.0]], "Born radii": [], "Atomic SASAs": [], "Solvent H bonds": [], "Total SASA": NaN, "Total FOD": 0.0, "FOD": [0.0, 0.0, 0.0, 0.0, 0.0, 0.0, 0.0, 0.0, 0.0, 0.0, 0.0, 0.0, 0.0, 0.0, 0.0, 0.0, 0.0, 0.0, 0.0, 0.0, 0.0, 0.0, 0.0, 0.0, 0.0, 0.0], "FOD s proportion": [0.0, 0.0, 0.0, 0.0, 0.0, 0.0, 0.0, 0.0, 0.0, 0.0, 0.0, 0.0, 0.0, 0.0, 0.0, 0.0, 0.0, 0.0, 0.0, 0.0, 0.0, 0.0, 0.0, 0.0, 0.0, 0.0], "FOD p proportion": [0.0, 0.0, 0.0, 0.0, 0.0, 0.0, 0.0, 0.0, 0.0, 0.0, 0.0, 0.0, 0.0, 0.0, 0.0, 0.0, 0.0, 0.0, 0.0, 0.0, 0.0, 0.0, 0.0, 0.0, 0.0, 0.0], "FOD d proportion": [0.0, 0.0, 0.0, 0.0, 0.0, 0.0, 0.0, 0.0, 0.0, 0.0, 0.0, 0.0, 0.0, 0.0, 0.0, 0.0, 0.0, 0.0, 0.0, 0.0, 0.0, 0.0, 0.0, 0.0, 0.0, 0.0], "coordinates": [["3.44370", "-0.67760", "0.17810"], ["2.52190", "-1.71390", "0.32250"], ["1.14410", "-1.45950", "0.25380"], ["0.20290", "-2.48800", "0.39650"], ["-1.16630", "-2.21860", "0.32570"], ["-1.62990", "-0.91370", "0.11030"], ["-3.00110", "-0.62720", "0.03680"], ["-3.44370", "0.67760", "-0.17810"], ["-2.52190", "1.71390", "-0.32250"], ["-1.14410", "1.45950", "-0.25380"], ["-0.20290", "2.48800", "-0.39650"], ["1.16630", "2.21860", "-0.32570"], ["1.62990", "0.91370", "-0.11030"], ["3.00110", "0.62720", "-0.03680"], ["0.69430", "-0.13660", "0.03590"], ["-0.69430", "0.13660", "-0.03590"], ["4.50880", "-0.88710", "0.23320"], ["2.88770", "-2.72450", "0.48940"], ["0.52820", "-3.51230", "0.56480"], ["-1.86950", "-3.04050", "0.44080"], ["-3.73630", "-1.42120", "0.14680"], ["-4.50880", "0.88710", "-0.23320"], ["-2.88770", "2.72450", "-0.48940"], ["-0.52820", "3.51230", "-0.56480"], ["1.86950", "3.04050", "-0.44080"], ["3.73630", "1.42120", "-0.14680"]], "bond_dist": [[0.0, 1.3944476648479858, 2.4300737149312983, 3.7186061044429004, 4.862979206206829, 5.079542992238573, 6.4465458107423705, 7.0284937390596, 6.4465693178620205, 5.0795317559790885, 4.863011420920169, 3.718647555227572, 2.430078330013253, 1.394481914547478, 2.805726679489647, 4.222767059642291, 1.0869058238872398, 2.1437918042571207, 4.084752285022924, 5.820859209773073, 7.218470797197977, 8.11539956071172, 7.218480908058149, 5.820923640626116, 4.084777896042819, 2.14386011903762], [1.3944476648479858, 0.0, 1.4027729288805086, 2.4459083813585494, 3.7225732457535337, 4.233531873034617, 5.636139670022381, 6.4465693178620205, 6.132353241619403, 4.882841923511348, 5.059393209664574, 4.20979463275823, 2.808426890627563, 2.4165012600865743, 2.431077252988888, 3.727833586682753, 2.1539137262202495, 1.0876477416884567, 2.6958841851978734, 4.588927588227994, 6.267504369364254, 7.516963880450669, 7.044313190794401, 6.115846445096541, 4.859276901968029, 3.394681407731807], [2.4300737149312983, 1.4027729288805086, 0.0, 1.401439609829835, 2.4329715534711864, 2.8308242421598697, 4.233496820596421, 5.0795317559790885, 4.882841923511348, 3.7435381659601124, 4.221380738573577, 3.723537659269743, 2.449622152496176, 2.8084184606286864, 1.4141657823607527, 2.4517699443463288, 3.413103017783085, 2.166996382092042, 2.1656503988409583, 3.4082715502142724, 4.881723061583891, 6.139949427316156, 5.857782300495641, 5.309000705405867, 4.610712994754716, 3.895948368497714], [3.7186061044429004, 2.4459083813585494, 1.401439609829835, 0.0, 1.3972464492708507, 2.4329995417180004, 3.7225766251348005, 4.863011420920169, 5.059393209664574, 4.221380738573577, 5.055106194730235, 4.85816796333762, 3.723538388414976, 4.2097675909722145, 2.42911265280143, 2.807216194025676, 4.5967730540021225, 2.6967969334008077, 1.0878122402326609, 2.1452413617120105, 4.0887295056044, 5.829917580034901, 6.1242781958366335, 6.120637629365098, 5.834632730515263, 5.297351705333524], [4.862979206206829, 3.7225732457535337, 2.4329715534711864, 1.3972464492708507, 0.0, 1.4014585723452548, 2.4459166400349788, 3.718647555227572, 4.20979463275823, 3.723537659269743, 4.85816796333762, 5.055105197718441, 4.221390023440146, 5.059368206604456, 2.807230022637974, 2.4290956341815773, 5.829940695238674, 4.088722110880122, 2.145264261110971, 1.0877765671313206, 2.696804028845997, 4.596743189476654, 5.297343067991727, 5.834670228042027, 6.120599374244323, 6.124286656419668], [5.079542992238573, 4.233531873034617, 2.8308242421598697, 2.4329995417180004, 1.4014585723452548, 0.0, 1.402738015454062, 2.430078330013253, 2.808426890627563, 2.449622152496176, 3.723538388414976, 4.221390023440146, 3.7435746499836218, 4.882844685221926, 2.4518004425319773, 1.4141611966109096, 6.139987757316785, 4.881743869766213, 3.4083262490553925, 2.1656215389582734, 2.16698164736114, 3.413054072235012, 3.895920965574122, 4.610746024235124, 5.308974402839027, 5.857811951573727], [6.4465458107423705, 5.636139670022381, 4.233496820596421, 3.7225766251348005, 2.4459166400349788, 1.402738015454062, 0.0, 1.394481914547478, 2.4165012600865743, 2.8084184606286864, 4.2097675909722145, 5.059368206604456, 4.882844685221926, 6.132319394813027, 3.727823806190416, 2.4310495614034693, 7.5169620845126, 6.267493876343239, 4.588958977807494, 2.6958767497791887, 1.0876833362702583, 2.1538718114131115, 3.3946485664940345, 4.85928155389251, 6.115788535422067, 7.044303392103438], [7.0284937390596, 6.4465693178620205, 5.0795317559790885, 4.863011420920169, 3.718647555227572, 2.430078330013253, 1.394481914547478, 0.0, 1.3944476648479858, 2.4300737149312983, 3.7186061044429004, 4.862979206206829, 5.079542992238573, 6.4465458107423705, 4.222767059642291, 2.805726679489647, 8.11539956071172, 7.218480908058149, 5.820923640626116, 4.084777896042819, 2.14386011903762, 1.0869058238872398, 2.1437918042571207, 4.084752285022924, 5.820859209773073, 7.218470797197977], [6.4465693178620205, 6.132353241619403, 4.882841923511348, 5.059393209664574, 4.20979463275823, 2.808426890627563, 2.4165012600865743, 1.3944476648479858, 0.0, 1.4027729288805086, 2.4459083813585494, 3.7225732457535337, 4.233531873034617, 5.636139670022381, 3.727833586682753, 2.431077252988888, 7.516963880450669, 7.044313190794401, 6.115846445096541, 4.859276901968029, 3.394681407731807, 2.1539137262202495, 1.0876477416884567, 2.6958841851978734, 4.588927588227994, 6.267504369364254], [5.0795317559790885, 4.882841923511348, 3.7435381659601124, 4.221380738573577, 3.723537659269743, 2.449622152496176, 2.8084184606286864, 2.4300737149312983, 1.4027729288805086, 0.0, 1.401439609829835, 2.4329715534711864, 2.8308242421598697, 4.233496820596421, 2.4517699443463288, 1.4141657823607527, 6.139949427316156, 5.857782300495641, 5.309000705405867, 4.610712994754716, 3.895948368497714, 3.413103017783085, 2.166996382092042, 2.1656503988409583, 3.4082715502142724, 4.881723061583891], [4.863011420920169, 5.059393209664574, 4.221380738573577, 5.055106194730235, 4.85816796333762, 3.723538388414976, 4.2097675909722145, 3.7186061044429004, 2.4459083813585494, 1.401439609829835, 0.0, 1.3972464492708507, 2.4329995417180004, 3.7225766251348005, 2.807216194025676, 2.42911265280143, 5.829917580034901, 6.1242781958366335, 6.120637629365098, 5.834632730515263, 5.297351705333524, 4.5967730540021225, 2.6967969334008077, 1.0878122402326609, 2.1452413617120105, 4.0887295056044], [3.718647555227572, 4.20979463275823, 3.723537659269743, 4.85816796333762, 5.055105197718441, 4.221390023440146, 5.059368206604456, 4.862979206206829, 3.7225732457535337, 2.4329715534711864, 1.3972464492708507, 0.0, 1.4014585723452548, 2.4459166400349788, 2.4290956341815773, 2.807230022637974, 4.596743189476654, 5.297343067991727, 5.834670228042027, 6.120599374244323, 6.124286656419668, 5.829940695238674, 4.088722110880122, 2.145264261110971, 1.0877765671313206, 2.696804028845997], [2.430078330013253, 2.808426890627563, 2.449622152496176, 3.723538388414976, 4.221390023440146, 3.7435746499836218, 4.882844685221926, 5.079542992238573, 4.233531873034617, 2.8308242421598697, 2.4329995417180004, 1.4014585723452548, 0.0, 1.402738015454062, 1.4141611966109096, 2.4518004425319773, 3.413054072235012, 3.895920965574122, 4.610746024235124, 5.308974402839027, 5.857811951573727, 6.139987757316785, 4.881743869766213, 3.4083262490553925, 2.1656215389582734, 2.16698164736114], [1.394481914547478, 2.4165012600865743, 2.8084184606286864, 4.2097675909722145, 5.059368206604456, 4.882844685221926, 6.132319394813027, 6.4465458107423705, 5.636139670022381, 4.233496820596421, 3.7225766251348005, 2.4459166400349788, 1.402738015454062, 0.0, 2.4310495614034693, 3.727823806190416, 2.1538718114131115, 3.3946485664940345, 4.85928155389251, 6.115788535422067, 7.044303392103438, 7.5169620845126, 6.267493876343239, 4.588958977807494, 2.6958767497791887, 1.0876833362702583], [2.805726679489647, 2.431077252988888, 1.4141657823607527, 2.42911265280143, 2.807230022637974, 2.4518004425319773, 3.727823806190416, 4.222767059642291, 3.727833586682753, 2.4517699443463288, 2.807216194025676, 2.4290956341815773, 1.4141611966109096, 2.4310495614034693, 0.0, 1.4170403805114378, 3.8926325012772525, 3.422556386679407, 3.4209172614958114, 3.894823444008727, 4.6144027056597485, 5.309672881637813, 4.614385907138674, 3.8948450482657204, 3.420862806369177, 3.422555204814087], [4.222767059642291, 3.727833586682753, 2.4517699443463288, 2.807216194025676, 2.4290956341815773, 1.4141611966109096, 2.4310495614034693, 2.805726679489647, 2.431077252988888, 1.4141657823607527, 2.42911265280143, 2.807230022637974, 2.4518004425319773, 3.727823806190416, 1.4170403805114378, 0.0, 5.309672881637813, 4.614385907138674, 3.8948450482657204, 3.420862806369177, 3.422555204814087, 3.8926325012772525, 3.422556386679407, 3.4209172614958114, 3.894823444008727, 4.6144027056597485], [1.0869058238872398, 2.1539137262202495, 3.413103017783085, 4.5967730540021225, 5.829940695238674, 6.139987757316785, 7.5169620845126, 8.11539956071172, 7.516963880450669, 6.139949427316156, 5.829917580034901, 4.596743189476654, 3.413054072235012, 2.1538718114131115, 3.8926325012772525, 5.309672881637813, 0.0, 2.463664427230299, 4.779833674930541, 6.73520157159383, 8.262832551855327, 9.202305382891831, 8.262809302531434, 6.735198093597544, 4.779772196454555, 2.463616272880174], [2.1437918042571207, 1.0876477416884567, 2.166996382092042, 2.6967969334008077, 4.088722110880122, 4.881743869766213, 6.267493876343239, 7.218480908058149, 7.044313190794401, 5.857782300495641, 6.1242781958366335, 5.297343067991727, 3.895920965574122, 3.3946485664940345, 3.422556386679407, 4.614385907138674, 2.463664427230299, 0.0, 2.488685245265058, 4.7679313963185335, 6.759685025946106, 8.262809302531434, 8.000305969148929, 7.188698400266909, 5.927666343511586, 4.279217322127961], [4.084752285022924, 2.6958841851978734, 2.1656503988409583, 1.0878122402326609, 2.145264261110971, 3.4083262490553925, 4.588958977807494, 5.820923640626116, 6.115846445096541, 5.309000705405867, 6.120637629365098, 5.834670228042027, 4.610746024235124, 4.85928155389251, 3.4209172614958114, 3.8948450482657204, 4.779833674930541, 2.488685245265058, 0.0, 2.4468217201095794, 4.767953802209078, 6.735198093597544, 7.188698400266909, 7.192842433975598, 6.763838029550974, 5.927706337193165], [5.820859209773073, 4.588927588227994, 3.4082715502142724, 2.1452413617120105, 1.0877765671313206, 2.1656215389582734, 2.6958767497791887, 4.084777896042819, 4.859276901968029, 4.610712994754716, 5.834632730515263, 6.120599374244323, 5.308974402839027, 6.115788535422067, 3.894823444008727, 3.420862806369177, 6.73520157159383, 4.7679313963185335, 2.4468217201095794, 0.0, 2.488676501677147, 4.779772196454555, 5.927666343511586, 6.763838029550974, 7.192767239387078, 7.188674028636993], [7.218470797197977, 6.267504369364254, 4.881723061583891, 4.0887295056044, 2.696804028845997, 2.16698164736114, 1.0876833362702583, 2.14386011903762, 3.394681407731807, 3.895948368497714, 5.297351705333524, 6.124286656419668, 5.857811951573727, 7.044303392103438, 4.6144027056597485, 3.422555204814087, 8.262832551855327, 6.759685025946106, 4.767953802209078, 2.488676501677147, 0.0, 2.463616272880174, 4.279217322127961, 5.927706337193165, 7.188674028636993, 8.000324335925388], [8.11539956071172, 7.516963880450669, 6.139949427316156, 5.829917580034901, 4.596743189476654, 3.413054072235012, 2.1538718114131115, 1.0869058238872398, 2.1539137262202495, 3.413103017783085, 4.5967730540021225, 5.829940695238674, 6.139987757316785, 7.5169620845126, 5.309672881637813, 3.8926325012772525, 9.202305382891831, 8.262809302531434, 6.735198093597544, 4.779772196454555, 2.463616272880174, 0.0, 2.463664427230299, 4.779833674930541, 6.73520157159383, 8.262832551855327], [7.218480908058149, 7.044313190794401, 5.857782300495641, 6.1242781958366335, 5.297343067991727, 3.895920965574122, 3.3946485664940345, 2.1437918042571207, 1.0876477416884567, 2.166996382092042, 2.6967969334008077, 4.088722110880122, 4.881743869766213, 6.267493876343239, 4.614385907138674, 3.422556386679407, 8.262809302531434, 8.000305969148929, 7.188698400266909, 5.927666343511586, 4.279217322127961, 2.463664427230299, 0.0, 2.488685245265058, 4.7679313963185335, 6.759685025946106], [5.820923640626116, 6.115846445096541, 5.309000705405867, 6.120637629365098, 5.834670228042027, 4.610746024235124, 4.85928155389251, 4.084752285022924, 2.6958841851978734, 2.1656503988409583, 1.0878122402326609, 2.145264261110971, 3.4083262490553925, 4.588958977807494, 3.8948450482657204, 3.4209172614958114, 6.735198093597544, 7.188698400266909, 7.192842433975598, 6.763838029550974, 5.927706337193165, 4.779833674930541, 2.488685245265058, 0.0, 2.4468217201095794, 4.767953802209078], [4.084777896042819, 4.859276901968029, 4.610712994754716, 5.834632730515263, 6.120599374244323, 5.308974402839027, 6.115788535422067, 5.820859209773073, 4.588927588227994, 3.4082715502142724, 2.1452413617120105, 1.0877765671313206, 2.1656215389582734, 2.6958767497791887, 3.420862806369177, 3.894823444008727, 4.779772196454555, 5.927666343511586, 6.763838029550974, 7.192767239387078, 7.188674028636993, 6.73520157159383, 4.7679313963185335, 2.4468217201095794, 0.0, 2.488676501677147], [2.14386011903762, 3.394681407731807, 3.895948368497714, 5.297351705333524, 6.124286656419668, 5.857811951573727, 7.044303392103438, 7.218470797197977, 6.267504369364254, 4.881723061583891, 4.0887295056044, 2.696804028845997, 2.16698164736114, 1.0876833362702583, 3.422555204814087, 4.6144027056597485, 2.463616272880174, 4.279217322127961, 5.927706337193165, 7.188674028636993, 8.000324335925388, 8.262832551855327, 6.759685025946106, 4.767953802209078, 2.488676501677147, 0.0]]}