{"total energy": -42.93358468, "HOMO-LUMO gap/eV": 4.6554399, "electronic energy": -43.4631036, "dipole": [-0.15344656, -0.61308867, 0.77189129], "partial charges": [-0.09992398, -0.05159734, -0.05745732, -0.05826494, -0.0585955, -0.05903338, -0.04966492, -0.08630937, 0.35017707, -0.409754, -0.26877976, 0.08453216, -0.11311416, 0.03029847, 0.03344119, 0.03339608, 0.02891389, 0.02781149, 0.02709991, 0.03068114, 0.03415657, 0.03009923, 0.03164416, 0.03015921, 0.03432803, 0.03540533, 0.04161743, 0.04169507, 0.06357468, 0.06053026, 0.05112288, 0.05121328, 0.05522228, 0.05040774, 0.05496712], "atomic dipole moments": [[0.05219387, -0.02215218, 0.08459281], [0.04524184, 0.05356911, -0.0870359], [-0.03567272, -0.07865719, -0.068607], [0.04487104, 0.07450889, 0.07420196], [-0.03108534, -0.07503887, -0.07711733], [0.05447464, 0.0767153, 0.07228882], [-0.01556666, -0.08485129, -0.09707879], [0.04425224, 0.0807532, 0.08592562], [0.10928141, -0.0512996, 0.10794446], [-0.07103448, -0.12553805, 0.10557292], [0.11668554, 0.15562735, -0.11827756], [-0.22167482, -0.10704294, 0.02008704], [-0.04502698, 0.07821948, -0.10612328], [-0.11897257, -0.03345144, 0.01524124], [0.00093677, 0.12365025, -0.02591551], [0.04188719, -0.06314174, -0.10077328], [-0.00570688, -0.12188724, 0.02141385], [-0.05623632, 0.05041077, 0.09446702], [0.04677143, -0.01724851, 0.11101218], [0.0028642, 0.12350502, -0.01507107], [-0.04362829, 0.0238273, -0.11420329], [-0.00626735, -0.12336676, 0.01378848], [0.00644207, 0.12361174, -0.01357966], [0.0456689, -0.02337774, 0.11295709], [-0.00721547, -0.12315217, 0.01390975], [-0.04646009, 0.02347682, -0.11312949], [0.00787136, 0.12558937, -0.01194646], [0.04643038, -0.02116036, 0.11488118], [-0.04023844, 0.02076832, -0.11876877], [-0.0008744, -0.12890029, 0.00676037], [0.00343256, 0.1238874, 0.03081179], [0.06409163, -0.02811054, -0.10706378], [-0.00858849, -0.12630416, -0.02054801], [0.12370482, 0.03189865, 0.01914734], [-0.06539999, 0.01675454, 0.10889396]], "atomic quadrupole moments": [[-0.01212312, -0.0326756, -0.1091651, 0.1409546, -0.06768304, 0.12128822], [0.15044189, 0.06507047, -0.16897252, 0.12100556, -0.06073005, 0.01853064], [0.17315692, 0.02733065, -0.11948502, -0.12143888, 0.10601289, -0.0536719], [0.18929125, 0.02293543, -0.12431664, -0.10259471, 0.12967628, -0.06497461], [0.18384883, 0.01383309, -0.12949088, -0.1159377, 0.13096912, -0.05435796], [0.20090106, 0.02573529, -0.13243488, -0.11018507, 0.12760736, -0.06846618], [0.17947084, -0.00304602, -0.13650126, -0.13605809, 0.13401167, -0.04296958], [0.19553776, 0.0392517, -0.12690284, -0.09730093, 0.07748758, -0.06863492], [-0.19180912, -0.25136164, 0.07869449, -0.02045907, 0.34279873, 0.11311464], [-0.08680939, -0.06045616, 0.05775279, -0.0623685, 0.14051624, 0.0290566], [0.08218808, 0.03876469, -0.04204996, 0.02954684, -0.02167583, -0.04013812], [0.391323, 0.13978068, -0.22371058, 0.19481146, -0.13590253, -0.16761242], [-0.06325964, -0.08715755, -0.03098902, 0.13158515, -0.16380932, 0.09424865], [0.0685445, 0.03576688, -0.04358689, -0.01657063, -0.01250912, -0.0249576], [-0.0466834, 0.01333205, 0.07862031, 0.00862437, -0.01436313, -0.03193691], [-0.01604865, -0.039026, -0.0123585, -0.0344033, 0.04154648, 0.02840715], [-0.02428626, -0.00505614, 0.05796231, 0.01554221, -0.003234, -0.03367605], [0.00390397, -0.02234519, -0.02297444, -0.01695727, 0.04117552, 0.01907047], [0.00087381, -0.01442783, -0.0395402, 0.02563885, -0.02233257, 0.03866638], [-0.02409925, -0.00654351, 0.05070644, -0.01136038, -0.02626955, -0.02660719], [-0.00830169, -0.01261584, -0.02784444, 0.0243967, -0.02500701, 0.03614613], [-0.02310931, -0.0009261, 0.05285374, -0.00622176, -0.02135233, -0.02974444], [-0.022654, -0.0011972, 0.05159615, -0.00598369, -0.02099786, -0.02894215], [-0.01084925, -0.01181943, -0.02744958, 0.02288373, -0.02596635, 0.03829882], [-0.0230574, -0.00212556, 0.0522726, -0.00596121, -0.02053675, -0.0292152], [-0.01201976, -0.01173131, -0.02689502, 0.0219453, -0.02569671, 0.03891478], [-0.02065558, -0.00132429, 0.0486617, -0.00628128, -0.0224839, -0.02800612], [-0.00925974, -0.01203818, -0.02643414, 0.02169112, -0.02724544, 0.03569388], [-0.01105804, -0.01481042, -0.02759999, 0.03191367, -0.02715562, 0.03865803], [-0.03195024, 0.0004394, 0.05594025, -0.00104577, -0.02807768, -0.02399], [-0.00517827, -0.00364895, 0.03254877, 0.01313009, 0.01491026, -0.0273705], [0.00769825, -0.00700232, -0.03292653, -0.01306688, 0.01436556, 0.02522827], [-0.05192853, 0.00518638, 0.07052547, 0.00578316, 0.0312698, -0.01859694], [0.07348936, 0.03688644, -0.03306823, 0.01443806, -0.00506616, -0.04042113], [-0.01147987, -0.02613372, -0.02776211, -0.05305272, 0.01872861, 0.03924198]], "number of molecular orbitals": 74, "number of electrons": 78, "number of unpaired electrons": 0, "orbital energies/eV": [-20.04450583, -19.29550004, -18.31545376, -17.34565649, -17.04506742, -16.87917931, -16.62065667, -16.47781151, -16.25510797, -16.03574424, -15.8347195, -15.49531859, -15.28740918, -15.1766515, -14.95768316, -14.84006553, -14.3516792, -14.23941682, -13.91982253, -13.7669052, -13.68657034, -13.47571046, -13.26236632, -13.18394348, -13.11046137, -12.87923451, -12.83101524, -12.74467753, -12.62765858, -12.35205238, -12.26506475, -12.08038618, -11.9600428, -11.88758509, -11.6508345, -11.62875446, -11.50274368, -11.41803494, -11.117317, -6.46187709, 0.11635152, 1.34075383, 2.48740772, 2.62693051, 2.68642497, 2.84456997, 3.10305346, 3.27369846, 3.42953993, 3.48859707, 3.61656254, 3.78027008, 3.80542395, 4.1017621, 4.24083483, 4.41115546, 4.57069309, 4.73695176, 4.9442225, 5.16026737, 5.39128028, 5.81850041, 5.96523645, 6.13323821, 6.40497569, 6.675227, 6.91326417, 6.95385232, 7.09334409, 7.29030969, 7.79745095, 7.9153826, 8.38499372, 16.09775044], "fractional occupation": [2.0, 2.0, 2.0, 2.0, 2.0, 2.0, 2.0, 2.0, 2.0, 2.0, 2.0, 2.0, 2.0, 2.0, 2.0, 2.0, 2.0, 2.0, 2.0, 2.0, 2.0, 2.0, 2.0, 2.0, 2.0, 2.0, 2.0, 2.0, 2.0, 2.0, 2.0, 2.0, 2.0, 2.0, 2.0, 2.0, 2.0, 2.0, 2.0, 0.0, 0.0, 0.0, 0.0, 0.0, 0.0, 0.0, 0.0, 0.0, 0.0, 0.0, 0.0, 0.0, 0.0, 0.0, 0.0, 0.0, 0.0, 0.0, 0.0, 0.0, 0.0, 0.0, 0.0, 0.0, 0.0, 0.0, 0.0, 0.0, 0.0, 0.0, 0.0, 0.0, 0.0, 0.0], "program call": "xtb /home/svss/Project-DBcg-Debug/aqme2_20220329/End-to-End-workflows-final/example-3/QDESCP/mol_191_rdkit_conf_42/mol_191_rdkit_conf_42.xyz --pop --wbo --acc 0.2 --gfn 2 --chrg 0 --uhf 0 --etemp 300 --input /home/svss/Project-DBcg-Debug/aqme2_20220329/End-to-End-workflows-final/example-3/QDESCP/mol_191_rdkit_conf_42/mol_191_rdkit_conf_42_xtb.inp", "method": "GFN2-xTB", "xtb version": "6.3.3 (7355c4f)", "Dipole module/D": 2.536, "Total charge": 0, "Transition dipole module/D": NaN, "HOMO": -11.1173, "LUMO": -6.4619, "HOMO occupancy": 2.0, "LUMO occupancy": 0, "mulliken charges": [-0.08503, -0.03874, -0.04675, -0.04627, -0.04507, -0.04625, -0.03415, -0.07647, 0.57441, -0.53041, -0.42269, 0.20589, -0.09548, 0.02851, 0.02743, 0.02675, 0.02248, 0.02382, 0.02358, 0.02373, 0.02427, 0.02315, 0.02503, 0.02379, 0.02479, 0.02617, 0.03536, 0.03269, 0.05037, 0.04864, 0.03882, 0.03923, 0.04218, 0.03442, 0.04181], "cm5 charges": [-0.23549, -0.15113, -0.15728, -0.15708, -0.15585, -0.15678, -0.14236, -0.1751, 0.62353, -0.57876, -0.50657, 0.1235, -0.24216, 0.0793, 0.07884, 0.07849, 0.07708, 0.07804, 0.0785, 0.07893, 0.08023, 0.0786, 0.08039, 0.07914, 0.08019, 0.08156, 0.0918, 0.09, 0.10897, 0.10778, 0.10363, 0.10399, 0.09541, 0.08561, 0.09504], "FUKUI+": [0.004, 0.003, 0.002, 0.003, 0.004, 0.006, -0.001, 0.021, -0.181, -0.273, -0.123, 0.027, 0.016, -0.01, -0.003, 0.002, -0.005, -0.01, -0.004, -0.005, -0.008, -0.009, -0.011, -0.011, -0.022, -0.022, -0.025, -0.029, -0.071, -0.085, -0.039, -0.039, -0.028, -0.043, -0.027], "FUKUI-": [0.015, 0.003, 0.0, -0.006, 0.0, -0.004, 0.0, -0.008, -0.013, -0.108, -0.045, 0.01, 0.009, -0.051, -0.037, -0.059, -0.047, -0.09, -0.039, -0.037, -0.039, -0.035, -0.033, -0.037, -0.029, -0.028, -0.028, -0.025, -0.031, -0.038, -0.034, -0.036, -0.035, -0.036, -0.028], "FUKUIrad": [0.009, 0.003, 0.001, -0.002, 0.002, 0.001, -0.001, 0.007, -0.097, -0.191, -0.084, 0.018, 0.013, -0.031, -0.02, -0.029, -0.026, -0.05, -0.022, -0.021, -0.024, -0.022, -0.022, -0.024, -0.026, -0.025, -0.026, -0.027, -0.051, -0.061, -0.036, -0.038, -0.031, -0.04, -0.028], "s proportion": [1.007, 1.027, 1.032, 1.032, 1.033, 1.033, 1.031, 1.039, 0.989, 1.731, 1.7, 0.994, 1.011, 0.971, 0.973, 0.973, 0.978, 0.976, 0.976, 0.976, 0.976, 0.977, 0.975, 0.976, 0.975, 0.974, 0.965, 0.967, 0.95, 0.951, 0.961, 0.961, 0.958, 0.966, 0.958], "p proportion": [3.078, 3.012, 3.015, 3.014, 3.012, 3.013, 3.003, 3.038, 2.436, 4.799, 4.722, 2.8, 3.085, 0.0, 0.0, 0.0, 0.0, 0.0, 0.0, 0.0, 0.0, 0.0, 0.0, 0.0, 0.0, 0.0, 0.0, 0.0, 0.0, 0.0, 0.0, 0.0, 0.0, 0.0, 0.0], "d proportion": [0.0, 0.0, 0.0, 0.0, 0.0, 0.0, 0.0, 0.0, 0.0, 0.0, 0.0, 0.0, 0.0, 0.0, 0.0, 0.0, 0.0, 0.0, 0.0, 0.0, 0.0, 0.0, 0.0, 0.0, 0.0, 0.0, 0.0, 0.0, 0.0, 0.0, 0.0, 0.0, 0.0, 0.0, 0.0], "Fermi-level/eV": -8.7896, "Coordination numbers": [3.749, 3.799, 3.801, 3.801, 3.802, 3.802, 3.804, 3.804, 2.722, 0.856, 1.703, 3.704, 3.748, 0.924, 0.924, 0.924, 0.924, 0.924, 0.924, 0.924, 0.924, 0.924, 0.924, 0.924, 0.924, 0.924, 0.924, 0.924, 0.924, 0.924, 0.924, 0.924, 0.924, 0.924, 0.924], "Dispersion coefficient C6": [22.474, 21.502, 21.608, 21.623, 21.628, 21.635, 21.462, 22.144, 21.053, 21.877, 18.457, 19.319, 22.731, 2.582, 2.538, 2.539, 2.602, 2.618, 2.628, 2.577, 2.528, 2.585, 2.563, 2.584, 2.526, 2.511, 2.428, 2.427, 2.158, 2.193, 2.306, 2.305, 2.256, 2.315, 2.259], "Total dispersion C6": 8892.28222, "Total dispersion C8": 188291.934232, "Polarizability alpha": [6.761, 6.602, 6.618, 6.62, 6.621, 6.622, 6.595, 6.699, 7.511, 6.271, 5.8, 6.284, 6.8, 2.513, 2.491, 2.492, 2.523, 2.53, 2.535, 2.51, 2.487, 2.514, 2.504, 2.514, 2.485, 2.478, 2.437, 2.436, 2.297, 2.316, 2.375, 2.374, 2.349, 2.379, 2.35], "Total polarizability alpha": 139.697573, "Wiberg matrix": [[0.0, 1.021027831211779, 0.0, 0.0, 0.0, 0.0, 0.0, 0.0, 0.0, 0.0, 0.0, 0.0, 0.0, 0.9873196557892705, 0.9873802812937941, 0.9861188308606864, 0.0, 0.0, 0.0, 0.0, 0.0, 0.0, 0.0, 0.0, 0.0, 0.0, 0.0, 0.0, 0.0, 0.0, 0.0, 0.0, 0.0, 0.0, 0.0], [1.021027831211779, 0.0, 1.006870121412499, 0.0, 0.0, 0.0, 0.0, 0.0, 0.0, 0.0, 0.0, 0.0, 0.0, 0.0, 0.0, 0.0, 0.9778502209790638, 0.978089914345452, 0.0, 0.0, 0.0, 0.0, 0.0, 0.0, 0.0, 0.0, 0.0, 0.0, 0.0, 0.0, 0.0, 0.0, 0.0, 0.0, 0.0], [0.0, 1.006870121412499, 0.0, 1.007832668055001, 0.0, 0.0, 0.0, 0.0, 0.0, 0.0, 0.0, 0.0, 0.0, 0.0, 0.0, 0.0, 0.0, 0.0, 0.9772082206995027, 0.9771352076447932, 0.0, 0.0, 0.0, 0.0, 0.0, 0.0, 0.0, 0.0, 0.0, 0.0, 0.0, 0.0, 0.0, 0.0, 0.0], [0.0, 0.0, 1.007832668055001, 0.0, 1.0063856774746944, 0.0, 0.0, 0.0, 0.0, 0.0, 0.0, 0.0, 0.0, 0.0, 0.0, 0.0, 0.0, 0.0, 0.0, 0.0, 0.9755052153093552, 0.9771663645521206, 0.0, 0.0, 0.0, 0.0, 0.0, 0.0, 0.0, 0.0, 0.0, 0.0, 0.0, 0.0, 0.0], [0.0, 0.0, 0.0, 1.0063856774746944, 0.0, 1.0062453077107718, 0.0, 0.0, 0.0, 0.0, 0.0, 0.0, 0.0, 0.0, 0.0, 0.0, 0.0, 0.0, 0.0, 0.0, 0.0, 0.0, 0.9771828462963672, 0.9770566485466721, 0.0, 0.0, 0.0, 0.0, 0.0, 0.0, 0.0, 0.0, 0.0, 0.0, 0.0], [0.0, 0.0, 0.0, 0.0, 1.0062453077107718, 0.0, 1.004288849514642, 0.0, 0.0, 0.0, 0.0, 0.0, 0.0, 0.0, 0.0, 0.0, 0.0, 0.0, 0.0, 0.0, 0.0, 0.0, 0.0, 0.0, 0.9768443063840361, 0.9767411113843101, 0.0, 0.0, 0.0, 0.0, 0.0, 0.0, 0.0, 0.0, 0.0], [0.0, 0.0, 0.0, 0.0, 0.0, 1.004288849514642, 0.0, 0.9835239624985224, 0.0, 0.0, 0.0, 0.0, 0.0, 0.0, 0.0, 0.0, 0.0, 0.0, 0.0, 0.0, 0.0, 0.0, 0.0, 0.0, 0.0, 0.0, 0.9762523293117942, 0.9760377115789802, 0.0, 0.0, 0.0, 0.0, 0.0, 0.0, 0.0], [0.0, 0.0, 0.0, 0.0, 0.0, 0.0, 0.9835239624985224, 0.0, 0.9775810873464544, 0.0, 0.0, 0.0, 0.0, 0.0, 0.0, 0.0, 0.0, 0.0, 0.0, 0.0, 0.0, 0.0, 0.0, 0.0, 0.0, 0.0, 0.0, 0.0, 0.9700908437852739, 0.9648278564611443, 0.0, 0.0, 0.0, 0.0, 0.0], [0.0, 0.0, 0.0, 0.0, 0.0, 0.0, 0.0, 0.9775810873464544, 0.0, 1.756428695337569, 1.122623350533581, 0.0, 0.0, 0.0, 0.0, 0.0, 0.0, 0.0, 0.0, 0.0, 0.0, 0.0, 0.0, 0.0, 0.0, 0.0, 0.0, 0.0, 0.0, 0.0, 0.0, 0.0, 0.0, 0.0, 0.0], [0.0, 0.0, 0.0, 0.0, 0.0, 0.0, 0.0, 0.0, 1.756428695337569, 0.0, 0.17192250185964494, 0.0, 0.0, 0.0, 0.0, 0.0, 0.0, 0.0, 0.0, 0.0, 0.0, 0.0, 0.0, 0.0, 0.0, 0.0, 0.0, 0.0, 0.0, 0.0, 0.0, 0.0, 0.0, 0.0, 0.0], [0.0, 0.0, 0.0, 0.0, 0.0, 0.0, 0.0, 0.0, 1.122623350533581, 0.17192250185964494, 0.0, 0.9414529227642953, 0.0, 0.0, 0.0, 0.0, 0.0, 0.0, 0.0, 0.0, 0.0, 0.0, 0.0, 0.0, 0.0, 0.0, 0.0, 0.0, 0.0, 0.0, 0.0, 0.0, 0.0, 0.0, 0.0], [0.0, 0.0, 0.0, 0.0, 0.0, 0.0, 0.0, 0.0, 0.0, 0.0, 0.9414529227642953, 0.0, 1.0198525793634603, 0.0, 0.0, 0.0, 0.0, 0.0, 0.0, 0.0, 0.0, 0.0, 0.0, 0.0, 0.0, 0.0, 0.0, 0.0, 0.0, 0.0, 0.9697821353062864, 0.9696064691988742, 0.0, 0.0, 0.0], [0.0, 0.0, 0.0, 0.0, 0.0, 0.0, 0.0, 0.0, 0.0, 0.0, 0.0, 1.0198525793634603, 0.0, 0.0, 0.0, 0.0, 0.0, 0.0, 0.0, 0.0, 0.0, 0.0, 0.0, 0.0, 0.0, 0.0, 0.0, 0.0, 0.0, 0.0, 0.0, 0.0, 0.9855032377585266, 0.9839304804508822, 0.9855378980972693], [0.9873196557892705, 0.0, 0.0, 0.0, 0.0, 0.0, 0.0, 0.0, 0.0, 0.0, 0.0, 0.0, 0.0, 0.0, 0.0, 0.0, 0.0, 0.0, 0.0, 0.0, 0.0, 0.0, 0.0, 0.0, 0.0, 0.0, 0.0, 0.0, 0.0, 0.0, 0.0, 0.0, 0.0, 0.0, 0.0], [0.9873802812937941, 0.0, 0.0, 0.0, 0.0, 0.0, 0.0, 0.0, 0.0, 0.0, 0.0, 0.0, 0.0, 0.0, 0.0, 0.0, 0.0, 0.0, 0.0, 0.0, 0.0, 0.0, 0.0, 0.0, 0.0, 0.0, 0.0, 0.0, 0.0, 0.0, 0.0, 0.0, 0.0, 0.0, 0.0], [0.9861188308606864, 0.0, 0.0, 0.0, 0.0, 0.0, 0.0, 0.0, 0.0, 0.0, 0.0, 0.0, 0.0, 0.0, 0.0, 0.0, 0.0, 0.0, 0.0, 0.0, 0.0, 0.0, 0.0, 0.0, 0.0, 0.0, 0.0, 0.0, 0.0, 0.0, 0.0, 0.0, 0.0, 0.0, 0.0], [0.0, 0.9778502209790638, 0.0, 0.0, 0.0, 0.0, 0.0, 0.0, 0.0, 0.0, 0.0, 0.0, 0.0, 0.0, 0.0, 0.0, 0.0, 0.0, 0.0, 0.0, 0.0, 0.0, 0.0, 0.0, 0.0, 0.0, 0.0, 0.0, 0.0, 0.0, 0.0, 0.0, 0.0, 0.0, 0.0], [0.0, 0.978089914345452, 0.0, 0.0, 0.0, 0.0, 0.0, 0.0, 0.0, 0.0, 0.0, 0.0, 0.0, 0.0, 0.0, 0.0, 0.0, 0.0, 0.0, 0.0, 0.0, 0.0, 0.0, 0.0, 0.0, 0.0, 0.0, 0.0, 0.0, 0.0, 0.0, 0.0, 0.0, 0.0, 0.0], [0.0, 0.0, 0.9772082206995027, 0.0, 0.0, 0.0, 0.0, 0.0, 0.0, 0.0, 0.0, 0.0, 0.0, 0.0, 0.0, 0.0, 0.0, 0.0, 0.0, 0.0, 0.0, 0.0, 0.0, 0.0, 0.0, 0.0, 0.0, 0.0, 0.0, 0.0, 0.0, 0.0, 0.0, 0.0, 0.0], [0.0, 0.0, 0.9771352076447932, 0.0, 0.0, 0.0, 0.0, 0.0, 0.0, 0.0, 0.0, 0.0, 0.0, 0.0, 0.0, 0.0, 0.0, 0.0, 0.0, 0.0, 0.0, 0.0, 0.0, 0.0, 0.0, 0.0, 0.0, 0.0, 0.0, 0.0, 0.0, 0.0, 0.0, 0.0, 0.0], [0.0, 0.0, 0.0, 0.9755052153093552, 0.0, 0.0, 0.0, 0.0, 0.0, 0.0, 0.0, 0.0, 0.0, 0.0, 0.0, 0.0, 0.0, 0.0, 0.0, 0.0, 0.0, 0.0, 0.0, 0.0, 0.0, 0.0, 0.0, 0.0, 0.0, 0.0, 0.0, 0.0, 0.0, 0.0, 0.0], [0.0, 0.0, 0.0, 0.9771663645521206, 0.0, 0.0, 0.0, 0.0, 0.0, 0.0, 0.0, 0.0, 0.0, 0.0, 0.0, 0.0, 0.0, 0.0, 0.0, 0.0, 0.0, 0.0, 0.0, 0.0, 0.0, 0.0, 0.0, 0.0, 0.0, 0.0, 0.0, 0.0, 0.0, 0.0, 0.0], [0.0, 0.0, 0.0, 0.0, 0.9771828462963672, 0.0, 0.0, 0.0, 0.0, 0.0, 0.0, 0.0, 0.0, 0.0, 0.0, 0.0, 0.0, 0.0, 0.0, 0.0, 0.0, 0.0, 0.0, 0.0, 0.0, 0.0, 0.0, 0.0, 0.0, 0.0, 0.0, 0.0, 0.0, 0.0, 0.0], [0.0, 0.0, 0.0, 0.0, 0.9770566485466721, 0.0, 0.0, 0.0, 0.0, 0.0, 0.0, 0.0, 0.0, 0.0, 0.0, 0.0, 0.0, 0.0, 0.0, 0.0, 0.0, 0.0, 0.0, 0.0, 0.0, 0.0, 0.0, 0.0, 0.0, 0.0, 0.0, 0.0, 0.0, 0.0, 0.0], [0.0, 0.0, 0.0, 0.0, 0.0, 0.9768443063840361, 0.0, 0.0, 0.0, 0.0, 0.0, 0.0, 0.0, 0.0, 0.0, 0.0, 0.0, 0.0, 0.0, 0.0, 0.0, 0.0, 0.0, 0.0, 0.0, 0.0, 0.0, 0.0, 0.0, 0.0, 0.0, 0.0, 0.0, 0.0, 0.0], [0.0, 0.0, 0.0, 0.0, 0.0, 0.9767411113843101, 0.0, 0.0, 0.0, 0.0, 0.0, 0.0, 0.0, 0.0, 0.0, 0.0, 0.0, 0.0, 0.0, 0.0, 0.0, 0.0, 0.0, 0.0, 0.0, 0.0, 0.0, 0.0, 0.0, 0.0, 0.0, 0.0, 0.0, 0.0, 0.0], [0.0, 0.0, 0.0, 0.0, 0.0, 0.0, 0.9762523293117942, 0.0, 0.0, 0.0, 0.0, 0.0, 0.0, 0.0, 0.0, 0.0, 0.0, 0.0, 0.0, 0.0, 0.0, 0.0, 0.0, 0.0, 0.0, 0.0, 0.0, 0.0, 0.0, 0.0, 0.0, 0.0, 0.0, 0.0, 0.0], [0.0, 0.0, 0.0, 0.0, 0.0, 0.0, 0.9760377115789802, 0.0, 0.0, 0.0, 0.0, 0.0, 0.0, 0.0, 0.0, 0.0, 0.0, 0.0, 0.0, 0.0, 0.0, 0.0, 0.0, 0.0, 0.0, 0.0, 0.0, 0.0, 0.0, 0.0, 0.0, 0.0, 0.0, 0.0, 0.0], [0.0, 0.0, 0.0, 0.0, 0.0, 0.0, 0.0, 0.9700908437852739, 0.0, 0.0, 0.0, 0.0, 0.0, 0.0, 0.0, 0.0, 0.0, 0.0, 0.0, 0.0, 0.0, 0.0, 0.0, 0.0, 0.0, 0.0, 0.0, 0.0, 0.0, 0.0, 0.0, 0.0, 0.0, 0.0, 0.0], [0.0, 0.0, 0.0, 0.0, 0.0, 0.0, 0.0, 0.9648278564611443, 0.0, 0.0, 0.0, 0.0, 0.0, 0.0, 0.0, 0.0, 0.0, 0.0, 0.0, 0.0, 0.0, 0.0, 0.0, 0.0, 0.0, 0.0, 0.0, 0.0, 0.0, 0.0, 0.0, 0.0, 0.0, 0.0, 0.0], [0.0, 0.0, 0.0, 0.0, 0.0, 0.0, 0.0, 0.0, 0.0, 0.0, 0.0, 0.9697821353062864, 0.0, 0.0, 0.0, 0.0, 0.0, 0.0, 0.0, 0.0, 0.0, 0.0, 0.0, 0.0, 0.0, 0.0, 0.0, 0.0, 0.0, 0.0, 0.0, 0.0, 0.0, 0.0, 0.0], [0.0, 0.0, 0.0, 0.0, 0.0, 0.0, 0.0, 0.0, 0.0, 0.0, 0.0, 0.9696064691988742, 0.0, 0.0, 0.0, 0.0, 0.0, 0.0, 0.0, 0.0, 0.0, 0.0, 0.0, 0.0, 0.0, 0.0, 0.0, 0.0, 0.0, 0.0, 0.0, 0.0, 0.0, 0.0, 0.0], [0.0, 0.0, 0.0, 0.0, 0.0, 0.0, 0.0, 0.0, 0.0, 0.0, 0.0, 0.0, 0.9855032377585266, 0.0, 0.0, 0.0, 0.0, 0.0, 0.0, 0.0, 0.0, 0.0, 0.0, 0.0, 0.0, 0.0, 0.0, 0.0, 0.0, 0.0, 0.0, 0.0, 0.0, 0.0, 0.0], [0.0, 0.0, 0.0, 0.0, 0.0, 0.0, 0.0, 0.0, 0.0, 0.0, 0.0, 0.0, 0.9839304804508822, 0.0, 0.0, 0.0, 0.0, 0.0, 0.0, 0.0, 0.0, 0.0, 0.0, 0.0, 0.0, 0.0, 0.0, 0.0, 0.0, 0.0, 0.0, 0.0, 0.0, 0.0, 0.0], [0.0, 0.0, 0.0, 0.0, 0.0, 0.0, 0.0, 0.0, 0.0, 0.0, 0.0, 0.0, 0.9855378980972693, 0.0, 0.0, 0.0, 0.0, 0.0, 0.0, 0.0, 0.0, 0.0, 0.0, 0.0, 0.0, 0.0, 0.0, 0.0, 0.0, 0.0, 0.0, 0.0, 0.0, 0.0, 0.0]], "Born radii": [], "Atomic SASAs": [], "Solvent H bonds": [], "Total SASA": NaN, "Total FOD": 0.0, "FOD": [0.0, 0.0, 0.0, 0.0, 0.0, 0.0, 0.0, 0.0, 0.0, 0.0, 0.0, 0.0, 0.0, 0.0, 0.0, 0.0, 0.0, 0.0, 0.0, 0.0, 0.0, 0.0, 0.0, 0.0, 0.0, 0.0, 0.0, 0.0, 0.0, 0.0, 0.0, 0.0, 0.0, 0.0, 0.0], "FOD s proportion": [0.0, 0.0, 0.0, 0.0, 0.0, 0.0, 0.0, 0.0, 0.0, 0.0, 0.0, 0.0, 0.0, 0.0, 0.0, 0.0, 0.0, 0.0, 0.0, 0.0, 0.0, 0.0, 0.0, 0.0, 0.0, 0.0, 0.0, 0.0, 0.0, 0.0, 0.0, 0.0, 0.0, 0.0, 0.0], "FOD p proportion": [0.0, 0.0, 0.0, 0.0, 0.0, 0.0, 0.0, 0.0, 0.0, 0.0, 0.0, 0.0, 0.0, 0.0, 0.0, 0.0, 0.0, 0.0, 0.0, 0.0, 0.0, 0.0, 0.0, 0.0, 0.0, 0.0, 0.0, 0.0, 0.0, 0.0, 0.0, 0.0, 0.0, 0.0, 0.0], "FOD d proportion": [0.0, 0.0, 0.0, 0.0, 0.0, 0.0, 0.0, 0.0, 0.0, 0.0, 0.0, 0.0, 0.0, 0.0, 0.0, 0.0, 0.0, 0.0, 0.0, 0.0, 0.0, 0.0, 0.0, 0.0, 0.0, 0.0, 0.0, 0.0, 0.0, 0.0, 0.0, 0.0, 0.0, 0.0, 0.0], "coordinates": [["-5.74370", "0.47940", "0.17400"], ["-4.95570", "0.15280", "1.43310"], ["-3.50910", "0.65030", "1.39510"], ["-2.65640", "-0.04530", "0.33170"], ["-1.19730", "0.41040", "0.40680"], ["-0.34300", "-0.28090", "-0.65730"], ["1.11450", "0.17380", "-0.58200"], ["1.96580", "-0.51530", "-1.64160"], ["3.39140", "-0.03360", "-1.57550"], ["3.86140", "0.82550", "-2.30860"], ["4.06280", "-0.67430", "-0.57950"], ["5.42750", "-0.26370", "-0.43400"], ["6.04000", "-1.05290", "0.70650"], ["-6.79100", "0.18680", "0.30040"], ["-5.71550", "1.55240", "-0.04030"], ["-5.35310", "-0.05820", "-0.69490"], ["-4.97380", "-0.92980", "1.60440"], ["-5.45970", "0.61730", "2.28910"], ["-3.06220", "0.47800", "2.38210"], ["-3.49750", "1.73430", "1.22820"], ["-3.04920", "0.17430", "-0.66740"], ["-2.70900", "-1.13180", "0.47100"], ["-1.14480", "1.49750", "0.27100"], ["-0.79360", "0.18870", "1.40220"], ["-0.39590", "-1.36800", "-0.52160"], ["-0.74600", "-0.05910", "-1.65300"], ["1.17190", "1.26160", "-0.71390"], ["1.51810", "-0.04100", "0.41540"], ["1.58370", "-0.30420", "-2.64720"], ["1.95160", "-1.60500", "-1.52380"], ["5.46920", "0.80750", "-0.20670"], ["5.97550", "-0.46670", "-1.36090"], ["5.98690", "-2.12770", "0.50380"], ["7.08640", "-0.77300", "0.85700"], ["5.48940", "-0.87670", "1.63650"]], "bond_dist": [[0.0, 1.5208367335121806, 2.5522008502467037, 3.13553833814865, 4.5528792867810575, 5.516944468634789, 6.906506685727598, 7.982619977175412, 9.315254760874765, 9.926783667432266, 9.902839400394212, 11.212384717356072, 11.89483439271014, 1.0947278246212624, 1.0945541238330792, 1.0938781147824466, 2.1504964101341812, 2.1385323051102128, 3.473636397206823, 2.780562189558075, 2.839255222765294, 3.448706790958025, 4.711243765716225, 5.108470587171859, 5.700500939391203, 5.348356433522358, 7.016104803236622, 7.284423749343525, 7.890753396222696, 8.151373521683324, 11.224157363027302, 11.857093735819078, 12.0213441349127, 12.909161892624942, 11.408788238458982], [1.5208367335121806, 0.0, 1.5302293324858207, 2.557167585435104, 3.9045127749823023, 5.082801308333821, 6.395967248978063, 7.603111202001455, 8.874711112481354, 9.601775699838026, 9.277283838494972, 10.557953253353608, 11.085444444856506, 2.1569634628338052, 2.169581471159818, 2.175047530515138, 1.096218071370838, 1.0965911954780594, 2.1428248388517437, 2.160896457491659, 2.8367771766566374, 2.7610676304647086, 4.204955803572732, 4.162369521078109, 5.188974924780424, 5.224029949186739, 6.5868450869896735, 6.556169473862005, 7.7214926957162895, 7.716470160636922, 10.573368249522003, 11.299617236437703, 11.216272709773065, 12.091367551273926, 10.49768335491217], [2.5522008502467037, 1.5302293324858207, 0.0, 1.530286316347369, 2.5256104489806024, 3.886343835792196, 5.05110419809372, 6.368257238837011, 7.543810961311266, 8.250597492303209, 7.936452603651079, 9.167541784469815, 9.724215701536036, 3.490568427921161, 2.782509394413611, 2.8758317492509886, 2.164686718673166, 2.145964901856505, 1.0970760684656282, 1.0968346137864178, 2.1661002423710682, 2.1610185630854724, 2.7515928368855738, 2.754462782467754, 4.17603735854937, 4.1747914414974066, 5.170428385540216, 5.16821512903633, 6.571747969908767, 6.589810300001055, 9.121422365508572, 9.939862280736087, 9.93406843594305, 10.704202667644145, 9.13033434272809], [3.13553833814865, 2.557167585435104, 1.530286316347369, 0.0, 1.5304493817176705, 2.5269443840338077, 3.8861985680096174, 5.047726788367215, 6.341406277001972, 7.085985716186563, 6.809814614216749, 8.123018789834232, 8.762596975782921, 4.141227747902789, 3.471184538453696, 2.8855267907264355, 2.7879110997304055, 3.4826634075086838, 2.1546825032936985, 2.1629002797170283, 1.0957722436711015, 1.0966555977151624, 2.1607523897938887, 2.1611918216576704, 2.7545446865135443, 2.754787231348367, 4.178175183019496, 4.175341235156715, 5.188383412008022, 5.206650395407781, 8.18794954552115, 8.806371007969174, 8.89227996972655, 9.784050246191503, 8.291428504184305], [4.5528792867810575, 3.9045127749823023, 2.5256104489806024, 1.5304493817176705, 0.0, 1.5297166371586601, 2.5254948505193986, 3.8804722212637985, 5.018248397598509, 5.7564008599123815, 5.460587311819124, 6.711879803006011, 7.389829380303716, 5.599178297750483, 4.6816870516940785, 4.324812422521929, 4.1823837760301235, 4.6641092032670075, 2.7173943144122457, 2.778188116380891, 2.1538761477856614, 2.160495167779831, 1.096806409536341, 1.0967888310882818, 2.160295137243983, 2.1602958084484634, 2.7556521133844165, 2.7526774384224533, 4.191840903469501, 4.207686386840161, 6.7064366775509034, 7.439296172353941, 7.619979675169745, 8.379904611032277, 6.919591417851201], [5.516944468634789, 5.082801308333821, 3.886343835792196, 2.5269443840338077, 1.5297166371586601, 0.0, 1.5286361339442427, 2.520783070793677, 3.853568721328322, 4.650579749880654, 4.424012888769652, 5.774844498339328, 6.572565970760582, 6.535490538590046, 5.710116823673575, 5.015188038349111, 5.194291745753217, 5.972324094521327, 4.148244232202342, 4.191301890821037, 2.7442353197202314, 2.7559114100420574, 2.1604005855396355, 2.1598853603837402, 1.0968132521081246, 1.0968239284406591, 2.16273711301212, 2.1614648990904293, 2.769912957116162, 2.78733783743557, 5.930372986583559, 6.36026861461055, 6.695256340126194, 7.598108400121704, 6.295505209274312], [6.906506685727598, 6.395967248978063, 5.05110419809372, 3.8861985680096174, 2.5254948505193986, 1.5286361339442427, 0.0, 1.52391688093544, 2.492855916413943, 3.3092778759119037, 3.0678580068184385, 4.337658268005907, 5.236943325070455, 7.954604264826755, 6.988767906433866, 6.4727444078999445, 6.562444271001469, 7.1874900417322305, 5.1306188067327705, 5.194470934561093, 4.164575740696764, 4.175230845115034, 2.7539475630447288, 2.752838037371614, 2.1591904871965326, 2.1593387089569807, 1.0972698893162065, 1.097195862186875, 2.171101950623232, 2.179874558317519, 4.416541392311409, 4.964498611138894, 5.496921470241321, 6.215363291876026, 5.016477101512575], [7.982619977175412, 7.603111202001455, 6.368257238837011, 5.047726788367215, 3.8804722212637985, 2.520783070793677, 1.52391688093544, 0.0, 1.5062335343498365, 2.415767579880151, 2.3560022092519355, 3.674910503672165, 4.733042679925885, 8.996991422136626, 8.114303092071431, 7.394016399089199, 7.672442532205764, 8.477690457901845, 6.515948939333396, 6.568416787171776, 5.155078932470384, 5.166904881067582, 4.169560523604376, 4.168287753982443, 2.749386146033329, 2.7499286608928606, 2.1559865746335247, 2.1579260367306383, 1.096264101391631, 1.096140761946202, 4.010305401088551, 4.01980702770668, 4.834441035942005, 5.703503801173451, 4.826210369430657], [9.315254760874765, 8.874711112481354, 7.543810961311266, 6.341406277001972, 5.018248397598509, 3.853568721328322, 2.492855916413943, 1.5062335343498365, 0.0, 1.2232695614622318, 1.3613561069756879, 2.3455642114425266, 3.6416450197678523, 10.356101908054015, 9.370584968399784, 8.788762243342347, 8.993970729883436, 9.679916072983277, 7.587706193573918, 7.644811790358216, 6.507626017220104, 6.527563530904928, 5.131368228845012, 5.1410446000788586, 4.1515021209196075, 4.138204352131488, 2.7103648924084003, 2.7336770950498157, 2.118854534884356, 2.1318993620712963, 2.6264644467420455, 2.6289164269713865, 3.9300589753844664, 4.485174869500631, 3.9280231172944995], [9.926783667432266, 9.601775699838026, 8.250597492303209, 7.085985716186563, 5.7564008599123815, 4.650579749880654, 3.3092778759119037, 2.415767579880151, 1.2232695614622318, 0.0, 2.2977703997571215, 2.6745375319856706, 4.167194803461917, 10.985829256364765, 9.86866668349884, 9.396380347240102, 9.821069500314108, 10.395436390070403, 8.370164855007337, 8.215125129296572, 7.132600594453612, 7.397793969150533, 5.671680403548846, 5.9870339801942, 5.111693901242523, 4.73713661192075, 3.157001987645874, 3.6962214679318124, 2.5649150746174816, 3.1891342602656287, 2.6463802542340735, 2.652797568605641, 4.598775298924704, 4.7934174249693715, 4.594745134389937], [9.902839400394212, 9.277283838494972, 7.936452603651079, 6.809814614216749, 5.460587311819124, 4.424012888769652, 3.0678580068184385, 2.3560022092519355, 1.3613561069756879, 2.2977703997571215, 0.0, 1.4325392490260085, 2.388818494570067, 10.92340110313633, 10.043111092684379, 9.43674038956249, 9.300260158726743, 10.028713914056976, 7.801570024680929, 8.138013844913267, 7.1629876706581035, 6.868051524268, 5.706063726422971, 5.315686677184802, 4.512712907996697, 4.965423519701013, 3.481820641560964, 2.8047090740395877, 3.249352875573843, 2.4930042960251795, 2.0766973876807375, 2.076560861135546, 2.6434960298816415, 3.3489447442440734, 2.6432573314000285], [11.212384717356072, 10.557953253353608, 9.167541784469815, 8.123018789834232, 6.711879803006011, 5.774844498339328, 4.337658268005907, 3.674910503672165, 2.3455642114425266, 2.6745375319856706, 1.4325392490260085, 0.0, 1.5161573599069458, 12.248838143268937, 11.29688753152832, 10.78571441398297, 10.620066170227, 11.257111461205312, 8.975274045398278, 9.295726859154156, 8.491216782652533, 8.232572797127274, 6.840612379750807, 6.502182818869367, 5.927827579307618, 6.296024492487304, 4.529350445704108, 4.006804713234724, 4.435616409249113, 3.881833399310177, 1.09584379361294, 1.0957447741148485, 2.160299331111316, 2.1628723263290417, 2.1602247244210497], [11.89483439271014, 11.085444444856506, 9.724215701536036, 8.762596975782921, 7.389829380303716, 6.572565970760582, 5.236943325070455, 4.733042679925885, 3.6416450197678523, 4.167194803461917, 2.388818494570067, 1.5161573599069458, 0.0, 12.897144424251438, 12.06387494049901, 11.521982366763108, 11.05102567456976, 11.727629380654898, 9.380902675649075, 9.950103566295176, 9.274005482530189, 8.752524576372236, 7.636461972012956, 6.980233377903635, 6.55959803875207, 7.252908016099473, 5.574302110578507, 4.64287200232787, 5.6272964263489795, 4.689783263648758, 2.14961276512771, 2.149868240148684, 1.095035131856508, 1.093593717977568, 1.0950373509611442], [1.0947278246212624, 2.1569634628338052, 3.490568427921161, 4.141227747902789, 5.599178297750483, 6.535490538590046, 7.954604264826755, 8.996991422136626, 10.356101908054015, 10.985829256364765, 10.92340110313633, 12.248838143268937, 12.897144424251438, 0.0, 1.7713385051988233, 1.765843566117905, 2.499885477376914, 2.4315874711800936, 4.280446445173681, 3.7553576846952943, 3.8649528237741793, 4.293079817566872, 5.796410379709153, 6.097767920313138, 6.632525239303655, 6.357535951137044, 8.0988749798969, 8.31301754178349, 8.891851710976741, 9.108858745199642, 12.286371430979939, 12.890713796760831, 12.987417380680427, 13.921682741680334, 12.39856522425075], [1.0945541238330792, 2.169581471159818, 2.782509394413611, 3.471184538453696, 4.6816870516940785, 5.710116823673575, 6.988767906433866, 8.114303092071431, 9.370584968399784, 9.86866668349884, 10.043111092684379, 11.29688753152832, 12.06387494049901, 1.7713385051988233, 0.0, 1.7759130834587595, 3.0686273511131974, 2.5230834330239653, 3.74998106795221, 2.5615822961599335, 3.066197924139927, 4.062683790304138, 4.581617639000443, 5.307125733389025, 6.087571766312081, 5.467509834467607, 6.926368482834276, 7.421021156822016, 7.970019561456546, 8.42344166122138, 11.210712691885382, 11.937346027069836, 12.279468497455419, 13.042287991759729, 11.587146717807624], [1.0938781147824466, 2.175047530515138, 2.8758317492509886, 2.8855267907264355, 4.324812422521929, 5.015188038349111, 6.4727444078999445, 7.394016399089199, 8.788762243342347, 9.396380347240102, 9.43674038956249, 10.78571441398297, 11.521982366763108, 1.765843566117905, 1.7759130834587595, 0.0, 2.4880384924675103, 3.061359144236429, 3.873456111794737, 3.2178597265884665, 2.3157650377359102, 3.082726809173982, 4.589439420016349, 5.024721710701997, 5.1302476324247746, 4.705669647350949, 6.657165916514324, 6.96034850923429, 7.210491351496097, 7.512543346963131, 10.867840310751719, 11.355509949359389, 11.589448301795905, 12.556292960105703, 11.120484452576697], [2.1504964101341812, 1.096218071370838, 2.164686718673166, 2.7879110997304055, 4.1823837760301235, 5.194291745753217, 6.562444271001469, 7.672442532205764, 8.993970729883436, 9.821069500314108, 9.300260158726743, 10.620066170227, 11.05102567456976, 2.499885477376914, 3.0686273511131974, 2.4880384924675103, 0.0, 1.7602361517705514, 2.498185879793575, 3.0689439453988077, 3.175562502927631, 2.540613823468651, 4.725566828434447, 4.3319740453977795, 5.066464610554386, 5.407685834994486, 6.924332266724352, 6.659463345495642, 7.840171182442384, 7.629069107040517, 10.740323249325412, 11.353177360985779, 11.080759417115777, 12.084354225195487, 10.463383977471151], [2.1385323051102128, 1.0965911954780594, 2.145964901856505, 3.4826634075086838, 4.6641092032670075, 5.972324094521327, 7.1874900417322305, 8.477690457901845, 9.679916072983277, 10.395436390070403, 10.028713914056976, 11.257111461205312, 11.727629380654898, 2.4315874711800936, 2.5230834330239653, 3.061359144236429, 1.7602361517705514, 0.0, 2.403343450279215, 2.4946796688152166, 3.8402671131055452, 3.7324507913701956, 4.8441554124532376, 4.768938957462131, 6.122378706025951, 6.18196061617995, 7.308300079361821, 7.254915810676235, 8.650185171428413, 8.625786421538617, 11.211870891604129, 12.052441870426092, 11.905753762362128, 12.703876168713231, 11.069810909405815], [3.473636397206823, 2.1428248388517437, 1.0970760684656282, 2.1546825032936985, 2.7173943144122457, 4.148244232202342, 5.1306188067327705, 6.515948939333396, 7.587706193573918, 8.370164855007337, 7.801570024680929, 8.975274045398278, 9.380902675649075, 4.280446445173681, 3.74998106795221, 3.873456111794737, 2.498185879793575, 2.403343450279215, 0.0, 1.7604718089194158, 3.064613016352962, 2.523590594767701, 3.028621174726215, 2.4880603811001047, 4.352969719628199, 4.683512662521582, 5.303475065464153, 5.0116282763189846, 6.891304821294731, 6.6882833559890384, 8.921616537937505, 9.827641038418122, 9.602285883580013, 10.338520830853899, 8.69028158404548], [2.780562189558075, 2.160896457491659, 1.0968346137864178, 2.1629002797170283, 2.778188116380891, 4.191301890821037, 5.194470934561093, 6.568416787171776, 7.644811790358216, 8.215125129296572, 8.138013844913267, 9.295726859154156, 9.950103566295176, 3.7553576846952943, 2.5615822961599335, 3.2178597265884665, 3.0689439453988077, 2.4946796688152166, 1.7604718089194158, 0.0, 2.4955705259519316, 3.0675092990894095, 2.550980864295144, 3.119331750551711, 4.72292154180016, 4.369021543778423, 5.079221796692876, 5.382246491010979, 6.707667318077127, 6.958241106774039, 9.127957336666293, 10.06407317193193, 10.266140595179866, 10.883165069960118, 9.367411675591075], [2.839255222765294, 2.8367771766566374, 2.1661002423710682, 1.0957722436711015, 2.1538761477856614, 2.7442353197202314, 4.164575740696764, 5.155078932470384, 6.507626017220104, 7.132600594453612, 7.1629876706581035, 8.491216782652533, 9.274005482530189, 3.8649528237741793, 3.066197924139927, 2.3157650377359102, 3.175562502927631, 3.8402671131055452, 3.064613016352962, 2.4955705259519316, 0.0, 1.7656692244018977, 2.5016378954596927, 3.0612387819312623, 3.07244980756399, 2.516070976741316, 4.359136238981296, 4.698833814894925, 5.060862841453027, 5.3765537372930625, 8.554316178982397, 9.073975608298712, 9.397979391869297, 10.293277418295885, 8.906191451456676], [3.448706790958025, 2.7610676304647086, 2.1610185630854724, 1.0966555977151624, 2.160495167779831, 2.7559114100420574, 4.175230845115034, 5.166904881067582, 6.527563530904928, 7.397793969150533, 6.868051524268, 8.232572797127274, 8.752524576372236, 4.293079817566872, 4.062683790304138, 3.082726809173982, 2.540613823468651, 3.7324507913701956, 2.523590594767701, 3.0675092990894095, 1.7656692244018977, 0.0, 3.065932179615198, 2.5059151721476924, 2.5281370235808027, 3.0847091094623496, 4.711022859210089, 4.3659260655673044, 5.369857194562999, 5.091594803202628, 8.432266422498758, 8.900491889216012, 8.752803520015744, 9.809566483795296, 8.284758826906188], [4.711243765716225, 4.204955803572732, 2.7515928368855738, 2.1607523897938887, 1.096806409536341, 2.1604005855396355, 2.7539475630447288, 4.169560523604376, 5.131368228845012, 5.671680403548846, 5.706063726422971, 6.840612379750807, 7.636461972012956, 5.796410379709153, 4.581617639000443, 4.589439420016349, 4.725566828434447, 4.8441554124532376, 3.028621174726215, 2.550980864295144, 2.5016378954596927, 3.065932179615198, 0.0, 1.76519469747674, 3.0659674199182225, 2.506755073795603, 2.528393899296548, 3.0787773579783257, 4.382547932424699, 4.7365078116688455, 6.667030320165043, 7.564380433320366, 8.003587681158994, 8.558692639065853, 7.177327185659018], [5.108470587171859, 4.162369521078109, 2.754462782467754, 2.1611918216576704, 1.0967888310882818, 2.1598853603837402, 2.752838037371614, 4.168287753982443, 5.1410446000788586, 5.9870339801942, 5.315686677184802, 6.502182818869367, 6.980233377903635, 6.097767920313138, 5.307125733389025, 5.024721710701997, 4.3319740453977795, 4.768938957462131, 2.4880603811001047, 3.119331750551711, 3.0612387819312623, 2.5059151721476924, 1.76519469747674, 0.0, 2.5064889028280177, 3.0656023290700967, 3.0809387968604636, 2.5239836013730357, 4.721455925877102, 4.394878693433983, 6.495701385531819, 7.340639316844276, 7.221358028099701, 7.957167205105093, 6.3769947977084], [5.700500939391203, 5.188974924780424, 4.17603735854937, 2.7545446865135443, 2.160295137243983, 1.0968132521081246, 2.1591904871965326, 2.749386146033329, 4.1515021209196075, 5.111693901242523, 4.512712907996697, 5.927827579307618, 6.55959803875207, 6.632525239303655, 6.087571766312081, 5.1302476324247746, 5.066464610554386, 6.122378706025951, 4.352969719628199, 4.72292154180016, 3.07244980756399, 2.5281370235808027, 3.0659674199182225, 2.5064889028280177, 0.0, 1.7651785122190902, 3.0675352141418033, 2.5104370137488012, 3.093325388639223, 2.5634605692305863, 6.2634942540087, 6.489337727380199, 6.509126292368278, 7.631472744496963, 6.287728317126941], [5.348356433522358, 5.224029949186739, 4.1747914414974066, 2.754787231348367, 2.1602958084484634, 1.0968239284406591, 2.1593387089569807, 2.7499286608928606, 4.138204352131488, 4.73713661192075, 4.965423519701013, 6.296024492487304, 7.252908016099473, 6.357535951137044, 5.467509834467607, 4.705669647350949, 5.407685834994486, 6.18196061617995, 4.683512662521582, 4.369021543778423, 2.516070976741316, 3.0847091094623496, 2.506755073795603, 3.0656023290700967, 1.7651785122190902, 0.0, 2.510875885024985, 3.0667172970458165, 2.5448005304935, 3.111839521890549, 6.439836200556656, 6.740179702352156, 7.36633114990088, 8.255679437211693, 7.0971468330590435], [7.016104803236622, 6.5868450869896735, 5.170428385540216, 4.178175183019496, 2.7556521133844165, 2.16273711301212, 1.0972698893162065, 2.1559865746335247, 2.7103648924084003, 3.157001987645874, 3.481820641560964, 4.529350445704108, 5.574302110578507, 8.0988749798969, 6.926368482834276, 6.657165916514324, 6.924332266724352, 7.308300079361821, 5.303475065464153, 5.079221796692876, 4.359136238981296, 4.711022859210089, 2.528393899296548, 3.0809387968604636, 3.0675352141418033, 2.510875885024985, 0.0, 1.7583912221118485, 2.5216973985789815, 3.079166390437516, 4.350890246834549, 5.145891842042544, 6.012850636761236, 6.448925043757294, 5.360738130145885], [7.284423749343525, 6.556169473862005, 5.16821512903633, 4.175341235156715, 2.7526774384224533, 2.1614648990904293, 1.097195862186875, 2.1579260367306383, 2.7336770950498157, 3.6962214679318124, 2.8047090740395877, 4.006804713234724, 4.64287200232787, 8.31301754178349, 7.421021156822016, 6.96034850923429, 6.659463345495642, 7.254915810676235, 5.0116282763189846, 5.382246491010979, 4.698833814894925, 4.3659260655673044, 3.0787773579783257, 2.5239836013730357, 2.5104370137488012, 3.0667172970458165, 1.7583912221118485, 0.0, 3.074588811532365, 2.5287378057046563, 4.088783666324253, 4.817144064692274, 4.93277861757448, 5.6335423536173055, 4.238007006837058], [7.890753396222696, 7.7214926957162895, 6.571747969908767, 5.188383412008022, 4.191840903469501, 2.769912957116162, 2.171101950623232, 1.096264101391631, 2.118854534884356, 2.5649150746174816, 3.249352875573843, 4.435616409249113, 5.6272964263489795, 8.891851710976741, 7.970019561456546, 7.210491351496097, 7.840171182442384, 8.650185171428413, 6.891304821294731, 6.707667318077127, 5.060862841453027, 5.369857194562999, 4.382547932424699, 4.721455925877102, 3.093325388639223, 2.5448005304935, 2.5216973985789815, 3.074588811532365, 0.0, 1.7576855833737728, 4.7211256486138975, 4.579179094553957, 5.713328582358974, 6.540557955557003, 5.82514673034079], [8.151373521683324, 7.716470160636922, 6.589810300001055, 5.206650395407781, 4.207686386840161, 2.78733783743557, 2.179874558317519, 1.096140761946202, 2.1318993620712963, 3.1891342602656287, 2.4930042960251795, 3.881833399310177, 4.689783263648758, 9.108858745199642, 8.42344166122138, 7.512543346963131, 7.629069107040517, 8.625786421538617, 6.6882833559890384, 6.958241106774039, 5.3765537372930625, 5.091594803202628, 4.7365078116688455, 4.394878693433983, 2.5634605692305863, 3.111839521890549, 3.079166390437516, 2.5287378057046563, 1.7576855833737728, 0.0, 4.464125717315766, 4.18497724127623, 4.546209755389648, 5.72071705994974, 4.79936931481627], [11.224157363027302, 10.573368249522003, 9.121422365508572, 8.18794954552115, 6.7064366775509034, 5.930372986583559, 4.416541392311409, 4.010305401088551, 2.6264644467420455, 2.6463802542340735, 2.0766973876807375, 1.09584379361294, 2.14961276512771, 12.286371430979939, 11.210712691885382, 10.867840310751719, 10.740323249325412, 11.211870891604129, 8.921616537937505, 9.127957336666293, 8.554316178982397, 8.432266422498758, 6.667030320165043, 6.495701385531819, 6.2634942540087, 6.439836200556656, 4.350890246834549, 4.088783666324253, 4.7211256486138975, 4.464125717315766, 0.0, 1.7922340723242598, 3.0640206559355962, 2.498954537401591, 2.496862815614827], [11.857093735819078, 11.299617236437703, 9.939862280736087, 8.806371007969174, 7.439296172353941, 6.360268614610