{"total energy": -46.5429371, "HOMO-LUMO gap/eV": 3.57168931, "electronic energy": -47.1906272, "dipole": [-0.38822869, -0.92620765, -0.78877647], "partial charges": [-0.1161556, 0.1288643, -0.07831513, -0.04559105, -0.0646643, 0.07691274, -0.28492568, 0.27261514, -0.4171517, -0.1655367, 0.07668669, -0.04446965, -0.02915139, -0.03633952, -0.02991115, -0.05468238, 0.05582971, 0.04981012, 0.06616793, 0.04028634, 0.05697912, 0.04296368, 0.03924826, 0.03711236, 0.0486663, 0.1773245, 0.07055267, 0.0378628, 0.03136797, 0.03255229, 0.02509133], "atomic dipole moments": [[-0.03810493, 0.06238225, -0.0566989], [-0.21012711, -0.15840574, 0.04983775], [0.03633923, 0.12637048, -0.04098573], [-0.03959309, -0.09954093, 0.00913921], [0.03753388, -0.00992811, 0.11473533], [0.19162513, -0.10946272, -0.00896596], [0.04164782, 0.2396198, -0.05216003], [0.07976319, -0.01751998, -0.01130756], [-0.04749213, -0.16174879, -0.08913047], [0.01503762, 0.01523435, 0.00904659], [-0.17527976, -0.00043496, 0.01188675], [-0.0136319, -0.04402991, -0.0280364], [-0.00562329, 0.00223837, 0.00136112], [-0.00551472, -0.00197406, -0.00102428], [-0.00433893, -0.00177113, -0.00091867], [-0.02690033, 0.0224632, 0.01642509], [0.02785692, -0.10576963, -0.06875555], [0.11264884, 0.04469399, 0.05260892], [-0.06584628, -0.03673259, 0.10899533], [0.05600736, 0.03803395, -0.10821291], [-0.0256134, 0.10369355, 0.07132801], [0.02109154, -0.07391728, -0.10038395], [-0.08161599, 0.09074288, -0.03633259], [-0.02457191, 0.06783834, 0.10187227], [-0.10884909, -0.05013118, -0.03206547], [-0.0589586, -0.10463851, -0.06215963], [-0.05873596, 0.12052663, 0.08228257], [0.08019514, 0.11160036, 0.06499833], [0.15043376, 0.0016607, -0.01093835], [0.07185519, -0.10935995, -0.07564541], [-0.06783294, -0.11508373, -0.06808865]], "atomic quadrupole moments": [[-0.00041727, -0.08615493, 0.04770584, 0.07520782, -0.1183686, -0.04728857], [0.14674282, -0.0958162, -0.24979796, -0.00163435, 0.32302552, 0.10305514], [0.00943388, -0.11760782, -0.13799692, 0.00793027, 0.28029803, 0.12856304], [0.16977341, 0.05101272, -0.02743114, 0.15809131, -0.064159, -0.14234228], [0.0773936, 0.19353675, -0.07056568, -0.01793876, -0.1225094, -0.00682792], [0.04755766, -0.25149864, 0.09096531, 0.02713555, -0.24948412, -0.13852297], [0.05343598, -0.04247947, 0.03426062, 0.03213047, -0.04288663, -0.0876966], [-0.24910935, -0.04949562, -0.06955249, 0.07181126, -0.36859349, 0.31866184], [-0.10353565, 0.00506347, -0.01830873, 0.03700173, -0.11906047, 0.12184438], [0.02499167, -0.0305483, -0.02321258, -0.0215118, -0.03250379, -0.00177909], [0.00572295, -0.03459053, -0.16104848, 0.00845066, -0.33837102, 0.15532553], [-0.23316855, -0.02868666, -0.04650763, 0.04222449, -0.35713572, 0.27967617], [-0.26317343, -0.04104703, -0.03744207, 0.03750112, -0.36428876, 0.3006155], [-0.2583861, -0.02594017, -0.03025133, 0.04504163, -0.34483605, 0.28863743], [-0.26078889, -0.02167619, -0.03493881, 0.04916059, -0.35764037, 0.2957277], [-0.2189114, -0.02646875, -0.03617127, 0.03684815, -0.31100128, 0.25508267], [-0.04253434, -0.02096698, 0.03776861, -0.00803722, 0.05759443, 0.00476573], [0.04646795, 0.05287379, -0.00488899, 0.02739999, 0.00556832, -0.04157896], [0.01596945, 0.01462078, -0.03898062, -0.05415349, -0.02763878, 0.02301118], [0.00570267, 0.01899761, -0.03696372, -0.02939761, -0.01726023, 0.03126105], [-0.01221443, -0.01624798, 0.01370546, 0.00187685, 0.04169842, -0.00149103], [-0.01529483, 0.00752519, 0.00829876, -0.02303653, 0.04400825, 0.00699607], [0.0119529, -0.03821881, 0.0249028, 0.01710151, -0.01193857, -0.0368557], [-0.03559356, -0.01437897, 0.01560112, 0.0104636, 0.02670366, 0.01999244], [0.02645923, 0.03477291, -0.00230615, 0.02549339, 0.00519443, -0.02415308], [0.02341285, 0.00748092, 0.01038055, -0.0039135, 0.04610732, -0.0337934], [0.04972307, 0.00109357, -0.01034406, -0.0080361, 0.032209, -0.03937901], [0.03700239, -0.00230269, 0.00201541, -0.00992734, 0.04575481, -0.0390178], [0.02914804, 0.00329154, 0.00799463, -0.00575719, 0.04878819, -0.03714267], [0.03583885, 0.00916099, 0.00396226, -0.00254822, 0.04598225, -0.03980111], [0.0413628, 0.0087223, -0.00129221, -0.00307367, 0.04078377, -0.04007059]], "number of molecular orbitals": 79, "number of electrons": 84, "number of unpaired electrons": 0, "orbital energies/eV": [-19.34279599, -18.92884399, -18.09585551, -17.9392525, -17.81659012, -17.5880394, -17.19263399, -16.80610579, -16.74512327, -16.67801068, -16.27183317, -16.19566209, -15.92820859, -15.52037854, -15.40333773, -15.2040732, -14.90727733, -14.80462119, -14.6598642, -14.42054866, -13.99812323, -13.93199718, -13.92078114, -13.62019812, -13.53781716, -13.38017415, -13.29797484, -13.2065348, -13.13234868, -13.04085419, -12.94025144, -12.79340566, -12.31580792, -12.09686622, -11.99470964, -11.90078524, -11.79527124, -11.59660543, -10.97450592, -10.55015521, -10.40270373, -10.20796078, -6.63627147, -6.18816826, -5.66484771, -4.94113755, -2.51976809, -0.08358012, 0.22364966, 1.5911314, 2.01664756, 2.74012915, 2.7794771, 3.0480263, 3.33753669, 3.57910531, 3.8267691, 4.30493532, 4.45176736, 4.53279763, 4.78791094, 4.92201936, 5.10108208, 5.31781307, 5.56981351, 5.76100764, 6.11042511, 6.41417988, 7.37180574, 7.88872194, 9.93208252, 10.50214771, 10.74679981, 11.46930102, 12.14376905, 15.4929817, 16.4147953, 17.11245046, 17.88240495], "fractional occupation": [2.0, 2.0, 2.0, 2.0, 2.0, 2.0, 2.0, 2.0, 2.0, 2.0, 2.0, 2.0, 2.0, 2.0, 2.0, 2.0, 2.0, 2.0, 2.0, 2.0, 2.0, 2.0, 2.0, 2.0, 2.0, 2.0, 2.0, 2.0, 2.0, 2.0, 2.0, 2.0, 2.0, 2.0, 2.0, 2.0, 2.0, 2.0, 2.0, 2.0, 2.0, 2.0, 0.0, 0.0, 0.0, 0.0, 0.0, 0.0, 0.0, 0.0, 0.0, 0.0, 0.0, 0.0, 0.0, 0.0, 0.0, 0.0, 0.0, 0.0, 0.0, 0.0, 0.0, 0.0, 0.0, 0.0, 0.0, 0.0, 0.0, 0.0, 0.0, 0.0, 0.0, 0.0, 0.0, 0.0, 0.0, 0.0, 0.0], "program call": "xtb /home/svss/Project-DBcg-Debug/aqme2_20220329/End-to-End-workflows-final/example-3/QDESCP/mol_505_rdkit_conf_1/mol_505_rdkit_conf_1.xyz --pop --wbo --acc 0.2 --gfn 2 --chrg 0 --uhf 0 --etemp 300 --input /home/svss/Project-DBcg-Debug/aqme2_20220329/End-to-End-workflows-final/example-3/QDESCP/mol_505_rdkit_conf_1/mol_505_rdkit_conf_1_xtb.inp", "method": "GFN2-xTB", "xtb version": "6.3.3 (7355c4f)", "Dipole module/D": 3.246, "Total charge": 0, "Transition dipole module/D": NaN, "HOMO": -10.208, "LUMO": -6.6363, "HOMO occupancy": 2.0, "LUMO occupancy": 0, "mulliken charges": [-0.0986, 0.2428, -0.13947, -0.02083, -0.06653, 0.19545, -0.43071, 0.47756, -0.53721, -0.32526, 0.14913, -0.05101, -0.02369, -0.04073, -0.02358, -0.07355, 0.04454, 0.04083, 0.05761, 0.03533, 0.0468, 0.03643, 0.0327, 0.02891, 0.03456, 0.22123, 0.06445, 0.03413, 0.0303, 0.03042, 0.02798], "cm5 charges": [-0.23819, 0.25475, -0.14103, -0.12135, -0.1725, 0.11474, -0.51247, 0.57298, -0.58307, -0.67023, 0.20127, -0.09833, -0.07887, -0.09605, -0.07875, -0.12145, 0.09818, 0.09693, 0.11189, 0.09208, 0.10417, 0.0936, 0.08721, 0.0919, 0.097, 0.41824, 0.12944, 0.08952, 0.0857, 0.08583, 0.08685], "FUKUI+": [0.018, -0.052, -0.026, 0.009, 0.009, 0.014, -0.045, -0.055, -0.116, -0.025, -0.035, -0.019, -0.028, -0.046, -0.023, -0.028, -0.034, -0.011, -0.041, -0.023, -0.03, -0.018, -0.033, -0.023, -0.035, -0.037, -0.037, -0.058, -0.065, -0.059, -0.051], "FUKUI-": [0.019, -0.035, -0.054, 0.013, 0.008, 0.017, -0.086, -0.004, -0.073, -0.042, -0.026, -0.02, -0.019, -0.043, -0.02, -0.02, -0.043, -0.024, -0.045, -0.042, -0.058, -0.025, -0.039, -0.04, -0.042, -0.029, -0.033, -0.048, -0.055, -0.049, -0.039], "FUKUIrad": [0.019, -0.044, -0.04, 0.011, 0.009, 0.016, -0.066, -0.029, -0.095, -0.033, -0.03, -0.02, -0.024, -0.044, -0.022, -0.024, -0.039, -0.017, -0.043, -0.033, -0.044, -0.021, -0.036, -0.032, -0.038, -0.033, -0.035, -0.053, -0.06, -0.054, -0.045], "s proportion": [1.011, 1.032, 1.083, 1.022, 1.032, 0.994, 1.693, 0.991, 1.729, 1.428, 1.039, 1.063, 1.063, 1.058, 1.059, 1.059, 0.955, 0.959, 0.942, 0.965, 0.953, 0.964, 0.967, 0.971, 0.965, 0.779, 0.936, 0.966, 0.97, 0.97, 0.972], "p proportion": [3.087, 2.725, 3.056, 2.999, 3.035, 2.811, 4.737, 2.531, 4.808, 3.898, 2.811, 2.988, 2.961, 2.983, 2.965, 3.014, 0.0, 0.0, 0.0, 0.0, 0.0, 0.0, 0.0, 0.0, 0.0, 0.0, 0.0, 0.0, 0.0, 0.0, 0.0], "d proportion": [0.0, 0.0, 0.0, 0.0, 0.0, 0.0, 0.0, 0.0, 0.0, 0.0, 0.0, 0.0, 0.0, 0.0, 0.0, 0.0, 0.0, 0.0, 0.0, 0.0, 0.0, 0.0, 0.0, 0.0, 0.0, 0.0, 0.0, 0.0, 0.0, 0.0, 0.0], "Fermi-level/eV": -8.4221, "Coordination numbers": [3.751, 2.838, 2.952, 3.812, 3.803, 3.697, 1.701, 2.754, 0.857, 2.695, 2.896, 2.915, 2.912, 2.911, 2.911, 2.92, 0.924, 0.924, 0.924, 0.924, 0.924, 0.924, 0.924, 0.924, 0.924, 0.86, 0.925, 0.925, 0.925, 0.925, 0.925], "Dispersion coefficient C6": [22.785, 25.171, 29.956, 21.381, 21.739, 19.457, 18.733, 22.392, 22.026, 24.581, 26.287, 29.104, 28.728, 28.904, 28.747, 29.358, 2.249, 2.322, 2.128, 2.445, 2.235, 2.41, 2.459, 2.488, 2.337, 1.229, 2.079, 2.477, 2.567, 2.55, 2.657], "Total dispersion C6": 10449.697866, "Total dispersion C8": 245367.184349, "Polarizability alpha": [6.807, 8.222, 8.977, 6.582, 6.638, 6.31, 5.844, 7.749, 6.292, 7.363, 8.406, 8.846, 8.789, 8.816, 8.792, 8.885, 2.345, 2.383, 2.281, 2.445, 2.338, 2.428, 2.452, 2.467, 2.391, 1.737, 2.255, 2.461, 2.506, 2.497, 2.549], "Total polarizability alpha": 158.853462, "Wiberg matrix": [[0.0, 1.0170803575655458, 0.0, 0.0, 0.0, 0.0, 0.0, 0.0, 0.0, 0.0, 0.0, 0.0, 0.0, 0.0, 0.0, 0.0, 0.9683621384145206, 0.9817822456683065, 0.9739945971948225, 0.0, 0.0, 0.0, 0.0, 0.0, 0.0, 0.0, 0.0, 0.0, 0.0, 0.0, 0.0], [1.0170803575655458, 0.0, 1.7423597701978437, 0.0, 0.0, 0.0, 1.0460670278052004, 0.0, 0.0, 0.0, 0.0, 0.0, 0.0, 0.0, 0.0, 0.0, 0.0, 0.0, 0.0, 0.0, 0.0, 0.0, 0.0, 0.0, 0.0, 0.0, 0.0, 0.0, 0.0, 0.0, 0.0], [0.0, 1.7423597701978437, 0.0, 1.0000684776508975, 0.0, 0.0, 0.10171602950614977, 0.9760602700743464, 0.0, 0.0, 0.0, 0.0, 0.0, 0.0, 0.0, 0.0, 0.0, 0.0, 0.0, 0.0, 0.0, 0.0, 0.0, 0.0, 0.0, 0.0, 0.0, 0.0, 0.0, 0.0, 0.0], [0.0, 0.0, 1.0000684776508975, 0.0, 1.0051926421515531, 0.0, 0.0, 0.0, 0.0, 0.0, 0.0, 0.0, 0.0, 0.0, 0.0, 0.0, 0.0, 0.0, 0.0, 0.9672117664322528, 0.9587923425595083, 0.0, 0.0, 0.0, 0.0, 0.0, 0.0, 0.0, 0.0, 0.0, 0.0], [0.0, 0.0, 0.0, 1.0051926421515531, 0.0, 1.004544712184965, 0.0, 0.0, 0.0, 0.0, 0.0, 0.0, 0.0, 0.0, 0.0, 0.0, 0.0, 0.0, 0.0, 0.0, 0.0, 0.9768793630645689, 0.9749528370418272, 0.0, 0.0, 0.0, 0.0, 0.0, 0.0, 0.0, 0.0], [0.0, 0.0, 0.0, 0.0, 1.004544712184965, 0.0, 0.9654881461478623, 0.0, 0.0, 0.0, 0.0, 0.0, 0.0, 0.0, 0.0, 0.0, 0.0, 0.0, 0.0, 0.0, 0.0, 0.0, 0.0, 0.9692847292768552, 0.9718306476181454, 0.0, 0.0, 0.0, 0.0, 0.0, 0.0], [0.0, 1.0460670278052004, 0.10171602950614977, 0.0, 0.0, 0.9654881461478623, 0.0, 0.0, 0.0, 0.0, 0.0, 0.0, 0.0, 0.0, 0.0, 0.0, 0.0, 0.0, 0.0, 0.0, 0.0, 0.0, 0.0, 0.0, 0.0, 0.0, 0.0, 0.0, 0.0, 0.0, 0.0], [0.0, 0.0, 0.9760602700743464, 0.0, 0.0, 0.0, 0.0, 0.0, 1.7009878312158062, 1.1828544172598687, 0.0, 0.0, 0.0, 0.0, 0.0, 0.0, 0.0, 0.0, 0.0, 0.0, 0.0, 0.0, 0.0, 0.0, 0.0, 0.0, 0.0, 0.0, 0.0, 0.0, 0.0], [0.0, 0.0, 0.0, 0.0, 0.0, 0.0, 0.0, 1.7009878312158062, 0.0, 0.16661571005603995, 0.0, 0.0, 0.0, 0.0, 0.0, 0.0, 0.0, 0.0, 0.0, 0.0, 0.0, 0.0, 0.0, 0.0, 0.0, 0.0, 0.0, 0.0, 0.0, 0.0, 0.0], [0.0, 0.0, 0.0, 0.0, 0.0, 0.0, 0.0, 1.1828544172598687, 0.16661571005603995, 0.0, 1.0692729661250022, 0.0, 0.0, 0.0, 0.0, 0.0, 0.0, 0.0, 0.0, 0.0, 0.0, 0.0, 0.0, 0.0, 0.0, 0.9360568023839272, 0.0, 0.0, 0.0, 0.0, 0.0], [0.0, 0.0, 0.0, 0.0, 0.0, 0.0, 0.0, 0.0, 0.0, 1.0692729661250022, 0.0, 1.3780807679812555, 0.0, 0.0, 0.0, 1.366375307884708, 0.0, 0.0, 0.0, 0.0, 0.0, 0.0, 0.0, 0.0, 0.0, 0.0, 0.0, 0.0, 0.0, 0.0, 0.0], [0.0, 0.0, 0.0, 0.0, 0.0, 0.0, 0.0, 0.0, 0.0, 0.0, 1.3780807679812555, 0.0, 1.4430853254907605, 0.0, 0.10823886189339525, 0.0, 0.0, 0.0, 0.0, 0.0, 0.0, 0.0, 0.0, 0.0, 0.0, 0.0, 0.9624127355136627, 0.0, 0.0, 0.0, 0.0], [0.0, 0.0, 0.0, 0.0, 0.0, 0.0, 0.0, 0.0, 0.0, 0.0, 0.0, 1.4430853254907605, 0.0, 1.4379536704206441, 0.0, 0.10976296157104429, 0.0, 0.0, 0.0, 0.0, 0.0, 0.0, 0.0, 0.0, 0.0, 0.0, 0.0, 0.9712006010799308, 0.0, 0.0, 0.0], [0.0, 0.0, 0.0, 0.0, 0.0, 0.0, 0.0, 0.0, 0.0, 0.0, 0.0, 0.0, 1.4379536704206441, 0.0, 1.432018050280251, 0.0, 0.0, 0.0, 0.0, 0.0, 0.0, 0.0, 0.0, 0.0, 0.0, 0.0, 0.0, 0.0, 0.9711527737952903, 0.0, 0.0], [0.0, 0.0, 0.0, 0.0, 0.0, 0.0, 0.0, 0.0, 0.0, 0.0, 0.0, 0.10823886189339525, 0.0, 1.432018050280251, 0.0, 1.4515755655024931, 0.0, 0.0, 0.0, 0.0, 0.0, 0.0, 0.0, 0.0, 0.0, 0.0, 0.0, 0.0, 0.0, 0.9714395113497598, 0.0], [0.0, 0.0, 0.0, 0.0, 0.0, 0.0, 0.0, 0.0, 0.0, 0.0, 1.366375307884708, 0.0, 0.10976296157104429, 0.0, 1.4515755655024931, 0.0, 0.0, 0.0, 0.0, 0.0, 0.0, 0.0, 0.0, 0.0, 0.0, 0.0, 0.0, 0.0, 0.0, 0.0, 0.967922768850784], [0.9683621384145206, 0.0, 0.0, 0.0, 0.0, 0.0, 0.0, 0.0, 0.0, 0.0, 0.0, 0.0, 0.0, 0.0, 0.0, 0.0, 0.0, 0.0, 0.0, 0.0, 0.0, 0.0, 0.0, 0.0, 0.0, 0.0, 0.0, 0.0, 0.0, 0.0, 0.0], [0.9817822456683065, 0.0, 0.0, 0.0, 0.0, 0.0, 0.0, 0.0, 0.0, 0.0, 0.0, 0.0, 0.0, 0.0, 0.0, 0.0, 0.0, 0.0, 0.0, 0.0, 0.0, 0.0, 0.0, 0.0, 0.0, 0.0, 0.0, 0.0, 0.0, 0.0, 0.0], [0.9739945971948225, 0.0, 0.0, 0.0, 0.0, 0.0, 0.0, 0.0, 0.0, 0.0, 0.0, 0.0, 0.0, 0.0, 0.0, 0.0, 0.0, 0.0, 0.0, 0.0, 0.0, 0.0, 0.0, 0.0, 0.0, 0.0, 0.0, 0.0, 0.0, 0.0, 0.0], [0.0, 0.0, 0.0, 0.9672117664322528, 0.0, 0.0, 0.0, 0.0, 0.0, 0.0, 0.0, 0.0, 0.0, 0.0, 0.0, 0.0, 0.0, 0.0, 0.0, 0.0, 0.0, 0.0, 0.0, 0.0, 0.0, 0.0, 0.0, 0.0, 0.0, 0.0, 0.0], [0.0, 0.0, 0.0, 0.9587923425595083, 0.0, 0.0, 0.0, 0.0, 0.0, 0.0, 0.0, 0.0, 0.0, 0.0, 0.0, 0.0, 0.0, 0.0, 0.0, 0.0, 0.0, 0.0, 0.0, 0.0, 0.0, 0.0, 0.0, 0.0, 0.0, 0.0, 0.0], [0.0, 0.0, 0.0, 0.0, 0.9768793630645689, 0.0, 0.0, 0.0, 0.0, 0.0, 0.0, 0.0, 0.0, 0.0, 0.0, 0.0, 0.0, 0.0, 0.0, 0.0, 0.0, 0.0, 0.0, 0.0, 0.0, 0.0, 0.0, 0.0, 0.0, 0.0, 0.0], [0.0, 0.0, 0.0, 0.0, 0.9749528370418272, 0.0, 0.0, 0.0, 0.0, 0.0, 0.0, 0.0, 0.0, 0.0, 0.0, 0.0, 0.0, 0.0, 0.0, 0.0, 0.0, 0.0, 0.0, 0.0, 0.0, 0.0, 0.0, 0.0, 0.0, 0.0, 0.0], [0.0, 0.0, 0.0, 0.0, 0.0, 0.9692847292768552, 0.0, 0.0, 0.0, 0.0, 0.0, 0.0, 0.0, 0.0, 0.0, 0.0, 0.0, 0.0, 0.0, 0.0, 0.0, 0.0, 0.0, 0.0, 0.0, 0.0, 0.0, 0.0, 0.0, 0.0, 0.0], [0.0, 0.0, 0.0, 0.0, 0.0, 0.9718306476181454, 0.0, 0.0, 0.0, 0.0, 0.0, 0.0, 0.0, 0.0, 0.0, 0.0, 0.0, 0.0, 0.0, 0.0, 0.0, 0.0, 0.0, 0.0, 0.0, 0.0, 0.0, 0.0, 0.0, 0.0, 0.0], [0.0, 0.0, 0.0, 0.0, 0.0, 0.0, 0.0, 0.0, 0.0, 0.9360568023839272, 0.0, 0.0, 0.0, 0.0, 0.0, 0.0, 0.0, 0.0, 0.0, 0.0, 0.0, 0.0, 0.0, 0.0, 0.0, 0.0, 0.0, 0.0, 0.0, 0.0, 0.0], [0.0, 0.0, 0.0, 0.0, 0.0, 0.0, 0.0, 0.0, 0.0, 0.0, 0.0, 0.9624127355136627, 0.0, 0.0, 0.0, 0.0, 0.0, 0.0, 0.0, 0.0, 0.0, 0.0, 0.0, 0.0, 0.0, 0.0, 0.0, 0.0, 0.0, 0.0, 0.0], [0.0, 0.0, 0.0, 0.0, 0.0, 0.0, 0.0, 0.0, 0.0, 0.0, 0.0, 0.0, 0.9712006010799308, 0.0, 0.0, 0.0, 0.0, 0.0, 0.0, 0.0, 0.0, 0.0, 0.0, 0.0, 0.0, 0.0, 0.0, 0.0, 0.0, 0.0, 0.0], [0.0, 0.0, 0.0, 0.0, 0.0, 0.0, 0.0, 0.0, 0.0, 0.0, 0.0, 0.0, 0.0, 0.9711527737952903, 0.0, 0.0, 0.0, 0.0, 0.0, 0.0, 0.0, 0.0, 0.0, 0.0, 0.0, 0.0, 0.0, 0.0, 0.0, 0.0, 0.0], [0.0, 0.0, 0.0, 0.0, 0.0, 0.0, 0.0, 0.0, 0.0, 0.0, 0.0, 0.0, 0.0, 0.0, 0.9714395113497598, 0.0, 0.0, 0.0, 0.0, 0.0, 0.0, 0.0, 0.0, 0.0, 0.0, 0.0, 0.0, 0.0, 0.0, 0.0, 0.0], [0.0, 0.0, 0.0, 0.0, 0.0, 0.0, 0.0, 0.0, 0.0, 0.0, 0.0, 0.0, 0.0, 0.0, 0.0, 0.967922768850784, 0.0, 0.0, 0.0, 0.0, 0.0, 0.0, 0.0, 0.0, 0.0, 0.0, 0.0, 0.0, 0.0, 0.0, 0.0]], "Born radii": [], "Atomic SASAs": [], "Solvent H bonds": [], "Total SASA": NaN, "Total FOD": 0.0, "FOD": [0.0, 0.0, 0.0, 0.0, 0.0, 0.0, 0.0, 0.0, 0.0, 0.0, 0.0, 0.0, 0.0, 0.0, 0.0, 0.0, 0.0, 0.0, 0.0, 0.0, 0.0, 0.0, 0.0, 0.0, 0.0, 0.0, 0.0, 0.0, 0.0, 0.0, 0.0], "FOD s proportion": [0.0, 0.0, 0.0, 0.0, 0.0, 0.0, 0.0, 0.0, 0.0, 0.0, 0.0, 0.0, 0.0, 0.0, 0.0, 0.0, 0.0, 0.0, 0.0, 0.0, 0.0, 0.0, 0.0, 0.0, 0.0, 0.0, 0.0, 0.0, 0.0, 0.0, 0.0], "FOD p proportion": [0.0, 0.0, 0.0, 0.0, 0.0, 0.0, 0.0, 0.0, 0.0, 0.0, 0.0, 0.0, 0.0, 0.0, 0.0, 0.0, 0.0, 0.0, 0.0, 0.0, 0.0, 0.0, 0.0, 0.0, 0.0, 0.0, 0.0, 0.0, 0.0, 0.0, 0.0], "FOD d proportion": [0.0, 0.0, 0.0, 0.0, 0.0, 0.0, 0.0, 0.0, 0.0, 0.0, 0.0, 0.0, 0.0, 0.0, 0.0, 0.0, 0.0, 0.0, 0.0, 0.0, 0.0, 0.0, 0.0, 0.0, 0.0, 0.0, 0.0, 0.0, 0.0, 0.0, 0.0], "coordinates": [["-1.20200", "-1.73290", "1.47840"], ["-1.99030", "-0.75580", "0.65280"], ["-1.51040", "0.39000", "0.12710"], ["-2.36480", "1.35010", "-0.64590"], ["-3.69170", "0.71070", "-1.03460"], ["-4.22160", "-0.09720", "0.13750"], ["-3.31480", "-1.14150", "0.51060"], ["-0.08570", "0.80510", "0.27010"], ["0.18010", "1.85870", "0.83210"], ["0.77880", "-0.07720", "-0.34210"], ["2.18410", "0.00420", "-0.40630"], ["2.93390", "1.02180", "0.18560"], ["4.32850", "1.02830", "0.07820"], ["4.98420", "0.01750", "-0.62060"], ["4.24580", "-1.00280", "-1.21330"], ["2.85250", "-1.00930", "-1.10610"], ["-0.97650", "-2.62640", "0.88790"], ["-0.26340", "-1.31870", "1.85620"], ["-1.78540", "-2.04000", "2.35340"], ["-1.84850", "1.68570", "-1.55280"], ["-2.55120", "2.23750", "-0.02840"], ["-3.53200", "0.04550", "-1.89270"], ["-4.41130", "1.47850", "-1.33730"], ["-4.41050", "0.53910", "1.01090"], ["-5.17070", "-0.57050", "-0.13460"], ["0.35770", "-0.86970", "-0.80990"], ["2.46430", "1.82740", "0.74120"], ["4.89960", "1.82740", "0.54410"], ["6.06790", "0.02640", "-0.70150"], ["4.75310", "-1.79390", "-1.75910"], ["2.30030", "-1.81760", "-1.57790"]], "bond_dist": [[0.0, 1.5025833288040966, 2.535315889588514, 3.920413668224311, 4.299413454181861, 3.686666713984327, 2.3979813677341197, 3.024493111250214, 3.902242260547133, 3.158976318366442, 4.2467968764705475, 5.1347222651278805, 6.338076658577111, 6.763044551087921, 6.120197687983616, 4.862325314085844, 1.0944783003787693, 1.0932815008038872, 1.0955779159877224, 4.614429720994784, 4.455879603400433, 4.467205140801125, 5.342364920145385, 3.9591681575805797, 4.438864995694282, 2.900705986479843, 5.163424795617731, 7.1258806571538935, 7.790927191932934, 6.778520728005484, 4.649112718573297], [1.5025833288040966, 0.0, 1.3488966379971445, 2.502336258379357, 2.809395481237912, 2.3828528573959407, 1.38682572084599, 2.492061247240926, 3.402704057069906, 3.019642160919071, 4.37320342197799, 5.256033032620704, 6.590934031683218, 7.131843429296525, 6.514006556643922, 5.158556319359128, 2.1406089811079463, 2.1788096704393434, 2.140839557276537, 3.293281167771741, 3.120654921647057, 3.0819621720585735, 3.8488745757688703, 2.768098563996593, 3.281657966638205, 2.768676308274407, 5.150164847847106, 7.359039335402414, 8.208565804694507, 7.236598426056264, 4.95102919502602], [2.535315889588514, 1.3488966379971445, 0.0, 1.4997734395567883, 2.4920804702095802, 2.754646518158001, 2.397587091223174, 1.4908142406081317, 2.347742519954009, 2.3830361138681893, 3.752690694688279, 4.489364763527242, 5.873888942600123, 6.54810206853864, 6.072100331845646, 4.744862394211237, 3.156348334705788, 2.7321148401924833, 3.3071039732672456, 2.148304938783133, 2.1261940504102625, 2.8783917123977414, 3.4270279281033007, 3.0354428441332906, 3.793262873833028, 2.440207101866561, 4.2710042917328, 6.58240896328996, 7.632130358556515, 6.896274494246875, 4.722494812067029], [3.920413668224311, 2.502336258379357, 1.4997734395567883, 0.0, 1.5233462049055035, 2.481148744029668, 2.90655514484071, 2.5160242069582712, 2.9865823226557806, 3.465790052787387, 4.749878543710355, 5.373583053233662, 6.740040128960657, 7.46888638620243, 7.039752377037135, 5.744455734880372, 4.482462669113932, 4.218871864610254, 4.563363108497942, 1.096202837069855, 1.0970551353509994, 2.149150353046524, 2.1639507318790785, 2.7545590808693867, 3.438489037353471, 3.5165912884496544, 5.0469860818116, 7.3766810050320055, 8.536140951273005, 7.8605629982845375, 5.715426956929814], [4.299413454181861, 2.809395481237912, 2.4920804702095802, 1.5233462049055035, 0.0, 1.5189848024256198, 2.4413810620220677, 3.835933973623634, 4.4489670857402395, 4.591918216823989, 5.951380409619267, 6.744200961566907, 8.103258704990234, 8.713389871341693, 8.122310151059242, 6.766835736886185, 4.712170805478086, 4.92223830081397, 4.762234158459662, 2.1486140835431566, 2.1550630918838545, 1.0974200380893362, 1.0949741047166366, 2.1749000551749496, 2.153813928824865, 4.352676717836968, 6.503600581985336, 8.806233489409648, 9.789229502877129, 8.838131502189816, 6.526219409428402], [3.686666713984327, 2.3828528573959407, 2.754646518158001, 2.481148744029668, 1.5189848024256198, 0.0, 1.4324986352524038, 4.235256410183449, 4.866515885107127, 5.023386937117228, 6.429540643778527, 7.24262762124355, 8.624063818757373, 9.237674238681508, 8.622159518357336, 7.240259538165741, 4.182179672132702, 4.484789758728941, 3.823578832716804, 3.4157649377555237, 2.8755143991988628, 2.1488656286515453, 2.166529856706341, 1.0969906380639718, 1.094916485399686, 4.73965309912023, 6.983537617855294, 9.330900179511085, 10.324388999354877, 9.328511271365864, 6.959709256139942], [2.3979813677341197, 1.38682572084599, 2.397587091223174, 2.90655514484071, 2.4413810620220677, 1.4324986352524038, 0.0, 3.778118396768423, 4.617238167996102, 4.314787681914372, 5.691329836690191, 6.620554627823865, 7.95707463142077, 8.455548204581415, 7.7558842990338634, 6.377051436204667, 2.795519663676147, 3.3396229068564014, 2.557787803943087, 3.794827412412849, 3.505887471097724, 2.6892370163300967, 3.388428346593742, 2.067673799224626, 2.0461399878796174, 3.912141579748872, 6.501195303942191, 8.734520984003646, 9.532483207957934, 8.406436478080353, 6.028954425934899], [3.024493111250214, 2.492061247240926, 1.4908142406081317, 2.5160242069582712, 3.835933973623634, 4.235256410183449, 3.778118396768423, 0.0, 1.2233423887039965, 1.378623364084622, 2.500189954783436, 3.028544749545564, 4.424003332955345, 5.207451032895078, 4.922486182814534, 3.7173906224662483, 3.5986655485054455, 2.656655216621081, 3.9145514417363327, 2.6843778813721437, 2.8669778966709876, 4.13904333028781, 4.663476994689692, 4.39584299992618, 5.283302229666594, 2.041557885537415, 2.787388114346476, 5.0964094596097755, 6.278309741482973, 5.8554623284587874, 3.9983315632898684], [3.902242260547133, 3.402704057069906, 2.347742519954009, 2.9865823226557806, 4.4489670857402395, 4.866515885107127, 4.617238167996102, 1.2233423887039965, 0.0, 2.3419855123377684, 2.9981362227223767, 2.949877675429949, 4.297342426430549, 5.3460014534229225, 5.376035704866551, 4.373072718352623, 4.6321657148681545, 3.3676911705202426, 4.623570658052064, 3.1357447233472304, 2.888589513932362, 4.948930762296033, 5.092327793848311, 4.779845390805021, 5.955382621628941, 3.1893372853933153, 2.286222242040349, 4.72838280387703, 6.35416722238249, 6.400635374710857, 4.880423109731368], [3.158976318366442, 3.019642160919071, 2.3830361138681893, 3.465790052787387, 4.591918216823989, 5.023386937117228, 4.314787681914372, 1.378623364084622, 2.3419855123377684, 0.0, 1.4091187636249827, 2.476029947314854, 3.7415441237542555, 4.215675450031703, 3.6926702804339304, 2.3984866270212972, 3.3305252934034297, 2.7313048127223003, 4.2063553974908015, 3.387671204529743, 4.067572221854211, 4.582838889814915, 5.508880425276991, 5.398080138345485, 5.973520853734421, 1.0120367088203865, 2.7644077665930546, 4.625348012852655, 5.3023089432812185, 4.555217709396555, 2.621289005432251], [4.2467968764705475, 4.37320342197799, 3.752690694688279, 4.749878543710355, 5.951380409619267, 6.429540643778527, 5.691329836690191, 2.500189954783436, 2.9981362227223767, 1.4091187636249827, 0.0, 1.395727555793035, 2.4252778026444726, 2.8083200298399045, 2.4322633266157676, 1.4013068364922796, 4.310963043218997, 3.585976423514243, 5.2489644673973554, 4.517052939694199, 5.2491431100704435, 5.9063431884711886, 6.821995503516548, 6.766337488627063, 7.382220805421632, 2.0645413849085226, 2.172401097863836, 3.406062044355622, 3.895065894179455, 3.4151123627195634, 2.169125224600922], [5.1347222651278805, 5.256033032620704, 4.489364763527242, 5.373583053233662, 6.744200961566907, 7.24262762124355, 6.620554627823865, 3.028544749545564, 2.949877675429949, 2.476029947314854, 1.395727555793035, 0.0, 1.3987444977550403, 2.4212201510808558, 2.78872873904939, 2.4084189959390376, 5.393868434620926, 4.3001827751852595, 6.028745190336045, 5.131680770468873, 5.622281076218086, 6.861512616763157, 7.51530187949892, 7.406370956143097, 8.265741859627603, 3.347476503278253, 1.085452384952928, 2.1544117758683, 3.4058366916221923, 3.875501673332112, 3.401995527627866], [6.338076658577111, 6.590934031683218, 5.873888942600123, 6.740040128960657, 8.103258704990234, 8.624063818757373, 7.95707463142077, 4.424003332955345, 4.297342426430549, 3.7415441237542555, 2.4252778026444726, 1.3987444977550403, 0.0, 1.3928318527374366, 2.408356026421343, 2.780819348681248, 6.492724480524335, 5.454836258770743, 7.209075747972135, 6.422434488572071, 6.985971678299304, 8.163198080409419, 8.86512404481742, 8.802236473192481, 9.635156766757872, 4.489808264280335, 2.1338630344986997, 1.0870965136546067, 2.153427050076227, 3.3942258749234706, 3.8672224218423232], [6.763044551087921, 7.131843429296525, 6.54810206853864, 7.46888638620243, 8.713389871341693, 9.237674238681508, 8.455548204581415, 5.207451032895078, 5.3460014534229225, 4.215675450031703, 2.8083200298399045, 2.4212201510808558, 1.3928318527374366, 0.0, 1.391955437505095, 2.415403357619593, 6.692960776069138, 5.954601115104184, 7.674989668396955, 7.094905028962685, 7.877902893537088, 8.61073079651199, 9.5353867325872, 9.549567890747728, 10.183512852154704, 4.71460078691717, 3.3882345343851274, 2.153931582014619, 1.0867519082108845, 2.1519199381017873, 3.3892970524874335], [6.120197687983616, 6.514006556643922, 6.072100331845646, 7.039752377037135, 8.122310151059242, 8.622159518357336, 7.7558842990338634, 4.922486182814534, 5.376035704866551, 3.6926702804339304, 2.4322633266157676, 2.78872873904939, 2.408356026421343, 1.391955437505095, 0.0, 1.397432996604846, 5.858629164744941, 5.463927863725875, 7.083255337060779, 6.66961655494527, 7.62251540503527, 7.877479932694212, 9.00653130233832, 9.069512166594189, 9.487937037628358, 3.9112362214522407, 3.873479642388739, 3.394987664189665, 2.1543537987062384, 1.08677971088901, 2.14051452926627], [4.862325314085844, 5.158556319359128, 4.744862394211237, 5.744455734880372, 6.766835736886185, 7.240259538165741, 6.377051436204667, 3.7173906224662483, 4.373072718352623, 2.3984866270212972, 1.4013068364922796, 2.4084189959390376, 2.780819348681248, 2.415403357619593, 1.397432996604846, 0.0, 4.610020543338175, 4.310427178366432, 5.877125075238744, 5.437091767664034, 6.395554801578985, 6.518679532696787, 7.681496776019632, 7.722072296993858, 8.093707180890595, 2.5161974564807115, 3.4073572486606096, 3.867899344605545, 3.4022305639095065, 2.1573795493607517, 1.0866779513728988], [1.0944783003787693, 2.1406089811079463, 3.156348334705788, 4.482462669113932, 4.712170805478086, 4.182179672132702, 2.795519663676147, 3.5986655485054455, 4.6321657148681545, 3.3305252934034297, 4.310963043218997, 5.393868434620926, 6.492724480524335, 6.692960776069138, 5.858629164744941, 4.610020543338175, 0.0, 1.7765685435693157, 1.7736613036315587, 5.031064191600024, 5.193920387337487, 4.626161067234905, 5.796513615096578, 4.672031169630613, 4.781583911216032, 2.7836324056886537, 5.630005325929985, 7.381265751210967, 7.693316031465235, 6.366159078282602, 4.1799216882616355], [1.0932815008038872, 2.1788096704393434, 2.7321148401924833, 4.218871864610254, 4.92223830081397, 4.484789758728941, 3.3396229068564014, 2.656655216621081, 3.3676911705202426, 2.7313048127223003, 3.585976423514243, 4.3001827751852595, 5.454836258770743, 5.954601115104184, 5.463927863725875, 4.310427178366432, 1.7765685435693157, 0.0, 1.756122299271893, 4.81250894752415, 4.62950369262192, 5.1574255990755695, 5.935304920557999, 4.622163058569007, 5.348334429521026, 2.7740683877655217, 4.310628434462891, 6.186769804995172, 6.959632388998718, 6.201732127397958, 4.3144526547408075], [1.0955779159877224, 2.140839557276537, 3.3071039732672456, 4.563363108497942, 4.762234158459662, 3.823578832716804, 2.557787803943087, 3.9145514417363327, 4.623570658052064, 4.2063553974908015, 5.2489644673973554, 6.028745190336045, 7.209075747972135, 7.674989668396955, 7.083255337060779, 5.877125075238744, 1.7736613036315587, 1.756122299271893, 0.0, 5.39844612272828, 4.955444190988332, 5.042745980118372, 5.735543526990272, 3.917296653305695, 4.450823557500342, 3.9961164384937535, 5.967907647576327, 7.93218596920168, 8.676217139975233, 7.728208311762824, 5.674286381563765], [4.614429720994784, 3.293281167771741, 2.148304938783133, 1.096202837069855, 2.1486140835431566, 3.4157649377555237, 3.794827412412849, 2.6843778813721437, 3.1357447233472304, 3.387671204529743, 4.517052939694199, 5.131680770468873, 6.422434488572071, 7.094905028962685, 6.66961655494527, 5.437091767664034, 5.031064191600024, 4.81250894752415, 5.39844612272828, 0.0, 1.7669368664442995, 2.374860059035058, 2.580177499708111, 3.8014593579308458, 4.258960262787151, 3.4567742202810994, 4.886998949253008, 7.067808862016573, 8.133103782689608, 7.465339805393991, 5.430127285800951], [4.455879603400433, 3.120654921647057, 2.1261940504102625, 1.0970551353509994, 2.1550630918838545, 2.8755143991988628, 3.505887471097724, 2.8669778966709876, 2.888589513932362, 4.067572221854211, 5.2491431100704435, 5.622281076218086, 6.985971678299304, 7.877902893537088, 7.62251540503527, 6.395554801578985, 5.193920387337487, 4.62950369262192, 4.955444190988332, 1.7669368664442995, 0.0, 3.0401393273993214, 2.3977640042339443, 2.724280371033789, 3.8416041818490356, 4.3274857943152165, 5.090747137699927, 7.484006874662797, 8.92361539007593, 8.520581373357102, 6.510133524744327], [4.467205140801125, 3.0819621720585735, 2.8783917123977414, 2.149150353046524, 1.0974200380893362, 2.1488656286515453, 2.6892370163300967, 4.13904333028781, 4.948930762296033, 4.582838889814915, 5.9063431884711886, 6.861512616763157, 8.163198080409419, 8.61073079651199, 7.877479932694212, 6.518679532696787, 4.626161067234905, 5.1574255990755695, 5.042745980118372, 2.374860059035058, 3.0401393273993214, 0.0, 1.7706288854528491, 3.073482742752918, 2.4810701924774317, 4.140025720934593, 6.787356665889896, 8.9557266824083, 9.673541350508613, 8.487880968180455, 6.13073926537412], [5.342364920145385, 3.8488745757688703, 3.4270279281033007, 2.1639507318790785, 1.0949741047166366, 2.166529856706341, 3.388428346593742, 4.663476994689692, 5.092327793848311, 5.508880425276991, 6.821995503516548, 7.51530187949892, 8.86512404481742, 9.5353867325872, 9.00653130233832, 7.681496776019632, 5.796513615096578, 5.935304920557999, 5.735543526990272, 2.580177499708111, 2.3977640042339443, 1.7706288854528491, 0.0, 2.5291334958835208, 2.494308852167269, 5.341868118926187, 7.19136765991004, 9.505485573078316, 10.598418216413238, 9.740264080608904, 7.481158876136772], [3.9591681575805797, 2.768098563996593, 3.0354428441332906, 2.7545590808693867, 2.1749000551749496, 1.0969906380639718, 2.067673799224626, 4.39584299992618, 4.779845390805021, 5.398080138345485, 6.766337488627063, 7.406370956143097, 8.802236473192481, 9.549567890747728, 9.069512166594189, 7.722072296993858, 4.672031169630613, 4.622163058569007, 3.917296653305695, 3.8014593579308458, 2.724280371033789, 3.073482742752918, 2.5291334958835208, 0.0, 1.7667162901835711, 5.29488067098778, 6.99966642205184, 9.410397501699915, 10.629771474965962, 9.853291529230217, 7.569065792421149], [4.438864995694282, 3.281657966638205, 3.793262873833028, 3.438489037353471, 2.153813928824865, 1.094916485399686, 2.0461399878796174, 5.283302229666594, 5.955382621628941, 5.973520853734421, 7.382220805421632, 8.265741859627603, 9.635156766757872, 10.183512852154704, 9.487937037628358, 8.093707180890595, 4.781583911216032, 5.348334429521026, 4.450823557500342, 4.258960262787151, 3.8416041818490356, 2.4810701924774317, 2.494308852167269, 1.7667162901835711, 0.0, 5.577522504661008, 8.050476697065832, 10.374078281466744, 11.268708674022946, 10.130030318315933, 7.710655892983423], [2.900705986479843, 2.768676308274407, 2.440207101866561, 3.5165912884496544, 4.352676717836968, 4.73965309912023, 3.912141579748872, 2.041557885537415, 3.1893372853933153, 1.0120367088203865, 2.0645413849085226, 3.347476503278253, 4.489808264280335, 4.71460078691717, 3.9112362214522407, 2.5161974564807115, 2.7836324056886537, 2.7740683877655217, 3.9961164384937535, 3.4567742202810994, 4.3274857943152165, 4.140025720934593, 5.341868118926187, 5.29488067098778, 5.577522504661008, 0.0, 3.757395797623668, 5.453120209568096, 5.781101089757901, 4.590715351663616, 2.293912197535032], [5.163424795617731, 5.150164847847106, 4.2710042917328, 5.0469860818116, 6.503600581985336, 6.983537617855294, 6.501195303942191, 2.787388114346476, 2.286222242040349, 2.7644077665930546, 2.172401097863836, 1.085452384952928, 2.1338630344986997, 3.3882345343851274, 3.873479642388739, 3.4073572486606096, 5.630005325929985, 4.310628434462891, 5.967907647576327, 4.886998949253008, 5.090747137699927, 6.787356665889896, 7.19136765991004, 6.99966642205184, 8.050476697065832, 3.757395797623668, 0.0, 2.4432630844835357, 4.279125757675275, 4.960233786829003, 4.323325781155059], [7.1258806571538935, 7.359039335402414, 6.58240896328996, 7.3766810050320055, 8.806233489409648, 9.330900179511085, 8.734520984003646, 5.0964094596097755, 4.72838280387703, 4.625348012852655, 3.406062044355622, 2.1544117758683, 1.0870965136546067, 2.153931582014619, 3.394987664189665, 3.867899344605545, 7.381265751210967, 6.186769804995172, 7.93218596920168, 7.067808862016573, 7.484006874662797, 8.9557266824083, 9.505485573078316, 9.410397501699915, 10.374078281466744, 5.453120209568096, 2.4432630844835357, 0.0, 2.481943845053711, 4.2941828302949565, 4.954318266926339], [7.790927191932934, 8.208565804694507, 7.632130358556515, 8.536140951273005, 9.789229502877129, 10.324388999354877, 9.532483207957934, 6.278309741482973, 6.35416722238249, 5.3023089432812185, 3.895065894179455, 3.4058366916221923, 2.153427050076227, 1.0867519082108845, 2.1543537987062384, 3.4022305639095065, 7.693316031465235, 6.959632388998718, 8.676217139975233, 8.133103782689608, 8.92361539007593, 9.673541350508613, 10.598418216413238, 10.629771474965962, 11.268708674022946, 5.781101089757901, 4.279125757675275, 2.481943845053711, 0.0, 2.4820775350500233, 4.285233099844161], [6.778520728005484, 7.236598426056264, 6.896274494246875, 7.8605629982845375, 8.838131502189816, 9.328511271365864, 8.406436478080353, 5.8554623284587874, 6.400635374710857, 4.555217709396555, 3.4151123627195634, 3.875501673332112, 3.3942258749234706, 2.1519199381017873, 1.08677971088901, 2.1573795493607517, 6.366159078282602, 6.201732127397958, 7.728208311762824, 7.465339805393991, 8.520581373357102, 8.487880968180455, 9.740264080608904, 9.853291529230217, 10.130030318315933, 4.590715351663616, 4.960233786829003, 4.2941828302949565, 2.4820775350500233, 0.0, 2.4595981318093405], [4.649112718573297, 4.95102919502602, 4.722494812067029, 5.715426956929814, 6.526219409428402, 6.959709256139942, 6.028954425934899, 3.9983315632898684, 4.880423109731368, 2.621289005432251, 2.169125224600922, 3.401995527627866, 3.8672224218423232, 3.3892970524874335, 2.14051452926627, 1.0866779513728988, 4.1799216882616355, 4.3144526547408075, 5.674286381563765, 5.430127285800951, 6.510133524744327, 6.13073926537412, 7.481158876136772, 7.569065792421149, 7.710655892983423, 2.293912197535032, 4.323325781155059, 4.954318266926339, 4.285233099844161, 2.4595981318093405, 0.0]]}