{"total energy": -55.8979165, "HOMO-LUMO gap/eV": 3.64382306, "electronic energy": -56.52303289, "dipole": [0.06544055, -0.0962432, -0.33212113], "partial charges": [-0.10249791, -0.05208287, -0.05928729, 0.00617415, -0.12014567, 0.2227632, -0.42805298, -0.12047257, 0.00673873, -0.05844283, -0.05320823, -0.1031881, -0.115966, 0.00482681, -0.05863896, -0.05399426, -0.10264145, 0.03788528, 0.03770774, 0.03882761, 0.03523167, 0.03459888, 0.04844556, 0.04902721, 0.06088013, 0.05149682, 0.06154723, 0.05559543, 0.04873299, 0.04545186, 0.03961533, 0.03581884, 0.0348753, 0.0373956, 0.0384702, 0.0617671, 0.0505662, 0.04737645, 0.04939358, 0.04225161, 0.03642726, 0.03655369, 0.03447217, 0.03770448], "atomic dipole moments": [[-0.0229438, -0.10837642, -0.01770905], [0.05849581, 0.02516976, 0.10397535], [-0.05924852, -0.07329186, -0.09525026], [0.06912194, -0.01906203, 0.1498906], [-0.2605776, -0.17600021, -0.44375531], [-0.07614294, 0.05003894, 0.2473135], [-0.02939128, 0.01698618, 0.0972394], [0.37434112, -0.31861886, -0.22363597], [-0.05139632, 0.13643347, 0.08901058], [0.1112521, -0.05351173, -0.05260881], [0.066546, 0.01810606, 0.10013906], [-0.03964854, 0.09164148, -0.04521096], [0.20462406, 0.33803107, -0.39979642], [-0.12590993, -0.05844882, 0.09907271], [-0.09029196, -0.00594764, -0.08855976], [0.08399786, 0.0563569, 0.07191366], [-0.06909003, 0.06544144, -0.05285737], [-0.05516337, 0.04294401, 0.10556668], [0.12457508, 0.02048512, 0.00926083], [-0.04263486, 0.06951597, -0.09586072], [0.05114997, -0.03284881, -0.10825949], [-0.12269063, -0.01113772, -0.0150883], [0.12504888, 0.01667883, 0.013461], [-0.05261871, 0.03860525, 0.10879453], [0.05701056, -0.04327805, -0.10606123], [-0.12597737, -0.01979856, -0.00901536], [0.044916, 0.01211606, -0.11953443], [0.06943154, -0.08701236, 0.06337573], [-0.04349255, -0.0086564, 0.11900872], [-0.06677688, 0.09184143, -0.05176969], [-0.12197646, -0.01317203, -0.00488685], [0.03532627, 0.00708336, -0.11944828], [0.12653711, -0.00391157, -0.00778969], [-0.04206873, -0.10077541, -0.06166721], [-0.03384152, -0.01382822, 0.12148364], [0.00570536, -0.02261714, -0.12618045], [0.03855315, 0.11805009, 0.01943666], [0.11927851, 0.024138, -0.0244344], [-0.00949523, 0.02280631, 0.12542052], [-0.11621096, -0.03793026, 0.0325734], [0.0114068, -0.02445985, -0.12140546], [-0.01029875, 0.01345091, 0.12551928], [0.11932473, 0.02275387, -0.03264667], [-0.02401882, -0.12041177, -0.02736271]], "atomic quadrupole moments": [[-0.11382135, 0.07175173, 0.22280462, 0.01952238, 0.05099932, -0.10898326], [-0.18080712, 0.00556476, 0.19458995, 0.110793, -0.09112371, -0.01378283], [-0.19736436, 0.01906514, 0.2267981, 0.11429525, -0.07702307, -0.02943374], [-0.23922765, -0.05476169, 0.15208467, 0.20268297, -0.22314022, 0.08714298], [-0.42350183, 0.13763777, 0.43987829, 0.32630725, -0.06792599, -0.01637646], [0.49496856, 0.0959832, 0.59860613, 0.52078937, -0.29727731, -1.09357469], [-0.02644258, -0.00488794, -0.03209352, -0.02815723, 0.01611289, 0.0585361], [0.41325252, 0.12945974, 0.02107604, -0.01781025, 0.34501416, -0.43432856], [-0.01534687, 0.12943165, 0.20819654, 0.02793984, 0.28286464, -0.19284966], [0.13399613, 0.11727628, 0.01940419, 0.02687635, 0.14269559, -0.15340033], [-0.15251613, -0.04161725, 0.2287233, 0.09713165, 0.03889607, -0.07620718], [-0.06796836, -0.10776001, 0.12821432, 0.06698531, -0.11546685, -0.06024596], [0.28321656, -0.21211569, -0.12140426, -0.01505369, -0.4545506, -0.1618123], [0.35599621, -0.04852605, -0.17932532, -0.10049543, -0.12397252, -0.1766709], [-0.07136247, -0.07404192, 0.19201462, 0.13218631, -0.06379625, -0.12065215], [-0.07400789, -0.06723112, 0.20321763, 0.13886013, -0.02615088, -0.12920975], [0.02580352, -0.13507399, 0.01627146, 0.11873146, -0.10387934, -0.04207498], [-0.01877956, -0.00419422, -0.02511242, -0.05277983, 0.02617409, 0.04389198], [0.07905125, 0.00481344, -0.02893224, 0.00882009, 0.00710165, -0.05011901], [-0.03379621, -0.01707957, -0.00060192, 0.04190112, -0.04433295, 0.03439813], [-0.01284623, -0.0160345, -0.01093063, -0.03915476, 0.01561332, 0.02377686], [0.05475664, 0.00887993, -0.01827584, -0.00094324, -0.00710393, -0.0364808], [0.05182766, 0.00437457, -0.01797874, -0.00021396, -0.00723483, -0.03384892], [-0.01179678, -0.01383266, -0.01183564, -0.03718328, 0.01088877, 0.02363241], [-0.01748725, -0.01881864, -0.01375842, -0.02570427, -0.00251323, 0.03124567], [0.04291202, -0.00024294, -0.01950836, 0.00741819, -0.01986754, -0.02340366], [-0.03082516, 0.01479824, -0.01036623, -0.01343662, 0.00727882, 0.04119139], [-0.02085466, -0.01297261, 0.03304603, 0.02538478, -0.01590527, -0.01219137], [-0.0186009, 0.01773626, -0.0301061, -0.01141863, -0.01142943, 0.048707], [-0.00832028, -0.01400361, 0.02866241, 0.02775114, -0.02938553, -0.02034213], [0.05475024, 0.00399145, -0.00578696, -0.00780507, 0.00020081, -0.04896327], [-0.02438724, -0.00269579, -0.01235737, -0.03969253, -0.01026683, 0.03674462], [0.07698055, 0.01374545, -0.03266831, -0.00840481, -0.01322291, -0.04431224], [-0.02611821, 0.02831892, 0.03619573, 0.03541496, 0.04628362, -0.01007752], [-0.03152623, -0.01168166, -0.03738832, -0.0368858, -0.00252628, 0.06891455], [0.00582585, -0.00611708, -0.03892126, -0.00729551, 0.02572489, 0.0330954], [0.01446153, 0.01603683, 0.0321397, -0.00075064, 0.01925929, -0.04660124], [0.04498465, 0.01201212, -0.00965155, -0.03230311, -0.00829691, -0.0353331], [-0.03187182, -0.00795465, -0.01478156, -0.02155862, 0.00698678, 0.04665338], [0.04356315, 0.00504124, -0.01773078, -0.02786569, -0.00910127, -0.02583236], [-0.03409339, -0.00751825, -0.01960749, -0.01529998, 0.00366961, 0.05370088], [-0.03356195, -0.01509529, -0.03966752, -0.01475605, 0.02117039, 0.07322947], [0.06205455, 0.0265172, -0.03439877, -0.03100432, -0.02199919, -0.02765578], [-0.03167889, 0.0233967, 0.06851149, 0.01953196, 0.02674432, -0.0368326]], "number of molecular orbitals": 115, "number of electrons": 104, "number of unpaired electrons": 0, "orbital energies/eV": [-19.82451871, -19.81497289, -19.79485454, -18.66534313, -17.4213715, -17.40458327, -17.3661577, -16.86711646, -16.78310888, -16.74402042, -16.4698899, -16.09202353, -15.92370157, -15.90626969, -15.49688547, -15.41221531, -15.38310192, -14.5798896, -14.49865452, -14.4336922, -14.26624696, -14.19273576, -14.12635268, -13.99476397, -13.83522075, -13.80308743, -13.70049763, -13.65144137, -13.49955526, -13.45890601, -13.28460671, -13.17397429, -13.00114555, -12.89712156, -12.73033105, -12.67513076, -12.52593117, -12.43779711, -12.38831504, -12.35611795, -12.10295388, -12.08773014, -12.06673351, -12.04636338, -11.92224829, -11.8507122, -11.75837573, -11.412845, -11.40412041, -10.56039606, -10.55249664, -10.53711943, -6.89329637, -6.06868424, -6.05221596, -5.44277268, -4.29204169, -4.28866179, -2.29553934, -0.91987887, -0.90575768, -0.66403519, -0.64980252, -0.56444027, -0.07822077, -0.07049995, -0.03910247, 1.76656459, 2.11210422, 2.18478902, 2.33070563, 2.50565156, 2.62242423, 2.77505656, 2.79856378, 2.99369959, 3.19739325, 3.31077334, 3.39769033, 3.49934185, 3.64442522, 3.77155098, 3.83350593, 3.89951198, 4.13389681, 4.25386175, 4.41151137, 4.49225716, 4.69861849, 4.89457229, 5.06714937, 5.27666783, 5.39171037, 5.48007164, 5.76416089, 6.00386547, 6.08097891, 6.13365308, 6.40869127, 6.72827552, 6.77140177, 6.79247717, 7.11857455, 7.40622373, 7.6434529, 7.74963511, 7.9537, 8.41023782, 8.62769194, 11.7248502, 11.73628109, 12.3100875, 25.4184577, 25.45133946, 31.73460918], "fractional occupation": [2.0, 2.0, 2.0, 2.0, 2.0, 2.0, 2.0, 2.0, 2.0, 2.0, 2.0, 2.0, 2.0, 2.0, 2.0, 2.0, 2.0, 2.0, 2.0, 2.0, 2.0, 2.0, 2.0, 2.0, 2.0, 2.0, 2.0, 2.0, 2.0, 2.0, 2.0, 2.0, 2.0, 2.0, 2.0, 2.0, 2.0, 2.0, 2.0, 2.0, 2.0, 2.0, 2.0, 2.0, 2.0, 2.0, 2.0, 2.0, 2.0, 2.0, 2.0, 2.0, 0.0, 0.0, 0.0, 0.0, 0.0, 0.0, 0.0, 0.0, 0.0, 0.0, 0.0, 0.0, 0.0, 0.0, 0.0, 0.0, 0.0, 0.0, 0.0, 0.0, 0.0, 0.0, 0.0, 0.0, 0.0, 0.0, 0.0, 0.0, 0.0, 0.0, 0.0, 0.0, 0.0, 0.0, 0.0, 0.0, 0.0, 0.0, 0.0, 0.0, 0.0, 0.0, 0.0, 0.0, 0.0, 0.0, 0.0, 0.0, 0.0, 0.0, 0.0, 0.0, 0.0, 0.0, 0.0, 0.0, 0.0, 0.0, 0.0, 0.0, 0.0, 0.0, 0.0], "program call": "xtb /home/svss/Project-DBcg-Debug/aqme2_20220329/End-to-End-workflows-final/example-3/QDESCP/mol_760_rdkit_conf_12/mol_760_rdkit_conf_12.xyz --pop --wbo --acc 0.2 --gfn 2 --chrg 0 --uhf 0 --etemp 300 --input /home/svss/Project-DBcg-Debug/aqme2_20220329/End-to-End-workflows-final/example-3/QDESCP/mol_760_rdkit_conf_12/mol_760_rdkit_conf_12_xtb.inp", "method": "GFN2-xTB", "xtb version": "6.3.3 (7355c4f)", "Dipole module/D": 0.894, "Total charge": 0, "Transition dipole module/D": NaN, "HOMO": -10.5371, "LUMO": -6.8933, "HOMO occupancy": 2.0, "LUMO occupancy": 0, "mulliken charges": [-0.0828, -0.03851, -0.04828, 0.03323, -0.08593, 0.32585, -0.48139, -0.08589, 0.03234, -0.04863, -0.03886, -0.08649, -0.08692, 0.03197, -0.04791, -0.03952, -0.08382, 0.02804, 0.02871, 0.03087, 0.02621, 0.02415, 0.02991, 0.02748, 0.04677, 0.03232, 0.04685, 0.03289, 0.02761, 0.03064, 0.02713, 0.02657, 0.02908, 0.03102, 0.02807, 0.0476, 0.03326, 0.03104, 0.02832, 0.02607, 0.02635, 0.02735, 0.02696, 0.03029], "cm5 charges": [-0.23315, -0.15093, -0.15588, -0.05658, -0.08901, 0.25975, -0.4985, -0.08908, -0.05767, -0.1561, -0.15118, -0.23692, -0.0903, -0.05786, -0.15562, -0.15115, -0.23422, 0.07933, 0.08, 0.08165, 0.08093, 0.07886, 0.08569, 0.08328, 0.10539, 0.0903, 0.10556, 0.09157, 0.08322, 0.08603, 0.08133, 0.08118, 0.08084, 0.0818, 0.0795, 0.10624, 0.09078, 0.08603, 0.08386, 0.08187, 0.0812, 0.07866, 0.07824, 0.08106], "FUKUI+": [0.007, 0.003, 0.002, 0.029, -0.197, -0.144, -0.013, -0.198, 0.029, 0.002, 0.005, 0.008, -0.198, 0.029, 0.006, 0.003, 0.007, -0.008, -0.009, -0.017, -0.01, -0.008, -0.011, -0.009, -0.029, -0.023, -0.029, -0.024, -0.01, -0.01, -0.02, -0.011, 0.002, -0.018, -0.007, -0.029, -0.023, -0.028, -0.011, 0.006, -0.008, -0.008, -0.012, -0.015], "FUKUI-": [0.008, 0.003, 0.006, 0.023, -0.149, -0.055, -0.014, -0.152, 0.022, 0.006, 0.005, 0.008, -0.153, 0.024, 0.008, 0.003, 0.009, -0.022, -0.023, -0.023, -0.023, -0.021, -0.018, -0.017, -0.031, -0.024, -0.031, -0.025, -0.015, -0.017, -0.031, -0.017, -0.011, -0.022, -0.014, -0.03, -0.029, -0.03, -0.016, -0.018, -0.019, -0.02, -0.03, -0.023], "FUKUIrad": [0.008, 0.003, 0.004, 0.026, -0.173, -0.099, -0.013, -0.175, 0.025, 0.004, 0.005, 0.008, -0.176, 0.026, 0.007, 0.003, 0.008, -0.015, -0.016, -0.02, -0.016, -0.015, -0.014, -0.013, -0.03, -0.024, -0.03, -0.025, -0.013, -0.014, -0.026, -0.014, -0.005, -0.02, -0.01, -0.029, -0.026, -0.029, -0.014, -0.006, -0.014, -0.014, -0.021, -0.019], "s proportion": [1.008, 1.028, 1.034, 1.04, 1.911, 1.553, 1.691, 1.911, 1.039, 1.034, 1.028, 1.008, 1.911, 1.039, 1.034, 1.027, 1.008, 0.972, 0.971, 0.969, 0.974, 0.976, 0.97, 0.973, 0.953, 0.968, 0.953, 0.967, 0.972, 0.969, 0.973, 0.973, 0.971, 0.969, 0.972, 0.952, 0.967, 0.969, 0.972, 0.974, 0.974, 0.973, 0.973, 0.97], "p proportion": [3.075, 3.01, 3.014, 2.927, 4.181, 2.126, 4.791, 4.181, 2.929, 3.015, 3.011, 3.079, 4.182, 2.929, 3.013, 3.013, 3.076, 0.0, 0.0, 0.0, 0.0, 0.0, 0.0, 0.0, 0.0, 0.0, 0.0, 0.0, 0.0, 0.0, 0.0, 0.0, 0.0, 0.0, 0.0, 0.0, 0.0, 0.0, 0.0, 0.0, 0.0, 0.0, 0.0, 0.0], "d proportion": [0.0, 0.0, 0.0, 0.0, -0.006, 0.995, 0.0, -0.006, 0.0, 0.0, 0.0, 0.0, -0.006, 0.0, 0.0, 0.0, 0.0, 0.0, 0.0, 0.0, 0.0, 0.0, 0.0, 0.0, 0.0, 0.0, 0.0, 0.0, 0.0, 0.0, 0.0, 0.0, 0.0, 0.0, 0.0, 0.0, 0.0, 0.0, 0.0, 0.0, 0.0, 0.0, 0.0, 0.0], "Fermi-level/eV": -8.7152, "Coordination numbers": [3.75, 3.801, 3.84, 3.8, 1.938, 3.587, 0.809, 1.938, 3.799, 3.839, 3.799, 3.749, 1.925, 3.798, 3.826, 3.799, 3.75, 0.924, 0.924, 0.924, 0.924, 0.924, 0.924, 0.924, 0.924, 0.924, 0.924, 0.924, 0.924, 0.924, 0.924, 0.924, 0.924, 0.924, 0.924, 0.924, 0.924, 0.924, 0.924, 0.924, 0.924, 0.924, 0.924, 0.924], "Dispersion coefficient C6": [22.521, 21.509, 21.611, 20.476, 146.087, 150.714, 22.272, 146.101, 20.467, 21.596, 21.531, 22.537, 145.908, 20.501, 21.608, 21.546, 22.524, 2.477, 2.48, 2.465, 2.513, 2.522, 2.34, 2.332, 2.189, 2.301, 2.181, 2.251, 2.336, 2.378, 2.454, 2.505, 2.518, 2.484, 2.469, 2.179, 2.313, 2.353, 2.328, 2.419, 2.497, 2.495, 2.524, 2.48], "Total dispersion C6": 22567.067384, "Total dispersion C8": 652958.241171, "Polarizability alpha": [6.768, 6.603, 6.613, 6.443, 20.343, 22.053, 6.326, 20.344, 6.442, 6.611, 6.607, 6.771, 20.33, 6.447, 6.614, 6.609, 6.769, 2.461, 2.463, 2.455, 2.479, 2.484, 2.392, 2.388, 2.314, 2.372, 2.31, 2.346, 2.39, 2.411, 2.45, 2.475, 2.482, 2.465, 2.457, 2.308, 2.378, 2.399, 2.386, 2.432, 2.471, 2.47, 2.484, 2.463], "Total polarizability alpha": 234.079861, "Wiberg matrix": [[0.0, 1.0191100245407254, 0.0, 0.0, 0.0, 0.0, 0.0, 0.0, 0.0, 0.0, 0.0, 0.0, 0.0, 0.0, 0.0, 0.0, 0.0, 0.9872668731567122, 0.9872827792255238, 0.9862480747666207, 0.0, 0.0, 0.0, 0.0, 0.0, 0.0, 0.0, 0.0, 0.0, 0.0, 0.0, 0.0, 0.0, 0.0, 0.0, 0.0, 0.0, 0.0, 0.0, 0.0, 0.0, 0.0, 0.0, 0.0], [1.0191100245407254, 0.0, 0.9998635749997936, 0.0, 0.0, 0.0, 0.0, 0.0, 0.0, 0.0, 0.0, 0.0, 0.0, 0.0, 0.0, 0.0, 0.0, 0.0, 0.0, 0.0, 0.977527374711922, 0.9775246174606026, 0.0, 0.0, 0.0, 0.0, 0.0, 0.0, 0.0, 0.0, 0.0, 0.0, 0.0, 0.0, 0.0, 0.0, 0.0, 0.0, 0.0, 0.0, 0.0, 0.0, 0.0, 0.0], [0.0, 0.9998635749997936, 0.0, 1.0067220920322648, 0.0, 0.0, 0.0, 0.0, 0.0, 0.0, 0.0, 0.0, 0.0, 0.0, 0.0, 0.0, 0.0, 0.0, 0.0, 0.0, 0.0, 0.0, 0.9753145829678043, 0.9753979207650243, 0.0, 0.0, 0.0, 0.0, 0.0, 0.0, 0.0, 0.0, 0.0, 0.0, 0.0, 0.0, 0.0, 0.0, 0.0, 0.0, 0.0, 0.0, 0.0, 0.0], [0.0, 0.0, 1.0067220920322648, 0.0, 0.9538012905250851, 0.0, 0.0, 0.0, 0.0, 0.0, 0.0, 0.0, 0.0, 0.0, 0.0, 0.0, 0.0, 0.0, 0.0, 0.0, 0.0, 0.0, 0.0, 0.0, 0.9725555291524168, 0.9728862490707326, 0.0, 0.0, 0.0, 0.0, 0.0, 0.0, 0.0, 0.0, 0.0, 0.0, 0.0, 0.0, 0.0, 0.0, 0.0, 0.0, 0.0, 0.0], [0.0, 0.0, 0.0, 0.9538012905250851, 0.0, 1.0394515998080749, 0.0, 0.0, 0.0, 0.0, 0.0, 0.0, 0.0, 0.0, 0.0, 0.0, 0.0, 0.0, 0.0, 0.0, 0.0, 0.0, 0.0, 0.0, 0.0, 0.0, 0.0, 0.0, 0.0, 0.0, 0.0, 0.0, 0.0, 0.0, 0.0, 0.0, 0.0, 0.0, 0.0, 0.0, 0.0, 0.0, 0.0, 0.0], [0.0, 0.0, 0.0, 0.0, 1.0394515998080749, 0.0, 1.9320864771698312, 1.0405538467362365, 0.0, 0.0, 0.0, 0.0, 1.0411226697425717, 0.0, 0.0, 0.0, 0.0, 0.0, 0.0, 0.0, 0.0, 0.0, 0.0, 0.0, 0.0, 0.0, 0.0, 0.0, 0.0, 0.0, 0.0, 0.0, 0.0, 0.0, 0.0, 0.0, 0.0, 0.0, 0.0, 0.0, 0.0, 0.0, 0.0, 0.0], [0.0, 0.0, 0.0, 0.0, 0.0, 1.9320864771698312, 0.0, 0.0, 0.0, 0.0, 0.0, 0.0, 0.0, 0.0, 0.0, 0.0, 0.0, 0.0, 0.0, 0.0, 0.0, 0.0, 0.0, 0.0, 0.0, 0.0, 0.0, 0.0, 0.0, 0.0, 0.0, 0.0, 0.0, 0.0, 0.0, 0.0, 0.0, 0.0, 0.0, 0.0, 0.0, 0.0, 0.0, 0.0], [0.0, 0.0, 0.0, 0.0, 0.0, 1.0405538467362365, 0.0, 0.0, 0.9531383883652433, 0.0, 0.0, 0.0, 0.0, 0.0, 0.0, 0.0, 0.0, 0.0, 0.0, 0.0, 0.0, 0.0, 0.0, 0.0, 0.0, 0.0, 0.0, 0.0, 0.0, 0.0, 0.0, 0.0, 0.0, 0.0, 0.0, 0.0, 0.0, 0.0, 0.0, 0.0, 0.0, 0.0, 0.0, 0.0], [0.0, 0.0, 0.0, 0.0, 0.0, 0.0, 0.0, 0.9531383883652433, 0.0, 1.0074268550344538, 0.0, 0.0, 0.0, 0.0, 0.0, 0.0, 0.0, 0.0, 0.0, 0.0, 0.0, 0.0, 0.0, 0.0, 0.0, 0.0, 0.9723123943106002, 0.9710778849633137, 0.0, 0.0, 0.0, 0.0, 0.0, 0.0, 0.0, 0.0, 0.0, 0.0, 0.0, 0.0, 0.0, 0.0, 0.0, 0.0], [0.0, 0.0, 0.0, 0.0, 0.0, 0.0, 0.0, 0.0, 1.0074268550344538, 0.0, 0.9995657431913566, 0.0, 0.0, 0.0, 0.0, 0.0, 0.0, 0.0, 0.0, 0.0, 0.0, 0.0, 0.0, 0.0, 0.0, 0.0, 0.0, 0.0, 0.9754898978288361, 0.9753785550560634, 0.0, 0.0, 0.0, 0.0, 0.0, 0.0, 0.0, 0.0, 0.0, 0.0, 0.0, 0.0, 0.0, 0.0], [0.0, 0.0, 0.0, 0.0, 0.0, 0.0, 0.0, 0.0, 0.0, 0.9995657431913566, 0.0, 1.02139667486726, 0.0, 0.0, 0.0, 0.0, 0.0, 0.0, 0.0, 0.0, 0.0, 0.0, 0.0, 0.0, 0.0, 0.0, 0.0, 0.0, 0.0, 0.0, 0.9757254207455944, 0.9772604472011183, 0.0, 0.0, 0.0, 0.0, 0.0, 0.0, 0.0, 0.0, 0.0, 0.0, 0.0, 0.0], [0.0, 0.0, 0.0, 0.0, 0.0, 0.0, 0.0, 0.0, 0.0, 0.0, 1.02139667486726, 0.0, 0.0, 0.0, 0.0, 0.0, 0.0, 0.0, 0.0, 0.0, 0.0, 0.0, 0.0, 0.0, 0.0, 0.0, 0.0, 0.0, 0.0, 0.0, 0.0, 0.0, 0.9860957893223499, 0.986492334474284, 0.9869346974751093, 0.0, 0.0, 0.0, 0.0, 0.0, 0.0, 0.0, 0.0, 0.0], [0.0, 0.0, 0.0, 0.0, 0.0, 1.0411226697425717, 0.0, 0.0, 0.0, 0.0, 0.0, 0.0, 0.0, 0.9525285707014387, 0.0, 0.0, 0.0, 0.0, 0.0, 0.0, 0.0, 0.0, 0.0, 0.0, 0.0, 0.0, 0.0, 0.0, 0.0, 0.0, 0.0, 0.0, 0.0, 0.0, 0.0, 0.0, 0.0, 0.0, 0.0, 0.0, 0.0, 0.0, 0.0, 0.0], [0.0, 0.0, 0.0, 0.0, 0.0, 0.0, 0.0, 0.0, 0.0, 0.0, 0.0, 0.0, 0.9525285707014387, 0.0, 1.0078394294936466, 0.0, 0.0, 0.0, 0.0, 0.0, 0.0, 0.0, 0.0, 0.0, 0.0, 0.0, 0.0, 0.0, 0.0, 0.0, 0.0, 0.0, 0.0, 0.0, 0.0, 0.971862308590413, 0.9733300995277614, 0.0, 0.0, 0.0, 0.0, 0.0, 0.0, 0.0], [0.0, 0.0, 0.0, 0.0, 0.0, 0.0, 0.0, 0.0, 0.0, 0.0, 0.0, 0.0, 0.0, 1.0078394294936466, 0.0, 1.008228448120995, 0.0, 0.0, 0.0, 0.0, 0.0, 0.0, 0.0, 0.0, 0.0, 0.0, 0.0, 0.0, 0.0, 0.0, 0.0, 0.0, 0.0, 0.0, 0.0, 0.0, 0.0, 0.9664577457584422, 0.9747059829429383, 0.0, 0.0, 0.0, 0.0, 0.0], [0.0, 0.0, 0.0, 0.0, 0.0, 0.0, 0.0, 0.0, 0.0, 0.0, 0.0, 0.0, 0.0, 0.0, 1.008228448120995, 0.0, 1.0198377950883157, 0.0, 0.0, 0.0, 0.0, 0.0, 0.0, 0.0, 0.0, 0.0, 0.0, 0.0, 0.0, 0.0, 0.0, 0.0, 0.0, 0.0, 0.0, 0.0, 0.0, 0.0, 0.0, 0.9758905296942443, 0.9773089551218679, 0.0, 0.0, 0.0], [0.0, 0.0, 0.0, 0.0, 0.0, 0.0, 0.0, 0.0, 0.0, 0.0, 0.0, 0.0, 0.0, 0.0, 0.0, 1.0198377950883157, 0.0, 0.0, 0.0, 0.0, 0.0, 0.0, 0.0, 0.0, 0.0, 0.0, 0.0, 0.0, 0.0, 0.0, 0.0, 0.0, 0.0, 0.0, 0.0, 0.0, 0.0, 0.0, 0.0, 0.0, 0.0, 0.9874781459673116, 0.9873028146195987, 0.9868884978159534], [0.9872668731567122, 0.0, 0.0, 0.0, 0.0, 0.0, 0.0, 0.0, 0.0, 0.0, 0.0, 0.0, 0.0, 0.0, 0.0, 0.0, 0.0, 0.0, 0.0, 0.0, 0.0, 0.0, 0.0, 0.0, 0.0, 0.0, 0.0, 0.0, 0.0, 0.0, 0.0, 0.0, 0.0, 0.0, 0.0, 0.0, 0.0, 0.0, 0.0, 0.0, 0.0, 0.0, 0.0, 0.0], [0.9872827792255238, 0.0, 0.0, 0.0, 0.0, 0.0, 0.0, 0.0, 0.0, 0.0, 0.0, 0.0, 0.0, 0.0, 0.0, 0.0, 0.0, 0.0, 0.0, 0.0, 0.0, 0.0, 0.0, 0.0, 0.0, 0.0, 0.0, 0.0, 0.0, 0.0, 0.0, 0.0, 0.0, 0.0, 0.0, 0.0, 0.0, 0.0, 0.0, 0.0, 0.0, 0.0, 0.0, 0.0], [0.9862480747666207, 0.0, 0.0, 0.0, 0.0, 0.0, 0.0, 0.0, 0.0, 0.0, 0.0, 0.0, 0.0, 0.0, 0.0, 0.0, 0.0, 0.0, 0.0, 0.0, 0.0, 0.0, 0.0, 0.0, 0.0, 0.0, 0.0, 0.0, 0.0, 0.0, 0.0, 0.0, 0.0, 0.0, 0.0, 0.0, 0.0, 0.0, 0.0, 0.0, 0.0, 0.0, 0.0, 0.0], [0.0, 0.977527374711922, 0.0, 0.0, 0.0, 0.0, 0.0, 0.0, 0.0, 0.0, 0.0, 0.0, 0.0, 0.0, 0.0, 0.0, 0.0, 0.0, 0.0, 0.0, 0.0, 0.0, 0.0, 0.0, 0.0, 0.0, 0.0, 0.0, 0.0, 0.0, 0.0, 0.0, 0.0, 0.0, 0.0, 0.0, 0.0, 0.0, 0.0, 0.0, 0.0, 0.0, 0.0, 0.0], [0.0, 0.9775246174606026, 0.0, 0.0, 0.0, 0.0, 0.0, 0.0, 0.0, 0.0, 0.0, 0.0, 0.0, 0.0, 0.0, 0.0, 0.0, 0.0, 0.0, 0.0, 0.0, 0.0, 0.0, 0.0, 0.0, 0.0, 0.0, 0.0, 0.0, 0.0, 0.0, 0.0, 0.0, 0.0, 0.0, 0.0, 0.0, 0.0, 0.0, 0.0, 0.0, 0.0, 0.0, 0.0], [0.0, 0.0, 0.9753145829678043, 0.0, 0.0, 0.0, 0.0, 0.0, 0.0, 0.0, 0.0, 0.0, 0.0, 0.0, 0.0, 0.0, 0.0, 0.0, 0.0, 0.0, 0.0, 0.0, 0.0, 0.0, 0.0, 0.0, 0.0, 0.0, 0.0, 0.0, 0.0, 0.0, 0.0, 0.0, 0.0, 0.0, 0.0, 0.0, 0.0, 0.0, 0.0, 0.0, 0.0, 0.0], [0.0, 0.0, 0.9753979207650243, 0.0, 0.0, 0.0, 0.0, 0.0, 0.0, 0.0, 0.0, 0.0, 0.0, 0.0, 0.0, 0.0, 0.0, 0.0, 0.0, 0.0, 0.0, 0.0, 0.0, 0.0, 0.0, 0.0, 0.0, 0.0, 0.0, 0.0, 0.0, 0.0, 0.0, 0.0, 0.0, 0.0, 0.0, 0.0, 0.0, 0.0, 0.0, 0.0, 0.0, 0.0], [0.0, 0.0, 0.0, 0.9725555291524168, 0.0, 0.0, 0.0, 0.0, 0.0, 0.0, 0.0, 0.0, 0.0, 0.0, 0.0, 0.0, 0.0, 0.0, 0.0, 0.0, 0.0, 0.0, 0.0, 0.0, 0.0, 0.0, 0.0, 0.0, 0.0, 0.0, 0.0, 0.0, 0.0, 0.0, 0.0, 0.0, 0.0, 0.0, 0.0, 0.0, 0.0, 0.0, 0.0, 0.0], [0.0, 0.0, 0.0, 0.9728862490707326, 0.0, 0.0, 0.0, 0.0, 0.0, 0.0, 0.0, 0.0, 0.0, 0.0, 0.0, 0.0, 0.0, 0.0, 0.0, 0.0, 0.0, 0.0, 0.0, 0.0, 0.0, 0.0, 0.0, 0.0, 0.0, 0.0, 0.0, 0.0, 0.0, 0.0, 0.0, 0.0, 0.0, 0.0, 0.0, 0.0, 0.0, 0.0, 0.0, 0.0], [0.0, 0.0, 0.0, 0.0, 0.0, 0.0, 0.0, 0.0, 0.9723123943106002, 0.0, 0.0, 0.0, 0.0, 0.0, 0.0, 0.0, 0.0, 0.0, 0.0, 0.0, 0.0, 0.0, 0.0, 0.0, 0.0, 0.0, 0.0, 0.0, 0.0, 0.0, 0.0, 0.0, 0.0, 0.0, 0.0, 0.0, 0.0, 0.0, 0.0, 0.0, 0.0, 0.0, 0.0, 0.0], [0.0, 0.0, 0.0, 0.0, 0.0, 0.0, 0.0, 0.0, 0.9710778849633137, 0.0, 0.0, 0.0, 0.0, 0.0, 0.0, 0.0, 0.0, 0.0, 0.0, 0.0, 0.0, 0.0, 0.0, 0.0, 0.0, 0.0, 0.0, 0.0, 0.0, 0.0, 0.0, 0.0, 0.0, 0.0, 0.0, 0.0, 0.0, 0.0, 0.0, 0.0, 0.0, 0.0, 0.0, 0.0], [0.0, 0.0, 0.0, 0.0, 0.0, 0.0, 0.0, 0.0, 0.0, 0.9754898978288361, 0.0, 0.0, 0.0, 0.0, 0.0, 0.0, 0.0, 0.0, 0.0, 0.0, 0.0, 0.0, 0.0, 0.0, 0.0, 0.0, 0.0, 0.0, 0.0, 0.0, 0.0, 0.0, 0.0, 0.0, 0.0, 0.0, 0.0, 0.0, 0.0, 0.0, 0.0, 0.0, 0.0, 0.0], [0.0, 0.0, 0.0, 0.0, 0.0, 0.0, 0.0, 0.0, 0.0, 0.9753785550560634, 0.0, 0.0, 0.0, 0.0, 0.0, 0.0, 0.0, 0.0, 0.0, 0.0, 0.0, 0.0, 0.0, 0.0, 0.0, 0.0, 0.0, 0.0, 0.0, 0.0, 0.0, 0.0, 0.0, 0.0, 0.0, 0.0, 0.0, 0.0, 0.0, 0.0, 0.0, 0.0, 0.0, 0.0], [0.0, 0.0, 0.0, 0.0, 0.0, 0.0, 0.0, 0.0, 0.0, 0.0, 0.9757254207455944, 0.0, 0.0, 0.0, 0.0, 0.0, 0.0, 0.0, 0.0, 0.0, 0.0, 0.0, 0.0, 0.0, 0.0, 0.0, 0.0, 0.0, 0.0, 0.0, 0.0, 0.0, 0.0, 0.0, 0.0, 0.0, 0.0, 0.0, 0.0, 0.0, 0.0, 0.0, 0.0, 0.0], [0.0, 0.0, 0.0, 0.0, 0.0, 0.0, 0.0, 0.0, 0.0, 0.0, 0.9772604472011183, 0.0, 0.0, 0.0, 0.0, 0.0, 0.0, 0.0, 0.0, 0.0, 0.0, 0.0, 0.0, 0.0, 0.0, 0.0, 0.0, 0.0, 0.0, 0.0, 0.0, 0.0, 0.0, 0.0, 0.0, 0.0, 0.0, 0.0, 0.0, 0.0, 0.0, 0.0, 0.0, 0.0], [0.0, 0.0, 0.0, 0.0, 0.0, 0.0, 0.0, 0.0, 0.0, 0.0, 0.0, 0.9860957893223499, 0.0, 0.0, 0.0, 0.0, 0.0, 0.0, 0.0, 0.0, 0.0, 0.0, 0.0, 0.0, 0.0, 0.0, 0.0, 0.0, 0.0, 0.0, 0.0, 0.0, 0.0, 0.0, 0.0, 0.0, 0.0, 0.0, 0.0, 0.0, 0.0, 0.0, 0.0, 0.0], [0.0, 0.0, 0.0, 0.0, 0.0, 0.0, 0.0, 0.0, 0.0, 0.0, 0.0, 0.986492334474284, 0.0, 0.0, 0.0, 0.0, 0.0, 0.0, 0.0, 0.0, 0.0, 0.0, 0.0, 0.0, 0.0, 0.0, 0.0, 0.0, 0.0, 0.0, 0.0, 0.0, 0.0, 0.0, 0.0, 0.0, 0.0, 0.0, 0.0, 0.0, 0.0, 0.0, 0.0, 0.0], [0.0, 0.0, 0.0, 0.0, 0.0, 0.0, 0.0, 0.0, 0.0, 0.0, 0.0, 0.9869346974751093, 0.0, 0.0, 0.0, 0.0, 0.0, 0.0, 0.0, 0.0, 0.0, 0.0, 0.0, 0.0, 0.0, 0.0, 0.0, 0.0, 0.0, 0.0, 0.0, 0.0, 0.0, 0.0, 0.0, 0.0, 0.0, 0.0, 0.0, 0.0, 0.0, 0.0, 0.0, 0.0], [0.0, 0.0, 0.0, 0.0, 0.0, 0.0, 0.0, 0.0, 0.0, 0.0, 0.0, 0.0, 0.0, 0.971862308590413, 0.0, 0.0, 0.0, 0.0, 0.0, 0.0, 0.0, 0.0, 0.0, 0.0, 0.0, 0.0, 0.0, 0.0, 0.0, 0.0, 0.0, 0.0, 0.0, 0.0, 0.0, 0.0, 0.0, 0.0, 0.0, 0.0, 0.0, 0.0, 0.0, 0.0], [0.0, 0.0, 0.0, 0.0, 0.0, 0.0, 0.0, 0.0, 0.0, 0.0, 0.0, 0.0, 0.0, 0.9733300995277614, 0.0, 0.0, 0.0, 0.0, 0.0, 0.0, 0.0, 0.0, 0.0, 0.0, 0.0, 0.0, 0.0, 0.0, 0.0, 0.0, 0.0, 0.0, 0.0, 0.0, 0.0, 0.0, 0.0, 0.0, 0.0, 0.0, 0.0, 0.0, 0.0, 0.0], [0.0, 0.0, 0.0, 0.0, 0.0, 0.0, 0.0, 0.0, 0.0, 0.0, 0.0, 0.0, 0.0, 0.0, 0.9664577457584422, 0.0, 0.0, 0.0, 0.0, 0.0, 0.0, 0.0, 0.0, 0.0, 0.0, 0.0, 0.0, 0.0, 0.0, 0.0, 0.0, 0.0, 0.0, 0.0, 0.0, 0.0, 0.0, 0.0, 0.0, 0.0, 0.0, 0.0, 0.0, 0.0], [0.0, 0.0, 0.0, 0.0, 0.0, 0.0, 0.0, 0.0, 0.0, 0.0, 0.0, 0.0, 0.0, 0.0, 0.9747059829429383, 0.0, 0.0, 0.0, 0.0, 0.0, 0.0, 0.0, 0.0, 0.0, 0.0, 0.0, 0.0, 0.0, 0.0, 0.0, 0.0, 0.0, 0.0, 0.0, 0.0, 0.0, 0.0, 0.0, 0.0, 0.0, 0.0, 0.0, 0.0, 0.0], [0.0, 0.0, 0.0, 0.0, 0.0, 0.0, 0.0, 0.0, 0.0, 0.0, 0.0, 0.0, 0.0, 0.0, 0.0, 0.9758905296942443, 0.0, 0.0, 0.0, 0.0, 0.0, 0.0, 0.0, 0.0, 0.0, 0.0, 0.0, 0.0, 0.0, 0.0, 0.0, 0.0, 0.0, 0.0, 0.0, 0.0, 0.0, 0.0, 0.0, 0.0, 0.0, 0.0, 0.0, 0.0], [0.0, 0.0, 0.0, 0.0, 0.0, 0.0, 0.0, 0.0, 0.0, 0.0, 0.0, 0.0, 0.0, 0.0, 0.0, 0.9773089551218679, 0.0, 0.0, 0.0, 0.0, 0.0, 0.0, 0.0, 0.0, 0.0, 0.0, 0.0, 0.0, 0.0, 0.0, 0.0, 0.0, 0.0, 0.0, 0.0, 0.0, 0.0, 0.0, 0.0, 0.0, 0.0, 0.0, 0.0, 0.0], [0.0, 0.0, 0.0, 0.0, 0.0, 0.0, 0.0, 0.0, 0.0, 0.0, 0.0, 0.0, 0.0, 0.0, 0.0, 0.0, 0.9874781459673116, 0.0, 0.0, 0.0, 0.0, 0.0, 0.0, 0.0, 0.0, 0.0, 0.0, 0.0, 0.0, 0.0, 0.0, 0.0, 0.0, 0.0, 0.0, 0.0, 0.0, 0.0, 0.0, 0.0, 0.0, 0.0, 0.0, 0.0], [0.0, 0.0, 0.0, 0.0, 0.0, 0.0, 0.0, 0.0, 0.0, 0.0, 0.0, 0.0, 0.0, 0.0, 0.0, 0.0, 0.9873028146195987, 0.0, 0.0, 0.0, 0.0, 0.0, 0.0, 0.0, 0.0, 0.0, 0.0, 0.0, 0.0, 0.0, 0.0, 0.0, 0.0, 0.0, 0.0, 0.0, 0.0, 0.0, 0.0, 0.0, 0.0, 0.0, 0.0, 0.0], [0.0, 0.0, 0.0, 0.0, 0.0, 0.0, 0.0, 0.0, 0.0, 0.0, 0.0, 0.0, 0.0, 0.0, 0.0, 0.0, 0.9868884978159534, 0.0, 0.0, 0.0, 0.0, 0.0, 0.0, 0.0, 0.0, 0.0, 0.0, 0.0, 0.0, 0.0, 0.0, 0.0, 0.0, 0.0, 0.0, 0.0, 0.0, 0.0, 0.0, 0.0, 0.0, 0.0, 0.0, 0.0]], "Born radii": [], "Atomic SASAs": [], "Solvent H bonds": [], "Total SASA": NaN, "Total FOD": 0.0, "FOD": [0.0, 0.0, 0.0, 0.0, 0.0, 0.0, 0.0, 0.0, 0.0, 0.0, 0.0, 0.0, 0.0, 0.0, 0.0, 0.0, 0.0, 0.0, 0.0, 0.0, 0.0, 0.0, 0.0, 0.0, 0.0, 0.0, 0.0, 0.0, 0.0, 0.0, 0.0, 0.0, 0.0, 0.0, 0.0, 0.0, 0.0, 0.0, 0.0, 0.0, 0.0, 0.0, 0.0, 0.0], "FOD s proportion": [0.0, 0.0, 0.0, 0.0, 0.0, 0.0, 0.0, 0.0, 0.0, 0.0, 0.0, 0.0, 0.0, 0.0, 0.0, 0.0, 0.0, 0.0, 0.0, 0.0, 0.0, 0.0, 0.0, 0.0, 0.0, 0.0, 0.0, 0.0, 0.0, 0.0, 0.0, 0.0, 0.0, 0.0, 0.0, 0.0, 0.0, 0.0, 0.0, 0.0, 0.0, 0.0, 0.0, 0.0], "FOD p proportion": [0.0, 0.0, 0.0, 0.0, 0.0, 0.0, 0.0, 0.0, 0.0, 0.0, 0.0, 0.0, 0.0, 0.0, 0.0, 0.0, 0.0, 0.0, 0.0, 0.0, 0.0, 0.0, 0.0, 0.0, 0.0, 0.0, 0.0, 0.0, 0.0, 0.0, 0.0, 0.0, 0.0, 0.0, 0.0, 0.0, 0.0, 0.0, 0.0, 0.0, 0.0, 0.0, 0.0, 0.0], "FOD d proportion": [0.0, 0.0, 0.0, 0.0, 0.0, 0.0, 0.0, 0.0, 0.0, 0.0, 0.0, 0.0, 0.0, 0.0, 0.0, 0.0, 0.0, 0.0, 0.0, 0.0, 0.0, 0.0, 0.0, 0.0, 0.0, 0.0, 0.0, 0.0, 0.0, 0.0, 0.0, 0.0, 0.0, 0.0, 0.0, 0.0, 0.0, 0.0, 0.0, 0.0, 0.0, 0.0, 0.0, 0.0], "coordinates": [["0.08550", "7.13890", "-1.24360"], ["-0.22730", "5.67080", "-1.48520"], ["0.27750", "4.79340", "-0.33800"], ["-0.04350", "3.32360", "-0.59440"], ["0.56100", "2.29850", "0.77310"], ["-0.00090", "0.36320", "0.21460"], ["0.42750", "0.11610", "-1.20740"], ["-2.07820", "0.16090", "0.34830"], ["-2.39980", "-1.42090", "-0.47950"], ["-3.89340", "-1.73630", "-0.45560"], ["-4.24530", "-3.01220", "-1.22630"], ["-3.66410", "-4.27470", "-0.60840"], ["0.92830", "-1.03380", "1.46270"], ["2.67050", "-0.95450", "0.96310"], ["3.55400", "-1.91620", "1.75760"], ["3.28820", "-3.39220", "1.44810"], ["4.25890", "-4.29700", "2.19200"], ["-0.39030", "7.49530", "-0.32440"], ["1.16470", "7.30100", "-1.15730"], ["-0.28390", "7.74700", "-2.07520"], ["0.23580", "5.35490", "-2.42730"], ["-1.31080", "5.54810", "-1.59880"], ["1.36120", "4.92970", "-0.23090"], ["-0.18850", "5.12330", "0.59910"], ["0.42920", "2.98570", "-1.52200"], ["-1.12420", "3.18050", "-0.69180"], ["-2.03900", "-1.35640", "-1.51070"], ["-1.82880", "-2.19840", "0.03500"], ["-4.24450", "-1.83220", "0.57970"], ["-4.45310", "-0.90760", "-0.90850"], ["-5.33720", "-3.10990", "-1.25530"], ["-3.90740", "-2.92570", "-2.26560"], ["-2.57160", "-4.28270", "-0.66400"], ["-4.02880", "-5.15690", "-1.14430"], ["-3.95880", "-4.37030", "0.44130"], ["2.74450", "-1.16810", "-0.10790"], ["3.02120", "0.07010", "1.12190"], ["4.59990", "-1.69180", "1.51140"], ["3.44420", "-1.73140", "2.83370"], ["2.26670", "-3.66830", "1.73040"], ["3.38740", "-3.56930", "0.37090"], ["4.16590", "-4.16560", "3.27470"], ["5.29370", "-4.08200", "1.90670"], ["4.05370", "-5.34640", "1.95800"]], "bond_dist": [[0.0, 1.5203723261096274, 2.521576017097243, 3.872288177550839, 5.265230412811959, 6.931372352572035, 7.031215704271914, 7.477180437838852, 8.945990215733527, 9.75816397945843, 11.036347182831827, 12.030513046416598, 8.65028304854818, 8.778090535532199, 10.150494061867136, 11.331663752071007, 12.64912739006134, 1.0946849957864593, 1.0947130856987142, 1.0944407384596027, 2.1462506330808617, 2.146267776862896, 2.7447288427092387, 2.7446789702987116, 4.176686065530902, 4.175738005430896, 8.760991082634431, 9.616887944652365, 10.12689281566661, 9.244314156280064, 11.594986572652854, 10.87584054544751, 11.740914067056277, 12.966264790601803, 12.314907029287717, 8.795814032254205, 8.01135807338556, 10.29325482294109, 10.324120450188481, 11.41918916911354, 11.321426637133678, 12.839642491128794, 12.76551346950055, 13.486273387782111], [1.5203723261096274, 0.0, 1.529941711307983, 2.517271324271581, 4.134458014056982, 5.577741008688015, 5.600056068469314, 6.094797049123129, 7.48487793020033, 8.328595066396252, 9.571094096810459, 10.559040805395156, 7.414660270706946, 7.6345280024373485, 9.076152848536653, 10.153864197437347, 11.532771874965706, 2.1685999838605556, 2.1685789010317333, 2.1591456643774642, 1.096269506097839, 1.0963268217096578, 2.155418741219441, 2.1553580166645165, 2.764436380168659, 2.7632421645595957, 7.257027420369858, 8.17313397235112, 8.757666175985472, 7.839981829698332, 10.161920316062314, 9.3836012500532, 10.258765724004034, 11.480710010709268, 10.883895612784974, 7.5828163461869496, 6.979796784291072, 9.299965062299965, 9.323377837457839, 10.18719334115143, 10.094087938491521, 11.77758970290611, 11.70912184794402, 12.31102282834371], [2.521576017097243, 1.529941711307983, 0.0, 1.5261369532253652, 2.7458043393512215, 4.4732030313859, 4.759778529511641, 5.242173826763092, 6.767974736211712, 7.7490140443800986, 9.064887649055558, 9.891398502234152, 6.133703691082574, 6.3606339794080275, 7.755367416828167, 8.902725147953296, 10.24147538785306, 2.7832364991139364, 2.7832416513842273, 3.4722884039203885, 2.1638381709360797, 2.1637665354654136, 1.0974760999675572, 1.0973360560922074, 2.16625210444214, 2.1659602350920486, 6.675435385051675, 7.311695831337624, 8.07398493000823, 7.430036851187214, 9.737989847499328, 8.989634841304735, 9.51836320067689, 10.872111546061326, 10.125558941115301, 6.455890121431746, 5.654092375439228, 8.010071233141439, 7.915850227233964, 8.935074822854032, 8.950350189238408, 10.413209728513106, 10.439045248009991, 11.061050875933987], [3.872288177550839, 2.517271324271581, 1.5261369532253652, 0.0, 1.8128172853324187, 3.0692448452347363, 3.2993433058716395, 3.8770296194380562, 5.298644350208835, 6.359526983982378, 7.6286815695767505, 8.416834514828006, 4.915586476708552, 5.300352993905217, 6.77712433779992, 7.770070834940953, 9.184128433335413, 4.194788567973362, 4.1947961106590155, 4.67087019301543, 2.7502200984648484, 2.7501397964467187, 2.164456409817486, 2.1643445520526536, 1.0945608525797, 1.094475609595755, 5.169528599398594, 5.8374587321881775, 6.753457296081764, 6.119336925680755, 8.357629493462845, 7.535010493688778, 8.01573037595452, 9.386367047479018, 8.69473092108088, 5.30895424165626, 4.7878318715259836, 7.151908441807683, 7.033416374707245, 7.721941769399714, 7.759829206239013, 9.42216003950262, 9.464888610543708, 9.92324007570108], [5.265230412811959, 4.134458014056982, 2.7458043393512215, 1.8128172853324187, 0.0, 2.0911814722782913, 2.950096991625869, 3.422742385865463, 4.916226170549927, 6.134410655474575, 7.436508222277443, 7.93517299748405, 3.4226715793368196, 3.8817649658370614, 5.262222471541849, 6.346440839557239, 7.693397290534266, 5.395943678356919, 5.3959155015622695, 6.205869894704528, 4.437329845751834, 4.43727900970854, 2.927720867842425, 2.927716053513387, 2.3993955676378165, 2.400782174625595, 5.03329280392071, 5.14568219578318, 6.339788348202171, 6.184501158541407, 8.255541191224232, 7.5161533971839605, 7.429039817499971, 8.962459258484806, 8.06297567403003, 4.190602439984017, 3.3376656573120083, 5.725407774997341, 5.36647077789491, 6.279214761417227, 6.525440877059572, 7.812675302353221, 8.024604569696876, 8.488076184271675], [6.931372352572035, 5.577741008688015, 4.4732030313859, 3.0692448452347363, 2.0911814722782913, 0.0, 1.5055460703678252, 2.0914053337409273, 3.0691218336846777, 4.47310010395475, 5.611100545347588, 5.967116527268426, 2.091118181739138, 3.0713129928419867, 4.495979022415474, 5.14224952914578, 6.616152268501685, 7.1630303482534545, 7.167552009577608, 7.735875870255417, 5.652674711143389, 5.646896986841534, 4.786095372012555, 4.779287187437056, 3.174629398843273, 3.1655241493313553, 3.176088137945797, 3.1520261943708525, 4.791786736698536, 4.764280752642523, 6.534456925407039, 5.677058877623166, 5.381897737787295, 6.967215486117823, 6.1743329639727085, 3.160080236323122, 3.168941354774493, 5.203083305118225, 4.80788393994697, 4.867509799681969, 5.1932227787762, 6.872878850234449, 7.117288430996737, 7.216561291917364], [7.031215704271914, 5.600056068469314, 4.759778529511641, 3.2993433058716395, 2.950096991625869, 1.5055460703678252, 0.0, 2.9497020222388564, 3.299368530491858, 4.760962697816483, 5.623315564682459, 6.031510275213, 2.9500007898304026, 3.2997429612016753, 4.764081290238444, 5.248185746522315, 6.7609908985295935, 7.476702380060343, 7.222794601814453, 7.712963218504285, 5.3823721851986415, 5.716773989760308, 4.999609274733377, 5.358633229658474, 2.8867941059244253, 3.4733504876415795, 2.888575668041258, 3.4628539819056767, 5.368163866723892, 4.995754123253065, 6.606143844937075, 5.400341886399416, 5.351572274575015, 6.904137911426742, 6.487343396183063, 2.8681978470809857, 3.486407058850128, 5.298046584355408, 5.370681925975509, 5.13176469063031, 4.983393628843702, 7.238633148599257, 7.1415379898170395, 7.2806586137519185], [7.477180437838852, 6.094797049123129, 5.242173826763092, 3.8770296194380562, 3.422742385865463, 2.0914053337409273, 2.9497020222388564, 0.0, 1.814048136075777, 2.746010577182834, 4.152619797188276, 4.806755772868016, 3.42173022022485, 4.9165280320567675, 6.16621016021997, 6.529343658439185, 7.9643542431260546, 7.556120370931104, 7.985252643467206, 8.16344155059617, 6.32741553558797, 5.779448503966447, 5.908163711340436, 5.315945869739458, 4.2148038969802615, 3.33315288728255, 2.399920192423073, 2.3930427785562047, 2.952769760750066, 2.8916065603743535, 4.887816138113217, 4.439092858907099, 4.584078512634791, 5.857618283910279, 4.90684000146734, 5.023225530473423, 5.158544558303243, 7.027255403783187, 6.344676052408034, 5.954085073292117, 6.617226470357502, 8.140712746436886, 8.647295564510328, 8.397719034952289], [8.945990215733527, 7.48487793020033, 6.767974736211712, 5.298644350208835, 4.916226170549927, 3.0691218336846777, 3.299368530491858, 1.814048136075777, 0.0, 1.5267250341826457, 2.548689110111314, 3.1239788955753207, 3.872755719123012, 5.29212299649205, 6.379472779156597, 6.320997504350085, 7.729628008513734, 9.141157951813325, 9.446513256223165, 9.543253203703651, 7.526737529633939, 7.141828511662822, 7.384919994150241, 6.991407532821985, 5.339304337645495, 4.77965569994325, 1.0943995294224134, 1.093278326868323, 2.1665618892614176, 2.159527443678362, 3.4760473817253987, 2.7798262553620146, 2.8728826516236268, 4.129563662180304, 3.4608256240382875, 5.163895515015771, 5.845921994005735, 7.282367040324183, 6.7250308913788635, 5.631224291395256, 6.231411281563752, 8.045856835663932, 8.483239116045239, 7.937166922145458], [9.75816397945843, 8.328595066396252, 7.7490140443800986, 6.359526983982378, 6.134410655474575, 4.47310010395475, 4.760962697816483, 2.746010577182834, 1.5267250341826457, 0.0, 1.5315785680140606, 2.553311749473613, 5.236618377350024, 6.76082126224322, 7.771382438794272, 7.611928603185922, 8.945779202506621, 9.874784129792408, 10.380248060138063, 10.275435431163002, 8.439372664481644, 7.812759586727342, 8.490987413133999, 7.86719697605189, 6.489943275561044, 5.64793602300876, 2.167108529815708, 2.1718190371207267, 1.0974124612013478, 1.0977823964702658, 2.1472902668246787, 2.1658643447824706, 2.8765845650701807, 3.491868441107139, 2.7832827326737757, 6.6712414841617, 7.3186938978208405, 8.718211636568592, 8.0411374978917, 6.816014378652675, 7.553346271024519, 9.207005651676337, 9.771672128658432, 9.056195966298434], [11.036347182831827, 9.571094096810459, 9.064887649055558, 7.6286815695767505, 7.436508222277443, 5.611100545347588, 5.623315564682459, 4.152619797188276, 2.548689110111314, 1.5315785680140606, 0.0, 1.5210194278838125, 6.157184788521455, 7.540284562932622, 8.422229853192087, 8.003151729787458, 9.2551014889087, 11.22862435296506, 11.646242108079328, 11.49668238275721, 9.567184571230976, 9.05697425137115, 9.772279110831823, 9.272328275573509, 7.610071822919939, 6.955320894825774, 2.7731420248519547, 2.844753131644291, 2.1573216357326044, 2.138578696237293, 1.096645749547227, 1.0962678276771605, 2.1752294660563978, 2.157158858313407, 2.1696561063910567, 7.314972823599552, 8.23508583926118, 9.35286162038122, 8.789337795875182, 7.181830275076125, 7.817897258214641, 9.609246484506473, 10.097162078524837, 9.190302341598995], [12.030513046416598, 10.559040805395156, 9.891398502234152, 8.416834514828006, 7.93517299748405, 5.967116527268426, 6.031510275213, 4.806755772868016, 3.1239788955753207, 2.553311749473613, 1.5210194278838125, 0.0, 5.990244217058266, 7.32260182243989, 7.953706422794344, 7.303593210879149, 8.403372326036733, 12.220119575519709, 12.554498442391079, 12.573723600031933, 10.547360493507368, 10.149202574094184, 10.49367074478707, 10.092584188898302, 8.38469904111054, 7.876423973479334, 3.45999569219385, 2.8448745736851038, 2.7774542336463437, 3.471302841873639, 2.1388086076131265, 2.1506528613423415, 1.0939431475172736, 1.094747340713829, 1.0944667834155593, 7.139440998425577, 8.158704628799844, 8.913956498098921, 8.297249917291873, 6.404068631737171, 7.1540387125035885, 8.74066750425847, 9.306183005937505, 8.20362034043507], [8.65028304854818, 7.414660270706946, 6.133703691082574, 4.915586476708552, 3.4226715793368196, 2.091118181739138, 2.9500007898304026, 3.42173022022485, 3.872755719123012, 5.236618377350024, 6.157184788521455, 5.990244217058266, 0.0, 1.8141525542246992, 2.785659035129748, 3.336374039282765, 4.719454321211298, 8.813511172058499, 8.740090159718033, 9.544035513869382, 7.511800312841123, 7.596562292905917, 6.2144199745430795, 6.316876412436767, 5.031293586146608, 5.158968015989244, 4.213080536851866, 3.316055014622043, 5.308012000740014, 5.882004916692947, 7.138221449352773, 6.3924565692697515, 5.227571530835327, 6.9547999985621445, 6.004934356010897, 2.404870742888274, 2.3906003973897434, 3.7304131473604905, 2.9489048085687672, 2.967080737020818, 3.6970204624805634, 4.855261990871347, 5.342787324983093, 5.349015424356149], [8.778090535532199, 7.6345280024373485, 6.3606339794080275, 5.300352993905217, 3.8817649658370614, 3.0713129928419867, 3.2997429612016753, 4.9165280320567675, 5.29212299649205, 6.76082126224322, 7.540284562932622, 7.32260182243989, 1.8141525542246992, 0.0, 1.5286168224901882, 2.5610856252769056, 3.8994250883944415, 9.078836540548574, 8.655449731238695, 9.678628441055066, 7.565124229647521, 8.043499739541241, 6.145218639723082, 6.726516917394917, 5.169557402718341, 5.851210737958428, 5.334847729785734, 4.759449265408762, 6.981015531425211, 7.365511735785912, 8.5843058548726, 7.588076273997251, 6.419032797859815, 8.184248347282724, 7.475799848176783, 1.0945967111224115, 1.0945378431100496, 2.137013930698628, 2.168254980393219, 2.848949660839938, 2.7752162960749565, 4.229761096090417, 4.189608030591884, 4.71082305547555], [10.150494061867136, 9.076152848536653, 7.755367416828167, 6.77712433779992, 5.262222471541849, 4.495979022415474, 4.764081290238444, 6.16621016021997, 6.379472779156597, 7.771382438794272, 8.422229853192087, 7.953706422794344, 2.785659035129748, 1.5286168224901882, 0.0, 1.5313444713714808, 2.5206737214482953, 10.41482398987136, 9.958020503091968, 11.081392804607189, 9.021792197784208, 9.520896727199597, 7.4584751055426874, 8.056239119465111, 6.674486857429565, 7.339037163688436, 6.50206197525062, 5.658756351001516, 7.887401768643461, 8.499353715430367, 9.463399153581127, 8.5368447596287, 6.999103097540428, 8.741968653569973, 8.012329020952647, 2.1668027390604805, 2.152528285528439, 1.097668715961241, 1.0973596903476996, 2.1743356548610424, 2.164123855050815, 2.7813332019015635, 2.7819914701522723, 3.472194160757719], [11.331663752071007, 10.153864197437347, 8.902725147953296, 7.770070834940953, 6.346440839557239, 5.14224952914578, 5.248185746522315, 6.529343658439185, 6.320997504350085, 7.611928603185922, 8.003151729787458, 7.303593210879149, 3.336374039282765, 2.5610856252769056, 1.5313444713714808, 0.0, 1.5212852263793268, 11.628016802103442, 11.209009218035286, 12.217009369727108, 10.042292035685877, 10.505396932053543, 8.7055378702295, 9.236989993498964, 7.594273067252718, 8.20053846158897, 6.424798745486118, 5.441111931397846, 7.7414008971245, 8.464899669222312, 9.043538577901904, 8.110847631413131, 6.2921548534663385, 7.960728160790318, 7.381689159670705, 2.768278616758075, 3.4878670745887095, 2.1484701394247954, 2.1685202327854816, 1.0951651701912362, 1.0961591535903898, 2.169094836562017, 2.169831387458482, 2.1598346927484986], [12.64912739006134, 11.532771874965706, 10.24147538785306, 9.184128433335413, 7.693397290534266, 6.616152268501685, 6.7609908985295935, 7.9643542431260546, 7.729628008513734, 8.945779202506621, 9.2551014889087, 8.403372326036733, 4.719454321211298, 3.8994250883944415, 2.5206737214482953, 1.5212852263793268, 0.0, 12.923067317397987, 12.462162257409425, 13.561119558502536, 