{"total energy": -20.88574899, "HOMO-LUMO gap/eV": 12.33872886, "electronic energy": -21.14000366, "dipole": [0.63482822, -0.20180723, -0.45755627], "partial charges": [-0.10069606, -0.05275117, -0.05695863, -0.07062438, 0.07944606, -0.4455097, 0.03257252, 0.03326907, 0.03296537, 0.03166136, 0.02978713, 0.02791752, 0.03143399, 0.03169776, 0.04704399, 0.0173643, 0.04464615, 0.28673472], "atomic dipole moments": [[-0.07795912, -0.04891347, 0.04514598], [-0.01709909, 0.0763304, -0.07963161], [0.00766285, -0.07613003, 0.08085804], [-0.02439851, 0.06875999, -0.08908733], [0.03938395, 0.18467505, 0.06523736], [0.13604166, -0.15366908, -0.12449049], [0.00156439, -0.02111981, -0.12411448], [0.10922162, -0.03993789, 0.04670914], [-0.00641859, 0.1243531, 0.01888523], [0.00877796, 0.01941513, 0.12238124], [0.01671024, -0.12168216, -0.01664553], [-0.00465554, -0.01855626, -0.12213863], [-0.00935268, 0.12197178, 0.01610385], [0.01476686, -0.12293304, -0.01105301], [0.00465592, 0.02695295, 0.12463959], [-0.01159711, -0.00949238, -0.11845625], [-0.08819346, -0.07283365, 0.0518766], [0.04749034, 0.03682514, -0.05046478]], "atomic quadrupole moments": [[0.09373345, 0.12526572, -0.04159562, -0.11498477, -0.08154953, -0.05213783], [0.22745337, 0.03890407, -0.11250037, -0.01277613, -0.12362957, -0.11495299], [0.22289506, 0.03121486, -0.1176243, -0.01312499, -0.12834031, -0.10527076], [0.23392516, 0.0205156, -0.10757329, 0.0108801, -0.12149318, -0.12635187], [-0.07001645, -0.18585978, 0.340515, 0.0694956, 0.10938075, -0.27049855], [-0.06305227, -0.05373794, 0.1466547, -0.04181184, 0.05034345, -0.08360243], [-0.03867873, 0.01463757, -0.03565021, 0.00697755, 0.02508355, 0.07432894], [0.05063395, -0.03155261, -0.02776139, 0.03795688, -0.02890427, -0.02287256], [-0.03576539, -0.01475077, 0.07390211, -0.01577312, 0.02176207, -0.03813672], [-0.0173292, 0.00295519, -0.03204578, -0.00198141, 0.02444243, 0.04937498], [-0.01655406, -0.0032466, 0.0501449, -0.00329517, 0.02281638, -0.03359084], [-0.02161367, 0.00275134, -0.02989854, 0.00183043, 0.0256516, 0.05151221], [-0.020333, -0.00834993, 0.05007018, -0.00496223, 0.02335053, -0.02973717], [-0.01428049, -0.01375184, 0.05806026, -0.00930894, 0.01779308, -0.04377977], [-0.01773165, 0.01126093, -0.03013252, -0.00486247, 0.02666642, 0.04786417], [-0.04203955, -0.01624867, -0.00075144, -0.00927157, 0.01013271, 0.04279099], [0.01606345, 0.01772618, 0.00190798, -0.03160476, -0.02793293, -0.01797143], [-0.01544697, 0.06591741, 0.02553197, -0.08315092, -0.05227043, -0.010085]], "number of molecular orbitals": 36, "number of electrons": 38, "number of unpaired electrons": 0, "orbital energies/eV": [-18.55659035, -17.18434933, -16.88658839, -16.39220798, -15.65203092, -15.35241682, -15.09682695, -14.41601691, -14.05651457, -13.90121855, -13.46350975, -13.1345558, -12.74975202, -12.53901898, -12.07168055, -12.00306024, -11.6887835, -11.63181971, -11.11436519, 1.22436367, 1.8069893, 2.63817879, 2.81226287, 3.36121031, 3.76493197, 4.30193439, 4.43078059, 4.58242033, 4.78010803, 4.91065283, 5.87770239, 6.68097034, 6.84842276, 7.09852644, 7.38771743, 8.17312743], "fractional occupation": [2.0, 2.0, 2.0, 2.0, 2.0, 2.0, 2.0, 2.0, 2.0, 2.0, 2.0, 2.0, 2.0, 2.0, 2.0, 2.0, 2.0, 2.0, 2.0, 0.0, 0.0, 0.0, 0.0, 0.0, 0.0, 0.0, 0.0, 0.0, 0.0, 0.0, 0.0, 0.0, 0.0, 0.0, 0.0, 0.0], "program call": "xtb /home/svss/Project-DBcg-Debug/aqme2_20220329/End-to-End-workflows-final/example-3/QDESCP/mol_461_rdkit_conf_4/mol_461_rdkit_conf_4.xyz --pop --wbo --acc 0.2 --gfn 2 --chrg 0 --uhf 0 --etemp 300 --input /home/svss/Project-DBcg-Debug/aqme2_20220329/End-to-End-workflows-final/example-3/QDESCP/mol_461_rdkit_conf_4/mol_461_rdkit_conf_4_xtb.inp", "method": "GFN2-xTB", "xtb version": "6.3.3 (7355c4f)", "Dipole module/D": 2.054, "Total charge": 0, "Transition dipole module/D": NaN, "HOMO": -11.1144, "LUMO": 1.2244, "HOMO occupancy": 2.0, "LUMO occupancy": 0, "mulliken charges": [-0.08386, -0.03788, -0.04752, -0.06918, 0.19642, -0.56535, 0.02651, 0.02957, 0.02732, 0.02467, 0.02231, 0.01882, 0.02309, 0.02413, 0.03785, 0.00906, 0.03071, 0.33335], "cm5 charges": [-0.2342, -0.15043, -0.15796, -0.1773, 0.10954, -0.77982, 0.0778, 0.08034, 0.07862, 0.07939, 0.07702, 0.07456, 0.08043, 0.07936, 0.09508, 0.07132, 0.09317, 0.50309], "FUKUI+": [0.013, -0.021, -0.026, 0.002, -0.017, -0.12, -0.044, -0.088, -0.044, -0.052, -0.053, -0.054, -0.046, -0.097, -0.065, -0.081, -0.102, -0.105], "FUKUI-": [0.02, 0.003, 0.013, -0.001, 0.01, -0.145, -0.084, -0.079, -0.078, -0.096, -0.093, -0.073, -0.06, -0.063, -0.061, -0.088, -0.075, -0.052], "FUKUIrad": [0.017, -0.009, -0.007, 0.001, -0.003, -0.132, -0.064, -0.083, -0.061, -0.074, -0.073, -0.063, -0.053, -0.08, -0.063, -0.084, -0.089, -0.079], "s proportion": [1.008, 1.027, 1.032, 1.038, 0.991, 1.694, 0.973, 0.97, 0.973, 0.975, 0.978, 0.981, 0.977, 0.976, 0.962, 0.991, 0.969, 0.667], "p proportion": [3.076, 3.011, 3.015, 3.031, 2.813, 4.871, 0.0, 0.0, 0.0, 0.0, 0.0, 0.0, 0.0, 0.0, 0.0, 0.0, 0.0, 0.0], "d proportion": [0.0, 0.0, 0.0, 0.0, 0.0, 0.0, 0.0, 0.0, 0.0, 0.0, 0.0, 0.0, 0.0, 0.0, 0.0, 0.0, 0.0, 0.0], "Fermi-level/eV": -4.945, "Coordination numbers": [3.75, 3.8, 3.801, 3.8, 3.674, 1.653, 0.924, 0.924, 0.924, 0.924, 0.924, 0.924, 0.924, 0.924, 0.924, 0.924, 0.924, 0.804], "Dispersion coefficient C6": [22.487, 21.522, 21.598, 21.852, 19.479, 21.754, 2.55, 2.541, 2.545, 2.563, 2.59, 2.616, 2.566, 2.563, 2.357, 2.774, 2.388, 0.762], "Total dispersion C6": 2126.838244, "Total dispersion C8": 43670.504428, "Polarizability alpha": [6.763, 6.605, 6.617, 6.656, 6.325, 6.296, 2.497, 2.493, 2.495, 2.504, 2.517, 2.53, 2.505, 2.503, 2.401, 2.605, 2.417, 1.372], "Total polarizability alpha": 68.098039, "Wiberg matrix": [[0.0, 1.0203057779142684, 0.0, 0.0, 0.0, 0.0, 0.9876641191624875, 0.9871992670729298, 0.9876494372018766, 0.0, 0.0, 0.0, 0.0, 0.0, 0.0, 0.0, 0.0, 0.0], [1.0203057779142684, 0.0, 1.0073482538410798, 0.0, 0.0, 0.0, 0.0, 0.0, 0.0, 0.9779596794061955, 0.9778541579417365, 0.0, 0.0, 0.0, 0.0, 0.0, 0.0, 0.0], [0.0, 1.0073482538410798, 0.0, 1.007548448220325, 0.0, 0.0, 0.0, 0.0, 0.0, 0.0, 0.0, 0.977174325422605, 0.9742261966005712, 0.0, 0.0, 0.0, 0.0, 0.0], [0.0, 0.0, 1.007548448220325, 0.0, 0.9997935674319322, 0.0, 0.0, 0.0, 0.0, 0.0, 0.0, 0.0, 0.0, 0.975536840639099, 0.9754949330483352, 0.0, 0.0, 0.0], [0.0, 0.0, 0.0, 0.9997935674319322, 0.0, 0.9954888070507196, 0.0, 0.0, 0.0, 0.0, 0.0, 0.0, 0.0, 0.0, 0.0, 0.9730698740041951, 0.9733015402709695, 0.0], [0.0, 0.0, 0.0, 0.0, 0.9954888070507196, 0.0, 0.0, 0.0, 0.0, 0.0, 0.0, 0.0, 0.0, 0.0, 0.0, 0.0, 0.0, 0.901540182832163], [0.9876641191624875, 0.0, 0.0, 0.0, 0.0, 0.0, 0.0, 0.0, 0.0, 0.0, 0.0, 0.0, 0.0, 0.0, 0.0, 0.0, 0.0, 0.0], [0.9871992670729298, 0.0, 0.0, 0.0, 0.0, 0.0, 0.0, 0.0, 0.0, 0.0, 0.0, 0.0, 0.0, 0.0, 0.0, 0.0, 0.0, 0.0], [0.9876494372018766, 0.0, 0.0, 0.0, 0.0, 0.0, 0.0, 0.0, 0.0, 0.0, 0.0, 0.0, 0.0, 0.0, 0.0, 0.0, 0.0, 0.0], [0.0, 0.9779596794061955, 0.0, 0.0, 0.0, 0.0, 0.0, 0.0, 0.0, 0.0, 0.0, 0.0, 0.0, 0.0, 0.0, 0.0, 0.0, 0.0], [0.0, 0.9778541579417365, 0.0, 0.0, 0.0, 0.0, 0.0, 0.0, 0.0, 0.0, 0.0, 0.0, 0.0, 0.0, 0.0, 0.0, 0.0, 0.0], [0.0, 0.0, 0.977174325422605, 0.0, 0.0, 0.0, 0.0, 0.0, 0.0, 0.0, 0.0, 0.0, 0.0, 0.0, 0.0, 0.0, 0.0, 0.0], [0.0, 0.0, 0.9742261966005712, 0.0, 0.0, 0.0, 0.0, 0.0, 0.0, 0.0, 0.0, 0.0, 0.0, 0.0, 0.0, 0.0, 0.0, 0.0], [0.0, 0.0, 0.0, 0.975536840639099, 0.0, 0.0, 0.0, 0.0, 0.0, 0.0, 0.0, 0.0, 0.0, 0.0, 0.0, 0.0, 0.0, 0.0], [0.0, 0.0, 0.0, 0.9754949330483352, 0.0, 0.0, 0.0, 0.0, 0.0, 0.0, 0.0, 0.0, 0.0, 0.0, 0.0, 0.0, 0.0, 0.0], [0.0, 0.0, 0.0, 0.0, 0.9730698740041951, 0.0, 0.0, 0.0, 0.0, 0.0, 0.0, 0.0, 0.0, 0.0, 0.0, 0.0, 0.0, 0.0], [0.0, 0.0, 0.0, 0.0, 0.9733015402709695, 0.0, 0.0, 0.0, 0.0, 0.0, 0.0, 0.0, 0.0, 0.0, 0.0, 0.0, 0.0, 0.0], [0.0, 0.0, 0.0, 0.0, 0.0, 0.901540182832163, 0.0, 0.0, 0.0, 0.0, 0.0, 0.0, 0.0, 0.0, 0.0, 0.0, 0.0, 0.0]], "Born radii": [], "Atomic SASAs": [], "Solvent H bonds": [], "Total SASA": NaN, "Total FOD": 0.0, "FOD": [0.0, 0.0, 0.0, 0.0, 0.0, 0.0, 0.0, 0.0, 0.0, 0.0, 0.0, 0.0, 0.0, 0.0, 0.0, 0.0, 0.0, 0.0], "FOD s proportion": [0.0, 0.0, 0.0, 0.0, 0.0, 0.0, 0.0, 0.0, 0.0, 0.0, 0.0, 0.0, 0.0, 0.0, 0.0, 0.0, 0.0, 0.0], "FOD p proportion": [0.0, 0.0, 0.0, 0.0, 0.0, 0.0, 0.0, 0.0, 0.0, 0.0, 0.0, 0.0, 0.0, 0.0, 0.0, 0.0, 0.0, 0.0], "FOD d proportion": [0.0, 0.0, 0.0, 0.0, 0.0, 0.0, 0.0, 0.0, 0.0, 0.0, 0.0, 0.0, 0.0, 0.0, 0.0, 0.0, 0.0, 0.0], "coordinates": [["2.59900", "0.39260", "-0.36260"], ["1.45230", "-0.33870", "0.31710"], ["0.09710", "0.11800", "-0.22420"], ["-1.05310", "-0.62140", "0.46510"], ["-2.41790", "-0.24760", "-0.10300"], ["-2.73350", "1.10900", "0.17470"], ["2.59730", "0.20800", "-1.44160"], ["3.55790", "0.05030", "0.03910"], ["2.52790", "1.47250", "-0.19830"], ["1.50140", "-0.15940", "1.39750"], ["1.57170", "-1.41720", "0.16130"], ["0.05400", "-0.06250", "-1.30510"], ["-0.00670", "1.19850", "-0.07140"], ["-0.90940", "-1.70270", "0.35580"], ["-1.03120", "-0.38960", "1.53690"], ["-2.46240", "-0.40880", "-1.18510"], ["-3.19190", "-0.86680", "0.36100"], ["-2.15260", "1.66580", "-0.37040"]], "bond_dist": [[0.0, 1.5204317380270647, 2.5207267463967606, 3.8795770001380303, 5.064240694319337, 5.4071689912559595, 1.0946785144507039, 1.094541634658088, 1.0946386207328882, 2.146481253121024, 2.1459712346627575, 2.751807998389423, 2.7429809951948267, 4.149126559891853, 4.171125643036901, 5.190040285970814, 5.97027705638524, 4.919227748336114], [1.5204317380270647, 0.0, 1.5291002648616605, 2.5256390181496644, 3.8939993913712927, 4.43136939218567, 2.1686243519798447, 2.159202713966431, 2.168639656558922, 1.096277090885329, 1.0962172458048633, 2.15941245944354, 2.154668672905419, 2.7275667874499425, 2.7673588672234035, 4.193613589733799, 4.67433529606082, 4.181624147385797], [2.5207267463967606, 1.5291002648616605, 0.0, 1.5312762291631121, 2.544322660355797, 3.025474932965071, 2.782294520714872, 3.471461769917681, 2.7828276446808555, 2.163081168148805, 2.1633063698884634, 1.0967144888256013, 1.09617632249561, 2.1597200605634055, 2.1522527407346934, 2.7842211298673822, 3.482787831608466, 2.7346314870563457], [3.8795770001380303, 2.5256390181496644, 1.5312762291631121, 0.0, 1.5248419885352054, 2.4294774088268447, 4.201050988740794, 4.679100115406808, 4.200961529221613, 2.758311804346999, 2.7595592256735495, 2.1613994679373825, 2.1667536131272516, 1.0962690682492142, 1.096798108131118, 2.1804782250689874, 2.155347630893912, 2.671749303359131], [5.064240694319337, 3.8939993913712927, 2.544322660355797, 1.5248419885352054, 0.0, 1.4202408985802375, 5.210724744217449, 5.9849078906863715, 5.237247725666602, 4.197641240029928, 4.165900480088309, 2.754922145905397, 2.8117768777056265, 2.1455502091538197, 2.1522947985812726, 1.0949457064165329, 1.0944316515890793, 1.9501247165245612], [5.4071689912559595, 4.43136939218567, 3.025474932965071, 2.4294774088268447, 1.4202408985802375, 0.0, 5.642841069000615, 6.381296655852946, 5.287115585080395, 4.586769714079833, 4.991654338994238, 3.3663595381361153, 2.739345487520696, 3.356455706545224, 2.645603161851754, 2.055788921557853, 2.0368170978269013, 0.9719079483160942], [1.0946785144507039, 2.1686243519798447, 2.782294520714872, 4.201050988740794, 5.210724744217449, 5.642841069000615, 0.0, 1.7720310776055819, 1.774703214624913, 3.0653659455275486, 2.502482529409546, 2.5612843243185637, 3.1047309529168547, 4.379311149027893, 4.732293340442877, 5.103606428791312, 6.1578728827412474, 5.082735512497183], [1.094541634658088, 2.159202713966431, 3.471461769917681, 4.679100115406808, 5.9849078906863715, 6.381296655852946, 1.7720310776055819, 0.0, 1.7719795709883341, 2.473543389552728, 2.4725451522671937, 3.7545855550246823, 3.7465913374693005, 4.809373886484601, 4.847345217745483, 6.160637186200791, 6.819420214358403, 5.948725977047522], [1.0946386207328882, 2.168639656558922, 2.7828276446808555, 4.200961529221613, 5.237247725666602, 5.287115585080395, 1.774703214624913, 1.7719795709883341, 0.0, 2.5026740698700656, 3.0649627550755, 3.114709047407157, 2.552523608118052, 4.712107080701796, 4.375560336688319, 5.423666473890148, 6.2049377934029275, 4.687650109596492], [2.146481253121024, 1.096277090885329, 2.163081168148805, 2.758311804346999, 4.197641240029928, 4.586769714079833, 3.0653659455275486, 2.473543389552728, 2.5026740698700656, 0.0, 1.764991039637312, 3.067312036620989, 2.505179680182641, 3.046123835302826, 2.546858292092436, 4.7374817741074216, 4.858169603873459, 4.450678762840562], [2.1459712346627575, 1.0962172458048633, 2.1633063698884634, 2.7595592256735495, 4.165900480088309, 4.991654338994238, 2.502482529409546, 2.4725451522671937, 3.0649627550755, 1.764991039637312, 0.0, 2.5077787661594075, 3.0638835389094017, 2.505034472816692, 3.1182247401366054, 4.37076953521917, 4.7994484276841645, 4.863949463142068], [2.751807998389423, 2.15941245944354, 1.0967144888256013, 2.1613994679373825, 2.754922145905397, 3.3663595381361153, 2.5612843243185637, 3.7545855550246823, 3.114709047407157, 3.067312036620989, 2.5077787661594075, 0.0, 1.765168881438827, 2.525269175751369, 3.0596760367725206, 2.5429495964332443, 3.7361282780439966, 2.954618171608643], [2.7429809951948267, 2.154668672905419, 1.09617632249561, 2.1667536131272516, 2.8117768777056265, 2.739345487520696, 3.1047309529168547, 3.7465913374693005, 2.552523608118052, 2.505179680182641, 3.0638835389094017, 1.765168881438827, 0.0, 3.068277785664134, 2.4815903670831734, 3.1391405623195663, 3.8207241316274065, 2.2164514657442873], [4.149126559891853, 2.7275667874499425, 2.1597200605634055, 1.0962690682492142, 2.1455502091538197, 3.356455706545224, 4.379311149027893, 4.809373886484601, 4.712107080701796, 3.046123835302826, 2.505034472816692, 2.525269175751369, 3.068277785664134, 0.0, 1.7703287999690904, 2.541723631711363, 2.4307534017254815, 3.663291543134398], [4.171125643036901, 2.7673588672234035, 2.1522527407346934, 1.096798108131118, 2.1522947985812726, 2.645603161851754, 4.732293340442877, 4.847345217745483, 4.375560336688319, 2.546858292092436, 3.1182247401366054, 3.0596760367725206, 2.4815903670831734, 1.7703287999690904, 0.0, 3.0753838914841185, 2.5058102761382397, 3.0199338419905826], [5.190040285970814, 4.193613589733799, 2.7842211298673822, 2.1804782250689874, 1.0949457064165329, 2.055788921557853, 5.103606428791312, 6.160637186200791, 5.423666473890148, 4.7374817741074216, 4.37076953521917, 2.5429495964332443, 3.1391405623195663, 2.541723631711363, 3.0753838914841185, 0.0, 1.769847298497811, 2.2502616047917625], [5.97027705638524, 4.67433529606082, 3.482787831608466, 2.155347630893912, 1.0944316515890793, 2.0368170978269013, 6.1578728827412474, 6.819420214358403, 6.2049377934029275, 4.858169603873459, 4.7994484276841645, 3.7361282780439966, 3.8207241316274065, 2.4307534017254815, 2.5058102761382397, 1.769847298497811, 0.0, 2.8335760462708603], [4.919227748336114, 4.181624147385797, 2.7346314870563457, 2.671749303359131, 1.9501247165245612, 0.9719079483160942, 5.082735512497183, 5.948725977047522, 4.687650109596492, 4.450678762840562, 4.863949463142068, 2.954618171608643, 2.2164514657442873, 3.663291543134398, 3.0199338419905826, 2.2502616047917625, 2.8335760462708603, 0.0]]}