{"total energy": -50.84958761, "HOMO-LUMO gap/eV": 3.51774116, "electronic energy": -51.44247066, "dipole": [1.02219143, -0.02693019, 0.18511384], "partial charges": [-0.37963466, 0.2796902, -0.17543864, 0.33931322, -0.42149907, -0.1764048, 0.28203406, -0.38019418, -0.02230651, -0.05277832, -0.10465577, -0.05153625, -0.06542737, -0.00854506, -0.1074696, -0.10748918, 0.23286586, 0.2325704, 0.05845512, 0.06221342, 0.04620799, 0.03984534, 0.04177896, 0.03613108, 0.05818185, 0.0477107, 0.04469054, 0.0290467, 0.03899934, 0.03172739, 0.03851993, 0.03868431, 0.03569051, 0.03902247], "atomic dipole moments": [[0.03980281, -0.16329248, -0.08211136], [-0.04349236, -0.07006981, 0.02797573], [-0.02543378, -0.00548144, -0.06964327], [0.06042127, 0.06368512, -0.02466551], [0.14256757, 0.15033643, -0.05678525], [-0.05968955, 0.05611236, 0.0168804], [-0.04392306, -0.0732286, 0.03538827], [-0.01768061, 0.00154811, 0.18560559], [-0.00565221, -0.02714601, 0.02085427], [-0.09792329, -0.11130614, 0.05168307], [0.1064161, -0.03747374, 0.04257239], [-0.07753881, 0.0217386, -0.12242008], [-0.01921144, -0.0342593, 0.12908898], [0.00328249, 0.09028444, -0.04210497], [-0.03847884, -0.06277734, -0.07581314], [-0.07521859, 0.00833028, 0.07751386], [-0.09197217, 0.01576226, 0.10007146], [-0.04701301, -0.09730342, -0.08198501], [0.04578568, 0.09933547, 0.06600257], [0.07561264, -0.00293837, -0.10320332], [0.01371705, 0.10613629, -0.06659885], [-0.05406603, -0.08453188, -0.08059778], [-0.08667501, 0.02799647, 0.09079027], [0.00154609, -0.10880908, 0.06517576], [0.03039554, 0.08287782, 0.09179115], [0.02027948, 0.11564888, -0.04828244], [-0.02903023, -0.07132369, -0.10066909], [-0.01797196, -0.11390981, 0.04482863], [0.11118388, -0.04193517, 0.04481097], [-0.07649762, 0.00026655, 0.09977584], [0.01864672, 0.1213424, -0.03438158], [0.03093426, 0.11143575, -0.05374976], [-0.03801926, -0.07661072, -0.09297563], [0.10754016, -0.05018212, 0.04477384]], "atomic quadrupole moments": [[0.09364147, -0.03400864, -0.08428238, 0.16140414, -0.01994327, -0.00935909], [0.24094455, -0.01716918, -0.22627381, 0.38996164, -0.10836362, -0.01467074], [-0.0325028, 0.0322395, 0.09389647, 0.06334319, 0.01336337, -0.06139367], [0.07782316, -0.24808065, -0.06763211, 0.23182379, -0.13815148, -0.01019105], [0.05311573, -0.06099229, -0.01438546, 0.08799265, -0.08585973, -0.03873028], [0.02252008, -0.00683661, -0.05353402, -0.06015665, -0.07956453, 0.03101394], [0.43111821, -0.24806037, -0.120434, 0.03573969, -0.09038549, -0.31068421], [0.16888529, -0.11547915, -0.07618934, 0.02625201, -0.02674476, -0.09269595], [-0.04215059, 0.01215225, -0.00352812, -0.02102066, 0.03616385, 0.04567871], [0.04498425, -0.05667788, 0.0604043, 0.08406487, -0.19122078, -0.10538855], [0.16627379, -0.0846122, -0.08861521, 0.11018822, -0.04200179, -0.07765858], [0.22772016, -0.07090736, -0.21070747, 0.00892036, -0.05174807, -0.01701269], [0.16882338, -0.11106337, -0.19438523, -0.06923002, -0.04888729, 0.02556184], [0.08713358, -0.05244316, -0.15926469, 0.02743183, 0.09235666, 0.07213111], [-0.06036372, 0.05975103, -0.00554846, 0.07243313, 0.15533532, 0.06591218], [0.05729482, -0.01764434, -0.1294428, -0.16374913, 0.02679225, 0.07214798], [-0.02414935, 0.01437918, 0.00602696, -0.03835408, 0.01368034, 0.01812239], [-0.03630678, 0.02190958, 0.02278838, -0.02007662, 0.02514338, 0.0135184], [-0.02191362, 0.00521271, 0.01153724, 0.03147897, 0.03611987, 0.01037638], [0.00841824, -0.03220143, -0.0280386, -0.03196859, 0.00901984, 0.01962036], [-0.02241395, 0.02089887, 0.04112098, -0.00910546, -0.05913328, -0.01870703], [-0.0209467, 0.01924544, 0.03263734, 0.02291812, 0.05682672, -0.01169064], [0.00351219, -0.01086514, -0.05074067, -0.04732975, 0.0109334, 0.04722848], [-0.01126217, 0.01101069, 0.04509117, -0.01317992, -0.02912138, -0.033829], [-0.00671511, 0.01246258, 0.01639821, -0.00182351, 0.04452502, -0.0096831], [-0.0169605, 0.00689794, 0.04973351, -0.00969206, -0.01912843, -0.03277301], [-0.00294212, 0.01291131, 0.00041436, 0.01812498, 0.04484691, 0.00252776], [-0.01644788, 0.01261144, 0.02178156, -0.00442287, -0.01473025, -0.00533368], [0.04990966, -0.04766974, -0.01900217, 0.03036166, -0.00168979, -0.03090749], [0.023229, 0.01284948, -0.04274724, -0.060703, 0.00532688, 0.01951824], [-0.04809453, 0.01342587, 0.06116015, 0.00118299, -0.04376303, -0.01306563], [-0.03876083, 0.01255458, 0.06736609, -0.01488876, -0.03583713, -0.02860526], [-0.01531046, 0.03489913, -0.00374886, 0.02560047, 0.05418974, 0.01905932], [0.03854577, -0.04020928, -0.03293016, 0.03914404, -0.02513689, -0.00561561]], "number of molecular orbitals": 82, "number of electrons": 90, "number of unpaired electrons": 0, "orbital energies/eV": [-20.60473509, -20.27015912, -20.1894116, -19.77415043, -19.38013078, -18.70615597, -18.22675202, -18.08607991, -17.6027389, -17.21573467, -17.12667158, -16.96197749, -16.68321083, -16.46109657, -16.27492917, -16.050695, -15.81890775, -15.65174765, -15.60932879, -15.47481478, -15.28897968, -15.20237074, -14.85064571, -14.58731122, -14.41727906, -14.32489325, -14.0020069, -13.78549119, -13.68058701, -13.54930854, -13.38155267, -12.95337153, -12.92424779, -12.80793442, -12.75137785, -12.65695783, -12.53316886, -12.46504138, -12.3763709, -12.17179191, -12.06936692, -12.04013886, -11.8769375, -11.78584919, -11.57888739, -8.06114624, -7.14374012, -5.88221011, -0.43031614, 0.03370638, 0.49990754, 0.91135308, 1.64331903, 2.00733171, 2.27424548, 2.63293914, 2.99106775, 3.20945568, 3.47637787, 3.58708972, 3.76116363, 3.9330709, 4.13186213, 4.33212599, 4.49299548, 4.70722146, 5.07981016, 5.10285823, 5.50788648, 5.69089825, 5.83197681, 6.325567, 6.52274645, 6.79277137, 7.14567119, 7.52634883, 7.61148821, 7.7795785, 11.30982455, 14.12870593, 14.20588103, 16.33070993], "fractional occupation": [2.0, 2.0, 2.0, 2.0, 2.0, 2.0, 2.0, 2.0, 2.0, 2.0, 2.0, 2.0, 2.0, 2.0, 2.0, 2.0, 2.0, 2.0, 2.0, 2.0, 2.0, 2.0, 2.0, 2.0, 2.0, 2.0, 2.0, 2.0, 2.0, 2.0, 2.0, 2.0, 2.0, 2.0, 2.0, 2.0, 2.0, 2.0, 2.0, 2.0, 2.0, 2.0, 2.0, 2.0, 2.0, 0.0, 0.0, 0.0, 0.0, 0.0, 0.0, 0.0, 0.0, 0.0, 0.0, 0.0, 0.0, 0.0, 0.0, 0.0, 0.0, 0.0, 0.0, 0.0, 0.0, 0.0, 0.0, 0.0, 0.0, 0.0, 0.0, 0.0, 0.0, 0.0, 0.0, 0.0, 0.0, 0.0, 0.0, 0.0, 0.0, 0.0], "program call": "xtb /home/svss/Project-DBcg-Debug/aqme2_20220329/End-to-End-workflows-final/example-3/QDESCP/mol_780_rdkit_conf_2/mol_780_rdkit_conf_2.xyz --pop --wbo --acc 0.2 --gfn 2 --chrg 0 --uhf 0 --etemp 300 --input /home/svss/Project-DBcg-Debug/aqme2_20220329/End-to-End-workflows-final/example-3/QDESCP/mol_780_rdkit_conf_2/mol_780_rdkit_conf_2_xtb.inp", "method": "GFN2-xTB", "xtb version": "6.3.3 (7355c4f)", "Dipole module/D": 2.641, "Total charge": 0, "Transition dipole module/D": NaN, "HOMO": -11.5789, "LUMO": -8.0611, "HOMO occupancy": 2.0, "LUMO occupancy": 0, "mulliken charges": [-0.50813, 0.47514, -0.32611, 0.57494, -0.53647, -0.32747, 0.47477, -0.5076, -0.0561, -0.02819, -0.08798, -0.03885, -0.05525, 0.0013, -0.09372, -0.0899, 0.28012, 0.27909, 0.04353, 0.04435, 0.03773, 0.03769, 0.03924, 0.02962, 0.04934, 0.03318, 0.04131, 0.02098, 0.03481, 0.02914, 0.0314, 0.0313, 0.03336, 0.03342], "cm5 charges": [-0.55391, 0.57347, -0.66916, 0.74252, -0.57349, -0.67097, 0.5735, -0.55442, -0.05866, -0.13188, -0.23651, -0.14002, -0.16339, -0.07331, -0.24224, -0.23842, 0.48271, 0.48207, 0.10149, 0.1033, 0.08868, 0.09254, 0.09448, 0.09079, 0.10798, 0.08989, 0.10044, 0.07918, 0.08625, 0.08108, 0.08332, 0.08314, 0.08474, 0.08479], "FUKUI+": [-0.148, -0.057, -0.035, -0.056, -0.15, -0.036, -0.057, -0.147, -0.006, 0.016, 0.016, -0.004, 0.005, -0.0, 0.009, 0.008, -0.049, -0.049, -0.032, -0.032, -0.037, -0.005, -0.006, -0.019, -0.033, -0.02, -0.002, -0.006, -0.021, 0.002, -0.01, -0.012, -0.006, -0.02], "FUKUI-": [-0.081, -0.007, -0.023, -0.002, -0.085, -0.02, -0.005, -0.072, -0.013, 0.011, 0.013, 0.01, 0.006, -0.006, 0.014, 0.013, -0.029, -0.028, -0.044, -0.049, -0.041, -0.044, -0.054, -0.026, -0.032, -0.037, -0.029, -0.075, -0.042, -0.037, -0.05, -0.056, -0.038, -0.044], "FUKUIrad": [-0.115, -0.032, -0.029, -0.029, -0.117, -0.028, -0.031, -0.11, -0.009, 0.014, 0.015, 0.003, 0.005, -0.003, 0.012, 0.011, -0.039, -0.038, -0.038, -0.04, -0.039, -0.025, -0.03, -0.022, -0.033, -0.029, -0.015, -0.041, -0.032, -0.018, -0.03, -0.034, -0.022, -0.032], "s proportion": [1.73, 1.013, 1.43, 0.938, 1.721, 1.432, 1.013, 1.73, 1.106, 1.03, 1.009, 1.044, 1.039, 1.054, 1.013, 1.014, 0.72, 0.721, 0.956, 0.956, 0.962, 0.962, 0.961, 0.97, 0.951, 0.967, 0.959, 0.979, 0.965, 0.971, 0.969, 0.969, 0.967, 0.967], "p proportion": [4.778, 2.512, 3.896, 2.487, 4.816, 3.895, 2.512, 4.778, 2.95, 2.998, 3.079, 2.995, 3.017, 2.945, 3.081, 3.076, 0.0, 0.0, 0.0, 0.0, 0.0, 0.0, 0.0, 0.0, 0.0, 0.0, 0.0, 0.0, 0.0, 0.0, 0.0, 0.0, 0.0, 0.0], "d proportion": [0.0, 0.0, 0.0, 0.0, 0.0, 0.0, 0.0, 0.0, 0.0, 0.0, 0.0, 0.0, 0.0, 0.0, 0.0, 0.0, 0.0, 0.0, 0.0, 0.0, 0.0, 0.0, 0.0, 0.0, 0.0, 0.0, 0.0, 0.0, 0.0, 0.0, 0.0, 0.0, 0.0, 0.0], "Fermi-level/eV": -9.82, "Coordination numbers": [0.858, 2.769, 2.696, 2.707, 0.86, 2.696, 2.768, 0.858, 3.901, 3.801, 3.748, 3.806, 3.8, 3.847, 3.752, 3.753, 0.86, 0.86, 0.924, 0.924, 0.924, 0.924, 0.924, 0.923, 0.923, 0.924, 0.924, 0.924, 0.924, 0.924, 0.924, 0.924, 0.924, 0.924], "Dispersion coefficient C6": [21.278, 22.267, 24.797, 21.234, 22.114, 24.819, 22.226, 21.289, 20.915, 21.522, 22.567, 21.494, 21.755, 20.697, 22.615, 22.613, 0.953, 0.954, 2.217, 2.173, 2.368, 2.451, 2.425, 2.501, 2.221, 2.349, 2.387, 2.6, 2.462, 2.562, 2.469, 2.467, 2.507, 2.462], "Total dispersion C6": 10367.131958, "Total dispersion C8": 228253.732745, "Polarizability alpha": [6.185, 7.728, 7.396, 7.543, 6.305, 7.399, 7.721, 6.186, 6.501, 6.605, 6.776, 6.6, 6.641, 6.471, 6.782, 6.781, 1.529, 1.53, 2.329, 2.305, 2.406, 2.448, 2.435, 2.473, 2.33, 2.397, 2.416, 2.522, 2.454, 2.503, 2.457, 2.456, 2.476, 2.454], "Total polarizability alpha": 151.540471, "Wiberg matrix": [[0.0, 1.7507217307366438, 0.13395225445531794, 0.0, 0.0, 0.0, 0.0, 0.0, 0.0, 0.0, 0.0, 0.0, 0.0, 0.0, 0.0, 0.0, 0.0, 0.0, 0.0, 0.0, 0.0, 0.0, 0.0, 0.0, 0.0, 0.0, 0.0, 0.0, 0.0, 0.0, 0.0, 0.0, 0.0, 0.0], [1.7507217307366438, 0.0, 1.1392988959481687, 0.0, 0.0, 0.0, 0.0, 0.0, 0.9488736892127069, 0.0, 0.0, 0.0, 0.0, 0.0, 0.0, 0.0, 0.0, 0.0, 0.0, 0.0, 0.0, 0.0, 0.0, 0.0, 0.0, 0.0, 0.0, 0.0, 0.0, 0.0, 0.0, 0.0, 0.0, 0.0], [0.13395225445531794, 1.1392988959481687, 0.0, 1.1236007216037969, 0.11509921493778832, 0.0, 0.0, 0.0, 0.0, 0.0, 0.0, 0.0, 0.0, 0.0, 0.0, 0.0, 0.9092296891488374, 0.0, 0.0, 0.0, 0.0, 0.0, 0.0, 0.0, 0.0, 0.0, 0.0, 0.0, 0.0, 0.0, 0.0, 0.0, 0.0, 0.0], [0.0, 0.0, 1.1236007216037969, 0.0, 1.6537984808062847, 1.1216637997314058, 0.0, 0.0, 0.0, 0.0, 0.0, 0.0, 0.0, 0.0, 0.0, 0.0, 0.0, 0.0, 0.0, 0.0, 0.0, 0.0, 0.0, 0.0, 0.0, 0.0, 0.0, 0.0, 0.0, 0.0, 0.0, 0.0, 0.0, 0.0], [0.0, 0.0, 0.11509921493778832, 1.6537984808062847, 0.0, 0.11568655435884002, 0.0, 0.0, 0.0, 0.0, 0.0, 0.0, 0.0, 0.0, 0.0, 0.0, 0.0, 0.0, 0.0, 0.0, 0.0, 0.0, 0.0, 0.0, 0.0, 0.0, 0.0, 0.0, 0.0, 0.0, 0.0, 0.0, 0.0, 0.0], [0.0, 0.0, 0.0, 1.1216637997314058, 0.11568655435884002, 0.0, 1.1344503224286506, 0.13216791891238125, 0.0, 0.0, 0.0, 0.0, 0.0, 0.0, 0.0, 0.0, 0.0, 0.9089672411417004, 0.0, 0.0, 0.0, 0.0, 0.0, 0.0, 0.0, 0.0, 0.0, 0.0, 0.0, 0.0, 0.0, 0.0, 0.0, 0.0], [0.0, 0.0, 0.0, 0.0, 0.0, 1.1344503224286506, 0.0, 1.7523948686997302, 0.9549682050504216, 0.0, 0.0, 0.0, 0.0, 0.0, 0.0, 0.0, 0.0, 0.0, 0.0, 0.0, 0.0, 0.0, 0.0, 0.0, 0.0, 0.0, 0.0, 0.0, 0.0, 0.0, 0.0, 0.0, 0.0, 0.0], [0.0, 0.0, 0.0, 0.0, 0.0, 0.13216791891238125, 1.7523948686997302, 0.0, 0.0, 0.0, 0.0, 0.0, 0.0, 0.0, 0.0, 0.0, 0.0, 0.0, 0.0, 0.0, 0.0, 0.0, 0.0, 0.0, 0.0, 0.0, 0.0, 0.0, 0.0, 0.0, 0.0, 0.0, 0.0, 0.0], [0.0, 0.9488736892127069, 0.0, 0.0, 0.0, 0.0, 0.9549682050504216, 0.0, 0.0, 0.9755761663194608, 0.0, 0.9189281403760449, 0.0, 0.0, 0.0, 0.0, 0.0, 0.0, 0.0, 0.0, 0.0, 0.0, 0.0, 0.0, 0.0, 0.0, 0.0, 0.0, 0.0, 0.0, 0.0, 0.0, 0.0, 0.0], [0.0, 0.0, 0.0, 0.0, 0.0, 0.0, 0.0, 0.0, 0.9755761663194608, 0.0, 1.0197943662595406, 0.0, 0.0, 0.0, 0.0, 0.0, 0.0, 0.0, 0.973901494154892, 0.971332686667949, 0.0, 0.0, 0.0, 0.0, 0.0, 0.0, 0.0, 0.0, 0.0, 0.0, 0.0, 0.0, 0.0, 0.0], [0.0, 0.0, 0.0, 0.0, 0.0, 0.0, 0.0, 0.0, 0.0, 1.0197943662595406, 0.0, 0.0, 0.0, 0.0, 0.0, 0.0, 0.0, 0.0, 0.0, 0.0, 0.9852804135455058, 0.9868553163911287, 0.9866105261659726, 0.0, 0.0, 0.0, 0.0, 0.0, 0.0, 0.0, 0.0, 0.0, 0.0, 0.0], [0.0, 0.0, 0.0, 0.0, 0.0, 0.0, 0.0, 0.0, 0.9189281403760449, 0.0, 0.0, 0.0, 1.003042404979646, 0.0, 0.0, 0.0, 0.0, 0.0, 0.0, 0.0, 0.0, 0.0, 0.0, 0.9754241269878571, 0.969357489926285, 0.0, 0.0, 0.0, 0.0, 0.0, 0.0, 0.0, 0.0, 0.0], [0.0, 0.0, 0.0, 0.0, 0.0, 0.0, 0.0, 0.0, 0.0, 0.0, 0.0, 1.003042404979646, 0.0, 0.9909334829372998, 0.0, 0.0, 0.0, 0.0, 0.0, 0.0, 0.0, 0.0, 0.0, 0.0, 0.0, 0.9740595188173545, 0.9745655667428625, 0.0, 0.0, 0.0, 0.0, 0.0, 0.0, 0.0], [0.0, 0.0, 0.0, 0.0, 0.0, 0.0, 0.0, 0.0, 0.0, 0.0, 0.0, 0.0, 0.9909334829372998, 0.0, 1.0101600079011703, 1.0076925171298063, 0.0, 0.0, 0.0, 0.0, 0.0, 0.0, 0.0, 0.0, 0.0, 0.0, 0.0, 0.9687632592308811, 0.0, 0.0, 0.0, 0.0, 0.0, 0.0], [0.0, 0.0, 0.0, 0.0, 0.0, 0.0, 0.0, 0.0, 0.0, 0.0, 0.0, 0.0, 0.0, 1.0101600079011703, 0.0, 0.0, 0.0, 0.0, 0.0, 0.0, 0.0, 0.0, 0.0, 0.0, 0.0, 0.0, 0.0, 0.0, 0.9853881742940975, 0.9848620732723292, 0.9864506611908396, 0.0, 0.0, 0.0], [0.0, 0.0, 0.0, 0.0, 0.0, 0.0, 0.0, 0.0, 0.0, 0.0, 0.0, 0.0, 0.0, 1.0076925171298063, 0.0, 0.0, 0.0, 0.0, 0.0, 0.0, 0.0, 0.0, 0.0, 0.0, 0.0, 0.0, 0.0, 0.0, 0.0, 0.0, 0.0, 0.986716630490499, 0.986361980170788, 0.9855757650118208], [0.0, 0.0, 0.9092296891488374, 0.0, 0.0, 0.0, 0.0, 0.0, 0.0, 0.0, 0.0, 0.0, 0.0, 0.0, 0.0, 0.0, 0.0, 0.0, 0.0, 0.0, 0.0, 0.0, 0.0, 0.0, 0.0, 0.0, 0.0, 0.0, 0.0, 0.0, 0.0, 0.0, 0.0, 0.0], [0.0, 0.0, 0.0, 0.0, 0.0, 0.9089672411417004, 0.0, 0.0, 0.0, 0.0, 0.0, 0.0, 0.0, 0.0, 0.0, 0.0, 0.0, 0.0, 0.0, 0.0, 0.0, 0.0, 0.0, 0.0, 0.0, 0.0, 0.0, 0.0, 0.0, 0.0, 0.0, 0.0, 0.0, 0.0], [0.0, 0.0, 0.0, 0.0, 0.0, 0.0, 0.0, 0.0, 0.0, 0.973901494154892, 0.0, 0.0, 0.0, 0.0, 0.0, 0.0, 0.0, 0.0, 0.0, 0.0, 0.0, 0.0, 0.0, 0.0, 0.0, 0.0, 0.0, 0.0, 0.0, 0.0, 0.0, 0.0, 0.0, 0.0], [0.0, 0.0, 0.0, 0.0, 0.0, 0.0, 0.0, 0.0, 0.0, 0.971332686667949, 0.0, 0.0, 0.0, 0.0, 0.0, 0.0, 0.0, 0.0, 0.0, 0.0, 0.0, 0.0, 0.0, 0.0, 0.0, 0.0, 0.0, 0.0, 0.0, 0.0, 0.0, 0.0, 0.0, 0.0], [0.0, 0.0, 0.0, 0.0, 0.0, 0.0, 0.0, 0.0, 0.0, 0.0, 0.9852804135455058, 0.0, 0.0, 0.0, 0.0, 0.0, 0.0, 0.0, 0.0, 0.0, 0.0, 0.0, 0.0, 0.0, 0.0, 0.0, 0.0, 0.0, 0.0, 0.0, 0.0, 0.0, 0.0, 0.0], [0.0, 0.0, 0.0, 0.0, 0.0, 0.0, 0.0, 0.0, 0.0, 0.0, 0.9868553163911287, 0.0, 0.0, 0.0, 0.0, 0.0, 0.0, 0.0, 0.0, 0.0, 0.0, 0.0, 0.0, 0.0, 0.0, 0.0, 0.0, 0.0, 0.0, 0.0, 0.0, 0.0, 0.0, 0.0], [0.0, 0.0, 0.0, 0.0, 0.0, 0.0, 0.0, 0.0, 0.0, 0.0, 0.9866105261659726, 0.0, 0.0, 0.0, 0.0, 0.0, 0.0, 0.0, 0.0, 0.0, 0.0, 0.0, 0.0, 0.0, 0.0, 0.0, 0.0, 0.0, 0.0, 0.0, 0.0, 0.0, 0.0, 0.0], [0.0, 0.0, 0.0, 0.0, 0.0, 0.0, 0.0, 0.0, 0.0, 0.0, 0.0, 0.9754241269878571, 0.0, 0.0, 0.0, 0.0, 0.0, 0.0, 0.0, 0.0, 0.0, 0.0, 0.0, 0.0, 0.0, 0.0, 0.0, 0.0, 0.0, 0.0, 0.0, 0.0, 0.0, 0.0], [0.0, 0.0, 0.0, 0.0, 0.0, 0.0, 0.0, 0.0, 0.0, 0.0, 0.0, 0.969357489926285, 0.0, 0.0, 0.0, 0.0, 0.0, 0.0, 0.0, 0.0, 0.0, 0.0, 0.0, 0.0, 0.0, 0.0, 0.0, 0.0, 0.0, 0.0, 0.0, 0.0, 0.0, 0.0], [0.0, 0.0, 0.0, 0.0, 0.0, 0.0, 0.0, 0.0, 0.0, 0.0, 0.0, 0.0, 0.9740595188173545, 0.0, 0.0, 0.0, 0.0, 0.0, 0.0, 0.0, 0.0, 0.0, 0.0, 0.0, 0.0, 0.0, 0.0, 0.0, 0.0, 0.0, 0.0, 0.0, 0.0, 0.0], [0.0, 0.0, 0.0, 0.0, 0.0, 0.0, 0.0, 0.0, 0.0, 0.0, 0.0, 0.0, 0.9745655667428625, 0.0, 0.0, 0.0, 0.0, 0.0, 0.0, 0.0, 0.0, 0.0, 0.0, 0.0, 0.0, 0.0, 0.0, 0.0, 0.0, 0.0, 0.0, 0.0, 0.0, 0.0], [0.0, 0.0, 0.0, 0.0, 0.0, 0.0, 0.0, 0.0, 0.0, 0.0, 0.0, 0.0, 0.0, 0.9687632592308811, 0.0, 0.0, 0.0, 0.0, 0.0, 0.0, 0.0, 0.0, 0.0, 0.0, 0.0, 0.0, 0.0, 0.0, 0.0, 0.0, 0.0, 0.0, 0.0, 0.0], [0.0, 0.0, 0.0, 0.0, 0.0, 0.0, 0.0, 0.0, 0.0, 0.0, 0.0, 0.0, 0.0, 0.0, 0.9853881742940975, 0.0, 0.0, 0.0, 0.0, 0.0, 0.0, 0.0, 0.0, 0.0, 0.0, 0.0, 0.0, 0.0, 0.0, 0.0, 0.0, 0.0, 0.0, 0.0], [0.0, 0.0, 0.0, 0.0, 0.0, 0.0, 0.0, 0.0, 0.0, 0.0, 0.0, 0.0, 0.0, 0.0, 0.9848620732723292, 0.0, 0.0, 0.0, 0.0, 0.0, 0.0, 0.0, 0.0, 0.0, 0.0, 0.0, 0.0, 0.0, 0.0, 0.0, 0.0, 0.0, 0.0, 0.0], [0.0, 0.0, 0.0, 0.0, 0.0, 0.0, 0.0, 0.0, 0.0, 0.0, 0.0, 0.0, 0.0, 0.0, 0.9864506611908396, 0.0, 0.0, 0.0, 0.0, 0.0, 0.0, 0.0, 0.0, 0.0, 0.0, 0.0, 0.0, 0.0, 0.0, 0.0, 0.0, 0.0, 0.0, 0.0], [0.0, 0.0, 0.0, 0.0, 0.0, 0.0, 0.0, 0.0, 0.0, 0.0, 0.0, 0.0, 0.0, 0.0, 0.0, 0.986716630490499, 0.0, 0.0, 0.0, 0.0, 0.0, 0.0, 0.0, 0.0, 0.0, 0.0, 0.0, 0.0, 0.0, 0.0, 0.0, 0.0, 0.0, 0.0], [0.0, 0.0, 0.0, 0.0, 0.0, 0.0, 0.0, 0.0, 0.0, 0.0, 0.0, 0.0, 0.0, 0.0, 0.0, 0.986361980170788, 0.0, 0.0, 0.0, 0.0, 0.0, 0.0, 0.0, 0.0, 0.0, 0.0, 0.0, 0.0, 0.0, 0.0, 0.0, 0.0, 0.0, 0.0], [0.0, 0.0, 0.0, 0.0, 0.0, 0.0, 0.0, 0.0, 0.0, 0.0, 0.0, 0.0, 0.0, 0.0, 0.0, 0.9855757650118208, 0.0, 0.0, 0.0, 0.0, 0.0, 0.0, 0.0, 0.0, 0.0, 0.0, 0.0, 0.0, 0.0, 0.0, 0.0, 0.0, 0.0, 0.0]], "Born radii": [], "Atomic SASAs": [], "Solvent H bonds": [], "Total SASA": NaN, "Total FOD": 0.0, "FOD": [0.0, 0.0, 0.0, 0.0, 0.0, 0.0, 0.0, 0.0, 0.0, 0.0, 0.0, 0.0, 0.0, 0.0, 0.0, 0.0, 0.0, 0.0, 0.0, 0.0, 0.0, 0.0, 0.0, 0.0, 0.0, 0.0, 0.0, 0.0, 0.0, 0.0, 0.0, 0.0, 0.0, 0.0], "FOD s proportion": [0.0, 0.0, 0.0, 0.0, 0.0, 0.0, 0.0, 0.0, 0.0, 0.0, 0.0, 0.0, 0.0, 0.0, 0.0, 0.0, 0.0, 0.0, 0.0, 0.0, 0.0, 0.0, 0.0, 0.0, 0.0, 0.0, 0.0, 0.0, 0.0, 0.0, 0.0, 0.0, 0.0, 0.0], "FOD p proportion": [0.0, 0.0, 0.0, 0.0, 0.0, 0.0, 0.0, 0.0, 0.0, 0.0, 0.0, 0.0, 0.0, 0.0, 0.0, 0.0, 0.0, 0.0, 0.0, 0.0, 0.0, 0.0, 0.0, 0.0, 0.0, 0.0, 0.0, 0.0, 0.0, 0.0, 0.0, 0.0, 0.0, 0.0], "FOD d proportion": [0.0, 0.0, 0.0, 0.0, 0.0, 0.0, 0.0, 0.0, 0.0, 0.0, 0.0, 0.0, 0.0, 0.0, 0.0, 0.0, 0.0, 0.0, 0.0, 0.0, 0.0, 0.0, 0.0, 0.0, 0.0, 0.0, 0.0, 0.0, 0.0, 0.0, 0.0, 0.0, 0.0, 0.0], "coordinates": [["-2.38200", "1.49090", "1.77250"], ["-2.13100", "0.42740", "1.21080"], ["-2.64680", "-0.74240", "1.69810"], ["-2.82010", "-1.87030", "0.95870"], ["-3.63730", "-2.72660", "1.27990"], ["-2.11220", "-1.96430", "-0.19780"], ["-1.61390", "-0.87660", "-0.85930"], ["-1.48990", "-0.90250", "-2.08110"], ["-1.19070", "0.29550", "0.01740"], ["-1.14350", "1.61460", "-0.79190"], ["-2.49180", "2.07330", "-1.34700"], ["0.20710", "-0.03680", "0.63080"], ["1.37230", "-0.08040", "-0.37050"], ["2.67730", "-0.63080", "0.23930"], ["3.20730", "0.24500", "1.37550"], ["3.74360", "-0.76340", "-0.85110"], ["-3.27980", "-0.64350", "2.48080"], ["-2.39320", "-2.73230", "-0.79330"], ["-0.73940", "2.41990", "-0.16510"], ["-0.46300", "1.51090", "-1.64550"], ["-2.35910", "2.99500", "-1.92320"], ["-2.93060", "1.32670", "-2.01490"], ["-3.21140", "2.28530", "-0.55160"], ["0.16250", "-1.00190", "1.15350"], ["0.43410", "0.71140", "1.40170"], ["1.55880", "0.92540", "-0.76530"], ["1.09660", "-0.71220", "-1.22260"], ["2.48250", "-1.63340", "0.64070"], ["4.16870", "-0.13250", "1.74060"], ["2.51970", "0.25300", "2.22650"], ["3.35430", "1.27870", "1.04460"], ["3.98600", "0.21010", "-1.29070"], ["3.39870", "-1.42250", "-1.65490"], ["4.66600", "-1.19080", "-0.44390"]], "bond_dist": [[0.0, 1.22863344411586, 2.2501740577119804, 3.485952881207662, 4.427836842070854, 3.986637827794243, 3.62234800923379, 4.623249823446706, 2.43486197966127, 2.8504966760198127, 3.1752993638395735, 3.2157090959848964, 4.599587066248447, 5.696387418355601, 5.740222147269215, 7.034779371806908, 2.4214452481937307, 4.941545640788923, 2.7047124653093904, 3.9199087999595092, 3.990117756407698, 3.830446757233417, 2.5923766180861914, 3.615479648677337, 2.945425622893914, 4.721241757207525, 5.091653128405351, 5.891144369305508, 6.74893440922343, 5.075940829048346, 5.786190883474205, 7.181578300067472, 7.324715885957625, 7.859913984898308], [1.22863344411586, 0.0, 1.3681896688690498, 2.412019591545641, 3.4959162604387424, 2.7757406741264576, 2.5006244060234235, 3.607803879093208, 1.5250459861918917, 2.5289142690095288, 3.0629241404252903, 2.4532821382792482, 3.877045449823873, 5.018301344080484, 5.343953848977366, 6.338798104530542, 2.019769355644352, 3.750849202514012, 2.7927956638465337, 3.4806099953887393, 4.057900364720652, 3.4428536332525086, 2.779408269758151, 2.7030212781256457, 2.5878247274496777, 4.2151630158275015, 4.199705403953949, 5.084908347256615, 6.346683869549514, 4.763514704501288, 5.553453900051751, 6.61229238161774, 6.497072309125088, 7.180237623505229], [2.2501740577119804, 1.3681896688690498, 0.0, 1.3597439685470203, 2.256774496931406, 2.3180322646589713, 2.761374080055073, 3.955553344350194, 2.454020397225744, 3.7437227314532793, 4.15028017126555, 3.1275782740005083, 4.568425852522945, 5.521466545221477, 5.945545923630562, 6.880121641366524, 1.011478867797049, 3.1986073422663184, 4.136403061840081, 4.585412117792685, 5.211980788529443, 4.260057071213953, 3.8140386128092616, 2.8733422873023673, 3.4195514632770183, 5.151404445391567, 4.748098997493629, 5.312409458051967, 6.842866688018991, 5.2879816537125, 6.365933448442576, 7.337180489125233, 6.946453430348467, 7.633234596159088], [3.485952881207662, 2.412019591545641, 1.3597439685470203, 0.0, 1.2264725720536924, 1.3592095717732422, 2.397390691981597, 3.456364118550012, 2.8690903941841914, 4.245010710233839, 4.579957897186392, 3.554318570415432, 4.748339963608335, 5.681135746485908, 6.401387903415946, 6.8980259016620105, 2.0082705843585917, 1.9986974783593439, 4.898780967751059, 4.875478590866747, 5.673536172441311, 4.367529760631289, 4.438821143051384, 3.1125501377487885, 4.177468315858302, 5.473835921910704, 4.6303136168082615, 5.317406545488129, 7.243938285904982, 5.8846566399408555, 6.931579558080539, 7.4639709089733195, 6.76054015889263, 7.646613643960312], [4.427836842070854, 3.4959162604387424, 2.256774496931406, 1.2264725720536924, 0.0, 2.2562421390444776, 3.4774738244881154, 4.385771148840305, 4.08813480942104, 5.418247975129968, 5.590332178860216, 4.7366408149658135, 5.901041158982033, 6.734196251966526, 7.462445650053339, 7.929249652394608, 2.430899559833766, 2.4178452266429296, 6.08048613681505, 6.049012473123195, 6.68059513890791, 5.271088390455998, 5.353029485254121, 4.174811024465659, 5.330194855725257, 6.672286133702602, 5.721024630256367, 6.249449169326845, 8.238642806919112, 6.9052673170558725, 8.061033726514237, 8.564280129701503, 7.734275909870296, 8.61829211445052], [3.986637827794243, 2.7757406741264576, 2.3180322646589713, 1.3592095717732422, 2.2562421390444776, 0.0, 1.3671051276328385, 2.2497767489242126, 2.4499325153971077, 3.754977990614592, 4.215088440353298, 3.127456906177925, 3.9649268278241907, 4.990850519701026, 5.97104342891592, 6.013264948428599, 3.206664990297552, 1.011634939096115, 4.594220148186197, 4.110074326578536, 5.256673973150703, 3.847377284592713, 4.403693363530208, 2.8154014882428404, 4.025098064643891, 4.706236643008935, 3.5936564791309697, 4.682290587949449, 6.823678671361952, 5.6787452302423285, 6.4763592403448405, 6.5658578274281885, 5.725967731309703, 6.8266289411392505], [3.62234800923379, 2.5006244060234235, 2.761374080055073, 2.397390691981597, 3.4774738244881154, 1.3671051276328385, 0.0, 1.2283493192085062, 1.5236533529645118, 2.5361183647456205, 3.1161626578213153, 2.4983400589191214, 3.128937570486187, 4.436410377771651, 5.431048429170928, 5.358702056468525, 3.739762884194665, 2.013774312081669, 3.4804563120372594, 2.7645682303028805, 4.083686179176848, 2.814896292938694, 3.5558820495061423, 2.6875008632556754, 3.439210519872257, 3.6499404501991535, 2.7396759844915963, 4.4275545394721005, 6.383700148033271, 5.280606665904969, 5.740484695563607, 5.720655806810964, 5.10461995940932, 6.301461958149077], [4.623249823446706, 3.607803879093208, 3.955553344350194, 3.456364118550012, 4.385771148840305, 2.2497767489242126, 1.2283493192085062, 0.0, 2.4348361115278374, 2.8491791817995584, 3.22460727221161, 3.314158580997596, 3.434266968364574, 4.777408595671925, 5.94378058562057, 5.377896527453833, 4.907316437728466, 2.4129956009077187, 3.9080235426619425, 2.658715955118184, 3.9963667624481114, 2.6550577338355565, 3.932556590819768, 3.633585457918941, 4.293756519645705, 3.7903983616501318, 2.7318891979727145, 4.870561755075076, 6.87153875416562, 5.997290235598074, 6.163919821834154, 5.643411355731567, 4.934618161519694, 6.376413219044074], [2.43486197966127, 1.5250459861918917, 2.454020397225744, 2.8690903941841914, 4.08813480942104, 2.4499325153971077, 1.5236533529645118, 2.4348361115278374, 0.0, 1.5482955596396963, 2.5913358350472446, 1.5622188355028883, 2.6193007120221994, 3.9835530999347806, 4.6031934415142715, 5.120827857876107, 3.363688358037944, 3.3572032378156673, 2.17946169959465, 2.1844864064580487, 3.5239732079004233, 2.8672057372989475, 2.892454585641752, 2.1920584412829873, 2.174680284547593, 2.9273099511326097, 2.79012554914649, 4.195420877575931, 5.645863140388722, 4.318448473699784, 4.76223131315563, 5.340097532817167, 5.177905334206101, 6.059935665500088], [2.8504966760198127, 2.5289142690095288, 3.7437227314532793, 4.245010710233839, 5.418247975129968, 3.754977990614592, 2.5361183647456205, 2.8491791817995584, 1.5482955596396963, 0.0, 1.5285465612797013, 2.5642382124131915, 3.0626545022251532, 4.550132661802291, 5.050038372131443, 5.435267707298326, 4.513685699071214, 4.522973762913068, 1.09758058474082, 1.0965705175682956, 2.159404364633915, 2.184569023858024, 2.1871883755177555, 3.512305426639318, 2.848942428340734, 2.7889298108772835, 3.2584580310324696, 5.074418465203673, 6.138842195398087, 4.937988189536302, 4.869883561236346, 5.341646931424802, 5.5317561632812415, 6.460778854751182], [3.1752993638395735, 3.0629241404252903, 4.15028017126555, 4.579957897186392, 5.590332178860216, 4.215088440353298, 3.1161626578213153, 3.22460727221161, 2.5913358350472446, 1.5285465612797013, 0.0, 3.955790194133152, 4.530258795035887, 6.045502403440099, 6.57528919135881, 6.868260104276773, 4.75962173707113, 4.838398186383589, 2.141944193950907, 2.126364373760998, 1.0950555328384035, 1.0936395247063817, 1.0933569042174653, 4.770184879016745, 4.239223290887141, 4.250107017476148, 4.544348156776723, 6.514156635359638, 7.665578102791727, 6.418607838932053, 6.3661624963552415, 6.740665899597754, 6.8566325772933165, 7.918588211291202], [3.2157090959848964, 2.4532821382792482, 3.1275782740005083, 3.554318570415432, 4.7366408149658135, 3.127456906177925, 2.4983400589191214, 3.314158580997596, 1.5622188355028883, 2.5642382124131915, 3.955790194133152, 0.0, 1.5369429690134895, 2.5706023204688817, 3.104060142780742, 3.9026667062407467, 3.9936269855859097, 4.006911672348169, 2.7503988710730667, 2.83301094067778, 4.722299194248497, 4.324814681578854, 4.298413709730602, 1.0984636816936644, 1.098006853348375, 2.168413461496677, 2.163900868801526, 2.7796896823206723, 4.115226493159277, 2.824599314947166, 3.43607894699758, 4.246552374573991, 4.1630396995464745, 4.7295333067862], [4.599587066248447, 3.877045449823873, 4.568425852522945, 4.748339963608335, 5.901041158982033, 3.9649268278241907, 3.128937570486187, 3.434266968364574, 2.6193007120221994, 3.0626545022251532, 4.530258795035887, 1.5369429690134895, 0.0, 1.5420185472295718, 2.5537474738117707, 2.5140662381886436, 5.485346635354961, 4.624967426912324, 3.279171563062842, 2.743389651507784, 5.078612843090129, 4.816526775592554, 5.161360226723184, 2.1529872944353388, 2.155889449855906, 1.0964866301054472, 1.0960183118908187, 2.1602959241733526, 3.5041847240121347, 2.8586869923095812, 2.7889038742846624, 2.786141773133593, 2.749038510097667, 3.4766126344475023], [5.696387418355601, 5.018301344080484, 5.521466545221477, 5.681135746485908, 6.734196251966526, 4.990850519701026, 4.436410377771651, 4.777408595671925, 3.9835530999347806, 4.550132661802291, 6.045502403440099, 2.5706023204688817, 1.5420185472295718, 0.0, 1.5293384452108698, 1.5308659673531189, 6.364866373302742, 5.585027776117143, 4.598276714161512, 4.242738976180363, 6.571769689360698, 6.353091082300017, 6.618606326863685, 2.7014247888845615, 2.8608776345729994, 2.163798015065177, 2.1546206301806357, 1.0973949881423735, 2.1740465818376573, 2.180574245468381, 2.180143880573023, 2.181904787106899, 2.1760515825687587, 2.1760721334551394], [5.740222147269215, 5.343953848977366, 5.945545923630562, 6.401387903415946, 7.462445650053339, 5.97104342891592, 5.431048429170928, 5.94378058562057, 4.6031934415142715, 5.050038372131443, 6.57528919135881, 3.104060142780742, 2.5537474738117707, 1.5293384452108698, 0.0, 2.502445965450603, 6.640300200292152, 6.7032536114934524, 4.762360681426807, 4.919354215748242, 7.0305569231747205, 7.094977340344365, 7.005444182205721, 3.2977038451019216, 2.812268415354409, 2.7863095754061504, 3.481581528558537, 2.1432808122129026, 1.09548811951568, 1.0941018051351532, 1.0952805576654778, 2.777807433930581, 3.4641758572566723, 2.7385294758318746], [7.034779371806908, 6.338798104530542, 6.880121641366524, 6.8980259016620105, 7.929249652394608, 6.013264948428599, 5.358702056468525, 5.377896527453833, 5.120827857876107, 5.435267707298326, 6.868260104276773, 3.9026667062407467, 2.5140662381886436, 1.5308659673531189, 2.502445965450603, 0.0, 7.774579164173454, 6.445170462447056, 5.540873928361843, 4.847576240761975, 7.246924607031593, 7.089985478828571, 7.599756373726726, 4.110909950363787, 4.266489555829241, 2.762744671517801, 2.6734327539700713, 2.1383967008017946, 2.701046780416807, 3.46448003746594, 2.8134330256823246, 1.0953119053493394, 1.0952001004382717, 1.0951275542145769], [2.4214452481937307, 2.019769355644352, 1.011478867797049, 2.0082705843585917, 2.430899559833766, 3.206664990297552, 3.739762884194665, 4.907316437728466, 3.363688358037944, 4.513685699071214, 4.75962173707113, 3.9936269855859097, 5.485346635354961, 6.364866373302742, 6.640300200292152, 7.774579164173454, 0.0, 3.983575756779328, 4.778999741577729, 5.440786091182045, 5.7863275693655645, 4.920868538174942, 4.216396300159651, 3.706697335904295, 4.097958519799828, 6.03412482303772, 5.733477845950048, 6.129434827942949, 7.502610831570568, 5.873889766585682, 7.054700992246234, 8.230716545356183, 7.8938721639002996, 8.484641714297664], [4.941545640788923, 3.750849202514012, 3.1986073422663184, 1.9986974783593439, 2.4178452266429296, 1.011634939096115, 2.013774312081669, 2.4129956009077187, 3.3572032378156673, 4.522973762913068, 4.838398186383589, 4.006911672348169, 4.624967426912324, 5.585027776117143, 6.7032536114934524, 6.445170462447056, 3.983575756779328, 0.0, 5.447463126997741, 4.7388461802426125, 5.837790858706741, 4.272772673569237, 5.0896149058646865, 3.6490980926798886, 4.96696285268976, 5.384965857830484, 4.055096366302532, 5.199652651860507, 7.4992093489914, 6.493673424187576, 7.24567137399979, 7.042678266114391, 6.000336341406205, 7.233989718682216], [2.7047124653093904, 2.7927956638465337, 4.136403061840081, 4.898780967751059, 6.08048613681505, 4.594220148186197, 3.4804563120372594, 3.9080235426619425, 2.17946169959465, 1.09758058474082, 2.141944193950907, 2.7503988710730667, 3.279171563062842, 4.598276714161512, 4.762360681426807, 5.540873928361843, 4.778999741577729, 5.447463126997741, 0.0, 1.7590514830442001, 2.458675194083188, 3.0689092068681343, 2.5056502968291485, 3.776353374619489, 2.598256480796305, 2.806330972996592, 3.781435264552337, 5.240152110387637, 5.851143807837917, 4.586604297298819, 4.418607384685813, 5.3366278266335945, 5.840155255641754, 6.506399395210842], [3.9199087999595092, 3.4806099953887393, 4.585412117792685, 4.875478590866747, 6.049012473123195, 4.110074326578536, 2.7645682303028805, 2.658715955118184, 2.1844864064580487, 1.0965705175682956, 2.126364373760998, 2.83301094067778, 2.743389651507784, 4.242738976180363, 4.919354215748242, 4.847576240761975, 5.440786091182045, 4.7388461802426125, 1.7590514830442001, 0.0, 2.423812144123385, 2.5018864402686227, 3.0577794443026787, 3.813110946458285, 3.2755788038146787, 2.281498965592577, 2.7483395314262027, 4.877427926684309, 5.9681723885960265, 5.046899612633482, 4.675717500020719, 4.648824010435328, 4.84950005773791, 5.920275876173339], [3.990117756407698, 4.057900364720652, 5.211980788529443, 5.673536172441311, 6.68059513890791, 5.256673973150703, 4.083686179176848, 3.9963667624481114, 3.5239732079004233, 2.159404364633915, 1.0950555328384035, 4.722299194248497, 5.078612843090129, 6.571769689360698, 7.0305569231747205, 7.246924607031593, 5.7863275693655645, 5.837790858706741, 2.458675194083188, 2.423812144123385, 0.0, 1.7658556084799233, 1.7639092777124337, 5.639127508755233, 4.90629750524772, 4.579728919925284, 5.1162520158803755, 7.171942577154393, 8.112759057805182, 6.9671560575316525, 6.663067018273192, 6.958161989347475, 7.262131366203726, 8.310311675262247], [3.830446757233417, 3.4428536332525086, 4.260057071213953, 4.367529760631289, 5.271088390455998, 3.847377284592713, 2.814896292938694, 2.6550577338355565, 2.8672057372989475, 2.184569023858024, 1.0936395247063817, 4.324814681578854, 4.816526775592554, 6.353091082300017, 7.094977340344365, 7.089985478828571, 4.920868538174942, 4.272772673569237, 3.0689092068681343, 2.5018864402686227, 1.7658556084799233, 0.0, 1.7717250040567807, 5.0028396066634, 4.834558484494732, 4.677312712445042, 4.5829239945694065, 6.716848589926678, 8.162910349869096, 6.989139842641583, 6.990194007321971, 7.043480443644322, 6.909973887794367, 8.155622527434678], [2.5923766180861914, 2.779408269758151, 3.8140386128092616, 4.438821143051384, 5.353029485254121, 4.403693363530208, 3.5558820495061423, 3.932556590819768, 2.892454585641752, 2.1871883755177555, 1.0933569042174653, 4.298413709730602, 5.161360226723184, 6.618606326863685, 7.005444182205721, 7.599756373726726, 4.216396300159651, 5.0896149058646865, 2.5056502968291485, 3.0577794443026787, 1.7639092777124337, 1.7717250040567807, 0.0, 5.00961585952456, 4.425179357946974, 4.9648568700416735, 5.290946158297209, 7.0141489997005335, 8.097271990615111, 6.685326477442967, 6.831508946784743, 7.5269708787798555, 7.658882016325881, 8.610940788322726], [3.615479648677337, 2.7030212781256457, 2.8733422873023673, 3.1125501377487885, 4.174811024465659, 2.8154014882428404, 2.6875008632556754, 3.633585457918941, 2.1920584412829873, 3.512305426639318, 4.770184879016745, 1.0984636816936644, 2.1529872944353388, 2.7014247888845615, 3.2977038451019216, 4.110909950363787, 3.706697335904295, 3.6490980926798886, 3.776353374619489, 3.813110946458285, 5.639127508755233, 5.0028396066634, 5.00961585952456, 0.0, 1.7523603196831412, 3.0571117774788674, 2.569498026852716, 2.4584865446042206, 4.141277726740867, 2.8779323914921977, 3.9243576302370813, 4.697042674917911, 4.305462270186559, 4.782142011693087], [2.945425622893914, 2.5878247274496777, 3.4195514632770183, 4.177468315858302, 5.330194855725257, 4.025098064643891, 3.439210519872257, 4.293756519645705, 2.174680284547593, 2.848942428340734, 4.239223290887141, 1.098006853348375, 2.155889449855906, 2.8608776345729994, 2.812268415354409, 4.266489555829241, 4.097958519799828, 4.96696285268976, 2.598256480796305, 3.2755788038146787, 4.90629750524772, 4.834558484494732, 4.425179357946974, 1.7523603196831412, 0.0, 2.4508437506295664, 3.0581847066519705, 3.205175595813746, 3.8437296444989473, 2.2891380386512297, 2.9961504868747832, 4.4851212982482425, 4.762896800267669, 4.993353763754377], [4.721241757207525, 4.2151630158275015, 5.151404445391567, 5.473835921910704, 6.672286133702602, 4.706236643008935, 3.6499404501991535, 3.7903983616501318, 2.9273099511326097, 2.7889298108772835, 4.250107017476148, 2.168413461496677, 1.0964866301054472, 2.163798015065177, 2.7863095754061504, 2.762744671517801, 6.03412482303772, 5.384965857830484, 2.806330972996592, 2.281498965592577, 4.579728919925284, 4.677312712445042, 4.9648568700416735, 3.0571117774788674, 2.4508437506295664, 0.0, 1.7619551327999246, 3.062272869944806, 3.7696505448118134, 3.2134588545677696, 2.5737869278555285, 2.5843759575572594, 3.1127567492497707, 3.7731011436217825], [5.091653128405351, 4.199705403953949, 4.748098997493629, 4.6303136168082615, 5.721024630256367, 3.5936564791309697, 2.7396759844915963, 2.7318891979727145, 2.79012554914649, 3.2584580310324696, 4.544348156776723, 2.163900868801526, 1.0960183118908187, 2.1546206301806357, 3.481581528558537, 2.6734327539700713, 5.733477845950048, 4.055096366302532, 3.781435264552337, 2.7483395314262027, 5.1162520158803755, 4.5829239945694065, 5.290946158297209, 2.569498026852716, 3.0581847066519705, 1.7619551327999246, 0.0, 2.498242410175602, 4.307482413196832, 3.853973982787118, 3.768433088168078, 3.033794201985362, 2.4476670096236535, 3.6845689042274676], [5.891144369305508, 5.084908347256615, 5.312409458051967, 5.317406545488129, 6.249449169326845, 4.682290587949449, 4.4275545394721005, 4.870561755075076, 4.195420877575931, 5.074418465203673, 6.514156635359638, 2.7796896823206723, 2.1602959241733526, 1.0973949881423735, 2.1432808122129026, 2.1383967008017946, 6.129434827942949, 5.199652651860507, 5.240152110387637, 4.877427926684309, 7.171942577154393, 6.716848589926678, 7.0141489997005335, 2.4584865446042206, 3.205175595813746, 3.062272869944806, 2.498242410175602, 0.0, 2.5111254966647927, 2.4646805959393605, 3.0665121653109413, 3.0641981757060037, 2.4806613251308613, 2.4778870373768056], [6.74893440922343, 6.346683869549514, 6.842866688018991, 7.243938285904982, 8.238642806919112, 6.823678671361952, 6.383700148033271, 6.87153875416562, 5.645863140388722, 6.138842195398087, 7.665578102791727, 4.115226493159277, 3.5041847240121347, 2.1740465818376573, 1.09548811951568, 2.701046780416807, 7.502610831570568, 7.4992093489914, 5.851143807837917, 5.9681723885960265, 8.112759057805182, 8.162910349869096, 8.097271990615111, 4.141277726740867, 3.8437296444989473, 3.7696505448118134, 4.307482413196832, 2.5111254966647927, 0.0, 1.7617917186773246, 1.7717643184125818, 3.05606507456893, 3.7130069014210036, 2.4777704554699977], [5.075940829048346, 4.763514704501288, 5.2879816537125, 5.8846566399408555, 6.9052673170558725, 5.6787452302423285, 5.280606665904969, 5.997290235598074, 4.318448473699784, 4.937988189536302, 6.418607838932053, 2.824599314947166, 2.8586869923095812, 2.180574245468381, 1.0941018051351532, 3.46448003746594, 5.873889766585682, 6.493673424187576, 4.586604297298819, 5.046899612633482, 6.9671560575316525, 6.989139842641583, 6.685326477442967, 2.8779323914921977, 2.2891380386512297, 3.2134588545677696, 3.853973982787118, 2.4646805959393605, 1.7617917186773246, 0.0, 1.7735572333589915, 3.810849241310918, 4.3180096352370505, 3.717821713046499], [5.786190883474205, 5.553453900051751, 6.365933448442576, 6.931579558080539, 8.061033726514237, 6.4763592403448405, 5.740484695563607, 6.163919821834154, 4.76223131315563, 4.869883561236346, 6.3661624963552415, 3.43607894699758, 2.7889038742846624, 2.180143880573023, 1.0952805576654778, 2.8134330256823246, 7.054700992246234, 7.24567137399979, 4.418607384685813, 4.675717500020719, 6.663067018273192, 6.990194007321971, 6.831508946784743, 3.9243576302370813, 2.9961504868747832, 2.5737869278555285, 3.768433088168078, 3.0665121653109413, 1.7717643184125818, 1.7735572333589915, 0.0, 2.6447262504841595, 3.819129881268769, 3.1677467370356487], [7.181578300067472, 6.61229238161774, 7.337180489125233, 7.4639709089733195, 8.564280129701503, 6.5658578274281885, 5.720655806810964, 5.643411355731567, 5.340097532817167, 5.341646931424802, 6.740665899597754, 4.246552374573991, 2.786141773133593, 2.181904787106899, 2.777807433930581, 1.0953119053493394, 8.230716545356183, 7.042678266114391, 5.3366278266335945, 4.648824010435328, 6.958161989347475, 7.043480443644322, 7.5269708787798555, 4.697042674917911, 4.4851212982482425, 2.5843759575572594, 3.033794201985362, 3.0641981757060037, 3.05606507456893, 3.810849241310918, 2.6447262504841595, 0.0, 1.7728354943423263, 1.7725662328951208], [7.324715885957625, 6.497072309125088, 6.946453430348467, 6.76054015889263, 7.734275909870296, 5.725967731309703, 5.10461995940932, 4.934618161519694, 5.177905334206101, 5.5317561632812415, 6.8566325772933165, 4.1630396995464745, 2.749038510097667, 2.1760515825687587, 3.4641758572566723, 1.0952001004382717, 7.8938721639002996, 6.000336341406205, 5.840155255641754, 4.84950005773791, 7.2621