{"total energy": -50.01507116, "HOMO-LUMO gap/eV": 1.75541484, "electronic energy": -50.59520293, "dipole": [0.62959364, -0.42346327, 0.03421651], "partial charges": [-0.10257473, -0.05114619, -0.05770935, -0.01180002, -0.10978241, -0.02585466, -0.05295035, -0.10227653, 0.27706379, -0.38888997, -0.13640349, 0.19437832, -0.33192915, -0.13692234, 0.27828052, -0.38680108, 0.03745887, 0.03625329, 0.03634729, 0.03707185, 0.03570157, 0.02678356, 0.02298679, 0.0619148, 0.05111034, 0.05037395, 0.04613471, 0.06638015, 0.06004851, 0.03677704, 0.03368054, 0.04929961, 0.22866318, 0.22833159], "atomic dipole moments": [[-0.04866727, 0.02130249, 0.09384732], [-0.07356939, -0.02663758, -0.09142884], [0.05439781, -0.09363869, -0.0308292], [-0.10558222, 0.03356538, 0.07967273], [-0.03667927, 0.08829579, -0.08479182], [-0.00316057, 0.01844514, -0.00127517], [-0.04953708, 0.15114109, 0.01299176], [0.1085419, 0.0040646, 0.02808818], [-0.04102128, 0.07017765, 0.00473806], [-0.04208345, 0.04435402, 0.17868192], [-0.00453381, -0.01636467, 0.03952176], [0.05229558, -0.12242667, -0.01755036], [0.07348667, -0.16825699, -0.02217135], [-0.00740881, -0.00557353, -0.04623388], [-0.03520018, 0.07629853, 0.01556571], [0.02077774, 0.1147643, -0.14820135], [-0.04571469, 0.07176391, -0.09506304], [-0.00903398, -0.12155371, -0.03265747], [0.12286935, 0.02467384, 0.00902023], [0.04971129, -0.06910147, 0.09107938], [0.03211379, 0.1133221, 0.03294866], [-0.03843414, 0.03714623, 0.11112914], [-0.03480802, 0.09303834, -0.07287014], [0.05522419, -0.03041704, -0.11061679], [-0.03477199, 0.01898173, 0.12465455], [0.1262113, -0.01582581, 0.00402357], [-0.03483197, -0.11896252, -0.03337193], [0.00956224, -0.0899624, 0.09127774], [0.06090026, -0.05364898, -0.09991953], [-0.02916306, 0.06736903, -0.104581], [-0.07475444, 0.03952327, 0.09566943], [-0.03740582, -0.11887633, -0.02570213], [-0.02017632, 0.08508769, -0.10962383], [-0.0587239, 0.03701093, 0.12146098]], "atomic quadrupole moments": [[-0.03932998, -0.02352697, -0.11189055, -0.13360341, 0.06825457, 0.15122053], [0.16925472, -0.02100636, -0.19379166, -0.10972164, 0.06221151, 0.02453693], [0.12010295, 0.06049723, 0.04547133, 0.04058381, 0.08115089, -0.16557428], [0.10015088, 0.00748239, 0.06343482, 0.09669091, -0.05313991, -0.16358571], [-0.06467836, -0.03253405, 0.05054525, 0.07210853, -0.16208765, 0.0141331], [-0.07341344, -0.03961508, 0.0253976, -0.04861289, -0.02113064, 0.04801585], [0.11316565, 0.08244101, 0.08332881, 0.10861743, 0.08104297, -0.19649445], [0.21539316, -0.00976049, -0.11175885, 0.07553626, -0.00268134, -0.1036343], [0.40973429, 0.2590837, -0.07506052, 0.07744991, 0.06508537, -0.33467377], [0.15970327, 0.11827643, -0.06473112, 0.02860597, 0.03586562, -0.09497215], [0.04394504, 0.00591991, -0.00434868, -0.02539404, 0.09138123, -0.03959636], [0.2575899, 0.19710901, -0.13600057, 0.07865809, 0.02120294, -0.12158933], [0.17767944, -0.1309732, 0.38950876, 0.06571364, 0.17083501, -0.5671882], [0.01747449, 0.01581555, 0.06114427, 0.05216914, -0.05390753, -0.07861876], [0.36154674, 0.17018075, -0.12561257, 0.27855059, 0.0986838, -0.23593417], [0.14668356, 0.08831785, -0.07145934, 0.10781807, 0.01261141, -0.07522422], [-0.01907296, -0.04067254, -0.00023089, 0.03049698, -0.0442839, 0.01930385], [-0.04363659, 0.02609351, 0.07153041, -0.00566959, 0.01931584, -0.02789382], [0.07388531, 0.02632027, -0.04446961, 0.0121484, 0.01437782, -0.0294157], [-0.0166104, -0.02491725, 0.01200506, 0.0007004, -0.04497199, 0.00460534], [-0.0144515, 0.01253594, 0.04892608, -0.01202437, 0.01993179, -0.03447459], [-0.00548437, 0.00950278, -0.04024242, -0.03241653, 0.01198567, 0.04572679], [-0.00850933, -0.00500043, -0.00217504, 0.03523031, -0.04325497, 0.01068437], [-0.01271383, -0.00725784, -0.01294568, -0.00660094, 0.00213513, 0.02565951], [-0.02640973, -0.02128051, -0.02457453, -0.0401065, 0.02458508, 0.05098426], [0.08181425, 0.01556767, -0.03928838, -0.01056401, -0.01226575, -0.04252587], [-0.01938219, 0.04564888, 0.04105277, 0.03161519, 0.03150152, -0.02167057], [-0.01080446, 0.00477786, -0.01828634, 0.02414053, -0.03644562, 0.02909081], [0.00776235, 0.00212279, -0.03493336, -0.03255954, 0.02026128, 0.02717102], [-0.02584118, -0.00505558, -0.004331, 0.0037283, -0.06447742, 0.03017219], [-0.0088057, -0.02399864, -0.0348516, -0.0369381, 0.03903804, 0.0436573], [-0.0248457, 0.01858401, 0.07281376, 0.0113052, 0.0215106, -0.04796806], [-0.03984629, -0.02807218, 0.01332912, -0.01222707, -0.00484959, 0.02651717], [-0.04085772, -0.02666205, 0.01482407, -0.01489821, -0.0073423, 0.02603365]], "number of molecular orbitals": 87, "number of electrons": 90, "number of unpaired electrons": 0, "orbital energies/eV": [-20.29552416, -20.15597791, -20.13844277, -19.64752445, -19.28152552, -18.68140976, -18.31738924, -17.93850267, -17.63476548, -17.2847736, -17.11616002, -16.93884842, -16.64997165, -16.552481, -16.37251946, -15.94480638, -15.8490679, -15.70475713, -15.60377336, -15.37556039, -15.27241697, -14.85116737, -14.54855859, -14.45228651, -14.27527259, -14.12248947, -13.91806775, -13.77687857, -13.67638695, -13.59047878, -13.54609592, -12.99631926, -12.87211564, -12.86603567, -12.7605303, -12.64990641, -12.49856658, -12.29538531, -12.19971575, -12.02888958, -11.9740799, -11.73769541, -11.64132009, -11.23901485, -10.35847953, -8.60306469, -7.14177773, -6.1936459, -4.65907003, -1.29927164, -0.97669138, -0.45421132, -0.08183573, 0.01545057, 0.56883723, 1.02065496, 1.20626528, 1.75186771, 1.91677676, 2.33634132, 2.7023832, 2.89904955, 3.09475064, 3.41399253, 3.52164993, 3.63493132, 3.83464401, 4.0013188, 4.18972182, 4.68399837, 4.94621561, 5.18025104, 5.24062514, 5.45553977, 5.74708561, 6.19654588, 6.58459882, 6.67967469, 6.94038437, 7.16929219, 7.39023969, 7.60035152, 7.78129194, 12.03658627, 14.26017872, 14.93401551, 15.98302578], "fractional occupation": [2.0, 2.0, 2.0, 2.0, 2.0, 2.0, 2.0, 2.0, 2.0, 2.0, 2.0, 2.0, 2.0, 2.0, 2.0, 2.0, 2.0, 2.0, 2.0, 2.0, 2.0, 2.0, 2.0, 2.0, 2.0, 2.0, 2.0, 2.0, 2.0, 2.0, 2.0, 2.0, 2.0, 2.0, 2.0, 2.0, 2.0, 2.0, 2.0, 2.0, 2.0, 2.0, 2.0, 2.0, 2.0, 0.0, 0.0, 0.0, 0.0, 0.0, 0.0, 0.0, 0.0, 0.0, 0.0, 0.0, 0.0, 0.0, 0.0, 0.0, 0.0, 0.0, 0.0, 0.0, 0.0, 0.0, 0.0, 0.0, 0.0, 0.0, 0.0, 0.0, 0.0, 0.0, 0.0, 0.0, 0.0, 0.0, 0.0, 0.0, 0.0, 0.0, 0.0, 0.0, 0.0, 0.0, 0.0], "program call": "xtb /home/svss/Project-DBcg-Debug/aqme2_20220329/End-to-End-workflows-final/example-3/QDESCP/mol_412_rdkit_conf_7/mol_412_rdkit_conf_7.xyz --pop --wbo --acc 0.2 --gfn 2 --chrg 0 --uhf 0 --etemp 300 --input /home/svss/Project-DBcg-Debug/aqme2_20220329/End-to-End-workflows-final/example-3/QDESCP/mol_412_rdkit_conf_7/mol_412_rdkit_conf_7_xtb.inp", "method": "GFN2-xTB", "xtb version": "6.3.3 (7355c4f)", "Dipole module/D": 1.931, "Total charge": 0, "Transition dipole module/D": NaN, "HOMO": -10.3585, "LUMO": -8.6031, "HOMO occupancy": 2.0, "LUMO occupancy": 0, "mulliken charges": [-0.08656, -0.03534, -0.06221, 0.002, -0.09163, -0.06124, -0.028, -0.08934, 0.46886, -0.5247, -0.30072, 0.32651, -0.25453, -0.30159, 0.46865, -0.52348, 0.03268, 0.03006, 0.03217, 0.02635, 0.02833, 0.02703, 0.02463, 0.04564, 0.04632, 0.03708, 0.038, 0.04792, 0.04571, 0.03581, 0.03267, 0.04001, 0.26169, 0.26123], "cm5 charges": [-0.23722, -0.14828, -0.16852, -0.06176, -0.2398, -0.06222, -0.13191, -0.23783, 0.56644, -0.57072, -0.64664, 0.47689, -0.26378, -0.64718, 0.5669, -0.57048, 0.08423, 0.082, 0.08295, 0.08142, 0.08255, 0.08598, 0.0855, 0.10884, 0.10168, 0.08954, 0.09087, 0.10729, 0.10374, 0.09033, 0.08668, 0.09091, 0.46096, 0.46061], "FUKUI+": [0.009, 0.006, 0.004, -0.003, 0.015, -0.003, 0.011, 0.014, -0.041, -0.122, -0.031, -0.038, -0.314, -0.031, -0.04, -0.121, -0.002, -0.004, -0.021, -0.015, -0.016, 0.0, 0.007, -0.025, -0.009, -0.033, -0.019, -0.029, -0.03, -0.005, -0.004, -0.033, -0.04, -0.04], "FUKUI-": [0.013, 0.006, 0.007, -0.001, 0.013, -0.007, 0.008, 0.011, -0.003, -0.065, -0.02, 0.022, -0.358, -0.021, -0.005, -0.072, -0.031, -0.046, -0.035, -0.044, -0.058, -0.019, -0.016, -0.035, -0.028, -0.026, -0.031, -0.029, -0.025, -0.019, -0.013, -0.032, -0.02, -0.021], "FUKUIrad": [0.011, 0.006, 0.005, -0.002, 0.014, -0.005, 0.01, 0.013, -0.022, -0.093, -0.026, -0.008, -0.336, -0.026, -0.022, -0.097, -0.017, -0.025, -0.028, -0.029, -0.037, -0.009, -0.004, -0.03, -0.019, -0.029, -0.025, -0.029, -0.027, -0.012, -0.009, -0.032, -0.03, -0.03], "s proportion": [1.008, 1.027, 1.038, 1.071, 1.013, 1.11, 1.035, 1.01, 1.01, 1.731, 1.425, 1.019, 1.926, 1.426, 1.01, 1.731, 0.967, 0.97, 0.968, 0.974, 0.972, 0.973, 0.975, 0.954, 0.954, 0.963, 0.962, 0.952, 0.954, 0.964, 0.967, 0.96, 0.738, 0.739], "p proportion": [3.079, 3.008, 3.024, 2.928, 3.078, 2.951, 2.993, 3.079, 2.521, 4.794, 3.875, 2.655, 4.337, 3.875, 2.522, 4.793, 0.0, 0.0, 0.0, 0.0, 0.0, 0.0, 0.0, 0.0, 0.0, 0.0, 0.0, 0.0, 0.0, 0.0, 0.0, 0.0, 0.0, 0.0], "d proportion": [0.0, 0.0, 0.0, 0.0, 0.0, 0.0, 0.0, 0.0, 0.0, 0.0, 0.0, 0.0, -0.009, 0.0, 0.0, 0.0, 0.0, 0.0, 0.0, 0.0, 0.0, 0.0, 0.0, 0.0, 0.0, 0.0, 0.0, 0.0, 0.0, 0.0, 0.0, 0.0, 0.0, 0.0], "Fermi-level/eV": -9.4808, "Coordination numbers": [3.749, 3.798, 3.798, 3.844, 3.749, 3.895, 3.803, 3.747, 2.762, 0.859, 2.753, 2.818, 1.096, 2.753, 2.76, 0.859, 0.924, 0.924, 0.924, 0.924, 0.924, 0.924, 0.924, 0.923, 0.924, 0.924, 0.924, 0.924, 0.924, 0.924, 0.924, 0.924, 0.86, 0.86], "Dispersion coefficient C6": [22.525, 21.495, 21.615, 20.756, 22.665, 20.98, 21.523, 22.522, 22.313, 21.459, 23.952, 23.857, 153.556, 23.963, 22.291, 21.418, 2.483, 2.499, 2.498, 2.488, 2.507, 2.633, 2.689, 2.177, 2.306, 2.315, 2.369, 2.126, 2.199, 2.492, 2.535, 2.329, 0.971, 0.972], "Total dispersion C6": 12013.712303, "Total dispersion C8": 295652.680914, "Polarizability alpha": [6.769, 6.601, 6.62, 6.481, 6.79, 6.511, 6.605, 6.769, 7.736, 6.211, 7.269, 8.003, 20.956, 7.27, 7.732, 6.205, 2.464, 2.472, 2.472, 2.467, 2.476, 2.537, 2.564, 2.307, 2.375, 2.38, 2.407, 2.28, 2.319, 2.469, 2.49, 2.386, 1.544, 1.545], "Total polarizability alpha": 166.481517, "Wiberg matrix": [[0.0, 1.021739611847224, 0.0, 0.0, 0.0, 0.0, 0.0, 0.0, 0.0, 0.0, 0.0, 0.0, 0.0, 0.0, 0.0, 0.0, 0.9869472788747466, 0.9852447637639307, 0.9864606453648905, 0.0, 0.0, 0.0, 0.0, 0.0, 0.0, 0.0, 0.0, 0.0, 0.0, 0.0, 0.0, 0.0, 0.0, 0.0], [1.021739611847224, 0.0, 1.0048160309382372, 0.0, 0.0, 0.0, 0.0, 0.0, 0.0, 0.0, 0.0, 0.0, 0.0, 0.0, 0.0, 0.0, 0.0, 0.0, 0.0, 0.9751949897748224, 0.9761872187427644, 0.0, 0.0, 0.0, 0.0, 0.0, 0.0, 0.0, 0.0, 0.0, 0.0, 0.0, 0.0, 0.0], [0.0, 1.0048160309382372, 0.0, 0.9938664570669078, 0.0, 0.0, 0.0, 0.0, 0.0, 0.0, 0.0, 0.0, 0.0, 0.0, 0.0, 0.0, 0.0, 0.0, 0.0, 0.0, 0.0, 0.976670738237778, 0.9760212170550924, 0.0, 0.0, 0.0, 0.0, 0.0, 0.0, 0.0, 0.0, 0.0, 0.0, 0.0], [0.0, 0.0, 0.9938664570669078, 0.0, 1.011179874961435, 0.9077860155264277, 0.0, 0.0, 0.0, 0.0, 0.0, 0.0, 0.0, 0.0, 0.0, 0.0, 0.0, 0.0, 0.0, 0.0, 0.0, 0.0, 0.0, 0.9605504266516727, 0.0, 0.0, 0.0, 0.0, 0.0, 0.0, 0.0, 0.0, 0.0, 0.0], [0.0, 0.0, 0.0, 1.011179874961435, 0.0, 0.0, 0.0, 0.0, 0.0, 0.0, 0.0, 0.0, 0.0, 0.0, 0.0, 0.0, 0.0, 0.0, 0.0, 0.0, 0.0, 0.0, 0.0, 0.0, 0.9846633400224802, 0.9769180559976423, 0.9809820771275246, 0.0, 0.0, 0.0, 0.0, 0.0, 0.0, 0.0], [0.0, 0.0, 0.0, 0.9077860155264277, 0.0, 0.0, 0.9558175262222777, 0.0, 0.9578999034909511, 0.0, 0.0, 0.0, 0.0, 0.0, 0.9625436244029959, 0.0, 0.0, 0.0, 0.0, 0.0, 0.0, 0.0, 0.0, 0.0, 0.0, 0.0, 0.0, 0.0, 0.0, 0.0, 0.0, 0.0, 0.0, 0.0], [0.0, 0.0, 0.0, 0.0, 0.0, 0.9558175262222777, 0.0, 1.0196140562553047, 0.0, 0.0, 0.0, 0.0, 0.0, 0.0, 0.0, 0.0, 0.0, 0.0, 0.0, 0.0, 0.0, 0.0, 0.0, 0.0, 0.0, 0.0, 0.0, 0.9691407138840948, 0.9735732266317076, 0.0, 0.0, 0.0, 0.0, 0.0], [0.0, 0.0, 0.0, 0.0, 0.0, 0.0, 1.0196140562553047, 0.0, 0.0, 0.0, 0.0, 0.0, 0.0, 0.0, 0.0, 0.0, 0.0, 0.0, 0.0, 0.0, 0.0, 0.0, 0.0, 0.0, 0.0, 0.0, 0.0, 0.0, 0.0, 0.986402063887242, 0.9869835833230104, 0.9846108350648981, 0.0, 0.0], [0.0, 0.0, 0.0, 0.0, 0.0, 0.9578999034909511, 0.0, 0.0, 0.0, 1.734756174162603, 1.1432967791085817, 0.0, 0.0, 0.0, 0.0, 0.0, 0.0, 0.0, 0.0, 0.0, 0.0, 0.0, 0.0, 0.0, 0.0, 0.0, 0.0, 0.0, 0.0, 0.0, 0.0, 0.0, 0.0, 0.0], [0.0, 0.0, 0.0, 0.0, 0.0, 0.0, 0.0, 0.0, 1.734756174162603, 0.0, 0.1302972002461511, 0.0, 0.0, 0.0, 0.0, 0.0, 0.0, 0.0, 0.0, 0.0, 0.0, 0.0, 0.0, 0.0, 0.0, 0.0, 0.0, 0.0, 0.0, 0.0, 0.0, 0.0, 0.0, 0.0], [0.0, 0.0, 0.0, 0.0, 0.0, 0.0, 0.0, 0.0, 1.1432967791085817, 0.1302972002461511, 0.0, 1.1883104430933482, 0.0, 0.0, 0.0, 0.0, 0.0, 0.0, 0.0, 0.0, 0.0, 0.0, 0.0, 0.0, 0.0, 0.0, 0.0, 0.0, 0.0, 0.0, 0.0, 0.0, 0.911758157188293, 0.0], [0.0, 0.0, 0.0, 0.0, 0.0, 0.0, 0.0, 0.0, 0.0, 0.0, 1.1883104430933482, 0.0, 1.529463683305898, 1.1893865089430689, 0.0, 0.0, 0.0, 0.0, 0.0, 0.0, 0.0, 0.0, 0.0, 0.0, 0.0, 0.0, 0.0, 0.0, 0.0, 0.0, 0.0, 0.0, 0.0, 0.0], [0.0, 0.0, 0.0, 0.0, 0.0, 0.0, 0.0, 0.0, 0.0, 0.0, 0.0, 1.529463683305898, 0.0, 0.0, 0.0, 0.0, 0.0, 0.0, 0.0, 0.0, 0.0, 0.0, 0.0, 0.0, 0.0, 0.0, 0.0, 0.0, 0.0, 0.0, 0.0, 0.0, 0.0, 0.0], [0.0, 0.0, 0.0, 0.0, 0.0, 0.0, 0.0, 0.0, 0.0, 0.0, 0.0, 1.1893865089430689, 0.0, 0.0, 1.1391795568417418, 0.1291590371518215, 0.0, 0.0, 0.0, 0.0, 0.0, 0.0, 0.0, 0.0, 0.0, 0.0, 0.0, 0.0, 0.0, 0.0, 0.0, 0.0, 0.0, 0.9117253586802221], [0.0, 0.0, 0.0, 0.0, 0.0, 0.9625436244029959, 0.0, 0.0, 0.0, 0.0, 0.0, 0.0, 0.0, 1.1391795568417418, 0.0, 1.7365227709869169, 0.0, 0.0, 0.0, 0.0, 0.0, 0.0, 0.0, 0.0, 0.0, 0.0, 0.0, 0.0, 0.0, 0.0, 0.0, 0.0, 0.0, 0.0], [0.0, 0.0, 0.0, 0.0, 0.0, 0.0, 0.0, 0.0, 0.0, 0.0, 0.0, 0.0, 0.0, 0.1291590371518215, 1.7365227709869169, 0.0, 0.0, 0.0, 0.0, 0.0, 0.0, 0.0, 0.0, 0.0, 0.0, 0.0, 0.0, 0.0, 0.0, 0.0, 0.0, 0.0, 0.0, 0.0], [0.9869472788747466, 0.0, 0.0, 0.0, 0.0, 0.0, 0.0, 0.0, 0.0, 0.0, 0.0, 0.0, 0.0, 0.0, 0.0, 0.0, 0.0, 0.0, 0.0, 0.0, 0.0, 0.0, 0.0, 0.0, 0.0, 0.0, 0.0, 0.0, 0.0, 0.0, 0.0, 0.0, 0.0, 0.0], [0.9852447637639307, 0.0, 0.0, 0.0, 0.0, 0.0, 0.0, 0.0, 0.0, 0.0, 0.0, 0.0, 0.0, 0.0, 0.0, 0.0, 0.0, 0.0, 0.0, 0.0, 0.0, 0.0, 0.0, 0.0, 0.0, 0.0, 0.0, 0.0, 0.0, 0.0, 0.0, 0.0, 0.0, 0.0], [0.9864606453648905, 0.0, 0.0, 0.0, 0.0, 0.0, 0.0, 0.0, 0.0, 0.0, 0.0, 0.0, 0.0, 0.0, 0.0, 0.0, 0.0, 0.0, 0.0, 0.0, 0.0, 0.0, 0.0, 0.0, 0.0, 0.0, 0.0, 0.0, 0.0, 0.0, 0.0, 0.0, 0.0, 0.0], [0.0, 0.9751949897748224, 0.0, 0.0, 0.0, 0.0, 0.0, 0.0, 0.0, 0.0, 0.0, 0.0, 0.0, 0.0, 0.0, 0.0, 0.0, 0.0, 0.0, 0.0, 0.0, 0.0, 0.0, 0.0, 0.0, 0.0, 0.0, 0.0, 0.0, 0.0, 0.0, 0.0, 0.0, 0.0], [0.0, 0.9761872187427644, 0.0, 0.0, 0.0, 0.0, 0.0, 0.0, 0.0, 0.0, 0.0, 0.0, 0.0, 0.0, 0.0, 0.0, 0.0, 0.0, 0.0, 0.0, 0.0, 0.0, 0.0, 0.0, 0.0, 0.0, 0.0, 0.0, 0.0, 0.0, 0.0, 0.0, 0.0, 0.0], [0.0, 0.0, 0.976670738237778, 0.0, 0.0, 0.0, 0.0, 0.0, 0.0, 0.0, 0.0, 0.0, 0.0, 0.0, 0.0, 0.0, 0.0, 0.0, 0.0, 0.0, 0.0, 0.0, 0.0, 0.0, 0.0, 0.0, 0.0, 0.0, 0.0, 0.0, 0.0, 0.0, 0.0, 0.0], [0.0, 0.0, 0.9760212170550924, 0.0, 0.0, 0.0, 0.0, 0.0, 0.0, 0.0, 0.0, 0.0, 0.0, 0.0, 0.0, 0.0, 0.0, 0.0, 0.0, 0.0, 0.0, 0.0, 0.0, 0.0, 0.0, 0.0, 0.0, 0.0, 0.0, 0.0, 0.0, 0.0, 0.0, 0.0], [0.0, 0.0, 0.0, 0.9605504266516727, 0.0, 0.0, 0.0, 0.0, 0.0, 0.0, 0.0, 0.0, 0.0, 0.0, 0.0, 0.0, 0.0, 0.0, 0.0, 0.0, 0.0, 0.0, 0.0, 0.0, 0.0, 0.0, 0.0, 0.0, 0.0, 0.0, 0.0, 0.0, 0.0, 0.0], [0.0, 0.0, 0.0, 0.0, 0.9846633400224802, 0.0, 0.0, 0.0, 0.0, 0.0, 0.0, 0.0, 0.0, 0.0, 0.0, 0.0, 0.0, 0.0, 0.0, 0.0, 0.0, 0.0, 0.0, 0.0, 0.0, 0.0, 0.0, 0.0, 0.0, 0.0, 0.0, 0.0, 0.0, 0.0], [0.0, 0.0, 0.0, 0.0, 0.9769180559976423, 0.0, 0.0, 0.0, 0.0, 0.0, 0.0, 0.0, 0.0, 0.0, 0.0, 0.0, 0.0, 0.0, 0.0, 0.0, 0.0, 0.0, 0.0, 0.0, 0.0, 0.0, 0.0, 0.0, 0.0, 0.0, 0.0, 0.0, 0.0, 0.0], [0.0, 0.0, 0.0, 0.0, 0.9809820771275246, 0.0, 0.0, 0.0, 0.0, 0.0, 0.0, 0.0, 0.0, 0.0, 0.0, 0.0, 0.0, 0.0, 0.0, 0.0, 0.0, 0.0, 0.0, 0.0, 0.0, 0.0, 0.0, 0.0, 0.0, 0.0, 0.0, 0.0, 0.0, 0.0], [0.0, 0.0, 0.0, 0.0, 0.0, 0.0, 0.9691407138840948, 0.0, 0.0, 0.0, 0.0, 0.0, 0.0, 0.0, 0.0, 0.0, 0.0, 0.0, 0.0, 0.0, 0.0, 0.0, 0.0, 0.0, 0.0, 0.0, 0.0, 0.0, 0.0, 0.0, 0.0, 0.0, 0.0, 0.0], [0.0, 0.0, 0.0, 0.0, 0.0, 0.0, 0.9735732266317076, 0.0, 0.0, 0.0, 0.0, 0.0, 0.0, 0.0, 0.0, 0.0, 0.0, 0.0, 0.0, 0.0, 0.0, 0.0, 0.0, 0.0, 0.0, 0.0, 0.0, 0.0, 0.0, 0.0, 0.0, 0.0, 0.0, 0.0], [0.0, 0.0, 0.0, 0.0, 0.0, 0.0, 0.0, 0.986402063887242, 0.0, 0.0, 0.0, 0.0, 0.0, 0.0, 0.0, 0.0, 0.0, 0.0, 0.0, 0.0, 0.0, 0.0, 0.0, 0.0, 0.0, 0.0, 0.0, 0.0, 0.0, 0.0, 0.0, 0.0, 0.0, 0.0], [0.0, 0.0, 0.0, 0.0, 0.0, 0.0, 0.0, 0.9869835833230104, 0.0, 0.0, 0.0, 0.0, 0.0, 0.0, 0.0, 0.0, 0.0, 0.0, 0.0, 0.0, 0.0, 0.0, 0.0, 0.0, 0.0, 0.0, 0.0, 0.0, 0.0, 0.0, 0.0, 0.0, 0.0, 0.0], [0.0, 0.0, 0.0, 0.0, 0.0, 0.0, 0.0, 0.9846108350648981, 0.0, 0.0, 0.0, 0.0, 0.0, 0.0, 0.0, 0.0, 0.0, 0.0, 0.0, 0.0, 0.0, 0.0, 0.0, 0.0, 0.0, 0.0, 0.0, 0.0, 0.0, 0.0, 0.0, 0.0, 0.0, 0.0], [0.0, 0.0, 0.0, 0.0, 0.0, 0.0, 0.0, 0.0, 0.0, 0.0, 0.911758157188293, 0.0, 0.0, 0.0, 0.0, 0.0, 0.0, 0.0, 0.0, 0.0, 0.0, 0.0, 0.0, 0.0, 0.0, 0.0, 0.0, 0.0, 0.0, 0.0, 0.0, 0.0, 0.0, 0.0], [0.0, 0.0, 0.0, 0.0, 0.0, 0.0, 0.0, 0.0, 0.0, 0.0, 0.0, 0.0, 0.0, 0.9117253586802221, 0.0, 0.0, 0.0, 0.0, 0.0, 0.0, 0.0, 0.0, 0.0, 0.0, 0.0, 0.0, 0.0, 0.0, 0.0, 0.0, 0.0, 0.0, 0.0, 0.0]], "Born radii": [], "Atomic SASAs": [], "Solvent H bonds": [], "Total SASA": NaN, "Total FOD": 0.0, "FOD": [0.0, 0.0, 0.0, 0.0, 0.0, 0.0, 0.0, 0.0, 0.0, 0.0, 0.0, 0.0, 0.0, 0.0, 0.0, 0.0, 0.0, 0.0, 0.0, 0.0, 0.0, 0.0, 0.0, 0.0, 0.0, 0.0, 0.0, 0.0, 0.0, 0.0, 0.0, 0.0, 0.0, 0.0], "FOD s proportion": [0.0, 0.0, 0.0, 0.0, 0.0, 0.0, 0.0, 0.0, 0.0, 0.0, 0.0, 0.0, 0.0, 0.0, 0.0, 0.0, 0.0, 0.0, 0.0, 0.0, 0.0, 0.0, 0.0, 0.0, 0.0, 0.0, 0.0, 0.0, 0.0, 0.0, 0.0, 0.0, 0.0, 0.0], "FOD p proportion": [0.0, 0.0, 0.0, 0.0, 0.0, 0.0, 0.0, 0.0, 0.0, 0.0, 0.0, 0.0, 0.0, 0.0, 0.0, 0.0, 0.0, 0.0, 0.0, 0.0, 0.0, 0.0, 0.0, 0.0, 0.0, 0.0, 0.0, 0.0, 0.0, 0.0, 0.0, 0.0, 0.0, 0.0], "FOD d proportion": [0.0, 0.0, 0.0, 0.0, 0.0, 0.0, 0.0, 0.0, 0.0, 0.0, 0.0, 0.0, 0.0, 0.0, 0.0, 0.0, 0.0, 0.0, 0.0, 0.0, 0.0, 0.0, 0.0, 0.0, 0.0, 0.0, 0.0, 0.0, 0.0, 0.0, 0.0, 0.0, 0.0, 0.0], "coordinates": [["3.54000", "0.73070", "-0.77300"], ["2.85560", "1.03030", "0.55120"], ["1.32550", "0.92500", "0.49360"], ["0.74510", "-0.45430", "0.07230"], ["1.23210", "-1.55260", "1.03280"], ["-0.82930", "-0.42630", "-0.11600"], ["-1.37360", "-1.83470", "-0.50080"], ["-2.86310", "-1.86560", "-0.84620"], ["-1.11520", "0.50950", "-1.28760"], ["-0.83310", "0.23150", "-2.45270"], ["-1.66300", "1.72960", "-1.00070"], ["-2.06860", "2.16040", "0.22040"], ["-2.72610", "3.67190", "0.42760"], ["-1.93030", "1.30320", "1.26290"], ["-1.49720", "0.00820", "1.18330"], ["-1.63420", "-0.73350", "2.15500"], ["3.12810", "1.34820", "-1.57740"], ["3.43170", "-0.32130", "-1.05210"], ["4.61140", "0.94310", "-0.69790"], ["3.26000", "0.37880", "1.33280"], ["3.11340", "2.05450", "0.84850"], ["0.94100", "1.19530", "1.48450"], ["0.97640", "1.69930", "-0.19820"], ["1.16970", "-0.69820", "-0.91120"], ["0.90620", "-1.36530", "2.06010"], ["2.32460", "-1.61570", "1.03900"], ["0.88230", "-2.54350", "0.73230"], ["-1.22830", "-2.54170", "0.32410"], ["-0.81350", "-2.23040", "-1.35770"], ["-3.08880", "-1.26150", "-1.72970"], ["-3.47610", "-1.50470", "-0.01490"], ["-3.17090", "-2.89360", "-1.06440"], ["-1.80370", "2.34530", "-1.79230"], ["-2.32820", "1.57800", "2.15270"]], "bond_dist": [[0.0, 1.5204174295238793, 2.5585226792037625, 3.151225650441428, 3.7149394261548867, 4.567393183206368, 5.54966980639389, 6.909835131173536, 4.688776987658935, 4.711114129375344, 5.302910285871335, 5.872587130898953, 7.025390167812746, 5.864880829991348, 5.45183453343918, 6.12285973055075, 1.0945442978701228, 1.093768576985095, 1.0948295438103592, 2.1532829005962038, 2.136280938921658, 3.4737530726866583, 2.800111776340366, 2.7711327178610556, 4.399610670275269, 3.2040808541608308, 4.477687240082764, 5.8863329042792, 5.297447456086752, 6.987497776028269, 7.4025257838119005, 7.632603963261818, 5.674595610261581, 6.611611680974617], [1.5204174295238793, 0.0, 1.53480026713576, 2.6244223402493736, 3.088537391711488, 4.01812486242028, 5.215463703257842, 6.560677804922293, 4.406775546814246, 4.823691982289085, 4.828577436471326, 5.063032716663008, 6.176463584447009, 4.846218124476033, 4.515651299646597, 5.083450493513239, 2.1693903798071936, 2.174691854033578, 2.1565454528017716, 1.0949384320590816, 1.097193588205837, 2.1363443191583142, 2.1308575738420434, 2.8228681903340793, 3.4374174797367862, 2.7424853399790488, 4.086411205446657, 5.430377299967287, 5.266721799184005, 6.766885798504361, 6.843764979892281, 7.370607628954346, 5.3786888495245755, 5.453123873524238], [2.5585226792037625, 1.53480026713576, 0.0, 1.5546145310011739, 2.537313926182568, 2.615489799253669, 3.986215781916478, 5.208347373207744, 3.0499721605286823, 3.7176847499485484, 3.4367784188102672, 3.6222598208852994, 4.895434420968175, 3.3667627433485716, 3.0469400420749997, 3.777657514915824, 2.7780399565161042, 2.8945691596505343, 3.4953023717555536, 2.178274851803601, 2.1443671957013333, 1.0967156194748025, 1.095444448614351, 2.1523277910206895, 2.8062802479438864, 2.7840291772896353, 3.5048389663435318, 4.3091337389317586, 4.23782749176981, 5.404617436044849, 5.405310065111899, 6.101367299220724, 4.127285250621769, 4.065531392081483], [3.151225650441428, 2.6244223402493736, 1.5546145310011739, 0.0, 1.5381781886374544, 1.5858676647185916, 2.5928435085828068, 3.981773120106167, 2.4977899311191085, 3.055595176066358, 3.423403835366199, 3.843890918067265, 5.403794404860348, 3.4152744794525662, 2.544825443915555, 3.174375595294294, 3.4130932216978778, 2.9154388897728594, 4.182608096630618, 2.9338776167386396, 3.5362987387945606, 2.180336169034491, 2.182810779705836, 1.0986558241778905, 2.192538038438558, 2.1859046411039986, 2.1952631915103025, 2.8835654249557092, 2.7620038323651905, 4.312489426073993, 4.350801470993592, 4.751560520502712, 4.220293207823361, 4.23125044638107], [3.7149394261548867, 3.088537391711488, 2.537313926182568, 1.5381781886374544, 0.0, 2.614892558022222, 3.0366398963327867, 4.51655543971288, 3.891828601056321, 4.426824380975599, 4.825926139094961, 5.033982841647357, 6.58247784120843, 4.267237210420813, 3.1476698333846898, 3.185268173953333, 4.338502124005473, 3.271260897574512, 4.5435128997285785, 2.816502151605782, 4.072398137461513, 2.799951162074082, 3.486487788591837, 2.124389116899256, 1.09390922383898, 1.0943382932164991, 1.0929515542785966, 2.7448392776262875, 3.2184441039110805, 5.136761846727956, 4.82359999792686, 5.05795787250151, 5.691300032505755, 4.871403130515889], [4.567393183206368, 4.01812486242028, 2.615489799253669, 1.5858676647185916, 2.614892558022222, 0.0, 1.5581797361023533, 2.5963664937754842, 1.5264688041358723, 2.427525936009747, 2.4750059777705586, 2.8879138387424237, 4.548471659799586, 2.4707764892842894, 1.5241591616363432, 2.4289250400125564, 4.576631399839843, 4.363877772119655, 5.640485835457793, 4.412434921899698, 4.757048683795447, 2.885333412276647, 2.790248141294964, 2.168472653735804, 2.937531695148156, 3.563114167410301, 2.851617661959611, 2.1972269272881215, 2.1901701623389904, 2.8994701205565128, 2.8598458017872224, 3.531306048758731, 3.3824848277560684, 3.3780052383026287], [5.54966980639389, 5.215463703257842, 3.986215781916478, 2.5928435085828068, 3.0366398963327867, 1.5581797361023533, 0.0, 1.529335221591395, 2.4861814977993864, 2.8933088843053034, 3.6108014151985706, 4.1187350546011094, 5.745765951550759, 3.6423850688800057, 2.4995499954991898, 2.8868369264646727, 5.617403569265787, 5.068058734860913, 6.601154917891262, 5.452698430135302, 6.089306703558296, 4.298800908392944, 4.254788215645991, 2.815747733729, 3.4606405779855263, 4.011935727301722, 2.666836676663946, 1.0960935635245743, 1.0975281818705156, 2.186473070952396, 2.1830036784210876, 2.160833510476918, 4.3960616760914535, 4.427058244477929], [6.909835131173536, 6.560677804922293, 5.208347373207744, 3.981773120106167, 4.51655543971288, 2.5963664937754842, 1.529335221591395, 0.0, 2.981792813057272, 3.331601815943796, 3.7933591050676974, 4.239993137966145, 5.683770024376426, 3.9191468574168025, 3.0815060441284228, 3.4349740988834254, 6.837955931416932, 6.484733174156051, 7.986171725551611, 6.875880014223633, 7.345593532860363, 5.410401843671134, 5.279221179302871, 4.198871705589491, 4.785864840339727, 5.525274684574515, 4.120586344199087, 2.121151654172799, 2.1437283993080842, 1.0938233632538665, 1.094110369204131, 1.095050720286508, 4.443997342483454, 4.597597218112957], [4.688776987658935, 4.406775546814246, 3.0499721605286823, 2.4977899311191085, 3.891828601056321, 1.5264688041358723, 2.4861814977993864, 2.981792813057272, 0.0, 1.2305780836663718, 1.3678598100682686, 2.430741938174433, 3.9417868549681883, 2.7927402224338733, 2.5500142156466503, 3.696742452484349, 4.335088997933029, 4.628173343771817, 5.7731882534696535, 5.101563847488336, 4.98307196115007, 3.5189229161776194, 2.6414403192198, 2.6117014109579983, 4.3368223724289185, 4.664950872195762, 4.170229161568942, 3.4525628075387713, 2.7573517929346627, 2.6883062269763838, 3.354193754093523, 3.982061066834611, 2.02457797577668, 3.801147897675122], [4.711114129375344, 4.823691982289085, 3.7176847499485484, 3.055595176066358, 4.426824380975599, 2.427525936009747, 2.8933088843053034, 3.331601815943796, 1.2305780836663718, 0.0, 2.2452932147049305, 3.5203095133808904, 4.86990033265569, 4.0197104485273565, 3.70288910176905, 4.775341401407862, 4.207644759244773, 4.522807451130327, 5.764397440322796, 5.5772013725523655, 5.458581563922994, 4.424690394818603, 3.2421439419001743, 2.6929114690238145, 5.093161942251592, 5.0571915150605085, 4.559325296576238, 3.944292017586933, 2.694505663382432, 2.7999929446339684, 3.99283211267391, 4.142334576057324, 2.4179212063257975, 5.025743270402896], [5.302910285871335, 4.828577436471326, 3.4367784188102672, 3.423403835366199, 4.825926139094961, 2.4750059777705586, 3.6108014151985706, 3.7933591050676974, 1.3678598100682686, 2.2452932147049305, 0.0, 1.3569028004982522, 2.6349102053011215, 2.3188685193430003, 2.7857788139046504, 4.003265359678271, 4.840732182222024, 5.492249162228531, 6.330747621726837, 5.613003820593747, 5.132163053723059, 3.6390261788011364, 2.75886873555086, 3.731810871413502, 5.054472404712484, 5.59038119809374, 5.266993895952415, 4.493112820751333, 4.065796262726405, 3.3927902749801677, 3.8366430300459284, 4.863311458255579, 1.0126764241355675, 3.226360977944036], [5.872587130898953, 5.063032716663008, 3.6222598208852994, 3.843890918067265, 5.033982841647357, 2.8879138387424237, 4.1187350546011094, 4.239993137966145, 2.430741938174433, 3.5203095133808904, 1.3569028004982522, 0.0, 1.6612857490510173, 1.3567332014806743, 2.4260336374419875, 3.5079962556992563, 5.558546983699967, 6.166959642319707, 6.851824149815871, 5.727609473419081, 5.221000710591793, 3.40397693587956, 3.108032202214128, 4.465277080988368, 4.966335834395415, 5.850576331439494, 5.576426062452546, 4.777719350275819, 4.831645709279604, 4.0685498227255374, 3.933113315174125, 5.329980518726124, 2.038460524513536, 2.0347887384197896], [7.025390167812746, 6.176463584447009, 4.895434420968175, 5.403794404860348, 6.58247784120843, 4.548471659799586, 5.745765951550759, 5.683770024376426, 3.9417868549681883, 4.86990033265569, 2.6349102053011215, 1.6612857490510173, 0.0, 2.6347226457447093, 3.9375087796727515, 4.856305749229552, 6.609936787141009, 7.4868991692155165, 7.908982610930435, 6.891827613920708, 6.073952569785181, 4.549528281041893, 4.241613213153694, 6.005615463047897, 6.421218216195428, 7.337717234262984, 7.193371240941204, 6.392412850403202, 6.4561970338582455, 5.396659164705512, 5.249332701401198, 6.747570028536199, 2.7456593616106133, 2.7420269199991454], [5.864880829991348, 4.846218124476033, 3.3667627433485716, 3.4152744794525662, 4.267237210420813, 2.4707764892842894, 3.6423850688800057, 3.9191468574168025, 2.7927402224338733, 4.0197104485273565, 2.3188685193430003, 1.3567332014806743, 2.6347226457447093, 0.0, 1.3678219072671705, 2.243137202669511, 5.801442893798059, 6.062117554947281, 6.8387314276845235, 5.272439232461575, 5.116159569442688, 2.881859236673436, 3.277287492729315, 4.282792636820045, 3.975192113596524, 5.164715135416474, 4.794721682225153, 4.019627526276532, 4.538845179117701, 4.107975547639008, 3.450590223425552, 4.956666610737503, 3.230518071455413, 1.0127109607385514], [5.45183453343918, 4.515651299646597, 3.0469400420749997, 2.544825443915555, 3.1476698333846898, 1.5241591616363432, 2.4995499954991898, 3.0815060441284228, 2.5500142156466503, 3.70288910176905, 2.7857788139046504, 2.4260336374419875, 3.9375087796727515, 1.3678219072671705, 0.0, 1.230076737443644, 5.5507174833529405, 5.422143360332702, 6.459717130803794, 4.773955011308757, 5.055399795268421, 2.728506384452857, 3.2995542759591032, 3.463854330077984, 2.9037238246775465, 4.15500047412753, 3.518038393764343, 2.704167498510401, 3.4547730243823542, 3.553997418400863, 2.764162596519966, 4.034088524065877, 3.7960735003421626, 2.0235042377025056], [6.12285973055075, 5.083450493513239, 3.777657514915824, 3.174375595294294, 3.185268173953333, 2.4289250400125564, 2.8868369264646727, 3.4349740988834254, 3.696742452484349, 4.775341401407862, 4.003265359678271, 3.5079962556992563, 4.856305749229552, 2.243137202669511, 1.230076737443644, 0.0, 6.398733151179224, 6.009887025560464, 7.068065175845509, 5.085903830195769, 5.658585689905208, 3.2865627530902253, 4.274493939637767, 4.155079270001957, 2.6195055659417865, 4.206641211227789, 3.410710708928566, 2.6050982438288193, 3.9055498191675904, 4.181571385256982, 2.948866063421667, 4.17037351564581, 5.008883805799452, 2.4134360443152416], [1.0945442978701228, 2.1693903798071936, 2.7780399565161042, 3.4130932216978778, 4.338502124005473, 4.576631399839843, 5.617403569265787, 6.837955931416932, 4.335088997933029, 4.207644759244773, 4.840732182222024, 5.558546983699967, 6.609936787141009, 5.801442893798059, 5.5507174833529405, 6.398733151179224, 0.0, 1.7763286013573052, 1.77138509364847, 3.0702439658763274, 2.5266710490287414, 3.7659018083322353, 2.579782304769145, 2.9097948312552897, 5.052853462153835, 4.034335685091165, 5.052094676468366, 6.1420880179300585, 5.328307105451036, 6.744151168975974, 7.3617866241830185, 7.611401792048558, 5.03617331512727, 6.6134456783132345], [1.093768576985095, 2.174691854033578, 2.8945691596505343, 2.9154388897728594, 3.271260897574512, 4.363877772119655, 5.068058734860913, 6.484733174156051, 4.628173343771817, 4.522807451130327, 5.492249162228531, 6.166959642319707, 7.4868991692155165, 6.062117554947281, 5.422143360332702, 6.009887025560464, 1.7763286013573052, 0.0, 1.7651790532407752, 2.4914591929228944, 3.059088244886048, 3.864971100797521, 3.2924865466695534, 2.297509612602307, 4.141723685858341, 2.697005928803272, 3.823832705545576, 5.3422563210688425, 4.664737635709002, 6.6226911486192686, 7.084766773860661, 7.085986546699056, 5.921829511223706, 6.85963056876972], [1.0948295438103592, 2.1565454528017716, 3.4953023717555536, 4.182608096630618, 4.5435128997285785, 5.640485835457793, 6.601154917891262, 7.986171725551611, 5.7731882534696535, 5.764397440322796, 6.330747621726837, 6.851824149815871, 7.908982610930435, 6.8387314276845235, 6.459717130803794, 7.068065175845509, 1.77138509364847, 1.7651790532407752, 0.0, 2.503689066158176, 2.422925281555335, 4.277652482378623, 3.7462999786455966, 3.818986969079628, 5.163698442008402, 3.846262249249263, 5.301701463681258, 6.876802391373479, 6.319491933692138, 8.075763272904922, 8.477374009090315, 8.6843987949656, 6.657130328452342, 7.5290813868625435], [2.1532829005962038, 1.0949384320590816, 2.178274851803601, 2.9338776167386396, 2.816502151605782, 4.412434921899698, 5.452698430135302, 6.875880014223633, 5.101563847488336, 5.5772013725523655, 5.613003820593747, 5.727609473419081, 6.891827613920708, 5.272439232461575, 4.773955011308757, 5.085903830195769, 3.0702439658763274, 2.4914591929228944, 2.503689066158176, 0.0, 1.7504309583642537, 2.4632186545250097, 3.0500016737700326, 3.250356763495355, 3.0184805018419447, 2.22245851479842, 3.8149567271464564, 5.449002920718615, 5.5353515823297075, 7.237178440525009, 7.1231250690971315, 7.603396899412788, 6.266931462047435, 5.773932445915868], [2.136280938921658, 1.097193588205837, 2.1443671957013333, 3.5362987387945606, 4.072398137461513, 4.757048683795447, 6.089306703558296, 7.345593532860363, 4.98307196115007, 5.458581563922994, 5.132163053723059, 5.221000710591793, 6.073952569785181, 5.116159569442688, 5.055399795268421, 5.658585689905208, 2.5266710490287414, 3.059088244886048, 2.422925281555335, 1.7504309583642537, 0.0, 2.4211655044626754, 2.405933691937498, 3.8015616620015518, 4.246732678189198, 3.758838082439838, 5.112036154997341, 6.3443209794271915, 6.216770066521682, 7.490677945286394, 7.538890797060268, 8.224068732081463, 5.588941016865359, 5.615959441627049], [3.4737530726866583, 2.1363443191583142, 1.0967156194748025, 2.180336169034491, 2.799951162074082, 2.885333412276647, 4.298800908392944, 5.410401843671134, 3.5189229161776194, 4.424690394818603, 3.6390261788011364, 3.40397693587956, 4.549528281041893, 2.881859236673436, 2.728506384452857, 3.2865627530902253, 3.7659018083322353, 3.864971100797521, 4.277652482378623, 2.4632186545250097, 2.4211655044626754, 0.0, 1.7569144686068243, 3.062192748668836, 2.624728321179165, 3.1645758341363854, 3.814167795207757, 4.4740987528216225, 4.7845367152943865, 5.710187030211882, 5.389709896645645, 6.334328380341519, 4.426431557134934, 3.358663301076784], [2.800111776340366, 2.1308575738420434, 1.095444448614351, 2.182810779705836, 3.486487788591837, 2.790248141294964, 4.254788215645991, 5.279221179302871, 2.6414403192198, 3.2421439419001743, 2.75886873555086, 3.108032202214128, 4.241613213153694, 3.277287492729315, 3.2995542759591032, 4.274493939637767, 2.579782304769145, 3.2924865466695534, 3.7462999786455966, 3.0500016737700326, 2.405933691937498, 1.7569144686068243, 0.0, 2.5087327757256253, 3.8074427231410843, 3.7864933751427583, 4.344656131387154, 4.8082824771429555, 4.471098785533596, 5.257155117551697, 5.488530872647069, 6.248610256689082, 3.2691630152074094, 4.0573175448811005], [2.7711327178610556, 2.8228681903340793, 2.1523277910206895, 1.0986558241778905, 2.124389116899256, 2.168472653735804, 2.815747733729, 4.198871705589491, 2.6117014109579983, 2.6929114690238145, 3.731810871413502, 4.465277080988368, 6.005615463047897, 4.282792636820045, 3.463854330077984, 4.155079270001957, 2.9097948312552897, 2.297509612602307, 3.818986969079628, 3.250356763495355, 3.8015616620015518, 3.062192748668836, 2.5087327757256253, 0.0, 3.0566449499410298, 2.4451749017197115, 2.4877345316572668, 3.2672407839031394, 2.5456003869421453, 4.372879073333723, 4.799713906057319, 4.866627144131755, 4.345150977814234, 5.177245798684856], [4.399610670275269, 3.4374174797367862, 2.8062802479438864, 2.192538038438558, 1.09390922383898, 2.937531695148156, 3.4606405779855263, 4.785864840339727, 4.3368223724289185, 5.093161942251592, 5.054472404712484, 4.966335834395415, 6.421218216195428, 3.975192113596524, 2.9037238246775465, 2.6195055659417865, 5.052853462153835, 4.141723685858341, 5.163698442008402, 3.0184805018419447, 4.246732678189198, 2.624728321179165, 3.8074427231410843, 3.0566449499410298, 0.0, 1.7655605143976232, 1.7753251223367508, 2.992273919613644, 3.9226423415855796, 5.507575099805721, 4.850733001310214, 5.359192621095084, 5.996090070204082, 4.374120827092], [3.2040808541608308, 2.7424853399790488, 2.7840291772896353, 2.1859046411039986, 1.0943382932164991, 3.563114167410301, 4.011935727301722, 5.525274684574515, 4.664950872195762, 5.0571915150605085, 5.59038119809374, 5.850576331439494, 7.337717234262984, 5.164715135416474, 4.15500047412753, 4.206641211227789, 4.034335685091165, 2.697005928803272, 3.846262249249263, 2.22245851479842, 3.758838082439838, 3.1645758341363854, 3.7864933751427583, 2.4451749017197115, 1.7655605143976232, 0.0, 1.7421558541072037, 3.7405422628276774, 3.9962105287384446, 6.090653240006362, 5.896706428168186, 6.021448349027001, 6.383466266849069, 5.752268701999237], [4.477687240082764, 4.086411205446657, 3.5048389663435318, 2.1952631915103025, 1.0929515542785966, 2.851617661959611, 2.666836676663946, 4.120586344199087, 4.170229161568942, 4.559325296576238, 5.266993895952415, 5.576426062452546, 7.193371240941204, 4.794721682225153, 3.518038393764343, 3.410710708928566, 5.052094676468366, 3.823832705545576, 5.301701463681258, 3.8149567271464564, 5.112036154997341, 3.814167795207757, 4.344656131387154, 2.4877345316572668, 1.7753251223367508, 1.7421558541072037, 0.0, 2.149712269118823, 2.7095883912505974, 4.845059670427187, 4.542363243951325, 4.447373510286718, 6.122790752589868, 5.4140196397870595], [5.8863329042792, 5.430377299967287, 4.3091337389317586, 2.8835654249557092, 2.7448392776262875, 2.1972269272881215, 1.0960935635245743, 2.121151654172799, 3.4525628075387713, 3.944292017586933, 4.493112820751333, 4.777719350275819, 6.392412850403202, 4.019627526276532, 2.704167498510401, 2.6050982438288193, 6.1420880179300585, 5.3422563210688425, 6.876802391373479, 5.449002920718615, 6.3443209794271915, 4.4740987528216225, 4.8082824771429555, 3.2672407839031394, 2.992273919613644, 3.7405422628276774, 2.149712269118823, 0.0, 1.759948286172068, 3.0526163745220263, 2.498578563903885, 2.413599100927907, 5.356585024061506, 4.639556666320608], [5.297447456086752, 5.266721799184005, 4.23782749176981, 2.7620038323651905, 3.2184441039110805, 2.1901701623389904, 1.0975281818705156, 2.1437283993080842, 2.7573517929346627, 2.694505663382432, 4.065796262726405, 4.831645709279604, 6.4561970338582455, 4.538845179117701, 3.4547730243823542, 3.9055498191675904, 5.328307105451036, 4.664737635709002, 6.319491933692138, 5.5353515823297075, 6.216770066521682, 4.7845367152943865, 4.471098785533596, 2.5456003869421453, 3.9226423415855796, 3.9962105287384446, 2.7095883912505974, 1.759948286172068, 0.0, 2.5008281228425115, 3.069070069255507, 2.4664131628743795, 4.701744749558401, 5.3964001714105665], [6.987497776028269, 6.766885798504361, 5.404617436044849, 4.312489426073993, 5.136761846727956, 2.8994701205565128, 2.186473070952396, 1.0938233632538665, 2.6883062269763838, 2.7999929446339684, 3.3927902749801677, 4.0685498227255374, 5.396659164705512, 4.107975547639008, 3.553997418400863, 4.181571385256982, 6.744151168975974, 6.6226911486192686, 8.075763272904922, 7.237178440525009, 7.490677945286394, 5.710187030211882, 5.257155117551697, 4.372879073333723, 5.507575099805721, 6.090653240006362, 4.845059670427187, 3.0526163745220263, 2.5008281228425115, 0.0, 1.7747356338339524, 1.7644021395362226, 3.829413402859503, 4.86973329557174], [7.4025257838119005, 6.843764979892281, 5.405310065111899, 4.350801470993592, 4.82359999792686, 2.8598458017872224, 2.1830036784210876, 1.094110369204131, 3.354193754093523, 3.99283211267391, 3.8366430300459284, 3.933113315174125, 5.249332701401198, 3.450590223425552, 2.764162596519966, 2.948866063421667, 7.3617866241830185, 7.084766773860661, 8.477374009090315, 7.1231250690971315, 7.538890797060268, 5.389709896645645, 5.488530872647069, 4.799713906057319, 4.850733001310214, 5.896706428168186, 4.542363243951325, 2.498578563903885, 3.069070069255507, 1.7747356338339524, 0.0, 1.7673823864687577, 4.558351952186229, 3.9394420239419694], [7.632603963261818, 7.370607628954346, 6.101367299220724, 4.751560520502712, 5.05795787250151, 3.531306048758731, 2.160833510476918, 1.095050720286508, 3.982061066834611, 4.142334576057324, 4.863311458255579, 5.329980518726124, 6.747570028536199, 4.956666610737503, 4.034088524065877, 4.17037351564581, 7.611401792048558, 7.085986546699056, 8.6843987949656, 7.603396899412788, 8.224068732081463, 6.334328380341519, 6.248610256689082, 4.866627144131755, 5.359192621095084, 6.021448349027001, 4.447373510286718, 2.413599100927907, 2.4664131628743795, 1.7644021395362226, 1.7673823864687577, 0.0, 5.463071247933712, 5.572708700443619], [5.674595610261581, 5.3786888495245755, 4.127285250621769, 4.220293207823361, 5.691300032505755, 3.3824848277560684, 4.3960616760914535, 4.443997342483454, 2.02457797577668, 2.4179212063257975, 1.0126764241355675, 2.038460524513536, 2.7456593616106133, 3.230518071455413, 3.7960735003421626, 5.008883805799452, 5.03617331512727, 5.921829511223706, 6.657130328452342, 6.26693146