{"total energy": -71.1596521, "HOMO-LUMO gap/eV": 2.07421856, "electronic energy": -72.02162445, "dipole": [-0.07981557, 0.61872046, -0.18365227], "partial charges": [-0.11187374, 0.04334931, -0.06952876, -0.00409773, -0.03857168, -0.03861766, -0.03428365, -0.05102119, 0.04628499, -0.06754787, -0.11894205, 0.26665408, -0.39596409, -0.01041633, -0.01240966, -0.03426102, 0.10016406, -0.11802884, -0.09649828, -0.03238439, 1.13825555, -0.45321538, -0.56842442, -0.58158626, 0.05766104, 0.05171405, 0.0410405, 0.02292663, 0.05898533, 0.04577574, 0.03540726, 0.03339809, 0.03500399, 0.02705214, 0.16543746, 0.09315782, 0.08402953, 0.07851568, 0.20646831, 0.20639143], "atomic dipole moments": [[-0.00809717, 0.00092385, 0.12611613], [-0.03093316, -0.13304003, 0.02571054], [0.08608478, -0.04541491, 0.0046454], [0.01321723, 0.04168943, -0.07980636], [-0.00118533, 0.00519896, -0.00222508], [0.00449371, 0.0071445, -0.01144031], [0.00860068, 0.00110224, -0.00784267], [-0.00133222, 0.00740481, -0.01407972], [0.09510366, 0.03539285, -0.12131231], [0.16039752, 0.14958298, 0.15587304], [-0.10093661, -0.05400421, -0.00657834], [-0.03139126, 0.03354907, 0.01786255], [0.06283205, 0.05819621, 0.17649423], [-0.03895734, 0.02042466, -0.01155653], [0.01282858, 0.03299502, 0.02557794], [0.02472844, 0.05177369, 0.04865119], [0.21011143, -0.01473962, 0.08926078], [-0.00938955, 0.08572584, 0.14002668], [0.08547047, 0.07250136, 0.1014142], [0.05264323, -0.01209495, 0.01473139], [0.03566582, -0.04087338, -0.10109551], [-0.05161787, 0.03383036, 0.17974986], [-0.0649003, 0.11466276, -0.13311241], [0.11574216, -0.15521123, -0.01814943], [-0.06794051, -0.09333052, -0.06218613], [0.12123503, -0.01219434, -0.04371539], [-0.04268831, 0.1113034, -0.04264418], [0.07152847, 0.09379089, 0.04941928], [-0.09468351, -0.03801527, -0.08795277], [-0.01293845, 0.12621957, 0.0410883], [-0.12069249, 0.09460712, 0.00977109], [-0.10080567, -0.01385449, 0.11218784], [0.01355074, -0.11119919, 0.10322872], [0.11048445, -0.10438213, -0.01149487], [0.03019003, 0.01111806, 0.14132418], [-0.07515298, -0.09121811, -0.10265987], [0.06087703, -0.12855789, -0.06245193], [-0.06344819, 0.13408547, 0.05336109], [-0.01983382, 0.11867149, 0.00337646], [0.08815498, -0.04743477, 0.06404496]], "atomic quadrupole moments": [[-0.12564082, -0.01205304, -0.12225822, -0.01979116, -0.03471944, 0.24789904], [-0.04964103, -0.13131403, 0.02251897, -0.10490754, -0.18618049, 0.02712206], [0.08625285, -0.05425902, -0.10378123, -0.15379395, -0.1676668, 0.01752838], [-0.11722575, 0.21257597, 0.0945713, 0.21820208, 0.07700277, 0.02265444], [-0.03019099, 0.2775263, 0.04151058, 0.23311995, 0.26337569, -0.01131959], [-0.02843171, 0.27363268, 0.03212901, 0.23468273, 0.25677503, -0.0036973], [-0.01840807, 0.27918973, 0.02310692, 0.24638507, 0.26365369, -0.00469884], [-0.00800199, 0.24278612, 0.02463848, 0.24461311, 0.23097427, -0.01663648], [0.02607584, 0.25015982, -0.07561365, 0.0549268, 0.16620701, 0.04953782], [0.1383162, -0.05363098, -0.04289506, 0.00942448, -0.07087046, -0.09542114], [0.1514116, -0.01930908, -0.02839749, 0.01356, -0.02063707, -0.12301411], [-0.14790337, 0.1858098, 0.32405828, -0.09733043, -0.25397367, -0.17615491], [-0.08565804, 0.09078189, 0.12372095, -0.0193056, -0.10233442, -0.03806291], [-0.04586524, 0.10407307, -0.13393107, -0.11567135, -0.29354037, 0.17979631], [-0.15546046, 0.13407095, -0.0435142, -0.25407967, -0.37553499, 0.19897466], [-0.14644468, 0.17279936, -0.05111743, -0.19676835, -0.32327283, 0.19756211], [0.14719843, 0.00932691, -0.18305911, -0.07400093, -0.34680817, 0.03586068], [0.35097693, -0.17903955, -0.17454243, 0.12350557, -0.06202419, -0.1764345], [-0.22846453, 0.31598544, -0.0239454, -0.00821916, -0.05823966, 0.25240993], [-0.13363386, 0.16587487, -0.09612214, -0.2042169, -0.32753752, 0.229756], [0.18015704, 0.23693373, -0.12983921, -0.09733356, 0.11155329, -0.05031783], [0.12530126, 0.10776533, -0.07927024, -0.14415334, -0.06140056, -0.04603102], [-0.05050322, -0.04250295, -0.00453422, 0.06863225, -0.11192566, 0.05503744], [0.00852891, -0.1129174, 0.08232637, -0.02260284, 0.03209846, -0.09085529], [-0.00300787, 0.05750088, 0.02365219, 0.01834918, 0.02645425, -0.02064432], [0.07290871, -0.01334397, -0.04857361, -0.02273095, 0.0056935, -0.0243351], [-0.03320206, -0.04669569, 0.06177128, 0.00749913, -0.02629116, -0.02856923], [0.00729131, 0.00850305, -0.00501073, 0.01027868, 0.00834357, -0.00228058], [0.00689052, 0.01543261, -0.02934503, 0.02890549, 0.01480074, 0.02245451], [-0.01203513, -0.0092075, 0.04638401, -0.00433878, 0.02143682, -0.03434888], [-0.00067119, -0.03292253, -0.00266523, -0.02684864, -0.03369976, 0.00333642], [0.00015189, -0.03779482, -0.00154998, -0.02835854, -0.03653059, 0.00139809], [0.0061107, -0.03694882, -0.00699523, -0.03469893, -0.03058819, 0.00088453], [0.00734997, -0.03174633, -0.00757924, -0.03124514, -0.03133864, 0.00022927], [0.03563549, -0.02558341, -0.04282936, 0.00715699, 0.02611395, 0.00719387], [0.02375111, -0.02342006, 0.00387673, 0.02048125, 0.03523076, -0.02762784], [0.02896344, -0.01943692, -0.00325946, 0.02930826, 0.0323369, -0.02570398], [0.02955466, -0.00912561, -0.00843082, 0.03488739, 0.03625535, -0.02112385], [-0.02938623, 0.02309269, 0.09510777, -0.01030652, -0.04356201, -0.06572155], [0.10169719, -0.03222196, -0.03761799, 0.02779613, -0.02272218, -0.0640792]], "number of molecular orbitals": 122, "number of electrons": 126, "number of unpaired electrons": 0, "orbital energies/eV": [-29.12785455, -21.45882491, -19.30825613, -18.96332531, -18.73980042, -18.50788864, -18.35346508, -18.18917672, -17.96943298, -17.72954021, -17.70508939, -17.59382432, -17.15823232, -17.07049046, -16.98322246, -16.85019387, -16.62491608, -16.42151083, -16.27489428, -16.15534401, -15.91673578, -15.68806397, -15.52425328, -15.32166756, -15.18792614, -15.15486986, -15.06721329, -14.9634975, -14.74707518, -14.61284889, -14.54880629, -14.36928625, -14.26770746, -14.11139074, -14.08057538, -14.0257541, -13.84962979, -13.77555626, -13.46204386, -13.3959193, -13.23134103, -13.06450402, -13.02258988, -12.97446835, -12.91348955, -12.84149559, -12.81383453, -12.63513606, -12.58315437, -12.33235443, -12.23944446, -12.19468558, -12.13719809, -11.92394572, -11.78163668, -11.74027474, -11.6772406, -11.64650789, -11.5907751, -11.50903812, -11.10337527, -10.99085976, -10.00906726, -7.9348487, -7.68142724, -6.2512025, -6.20958392, -5.92819666, -4.55130852, -4.05999002, -3.49385835, -2.91259066, -2.67192083, -1.96885057, -1.59689893, -1.17781658, -0.20505399, -0.01735959, -0.0110279, 0.32775312, 0.54790277, 1.25712665, 1.57644596, 1.64416338, 2.2734673, 2.6051466, 2.80719938, 2.89035776, 3.04980841, 3.39675923, 3.66112391, 3.72506425, 3.92305105, 3.99830817, 4.08394351, 4.12940302, 4.50980223, 4.61460155, 4.8091098, 5.1574869, 5.56112098, 6.10727165, 6.2049671, 6.54541168, 7.16216914, 7.78132657, 7.91657964, 9.36414162, 9.5952334, 9.69170452, 10.79227945, 11.27398525, 11.8832744, 12.25440044, 13.52445079, 14.59013663, 15.86262004, 16.31261421, 16.94172402, 17.64666699, 26.41077127, 31.23282093], "fractional occupation": [2.0, 2.0, 2.0, 2.0, 2.0, 2.0, 2.0, 2.0, 2.0, 2.0, 2.0, 2.0, 2.0, 2.0, 2.0, 2.0, 2.0, 2.0, 2.0, 2.0, 2.0, 2.0, 2.0, 2.0, 2.0, 2.0, 2.0, 2.0, 2.0, 2.0, 2.0, 2.0, 2.0, 2.0, 2.0, 2.0, 2.0, 2.0, 2.0, 2.0, 2.0, 2.0, 2.0, 2.0, 2.0, 2.0, 2.0, 2.0, 2.0, 2.0, 2.0, 2.0, 2.0, 2.0, 2.0, 2.0, 2.0, 2.0, 2.0, 2.0, 2.0, 2.0, 2.0, 0.0, 0.0, 0.0, 0.0, 0.0, 0.0, 0.0, 0.0, 0.0, 0.0, 0.0, 0.0, 0.0, 0.0, 0.0, 0.0, 0.0, 0.0, 0.0, 0.0, 0.0, 0.0, 0.0, 0.0, 0.0, 0.0, 0.0, 0.0, 0.0, 0.0, 0.0, 0.0, 0.0, 0.0, 0.0, 0.0, 0.0, 0.0, 0.0, 0.0, 0.0, 0.0, 0.0, 0.0, 0.0, 0.0, 0.0, 0.0, 0.0, 0.0, 0.0, 0.0, 0.0, 0.0, 0.0, 0.0, 0.0, 0.0, 0.0], "program call": "xtb /home/svss/Project-DBcg-Debug/aqme2_20220329/End-to-End-workflows-final/example-3/QDESCP/mol_344_rdkit_conf_1/mol_344_rdkit_conf_1.xyz --pop --wbo --acc 0.2 --gfn 2 --chrg 0 --uhf 0 --etemp 300 --input /home/svss/Project-DBcg-Debug/aqme2_20220329/End-to-End-workflows-final/example-3/QDESCP/mol_344_rdkit_conf_1/mol_344_rdkit_conf_1_xtb.inp", "method": "GFN2-xTB", "xtb version": "6.3.3 (7355c4f)", "Dipole module/D": 1.653, "Total charge": 0, "Transition dipole module/D": NaN, "HOMO": -10.0091, "LUMO": -7.9348, "HOMO occupancy": 2.0, "LUMO occupancy": 0, "mulliken charges": [-0.09341, 0.11105, -0.05954, -0.02005, -0.03578, -0.03991, -0.02858, -0.06292, 0.11041, -0.16279, -0.22216, 0.46506, -0.53403, -0.03922, 0.00921, -0.04521, 0.1141, -0.05271, 0.04745, -0.01961, 0.52345, -0.39187, -0.39675, -0.41276, 0.04297, 0.04755, 0.02689, 0.02223, 0.04556, 0.03644, 0.03301, 0.0311, 0.03221, 0.03296, 0.22281, 0.06872, 0.0536, 0.06399, 0.24067, 0.23587], "cm5 charges": [-0.2345, 0.10492, -0.15434, -0.02508, -0.0885, -0.09488, -0.08343, -0.11034, 0.1705, -0.33795, -0.50544, 0.56638, -0.57454, -0.03973, -0.0413, -0.09652, 0.11216, -0.05175, 0.06102, -0.06513, 0.63824, -0.81889, -0.44427, -0.4639, 0.09754, 0.10355, 0.07878, 0.09289, 0.10275, 0.09205, 0.08911, 0.08638, 0.08752, 0.09307, 0.42778, 0.1282, 0.11008, 0.1296, 0.43157, 0.42639], "FUKUI+": [0.008, 0.003, 0.006, -0.018, -0.012, -0.015, -0.013, -0.007, -0.003, -0.002, -0.034, -0.028, -0.088, -0.046, -0.038, -0.017, -0.052, -0.118, -0.027, -0.014, -0.046, 0.002, -0.025, -0.025, -0.009, 0.003, -0.019, -0.008, -0.021, -0.021, -0.029, -0.031, -0.025, -0.005, -0.023, -0.056, -0.056, -0.045, -0.024, -0.019], "FUKUI-": [0.013, 0.009, 0.013, -0.033, -0.013, -0.037, -0.023, -0.016, -0.014, -0.098, -0.014, -0.007, -0.05, -0.003, -0.006, -0.009, -0.006, -0.087, -0.006, -0.003, -0.024, -0.019, -0.022, -0.018, -0.02, -0.02, -0.031, -0.053, -0.051, -0.051, -0.046, -0.053, -0.048, -0.036, -0.032, -0.017, -0.024, -0.007, -0.02, -0.019], "FUKUIrad": [0.01, 0.006, 0.009, -0.026, -0.013, -0.026, -0.018, -0.011, -0.008, -0.05, -0.024, -0.017, -0.069, -0.024, -0.022, -0.013, -0.029, -0.103, -0.016, -0.008, -0.035, -0.009, -0.023, -0.021, -0.014, -0.008, -0.025, -0.03, -0.036, -0.036, -0.038, -0.042, -0.037, -0.02, -0.027, -0.037, -0.04, -0.026, -0.022, -0.019], "s proportion": [1.013, 1.048, 1.033, 1.082, 1.056, 1.058, 1.06, 1.055, 1.057, 1.475, 1.414, 0.992, 1.728, 1.093, 1.072, 1.068, 1.086, 1.944, 1.078, 1.074, 1.704, 1.461, 1.721, 1.722, 0.957, 0.952, 0.973, 0.978, 0.954, 0.964, 0.967, 0.969, 0.968, 0.967, 0.777, 0.931, 0.946, 0.936, 0.759, 0.764], "p proportion": [3.08, 2.841, 3.026, 2.938, 2.979, 2.982, 2.968, 3.008, 2.833, 3.688, 3.808, 2.543, 4.806, 2.946, 2.919, 2.977, 2.8, 5.12, 2.874, 2.945, 2.807, 3.93, 4.675, 4.691, 0.0, 0.0, 0.0, 0.0, 0.0, 0.0, 0.0, 0.0, 0.0, 0.0, 0.0, 0.0, 0.0, 0.0, 0.0, 0.0], "d proportion": [0.0, 0.0, 0.0, 0.0, 0.0, 0.0, 0.0, 0.0, 0.0, 0.0, 0.0, 0.0, 0.0, 0.0, 0.0, 0.0, 0.0, -0.011, 0.0, 0.0, 0.966, 0.0, 0.0, 0.0, 0.0, 0.0, 0.0, 0.0, 0.0, 0.0, 0.0, 0.0, 0.0, 0.0, 0.0, 0.0, 0.0, 0.0, 0.0, 0.0], "Fermi-level/eV": -8.972, "Coordination numbers": [3.751, 3.873, 3.832, 3.019, 2.908, 2.916, 2.913, 2.911, 2.997, 2.817, 2.765, 2.757, 0.858, 2.965, 2.915, 2.962, 2.906, 0.968, 2.977, 2.961, 3.7, 2.632, 0.86, 0.86, 0.924, 0.924, 0.924, 0.923, 0.924, 0.924, 0.925, 0.925, 0.925, 0.925, 0.86, 0.925, 0.925, 0.925, 0.863, 0.863], "Dispersion coefficient C6": [22.702, 19.803, 21.805, 28.103, 28.958, 28.96, 28.854, 29.267, 26.95, 22.546, 23.586, 22.499, 21.6, 28.274, 28.324, 28.851, 25.781, 102.837, 30.421, 28.805, 102.774, 31.899, 25.354, 25.669, 2.227, 2.299, 2.435, 2.69, 2.211, 2.373, 2.511, 2.539, 2.516, 2.629, 1.301, 1.849, 1.938, 1.994, 1.073, 1.074], "Total dispersion C6": 24202.010821, "Total dispersion C8": 635258.18007, "Polarizability alpha": [6.795, 6.327, 6.644, 8.696, 8.824, 8.825, 8.808, 8.871, 8.516, 7.052, 7.213, 7.768, 6.231, 8.722, 8.727, 8.81, 8.326, 15.514, 9.047, 8.803, 17.063, 8.388, 6.751, 6.793, 2.334, 2.371, 2.44, 2.565, 2.325, 2.409, 2.478, 2.492, 2.481, 2.535, 1.787, 2.126, 2.177, 2.208, 1.623, 1.623], "Total polarizability alpha": 243.487611, "Wiberg matrix": [[0.0, 1.0124090937885408, 0.0, 0.0, 0.0, 0.0, 0.0, 0.0, 0.0, 0.0, 0.0, 0.0, 0.0, 0.0, 0.0, 0.0, 0.0, 0.0, 0.0, 0.0, 0.0, 0.0, 0.0, 0.0, 0.9836559527094523, 0.9836907153601044, 0.983589225494298, 0.0, 0.0, 0.0, 0.0, 0.0, 0.0, 0.0, 0.0, 0.0, 0.0, 0.0, 0.0, 0.0], [1.0124090937885408, 0.0, 0.986818947788729, 0.0, 0.0, 0.0, 0.0, 0.0, 0.0, 0.9507787413469518, 0.0, 0.0, 0.0, 0.0, 0.0, 0.0, 0.0, 0.0, 0.0, 0.0, 0.0, 0.0, 0.0, 0.0, 0.0, 0.0, 0.0, 0.9660957273653398, 0.0, 0.0, 0.0, 0.0, 0.0, 0.0, 0.0, 0.0, 0.0, 0.0, 0.0, 0.0], [0.0, 0.986818947788729, 0.0, 1.0128505988154168, 0.0, 0.0, 0.0, 0.0, 0.0, 0.0, 0.0, 0.0, 0.0, 0.0, 0.0, 0.0, 0.0, 0.0, 0.0, 0.0, 0.0, 0.0, 0.0, 0.0, 0.0, 0.0, 0.0, 0.0, 0.9581664818425355, 0.9705752344539518, 0.0, 0.0, 0.0, 0.0, 0.0, 0.0, 0.0, 0.0, 0.0, 0.0], [0.0, 0.0, 1.0128505988154168, 0.0, 1.442044098739929, 0.0, 0.10696502098981679, 0.0, 1.330768326952084, 0.0, 0.0, 0.0, 0.0, 0.0, 0.0, 0.0, 0.0, 0.0, 0.0, 0.0, 0.0, 0.0, 0.0, 0.0, 0.0, 0.0, 0.0, 0.0, 0.0, 0.0, 0.0, 0.0, 0.0, 0.0, 0.0, 0.0, 0.0, 0.0, 0.0, 0.0], [0.0, 0.0, 0.0, 1.442044098739929, 0.0, 1.4213262357109169, 0.0, 0.10015741261579986, 0.0, 0.0, 0.0, 0.0, 0.0, 0.0, 0.0, 0.0, 0.0, 0.0, 0.0, 0.0, 0.0, 0.0, 0.0, 0.0, 0.0, 0.0, 0.0, 0.0, 0.0, 0.0, 0.9692772931384402, 0.0, 0.0, 0.0, 0.0, 0.0, 0.0, 0.0, 0.0, 0.0], [0.0, 0.0, 0.0, 0.0, 1.4213262357109169, 0.0, 1.4413751393724317, 0.0, 0.0, 0.0, 0.0, 0.0, 0.0, 0.0, 0.0, 0.0, 0.0, 0.0, 0.0, 0.0, 0.0, 0.0, 0.0, 0.0, 0.0, 0.0, 0.0, 0.0, 0.0, 0.0, 0.0, 0.9717026399777726, 0.0, 0.0, 0.0, 0.0, 0.0, 0.0, 0.0, 0.0], [0.0, 0.0, 0.0, 0.10696502098981679, 0.0, 1.4413751393724317, 0.0, 1.4316064491931249, 0.0, 0.0, 0.0, 0.0, 0.0, 0.0, 0.0, 0.0, 0.0, 0.0, 0.0, 0.0, 0.0, 0.0, 0.0, 0.0, 0.0, 0.0, 0.0, 0.0, 0.0, 0.0, 0.0, 0.0, 0.97181860089764, 0.0, 0.0, 0.0, 0.0, 0.0, 0.0, 0.0], [0.0, 0.0, 0.0, 0.0, 0.10015741261579986, 0.0, 1.4316064491931249, 0.0, 1.393208790141236, 0.0, 0.0, 0.0, 0.0, 0.0, 0.0, 0.0, 0.0, 0.0, 0.0, 0.0, 0.0, 0.0, 0.0, 0.0, 0.0, 0.0, 0.0, 0.0, 0.0, 0.0, 0.0, 0.0, 0.0, 0.9687043330038254, 0.0, 0.0, 0.0, 0.0, 0.0, 0.0], [0.0, 0.0, 0.0, 1.330768326952084, 0.0, 0.0, 0.0, 1.393208790141236, 0.0, 1.0627985138871354, 0.0, 0.0, 0.0, 0.0, 0.0, 0.0, 0.0, 0.0, 0.0, 0.0, 0.0, 0.0, 0.0, 0.0, 0.0, 0.0, 0.0, 0.0, 0.0, 0.0, 0.0, 0.0, 0.0, 0.0, 0.0, 0.0, 0.0, 0.0, 0.0, 0.0], [0.0, 0.9507787413469518, 0.0, 0.0, 0.0, 0.0, 0.0, 0.0, 1.0627985138871354, 0.0, 0.997823855512203, 0.0, 0.0, 0.0, 0.0, 0.0, 0.0, 0.0, 0.0, 0.0, 0.0, 0.0, 0.0, 0.0, 0.0, 0.0, 0.0, 0.0, 0.0, 0.0, 0.0, 0.0, 0.0, 0.0, 0.0, 0.0, 0.0, 0.0, 0.0, 0.0], [0.0, 0.0, 0.0, 0.0, 0.0, 0.0, 0.0, 0.0, 0.0, 0.997823855512203, 0.0, 1.1940537543755088, 0.19547964328346001, 0.0, 0.0, 0.0, 0.0, 0.0, 0.0, 0.0, 0.0, 0.0, 0.0, 0.0, 0.0, 0.0, 0.0, 0.0, 0.0, 0.0, 0.0, 0.0, 0.0, 0.0, 0.9313970071106514, 0.0, 0.0, 0.0, 0.0, 0.0], [0.0, 0.0, 0.0, 0.0, 0.0, 0.0, 0.0, 0.0, 0.0, 0.0, 1.1940537543755088, 0.0, 1.698850057281949, 0.9892490700616833, 0.0, 0.0, 0.0, 0.0, 0.0, 0.0, 0.0, 0.0, 0.0, 0.0, 0.0, 0.0, 0.0, 0.0, 0.0, 0.0, 0.0, 0.0, 0.0, 0.0, 0.0, 0.0, 0.0, 0.0, 0.0, 0.0], [0.0, 0.0, 0.0, 0.0, 0.0, 0.0, 0.0, 0.0, 0.0, 0.0, 0.19547964328346001, 1.698850057281949, 0.0, 0.0, 0.0, 0.0, 0.0, 0.0, 0.0, 0.0, 0.0, 0.0, 0.0, 0.0, 0.0, 0.0, 0.0, 0.0, 0.0, 0.0, 0.0, 0.0, 0.0, 0.0, 0.0, 0.0, 0.0, 0.0, 0.0, 0.0], [0.0, 0.0, 0.0, 0.0, 0.0, 0.0, 0.0, 0.0, 0.0, 0.0, 0.0, 0.9892490700616833, 0.0, 0.0, 1.382080136486161, 0.0, 0.0, 0.0, 0.0, 1.4016334782239739, 0.0, 0.0, 0.0, 0.0, 0.0, 0.0, 0.0, 0.0, 0.0, 0.0, 0.0, 0.0, 0.0, 0.0, 0.0, 0.0, 0.0, 0.0, 0.0, 0.0], [0.0, 0.0, 0.0, 0.0, 0.0, 0.0, 0.0, 0.0, 0.0, 0.0, 0.0, 0.0, 0.0, 1.382080136486161, 0.0, 1.4537748376230282, 0.0, 0.0, 0.0, 0.0, 0.0, 0.0, 0.0, 0.0, 0.0, 0.0, 0.0, 0.0, 0.0, 0.0, 0.0, 0.0, 0.0, 0.0, 0.0, 0.9604270730015628, 0.0, 0.0, 0.0, 0.0], [0.0, 0.0, 0.0, 0.0, 0.0, 0.0, 0.0, 0.0, 0.0, 0.0, 0.0, 0.0, 0.0, 0.0, 1.4537748376230282, 0.0, 1.386237250358895, 0.0, 0.0, 0.1060630736864226, 0.0, 0.0, 0.0, 0.0, 0.0, 0.0, 0.0, 0.0, 0.0, 0.0, 0.0, 0.0, 0.0, 0.0, 0.0, 0.0, 0.9630176795677503, 0.0, 0.0, 0.0], [0.0, 0.0, 0.0, 0.0, 0.0, 0.0, 0.0, 0.0, 0.0, 0.0, 0.0, 0.0, 0.0, 0.0, 0.0, 1.386237250358895, 0.0, 1.0097227852423263, 1.3824034444238702, 0.0, 0.0, 0.0, 0.0, 0.0, 0.0, 0.0, 0.0, 0.0, 0.0, 0.0, 0.0, 0.0, 0.0, 0.0, 0.0, 0.0, 0.0, 0.0, 0.0, 0.0], [0.0, 0.0, 0.0, 0.0, 0.0, 0.0, 0.0, 0.0, 0.0, 0.0, 0.0, 0.0, 0.0, 0.0, 0.0, 0.0, 1.0097227852423263, 0.0, 0.0, 0.0, 0.0, 0.0, 0.0, 0.0, 0.0, 0.0, 0.0, 0.0, 0.0, 0.0, 0.0, 0.0, 0.0, 0.0, 0.0, 0.0, 0.0, 0.0, 0.0, 0.0], [0.0, 0.0, 0.0, 0.0, 0.0, 0.0, 0.0, 0.0, 0.0, 0.0, 0.0, 0.0, 0.0, 0.0, 0.0, 0.0, 1.3824034444238702, 0.0, 0.0, 1.4119122223699798, 0.7659407740259205, 0.0, 0.0, 0.0, 0.0, 0.0, 0.0, 0.0, 0.0, 0.0, 0.0, 0.0, 0.0, 0.0, 0.0, 0.0, 0.0, 0.0, 0.0, 0.0], [0.0, 0.0, 0.0, 0.0, 0.0, 0.0, 0.0, 0.0, 0.0, 0.0, 0.0, 0.0, 0.0, 1.4016334782239739, 0.0, 0.1060630736864226, 0.0, 0.0, 1.4119122223699798, 0.0, 0.0, 0.0, 0.0, 0.0, 0.0, 0.0, 0.0, 0.0, 0.0, 0.0, 0.0, 0.0, 0.0, 0.0, 0.0, 0.0, 0.0, 0.9574560513837206, 0.0, 0.0], [0.0, 0.0, 0.0, 0.0, 0.0, 0.0, 0.0, 0.0, 0.0, 0.0, 0.0, 0.0, 0.0, 0.0, 0.0, 0.0, 0.0, 0.0, 0.7659407740259205, 0.0, 0.0, 0.9514145549301792, 1.6095563932757027, 1.600596678756275, 0.0, 0.0, 0.0, 0.0, 0.0, 0.0, 0.0, 0.0, 0.0, 0.0, 0.0, 0.0, 0.0, 0.0, 0.0, 0.0], [0.0, 0.0, 0.0, 0.0, 0.0, 0.0, 0.0, 0.0, 0.0, 0.0, 0.0, 0.0, 0.0, 0.0, 0.0, 0.0, 0.0, 0.0, 0.0, 0.0, 0.9514145549301792, 0.0, 0.0, 0.0, 0.0, 0.0, 0.0, 0.0, 0.0, 0.0, 0.0, 0.0, 0.0, 0.0, 0.0, 0.0, 0.0, 0.0, 0.9392281172611406, 0.9392225932708791], [0.0, 0.0, 0.0, 0.0, 0.0, 0.0, 0.0, 0.0, 0.0, 0.0, 0.0, 0.0, 0.0, 0.0, 0.0, 0.0, 0.0, 0.0, 0.0, 0.0, 1.6095563932757027, 0.0, 0.0, 0.11420561667834694, 0.0, 0.0, 0.0, 0.0, 0.0, 0.0, 0.0, 0.0, 0.0, 0.0, 0.0, 0.0, 0.0, 0.0, 0.0, 0.0], [0.0, 0.0, 0.0, 0.0, 0.0, 0.0, 0.0, 0.0, 0.0, 0.0, 0.0, 0.0, 0.0, 0.0, 0.0, 0.0, 0.0, 0.0, 0.0, 0.0, 1.600596678756275, 0.0, 0.11420561667834694, 0.0, 0.0, 0.0, 0.0, 0.0, 0.0, 0.0, 0.0, 0.0, 0.0, 0.0, 0.0, 0.0, 0.0, 0.0, 0.0, 0.0], [0.9836559527094523, 0.0, 0.0, 0.0, 0.0, 0.0, 0.0, 0.0, 0.0, 0.0, 0.0, 0.0, 0.0, 0.0, 0.0, 0.0, 0.0, 0.0, 0.0, 0.0, 0.0, 0.0, 0.0, 0.0, 0.0, 0.0, 0.0, 0.0, 0.0, 0.0, 0.0, 0.0, 0.0, 0.0, 0.0, 0.0, 0.0, 0.0, 0.0, 0.0], [0.9836907153601044, 0.0, 0.0, 0.0, 0.0, 0.0, 0.0, 0.0, 0.0, 0.0, 0.0, 0.0, 0.0, 0.0, 0.0, 0.0, 0.0, 0.0, 0.0, 0.0, 0.0, 0.0, 0.0, 0.0, 0.0, 0.0, 0.0, 0.0, 0.0, 0.0, 0.0, 0.0, 0.0, 0.0, 0.0, 0.0, 0.0, 0.0, 0.0, 0.0], [0.983589225494298, 0.0, 0.0, 0.0, 0.0, 0.0, 0.0, 0.0, 0.0, 0.0, 0.0, 0.0, 0.0, 0.0, 0.0, 0.0, 0.0, 0.0, 0.0, 0.0, 0.0, 0.0, 0.0, 0.0, 0.0, 0.0, 0.0, 0.0, 0.0, 0.0, 0.0, 0.0, 0.0, 0.0, 0.0, 0.0, 0.0, 0.0, 0.0, 0.0], [0.0, 0.9660957273653398, 0.0, 0.0, 0.0, 0.0, 0.0, 0.0, 0.0, 0.0, 0.0, 0.0, 0.0, 0.0, 0.0, 0.0, 0.0, 0.0, 0.0, 0.0, 0.0, 0.0, 0.0, 0.0, 0.0, 0.0, 0.0, 0.0, 0.0, 0.0, 0.0, 0.0, 0.0, 0.0, 0.0, 0.0, 0.0, 0.0, 0.0, 0.0], [0.0, 0.0, 0.9581664818425355, 0.0, 0.0, 0.0, 0.0, 0.0, 0.0, 0.0, 0.0, 0.0, 0.0, 0.0, 0.0, 0.0, 0.0, 0.0, 0.0, 0.0, 0.0, 0.0, 0.0, 0.0, 0.0, 0.0, 0.0, 0.0, 0.0, 0.0, 0.0, 0.0, 0.0, 0.0, 0.0, 0.0, 0.0, 0.0, 0.0, 0.0], [0.0, 0.0, 0.9705752344539518, 0.0, 0.0, 0.0, 0.0, 0.0, 0.0, 0.0, 0.0, 0.0, 0.0, 0.0, 0.0, 0.0, 0.0, 0.0, 0.0, 0.0, 0.0, 0.0, 0.0, 0.0, 0.0, 0.0, 0.0, 0.0, 0.0, 0.0, 0.0, 0.0, 0.0, 0.0, 0.0, 0.0, 0.0, 0.0, 0.0, 0.0], [0.0, 0.0, 0.0, 0.0, 0.9692772931384402, 0.0, 0.0, 0.0, 0.0, 0.0, 0.0, 0.0, 0.0, 0.0, 0.0, 0.0, 0.0, 0.0, 0.0, 0.0, 0.0, 0.0, 0.0, 0.0, 0.0, 0.0, 0.0, 0.0, 0.0, 0.0, 0.0, 0.0, 0.0, 0.0, 0.0, 0.0, 0.0, 0.0, 0.0, 0.0], [0.0, 0.0, 0.0, 0.0, 0.0, 0.9717026399777726, 0.0, 0.0, 0.0, 0.0, 0.0, 0.0, 0.0, 0.0, 0.0, 0.0, 0.0, 0.0, 0.0, 0.0, 0.0, 0.0, 0.0, 0.0, 0.0, 0.0, 0.0, 0.0, 0.0, 0.0, 0.0, 0.0, 0.0, 0.0, 0.0, 0.0, 0.0, 0.0, 0.0, 0.0], [0.0, 0.0, 0.0, 0.0, 0.0, 0.0, 0.97181860089764, 0.0, 0.0, 0.0, 0.0, 0.0, 0.0, 0.0, 0.0, 0.0, 0.0, 0.0, 0.0, 0.0, 0.0, 0.0, 0.0, 0.0, 0.0, 0.0, 0.0, 0.0, 0.0, 0.0, 0.0, 0.0, 0.0, 0.0, 0.0, 0.0, 0.0, 0.0, 0.0, 0.0], [0.0, 0.0, 0.0, 0.0, 0.0, 0.0, 0.0, 0.9687043330038254, 0.0, 0.0, 0.0, 0.0, 0.0, 0.0, 0.0, 0.0, 0.0, 0.0, 0.0, 0.0, 0.0, 0.0, 0.0, 0.0, 0.0, 0.0, 0.0, 0.0, 0.0, 0.0, 0.0, 0.0, 0.0, 0.0, 0.0, 0.0, 0.0, 0.0, 0.0, 0.0], [0.0, 0.0, 0.0, 0.0, 0.0, 0.0, 0.0, 0.0, 0.0, 0.0, 0.9313970071106514, 0.0, 0.0, 0.0, 0.0, 0.0, 0.0, 0.0, 0.0, 0.0, 0.0, 0.0, 0.0, 0.0, 0.0, 0.0, 0.0, 0.0, 0.0, 0.0, 0.0, 0.0, 0.0, 0.0, 0.0, 0.0, 0.0, 0.0, 0.0, 0.0], [0.0, 0.0, 0.0, 0.0, 0.0, 0.0, 0.0, 0.0, 0.0, 0.0, 0.0, 0.0, 0.0, 0.0, 0.9604270730015628, 0.0, 0.0, 0.0, 0.0, 0.0, 0.0, 0.0, 0.0, 0.0, 0.0, 0.0, 0.0, 0.0, 0.0, 0.0, 0.0, 0.0, 0.0, 0.0, 0.0, 0.0, 0.0, 0.0, 0.0, 0.0], [0.0, 0.0, 0.0, 0.0, 0.0, 0.0, 0.0, 0.0, 0.0, 0.0, 0.0, 0.0, 0.0, 0.0, 0.0, 0.9630176795677503, 0.0, 0.0, 0.0, 0.0, 0.0, 0.0, 0.0, 0.0, 0.0, 0.0, 0.0, 0.0, 0.0, 0.0, 0.0, 0.0, 0.0, 0.0, 0.0, 0.0, 0.0, 0.0, 0.0, 0.0], [0.0, 0.0, 0.0, 0.0, 0.0, 0.0, 0.0, 0.0, 0.0, 0.0, 0.0, 0.0, 0.0, 0.0, 0.0, 0.0, 0.0, 0.0, 0.0, 0.9574560513837206, 0.0, 0.0, 0.0, 0.0, 0.0, 0.0, 0.0, 0.0, 0.0, 0.0, 0.0, 0.0, 0.0, 0.0, 0.0, 0.0, 0.0, 0.0, 0.0, 0.0], [0.0, 0.0, 0.0, 0.0, 0.0, 0.0, 0.0, 0.0, 0.0, 0.0, 0.0, 0.0, 0.0, 0.0, 0.0, 0.0, 0.0, 0.0, 0.0, 0.0, 0.0, 0.9392281172611406, 0.0, 0.0, 0.0, 0.0, 0.0, 0.0, 0.0, 0.0, 0.0, 0.0, 0.0, 0.0, 0.0, 0.0, 0.0, 0.0, 0.0, 0.0], [0.0, 0.0, 0.0, 0.0, 0.0, 0.0, 0.0, 0.0, 0.0, 0.0, 0.0, 0.0, 0.0, 0.0, 0.0, 0.0, 0.0, 0.0, 0.0, 0.0, 0.0, 0.9392225932708791, 0.0, 0.0, 0.0, 0.0, 0.0, 0.0, 0.0, 0.0, 0.0, 0.0, 0.0, 0.0, 0.0, 0.0, 0.0, 0.0, 0.0, 0.0]], "Born radii": [], "Atomic SASAs": [], "Solvent H bonds": [], "Total SASA": NaN, "Total FOD": 0.0, "FOD": [0.0, 0.0, 0.0, 0.0, 0.0, 0.0, 0.0, 0.0, 0.0, 0.0, 0.0, 0.0, 0.0, 0.0, 0.0, 0.0, 0.0, 0.0, 0.0, 0.0, 0.0, 0.0, 0.0, 0.0, 0.0, 0.0, 0.0, 0.0, 0.0, 0.0, 0.0, 0.0, 0.0, 0.0, 0.0, 0.0, 0.0, 0.0, 0.0, 0.0], "FOD s proportion": [0.0, 0.0, 0.0, 0.0, 0.0, 0.0, 0.0, 0.0, 0.0, 0.0, 0.0, 0.0, 0.0, 0.0, 0.0, 0.0, 0.0, 0.0, 0.0, 0.0, 0.0, 0.0, 0.0, 0.0, 0.0, 0.0, 0.0, 0.0, 0.0, 0.0, 0.0, 0.0, 0.0, 0.0, 0.0, 0.0, 0.0, 0.0, 0.0, 0.0], "FOD p proportion": [0.0, 0.0, 0.0, 0.0, 0.0, 0.0, 0.0, 0.0, 0.0, 0.0, 0.0, 0.0, 0.0, 0.0, 0.0, 0.0, 0.0, 0.0, 0.0, 0.0, 0.0, 0.0, 0.0, 0.0, 0.0, 0.0, 0.0, 0.0, 0.0, 0.0, 0.0, 0.0, 0.0, 0.0, 0.0, 0.0, 0.0, 0.0, 0.0, 0.0], "FOD d proportion": [0.0, 0.0, 0.0, 0.0, 0.0, 0.0, 0.0, 0.0, 0.0, 0.0, 0.0, 0.0, 0.0, 0.0, 0.0, 0.0, 0.0, 0.0, 0.0, 0.0, 0.0, 0.0, 0.0, 0.0, 0.0, 0.0, 0.0, 0.0, 0.0, 0.0, 0.0, 0.0, 0.0, 0.0, 0.0, 0.0, 0.0, 0.0, 0.0, 0.0], "coordinates": [["-2.18090", "1.59230", "-2.58410"], ["-2.25070", "1.49230", "-1.06680"], ["-3.68990", "1.71150", "-0.54330"], ["-3.71850", "0.76990", "0.61160"], ["-4.65130", "0.67900", "1.63150"], ["-4.48670", "-0.32610", "2.58570"], ["-3.41320", "-1.22540", "2.49670"], ["-2.48610", "-1.12560", "1.45490"], ["-2.63980", "-0.11270", "0.51980"], ["-1.81640", "0.14490", "-0.61190"], ["-0.44220", "0.00830", "-0.34610"], ["0.32290", "-0.71070", "-1.25010"], ["-0.05030", "-1.10090", "-2.35170"], ["1.70910", "-1.03200", "-0.80600"], ["2.32550", "-2.17420", "-1.32910"], ["3.62620", "-2.51320", "-0.94620"], ["4.33380", "-1.71220", "-0.04270"], ["5.93580", "-2.21930", "0.35150"], ["3.72690", "-0.56190", "0.46770"], ["2.41650", "-0.21880", "0.08660"], ["4.55800", "0.49100", "1.61500"], ["5.87580", "1.05110", "0.74480"], ["5.06000", "-0.29870", "2.71200"], ["3.73690", "1.66070", "1.83810"], ["-2.77440", "0.80600", "-3.06360"], ["-1.14930", "1.48710", "-2.93540"], ["-2.55580", "2.56220", "-2.92660"], ["-1.59630", "2.25760", "-0.62360"], ["-4.44770", "1.42160", "-1.27920"], ["-3.84650", "2.75080", "-0.23970"], ["-5.49220", "1.36250", "1.68700"], ["-5.20430", "-0.42400", "3.39700"], ["-3.31050", "-2.01570", "3.23640"], ["-1.67810", "-1.84420", "1.37110"], ["-0.17130", "0.11810", "0.62500"], ["1.79160", "-2.80650", "-2.03810"], ["4.08310", "-3.40860", "-1.36430"], ["1.96730", "0.69540", "0.46830"], ["5.84000", "2.06770", "0.66210"], ["6.74310", "0.70040", "1.15520"]], "bond_dist": [[0.0, 1.5221929345519902, 2.540896353651601, 3.6404744210061417, 4.970742038166938, 5.976939370614362, 5.939067706298691, 4.8778733532144924, 3.570967574761776, 2.4733377953688414, 3.2466563861918005, 3.6540907815761776, 3.441916960067456, 5.018036478544172, 6.005762916566053, 7.297962528678809, 7.734322872753632, 9.435404644740998, 6.989718286168621, 5.61683260031844, 8.016113504061677, 8.73412202456549, 9.168161703416885, 7.38788794175981, 1.0956414513881811, 1.0948412167981254, 1.0947886873730472, 2.1512650929162587, 2.621122801396379, 3.100412387086595, 5.409233858875026, 6.998569172338014, 6.940596545686833, 5.263643902279105, 4.063259850169565, 5.952168822370549, 8.107688255600358, 5.2277278630395445, 8.665948096428918, 9.716770353363302], [1.5221929345519902, 0.0, 1.5470609328659295, 2.343784367214697, 3.7020481007139816, 4.652636973803135, 4.629884641111483, 3.642497008921215, 2.2901361029423555, 1.4869557020974093, 2.4479249865957904, 3.392672228494819, 3.6355762143022115, 4.703203500806658, 5.869721456764367, 7.113123661233509, 7.394135602624555, 9.099798442822786, 6.504316232318352, 5.103033471377589, 7.386003562143739, 8.337658799087427, 8.42219359371417, 6.657188320154388, 2.1754263076463887, 2.169049321707554, 2.167170519363901, 1.1001589385175217, 2.2083752511744916, 2.194195592922381, 4.25530078020344, 5.6851973659671655, 5.6521474043057305, 4.171745368547797, 3.0123939383818974, 5.980242003464409, 8.014009576984543, 4.558849155214504, 8.293347144549058, 9.29800129328879], [2.540896353651601, 1.5470609328659295, 0.0, 1.4903766403161316, 2.5923158083073132, 3.81802894174468, 4.235982117525993, 3.673019750831732, 2.358091868439396, 2.4431421919323486, 3.6725104996446234, 4.740166971742663, 4.9423266261954, 6.061765793892074, 7.204247586667187, 8.457880213741502, 8.73796794111766, 10.435801654401065, 7.823003949890349, 6.435134268995482, 8.612533515174265, 9.674603157752776, 9.549797492093745, 7.799423365864941, 2.830191263854795, 3.4967336372677864, 2.7730835165930365, 2.165140702125384, 1.0953774052809377, 1.0940022897599435, 2.888654423775887, 4.730722111897928, 5.321850833121876, 4.511681403867077, 4.035392720665487, 7.259035286455082, 9.343928189471493, 5.836069363021657, 9.61243265828167, 10.618602283728306], [3.6404744210061417, 2.343784367214697, 1.4903766403161316, 0.0, 1.3851262252950087, 2.3850404713547313, 2.7618892428915394, 2.413065457048358, 1.3967833368135518, 2.3463933301984983, 3.49733692114443, 4.689458093426148, 5.073138157984661, 5.891967000077308, 6.997426476927071, 8.194516736208426, 8.451536202963341, 10.10982082630548, 7.564944124711034, 6.236295189453431, 8.341765341940519, 9.599344153117963, 9.089315066054207, 7.607944272272242, 3.794696701977643, 4.438059652595941, 4.133167044773293, 2.871010827217481, 2.128748498531473, 2.1598751121303286, 2.157237031482633, 3.3751225177762065, 3.849104623155884, 3.4019981216926034, 3.606612072291668, 7.083272482405291, 9.068021042101744, 5.688093422228577, 9.64633388080674, 10.475944146949239], [4.970742038166938, 3.7020481007139816, 2.5923158083073132, 1.3851262252950087, 0.0, 1.3956420780415015, 2.4306793309690193, 2.8241564687531038, 2.4308019314621254, 3.6544171053671475, 4.69864481100668, 5.914182131960429, 6.340593603914384, 7.023077346149621, 8.098249245361618, 9.238597533175692, 9.447370273785186, 11.051028427255085, 8.549181159035056, 7.290168563894802, 9.2112335080596, 10.570928516927925, 9.820016559558338, 8.447977135977581, 5.057948855020185, 5.811506278065954, 5.3585294717860785, 4.112235276586202, 3.010827495888796, 2.9054169614704186, 1.0850646570596614, 2.153928561953715, 3.4109905804619283, 3.9082303719202636, 4.625802747632026, 8.193023545675919, 10.098169871813408, 6.72005722892298, 10.627116247599815, 11.40437069767552], [5.976939370614362, 4.652636973803135, 3.81802894174468, 2.3850404713547313, 1.3956420780415015, 0.0, 1.403233316309159, 2.433168561772899, 2.779302426869015, 4.192491961828908, 5.00652123235286, 6.163889272204685, 6.682804707605931, 7.09858164283542, 8.071381634515864, 9.11465141571525, 9.307576484778409, 10.826096347714627, 8.485561301410767, 7.342423601236856, 9.133263873884296, 10.614471202090098, 9.547574736025897, 8.493166486063958, 6.010674853125895, 6.701378829017205, 6.515834788421204, 5.032844557504235, 4.241866134144264, 4.226115806506017, 2.161032600401947, 1.0875393602072523, 2.1590750542767148, 3.415862223509608, 4.760707435875471, 8.182234504705912, 9.927022629670994, 6.868839859102845, 10.773636725358804, 11.366989070989733], [5.939067706298691, 4.629884641111483, 4.235982117525993, 2.7618892428915394, 2.4306793309690193, 1.403233316309159, 0.0, 1.398149380431147, 2.3967441373663565, 3.7537829305914854, 4.293060508541663, 5.3161893815025065, 5.901828464128722, 6.097801910524809, 6.962014418973865, 7.941356408699964, 8.167100807508133, 9.643314847602976, 7.452388963278823, 6.388053511047008, 8.201429953977538, 9.723020459713123, 8.526443878898164, 7.738685752761899, 5.95412357026624, 6.480016193652605, 6.670324685500699, 5.016840310394581, 4.7259094426364125, 4.846215047849197, 3.4168818387529885, 2.1588935267863487, 1.087325834329342, 2.1588100449090004, 3.977206148793396, 7.081965213837188, 8.710235182243933, 6.062479645326654, 9.99159521848238, 10.423951150115775], [4.8778733532144924, 3.642497008921215, 3.673019750831732, 2.413065457048358, 2.8241564687531038, 2.433168561772899, 1.398149380431147, 0.0, 1.3870840313405672, 2.516809603446395, 2.9507384533367236, 3.9216894331397536, 4.519284820632575, 4.766564046564359, 5.657005614280403, 6.711998678486163, 7.006992316964534, 8.563998532227805, 6.316145227114399, 5.170108112022417, 7.228995253837147, 8.669696448549972, 7.694653288485452, 6.829058421920258, 4.922503194513946, 5.280906136261087, 5.727326529891586, 4.069145921443467, 4.220356052515001, 4.443966052975652, 3.909111053679596, 3.41359139470441, 2.1553783009021874, 1.084560924983009, 2.7556891588130905, 5.772797510739486, 7.504289858474285, 4.91143483312158, 8.952633017163162, 9.412875688651159], [3.570967574761776, 2.2901361029423555, 2.358091868439396, 1.3967833368135518, 2.4308019314621254, 2.779302426869015, 2.3967441373663565, 1.3870840313405672, 0.0, 1.4230566432858531, 2.3651362688014403, 3.5025335544431266, 3.9909349455985876, 4.638511543588094, 5.685280780225371, 6.868355862213314, 7.176761348965145, 8.832157370088014, 6.3827395325205, 5.0759323419446805, 7.305630812599278, 8.597703111878195, 8.007949605236037, 6.7487158289559055, 3.7017404568662022, 4.0889310742540035, 4.363464102063864, 2.8310029848094476, 2.9764038536462087, 3.1988431330717044, 3.416834300928273, 3.8667619244013456, 3.383956715148703, 2.155845734276922, 2.4814971146467206, 5.782449032200803, 7.72076252905113, 4.677718276040147, 8.75679173499062, 9.439474412275294], [2.4733377953688414, 1.4869557020974093, 2.4431421919323486, 2.3463933301984983, 3.6544171053671475, 4.192491961828908, 3.7537829305914854, 2.516809603446395, 1.4230566432858531, 0.0, 1.406319608055011, 2.390806368152804, 2.7745325534222878, 3.721816581993261, 4.8008266225724086, 6.066230036851553, 6.449633252364045, 8.161751407633046, 5.691509227788356, 4.305533921594394, 6.761053481521944, 7.863318267118532, 7.650488162856014, 6.2561402262097685, 2.7139731207217217, 2.764991048810104, 3.4275191815655828, 2.1241662340786798, 2.999831973627857, 3.3242373050069696, 4.503220693015168, 5.279468991290696, 4.6593926707243725, 2.8121050300442194, 2.058395943447227, 4.874676645686358, 6.928027732334795, 3.973193675118292, 7.996292690991244, 8.757640259225084], [3.2466563861918005, 2.4479249865957904, 3.6725104996446234, 3.49733692114443, 4.69864481100668, 5.00652123235286, 4.293060508541663, 2.9507384533367236, 2.3651362688014403, 1.406319608055011, 0.0, 1.3854800648150805, 2.325154104570276, 2.4334797697946864, 3.659201899321763, 4.823894777044789, 5.085503692850886, 6.7917399479073115, 4.285883023368697, 2.9001671313908792, 5.392672115009403, 6.495738499200841, 6.302414573002953, 4.996602066404728, 3.6688265671737605, 3.064525141029194, 4.20103444641912, 2.5432859748758103, 4.348807049065296, 4.37285784127497, 5.609799751328029, 6.072501734046686, 5.015777820039481, 2.8121132445191463, 1.0141390733030653, 3.971879338549952, 5.761100323722891, 2.6345861192984374, 6.687572985769949, 7.373021103319859], [3.6540907815761776, 3.392672228494819, 4.740166971742663, 4.689458093426148, 5.914182131960429, 6.163889272204685, 5.3161893815025065, 3.9216894331397536, 3.5025335544431266, 2.390806368152804, 1.3854800648150805, 0.0, 1.226807580674329, 1.490640446251208, 2.4816284995945703, 3.775334733503772, 4.306754673765387, 6.028734770248232, 3.8157822631801204, 2.532171688491916, 5.252518720575873, 6.157780741468471, 6.189353505819489, 5.178408365511549, 3.8964635799658134, 3.136548065947659, 4.670057852960711, 3.5897960638454105, 5.225531021819696, 5.512421135036763, 6.83667336209651, 7.226871739556472, 5.918893715045068, 3.4870492812691936, 2.1088250496425727, 2.677760506468045, 4.629342295618245, 2.762981565266044, 6.466406096898029, 6.9996885173556125], [3.441916960067456, 3.6355762143022115, 4.9423266261954, 5.073138157984661, 6.340593603914384, 6.682804707605931, 5.901828464128722, 4.519284820632575, 3.9909349455985876, 2.7745325534222878, 2.325154104570276, 1.226807580674329, 0.0, 2.342951996947441, 2.8003766335977023, 4.181707042584404, 4.9925445916886915, 6.662694800904511, 4.74413081607158, 3.578897810779179, 6.285322854873885, 7.024106879881598, 7.238767064908223, 6.286791108347724, 3.400557311677014, 2.871628578002385, 4.4750800964898945, 4.08117236342696, 5.18173612411902, 5.805796356228833, 7.210666603026381, 7.750449103116541, 6.533959342542622, 4.13055293756175, 3.218904299602584, 2.5298244860068855, 4.835848799331923, 3.905099672223489, 7.336119579859641, 7.85450907823016], [5.018036478544172, 4.703203500806658, 6.061765793892074, 5.891967000077308, 7.023077346149621, 7.09858164283542, 6.097801910524809, 4.766564046564359, 4.638511543588094, 3.721816581993261, 2.4334797697946864, 1.490640446251208, 2.342951996947441, 0.0, 1.3993582136107963, 2.4267018543694236, 2.8167976533645436, 4.540317216891348, 2.4320408179140416, 1.3994440896298788, 4.036954447352608, 4.909753063036877, 4.9135103235874045, 4.2841417973731915, 5.345724834856355, 4.364706144747891, 5.966958187384925, 4.66694836911659, 6.644566008401151, 6.744995395847206, 7.987953488848067, 8.113567190823035, 6.519589527723352, 4.10762182899059, 2.6280021251893992, 2.1618804106610523, 3.4052609958709477, 2.1620403534624417, 5.369151935827482, 5.673506076492736], [6.005762916566053, 5.869721456764367, 7.204247586667187, 6.997426476927071, 8.098249245361618, 8.071381634515864, 6.962014418973865, 5.657005614280403, 5.685280780225371, 4.8008266225724086, 3.659201899321763, 2.4816284995945703, 2.8003766335977023, 1.3993582136107963, 0.0, 1.3976243772916956, 2.429308101085575, 3.982551501236362, 2.7914017070282093, 2.4157973114481273, 4.555773490857508, 5.225729747126233, 5.227377900056585, 5.170073868911353, 6.15622143039056, 5.297126807996954, 6.9866000958978605, 5.959789990427515, 7.668670412137947, 7.970947331402962, 9.095138228196426, 9.060745515132847, 7.25488859321768, 4.840329844132524, 3.912436113216419, 1.0897401066309345, 2.1480549713636288, 3.404931447180692, 5.85749974818608, 5.826685284962626], [7.297962528678809, 7.113123661233509, 8.457880213741502, 8.194516736208426, 9.238597533175692, 9.11465141571525, 7.941356408699964, 6.711998678486163, 6.868355862213314, 6.066230036851553, 4.823894777044789, 3.775334733503772, 4.181707042584404, 2.4267018543694236, 1.3976243772916956, 0.0, 1.3995038442248025, 2.665455807174451, 2.4118095675239366, 2.7918311714715127, 4.0562561950646066, 4.54141119587293, 4.510235019375376, 5.018567742892388, 7.514529377146648, 6.539473754056973, 8.240072409876019, 7.080897517264319, 8.987847420266991, 9.167883263872856, 10.251829655724874, 10.060112977993835, 8.115383903426874, 5.826923611992866, 4.879899115760488, 2.155000617169285, 1.088717768753684, 3.879158854700333, 5.335933296059837, 4.945520450872689], [7.734322872753632, 7.394135602624555, 8.73796794111766, 8.451536202963341, 9.447370273785186, 9.307576484778409, 8.167100807508133, 7.006992316964534, 7.176761348965145, 6.449633252364045, 5.085503692850886, 4.306754673765387, 4.9925445916886915, 2.8167976533645436, 2.429308101085575, 1.3995038442248025, 0.0, 1.725962934132712, 1.3971491903157658, 2.4337217055366045, 2.766283638747119, 3.2609426765890874, 3.1802076630308282, 3.907704269772727, 8.123649136317988, 6.976218129473877, 8.605461215414314, 7.159807459701693, 9.405550326270124, 9.320648372833297, 10.440111023356026, 10.220877992618835, 8.323456706801569, 6.17731301214371, 4.908334482286227, 3.412022052976798, 2.1650057759738197, 3.4143785686417374, 4.129530904352212, 3.6139078101135893], [9.435404644740998, 9.099798442822786, 10.435801654401065, 10.10982082630548, 11.051028427255085, 10.826096347714627, 9.643314847602976, 8.563998532227805, 8.832157370088014, 8.161751407633046, 6.7917399479073115, 6.028734770248232, 6.662694800904511, 4.540317216891348, 3.982551501236362, 2.665455807174451, 1.725962934132712, 0.0, 2.764003692110414, 4.056802281354122, 3.292490118436197, 3.2945107451638402, 3.166652846461071, 4.701014865962455, 9.832747944496493, 8.645215704654223, 10.281826317342654, 8.816234118375034, 11.123506980714312, 10.988394092859975, 12.050395656989856, 11.687600281922718, 9.688042354366543, 7.69101796773353, 6.544838532767635, 4.8196872969104545, 2.7912186263350995, 4.925252336682863, 4.299304478633724, 3.1340572856921427], [6.989718286168621, 6.504316232318352, 7.823003949890349, 7.564944124711034, 8.549181159035056, 8.485561301410767, 7.452388963278823, 6.316145227114399, 6.3827395325205, 5.691509227788356, 4.285883023368697, 3.8157822631801204, 4.74413081607158, 2.4320408179140416, 2.7914017070282093, 2.4118095675239366, 1.3971491903157658, 2.764003692110414, 0.0, 1.4071613198208655, 1.7651127187803048, 2.7011709720045487, 2.6236067426350314, 2.6111390081724872, 7.5238375706816, 6.289421042512577, 7.7944590954087385, 6.121844017940999, 8.591275634037125, 8.296431980676994, 9.496410514504943, 9.400327033672818, 7.70092415817738, 5.6280058502101795, 3.960190213865996, 3.881062855713625, 3.403939384007888, 2.162636310154807, 3.3790204394173173, 3.341185415387778], [5.61683260031844, 5.103033471377589, 6.435134268995482, 6.236295189453431, 7.290168563894802, 7.342423601236856, 6.388053511047008, 5.170108112022417, 5.0759323419446805, 4.305533921594394, 2.9001671313908792, 2.532171688491916, 3.578897810779179, 1.3994440896298788, 2.4157973114481273, 2.7918311714715127, 2.4337217055366045, 4.056802281354122, 1.4071613198208655, 0.0, 2.7250403391509637, 3.7433447263109496, 3.7265535579137996, 2.88855130818201, 6.157874462020154, 4.975691755927009, 6.4449284348237725, 4.768595688460073, 7.188432613581351, 6.939031982200399, 8.222489011242278, 8.311284367653414, 6.778541041404116, 4.588857654144438, 2.664598470689346, 3.4060301510703046, 3.880398228275031, 1.087767056864658, 4.156878005186103, 4.550417800598095], [8.016113504061677, 7.386003562143739, 8.612533515174265, 8.341765341940519, 9.2112335080596, 9.133263873884296, 8.201429953977538, 7.228995253837147, 7.305630812599278, 6.761053481521944, 5.392672115009403, 5.252518720575873, 6.285322854873885, 4.036954447352608, 4.555773490857508, 4.0562561950646066, 2.766283638747119, 3.292490118436197, 1.7651127187803048, 2.7250403391509637, 0.0, 1.6755765843434314, 1.441887336098074, 1.446435933596784, 8.703597688312575, 7.3669280341265715, 8.690348119609478, 6.782891272164106, 9.50500092004204, 8.898439659850482, 10.088172098551848, 9.965703702699575, 8.41580507735297, 6.663451767665164, 4.846177142862197, 5.645495090778134, 4.930379159861846, 2.840497621896558, 2.244443204895147, 2.2427497430609598], [8.73412202456549, 8.337658799087427, 9.674603157752776, 9.599344153117963, 10.570928516927925, 10.614471202090098, 9.723020459713123, 8.669696448549972, 8.597703111878195, 7.863318267118532, 6.495738499200841, 6.157780741468471, 7