{"total energy": -35.68161175, "HOMO-LUMO gap/eV": 3.84846519, "electronic energy": -36.16052756, "dipole": [0.14488665, 1.22987545, 0.47514398], "partial charges": [-0.09947852, -0.05142766, -0.0574601, -0.05763844, -0.0587155, -0.05868283, -0.05488483, -0.0836179, 0.23389768, -0.36551929, -0.13652388, 0.03278293, 0.02977395, 0.03313386, 0.02849627, 0.02753314, 0.0304565, 0.02744657, 0.02862581, 0.0321222, 0.0308269, 0.0313371, 0.02831467, 0.02821822, 0.04510889, 0.04505808, 0.05726291, 0.05723673, 0.06375777, 0.06376831, 0.06879046], "atomic dipole moments": [[-0.02486382, -0.08249369, 0.05332725], [-0.06451475, 0.04291111, -0.08006759], [0.0066596, 0.09941299, 0.04636272], [-0.01019247, -0.1047575, -0.0397296], [0.0022042, 0.10306662, 0.03968994], [-0.0115985, -0.10268704, -0.04013142], [-0.00992212, 0.12112808, 0.04609216], [-0.00204727, -0.07914769, -0.03054802], [-0.00183957, -0.01684484, -0.00661047], [0.0084534, 0.15085036, 0.05859268], [0.07469103, -0.030067, -0.00728042], [-0.07653981, 0.09733256, 0.02298319], [0.11426351, 0.03695823, 0.03255325], [0.00194967, -0.02199592, -0.12435083], [0.00130081, 0.02683943, 0.12087969], [0.08708274, -0.08276007, -0.01397148], [0.0034317, -0.03210508, -0.12023227], [-0.01124682, -0.10629303, 0.05859661], [-0.00077392, 0.03422917, 0.11928069], [0.00766041, 0.10521717, -0.06551263], [-0.01017587, -0.10571256, 0.0651352], [0.00052091, -0.03464757, -0.11979671], [0.00014141, 0.03421822, 0.11849672], [0.01056147, 0.10459045, -0.06436858], [0.00020944, -0.037299, -0.1220087], [-0.01049287, -0.10931041, 0.0649957], [3.609e-05, 0.03006801, 0.12778979], [0.01158999, 0.10778183, -0.07405304], [0.00228409, 0.10879466, -0.0797401], [-0.00982618, 0.02737302, 0.13173427], [-0.10693222, -0.0719986, -0.033852]], "atomic quadrupole moments": [[-0.08079739, 0.07157632, 0.10676029, -0.03559289, -0.15133778, -0.0259629], [0.04885138, 0.16563608, 0.05347481, 0.04275161, -0.10518461, -0.10232618], [0.22237835, -0.02794949, -0.03486175, 0.0363326, 0.07396079, -0.18751659], [0.22435632, -0.01445113, -0.01691656, 0.01721532, 0.08659266, -0.20743976], [0.23308399, -0.02670924, -0.0205723, 0.01746346, 0.08325004, -0.21251169], [0.23147007, -0.01551865, -0.0231753, 0.02098383, 0.08278134, -0.20829477], [0.24711648, -0.03686278, -0.02332922, 0.01475283, 0.08850312, -0.22378726], [0.19231386, -0.0239454, 0.01436062, 0.01583767, 0.09870308, -0.20667448], [-0.29007211, 0.00311269, -0.21018575, -0.05127127, -0.32240003, 0.50025786], [-0.13408975, 0.00320868, -0.08407133, -0.02200263, -0.13702498, 0.21816108], [0.09532601, -0.15073815, 0.02514546, -0.0446361, 0.05453186, -0.12047147], [0.01743633, -0.05745142, 0.01628813, -0.02871289, 0.00917561, -0.03372446], [0.06176765, 0.03052718, -0.02663086, 0.03885652, -0.00306259, -0.03513679], [-0.05239079, 0.00513461, -0.02030853, 0.00393149, 0.02983277, 0.07269932], [-0.03306505, 0.01032373, -0.01535841, -0.01668502, 0.02453616, 0.04842346], [0.02120387, -0.03035649, 0.02320761, -0.02061609, 0.01034207, -0.04441148], [-0.01736659, -0.00704379, -0.04086243, -0.00167855, 0.0077335, 0.05822902], [-0.00960058, 0.00927215, 0.02161106, -0.00792616, -0.04873682, -0.01201048], [-0.02060337, -0.00129995, -0.03567991, -9.351e-05, 0.01356666, 0.05628328], [-0.01788203, 0.00726239, 0.01850486, -0.00630155, -0.04545567, -0.00062283], [-0.0188065, 0.00483945, 0.01830668, -0.00433346, -0.04564198, 0.00049982], [-0.01984307, -0.00144763, -0.03492636, -0.00058746, 0.01317593, 0.05476942], [-0.02083249, -0.00165926, -0.03514027, -0.00120925, 0.01335804, 0.05597276], [-0.02031104, 0.00416822, 0.01912433, -0.00422165, -0.04654844, 0.00118672], [-0.01708574, -0.00167359, -0.03581536, -0.00034237, 0.01041503, 0.0529011], [-0.0164122, 0.00421153, 0.01433642, -0.00451433, -0.04490385, 0.00207578], [-0.01666035, -0.02216219, -0.03955094, 0.00102565, 0.02717663, 0.05621129], [-0.01428509, -0.00891933, 0.03151776, -0.01757132, -0.05094429, -0.01723267], [-0.02957091, 0.01313936, 0.04865236, -0.00167814, -0.06169197, -0.01908146], [-0.0302186, 0.00411689, -0.04369117, 0.00130369, 0.04029206, 0.07390977], [0.03700643, 0.04697202, 0.00214407, 0.0230082, 0.02241943, -0.0391505]], "number of molecular orbitals": 64, "number of electrons": 66, "number of unpaired electrons": 0, "orbital energies/eV": [-19.09323301, -17.43253757, -17.11859044, -16.94157986, -16.76128567, -16.391483, -15.9314456, -15.51880676, -15.29774736, -15.16894821, -14.91896517, -14.81928006, -14.53311959, -14.17799063, -14.02934318, -13.79262686, -13.676572, -13.43702798, -13.18929429, -13.05600358, -12.98346536, -12.85991857, -12.75272993, -12.51326934, -12.2654817, -12.16324862, -11.94986202, -11.84981237, -11.57407654, -11.54638537, -11.41736589, -11.34263524, -10.72946647, -6.88100128, 0.86267917, 2.28810383, 2.62359879, 2.74009066, 2.86650575, 3.15551811, 3.45937934, 3.55913531, 3.69235125, 3.86274308, 4.16490089, 4.25499455, 4.39953504, 4.69542991, 4.72547523, 4.87748832, 5.06568325, 5.57042452, 5.66336512, 5.71508784, 6.08761887, 6.47018853, 6.87462419, 7.00835355, 7.17461997, 7.39682213, 7.85199528, 7.94821612, 8.4648881, 15.14287297], "fractional occupation": [2.0, 2.0, 2.0, 2.0, 2.0, 2.0, 2.0, 2.0, 2.0, 2.0, 2.0, 2.0, 2.0, 2.0, 2.0, 2.0, 2.0, 2.0, 2.0, 2.0, 2.0, 2.0, 2.0, 2.0, 2.0, 2.0, 2.0, 2.0, 2.0, 2.0, 2.0, 2.0, 2.0, 0.0, 0.0, 0.0, 0.0, 0.0, 0.0, 0.0, 0.0, 0.0, 0.0, 0.0, 0.0, 0.0, 0.0, 0.0, 0.0, 0.0, 0.0, 0.0, 0.0, 0.0, 0.0, 0.0, 0.0, 0.0, 0.0, 0.0, 0.0, 0.0, 0.0, 0.0], "program call": "xtb /home/svss/Project-DBcg-Debug/aqme2_20220329/End-to-End-workflows-final/example-3/QDESCP/mol_245_rdkit_conf_5/mol_245_rdkit_conf_5.xyz --pop --wbo --acc 0.2 --gfn 2 --chrg 0 --uhf 0 --etemp 300 --input /home/svss/Project-DBcg-Debug/aqme2_20220329/End-to-End-workflows-final/example-3/QDESCP/mol_245_rdkit_conf_5/mol_245_rdkit_conf_5_xtb.inp", "method": "GFN2-xTB", "xtb version": "6.3.3 (7355c4f)", "Dipole module/D": 3.371, "Total charge": 0, "Transition dipole module/D": NaN, "HOMO": -10.7295, "LUMO": -6.881, "HOMO occupancy": 2.0, "LUMO occupancy": 0, "mulliken charges": [-0.08496, -0.03877, -0.04672, -0.0466, -0.04446, -0.04869, -0.03417, -0.08457, 0.39815, -0.49346, -0.12683, 0.02618, 0.02812, 0.02721, 0.02222, 0.02378, 0.02375, 0.02416, 0.02234, 0.0229, 0.02516, 0.02538, 0.02153, 0.02153, 0.03832, 0.0383, 0.04527, 0.04526, 0.05265, 0.05265, 0.06437], "cm5 charges": [-0.23541, -0.15115, -0.15723, -0.15741, -0.15524, -0.15929, -0.1425, -0.18677, 0.41331, -0.54402, -0.26858, 0.07792, 0.0789, 0.07861, 0.07682, 0.07799, 0.07895, 0.07907, 0.0778, 0.07885, 0.08052, 0.08074, 0.07691, 0.0769, 0.09569, 0.09567, 0.10174, 0.10172, 0.10522, 0.10523, 0.11903], "FUKUI+": [0.003, 0.003, 0.002, 0.003, 0.004, 0.006, 0.015, 0.03, -0.194, -0.297, 0.051, 0.002, -0.009, -0.003, -0.004, -0.01, -0.005, -0.004, -0.007, -0.007, -0.009, -0.009, -0.017, -0.017, -0.021, -0.021, -0.096, -0.096, -0.107, -0.107, -0.077], "FUKUI-": [0.015, 0.003, 0.001, -0.005, -0.001, -0.003, 0.003, -0.009, -0.026, -0.133, -0.0, -0.057, -0.051, -0.037, -0.047, -0.089, -0.037, -0.04, -0.036, -0.041, -0.038, -0.034, -0.028, -0.028, -0.025, -0.025, -0.044, -0.044, -0.049, -0.049, -0.045], "FUKUIrad": [0.009, 0.003, 0.001, -0.001, 0.002, 0.002, 0.009, 0.011, -0.11, -0.215, 0.025, -0.028, -0.03, -0.02, -0.026, -0.049, -0.021, -0.022, -0.021, -0.024, -0.024, -0.022, -0.023, -0.023, -0.023, -0.023, -0.07, -0.07, -0.078, -0.078, -0.061], "s proportion": [1.007, 1.027, 1.032, 1.032, 1.033, 1.033, 1.029, 1.042, 1.075, 1.739, 1.022, 0.974, 0.972, 0.973, 0.978, 0.976, 0.976, 0.976, 0.978, 0.977, 0.975, 0.975, 0.978, 0.978, 0.962, 0.962, 0.955, 0.955, 0.947, 0.947, 0.936], "p proportion": [3.078, 3.012, 3.015, 3.015, 3.012, 3.015, 3.005, 3.043, 2.527, 4.754, 3.105, 0.0, 0.0, 0.0, 0.0, 0.0, 0.0, 0.0, 0.0, 0.0, 0.0, 0.0, 0.0, 0.0, 0.0, 0.0, 0.0, 0.0, 0.0, 0.0, 0.0], "d proportion": [0.0, 0.0, 0.0, 0.0, 0.0, 0.0, 0.0, 0.0, 0.0, 0.0, 0.0, 0.0, 0.0, 0.0, 0.0, 0.0, 0.0, 0.0, 0.0, 0.0, 0.0, 0.0, 0.0, 0.0, 0.0, 0.0, 0.0, 0.0, 0.0, 0.0, 0.0], "Fermi-level/eV": -8.8052, "Coordination numbers": [3.749, 3.799, 3.801, 3.801, 3.802, 3.802, 3.802, 3.803, 2.81, 0.857, 3.751, 0.924, 0.924, 0.924, 0.924, 0.924, 0.924, 0.924, 0.924, 0.924, 0.924, 0.924, 0.924, 0.924, 0.924, 0.924, 0.924, 0.924, 0.924, 0.924, 0.924], "Dispersion coefficient C6": [22.465, 21.499, 21.608, 21.611, 21.63, 21.629, 21.559, 22.094, 23.105, 21.004, 23.19, 2.547, 2.59, 2.542, 2.608, 2.622, 2.58, 2.623, 2.606, 2.557, 2.575, 2.568, 2.611, 2.612, 2.382, 2.383, 2.231, 2.232, 2.156, 2.155, 2.099], "Total dispersion C6": 6845.032067, "Total dispersion C8": 145489.906099, "Polarizability alpha": [6.76, 6.602, 6.618, 6.619, 6.621, 6.621, 6.611, 6.692, 7.875, 6.145, 6.868, 2.496, 2.517, 2.494, 2.526, 2.532, 2.512, 2.533, 2.525, 2.5, 2.509, 2.506, 2.527, 2.527, 2.414, 2.414, 2.336, 2.336, 2.296, 2.296, 2.266], "Total polarizability alpha": 123.092499, "Wiberg matrix": [[0.0, 1.02097588099969, 0.0, 0.0, 0.0, 0.0, 0.0, 0.0, 0.0, 0.0, 0.0, 0.9861594111204608, 0.9873683401275989, 0.9874013348097164, 0.0, 0.0, 0.0, 0.0, 0.0, 0.0, 0.0, 0.0, 0.0, 0.0, 0.0, 0.0, 0.0, 0.0, 0.0, 0.0, 0.0], [1.02097588099969, 0.0, 1.0069355257474442, 0.0, 0.0, 0.0, 0.0, 0.0, 0.0, 0.0, 0.0, 0.0, 0.0, 0.0, 0.9778593900506489, 0.9781117878969006, 0.0, 0.0, 0.0, 0.0, 0.0, 0.0, 0.0, 0.0, 0.0, 0.0, 0.0, 0.0, 0.0, 0.0, 0.0], [0.0, 1.0069355257474442, 0.0, 1.0078633184111152, 0.0, 0.0, 0.0, 0.0, 0.0, 0.0, 0.0, 0.0, 0.0, 0.0, 0.0, 0.0, 0.9771404902895107, 0.9771697411697545, 0.0, 0.0, 0.0, 0.0, 0.0, 0.0, 0.0, 0.0, 0.0, 0.0, 0.0, 0.0, 0.0], [0.0, 0.0, 1.0078633184111152, 0.0, 1.0066881503318443, 0.0, 0.0, 0.0, 0.0, 0.0, 0.0, 0.0, 0.0, 0.0, 0.0, 0.0, 0.0, 0.0, 0.9772774293357962, 0.975654018241312, 0.0, 0.0, 0.0, 0.0, 0.0, 0.0, 0.0, 0.0, 0.0, 0.0, 0.0], [0.0, 0.0, 0.0, 1.0066881503318443, 0.0, 1.006995308138735, 0.0, 0.0, 0.0, 0.0, 0.0, 0.0, 0.0, 0.0, 0.0, 0.0, 0.0, 0.0, 0.0, 0.0, 0.9770654723547195, 0.9772346705626433, 0.0, 0.0, 0.0, 0.0, 0.0, 0.0, 0.0, 0.0, 0.0], [0.0, 0.0, 0.0, 0.0, 1.006995308138735, 0.0, 1.0067435702380092, 0.0, 0.0, 0.0, 0.0, 0.0, 0.0, 0.0, 0.0, 0.0, 0.0, 0.0, 0.0, 0.0, 0.0, 0.0, 0.9772136576290384, 0.9771921088945584, 0.0, 0.0, 0.0, 0.0, 0.0, 0.0, 0.0], [0.0, 0.0, 0.0, 0.0, 0.0, 1.0067435702380092, 0.0, 1.0076827927814147, 0.0, 0.0, 0.0, 0.0, 0.0, 0.0, 0.0, 0.0, 0.0, 0.0, 0.0, 0.0, 0.0, 0.0, 0.0, 0.0, 0.9759530592979446, 0.9759534097717784, 0.0, 0.0, 0.0, 0.0, 0.0], [0.0, 0.0, 0.0, 0.0, 0.0, 0.0, 1.0076827927814147, 0.0, 0.992579728832955, 0.0, 0.0, 0.0, 0.0, 0.0, 0.0, 0.0, 0.0, 0.0, 0.0, 0.0, 0.0, 0.0, 0.0, 0.0, 0.0, 0.0, 0.9518877621314382, 0.9518788328232153, 0.0, 0.0, 0.0], [0.0, 0.0, 0.0, 0.0, 0.0, 0.0, 0.0, 0.992579728832955, 0.0, 1.8574816601278097, 1.0077273221041994, 0.0, 0.0, 0.0, 0.0, 0.0, 0.0, 0.0, 0.0, 0.0, 0.0, 0.0, 0.0, 0.0, 0.0, 0.0, 0.0, 0.0, 0.0, 0.0, 0.0], [0.0, 0.0, 0.0, 0.0, 0.0, 0.0, 0.0, 0.0, 1.8574816601278097, 0.0, 0.0, 0.0, 0.0, 0.0, 0.0, 0.0, 0.0, 0.0, 0.0, 0.0, 0.0, 0.0, 0.0, 0.0, 0.0, 0.0, 0.0, 0.0, 0.0, 0.0, 0.0], [0.0, 0.0, 0.0, 0.0, 0.0, 0.0, 0.0, 0.0, 1.0077273221041994, 0.0, 0.0, 0.0, 0.0, 0.0, 0.0, 0.0, 0.0, 0.0, 0.0, 0.0, 0.0, 0.0, 0.0, 0.0, 0.0, 0.0, 0.0, 0.0, 0.963269809086859, 0.9632764504925563, 0.9828199018319612], [0.9861594111204608, 0.0, 0.0, 0.0, 0.0, 0.0, 0.0, 0.0, 0.0, 0.0, 0.0, 0.0, 0.0, 0.0, 0.0, 0.0, 0.0, 0.0, 0.0, 0.0, 0.0, 0.0, 0.0, 0.0, 0.0, 0.0, 0.0, 0.0, 0.0, 0.0, 0.0], [0.9873683401275989, 0.0, 0.0, 0.0, 0.0, 0.0, 0.0, 0.0, 0.0, 0.0, 0.0, 0.0, 0.0, 0.0, 0.0, 0.0, 0.0, 0.0, 0.0, 0.0, 0.0, 0.0, 0.0, 0.0, 0.0, 0.0, 0.0, 0.0, 0.0, 0.0, 0.0], [0.9874013348097164, 0.0, 0.0, 0.0, 0.0, 0.0, 0.0, 0.0, 0.0, 0.0, 0.0, 0.0, 0.0, 0.0, 0.0, 0.0, 0.0, 0.0, 0.0, 0.0, 0.0, 0.0, 0.0, 0.0, 0.0, 0.0, 0.0, 0.0, 0.0, 0.0, 0.0], [0.0, 0.9778593900506489, 0.0, 0.0, 0.0, 0.0, 0.0, 0.0, 0.0, 0.0, 0.0, 0.0, 0.0, 0.0, 0.0, 0.0, 0.0, 0.0, 0.0, 0.0, 0.0, 0.0, 0.0, 0.0, 0.0, 0.0, 0.0, 0.0, 0.0, 0.0, 0.0], [0.0, 0.9781117878969006, 0.0, 0.0, 0.0, 0.0, 0.0, 0.0, 0.0, 0.0, 0.0, 0.0, 0.0, 0.0, 0.0, 0.0, 0.0, 0.0, 0.0, 0.0, 0.0, 0.0, 0.0, 0.0, 0.0, 0.0, 0.0, 0.0, 0.0, 0.0, 0.0], [0.0, 0.0, 0.9771404902895107, 0.0, 0.0, 0.0, 0.0, 0.0, 0.0, 0.0, 0.0, 0.0, 0.0, 0.0, 0.0, 0.0, 0.0, 0.0, 0.0, 0.0, 0.0, 0.0, 0.0, 0.0, 0.0, 0.0, 0.0, 0.0, 0.0, 0.0, 0.0], [0.0, 0.0, 0.9771697411697545, 0.0, 0.0, 0.0, 0.0, 0.0, 0.0, 0.0, 0.0, 0.0, 0.0, 0.0, 0.0, 0.0, 0.0, 0.0, 0.0, 0.0, 0.0, 0.0, 0.0, 0.0, 0.0, 0.0, 0.0, 0.0, 0.0, 0.0, 0.0], [0.0, 0.0, 0.0, 0.9772774293357962, 0.0, 0.0, 0.0, 0.0, 0.0, 0.0, 0.0, 0.0, 0.0, 0.0, 0.0, 0.0, 0.0, 0.0, 0.0, 0.0, 0.0, 0.0, 0.0, 0.0, 0.0, 0.0, 0.0, 0.0, 0.0, 0.0, 0.0], [0.0, 0.0, 0.0, 0.975654018241312, 0.0, 0.0, 0.0, 0.0, 0.0, 0.0, 0.0, 0.0, 0.0, 0.0, 0.0, 0.0, 0.0, 0.0, 0.0, 0.0, 0.0, 0.0, 0.0, 0.0, 0.0, 0.0, 0.0, 0.0, 0.0, 0.0, 0.0], [0.0, 0.0, 0.0, 0.0, 0.9770654723547195, 0.0, 0.0, 0.0, 0.0, 0.0, 0.0, 0.0, 0.0, 0.0, 0.0, 0.0, 0.0, 0.0, 0.0, 0.0, 0.0, 0.0, 0.0, 0.0, 0.0, 0.0, 0.0, 0.0, 0.0, 0.0, 0.0], [0.0, 0.0, 0.0, 0.0, 0.9772346705626433, 0.0, 0.0, 0.0, 0.0, 0.0, 0.0, 0.0, 0.0, 0.0, 0.0, 0.0, 0.0, 0.0, 0.0, 0.0, 0.0, 0.0, 0.0, 0.0, 0.0, 0.0, 0.0, 0.0, 0.0, 0.0, 0.0], [0.0, 0.0, 0.0, 0.0, 0.0, 0.9772136576290384, 0.0, 0.0, 0.0, 0.0, 0.0, 0.0, 0.0, 0.0, 0.0, 0.0, 0.0, 0.0, 0.0, 0.0, 0.0, 0.0, 0.0, 0.0, 0.0, 0.0, 0.0, 0.0, 0.0, 0.0, 0.0], [0.0, 0.0, 0.0, 0.0, 0.0, 0.9771921088945584, 0.0, 0.0, 0.0, 0.0, 0.0, 0.0, 0.0, 0.0, 0.0, 0.0, 0.0, 0.0, 0.0, 0.0, 0.0, 0.0, 0.0, 0.0, 0.0, 0.0, 0.0, 0.0, 0.0, 0.0, 0.0], [0.0, 0.0, 0.0, 0.0, 0.0, 0.0, 0.9759530592979446, 0.0, 0.0, 0.0, 0.0, 0.0, 0.0, 0.0, 0.0, 0.0, 0.0, 0.0, 0.0, 0.0, 0.0, 0.0, 0.0, 0.0, 0.0, 0.0, 0.0, 0.0, 0.0, 0.0, 0.0], [0.0, 0.0, 0.0, 0.0, 0.0, 0.0, 0.9759534097717784, 0.0, 0.0, 0.0, 0.0, 0.0, 0.0, 0.0, 0.0, 0.0, 0.0, 0.0, 0.0, 0.0, 0.0, 0.0, 0.0, 0.0, 0.0, 0.0, 0.0, 0.0, 0.0, 0.0, 0.0], [0.0, 0.0, 0.0, 0.0, 0.0, 0.0, 0.0, 0.9518877621314382, 0.0, 0.0, 0.0, 0.0, 0.0, 0.0, 0.0, 0.0, 0.0, 0.0, 0.0, 0.0, 0.0, 0.0, 0.0, 0.0, 0.0, 0.0, 0.0, 0.0, 0.0, 0.0, 0.0], [0.0, 0.0, 0.0, 0.0, 0.0, 0.0, 0.0, 0.9518788328232153, 0.0, 0.0, 0.0, 0.0, 0.0, 0.0, 0.0, 0.0, 0.0, 0.0, 0.0, 0.0, 0.0, 0.0, 0.0, 0.0, 0.0, 0.0, 0.0, 0.0, 0.0, 0.0, 0.0], [0.0, 0.0, 0.0, 0.0, 0.0, 0.0, 0.0, 0.0, 0.0, 0.0, 0.963269809086859, 0.0, 0.0, 0.0, 0.0, 0.0, 0.0, 0.0, 0.0, 0.0, 0.0, 0.0, 0.0, 0.0, 0.0, 0.0, 0.0, 0.0, 0.0, 0.0, 0.0], [0.0, 0.0, 0.0, 0.0, 0.0, 0.0, 0.0, 0.0, 0.0, 0.0, 0.9632764504925563, 0.0, 0.0, 0.0, 0.0, 0.0, 0.0, 0.0, 0.0, 0.0, 0.0, 0.0, 0.0, 0.0, 0.0, 0.0, 0.0, 0.0, 0.0, 0.0, 0.0], [0.0, 0.0, 0.0, 0.0, 0.0, 0.0, 0.0, 0.0, 0.0, 0.0, 0.9828199018319612, 0.0, 0.0, 0.0, 0.0, 0.0, 0.0, 0.0, 0.0, 0.0, 0.0, 0.0, 0.0, 0.0, 0.0, 0.0, 0.0, 0.0, 0.0, 0.0, 0.0]], "Born radii": [], "Atomic SASAs": [], "Solvent H bonds": [], "Total SASA": NaN, "Total FOD": 0.0, "FOD": [0.0, 0.0, 0.0, 0.0, 0.0, 0.0, 0.0, 0.0, 0.0, 0.0, 0.0, 0.0, 0.0, 0.0, 0.0, 0.0, 0.0, 0.0, 0.0, 0.0, 0.0, 0.0, 0.0, 0.0, 0.0, 0.0, 0.0, 0.0, 0.0, 0.0, 0.0], "FOD s proportion": [0.0, 0.0, 0.0, 0.0, 0.0, 0.0, 0.0, 0.0, 0.0, 0.0, 0.0, 0.0, 0.0, 0.0, 0.0, 0.0, 0.0, 0.0, 0.0, 0.0, 0.0, 0.0, 0.0, 0.0, 0.0, 0.0, 0.0, 0.0, 0.0, 0.0, 0.0], "FOD p proportion": [0.0, 0.0, 0.0, 0.0, 0.0, 0.0, 0.0, 0.0, 0.0, 0.0, 0.0, 0.0, 0.0, 0.0, 0.0, 0.0, 0.0, 0.0, 0.0, 0.0, 0.0, 0.0, 0.0, 0.0, 0.0, 0.0, 0.0, 0.0, 0.0, 0.0, 0.0], "FOD d proportion": [0.0, 0.0, 0.0, 0.0, 0.0, 0.0, 0.0, 0.0, 0.0, 0.0, 0.0, 0.0, 0.0, 0.0, 0.0, 0.0, 0.0, 0.0, 0.0, 0.0, 0.0, 0.0, 0.0, 0.0, 0.0, 0.0, 0.0, 0.0, 0.0, 0.0, 0.0], "coordinates": [["4.79770", "0.94250", "-0.40430"], ["4.41580", "-0.29690", "0.39000"], ["3.07950", "-0.90830", "-0.03610"], ["1.87980", "-0.00180", "0.24810"], ["0.56300", "-0.70130", "-0.09710"], ["-0.63800", "0.20380", "0.18280"], ["-1.95360", "-0.49520", "-0.16170"], ["-3.15260", "0.40810", "0.11760"], ["-4.47500", "-0.26000", "-0.21540"], ["-4.55180", "-1.40410", "-0.66040"], ["-5.71350", "0.56210", "0.03040"], ["4.10980", "1.77080", "-0.21130"], ["5.80210", "1.27430", "-0.12220"], ["4.79900", "0.73580", "-1.47920"], ["4.39080", "-0.05220", "1.45830"], ["5.20060", "-1.05110", "0.25630"], ["3.11210", "-1.15530", "-1.10430"], ["2.94910", "-1.85500", "0.50290"], ["1.87700", "0.28340", "1.30700"], ["1.95930", "0.92100", "-0.33750"], ["0.47180", "-1.62360", "0.48940"], ["0.56710", "-0.98980", "-1.15530"], ["-0.64150", "0.49260", "1.24090"], ["-0.54760", "1.12610", "-0.40390"], ["-1.95050", "-0.78820", "-1.21900"], ["-2.04440", "-1.42000", "0.42170"], ["-3.17280", "0.68440", "1.17760"], ["-3.07790", "1.32300", "-0.48070"], ["-5.67960", "1.46710", "-0.58110"], ["-5.77520", "0.82380", "1.08950"], ["-6.60060", "-0.01600", "-0.24300"]], "bond_dist": [[0.0, 1.520813091737443, 2.552105624773395, 3.135517287466296, 4.552925913080511, 5.516991806229188, 6.9069448919185685, 7.985313585576963, 9.352253993022217, 9.642886965012085, 10.527060068699141, 1.0938630170181274, 1.0947561417959712, 1.0945942581614432, 2.150412625520972, 2.138495202239182, 2.7806496003631955, 3.4736637790667073, 3.4486880099539303, 2.839267343875881, 5.108520305333042, 4.7112376983124085, 5.700349962063733, 5.348452225644349, 7.014075977632406, 7.285465987841821, 8.130061098786404, 7.885156470863467, 10.491914920070597, 10.678564629199938, 11.439667076886458], [1.520813091737443, 0.0, 1.53005518201142, 2.557052134783333, 3.904468415802592, 5.0827676289596395, 6.396323329851298, 7.606043999346836, 8.911464268570008, 9.096542296938987, 10.172016105472897, 2.1749898804362284, 2.157045657838517, 2.1696129078708952, 1.0962517867716337, 1.0966331975642538, 2.160883324013585, 2.1428091165570486, 2.7610038989469032, 2.8367109316953676, 4.162349006270378, 4.204825108134701, 5.188797967737806, 5.224035391342597, 6.584833511942424, 6.557174890148958, 7.692211217198862, 7.716069866842835, 10.294262109058618, 10.27627119825085, 11.038145803077617], [2.552105624773395, 1.53005518201142, 0.0, 1.5302914689692289, 2.5257359818476672, 3.8864495198059625, 5.051586144964768, 6.371467888956202, 7.584386041730733, 7.672829192677235, 8.91534337028025, 2.875724246168259, 3.4905166852487612, 2.7824957628000084, 2.1646353642126424, 2.145915844109456, 1.0968696367390247, 1.0971627272196227, 2.161035110774464, 2.1661090669677736, 2.7546149694648796, 2.751618550962324, 4.176013746385421, 4.174914922486445, 5.168614555178205, 5.169697180686699, 6.565136424325088, 6.564293077704559, 9.091830562103542, 9.09246159518972, 9.723340110784976], [3.135517287466296, 2.557052134783333, 1.5302914689692289, 0.0, 1.530498458019478, 2.527024394421233, 3.8866869130404624, 5.050752223184186, 6.376910108351849, 6.6450956426525565, 7.617321142632756, 2.885491140170075, 4.1412547120407845, 3.47121703297273, 2.7878746743711416, 3.482644163563082, 2.162894195285567, 2.1546869308556174, 1.0966385411793622, 1.0958136018502418, 2.1612322711823455, 2.160753768942681, 2.7544576398993685, 2.7549107372109174, 4.176362706949673, 4.17621525307305, 5.183011426767261, 5.183149020624431, 7.745306205050902, 7.74523042394479, 8.494619768418124], [4.552925913080511, 3.904468415802592, 2.5257359818476672, 1.530498458019478, 0.0, 1.529689844380226, 2.525851525723553, 3.8836256011618837, 5.05867419192025, 5.193497258110376, 6.403662081965287, 4.3248248854722435, 5.599267289565662, 4.681789489073597, 4.182421883311151, 4.664181102830377, 2.7782150114776933, 2.7174430812806363, 2.1604922818654084, 2.153904162213352, 1.0967848376048968, 1.0968301144662285, 2.1601994028329883, 2.160312329270932, 2.7538869748048844, 2.7539458763744795, 4.183446691425624, 4.183430680673459, 6.626180598202859, 6.626215270423985, 7.197783538006683], [5.516991806229188, 5.0827676289596395, 3.8864495198059625, 2.527024394421233, 1.529689844380226, 0.0, 1.529079661103371, 2.523727935019938, 3.8853883563937335, 4.314412948478623, 5.090413038251414, 5.015217707138943, 6.535585915585534, 5.710187124779713, 5.194349400069271, 5.972388652792113, 4.19130400114332, 4.148301804353198, 2.7559729316522685, 2.7442768118395056, 2.15987276477111, 2.1604301840142854, 1.09681051234933, 1.0968255741000936, 2.1614262629106737, 2.1614255966838183, 2.7651065874573444, 2.7651316243535318, 5.253303785238391, 5.2533159746963625, 5.981823838930732], [6.9069448919185685, 6.396323329851298, 5.051586144964768, 3.8866869130404624, 2.525851525723553, 1.529079661103371, 0.0, 1.5269447861661536, 2.532915452596079, 2.7973995317079754, 3.910451854965101, 6.473178177680574, 7.955097296073757, 6.989189796392712, 6.562930775194874, 7.18792921848845, 5.194761135990759, 5.131005407325158, 4.175738738235427, 4.165010743083384, 2.7531405576177908, 2.7542328532642264, 2.1597782316710203, 2.1596551877556753, 1.097151721504369, 1.0972033722150147, 2.161395218371689, 2.1614029541018027, 4.231972784647841, 4.232007679577153, 4.6723496583624815], [7.985313585576963, 7.606043999346836, 6.371467888956202, 5.050752223184186, 3.8836256011618837, 2.523727935019938, 1.5269447861661536, 0.0, 1.5185481125074696, 2.418080536293198, 2.567007723011366, 7.396457277643128, 8.99969213751226, 8.116963723585316, 7.675430681075818, 8.480828530868902, 6.571432512017451, 6.519265341278878, 5.1698257813972806, 5.1576839792682145, 4.171608261809826, 4.172597142068714, 2.7521930074033687, 2.752001317223522, 2.1593234264463486, 2.1592900824113466, 1.095604732556409, 1.095712092659381, 2.827612365583373, 2.827618584604366, 3.4926490190112145], [9.352253993022217, 8.911464268570008, 7.584386041730733, 6.376910108351849, 5.05867419192025, 3.8853883563937335, 2.532915452596079, 1.5185481125074696, 0.0, 1.22999514226683, 1.5067011316117076, 8.82173205725497, 10.391416993846413, 9.412538662868803, 9.02479153055626, 9.719340279051865, 7.691280238685884, 7.627400651598157, 6.554455684494327, 6.542926401848028, 5.179476637653654, 5.180616996072958, 4.169285154555874, 4.169085777481676, 2.7675455642138935, 2.7675463446887387, 2.1279250926665627, 2.127947720222468, 2.137211281085705, 2.1372661252169793, 2.1397366940817744], [9.642886965012085, 9.096542296938987, 7.672829192677235, 6.6450956426525565, 5.193497258110376, 4.314412948478623, 2.7973995317079754, 2.418080536293198, 1.22999514226683, 0.0, 2.3859367070398156, 9.236070342954303, 10.708255273852972, 9.627412221879771, 9.289059051378668, 9.801747479403865, 7.680775472567857, 7.603951506289345, 6.9316512066029405, 6.921327736063363, 5.158175767652747, 5.159429010074661, 4.743717810957984, 4.743555831862844, 2.730957425519483, 2.730979307867418, 3.1051114714290047, 3.1051163762409937, 3.0857755540544423, 3.0858379704709056, 2.5097063194724596], [10.527060068699141, 10.172016105472897, 8.91534337028025, 7.617321142632756, 6.403662081965287, 5.090413038251414, 3.910451854965101, 2.567007723011366, 1.5067011316117076, 2.3859367070398156, 0.0, 9.900333199948372, 11.5386116565209, 10.621756921526682, 10.223166896319357, 11.034990886267192, 9.062462259783485, 9.005901810479614, 7.702147200618798, 7.689994763327215, 6.576161614498232, 6.577249764149146, 5.214913661797288, 5.214713347826513, 4.188613069979131, 4.188571464115181, 2.790373025242324, 2.790444297956868, 1.0927517833433171, 1.0926969341953878, 1.093569193055474], [1.0938630170181274, 2.1749898804362284, 2.875724246168259, 2.885491140170075, 4.3248248854722435, 5.015217707138943, 6.473178177680574, 7.396457277643128, 8.82173205725497, 9.236070342954303, 9.900333199948372, 0.0, 1.7658794834302824, 1.775891902678764, 2.48794175172973, 3.0613091986926113, 3.217905452309002, 3.873465085682327, 3.082691922654614, 2.3157583487920324, 5.024736396070942, 4.589419533012863, 5.130061575653843, 4.7057526082445085, 6.655161634400776, 6.961039525817965, 7.493034827758377, 7.20667277528264, 9.801088617597538, 10.01509434004493, 10.858467999216096], [1.0947561417959712, 2.157045657838517, 3.4905166852487612, 4.1412547120407845, 5.599267289565662, 6.535585915585534, 7.955097296073757, 8.99969213751226, 10.391416993846413, 10.708255273852972, 11.5386116565209, 1.7658794834302824, 0.0, 1.7713387197258461, 2.4998700346218, 2.431573494673768, 3.7554728823411843, 4.280523040470639, 4.293123042727753, 3.8650079974044043, 6.097866599065611, 5.796435923910486, 6.63242621217907, 6.357673176563892, 8.096893432051578, 8.314002763410654, 9.087700042364956, 8.887367098303075, 11.492484324113738, 11.649250723973624, 12.470221891369857], [1.0945942581614432, 2.1696129078708952, 2.7824957628000084, 3.47121703297273, 4.681789489073597, 5.710187124779713, 6.989189796392712, 8.116963723585316, 9.412538662868803, 9.627412221879771, 10.621756921526682, 1.775891902678764, 1.7713387197258461, 0.0, 3.0686279491003794, 2.523143757299611, 2.5617261426624043, 3.7500793404940116, 4.062715865034128, 3.066214933757907, 5.307241671527688, 4.5816573616978395, 6.087456817095297, 5.467607862676328, 6.924307206500878, 7.422467110738856, 8.403024660204206, 7.961617907184444, 10.542411548597409, 10.882080193143223, 11.491051903111394], [2.150412625520972, 1.0962517867716337, 2.1646353642126424, 2.7878746743711416, 4.182421883311151, 5.194349400069271, 6.562930775194874, 7.675430681075818, 9.02479153055626, 9.289059051378668, 10.223166896319357, 2.48794175172973, 2.4998700346218, 3.0686279491003794, 0.0, 1.760221932030163, 3.0690099478496315, 2.4982745825869497, 2.540612030594203, 3.1755642223075884, 4.332046418264698, 4.725534933740306, 5.066370800681686, 5.407769807415992, 6.92255133458756, 6.660121278175045, 7.604565537228276, 7.837880818818311, 10.386548079607584, 10.210335226622092, 11.122347148421504], [2.138495202239182, 1.0966331975642538, 2.145915844109456, 3.482644163563082, 4.664181102830377, 5.972388652792113, 7.18792921848845, 8.480828530868902, 9.719340279051865, 9.801747479403865, 11.034990886267192, 3.0613091986926113, 2.431573494673768, 2.523143757299611, 1.760221932030163, 0.0, 2.4947789982280995, 2.4033973911943898, 3.732449289675614, 3.8402867783539287, 4.769029387621762, 4.844140222991072, 6.122301794260063, 6.182060103234196, 7.306425782145467, 7.2562710375233355, 8.600847719847154, 8.643672949620433, 11.19916613145818, 11.165915004602175, 11.857025509797978], [2.7806496003631955, 2.160883324013585, 1.0968696367390247, 2.162894195285567, 2.7782150114776933, 4.19130400114332, 5.194761135990759, 6.571432512017451, 7.691280238685884, 7.680775472567857, 9.062462259783485, 3.217905452309002, 3.7554728823411843, 2.5617261426624043, 3.0690099478496315, 2.4947789982280995, 0.0, 1.760466111573864, 3.0675230056187024, 2.4955864581296314, 3.1193538866246007, 2.5508853855083338, 4.72282229286684, 4.369067430241836, 5.077187928371373, 5.384072282204242, 6.934805816315263, 6.696786382288148, 9.1893802233883, 9.365559061796578, 9.81714742020308], [3.4736637790667073, 2.1428091165570486, 1.0971627272196227, 2.1546869308556174, 2.7174430812806363, 4.148301804353198, 5.131005407325158, 6.519265341278878, 7.627400651598157, 7.603951506289345, 9.005901810479614, 3.873465085682327, 4.280523040470639, 3.7500793404940116, 2.4982745825869497, 2.4033973911943898, 1.760466111573864, 0.0, 2.523634240534868, 3.0646618410519615, 2.4881204753789556, 3.028551184972775, 4.352961993861191, 4.683604844561505, 5.3017998840016585, 5.013068989152254, 6.661939061564583, 6.884176200534092, 9.309450472503736, 9.145134197484474, 9.753720208207737], [3.4486880099539303, 2.7610038989469032, 2.161035110774464, 1.0966385411793622, 2.1604922818654084, 2.7559729316522685, 4.175738738235427, 5.1698257813972806, 6.554455684494327, 6.9316512066029405, 7.702147200618798, 3.082691922654614, 4.293123042727753, 4.062715865034128, 2.540612030594203, 3.732449289675614, 3.0675230056187024, 2.523634240534868, 0.0, 1.765697397630749, 2.5059341172504914, 3.0659089255879732, 2.5280379941765116, 3.084802629018589, 4.709432960559052, 4.366085845468456, 5.067348951868225, 5.369140849335208, 7.878341885193863, 7.674340574277375, 8.623331265816015], [2.839267343875881, 2.8367109316953676, 2.1661090669677736, 1.0958136018502418, 2.153904162213352, 2.7442768118395056, 4.165010743083384, 5.1576839792682145, 6.542926401848028, 6.921327736063363, 7.689994763327215, 2.3157583487920324, 3.8650079974044043, 3.066214933757907, 3.1755642223075884, 3.8402867783539287, 2.4955864581296314, 3.0646618410519615, 1.765697397630749, 0.0, 3.06127571773599, 2.5016343297932253, 3.0723010529568873, 2.516152336405727, 4.357171436838353, 4.699604167374099, 5.356300773855031, 5.0552442156635715, 7.662268553111408, 7.865638377779645, 8.61154964335688], [5.108520305333042, 4.162349006270378, 2.7546149694648796, 2.1612322711823455, 1.0967848376048968, 2.15987276477111, 2.7531405576177908, 4.171608261809826, 5.179476637653654, 5.158175767652747, 6.576161614498232, 5.024736396070942, 6.097866599065611, 5.307241671527688, 4.332046418264698, 4.769029387621762, 3.1193538866246007, 2.4881204753789556, 2.5059341172504914, 3.06127571773599, 0.0, 1.7651692893317625, 2.5064898922596917, 3.0656176115099547, 3.0796202704229625, 2.525331402014397, 4.368477125955909, 4.714224820688975, 6.966930364227849, 6.736089055973058, 7.289693359806021], [4.7112376983124085, 4.204825108134701, 2.751618550962324, 2.160753768942681, 1.0968301144662285, 2.1604301840142854, 2.7542328532642264, 4.172597142068714, 5.180616996072958, 5.159429010074661, 6.577249764149146, 4.589419533012863, 5.796435923910486, 4.5816573616978395, 4.725534933740306, 4.844140222991072, 2.5508853855083338, 3.028551184972775, 3.0659089255879732, 2.5016343297932253, 1.7651692893317625, 0.0, 3.06594164328025, 2.506828845374171, 2.526461954987646, 3.080898130415869, 4.715105519497946, 4.369228078276528, 6.737011514017175, 6.968001240671531, 7.290850500456034], [5.700349962063733, 5.188797967737806, 4.176013746385421, 2.7544576398993685, 2.1601994028329883, 1.09681051234933, 2.1597782316710203, 2.7521930074033687, 4.169285154555874, 4.743717810957984, 5.214913661797288, 5.130061575653843, 6.63242621217907, 6.087456817095297, 5.066370800681686, 6.122301794260063, 4.72282229286684, 4.352961993861191, 2.5280379941765116, 3.0723010529568873, 2.5064898922596917, 3.06594164328025, 0.0, 1.765079743241081, 3.0667633834386376, 2.5094333643274926, 2.5393451557438977, 3.0966943149106596, 5.4453453389110225, 5.146599954338787, 6.162102399343913], [5.348452225644349, 5.224035391342597, 4.174914922486445, 2.7549107372109174, 2.160312329270932, 1.0968255741000936, 2.1596551877556753, 2.752001317223522, 4.169085777481676, 4.743555831862844, 5.214713347826513, 4.7057526082445085, 6.357673176563892, 5.467607862676328, 5.407769807415992, 6.182060103234196, 4.369067430241836, 4.683604844561505, 3.084802629018589, 2.516152336405727, 3.0656176115099547, 2.506828845374171, 1.765079743241081, 0.0, 2.5093945305591148, 3.0667003130400596, 3.096436044874817, 2.539111250024307, 5.146368121306519, 5.4451290719320875, 6.1619063787110555], [7.014075977632406, 6.584833511942424, 5.168614555178205, 4.176362706949673, 2.7538869748048844, 2.1614262629106737, 1.097151721504369, 2.1593234264463486, 2.7675455642138935, 2.730957425519483, 4.188613069979131, 6.655161634400776, 8.096893432051578, 6.924307206500878, 6.92255133458756, 7.306425782145467, 5.077187928371373, 5.3017998840016585, 4.709432960559052, 4.357171436838353, 3.0796202704229625, 2.526461954987646, 3.0667633834386376, 2.5093945305591148, 0.0, 1.7606490110183801, 3.066962603293363, 2.504652289240964, 4.404484227466367, 4.749320618783281, 4.813761403518043], [7.285465987841821, 6.557174890148958, 5.169697180686699, 4.17621525307305, 2.7539458763744795, 2.1614255966838183, 1.0972033722150147, 2.1592900824113466, 2.7675463446887387, 2.730979307867418, 4.188571464115181, 6.961039525817965, 8.314002763410654, 7.422467110738856, 6.660121278175045, 7.2562710375233355, 5.384072282204242, 5.013068989152254, 4.366085845468456, 4.699604167374099, 2.525331402014397, 3.080898130415869, 2.5094333643274926, 3.0667003130400596, 1.7606490110183801, 0.0, 2.504629858881348, 3.0670013058360444, 4.7492771334172525, 4.404482253341476, 4.813730417254377], [8.130061098786404, 7.692211217198862, 6.565136424325088, 5.183011426767261, 4.183446691425624, 2.7651065874573444, 2.161395218371689, 1.095604732556409, 2.1279250926665627, 3.1051114714290047, 2.790373025242324, 7.493034827758377, 9.087700042364956, 8.403024660204206, 7.604565537228276, 8.600847719847154, 6.934805816315263, 6.661939061564583, 5.067348951868225, 5.356300773855031, 4.368477125955909, 4.715105519497946, 2.5393451557438977, 3.096436044874817, 3.066962603293363, 2.504629858881348, 0.0, 1.779543441447834, 3.160647278644044, 2.6076195523887296, 3.7760399044501636], [7.885156470863467, 7.716069866842835, 6.564293077704559, 5.183149020624431, 4.183430680673459, 2.7651316243535318, 2.1614029541018027, 1.095712092659381, 2.127947720222468, 3.1051163762409937, 2.790444297956868, 7.20667277528264, 8.887367098303075, 7.961617907184444, 7.837880818818311, 8.643672949620433, 6.696786382288148, 6.884176200534092, 5.369140849335208, 5.0552442156635715, 4.714224820688975, 4.369228078276528, 3.0966943149106596, 2.539111250024307, 2.504652289240964, 3.0670013058360444, 1.779543441447834, 0.0, 2.607621111281315, 3.1607207991216177, 3.7760876022677228], [10.491914920070597, 10.294262109058618, 9.091830562103542, 7.745306205050902, 6.626180598202859, 5.253303785238391, 4.231972784647841, 2.827612365583373, 2.137211281085705, 3.0857755540544423, 1.0927517833433171, 9.801088617597538, 11.492484324113738, 10.542411548597409, 10.386548079607584, 11.19916613145818, 9.1893802233883, 9.309450472503736, 7.878341885193863, 7.662268553111408, 6.966930364227849, 6.737011514017175, 5.4453453389110225, 5.146368121306519, 4.404484227466367, 4.7492771334172525, 3.160647278644044, 2.607621111281315, 0.0, 1.7927293744455686, 1.7782402031221767], [10.678564629199938, 10.27627119825085, 9.09246159518972, 7.74523042394479, 6.626215270423985, 5.2533159746963625, 4.232007679577153, 2.827618584604366, 2.1372661252169793, 3.0858379704709056, 1.0926969341953878, 10.01509434004493, 11.649250723973624, 10.882080193143223, 10.210335226622092, 11.165915004602175, 9.365559061796578, 9.145134197484474, 7.674340574277375, 7.865638377779645, 6.736089055973058, 6.968001240671531, 5.146599954338787, 5.4451290719320875, 4.749320618783281, 4.404482253341476, 2.6076195523887296, 3.1607207991216177, 1.7927293744455686, 0.0, 1.7782309889325403], [11.439667076886458, 11.038145803077617, 9.723340110784976, 8.494619768418124, 7.197783538006683, 5.981823838930732, 4.6723496583624815, 3.4926490190112145, 2.1397366940817744, 2.5097063194724596, 1.093569193055474, 10.858467999216096, 12.470221891369857, 11.491051903111394, 11.122347148421504, 11.857025509797978, 9.81714742020308, 9.753720208207737, 8.623331265816015, 8.61154964335688, 7.289693359806021, 7.290850500456034, 6.162102399343913, 6.1619063787110555, 4.813761403518043, 4.813730417254377, 3.7760399044501636, 3.7760876022677228, 1.7782402031221767, 1.7782309889325403, 0.0]]}