{"total energy": -63.67755713, "HOMO-LUMO gap/eV": 3.84862775, "electronic energy": -64.38703414, "dipole": [0.20366899, 0.60609413, 1.48356609], "partial charges": [0.03451001, -0.26814965, 0.14675845, -0.05232169, -0.03423744, 0.00240788, -0.03237885, -0.06431808, -0.03116468, 0.00484831, -0.03496011, -0.05330329, 0.14555496, -0.2691326, 0.0347888, -0.06415315, -0.03701175, 0.21837537, -0.1282715, -0.12179182, -0.13446911, 0.04320851, 0.06099832, 0.04437023, 0.05386949, 0.04277314, 0.04639555, 0.04079133, 0.07907536, 0.05042486, 0.05353805, 0.04353421, 0.0606818, 0.04273989, 0.03982371, 0.03619548], "atomic dipole moments": [[0.10211483, 0.12421372, -0.17402906], [0.08412825, -0.21884721, 0.06965255], [-0.20300013, 0.06078785, 0.14325878], [-0.01619998, -0.03345024, 0.03635623], [0.00169705, -0.01473229, 0.00575566], [0.09770005, -0.0159905, -0.06933678], [-0.00345879, 0.01339724, -0.00691056], [-0.0127448, 0.02770142, -0.00968822], [-0.04510506, -0.13436025, -0.04123873], [-0.09404028, 0.033131, -0.0716255], [0.00516905, 0.02130944, -0.00104153], [0.02315932, 0.04003399, 0.01841811], [0.20545536, -0.03989373, 0.14909799], [-0.04052141, 0.24108562, -0.01347037], [-0.13696448, -0.15611214, -0.11232077], [0.00909673, -0.03008052, 0.00289404], [-0.00684529, -0.0150965, -3.53e-05], [-0.03578606, -0.08482026, -0.13401788], [-0.02350866, -0.01803712, -0.00645625], [-0.03609918, 0.06170496, -0.07973954], [-0.01012931, -0.05531971, -0.0115625], [0.08510613, -0.01104473, 0.09235202], [-0.10069907, 0.05430839, 0.0532788], [-0.04264128, -0.10762292, -0.05089496], [-0.0727834, 0.13374525, -0.02662899], [0.03783121, 0.10197322, -0.10609067], [0.06817461, -0.13373825, 0.03390218], [-0.03745112, -0.10356876, 0.10724047], [0.03816239, 0.10870126, -0.04714309], [-0.06062752, -0.13018191, -0.05292382], [0.04624463, -0.14551266, 0.0236628], [0.05446555, 0.07198453, -0.08820257], [0.09510745, -0.0496174, 0.06657281], [-0.07275635, 0.05917128, 0.0841169], [0.06464193, 0.12595414, 0.05986623], [-0.04362962, 0.144283, -0.01635021]], "atomic quadrupole moments": [[-0.13262143, 0.13202274, 0.00573451, -0.22452856, -0.3140722, 0.12688692], [-0.01999714, 0.01207846, -0.00434394, -0.08367272, -0.07705518, 0.02434108], [0.189924, 0.11192493, -0.26174518, 0.04324132, 0.30276738, 0.07182118], [0.01755133, 0.22276581, -0.11360214, 0.25968378, 0.19894154, 0.09605081], [0.0302543, 0.21891417, -0.11798726, 0.30373769, 0.23156595, 0.08773296], [0.13824098, 0.16477397, -0.19778996, 0.15335362, 0.24465811, 0.05954898], [0.03024386, 0.21822219, -0.09481915, 0.31518275, 0.25450543, 0.06457529], [0.02869633, 0.18623243, -0.09401065, 0.26201795, 0.21432823, 0.06531432], [-5.244e-05, -0.0438565, -0.009753, 0.03692311, 0.11519915, 0.00980544], [0.09626694, -0.04933737, -0.32033656, -0.23423105, -0.09635793, 0.22406962], [0.02750928, 0.03814438, -0.28647963, -0.37047233, -0.02428832, 0.25897035], [0.02997873, 0.05817898, -0.25506831, -0.32449013, -0.00902007, 0.22508958], [0.19219699, -0.03958952, -0.43015274, -0.09684965, -0.08995096, 0.23795575], [0.00384863, 0.0538425, 0.03410127, 0.08454647, 0.04985955, -0.0379499], [-0.03125564, 0.26519812, 0.14625998, 0.20627817, 0.22798945, -0.11500434], [0.02286064, 0.02165872, -0.23391431, -0.32156664, -0.04336177, 0.21105367], [0.01855288, 0.02162663, -0.25356947, -0.36745198, -0.05958532, 0.2350166], [0.11027915, -0.04767745, 0.03683923, -0.07156141, -0.161499, -0.14711838], [0.28043443, -0.1167312, -0.24724468, -0.36685906, 0.06387399, -0.03318976], [-0.13102637, 0.26925442, 0.34648911, -0.08378017, -0.19896674, -0.21546274], [0.07602303, -0.24421643, -0.09437857, 0.31477873, -0.23685643, 0.01835554], [0.02770708, 0.00033711, -0.03677546, 0.04187913, -0.02538326, 0.00906838], [0.02804651, -0.0491818, -0.00365779, -0.0414038, 0.00885181, -0.02438872], [-0.04331336, 0.02608118, 0.04216104, -0.00168526, 0.03069605, 0.00115232], [0.00016323, -0.02574263, 0.00959783, -0.03826348, -0.02422977, -0.00976106], [0.00230906, -0.02771935, 0.00650837, -0.04536255, -0.02379755, -0.00881742], [0.00209538, -0.02760157, 0.00514098, -0.04519679, -0.02115816, -0.00723636], [0.00887205, -0.02633731, -0.00315713, -0.05193394, -0.02180462, -0.00571492], [-0.01157733, 0.01246077, 0.01666513, 0.00544569, -0.02611401, -0.0050878], [0.00884801, -0.00338611, 0.01264384, 0.05750636, 0.00292335, -0.02149185], [0.00074727, -0.00419576, 0.02602942, 0.04644126, 0.00308798, -0.02677669], [-0.03291342, 0.03315352, 0.00461977, -0.01300671, -0.03549442, 0.02829365], [0.01841937, -0.03659832, 0.00035432, 0.05186762, -0.02281131, -0.01877369], [0.01872776, -0.02021252, -0.00642897, -0.03309925, 0.04164279, -0.01229878], [0.01032968, -0.00405541, 0.01425343, 0.05799268, 0.00392783, -0.02458311], [0.00255169, -0.00422885, 0.02493684, 0.05445342, 0.00283225, -0.02748852]], "number of molecular orbitals": 114, "number of electrons": 112, "number of unpaired electrons": 0, "orbital energies/eV": [-29.25375578, -29.13153021, -29.09975396, -19.55791582, -19.53730724, -18.08858914, -18.06378094, -18.04098147, -17.62507426, -17.58658238, -17.11374598, -17.07580101, -16.86832304, -16.75474455, -16.47797462, -16.21293369, -15.93842869, -15.87957473, -15.75177326, -15.22402074, -15.20129229, -15.1872833, -15.17325493, -15.08573209, -14.94024279, -14.85680327, -14.76049545, -14.59323831, -14.0543506, -13.78365789, -13.65879769, -13.58402254, -13.36276814, -13.3336986, -13.30338549, -13.19781, -13.08771539, -13.01868285, -12.86250288, -12.68124084, -12.53478994, -12.40194732, -12.34285826, -12.25042242, -12.15501645, -11.96765647, -11.8651002, -11.82808686, -11.804633, -11.73354971, -11.63503696, -11.55208378, -11.16090718, -11.13764358, -10.57315874, -10.37248784, -6.52386009, -6.39855719, -6.37873702, -6.08329044, -5.96712799, -5.12822989, -4.86892799, -2.93275285, -2.80857346, -1.14385781, -0.07382161, -0.07176587, -0.04605276, -0.01325496, -0.00583886, 0.00113828, 0.02167299, 0.02557276, 0.038417, 0.04335898, 0.06678147, 0.3996838, 0.45265843, 0.80293158, 1.58893582, 2.28101245, 2.49935086, 2.68536826, 2.88830408, 2.95961634, 3.14892651, 3.49016263, 3.56707039, 3.72903768, 3.81372206, 3.95490225, 4.20574976, 4.25427113, 4.58746605, 4.93571635, 5.09213732, 5.2986136, 5.30042599, 5.44201234, 5.83735044, 5.9322955, 9.53541141, 9.71503458, 10.4127472, 10.58880848, 11.10213435, 11.33605271, 11.72020315, 12.0282098, 15.95534159, 16.15705644, 16.89070071, 16.97297242], "fractional occupation": [2.0, 2.0, 2.0, 2.0, 2.0, 2.0, 2.0, 2.0, 2.0, 2.0, 2.0, 2.0, 2.0, 2.0, 2.0, 2.0, 2.0, 2.0, 2.0, 2.0, 2.0, 2.0, 2.0, 2.0, 2.0, 2.0, 2.0, 2.0, 2.0, 2.0, 2.0, 2.0, 2.0, 2.0, 2.0, 2.0, 2.0, 2.0, 2.0, 2.0, 2.0, 2.0, 2.0, 2.0, 2.0, 2.0, 2.0, 2.0, 2.0, 2.0, 2.0, 2.0, 2.0, 2.0, 2.0, 2.0, 0.0, 0.0, 0.0, 0.0, 0.0, 0.0, 0.0, 0.0, 0.0, 0.0, 0.0, 0.0, 0.0, 0.0, 0.0, 0.0, 0.0, 0.0, 0.0, 0.0, 0.0, 0.0, 0.0, 0.0, 0.0, 0.0, 0.0, 0.0, 0.0, 0.0, 0.0, 0.0, 0.0, 0.0, 0.0, 0.0, 0.0, 0.0, 0.0, 0.0, 0.0, 0.0, 0.0, 0.0, 0.0, 0.0, 0.0, 0.0, 0.0, 0.0, 0.0, 0.0, 0.0, 0.0, 0.0, 0.0, 0.0, 0.0], "program call": "xtb /home/svss/Project-DBcg-Debug/aqme2_20220329/End-to-End-workflows-final/example-3/QDESCP/mol_262_rdkit_conf_1/mol_262_rdkit_conf_1.xyz --pop --wbo --acc 0.2 --gfn 2 --chrg 0 --uhf 0 --etemp 300 --input /home/svss/Project-DBcg-Debug/aqme2_20220329/End-to-End-workflows-final/example-3/QDESCP/mol_262_rdkit_conf_1/mol_262_rdkit_conf_1_xtb.inp", "method": "GFN2-xTB", "xtb version": "6.3.3 (7355c4f)", "Dipole module/D": 4.106, "Total charge": 0, "Transition dipole module/D": NaN, "HOMO": -10.3725, "LUMO": -6.5239, "HOMO occupancy": 2.0, "LUMO occupancy": 0, "mulliken charges": [0.1693, -0.41816, 0.25844, -0.06173, -0.03211, -0.01737, -0.02597, -0.08814, -0.02961, -0.01318, -0.03503, -0.06174, 0.25727, -0.4185, 0.16931, -0.08807, -0.03013, 0.27295, -0.11687, -0.10676, -0.12017, 0.02663, 0.04003, 0.02777, 0.04971, 0.03323, 0.03253, 0.03668, 0.04676, 0.03128, 0.04967, 0.02709, 0.03996, 0.02637, 0.03596, 0.03261], "cm5 charges": [0.04802, -0.50632, 0.27413, -0.11138, -0.08502, -0.02832, -0.07798, -0.13998, -0.07879, -0.02469, -0.08759, -0.11149, 0.27295, -0.50669, 0.04803, -0.13995, -0.08311, 0.26792, -0.1181, -0.10893, -0.12168, 0.08577, 0.09907, 0.0869, 0.1086, 0.08977, 0.09028, 0.09542, 0.10995, 0.09026, 0.10854, 0.08623, 0.09899, 0.08551, 0.09469, 0.089], "FUKUI+": [0.014, -0.032, -0.031, -0.015, -0.013, -0.018, -0.013, -0.015, 0.017, -0.011, -0.009, -0.02, -0.024, -0.029, 0.013, -0.017, -0.02, -0.035, -0.12, -0.104, -0.112, -0.014, -0.026, -0.013, -0.04, -0.032, -0.026, -0.038, -0.036, -0.023, -0.039, -0.013, -0.024, -0.012, -0.039, -0.032], "FUKUI-": [0.022, -0.078, -0.025, -0.023, -0.011, -0.036, -0.013, -0.017, 0.01, -0.036, -0.01, -0.024, -0.026, -0.079, 0.022, -0.017, -0.014, 0.01, -0.042, -0.027, -0.034, -0.034, -0.036, -0.036, -0.043, -0.038, -0.031, -0.037, -0.035, -0.038, -0.042, -0.036, -0.037, -0.034, -0.038, -0.034], "FUKUIrad": [0.018, -0.055, -0.028, -0.019, -0.012, -0.027, -0.013, -0.016, 0.014, -0.024, -0.01, -0.022, -0.025, -0.054, 0.018, -0.017, -0.017, -0.013, -0.081, -0.065, -0.073, -0.024, -0.031, -0.024, -0.041, -0.035, -0.029, -0.037, -0.035, -0.031, -0.041, -0.025, -0.031, -0.023, -0.039, -0.033], "s proportion": [0.972, 1.684, 1.018, 1.058, 1.066, 1.084, 1.063, 1.057, 1.074, 1.086, 1.064, 1.058, 1.017, 1.684, 0.971, 1.056, 1.063, 1.157, 1.957, 1.955, 1.959, 0.973, 0.96, 0.972, 0.95, 0.967, 0.967, 0.963, 0.953, 0.969, 0.95, 0.973, 0.96, 0.974, 0.964, 0.967], "p proportion": [2.859, 4.734, 2.723, 3.004, 2.966, 2.933, 2.963, 3.031, 2.955, 2.928, 2.972, 3.003, 2.726, 4.735, 2.859, 3.032, 2.967, 2.57, 5.169, 5.16, 5.171, 0.0, 0.0, 0.0, 0.0, 0.0, 0.0, 0.0, 0.0, 0.0, 0.0, 0.0, 0.0, 0.0, 0.0, 0.0], "d proportion": [0.0, 0.0, 0.0, 0.0, 0.0, 0.0, 0.0, 0.0, 0.0, 0.0, 0.0, 0.0, 0.0, 0.0, 0.0, 0.0, 0.0, 0.0, -0.009, -0.009, -0.009, 0.0, 0.0, 0.0, 0.0, 0.0, 0.0, 0.0, 0.0, 0.0, 0.0, 0.0, 0.0, 0.0, 0.0, 0.0], "Fermi-level/eV": -8.4482, "Coordination numbers": [3.643, 1.704, 2.859, 2.914, 2.913, 2.957, 2.913, 2.911, 3.88, 2.955, 2.913, 2.915, 2.86, 1.704, 3.643, 2.911, 2.916, 3.625, 1.187, 1.169, 1.206, 0.924, 0.924, 0.924, 0.925, 0.925, 0.925, 0.925, 0.923, 0.925, 0.925, 0.924, 0.924, 0.924, 0.925, 0.925], "Dispersion coefficient C6": [20.335, 18.446, 24.807, 29.299, 28.852, 27.971, 28.807, 29.6, 21.08, 27.914, 28.87, 29.324, 24.831, 18.463, 20.33, 29.596, 28.921, 17.556, 103.184, 102.979, 103.38, 2.407, 2.187, 2.392, 2.272, 2.412, 2.365, 2.438, 1.989, 2.315, 2.276, 2.402, 2.191, 2.413, 2.451, 2.5], "Total dispersion C6": 20536.61715, "Total dispersion C8": 566421.497581, "Polarizability alpha": [6.483, 5.799, 8.164, 8.876, 8.808, 8.675, 8.801, 8.921, 6.528, 8.666, 8.811, 8.88, 8.168, 5.801, 6.482, 8.921, 8.819, 6.037, 15.541, 15.525, 15.556, 2.426, 2.313, 2.418, 2.357, 2.429, 2.405, 2.442, 2.205, 2.379, 2.359, 2.424, 2.315, 2.429, 2.448, 2.473], "Total polarizability alpha": 224.082332, "Wiberg matrix": [[0.0, 0.9813015190259973, 0.0, 0.0, 0.0, 0.0, 0.0, 0.0, 0.0, 0.0, 0.0, 0.0, 0.0, 0.0, 0.0, 0.0, 0.0, 0.0, 0.0, 0.0, 0.0, 0.9779582043035288, 0.9802319405490272, 0.9779894164060128, 0.0, 0.0, 0.0, 0.0, 0.0, 0.0, 0.0, 0.0, 0.0, 0.0, 0.0, 0.0], [0.9813015190259973, 0.0, 1.0650531129995728, 0.0, 0.0, 0.0, 0.0, 0.0, 0.0, 0.0, 0.0, 0.0, 0.0, 0.0, 0.0, 0.0, 0.0, 0.0, 0.0, 0.0, 0.0, 0.0, 0.0, 0.0, 0.0, 0.0, 0.0, 0.0, 0.0, 0.0, 0.0, 0.0, 0.0, 0.0, 0.0, 0.0], [0.0, 1.0650531129995728, 0.0, 1.3535759292739067, 0.0, 0.0, 0.0, 1.3730061038210815, 0.0, 0.0, 0.0, 0.0, 0.0, 0.0, 0.0, 0.0, 0.0, 0.0, 0.0, 0.0, 0.0, 0.0, 0.0, 0.0, 0.0, 0.0, 0.0, 0.0, 0.0, 0.0, 0.0, 0.0, 0.0, 0.0, 0.0, 0.0], [0.0, 0.0, 1.3535759292739067, 0.0, 1.4633045438560484, 0.0, 0.11008339621818812, 0.0, 0.0, 0.0, 0.0, 0.0, 0.0, 0.0, 0.0, 0.0, 0.0, 0.0, 0.0, 0.0, 0.0, 0.0, 0.0, 0.0, 0.9674886417743429, 0.0, 0.0, 0.0, 0.0, 0.0, 0.0, 0.0, 0.0, 0.0, 0.0, 0.0], [0.0, 0.0, 0.0, 1.4633045438560484, 0.0, 1.397887814414821, 0.0, 0.10226758449519044, 0.0, 0.0, 0.0, 0.0, 0.0, 0.0, 0.0, 0.0, 0.0, 0.0, 0.0, 0.0, 0.0, 0.0, 0.0, 0.0, 0.0, 0.9679781614753398, 0.0, 0.0, 0.0, 0.0, 0.0, 0.0, 0.0, 0.0, 0.0, 0.0], [0.0, 0.0, 0.0, 0.0, 1.397887814414821, 0.0, 1.4161485774659894, 0.0, 0.9707994306371436, 0.0, 0.0, 0.0, 0.0, 0.0, 0.0, 0.0, 0.0, 0.0, 0.0, 0.0, 0.0, 0.0, 0.0, 0.0, 0.0, 0.0, 0.0, 0.0, 0.0, 0.0, 0.0, 0.0, 0.0, 0.0, 0.0, 0.0], [0.0, 0.0, 0.0, 0.11008339621818812, 0.0, 1.4161485774659894, 0.0, 1.439763893883868, 0.0, 0.0, 0.0, 0.0, 0.0, 0.0, 0.0, 0.0, 0.0, 0.0, 0.0, 0.0, 0.0, 0.0, 0.0, 0.0, 0.0, 0.0, 0.9686555238091257, 0.0, 0.0, 0.0, 0.0, 0.0, 0.0, 0.0, 0.0, 0.0], [0.0, 0.0, 1.3730061038210815, 0.0, 0.10226758449519044, 0.0, 1.439763893883868, 0.0, 0.0, 0.0, 0.0, 0.0, 0.0, 0.0, 0.0, 0.0, 0.0, 0.0, 0.0, 0.0, 0.0, 0.0, 0.0, 0.0, 0.0, 0.0, 0.0, 0.9661130254210035, 0.0, 0.0, 0.0, 0.0, 0.0, 0.0, 0.0, 0.0], [0.0, 0.0, 0.0, 0.0, 0.0, 0.9707994306371436, 0.0, 0.0, 0.0, 0.9766751712954082, 0.0, 0.0, 0.0, 0.0, 0.0, 0.0, 0.0, 0.9584815126881252, 0.0, 0.0, 0.0, 0.0, 0.0, 0.0, 0.0, 0.0, 0.0, 0.0, 0.9452620949768931, 0.0, 0.0, 0.0, 0.0, 0.0, 0.0, 0.0], [0.0, 0.0, 0.0, 0.0, 0.0, 0.0, 0.0, 0.0, 0.9766751712954082, 0.0, 1.4087546038394483, 0.0, 0.0, 0.0, 0.0, 0.0, 1.4058917047992563, 0.0, 0.0, 0.0, 0.0, 0.0, 0.0, 0.0, 0.0, 0.0, 0.0, 0.0, 0.0, 0.0, 0.0, 0.0, 0.0, 0.0, 0.0, 0.0], [0.0, 0.0, 0.0, 0.0, 0.0, 0.0, 0.0, 0.0, 0.0, 1.4087546038394483, 0.0, 1.4541229440676757, 0.0, 0.0, 0.0, 0.10074069966780816, 0.0, 0.0, 0.0, 0.0, 0.0, 0.0, 0.0, 0.0, 0.0, 0.0, 0.0, 0.0, 0.0, 0.9666686448922717, 0.0, 0.0, 0.0, 0.0, 0.0, 0.0], [0.0, 0.0, 0.0, 0.0, 0.0, 0.0, 0.0, 0.0, 0.0, 0.0, 1.4541229440676757, 0.0, 1.3589436887572082, 0.0, 0.0, 0.0, 0.11320469939072156, 0.0, 0.0, 0.0, 0.0, 0.0, 0.0, 0.0, 0.0, 0.0, 0.0, 0.0, 0.0, 0.0, 0.9679241820867592, 0.0, 0.0, 0.0, 0.0, 0.0], [0.0, 0.0, 0.0, 0.0, 0.0, 0.0, 0.0, 0.0, 0.0, 0.0, 0.0, 1.3589436887572082, 0.0, 1.0631915525927762, 0.0, 1.3699110374617702, 0.0, 0.0, 0.0, 0.0, 0.0, 0.0, 0.0, 0.0, 0.0, 0.0, 0.0, 0.0, 0.0, 0.0, 0.0, 0.0, 0.0, 0.0, 0.0, 0.0], [0.0, 0.0, 0.0, 0.0, 0.0, 0.0, 0.0, 0.0, 0.0, 0.0, 0.0, 0.0, 1.0631915525927762, 0.0, 0.981634042249913, 0.0, 0.0, 0.0, 0.0, 0.0, 0.0, 0.0, 0.0, 0.0, 0.0, 0.0, 0.0, 0.0, 0.0, 0.0, 0.0, 0.0, 0.0, 0.0, 0.0, 0.0], [0.0, 0.0, 0.0, 0.0, 0.0, 0.0, 0.0, 0.0, 0.0, 0.0, 0.0, 0.0, 0.0, 0.981634042249913, 0.0, 0.0, 0.0, 0.0, 0.0, 0.0, 0.0, 0.0, 0.0, 0.0, 0.0, 0.0, 0.0, 0.0, 0.0, 0.0, 0.0, 0.9780784803161992, 0.9802974755733306, 0.9780351199199951, 0.0, 0.0], [0.0, 0.0, 0.0, 0.0, 0.0, 0.0, 0.0, 0.0, 0.0, 0.0, 0.10074069966780816, 0.0, 1.3699110374617702, 0.0, 0.0, 0.0, 1.4450309755135133, 0.0, 0.0, 0.0, 0.0, 0.0, 0.0, 0.0, 0.0, 0.0, 0.0, 0.0, 0.0, 0.0, 0.0, 0.0, 0.0, 0.0, 0.9658718414587153, 0.0], [0.0, 0.0, 0.0, 0.0, 0.0, 0.0, 0.0, 0.0, 0.0, 1.4058917047992563, 0.0, 0.11320469939072156, 0.0, 0.0, 0.0, 1.4450309755135133, 0.0, 0.0, 0.0, 0.0, 0.0, 0.0, 0.0, 0.0, 0.0, 0.0, 0.0, 0.0, 0.0, 0.0, 0.0, 0.0, 0.0, 0.0, 0.0, 0.9695444400641016], [0.0, 0.0, 0.0, 0.0, 0.0, 0.0, 0.0, 0.0, 0.9584815126881252, 0.0, 0.0, 0.0, 0.0, 0.0, 0.0, 0.0, 0.0, 0.0, 0.9592624450336102, 0.9667465195455944, 0.9534254222003017, 0.0, 0.0, 0.0, 0.0, 0.0, 0.0, 0.0, 0.0, 0.0, 0.0, 0.0, 0.0, 0.0, 0.0, 0.0], [0.0, 0.0, 0.0, 0.0, 0.0, 0.0, 0.0, 0.0, 0.0, 0.0, 0.0, 0.0, 0.0, 0.0, 0.0, 0.0, 0.0, 0.9592624450336102, 0.0, 0.0, 0.0, 0.0, 0.0, 0.0, 0.0, 0.0, 0.0, 0.0, 0.0, 0.0, 0.0, 0.0, 0.0, 0.0, 0.0, 0.0], [0.0, 0.0, 0.0, 0.0, 0.0, 0.0, 0.0, 0.0, 0.0, 0.0, 0.0, 0.0, 0.0, 0.0, 0.0, 0.0, 0.0, 0.9667465195455944, 0.0, 0.0, 0.0, 0.0, 0.0, 0.0, 0.0, 0.0, 0.0, 0.0, 0.0, 0.0, 0.0, 0.0, 0.0, 0.0, 0.0, 0.0], [0.0, 0.0, 0.0, 0.0, 0.0, 0.0, 0.0, 0.0, 0.0, 0.0, 0.0, 0.0, 0.0, 0.0, 0.0, 0.0, 0.0, 0.9534254222003017, 0.0, 0.0, 0.0, 0.0, 0.0, 0.0, 0.0, 0.0, 0.0, 0.0, 0.0, 0.0, 0.0, 0.0, 0.0, 0.0, 0.0, 0.0], [0.9779582043035288, 0.0, 0.0, 0.0, 0.0, 0.0, 0.0, 0.0, 0.0, 0.0, 0.0, 0.0, 0.0, 0.0, 0.0, 0.0, 0.0, 0.0, 0.0, 0.0, 0.0, 0.0, 0.0, 0.0, 0.0, 0.0, 0.0, 0.0, 0.0, 0.0, 0.0, 0.0, 0.0, 0.0, 0.0, 0.0], [0.9802319405490272, 0.0, 0.0, 0.0, 0.0, 0.0, 0.0, 0.0, 0.0, 0.0, 0.0, 0.0, 0.0, 0.0, 0.0, 0.0, 0.0, 0.0, 0.0, 0.0, 0.0, 0.0, 0.0, 0.0, 0.0, 0.0, 0.0, 0.0, 0.0, 0.0, 0.0, 0.0, 0.0, 0.0, 0.0, 0.0], [0.9779894164060128, 0.0, 0.0, 0.0, 0.0, 0.0, 0.0, 0.0, 0.0, 0.0, 0.0, 0.0, 0.0, 0.0, 0.0, 0.0, 0.0, 0.0, 0.0, 0.0, 0.0, 0.0, 0.0, 0.0, 0.0, 0.0, 0.0, 0.0, 0.0, 0.0, 0.0, 0.0, 0.0, 0.0, 0.0, 0.0], [0.0, 0.0, 0.0, 0.9674886417743429, 0.0, 0.0, 0.0, 0.0, 0.0, 0.0, 0.0, 0.0, 0.0, 0.0, 0.0, 0.0, 0.0, 0.0, 0.0, 0.0, 0.0, 0.0, 0.0, 0.0, 0.0, 0.0, 0.0, 0.0, 0.0, 0.0, 0.0, 0.0, 0.0, 0.0, 0.0, 0.0], [0.0, 0.0, 0.0, 0.0, 0.9679781614753398, 0.0, 0.0, 0.0, 0.0, 0.0, 0.0, 0.0, 0.0, 0.0, 0.0, 0.0, 0.0, 0.0, 0.0, 0.0, 0.0, 0.0, 0.0, 0.0, 0.0, 0.0, 0.0, 0.0, 0.0, 0.0, 0.0, 0.0, 0.0, 0.0, 0.0, 0.0], [0.0, 0.0, 0.0, 0.0, 0.0, 0.0, 0.9686555238091257, 0.0, 0.0, 0.0, 0.0, 0.0, 0.0, 0.0, 0.0, 0.0, 0.0, 0.0, 0.0, 0.0, 0.0, 0.0, 0.0, 0.0, 0.0, 0.0, 0.0, 0.0, 0.0, 0.0, 0.0, 0.0, 0.0, 0.0, 0.0, 0.0], [0.0, 0.0, 0.0, 0.0, 0.0, 0.0, 0.0, 0.9661130254210035, 0.0, 0.0, 0.0, 0.0, 0.0, 0.0, 0.0, 0.0, 0.0, 0.0, 0.0, 0.0, 0.0, 0.0, 0.0, 0.0, 0.0, 0.0, 0.0, 0.0, 0.0, 0.0, 0.0, 0.0, 0.0, 0.0, 0.0, 0.0], [0.0, 0.0, 0.0, 0.0, 0.0, 0.0, 0.0, 0.0, 0.9452620949768931, 0.0, 0.0, 0.0, 0.0, 0.0, 0.0, 0.0, 0.0, 0.0, 0.0, 0.0, 0.0, 0.0, 0.0, 0.0, 0.0, 0.0, 0.0, 0.0, 0.0, 0.0, 0.0, 0.0, 0.0, 0.0, 0.0, 0.0], [0.0, 0.0, 0.0, 0.0, 0.0, 0.0, 0.0, 0.0, 0.0, 0.0, 0.9666686448922717, 0.0, 0.0, 0.0, 0.0, 0.0, 0.0, 0.0, 0.0, 0.0, 0.0, 0.0, 0.0, 0.0, 0.0, 0.0, 0.0, 0.0, 0.0, 0.0, 0.0, 0.0, 0.0, 0.0, 0.0, 0.0], [0.0, 0.0, 0.0, 0.0, 0.0, 0.0, 0.0, 0.0, 0.0, 0.0, 0.0, 0.9679241820867592, 0.0, 0.0, 0.0, 0.0, 0.0, 0.0, 0.0, 0.0, 0.0, 0.0, 0.0, 0.0, 0.0, 0.0, 0.0, 0.0, 0.0, 0.0, 0.0, 0.0, 0.0, 0.0, 0.0, 0.0], [0.0, 0.0, 0.0, 0.0, 0.0, 0.0, 0.0, 0.0, 0.0, 0.0, 0.0, 0.0, 0.0, 0.0, 0.9780784803161992, 0.0, 0.0, 0.0, 0.0, 0.0, 0.0, 0.0, 0.0, 0.0, 0.0, 0.0, 0.0, 0.0, 0.0, 0.0, 0.0, 0.0, 0.0, 0.0, 0.0, 0.0], [0.0, 0.0, 0.0, 0.0, 0.0, 0.0, 0.0, 0.0, 0.0, 0.0, 0.0, 0.0, 0.0, 0.0, 0.9802974755733306, 0.0, 0.0, 0.0, 0.0, 0.0, 0.0, 0.0, 0.0, 0.0, 0.0, 0.0, 0.0, 0.0, 0.0, 0.0, 0.0, 0.0, 0.0, 0.0, 0.0, 0.0], [0.0, 0.0, 0.0, 0.0, 0.0, 0.0, 0.0, 0.0, 0.0, 0.0, 0.0, 0.0, 0.0, 0.0, 0.9780351199199951, 0.0, 0.0, 0.0, 0.0, 0.0, 0.0, 0.0, 0.0, 0.0, 0.0, 0.0, 0.0, 0.0, 0.0, 0.0, 0.0, 0.0, 0.0, 0.0, 0.0, 0.0], [0.0, 0.0, 0.0, 0.0, 0.0, 0.0, 0.0, 0.0, 0.0, 0.0, 0.0, 0.0, 0.0, 0.0, 0.0, 0.9658718414587153, 0.0, 0.0, 0.0, 0.0, 0.0, 0.0, 0.0, 0.0, 0.0, 0.0, 0.0, 0.0, 0.0, 0.0, 0.0, 0.0, 0.0, 0.0, 0.0, 0.0], [0.0, 0.0, 0.0, 0.0, 0.0, 0.0, 0.0, 0.0, 0.0, 0.0, 0.0, 0.0, 0.0, 0.0, 0.0, 0.0, 0.9695444400641016, 0.0, 0.0, 0.0, 0.0, 0.0, 0.0, 0.0, 0.0, 0.0, 0.0, 0.0, 0.0, 0.0, 0.0, 0.0, 0.0, 0.0, 0.0, 0.0]], "Born radii": [], "Atomic SASAs": [], "Solvent H bonds": [], "Total SASA": NaN, "Total FOD": 0.0, "FOD": [0.0, 0.0, 0.0, 0.0, 0.0, 0.0, 0.0, 0.0, 0.0, 0.0, 0.0, 0.0, 0.0, 0.0, 0.0, 0.0, 0.0, 0.0, 0.0, 0.0, 0.0, 0.0, 0.0, 0.0, 0.0, 0.0, 0.0, 0.0, 0.0, 0.0, 0.0, 0.0, 0.0, 0.0, 0.0, 0.0], "FOD s proportion": [0.0, 0.0, 0.0, 0.0, 0.0, 0.0, 0.0, 0.0, 0.0, 0.0, 0.0, 0.0, 0.0, 0.0, 0.0, 0.0, 0.0, 0.0, 0.0, 0.0, 0.0, 0.0, 0.0, 0.0, 0.0, 0.0, 0.0, 0.0, 0.0, 0.0, 0.0, 0.0, 0.0, 0.0, 0.0, 0.0], "FOD p proportion": [0.0, 0.0, 0.0, 0.0, 0.0, 0.0, 0.0, 0.0, 0.0, 0.0, 0.0, 0.0, 0.0, 0.0, 0.0, 0.0, 0.0, 0.0, 0.0, 0.0, 0.0, 0.0, 0.0, 0.0, 0.0, 0.0, 0.0, 0.0, 0.0, 0.0, 0.0, 0.0, 0.0, 0.0, 0.0, 0.0], "FOD d proportion": [0.0, 0.0, 0.0, 0.0, 0.0, 0.0, 0.0, 0.0, 0.0, 0.0, 0.0, 0.0, 0.0, 0.0, 0.0, 0.0, 0.0, 0.0, 0.0, 0.0, 0.0, 0.0, 0.0, 0.0, 0.0, 0.0, 0.0, 0.0, 0.0, 0.0, 0.0, 0.0, 0.0, 0.0, 0.0, 0.0], "coordinates": [["-5.03830", "0.59530", "2.35950"], ["-4.53900", "1.45170", "1.34010"], ["-3.44770", "1.01180", "0.64390"], ["-3.00610", "1.87640", "-0.35760"], ["-1.89940", "1.55170", "-1.14650"], ["-1.21020", "0.34480", "-0.95080"], ["-1.65820", "-0.51550", "0.06390"], ["-2.76740", "-0.18570", "0.85280"], ["0.00370", "0.00300", "-1.82990"], ["1.23230", "-0.32600", "-0.96140"], ["1.69030", "-1.62440", "-0.70660"], ["2.80620", "-1.84100", "0.11040"], ["3.48560", "-0.77540", "0.69980"], ["4.55420", "-1.13340", "1.47300"], ["5.28370", "-0.07920", "2.08830"], ["3.03570", "0.52040", "0.46790"], ["1.92100", "0.74070", "-0.35010"], ["-0.33540", "-0.92570", "-3.05320"], ["1.13260", "-1.24480", "-4.06270"], ["-1.06510", "-2.51140", "-2.61710"], ["-1.51440", "-0.10620", "-4.16940"], ["-4.29510", "0.44800", "3.15000"], ["-5.90920", "1.08250", "2.80850"], ["-5.36990", "-0.36220", "1.94420"], ["-3.53080", "2.81400", "-0.52640"], ["-1.58920", "2.25550", "-1.91650"], ["-1.14780", "-1.45550", "0.26540"], ["-3.06880", "-0.88770", "1.62320"], ["0.29870", "0.95300", "-2.30740"], ["1.20720", "-2.50260", "-1.12160"], ["3.14820", "-2.85800", "0.29100"], ["5.72620", "0.58510", "1.33870"], ["6.10210", "-0.52800", "2.65960"], ["4.65480", "0.47870", "2.78990"], ["3.52250", "1.38350", "0.90930"], ["1.58700", "1.76670", "-0.50050"]], "bond_dist": [[0.0, 1.4219345308416982, 2.3762920632784175, 3.626801133230219, 4.802023549504938, 5.06706877296924, 4.234233343829789, 2.8349766665706437, 6.582070772181047, 7.155249461758828, 7.720239326601216, 8.51646574290063, 8.791489850417845, 9.787254067919152, 10.347568974884872, 8.292963075403145, 7.469600378199626, 7.3299407023522365, 9.094538342323924, 7.085509910373424, 7.452282111541403, 1.0949583462397094, 1.094272201054199, 1.095097666877252, 3.940000602791832, 5.739053131832811, 4.871039488651267, 2.573005429454046, 7.098695225180469, 7.79238807234342, 9.122650677845776, 10.812797830811412, 11.200909563959527, 9.703351345282721, 8.71846522732069, 7.3107029791942715], [1.4219345308416982, 0.0, 1.3671657324552862, 2.3264431628561226, 3.627763459764156, 4.189792340916194, 3.7145081666352544, 2.4611189751818174, 5.725709997895457, 6.462586419538233, 7.2426204228856275, 8.142849527039045, 8.35249445734626, 9.454453482883078, 9.969397842397502, 7.68141475380675, 6.715198957588673, 6.528657489101415, 8.284226376071576, 6.590415363237738, 6.475326078275905, 2.0838999280195774, 2.0420468261036526, 2.084601839680662, 2.5211407695723773, 4.466862214127497, 4.594238714955939, 2.7774855553179747, 6.079169287822144, 7.396977073102227, 8.875086970841469, 10.301714835890188, 10.903820502466097, 9.358130554763596, 8.073290663044407, 6.4042883570307785], [2.3762920632784175, 1.3671657324552862, 0.0, 1.394828294092144, 2.4278091069933816, 2.827430519040212, 2.423088017386079, 1.393001633164872, 4.364576249763544, 5.125338713685174, 5.930636111750577, 6.894516320961174, 7.160157647705811, 8.325844909677334, 8.917057716534082, 6.50437741217405, 5.466669086381579, 5.20661751523962, 6.944312436087536, 5.359462846218826, 5.306169030477639, 2.7049019224363753, 3.278639031671526, 2.696944369096256, 2.1504493809434346, 3.3994793866120148, 3.3941672837383843, 2.1704133131733228, 4.769606072832431, 6.093938924866248, 7.655441676350229, 9.210063036700673, 9.880926604828113, 8.398810502684293, 6.98514753530661, 5.218019687582637], [3.626801133230219, 2.3264431628561226, 1.394828294092144, 0.0, 1.3973468395498665, 2.4337094341765617, 2.7777116967028816, 2.4029777901595346, 3.8387746599663806, 4.814475543608047, 5.868012832296807, 6.915267026659202, 7.091706909482371, 8.340751074693454, 8.861578990789395, 6.246881901396888, 5.0563015287856405, 4.717060764925549, 6.371694683520233, 5.303358378423997, 4.548152469959644, 4.000638114101299, 4.368347059243348, 3.987124733438873, 1.0876108173423065, 2.1404419239960704, 3.8656132113805697, 3.401139329695271, 3.946655627236813, 6.124641531551052, 7.79170288255398, 8.988768139739728, 9.891609699133909, 8.399387498502495, 6.668628343220216, 4.596631604773217], [4.802023549504938, 3.627763459764156, 2.4278091069933816, 1.3973468395498665, 0.0, 1.4035322368937595, 2.407604917755403, 2.787325465387923, 2.547017247684044, 3.656167965233545, 4.813218186411249, 5.93572929470339, 6.149995373982, 7.464616213845156, 8.044917119523356, 5.2938718401563145, 3.9859039275928367, 3.4955845934550065, 5.051500637434385, 4.400852469692662, 3.469118305852368, 5.041571623015981, 5.651607707546589, 5.02591384227784, 2.153924617993861, 1.0883282960577658, 3.4061145033600972, 3.871615529723994, 2.556907137539414, 5.1077325752235705, 6.854934434405627, 8.078385355997819, 9.101403823037412, 7.720369913417361, 5.801000300810197, 3.552256460336162], [5.06706877296924, 4.189792340916194, 2.827430519040212, 2.4337094341765617, 1.4035322368937595, 0.0, 1.4037222588532248, 2.4411626430862814, 1.5372694168557444, 2.5329609649578098, 3.514296875621068, 4.694181083000527, 5.101947279225845, 6.425588614282741, 7.182384145950424, 4.480090608458717, 3.2127855110480064, 2.607591043472883, 4.207072807784529, 3.3099075727276737, 3.2642494696331044, 5.132623002909915, 6.062766594550709, 5.117028247918904, 3.4150034202032655, 2.1741646625773314, 2.173503229811265, 3.405719631737175, 2.1182658024903294, 3.7390750407019118, 5.54938245573325, 7.308433436790678, 8.201615651199464, 6.957656983496672, 5.190117435087572, 3.169999611987358], [4.234233343829789, 3.7145081666352544, 2.423088017386079, 2.7777116967028816, 2.407604917755403, 1.4037222588532248, 0.0, 1.400519864193293, 2.5723981612495375, 3.0728066307530644, 3.6105098961227067, 4.657250246658429, 5.189469651130064, 6.400099763284944, 7.244206558347159, 4.823795395743894, 3.8157708369345245, 3.4109201529792514, 5.034805923767072, 3.3945758821979513, 4.255471045607056, 4.1720003679290345, 5.306357899727458, 4.16362172513306, 3.8653143597901582, 3.4066385426105894, 1.0884440316341488, 2.1353551671794553, 3.4072002509391783, 3.683000654357803, 5.351669049931993, 7.574021307073278, 8.182913346113352, 6.947911818668973, 5.5821639755564325, 4.007281776965527], [2.8349766665706437, 2.4611189751818174, 1.393001633164872, 2.4029777901595346, 2.787325465387923, 2.4411626430862814, 1.400519864193293, 0.0, 3.8615388370441126, 4.394155871154322, 4.93686898144968, 5.8614155977886435, 6.282608064331246, 7.408684761143506, 8.146042825200466, 5.858557401784163, 4.928111192941977, 4.660371229848541, 6.3634764916671145, 4.510755124144959, 5.176757874384315, 2.8306484804722754, 3.9120328436760348, 2.827598355495349, 3.388682972778658, 3.8751303423239847, 2.1402184374497852, 1.0849710226545224, 4.54801835308522, 5.006368557147985, 6.515453160755588, 8.54233413125476, 9.058130368900638, 7.699534830754388, 6.482933201877063, 4.960250599516117], [6.582070772181047, 5.725709997895457, 4.364576249763544, 3.8387746599663806, 2.547017247684044, 1.5372694168557444, 2.5723981612495375, 3.8615388370441126, 0.0, 1.540127010996171, 2.5990100442283786, 3.8754491791274983, 4.373661653580442, 5.736514936788712, 6.5755188449277515, 3.8393504138070025, 2.5318073820889295, 1.5728748805928587, 2.7958569151514174, 2.843277095184358, 2.791023557765144, 6.593717498498097, 7.5922632475435154, 6.576684484601645, 4.700374825479346, 2.7601786572611564, 2.800617180194394, 4.707175623449799, 1.1034179851715304, 2.868472154300962, 4.750938650414254, 6.567029208097068, 7.591314366432206, 6.572790407429708, 4.668077798194885, 2.7174953431422844], [7.155249461758828, 6.462586419538233, 5.125338713685174, 4.814475543608047, 3.656167965233545, 2.5329609649578098, 3.0728066307530644, 4.394155871154322, 1.540127010996171, 0.0, 1.4001891300820757, 2.4333395673436127, 2.835296578843208, 4.196810423404898, 5.07695009725327, 2.4518448176832073, 1.4091998687198348, 2.68196767691186, 3.236077134432985, 3.5770605823776593, 4.22894040274866, 6.9321596000092205, 8.197380100373532, 7.213381082405116, 5.721533588995174, 3.9417281121355896, 2.906145987386043, 5.049269774927856, 2.078260320556595, 2.1826318081618807, 3.413239307461462, 5.129883081513651, 6.071852850654403, 5.141332515019817, 3.41568803903401, 2.1720115538366733], [7.720239326601216, 7.2426204228856275, 5.930636111750577, 5.868012832296807, 4.813218186411249, 3.514296875621068, 3.6105098961227067, 4.93686898144968, 2.5990100442283786, 1.4001891300820757, 0.0, 1.3998704832947941, 2.4334880418855565, 3.6323078572720124, 4.80745593947568, 2.791006709056788, 2.4029175495634467, 3.177762379411022, 3.423234239721262, 3.468286091140695, 4.956411723212671, 7.415741263016124, 8.799752034574611, 7.646326799189268, 6.855053012924116, 5.222317710557258, 3.0046834808345455, 5.349740904006474, 3.3379787237188916, 1.0848252624270878, 2.154633873770669, 5.035238936733788, 5.656622193500287, 5.043491063737498, 3.8749905883756672, 3.3989273763939116], [8.51646574290063, 8.142849527039045, 6.894516320961174, 6.915267026659202, 5.93572929470339, 4.694181083000527, 4.657250246658429, 5.8614155977886435, 3.8754491791274983, 2.4333395673436127, 1.3998704832947941, 0.0, 1.3944461552889016, 2.326559803658612, 3.626849031873259, 2.399309579858339, 2.767817584307174, 4.5514601624094215, 4.535543518697622, 4.7828502067282015, 6.3240654202814826, 8.056497430645653, 9.580438039046022, 8.50871806384487, 7.888732993326622, 6.341070652500254, 3.975770522804353, 6.141088643717823, 4.465394617500227, 2.1242268146316206, 1.0880576087689475, 3.9901230682774687, 4.3686778835249465, 3.9972553458592057, 3.398341823595737, 3.856831178571341], [8.791489850417845, 8.35249445734626, 7.160157647705811, 7.091706909482371, 6.149995373982, 5.101947279225845, 5.189469651130064, 6.282608064331246, 4.373661653580442, 2.835296578843208, 2.4334880418855565, 1.3944461552889016, 0.0, 1.3667143812808877, 2.3760871827439325, 1.3911453051353044, 2.4184338692633296, 5.357951109332745, 5.3327620995127845, 5.892740627246376, 7.011200844363254, 8.248604735953831, 9.806154962063367, 8.95204702009546, 7.976040857468071, 6.464129913607863, 4.703151595472977, 6.620078414188158, 4.71030253911572, 3.389959344888962, 2.148994872027386, 2.698044073027719, 3.2784287471287223, 2.7033892542510407, 2.169354989392008, 3.39229634023916], [9.787254067919152, 9.454453482883078, 8.325844909677334, 8.340751074693454, 7.464616213845156, 6.425588614282741, 6.400099763284944, 7.408684761143506, 5.736514936788712, 4.196810423404898, 3.6323078572720124, 2.326559803658612, 1.3667143812808877, 0.0, 1.4220063220675214, 2.4599029858919232, 3.710752842753071, 6.666169356534531, 6.508742659684741, 7.0855017112410605, 8.34983374445264, 9.144575739201901, 10.778520892033377, 9.965166315220232, 9.216658403130715, 7.791964901101647, 5.83736671539488, 7.62843742387653, 6.062488710917324, 4.4507377815368985, 2.519564478238253, 2.084433433813611, 2.0421858705808345, 2.0840375188561264, 2.7779395583777555, 4.59451391335362], [10.347568974884872, 9.969397842397502, 8.917057716534082, 8.861578990789395, 8.044917119523356, 7.182384145950424, 7.244206558347159, 8.146042825200466, 6.5755188449277515, 5.07695009725327, 4.80745593947568, 3.626849031873259, 2.3760871827439325, 1.4220063220675214, 0.0, 2.83526371260241, 4.233884960647844, 7.663280584057978, 7.511661305596785, 8.268231215925205, 9.239789061445071, 9.651868014534802, 11.27604741653741, 10.658332269637686, 9.638603248396523, 8.29011468798834, 6.825053725063269, 8.40441827314657, 6.7259081416564115, 5.726620104389673, 3.938575501371022, 1.0949889953784926, 1.0943416696809096, 1.0949932328558016, 2.5751422737394525, 4.875943307709801], [8.292963075403145, 7.68141475380675, 6.50437741217405, 6.246881901396888, 5.2938718401563145, 4.480090608458717, 4.823795395743894, 5.858557401784163, 3.8393504138070025, 2.4518448176832073, 2.791006709056788, 2.399309579858339, 1.3911453051353044, 2.4599029858919232, 2.83526371260241, 0.0, 1.4000757765206853, 5.084650000737513, 5.221499498228455, 5.960335299293153, 6.526912659136784, 7.806377572856696, 9.26313126215968, 8.579775976679112, 7.026247625866882, 5.485037409170515, 4.631075394549304, 6.370430436791536, 3.9218110421079695, 3.874074276520779, 3.3848982879844414, 2.828651441941902, 3.912224483589867, 2.831061232117737, 1.0847809963305957, 2.1423804377374247], [7.469600378199626, 6.715198957588673, 5.466669086381579, 5.0563015287856405, 3.9859039275928367, 3.2127855110480064, 3.8157708369345245, 4.928111192941977, 2.5318073820889295, 1.4091998687198348, 2.4029175495634467, 2.767817584307174, 2.4184338692633296, 3.710752842753071, 4.233884960647844, 1.4000757765206853, 0.0, 3.89550760877193, 4.283361246731357, 4.9630874080555945, 5.206367760733005, 7.1397669786905515, 8.450184213376653, 7.722527028764613, 5.835390117207247, 4.131553223667826, 3.8235674611545694, 5.607468545609507, 2.5510687701432118, 3.4093573558663515, 3.8558618673391294, 4.1660297454530975, 5.305609389127699, 4.171559233667909, 2.1363713277424408, 1.089427445954984], [7.3299407023522365, 6.528657489101415, 5.20661751523962, 4.717060764925549, 3.4955845934550065, 2.607591043472883, 3.4109201529792514, 4.660371229848541, 1.5728748805928587, 2.68196767691186, 3.177762379411022, 4.5514601624094215, 5.357951109332745, 6.666169356534531, 7.663280584057978, 5.084650000737513, 3.89550760877193, 0.0, 1.8099555408904389, 1.7991914267247942, 1.8186598609965527, 7.486385377470224, 8.334245050992921, 7.116019200367576, 5.529977892360873, 3.6033504922502337, 3.4574250187097335, 5.4167920875736035, 2.1184461616949344, 2.9321164591468736, 5.201242725541657, 7.636379823581328, 8.616011570326492, 7.811290098952925, 5.9930963032475955, 4.178626186918375], [9.094538342323924, 8.284226376071576, 6.944312436087536, 6.371694683520233, 5.051500637434385, 4.207072807784529, 5.034805923767072, 6.3634764916671145, 2.7958569151514174, 3.236077134432985, 3.423234239721262, 4.535543518697622, 5.3327620995127845, 6.508742659684741, 7.511661305596785, 5.221499498228455, 4.283361246731357, 1.8099555408904389, 0.0, 2.9195753475462833, 2.883470799227903, 9.184146145396424, 10.110225614198725, 8.896310281234575, 7.122259100173204, 4.9261008688414005, 4.896638465314751, 7.07875279833955, 2.933733481419197, 3.1996398562963306, 5.061596713488739, 7.322896758114237, 8.390414160218791, 7.895218290205787, 6.110676468280742, 4.686670507940579], [7.085509910373424, 6.590415363237738, 5.359462846218826, 5.303358378423997, 4.400852469692662, 3.3099075727276737, 3.3945758821979513, 4.510755124144959, 2.843277095184358, 3.5770605823776593, 3.468286091140695, 4.7828502067282015, 5.892740627246376, 7.0855017112410605, 8.268231215925205, 5.960335299293153, 4.9630874080555945, 1.7991914267247942, 2.9195753475462833, 0.0, 2.8976702400376757, 7.24226420189156, 8.112863697856634, 6.629918654855428, 6.229814454700878, 4.846530385750201, 3.070923370909799, 4.9629990398951325, 3.7360315697274293, 2.7202839888511643, 5.131186418363691, 8.447391406819031, 9.118453503198884, 8.419833906912892, 6.975085428150683, 5.460381816320174], [7.452282111541403, 6.475326078275905, 5.306169030477639, 4.548152469959644, 3.469118305852368, 3.2642494696331044, 4.255471045607056, 5.176757874384315, 2.791023557765144, 4.22894040274866, 4.956411723212671, 6.3240654202814826, 7.011200844363254, 8.34983374445264, 9.239789061445071, 6.526912659136784, 5.206367760733005, 1.8186598609965527, 2.883470799227903, 2.8976702400376757, 0.0, 7.849397842509958, 8.33176830810843, 7.23232474450643, 5.085753238213589, 3.2647787582009293, 4.649995386019216, 6.0482324996646755, 2.806471138280243, 4.736974177679249, 7.01479936705249, 9.123779351781804, 10.23837040207083, 9.318422245208682, 7.306350757389081, 5.156283892494672], [1.0949583462397094, 2.0838999280195774, 2.7049019224363753, 4.000638114101299, 5.041571623015981, 5.132623002909915, 4.1720003679290345, 2.8306484804722754, 6.593717498498097, 6.9321596000092205, 7.415741263016124, 8.056497430645653, 8.248604735953831, 9.144575739201901, 9.651868014534802, 7.806377572856696, 7.1397669786905515, 7.486385377470224, 9.184146145396424, 7.24226420189156, 7.849397842509958, 0.0, 1.7676343824445149, 1.8070895716593578, 4.438245988000214, 6.021492614792448, 4.674369123207965, 2.3704481475029144, 7.151310243584738, 7.564913232152765, 8.631699246961746, 10.18459904905441, 10.45441705691905, 8.957194008728402, 8.186010414115048, 7.047284608272891], [1.094272201054199, 2.0420468261036526, 3.278639031671526, 4.368347059243348, 5.651607707546589, 6.062766594550709, 5.306357899727458, 3.9120328436760348, 7.5922632475435154, 8.197380100373532, 8.799752034574611, 9.580438039046022, 9.806154962063367, 10.778520892033377, 11.27604741653741, 9.26313126215968, 8.450184213376653, 8.334245050992921, 10.110225614198725, 8.112863697856634, 8.33176830810843, 1.7676343824445149, 0.0, 1.7677717810848776, 4.447070588600995, 6.508759789698802, 5.96487481595381, 3.6543804249147356, 8.04532320481906, 8.884918512850863, 10.193225262889074, 11.738409260202168, 12.11970334414172, 10.581257789128852, 9.625722130313132, 8.222568034379528], [1.095097666877252, 2.084601839680662, 2.696944369096256, 3.987124733438873, 5.02591384227784, 5.117028247918904, 4.16362172513306, 2.827598355495349, 6.576684484601645, 7.213381082405116, 7.646326799189268, 8.50871806384487, 8.95204702009546, 9.965166315220232, 10.658332269637686, 8.579775976679112, 7.722527028764613, 7.116019200367576, 8.896310281234575, 6.629918654855428, 7.23232474450643, 1.8070895716593578, 1.7677717810848776, 0.0, 4.424296510181025, 6.004252682057944, 4.673307473299826, 2.3820689452658588, 7.206863364876567, 7.565625301982647, 9.028849067849125, 11.15291185072311, 11.49548045102944, 10.095391591711536, 9.121034166145854, 7.675104618830938], [3.940000602791832, 2.5211407695723773, 2.1504493809434346, 1.0876108173423065, 2.153924617993861, 3.4150034202032655, 3.8653143597901582, 3.388682972778658, 4.700374825479346, 5.721533588995174, 6.855053012924116, 7.888732993326622, 7.976040857468071, 9.216658403130715, 9.638603248396523, 7.026247625866882, 5.835390117207247, 5.529977892360873, 7.122259100173204, 6.229814454700878, 5.085753238213589, 4.438245988000214, 4.447070588600995, 4.424296510181025, 0.0, 2.452368410333162, 4.953207697038355, 4.305439240077603, 4.615230465534739, 7.146267739176864, 8.80049815408196, 9.702507006954441, 10.682336935802015, 9.135399232655354, 7.338705991521938, 5.22392428543906], [5.739053131832811, 4.466862214127497, 3.3994793866120148, 2.1404419239960704, 1.0883282960577658, 2.1741646625773314, 3.4066385426105894, 3.8751303423239847, 2.7601786572611564, 3.9417281121355896, 5.222317710557258, 6.341070652500254, 6.464129913607863, 7.791964901101647, 8.29011468798834, 5.485037409170515, 4.131553223667826, 3.6033504922502337, 4.9261008688414005, 4.846530385750201, 3.2647787582009293, 6.021492614792448, 6.508759789698802, 6.004252682057944, 2.452368410333162, 0.0, 4.3274753113102795, 4.959677256636766, 2.326687660602514, 5.575951450649478, 7.311901070173201, 8.179342293852239, 9.372548167387565, 8.018401037613422, 5.905506458382718, 3.511727193276835], [4.871039488651267, 4.594238714955939, 3.3941672837383843, 3.8656132113805697, 3.4061145033600972, 2.173503229811265, 1.0884440316341488, 2.1402184374497852, 2.800617180194394, 2.906145987386043, 3.0046834808345455, 3.975770522804353, 4.703151595472977, 5.83736671539488, 6.825053725063269, 4.631075394549304, 3.8235674611545694, 3.4574250187097335, 4.896638465314751, 3.070923370909799, 4.649995386019216, 4.674369123207965, 5.96487481595381, 4.673307473299826, 4.953207697038355, 4.3274753113102795, 0.0, 2.419970801476745, 3.8095320368780206, 2.926809254119578, 4.519212056321323, 7.250372214583194, 7.691131249692726, 6.616977909136466, 5.503292678024675, 4.295149204626075], [2.573005429454046, 2.7774855553179747, 2.1704133131733228, 3.401139329695271, 3.871615529723994, 3.405719631737175, 2.1353551671794553, 1.0849710226545224, 4.707175623449799, 5.049269774927856, 5.349740904006474, 6.141088643717823, 6.620078414188158, 7.62843742387653, 8.40441827314657, 6.370430436791536, 5.607468545609507, 5.4167920875736035, 7.07875279833955, 4.9629990398951325, 6.0482324996646755, 2.3704481475029144, 3.6543804249147356, 2.3820689452658588, 4.305439240077603, 4.959677256636766, 2.419970801476745, 0.0, 5.4934369114426, 5.33160435985267, 6.656420053602387, 8.922001181909808, 9.236282577963928, 7.929831953452734, 7.008083785172664, 5.764756255905361], [7.0