{"total energy": -88.69531508, "HOMO-LUMO gap/eV": 1.11965084, "electronic energy": -89.46912731, "dipole": [0.87304464, 0.03420852, -0.16341245], "partial charges": [-0.11252829, 0.01176721, -0.1642497, 0.01082023, -0.02171073, 0.16187342, -0.21289646, -0.05174133, -0.02381639, -0.04004463, 0.09473149, -0.13898536, 0.10585133, 0.01648106, -0.0121144, -0.00388802, -0.01350658, 0.01506561, 0.55129239, -0.34143819, -0.35631309, 0.48214744, -0.1936213, -0.19275663, -0.19349409, 0.54401325, -0.34307754, -0.35644072, 0.05020614, 0.06229891, 0.04693603, 0.04978161, 0.03675975, 0.07310345, 0.043479, 0.0716259, 0.06735714, 0.07315599, 0.10223262, 0.10164349], "atomic dipole moments": [[-0.09800767, -0.03240344, -0.08594068], [0.0855769, 0.08471857, -0.10105529], [-0.13612342, -0.18633753, -0.07897543], [-0.0700718, 0.13840636, 0.02835663], [-0.02210897, -0.04099402, 0.0421391], [-0.2235261, -0.15594811, -0.05348787], [0.18700702, 0.11682816, 0.06365369], [-0.00612275, -0.02042227, 0.04149912], [-0.01172692, -0.01259761, 0.0143202], [-0.03585221, -0.03186269, 0.01967598], [0.06889895, -0.02568689, 0.21528058], [0.02544541, 0.08498584, 0.02432335], [0.05622478, -0.04234882, 0.03709329], [-0.00390996, -0.16285105, 0.01227698], [0.03871102, 0.02874557, 0.0202834], [-0.11225043, 0.07241762, -0.07710358], [0.00090271, -0.05183381, 0.00551796], [0.11706374, 0.0820781, 0.0739838], [0.04538948, 0.03040831, 0.0228679], [0.01407309, -0.01435765, -0.24764585], [-0.15108503, -0.11708566, 0.15687753], [-0.13715723, 0.08448409, -0.08323619], [0.20053376, -0.06549017, -0.16949288], [0.10647776, 0.15682178, 0.19380788], [-0.08279799, -0.2288607, 0.11881656], [-0.00955563, -0.06087127, 0.00524829], [-0.06552802, 0.12703511, 0.20208606], [0.08504202, 0.08393259, -0.2189547], [-0.03118778, -0.04681742, 0.11597316], [0.02303035, 0.12782376, 0.01542228], [0.11080697, -0.05381309, -0.02847258], [-0.11037264, 0.04072194, 0.06049232], [-0.00960269, -0.12433121, -0.00935276], [0.08903715, -0.07354095, 0.06189753], [-0.05077132, -0.09915555, -0.0591758], [-0.05621899, 0.01279005, -0.14499344], [0.06782946, 0.09353196, -0.10166866], [0.12455529, 0.08624999, 0.03621647], [-0.12143482, -0.08585513, -0.06851073], [-0.0037673, 0.16293063, -0.01194969]], "atomic quadrupole moments": [[0.07516843, 0.05937905, -0.13535705, 0.18216297, 0.04073088, 0.06018862], [-0.05871058, 0.0780794, -0.17071803, 0.06257478, -0.15162893, 0.2294286], [-0.0112679, -0.10139604, -0.05276413, -0.02128048, -0.0554338, 0.06403203], [-0.00494163, -0.05742549, -0.05206246, -0.22115458, 0.00347372, 0.05700409], [-0.04837821, -0.23971399, 0.18015219, -0.18801759, 0.03462102, -0.13177398], [0.2345933, -0.0348407, 0.14606426, 0.02590281, 0.26587864, -0.38065755], [0.02108169, 0.03461392, -0.0044457, 0.0128225, 0.0046837, -0.01663599], [0.01863955, -0.31343558, 0.1904323, -0.14893459, 0.1570392, -0.20907184], [0.02476173, -0.37114045, 0.18876488, -0.11968713, 0.2030577, -0.21352661], [-0.00067063, -0.35679303, 0.17412609, -0.12994255, 0.16127815, -0.17345546], [-0.11470802, -0.35819025, -0.02641772, 0.09655612, 0.13275386, 0.14112574], [-0.12487034, -0.03453377, -0.21648371, 0.24152417, -0.028456, 0.34135405], [-0.05490422, -0.08739053, -0.30123373, -0.29752992, -0.0297956, 0.35613795], [-0.26191208, -0.01949491, 0.10174333, -0.37197451, 0.02711873, 0.16016876], [-0.08292907, -0.05304391, -0.25132863, -0.39541043, 0.0394377, 0.3342577], [0.0418592, -0.13542725, -0.28431736, -0.21073145, -0.03440016, 0.24245816], [-0.01778451, -0.00066335, -0.32021986, -0.37244686, 0.03793952, 0.33800437], [0.04575836, 0.22005317, -0.2787482, -0.20887365, 0.13770404, 0.23298984], [0.02267194, -0.2255159, 0.08994425, -0.00372895, -0.06038381, -0.11261619], [-0.05656218, -0.18976124, -0.00594519, 0.00596848, -0.01074094, 0.06250737], [0.05366875, -0.10455573, 0.04972623, -0.09478694, -0.10421296, -0.10339498], [-0.10643288, 0.16986286, 0.07818054, -0.15284273, 0.10634917, 0.02825234], [0.01693109, -0.01344974, -0.03450022, -0.0670595, 0.02253241, 0.01756913], [-0.03173473, 0.03250834, 0.01278886, 0.02300248, 0.05788596, 0.01894586], [-0.02679611, 0.04587144, 0.04615659, -0.02436724, -0.03751606, -0.01936048], [0.23209827, -0.04102917, -0.18997993, 0.12621417, -0.00354126, -0.04211834], [0.13683231, -0.06417591, -0.14984674, 0.06222588, 0.11012641, 0.01301443], [0.14405921, 0.00690323, -0.18907154, 0.03131018, -0.09402127, 0.04501233], [-0.01844276, 0.01972318, -0.03339715, -0.0312423, -0.04377013, 0.05183991], [-0.03153277, 0.00656974, 0.07622786, 0.00887462, 0.00232631, -0.04469508], [0.04429768, -0.04145534, -0.01942347, -0.03089678, 0.03115114, -0.02487421], [0.02894169, -0.04105509, -0.021837, 0.00315531, 0.00711459, -0.00710469], [-0.03195838, 0.00059394, 0.03522721, 0.01110885, 0.01591101, -0.00326883], [0.0160988, -0.00959823, -0.03939992, 0.03097186, -0.02380568, 0.02330112], [0.01626897, 0.0342942, -0.02344906, 0.0211577, 0.02774184, 0.00718009], [0.00202203, 0.03985944, -0.021136, 0.01817449, -0.01517765, 0.01911397], [0.00112891, 0.0434616, -0.02611251, 0.02245907, -0.01674178, 0.0249836], [-0.00486589, 0.03534975, -0.02727794, 0.02009586, -0.02055888, 0.03214382], [-0.00397256, -0.00221532, 0.03576767, 0.02989332, -0.01177584, -0.03179511], [0.00848522, 0.00665957, 0.01567662, 0.04041544, 0.00197865, -0.02416184]], "number of molecular orbitals": 129, "number of electrons": 150, "number of unpaired electrons": 0, "orbital energies/eV": [-29.11856295, -24.52003389, -24.18034326, -24.17292379, -22.96281659, -21.88183796, -21.76571225, -21.31263171, -21.21675472, -20.54536743, -20.31737056, -20.10845332, -19.4628888, -19.25702499, -18.92611494, -18.9016522, -18.49166563, -18.34530758, -18.29459085, -18.17914395, -17.88584409, -17.83847617, -17.779171, -17.63881807, -17.59367339, -17.55955303, -17.47700059, -17.29294405, -16.90489679, -16.88774357, -16.80191283, -16.78921052, -16.71003832, -16.52916785, -16.30622479, -15.96242301, -15.90475434, -15.66334847, -15.58690875, -15.47958141, -15.45294365, -15.30769282, -15.22981601, -15.18627797, -15.15562024, -15.13321196, -15.12825953, -14.95561328, -14.851851, -14.58477881, -14.43310337, -14.32116587, -14.25161566, -14.039012, -13.95765146, -13.86928649, -13.79221483, -13.76617343, -13.66868521, -13.63344243, -13.55055582, -13.34156194, -13.16954102, -13.09267285, -13.05039411, -12.92289541, -12.84050631, -12.76450574, -12.71928556, -12.58227686, -12.45879273, -11.85740743, -11.83015411, -11.37986497, -10.80734849, -9.68769764, -9.6424996, -8.84738128, -8.73243895, -7.31995903, -7.16411505, -5.65983881, -4.30708912, -3.94515062, -2.65030615, -1.54484489, -1.50900536, -0.4106126, -0.2376242, -0.13378793, 0.06920551, 0.08017602, 0.41250093, 0.51350814, 0.87312141, 1.20547265, 1.54862381, 1.82778216, 2.02004298, 2.20677507, 2.3712869, 2.76420497, 3.09348383, 3.19953578, 3.55356648, 3.73744096, 3.94759079, 4.00064558, 4.07204672, 4.17652049, 4.45094215, 4.97114962, 5.28166215, 6.44143653, 6.8375655, 6.95380347, 7.95986707, 8.36374825, 8.55323766, 9.00267023, 9.20259264, 9.33465093, 9.65558833, 10.73817051, 10.88946144, 13.35472226, 13.78946264, 15.36094312, 15.93826385], "fractional occupation": [2.0, 2.0, 2.0, 2.0, 2.0, 2.0, 2.0, 2.0, 2.0, 2.0, 2.0, 2.0, 2.0, 2.0, 2.0, 2.0, 2.0, 2.0, 2.0, 2.0, 2.0, 2.0, 2.0, 2.0, 2.0, 2.0, 2.0, 2.0, 2.0, 2.0, 2.0, 2.0, 2.0, 2.0, 2.0, 2.0, 2.0, 2.0, 2.0, 2.0, 2.0, 2.0, 2.0, 2.0, 2.0, 2.0, 2.0, 2.0, 2.0, 2.0, 2.0, 2.0, 2.0, 2.0, 2.0, 2.0, 2.0, 2.0, 2.0, 2.0, 2.0, 2.0, 2.0, 2.0, 2.0, 2.0, 2.0, 2.0, 2.0, 2.0, 2.0, 2.0, 2.0, 2.0, 2.0, 0.0, 0.0, 0.0, 0.0, 0.0, 0.0, 0.0, 0.0, 0.0, 0.0, 0.0, 0.0, 0.0, 0.0, 0.0, 0.0, 0.0, 0.0, 0.0, 0.0, 0.0, 0.0, 0.0, 0.0, 0.0, 0.0, 0.0, 0.0, 0.0, 0.0, 0.0, 0.0, 0.0, 0.0, 0.0, 0.0, 0.0, 0.0, 0.0, 0.0, 0.0, 0.0, 0.0, 0.0, 0.0, 0.0, 0.0, 0.0, 0.0, 0.0, 0.0, 0.0, 0.0, 0.0], "program call": "xtb /home/svss/Project-DBcg-Debug/aqme2_20220329/End-to-End-workflows-final/example-3/QDESCP/mol_894_rdkit_conf_4/mol_894_rdkit_conf_4.xyz --pop --wbo --acc 0.2 --gfn 2 --chrg 0 --uhf 0 --etemp 300 --input /home/svss/Project-DBcg-Debug/aqme2_20220329/End-to-End-workflows-final/example-3/QDESCP/mol_894_rdkit_conf_4/mol_894_rdkit_conf_4_xtb.inp", "method": "GFN2-xTB", "xtb version": "6.3.3 (7355c4f)", "Dipole module/D": 2.259, "Total charge": 0, "Transition dipole module/D": NaN, "HOMO": -10.8073, "LUMO": -9.6877, "HOMO occupancy": 2.0, "LUMO occupancy": 0, "mulliken charges": [-0.09194, 0.09939, -0.34655, 0.09515, -0.06607, 0.24048, -0.25206, -0.06676, -0.00858, -0.04915, 0.11389, -0.0796, 0.17881, 0.0423, 0.00433, -0.01095, 0.00106, 0.04178, 0.6923, -0.44092, -0.45233, 0.63876, -0.23629, -0.2357, -0.23642, 0.68897, -0.43616, -0.44925, 0.03892, 0.04787, 0.03106, 0.03471, 0.03613, 0.04628, 0.04653, 0.05779, 0.04738, 0.05151, 0.09213, 0.09117], "cm5 charges": [-0.23676, 0.04834, -0.58788, 0.05302, -0.06733, 0.25494, -0.27724, -0.11703, -0.06349, -0.10062, 0.11008, -0.082, 0.24878, 0.10479, -0.03655, -0.01297, -0.04001, 0.10512, 0.52914, -0.4008, -0.41208, 0.6908, -0.25634, -0.25678, -0.25739, 0.52051, -0.39795, -0.41191, 0.09015, 0.10371, 0.08513, 0.10165, 0.10423, 0.11301, 0.1187, 0.11449, 0.10276, 0.1081, 0.15434, 0.15336], "FUKUI+": [0.009, 0.008, -0.0, 0.01, 0.01, 0.004, 0.009, -0.002, -0.006, -0.002, 0.004, -0.014, -0.032, -0.004, -0.023, -0.035, -0.018, -0.008, -0.084, -0.115, -0.115, -0.002, -0.024, -0.021, -0.021, -0.084, -0.115, -0.112, -0.024, -0.002, -0.017, -0.003, -0.01, -0.025, -0.001, -0.015, -0.021, -0.016, -0.042, -0.04], "FUKUI-": [0.009, 0.021, -0.123, 0.027, -0.011, -0.019, -0.036, -0.031, -0.017, -0.024, -0.011, -0.16, 0.022, -0.007, -0.008, -0.018, -0.007, -0.005, 0.007, -0.019, -0.013, -0.0, -0.016, -0.012, -0.012, 0.004, -0.023, -0.023, -0.04, -0.025, -0.017, -0.044, -0.073, -0.035, -0.067, -0.047, -0.047, -0.042, -0.031, -0.027], "FUKUIrad": [0.009, 0.014, -0.062, 0.019, -0.001, -0.007, -0.013, -0.017, -0.011, -0.013, -0.004, -0.087, -0.005, -0.005, -0.015, -0.026, -0.012, -0.006, -0.039, -0.067, -0.064, -0.001, -0.02, -0.017, -0.016, -0.04, -0.069, -0.068, -0.032, -0.014, -0.017, -0.023, -0.042, -0.03, -0.034, -0.031, -0.034, -0.029, -0.036, -0.034], "s proportion": [1.012, 1.012, 1.46, 1.007, 1.084, 1.048, 1.827, 1.058, 1.061, 1.063, 1.083, 1.944, 1.054, 1.074, 1.071, 1.076, 1.071, 1.074, 1.325, 1.746, 1.747, 1.023, 1.823, 1.822, 1.823, 1.325, 1.745, 1.746, 0.961, 0.952, 0.969, 0.965, 0.964, 0.954, 0.953, 0.942, 0.953, 0.948, 0.908, 0.909], "p proportion": [3.08, 2.889, 3.887, 2.897, 2.982, 2.712, 5.426, 3.009, 2.948, 2.986, 2.803, 5.146, 2.767, 2.884, 2.925, 2.935, 2.928, 2.884, 2.983, 4.695, 4.705, 2.338, 5.413, 5.413, 5.414, 2.986, 4.691, 4.703, 0.0, 0.0, 0.0, 0.0, 0.0, 0.0, 0.0, 0.0, 0.0, 0.0, 0.0, 0.0], "d proportion": [0.0, 0.0, 0.0, 0.0, 0.0, 0.0, 0.0, 0.0, 0.0, 0.0, 0.0, -0.011, 0.0, 0.0, 0.0, 0.0, 0.0, 0.0, 0.0, 0.0, 0.0, 0.0, 0.0, 0.0, 0.0, 0.0, 0.0, 0.0, 0.0, 0.0, 0.0, 0.0, 0.0, 0.0, 0.0, 0.0, 0.0, 0.0, 0.0, 0.0], "Fermi-level/eV": -10.2496, "Coordination numbers": [3.749, 3.744, 2.728, 3.745, 2.982, 2.781, 0.787, 2.912, 2.912, 2.958, 2.882, 0.962, 2.902, 2.91, 2.913, 2.959, 2.912, 2.913, 2.758, 0.927, 0.927, 3.331, 0.788, 0.788, 0.788, 2.759, 0.927, 0.927, 0.924, 0.924, 0.924, 0.924, 0.924, 0.924, 0.924, 0.925, 0.925, 0.925, 0.924, 0.924], "Dispersion coefficient C6": [22.718, 20.448, 24.55, 20.462, 28.541, 24.491, 11.369, 29.285, 28.599, 28.993, 25.895, 103.497, 25.66, 27.643, 28.317, 28.119, 28.35, 27.676, 13.466, 20.514, 20.795, 17.408, 11.17, 11.161, 11.168, 13.544, 20.545, 20.798, 2.317, 2.172, 2.359, 2.323, 2.493, 2.052, 2.403, 2.068, 2.115, 2.051, 1.765, 1.77], "Total dispersion C6": 23119.430072, "Total dispersion C8": 569649.497362, "Polarizability alpha": [6.798, 6.451, 7.359, 6.453, 8.763, 8.106, 3.983, 8.874, 8.769, 8.832, 8.342, 15.564, 8.306, 8.621, 8.726, 8.698, 8.731, 8.627, 5.45, 6.074, 6.116, 6.619, 3.948, 3.946, 3.948, 5.466, 6.079, 6.116, 2.381, 2.305, 2.402, 2.383, 2.469, 2.24, 2.424, 2.249, 2.274, 2.24, 2.077, 2.081], "Total polarizability alpha": 231.287291, "Wiberg matrix": [[0.0, 1.0156136114252328, 0.0, 0.0, 0.0, 0.0, 0.0, 0.0, 0.0, 0.0, 0.0, 0.0, 0.0, 0.0, 0.0, 0.0, 0.0, 0.0, 0.0, 0.0, 0.0, 0.0, 0.0, 0.0, 0.0, 0.0, 0.0, 0.0, 0.9806105933566271, 0.983003058891486, 0.984019146700904, 0.0, 0.0, 0.0, 0.0, 0.0, 0.0, 0.0, 0.0, 0.0], [1.0156136114252328, 0.0, 0.9525696649472353, 0.0, 0.0, 0.0, 0.0, 0.0, 0.0, 0.0, 0.0, 0.0, 0.0, 0.0, 0.0, 0.0, 0.0, 0.0, 0.0, 0.0, 0.0, 0.0, 0.0, 0.0, 0.0, 0.0, 0.0, 0.0, 0.0, 0.0, 0.0, 0.972717083768297, 0.9701813433663785, 0.0, 0.0, 0.0, 0.0, 0.0, 0.0, 0.0], [0.0, 0.9525696649472353, 0.0, 0.95432415090197, 0.0, 0.0, 0.0, 0.0, 0.0, 0.0, 0.0, 0.0, 1.0585140380936666, 0.0, 0.0, 0.0, 0.0, 0.0, 0.0, 0.0, 0.0, 0.0, 0.0, 0.0, 0.0, 0.0, 0.0, 0.0, 0.0, 0.0, 0.0, 0.0, 0.0, 0.0, 0.0, 0.0, 0.0, 0.0, 0.0, 0.0], [0.0, 0.0, 0.95432415090197, 0.0, 1.0070282843201286, 0.0, 0.0, 0.0, 0.0, 0.0, 0.0, 0.0, 0.0, 0.0, 0.0, 0.0, 0.0, 0.0, 0.0, 0.0, 0.0, 0.0, 0.0, 0.0, 0.0, 0.0, 0.0, 0.0, 0.0, 0.0, 0.0, 0.0, 0.0, 0.9595082330110316, 0.9646021937962366, 0.0, 0.0, 0.0, 0.0, 0.0], [0.0, 0.0, 0.0, 1.0070282843201286, 0.0, 1.365041163431794, 0.0, 0.0, 0.10264850095487668, 0.0, 1.3736175012042044, 0.0, 0.0, 0.0, 0.0, 0.0, 0.0, 0.0, 0.0, 0.0, 0.0, 0.0, 0.0, 0.0, 0.0, 0.0, 0.0, 0.0, 0.0, 0.0, 0.0, 0.0, 0.0, 0.0, 0.0, 0.0, 0.0, 0.0, 0.0, 0.0], [0.0, 0.0, 0.0, 0.0, 1.365041163431794, 0.0, 0.9689653259179412, 1.3949703920029521, 0.0, 0.0, 0.0, 0.0, 0.0, 0.0, 0.0, 0.0, 0.0, 0.0, 0.0, 0.0, 0.0, 0.0, 0.0, 0.0, 0.0, 0.0, 0.0, 0.0, 0.0, 0.0, 0.0, 0.0, 0.0, 0.0, 0.0, 0.0, 0.0, 0.0, 0.0, 0.0], [0.0, 0.0, 0.0, 0.0, 0.0, 0.9689653259179412, 0.0, 0.0, 0.0, 0.0, 0.0, 0.0, 0.0, 0.0, 0.0, 0.0, 0.0, 0.0, 0.0, 0.0, 0.0, 0.0, 0.0, 0.0, 0.0, 0.0, 0.0, 0.0, 0.0, 0.0, 0.0, 0.0, 0.0, 0.0, 0.0, 0.0, 0.0, 0.0, 0.0, 0.0], [0.0, 0.0, 0.0, 0.0, 0.0, 1.3949703920029521, 0.0, 0.0, 1.4354481373905588, 0.0, 0.0, 0.0, 0.0, 0.0, 0.0, 0.0, 0.0, 0.0, 0.0, 0.0, 0.0, 0.0, 0.0, 0.0, 0.0, 0.0, 0.0, 0.0, 0.0, 0.0, 0.0, 0.0, 0.0, 0.0, 0.0, 0.9651646626138122, 0.0, 0.0, 0.0, 0.0], [0.0, 0.0, 0.0, 0.0, 0.10264850095487668, 0.0, 0.0, 1.4354481373905588, 0.0, 1.4408613977930846, 0.0, 0.0, 0.0, 0.0, 0.0, 0.0, 0.0, 0.0, 0.0, 0.0, 0.0, 0.0, 0.0, 0.0, 0.0, 0.0, 0.0, 0.0, 0.0, 0.0, 0.0, 0.0, 0.0, 0.0, 0.0, 0.0, 0.9670182808492335, 0.0, 0.0, 0.0], [0.0, 0.0, 0.0, 0.0, 0.0, 0.0, 0.0, 0.0, 1.4408613977930846, 0.0, 1.3991149641853091, 0.0, 0.0, 0.0, 0.0, 0.0, 0.0, 0.0, 0.0, 0.0, 0.0, 0.0, 0.0, 0.0, 0.0, 0.0, 0.0, 0.0, 0.0, 0.0, 0.0, 0.0, 0.0, 0.0, 0.0, 0.0, 0.0, 0.9657694611525929, 0.0, 0.0], [0.0, 0.0, 0.0, 0.0, 1.3736175012042044, 0.0, 0.0, 0.0, 0.0, 1.3991149641853091, 0.0, 0.9985931261890254, 0.0, 0.0, 0.0, 0.0, 0.0, 0.0, 0.0, 0.0, 0.0, 0.0, 0.0, 0.0, 0.0, 0.0, 0.0, 0.0, 0.0, 0.0, 0.0, 0.0, 0.0, 0.0, 0.0, 0.0, 0.0, 0.0, 0.0, 0.0], [0.0, 0.0, 0.0, 0.0, 0.0, 0.0, 0.0, 0.0, 0.0, 0.0, 0.9985931261890254, 0.0, 0.0, 0.0, 0.0, 0.0, 0.0, 0.0, 0.0, 0.0, 0.0, 0.0, 0.0, 0.0, 0.0, 0.0, 0.0, 0.0, 0.0, 0.0, 0.0, 0.0, 0.0, 0.0, 0.0, 0.0, 0.0, 0.0, 0.0, 0.0], [0.0, 0.0, 1.0585140380936666, 0.0, 0.0, 0.0, 0.0, 0.0, 0.0, 0.0, 0.0, 0.0, 0.0, 1.343415823502612, 0.0, 0.0, 0.0, 1.3438890753235246, 0.0, 0.0, 0.0, 0.0, 0.0, 0.0, 0.0, 0.0, 0.0, 0.0, 0.0, 0.0, 0.0, 0.0, 0.0, 0.0, 0.0, 0.0, 0.0, 0.0, 0.0, 0.0], [0.0, 0.0, 0.0, 0.0, 0.0, 0.0, 0.0, 0.0, 0.0, 0.0, 0.0, 0.0, 1.343415823502612, 0.0, 1.4027962054076863, 0.0, 0.10319668993366682, 0.0, 0.0, 0.0, 0.0, 0.0, 0.0, 0.0, 0.0, 0.936213941960199, 0.0, 0.0, 0.0, 0.0, 0.0, 0.0, 0.0, 0.0, 0.0, 0.0, 0.0, 0.0, 0.0, 0.0], [0.0, 0.0, 0.0, 0.0, 0.0, 0.0, 0.0, 0.0, 0.0, 0.0, 0.0, 0.0, 0.0, 1.4027962054076863, 0.0, 1.411635131136488, 0.0, 0.10310874511945656, 0.0, 0.0, 0.0, 0.0, 0.0, 0.0, 0.0, 0.0, 0.0, 0.0, 0.0, 0.0, 0.0, 0.0, 0.0, 0.0, 0.0, 0.0, 0.0, 0.0, 0.9589994839541865, 0.0], [0.0, 0.0, 0.0, 0.0, 0.0, 0.0, 0.0, 0.0, 0.0, 0.0, 0.0, 0.0, 0.0, 0.0, 1.411635131136488, 0.0, 1.4109646042164101, 0.0, 0.0, 0.0, 0.0, 0.9534458759222251, 0.0, 0.0, 0.0, 0.0, 0.0, 0.0, 0.0, 0.0, 0.0, 0.0, 0.0, 0.0, 0.0, 0.0, 0.0, 0.0, 0.0, 0.0], [0.0, 0.0, 0.0, 0.0, 0.0, 0.0, 0.0, 0.0, 0.0, 0.0, 0.0, 0.0, 0.0, 0.10319668993366682, 0.0, 1.4109646042164101, 0.0, 1.4069530484238089, 0.0, 0.0, 0.0, 0.0, 0.0, 0.0, 0.0, 0.0, 0.0, 0.0, 0.0, 0.0, 0.0, 0.0, 0.0, 0.0, 0.0, 0.0, 0.0, 0.0, 0.0, 0.9588757981605341], [0.0, 0.0, 0.0, 0.0, 0.0, 0.0, 0.0, 0.0, 0.0, 0.0, 0.0, 0.0, 1.3438890753235246, 0.0, 0.10310874511945656, 0.0, 1.4069530484238089, 0.0, 0.9366828859532096, 0.0, 0.0, 0.0, 0.0, 0.0, 0.0, 0.0, 0.0, 0.0, 0.0, 0.0, 0.0, 0.0, 0.0, 0.0, 0.0, 0.0, 0.0, 0.0, 0.0, 0.0], [0.0, 0.0, 0.0, 0.0, 0.0, 0.0, 0.0, 0.0, 0.0, 0.0, 0.0, 0.0, 0.0, 0.0, 0.0, 0.0, 0.0, 0.9366828859532096, 0.0, 1.473547530744979, 1.4667565305714378, 0.0, 0.0, 0.0, 0.0, 0.0, 0.0, 0.0, 0.0, 0.0, 0.0, 0.0, 0.0, 0.0, 0.0, 0.0, 0.0, 0.0, 0.0, 0.0], [0.0, 0.0, 0.0, 0.0, 0.0, 0.0, 0.0, 0.0, 0.0, 0.0, 0.0, 0.0, 0.0, 0.0, 0.0, 0.0, 0.0, 0.0, 1.473547530744979, 0.0, 0.40202712164747234, 0.0, 0.0, 0.0, 0.0, 0.0, 0.0, 0.0, 0.0, 0.0, 0.0, 0.0, 0.0, 0.0, 0.0, 0.0, 0.0, 0.0, 0.0, 0.0], [0.0, 0.0, 0.0, 0.0, 0.0, 0.0, 0.0, 0.0, 0.0, 0.0, 0.0, 0.0, 0.0, 0.0, 0.0, 0.0, 0.0, 0.0, 1.4667565305714378, 0.40202712164747234, 0.0, 0.0, 0.0, 0.0, 0.0, 0.0, 0.0, 0.0, 0.0, 0.0, 0.0, 0.0, 0.0, 0.0, 0.0, 0.0, 0.0, 0.0, 0.0, 0.0], [0.0, 0.0, 0.0, 0.0, 0.0, 0.0, 0.0, 0.0, 0.0, 0.0, 0.0, 0.0, 0.0, 0.0, 0.0, 0.9534458759222251, 0.0, 0.0, 0.0, 0.0, 0.0, 0.0, 0.9482399077392218, 0.9542906513918235, 0.953513400727633, 0.0, 0.0, 0.0, 0.0, 0.0, 0.0, 0.0, 0.0, 0.0, 0.0, 0.0, 0.0, 0.0, 0.0, 0.0], [0.0, 0.0, 0.0, 0.0, 0.0, 0.0, 0.0, 0.0, 0.0, 0.0, 0.0, 0.0, 0.0, 0.0, 0.0, 0.0, 0.0, 0.0, 0.0, 0.0, 0.0, 0.9482399077392218, 0.0, 0.0, 0.0, 0.0, 0.0, 0.0, 0.0, 0.0, 0.0, 0.0, 0.0, 0.0, 0.0, 0.0, 0.0, 0.0, 0.0, 0.0], [0.0, 0.0, 0.0, 0.0, 0.0, 0.0, 0.0, 0.0, 0.0, 0.0, 0.0, 0.0, 0.0, 0.0, 0.0, 0.0, 0.0, 0.0, 0.0, 0.0, 0.0, 0.9542906513918235, 0.0, 0.0, 0.0, 0.0, 0.0, 0.0, 0.0, 0.0, 0.0, 0.0, 0.0, 0.0, 0.0, 0.0, 0.0, 0.0, 0.0, 0.0], [0.0, 0.0, 0.0, 0.0, 0.0, 0.0, 0.0, 0.0, 0.0, 0.0, 0.0, 0.0, 0.0, 0.0, 0.0, 0.0, 0.0, 0.0, 0.0, 0.0, 0.0, 0.953513400727633, 0.0, 0.0, 0.0, 0.0, 0.0, 0.0, 0.0, 0.0, 0.0, 0.0, 0.0, 0.0, 0.0, 0.0, 0.0, 0.0, 0.0, 0.0], [0.0, 0.0, 0.0, 0.0, 0.0, 0.0, 0.0, 0.0, 0.0, 0.0, 0.0, 0.0, 0.0, 0.936213941960199, 0.0, 0.0, 0.0, 0.0, 0.0, 0.0, 0.0, 0.0, 0.0, 0.0, 0.0, 0.0, 1.4722272498011755, 1.4598498820747094, 0.0, 0.0, 0.0, 0.0, 0.0, 0.0, 0.0, 0.0, 0.0, 0.0, 0.0, 0.0], [0.0, 0.0, 0.0, 0.0, 0.0, 0.0, 0.0, 0.0, 0.0, 0.0, 0.0, 0.0, 0.0, 0.0, 0.0, 0.0, 0.0, 0.0, 0.0, 0.0, 0.0, 0.0, 0.0, 0.0, 0.0, 1.4722272498011755, 0.0, 0.4005318737067877, 0.0, 0.0, 0.0, 0.0, 0.0, 0.0, 0.0, 0.0, 0.0, 0.0, 0.0, 0.0], [0.0, 0.0, 0.0, 0.0, 0.0, 0.0, 0.0, 0.0, 0.0, 0.0, 0.0, 0.0, 0.0, 0.0, 0.0, 0.0, 0.0, 0.0, 0.0, 0.0, 0.0, 0.0, 0.0, 0.0, 0.0, 1.4598498820747094, 0.4005318737067877, 0.0, 0.0, 0.0, 0.0, 0.0, 0.0, 0.0, 0.0, 0.0, 0.0, 0.0, 0.0, 0.0], [0.9806105933566271, 0.0, 0.0, 0.0, 0.0, 0.0, 0.0, 0.0, 0.0, 0.0, 0.0, 0.0, 0.0, 0.0, 0.0, 0.0, 0.0, 0.0, 0.0, 0.0, 0.0, 0.0, 0.0, 0.0, 0.0, 0.0, 0.0, 0.0, 0.0, 0.0, 0.0, 0.0, 0.0, 0.0, 0.0, 0.0, 0.0, 0.0, 0.0, 0.0], [0.983003058891486, 0.0, 0.0, 0.0, 0.0, 0.0, 0.0, 0.0, 0.0, 0.0, 0.0, 0.0, 0.0, 0.0, 0.0, 0.0, 0.0, 0.0, 0.0, 0.0, 0.0, 0.0, 0.0, 0.0, 0.0, 0.0, 0.0, 0.0, 0.0, 0.0, 0.0, 0.0, 0.0, 0.0, 0.0, 0.0, 0.0, 0.0, 0.0, 0.0], [0.984019146700904, 0.0, 0.0, 0.0, 0.0, 0.0, 0.0, 0.0, 0.0, 0.0, 0.0, 0.0, 0.0, 0.0, 0.0, 0.0, 0.0, 0.0, 0.0, 0.0, 0.0, 0.0, 0.0, 0.0, 0.0, 0.0, 0.0, 0.0, 0.0, 0.0, 0.0, 0.0, 0.0, 0.0, 0.0, 0.0, 0.0, 0.0, 0.0, 0.0], [0.0, 0.972717083768297, 0.0, 0.0, 0.0, 0.0, 0.0, 0.0, 0.0, 0.0, 0.0, 0.0, 0.0, 0.0, 0.0, 0.0, 0.0, 0.0, 0.0, 0.0, 0.0, 0.0, 0.0, 0.0, 0.0, 0.0, 0.0, 0.0, 0.0, 0.0, 0.0, 0.0, 0.0, 0.0, 0.0, 0.0, 0.0, 0.0, 0.0, 0.0], [0.0, 0.9701813433663785, 0.0, 0.0, 0.0, 0.0, 0.0, 0.0, 0.0, 0.0, 0.0, 0.0, 0.0, 0.0, 0.0, 0.0, 0.0, 0.0, 0.0, 0.0, 0.0, 0.0, 0.0, 0.0, 0.0, 0.0, 0.0, 0.0, 0.0, 0.0, 0.0, 0.0, 0.0, 0.0, 0.0, 0.0, 0.0, 0.0, 0.0, 0.0], [0.0, 0.0, 0.0, 0.9595082330110316, 0.0, 0.0, 0.0, 0.0, 0.0, 0.0, 0.0, 0.0, 0.0, 0.0, 0.0, 0.0, 0.0, 0.0, 0.0, 0.0, 0.0, 0.0, 0.0, 0.0, 0.0, 0.0, 0.0, 0.0, 0.0, 0.0, 0.0, 0.0, 0.0, 0.0, 0.0, 0.0, 0.0, 0.0, 0.0, 0.0], [0.0, 0.0, 0.0, 0.9646021937962366, 0.0, 0.0, 0.0, 0.0, 0.0, 0.0, 0.0, 0.0, 0.0, 0.0, 0.0, 0.0, 0.0, 0.0, 0.0, 0.0, 0.0, 0.0, 0.0, 0.0, 0.0, 0.0, 0.0, 0.0, 0.0, 0.0, 0.0, 0.0, 0.0, 0.0, 0.0, 0.0, 0.0, 0.0, 0.0, 0.0], [0.0, 0.0, 0.0, 0.0, 0.0, 0.0, 0.0, 0.9651646626138122, 0.0, 0.0, 0.0, 0.0, 0.0, 0.0, 0.0, 0.0, 0.0, 0.0, 0.0, 0.0, 0.0, 0.0, 0.0, 0.0, 0.0, 0.0, 0.0, 0.0, 0.0, 0.0, 0.0, 0.0, 0.0, 0.0, 0.0, 0.0, 0.0, 0.0, 0.0, 0.0], [0.0, 0.0, 0.0, 0.0, 0.0, 0.0, 0.0, 0.0, 0.9670182808492335, 0.0, 0.0, 0.0, 0.0, 0.0, 0.0, 0.0, 0.0, 0.0, 0.0, 0.0, 0.0, 0.0, 0.0, 0.0, 0.0, 0.0, 0.0, 0.0, 0.0, 0.0, 0.0, 0.0, 0.0, 0.0, 0.0, 0.0, 0.0, 0.0, 0.0, 0.0], [0.0, 0.0, 0.0, 0.0, 0.0, 0.0, 0.0, 0.0, 0.0, 0.9657694611525929, 0.0, 0.0, 0.0, 0.0, 0.0, 0.0, 0.0, 0.0, 0.0, 0.0, 0.0, 0.0, 0.0, 0.0, 0.0, 0.0, 0.0, 0.0, 0.0, 0.0, 0.0, 0.0, 0.0, 0.0, 0.0, 0.0, 0.0, 0.0, 0.0, 0.0], [0.0, 0.0, 0.0, 0.0, 0.0, 0.0, 0.0, 0.0, 0.0, 0.0, 0.0, 0.0, 0.0, 0.0, 0.9589994839541865, 0.0, 0.0, 0.0, 0.0, 0.0, 0.0, 0.0, 0.0, 0.0, 0.0, 0.0, 0.0, 0.0, 0.0, 0.0, 0.0, 0.0, 0.0, 0.0, 0.0, 0.0, 0.0, 0.0, 0.0, 0.0], [0.0, 0.0, 0.0, 0.0, 0.0, 0.0, 0.0, 0.0, 0.0, 0.0, 0.0, 0.0, 0.0, 0.0, 0.0, 0.0, 0.9588757981605341, 0.0, 0.0, 0.0, 0.0, 0.0, 0.0, 0.0, 0.0, 0.0, 0.0, 0.0, 0.0, 0.0, 0.0, 0.0, 0.0, 0.0, 0.0, 0.0, 0.0, 0.0, 0.0, 0.0]], "Born radii": [], "Atomic SASAs": [], "Solvent H bonds": [], "Total SASA": NaN, "Total FOD": 0.0, "FOD": [0.0, 0.0, 0.0, 0.0, 0.0, 0.0, 0.0, 0.0, 0.0, 0.0, 0.0, 0.0, 0.0, 0.0, 0.0, 0.0, 0.0, 0.0, 0.0, 0.0, 0.0, 0.0, 0.0, 0.0, 0.0, 0.0, 0.0, 0.0, 0.0, 0.0, 0.0, 0.0, 0.0, 0.0, 0.0, 0.0, 0.0, 0.0, 0.0, 0.0], "FOD s proportion": [0.0, 0.0, 0.0, 0.0, 0.0, 0.0, 0.0, 0.0, 0.0, 0.0, 0.0, 0.0, 0.0, 0.0, 0.0, 0.0, 0.0, 0.0, 0.0, 0.0, 0.0, 0.0, 0.0, 0.0, 0.0, 0.0, 0.0, 0.0, 0.0, 0.0, 0.0, 0.0, 0.0, 0.0, 0.0, 0.0, 0.0, 0.0, 0.0, 0.0], "FOD p proportion": [0.0, 0.0, 0.0, 0.0, 0.0, 0.0, 0.0, 0.0, 0.0, 0.0, 0.0, 0.0, 0.0, 0.0, 0.0, 0.0, 0.0, 0.0, 0.0, 0.0, 0.0, 0.0, 0.0, 0.0, 0.0, 0.0, 0.0, 0.0, 0.0, 0.0, 0.0, 0.0, 0.0, 0.0, 0.0, 0.0, 0.0, 0.0, 0.0, 0.0], "FOD d proportion": [0.0, 0.0, 0.0, 0.0, 0.0, 0.0, 0.0, 0.0, 0.0, 0.0, 0.0, 0.0, 0.0, 0.0, 0.0, 0.0, 0.0, 0.0, 0.0, 0.0, 0.0, 0.0, 0.0, 0.0, 0.0, 0.0, 0.0, 0.0, 0.0, 0.0, 0.0, 0.0, 0.0, 0.0, 0.0, 0.0, 0.0, 0.0, 0.0, 0.0], "coordinates": [["1.11440", "-1.11920", "3.49780"], ["0.02620", "-1.40980", "2.47460"], ["0.34140", "-0.76890", "1.18020"], ["1.28640", "-1.51670", "0.31430"], ["2.00980", "-0.61060", "-0.65060"], ["1.52860", "-0.48270", "-1.95980"], ["0.43750", "-1.16430", "-2.33750"], ["2.13920", "0.34820", "-2.89620"], ["3.26200", "1.08310", "-2.53420"], ["3.76260", "0.97760", "-1.23730"], ["3.14260", "0.13860", "-0.30170"], ["3.83800", "0.06970", "1.27720"], ["-0.77200", "-0.19490", "0.53630"], ["-1.84270", "-0.89570", "-0.05590"], ["-2.89220", "-0.26110", "-0.75490"], ["-2.91620", "1.13300", "-0.88540"], ["-1.89530", "1.87080", "-0.27660"], ["-0.86210", "1.20850", "0.41620"], ["0.13490", "2.05710", "1.04320"], ["0.08470", "2.17110", "2.27530"], ["0.89610", "2.67490", "0.28560"], ["-4.04160", "1.82630", "-1.61790"], ["-5.05980", "2.16340", "-0.78330"], ["-4.58980", "1.05560", "-2.59510"], ["-3.64640", "2.97850", "-2.22220"], ["-1.95160", "-2.33590", "0.05070"], ["-1.65700", "-2.99950", "-0.95070"], ["-2.38350", "-2.78810", "1.11880"], ["0.82890", "-1.52080", "4.47520"], ["1.28060", "-0.04300", "3.60620"], ["2.06420", "-1.58180", "3.21490"], ["-0.92000", "-1.02850", "2.87970"], ["-0.07660", "-2.49420", "2.35340"], ["2.02920", "-2.03930", "0.92880"], ["0.77740", "-2.32200", "-0.22600"], ["1.73040", "0.41900", "-3.89970"], ["3.74370", "1.74060", "-3.25350"], ["4.63640", "1.56100", "-0.95420"], ["-3.69040", "-0.86020", "-1.19740"], ["-1.89800", "2.96020", "-0.33790"]], "bond_dist": [[0.0, 1.5216983406707125, 2.468098225354898, 3.2128278042870577, 4.2742996712911925, 5.510180727526094, 5.8746024299521755, 6.639782662105741, 6.771066020206862, 5.816416894446271, 4.486853722821817, 3.7097903620016055, 3.6308838731085853, 4.628517727091471, 5.9054751256778655, 6.366363439201377, 5.678423148198803, 4.338317427298284, 4.131992630680748, 3.657986116704108, 4.976050496126421, 7.83777345551656, 8.199025893970576, 8.625026555901147, 8.495573078374406, 4.771080936223991, 5.568243735685427, 4.547545779868521, 1.094579174843008, 1.0943397278724738, 1.0936869798987277, 2.128158231899123, 2.1491294423556715, 2.878055602312089, 3.927719857627323, 7.580799528413873, 7.789205750267481, 6.277599863004968, 6.722952259238496, 6.358352979349291], [1.5216983406707125, 0.0, 1.4783691047908167, 2.503283391867569, 3.7868541878451034, 4.772905145715763, 4.835880928021284, 6.033309675460062, 6.463205821417108, 5.782608868841122, 4.451666340821153, 4.260575812023534, 2.4228314303723235, 3.1875564732252193, 4.50180413834276, 5.139372490878629, 4.692930859281862, 3.4469671219783917, 3.752348232773712, 3.5869189494606646, 4.715211670752438, 6.615730972462529, 7.017767925059934, 7.286117707668468, 7.403046527612804, 3.262613256271727, 4.1343667495760466, 3.0894269080203207, 2.1584829510561345, 2.1730577903037918, 2.1751027768820492, 1.0976293272321034, 1.095983868494423, 2.6072546653520443, 2.9478213378697156, 6.846934173044166, 7.520369407150157, 6.46809601969544, 5.253452171667693, 5.541624481142692], [2.468098225354898, 1.4783691047908167, 0.0, 1.4839180064949677, 2.4820245949627493, 3.3691177302077167, 3.5411565427131286, 4.593150793300825, 5.075093666130705, 4.538631725531386, 3.2964079389541574, 3.5970641528891307, 1.4084540354587365, 2.5128299305762813, 3.802452078593496, 4.300684216493929, 3.754079010889355, 2.4376667142987367, 2.836844593910636, 3.1478149405579736, 3.6010775734493694, 5.811636228292338, 6.451873912283159, 6.472899178884219, 6.443747462463128, 2.9981841587867817, 3.6755834543647623, 3.392052271118475, 3.4146793202290606, 2.7008338434639034, 2.7872657462107915, 2.1323279227173293, 2.1278586254730367, 2.127389705719194, 2.1400032827077626, 5.398686082742726, 6.126249360742672, 5.33208424258282, 4.681530592658772, 4.607138676011392], [3.2128278042870577, 2.503283391867569, 1.4839180064949677, 0.0, 1.5084285796815173, 2.509850125007467, 2.80657446186628, 3.8095183553830005, 4.333117543986084, 3.8419476167693905, 2.5622163316160482, 3.1550758992455314, 2.456308164705723, 3.2115348122042833, 4.492262009277731, 5.110972210842083, 4.684819521603794, 3.4717648105826524, 3.8248259960421733, 4.346202104136438, 4.209829965687451, 6.580017465022414, 7.41768941180473, 7.043512056495681, 7.1395497848253715, 3.350405587387891, 3.530230077487868, 3.9663388937406747, 4.185978006392293, 3.6067202469834, 3.00377948757894, 3.4187449978025564, 2.640303781764515, 1.0965732305687568, 1.0952228905569863, 4.658526214372954, 5.420103635540561, 4.72269303893446, 5.242591666342134, 5.53248604245867], [4.2742996712911925, 3.7868541878451034, 2.4820245949627493, 1.5084285796815173, 0.0, 1.4006842934794408, 2.371569646879467, 2.445150539332906, 2.825698761368593, 2.4369866577394306, 1.4022366740318841, 2.7425419176377233, 3.052859207366104, 3.908542739947972, 4.91555009536064, 5.230750232997175, 4.641877634104544, 3.5630038815583682, 3.6743477979091743, 4.472667627937493, 3.593230911032576, 6.594967237219604, 7.595520354129794, 7.078984591733479, 6.880709542627127, 4.377347569019394, 4.386607511505901, 5.2128080244720305, 5.3382407673314995, 4.355944058410301, 3.9860104176983784, 4.606667617703712, 4.114004122506442, 2.1298038430803903, 2.151275175332063, 3.419764806240336, 3.912753386044155, 3.4215562365683834, 5.731803419518154, 5.302762937375195], [5.510180727526094, 4.772905145715763, 3.3691177302077167, 2.509850125007467, 1.4006842934794408, 0.0, 1.340796427501207, 1.3928647206387272, 2.4054813572339317, 2.765002412295512, 2.395893424173955, 4.0145539129522225, 3.406773313562263, 3.8937216002174577, 4.587413564308323, 4.849852460642488, 4.482768753794913, 3.7710714564961507, 4.1726481675310225, 5.202266204261369, 3.9258521584491692, 6.039495396968194, 7.196736206086756, 6.340724843422872, 6.231322829062862, 4.425861783878932, 4.183373329025273, 5.486089092422762, 6.555643118718407, 5.588845684933517, 5.317180480292163, 5.451082447551128, 5.0225982847526245, 3.319279120532047, 2.63692782798468, 2.148720116720649, 3.3946119940281836, 3.8530977005521154, 5.287884360498062, 5.121104136804875], [5.8746024299521755, 4.835880928021284, 3.5411565427131286, 2.80657446186628, 2.371569646879467, 1.340796427501207, 0.0, 2.344266373516457, 3.6148717681267755, 4.105419060217848, 3.6276157541834553, 5.113923380341164, 3.2651727442816867, 3.236843610680009, 3.7956942830001466, 4.316652104351241, 4.347539149909981, 3.8603113462517498, 4.679542414595684, 5.703269662220085, 4.6723039509432605, 5.4335853108237835, 6.611310930518999, 5.501641487774354, 5.818446969767791, 3.5754642509749694, 3.1109650480196653, 4.747712831458954, 6.833239897735187, 6.107020631207987, 5.800827949525827, 5.392626793131526, 4.902802834093984, 3.7373586367914973, 2.4319197252376568, 2.5727219321178105, 4.49538190257513, 5.193413154179051, 4.293234588279565, 5.144362026529625], [6.639782662105741, 6.033309675460062, 4.593150793300825, 3.8095183553830005, 2.445150539332906, 1.3928647206387272, 2.344266373516457, 0.0, 1.389892747660768, 2.4048952430407438, 2.7896548119794318, 4.514504540921407, 4.533442323444736, 5.046792933140808, 5.501944941563846, 5.496935222467153, 5.045572828728171, 4.551912953912893, 4.7388215898047905, 5.855625236471337, 4.133120097456642, 6.482369870656872, 7.719125497749081, 6.772777640672992, 6.391081399106102, 5.71167725453741, 5.42247175926256, 6.81259260340731, 7.716708174474398, 6.570497481926311, 6.409061414122976, 6.679448206251771, 6.36767677885742, 4.510308332032301, 4.014278929023243, 1.0858832027432788, 2.1542658378203927, 3.387957449555705, 6.191154024897135, 5.446689520249892], [6.771066020206862, 6.463205821417108, 5.075093666130705, 4.333117543986084, 2.825698761368593, 2.4054813572339317, 3.6148717681267755, 1.389892747660768, 0.0, 1.3941593237503378, 2.42701315612421, 3.985665003484362, 5.2282320386532195, 6.0096241496453, 6.545758914747776, 6.394621700304093, 5.684625963069163, 5.072355087136546, 4.8502805248768865, 5.866026725135166, 4.010309475589135, 7.398278508545078, 8.572342395168311, 7.852084328380587, 7.170486435382192, 6.749288404713492, 6.585716059017425, 7.75901209497704, 7.863330031227227, 6.54969917858828, 6.4489198832052494, 7.159489630553284, 6.916065283815647, 4.823022558520745, 4.805801744766423, 2.156714543002852, 1.0870757241333282, 2.1479673577594234, 7.341615277988897, 5.913783738014098], [5.816416894446271, 5.782608868841122, 4.538631725531386, 3.8419476167693905, 2.4369866577394306, 2.765002412295512, 4.105419060217848, 2.4048952430407438, 1.3941593237503378, 0.0, 1.4013095161312508, 2.674449068499903, 5.008294157694814, 6.026968304213985, 6.786269261530963, 6.689869371669374, 5.807975821230663, 4.916831006857974, 4.418846884652149, 5.223959170973679, 3.662905124351435, 7.859432911476501, 8.913303506556925, 8.462404540081973, 7.737370988908312, 6.729807418492746, 6.728412006558457, 7.583287473780749, 6.890664300341442, 5.5372773643732165, 5.408990271760525, 6.5498754927097655, 6.2996808149302295, 4.098579068408953, 4.563058940009432, 3.39562138054289, 2.155826674387345, 1.0881303276721956, 7.6763474289534335, 6.064817843925735], [4.486853722821817, 4.451666340821153, 3.2964079389541574, 2.5622163316160482, 1.4022366740318841, 2.395893424173955, 3.6276157541834553, 2.7896548119794318, 2.42701315612421, 1.4013095161312508, 0.0, 1.7266307016846425, 4.017158126088641, 5.097392492245422, 6.064978266243004, 6.167543635030075, 5.327436837729753, 4.20686207404046, 3.8125657436954445, 4.485837453586566, 3.4386772500483382, 7.496228609774384, 8.462335337245861, 8.117301418575018, 7.605515975921686, 5.674346627586298, 5.771051270782473, 6.412579383524229, 5.561078102310739, 4.332632568081443, 4.060689384821252, 5.290382512635547, 4.9340085620112175, 2.7380719895576155, 3.4138620197658835, 3.875375723720218, 3.41186876213022, 2.16342701517754, 6.963459551831977, 5.77671060033303], [3.7097903620016055, 4.260575812023534, 3.5970641528891307, 3.1550758992455314, 2.7425419176377233, 4.0145539129522225, 5.113923380341164, 4.514504540921407, 3.985665003484362, 2.674449068499903, 1.7266307016846425, 0.0, 4.67664901077684, 5.91434740778727, 7.03807154624049, 7.171238616166667, 6.207172024360207, 4.912140719686276, 4.20921184665253, 4.415806433710609, 4.052790792774776, 8.576441204252497, 9.370169944029831, 9.327085232804514, 8.759175826526146, 6.388323862328836, 6.676717161150381, 6.848297135054817, 4.670286614331074, 3.460814506731038, 3.102982433079504, 5.13932033346823, 4.801654174344504, 2.8001823154930467, 4.164986373327048, 5.600382295879451, 4.829911157568014, 2.8001007499731148, 7.979045414709707, 6.623083440513187], [3.6308838731085853, 2.4228314303723235, 1.4084540354587365, 2.456308164705723, 3.052859207366104, 3.406773313562263, 3.2651727442816867, 4.533442323444736, 5.2282320386532195, 5.008294157694814, 4.017158126088641, 4.67664901077684, 0.0, 1.4100425419114133, 2.483309871924967, 2.8951930747361216, 2.4879159531624055, 1.4114083675534872, 2.4801046792423906, 3.0587598614471196, 3.3288376559994632, 4.406371663852244, 5.068348043495041, 5.093624745699275, 5.09332555115025, 2.4922167883231987, 3.295477986574937, 3.1082028151328864, 4.453742788936065, 3.6960149323291427, 4.140340566909925, 2.491649357353478, 3.012011630123629, 3.376771986676032, 2.7397620444118864, 5.13000730701234, 6.204860254671332, 5.878398218902833, 3.459103690264286, 3.462189718949555], [4.628517727091471, 3.1875564732252193, 2.5128299305762813, 3.2115348122042833, 3.908542739947972, 3.8937216002174577, 3.236843610680009, 5.046792933140808, 6.0096241496453, 6.026968304213985, 5.097392492245422, 5.91434740778727, 1.4100425419114133, 0.0, 1.4116544938475561, 2.440511460739326, 2.775787726033819, 2.3689897445957846, 3.71993957074574, 4.30750814740959, 4.512962668801948, 3.832008508602245, 4.498548208033344, 4.219202144955846, 4.791201834613107, 1.4482399007070617, 2.2937144482258462, 2.2920651146946067, 5.297080684679062, 4.888054479033555, 5.1412774151955665, 3.0800581958787725, 3.388072896205157, 4.155606413028067, 2.9880076489192593, 5.4102013030939995, 6.95575936975971, 6.987206494014615, 2.172159706375201, 3.866593707645012], [5.9054751256778655, 4.50180413834276, 3.802452078593496, 4.492262009277731, 4.91555009536064, 4.587413564308323, 3.7956942830001466, 5.501944941563846, 6.545758914747776, 6.786269261530963, 6.064978266243004, 7.03807154624049, 2.483309871924967, 1.4116544938475561, 0.0, 1.400400321336724, 2.4015782539821595, 2.7663162111371142, 4.215512929644505, 4.894858781415456, 4.904482963575264, 2.5343891019336398, 3.252306346271827, 2.828759567372243, 3.6354910383605676, 2.4163018768357567, 3.0104636254238315, 3.1867313002510893, 6.541205952269046, 6.039786474702561, 6.486097554770511, 4.205804650717862, 4.7514069347931045, 5.497000899581516, 4.2418166131977, 5.632116281647601, 7.367833715550318, 7.748521591890933, 1.0917189656683628, 3.396924539933144], [6.366363439201377, 5.139372490878629, 4.300684216493929, 5.110972210842083, 5.230750232997175, 4.849852460642488, 4.316652104351241, 5.496935222467153, 6.394621700304093, 6.689869371669374, 6.167543635030075, 7.171238616166667, 2.8951930747361216, 2.440511460739326, 1.400400321336724, 0.0, 1.3990078949026699, 2.432938474355651, 3.72594551489954, 4.4802987523155196, 4.275783893042304, 1.5112069017841334, 2.38058176293107, 2.3937422187863087, 2.392926352815732, 3.7202155287026044, 4.320579241259209, 4.435720024979034, 7.057227558326286, 6.258640171794508, 6.999070173244443, 4.778375738679411, 5.631139621781722, 6.149129213961925, 5.100442561190156, 5.584504637834944, 7.094458638966049, 7.565030350236541, 2.160920146604219, 2.1622089006384186], [5.678423148198803, 4.692930859281862, 3.754079010889355, 4.684819521603794, 4.641877634104544, 4.482768753794913, 4.347539149909981, 5.045572828728171, 5.684625963069163, 5.807975821230663, 5.327436837729753, 6.207172024360207, 2.4879159531624055, 2.775787726033819, 2.4015782539821595, 1.3990078949026699, 0.0, 1.409296054773446, 2.4286399012616093, 3.2438825040374075, 2.9588105059297054, 2.531337517993205, 3.2181391983567154, 3.646960863513619, 2.84230713681685, 4.219789078852164, 4.922501375317228, 4.887824629628195, 6.442345802578437, 5.368901851403134, 6.307825240128328, 4.395381697873349, 5.41089592304269, 5.66953008811136, 4.972469958682506, 5.327314270812264, 6.3778685036617055, 6.5740567909016425, 3.395381812108912, 1.091126637929805], [4.338317427298284, 3.4469671219783917, 2.4376667142987367, 3.4717648105826524, 3.5630038815583682, 3.7710714564961507, 3.8603113462517498, 4.551912953912893, 5.072355087136546, 4.916831006857974, 4.20686207404046, 4.912140719686276, 1.4114083675534872, 2.3689897445957846, 2.7663162111371142, 2.432938474355651, 1.409296054773446, 0.0, 1.4516404375739884, 2.2976687772609874, 2.293175213541259, 3.824716969920781, 4.4689282328092945, 4.794481555914049, 4.2244977275411095, 3.7260397018818785, 4.4952803716787235, 4.333718528008021, 5.17532998851281, 4.041474426493381, 4.917491989825709, 3.3281156320055953, 4.252027913831235, 4.378422009126118, 3.9452263990802856, 5.096210289028505, 5.912970669638063, 5.67765397501468, 3.8577850562207323, 2.1703014790576907], [4.131992630680748, 3.752348232773712, 2.836844593910636, 3.8248259960421733, 3.6743477979091743, 4.1726481675310225, 4.679542414595684, 4.7388215898047905, 4.8502805248768865, 4.418846884652149, 3.8125657436954445, 4.20921184665253, 2.4801046792423906, 3.71993957074574, 4.215512929644505, 3.72594551489954, 2.4286399012616093, 1.4516404375739884, 0.0, 1.2383805755905575, 1.238975399271511, 4.957607699284, 5.507477646799849, 6.046736246108309, 5.080358728475775, 4.963566006411117, 5.723263612660175, 5.461136965870752, 5.0061590476132505, 3.5059973616647233, 4.656186485741309, 3.7425223606546427, 4.740853085679833, 4.514637616686416, 4.60436659053121, 5.446214489900301, 5.620074784199939, 4.94966910207137, 5.3069621950792145, 2.618340930818597], [3.657986116704108, 3.5869189494606646, 3.1478149405579736, 4.346202104136438, 4.472667627937493, 5.202266204261369, 5.703269662220085, 5.855625236471337, 5.866026725135166, 5.223959170973679, 4.485837453586566, 4.415806433710609, 3.0587598614471196, 4.30750814740959, 4.894858781415456, 4.4802987523155196, 3.2438825040374075, 2.2976687772609874, 1.2383805755905575, 0.0, 2.207054709335498, 5.683506397462749, 5.9850625310016605, 6.8422281940899925, 5.899195557023008, 5.422952318617599, 6.338430345913727, 5.6589016717027345, 4.361595953318005, 2.846701675623914, 4.345748131219756, 3.4076621912977236, 4.668740878438212, 4.82924535098394, 5.188861396298806, 6.626372152241376, 6.643887468192098, 5.614255529453572, 5.958171279008351, 3.373809766421337], [4.976050496126421, 4.715211670752438, 3.6010775734493694, 4.209829965687451, 3.593230911032576, 3.9258521584491692, 4.6723039509432605, 4.133120097456642, 4.010309475589135, 3.662905124351435, 3.4386772500483382, 4.052790792774776, 3.3288376559994632, 4.512962668801948, 4.904482963575264, 4.275783893042304, 2.9588105059297054, 2.293175213541259, 1.238975399271511, 2.207054709335498, 0.0, 5.359507020239827, 6.072637340562994, 6.40434725713714, 5.1976475496131895, 5.768248429116069, 6.343939837356594, 6.426069358480346, 5.929684855875564, 4.308271697560404, 5.297617482416034, 4.872652827772567, 5.6516844338657135, 4.890940961614646, 5.024423734121158, 4.827201817823655, 4.637560895557059, 4.094840819861012, 5.977641948126368, 2.877002459157795], [7.83777345551656, 6.615730972462529, 5.811636228292338, 6.580017465022414, 6.594967237219604, 6.039495396968194, 5.4335853108