{"total energy": -42.93467868, "HOMO-LUMO gap/eV": 4.80960571, "electronic energy": -43.46332016, "dipole": [-0.00612255, 0.74471357, -0.31527539], "partial charges": [-0.09995239, -0.05214389, -0.05897028, -0.05811267, -0.05846267, -0.05971983, -0.05779573, -0.0881833, 0.35205449, -0.40551527, -0.27673589, 0.08141706, -0.11089413, 0.03244746, 0.03181718, 0.03118692, 0.02821563, 0.02805018, 0.03131767, 0.031179, 0.02938521, 0.02911812, 0.03110331, 0.03235718, 0.03340406, 0.03169621, 0.04633786, 0.04579998, 0.06807813, 0.06873306, 0.05227867, 0.05544142, 0.05693963, 0.05033416, 0.04779344], "atomic dipole moments": [[0.0441603, -0.01197361, 0.08988035], [0.05129378, -0.0174886, -0.09559081], [-0.05081893, 0.01826903, 0.0984693], [0.05217618, -0.02543408, -0.0936646], [-0.0222007, 0.10262741, -0.04344351], [0.03785426, -0.10041132, 0.04756987], [-0.00261025, 0.11900974, -0.06365075], [0.04183538, -0.08183729, 0.03643056], [0.12173437, 0.07456025, -0.06309392], [-0.04904433, 0.15350499, -0.07343411], [0.09253495, -0.18688375, 0.08416654], [-0.22321901, 0.08009664, 0.08788118], [-0.05241293, -0.04003968, -0.11572956], [-0.00178451, -0.10768007, -0.065294], [0.05902815, 0.08706893, -0.06888645], [-0.11811012, 0.03724164, 0.01486624], [-0.0669038, -0.08126155, 0.06456911], [-0.00782323, 0.10705778, 0.06110644], [0.06189253, 0.08334341, -0.06806467], [0.0048521, -0.10666619, -0.06399574], [-0.0656769, -0.07549433, 0.06973075], [-0.00068346, 0.1071075, 0.06287422], [0.03407891, -0.02518928, 0.1145664], [-0.00075646, -0.11128468, -0.05646784], [-0.03034497, 0.01879246, -0.11859648], [-0.00346826, 0.1112943, 0.05423636], [0.00421425, -0.1153291, -0.05370575], [0.03385189, -0.0217161, 0.12046376], [-0.03543345, 0.01280381, -0.12722932], [-0.00298185, 0.11556852, 0.06486783], [0.05340048, 0.05460676, -0.09599253], [0.01673627, -0.12672742, -0.02377155], [-0.05112336, -0.05432548, 0.10674685], [-0.01556429, 0.12520233, 0.02081856], [0.12556724, -0.02718808, -0.00339759]], "atomic quadrupole moments": [[-0.03985555, -0.02480126, -0.12160368, 0.13494731, -0.03726677, 0.16145923], [0.13123034, -0.11268301, -0.20097566, 0.09896039, -0.02671929, 0.06974532], [0.14393352, -0.11556003, -0.20838671, 0.08534595, -0.02019907, 0.06445319], [0.12770193, -0.13131029, -0.17275526, 0.09394752, -0.02743893, 0.04505333], [0.19709845, 0.0083161, -0.04331072, -0.10160588, -0.09364843, -0.15378772], [0.2105904, -3.051e-05, -0.03739792, -0.07263167, -0.1105839, -0.17319248], [0.21847378, 0.03463133, -0.04248742, -0.09969593, -0.12472035, -0.17598635], [0.20609922, 0.00592854, -0.02247639, -0.08287592, -0.13343832, -0.18362283], [-0.19839027, 0.1902066, -0.12532201, 0.00466298, 0.29359589, 0.32371228], [-0.10595455, 0.02322438, -0.03128146, 0.03850573, 0.1250188, 0.13723601], [0.08967343, -0.02138862, -0.03398762, -0.01053877, -0.01747414, -0.0556858], [0.42929491, -0.12035769, -0.29530723, 0.05867708, 0.06705277, -0.13398768], [-0.02974555, 0.05049439, -0.10771817, 0.15971501, 0.09850894, 0.13746372], [-0.04966127, -0.00932178, 0.05867308, 0.00466628, 0.04395453, -0.00901182], [-0.00623946, 0.05291797, 0.01200897, -0.02318468, -0.04027672, -0.00576952], [0.06726262, -0.03845365, -0.04271081, -0.01718525, 0.0059023, -0.0245518], [-0.00286464, 0.0292606, 0.01601564, -0.01142735, -0.03651786, -0.013151], [-0.02424479, -0.0003231, 0.03995534, 0.01154472, 0.0347141, -0.01571055], [0.0009738, 0.03248574, 0.01459371, -0.01402371, -0.03211868, -0.01556751], [-0.02554357, -0.00134778, 0.04344215, 0.00764888, 0.03355404, -0.01789859], [0.01035291, 0.03257508, 0.00501916, -0.01223507, -0.03822904, -0.01537207], [-0.02813461, 0.00193262, 0.04732414, 0.01544035, 0.02922649, -0.01918953], [-0.00296068, 0.00222968, -0.04537736, 0.02309976, -0.00958101, 0.04833804], [-0.0207955, 0.00890561, 0.02282271, -0.00671914, 0.04619422, -0.00202722], [-0.0137985, 0.00195943, -0.03641789, 0.0213171, -0.00296278, 0.0502164], [-0.02243527, 0.00276496, 0.02963133, -0.00342871, 0.04353209, -0.00719606], [-0.01883117, 0.00334542, 0.02423714, -0.00396398, 0.04219535, -0.00540596], [-0.01265574, 0.0027401, -0.03673966, 0.01796646, 0.00014585, 0.04939539], [-0.01341358, 0.01669282, -0.03921533, 0.019065, -0.01973388, 0.05262891], [-0.02466812, 0.01162205, 0.0421616, -0.02013745, 0.03744711, -0.01749348], [-0.00593113, 0.02216366, -0.01308373, -0.01506346, -0.03970036, 0.01901485], [-0.00487535, 0.00328062, 0.03693431, 0.00968607, -0.00192115, -0.03205896], [-0.02122444, 0.03717139, -0.00380258, -0.03526753, -0.04008592, 0.02502702], [-0.04980177, -0.01700417, 0.07930219, 0.00587695, 0.00205623, -0.02950042], [0.07953028, -0.03051107, -0.04350481, -0.00818293, 0.0084756, -0.03602548]], "number of molecular orbitals": 74, "number of electrons": 78, "number of unpaired electrons": 0, "orbital energies/eV": [-20.01896038, -19.2868248, -18.27470653, -17.28128349, -16.98079222, -16.8452566, -16.72638387, -16.40787108, -16.17270091, -15.92477634, -15.61845423, -15.35617071, -15.28984206, -15.12893354, -14.99889402, -14.91621526, -14.23138016, -14.08188588, -13.9093838, -13.82780013, -13.54449891, -13.47159669, -13.38649742, -13.25417968, -12.98346699, -12.87619825, -12.74290146, -12.66493961, -12.29177589, -12.22162886, -12.1645872, -12.07618922, -12.00991951, -11.77688595, -11.67421909, -11.54310301, -11.44415676, -11.3250587, -11.20278471, -6.393179, -0.14288452, 1.6355311, 2.06840222, 2.70248769, 2.85156227, 2.99318077, 3.10589497, 3.16854458, 3.25560504, 3.55111726, 3.90647884, 3.98364851, 4.08467897, 4.16825717, 4.36343315, 4.52766956, 4.7168578, 4.73500575, 4.7937574, 4.96107615, 5.40758571, 5.50617556, 6.03567928, 6.25441161, 6.39311796, 6.68012564, 6.97028417, 7.20034745, 7.33447713, 7.36886373, 7.41063759, 8.26251757, 8.43278465, 16.26476638], "fractional occupation": [2.0, 2.0, 2.0, 2.0, 2.0, 2.0, 2.0, 2.0, 2.0, 2.0, 2.0, 2.0, 2.0, 2.0, 2.0, 2.0, 2.0, 2.0, 2.0, 2.0, 2.0, 2.0, 2.0, 2.0, 2.0, 2.0, 2.0, 2.0, 2.0, 2.0, 2.0, 2.0, 2.0, 2.0, 2.0, 2.0, 2.0, 2.0, 2.0, 0.0, 0.0, 0.0, 0.0, 0.0, 0.0, 0.0, 0.0, 0.0, 0.0, 0.0, 0.0, 0.0, 0.0, 0.0, 0.0, 0.0, 0.0, 0.0, 0.0, 0.0, 0.0, 0.0, 0.0, 0.0, 0.0, 0.0, 0.0, 0.0, 0.0, 0.0, 0.0, 0.0, 0.0, 0.0], "program call": "xtb /home/svss/Project-DBcg-Debug/aqme2_20220329/End-to-End-workflows-final/example-3/QDESCP/mol_191_rdkit_conf_30/mol_191_rdkit_conf_30.xyz --pop --wbo --acc 0.2 --gfn 2 --chrg 0 --uhf 0 --etemp 300 --input /home/svss/Project-DBcg-Debug/aqme2_20220329/End-to-End-workflows-final/example-3/QDESCP/mol_191_rdkit_conf_30/mol_191_rdkit_conf_30_xtb.inp", "method": "GFN2-xTB", "xtb version": "6.3.3 (7355c4f)", "Dipole module/D": 2.056, "Total charge": 0, "Transition dipole module/D": NaN, "HOMO": -11.2028, "LUMO": -6.3932, "HOMO occupancy": 2.0, "LUMO occupancy": 0, "mulliken charges": [-0.08347, -0.03832, -0.04825, -0.04598, -0.04495, -0.04922, -0.04057, -0.07768, 0.57447, -0.52836, -0.42367, 0.20464, -0.09832, 0.02694, 0.02643, 0.02833, 0.02226, 0.02191, 0.02221, 0.02342, 0.02516, 0.02285, 0.02636, 0.02542, 0.02313, 0.02289, 0.03719, 0.03673, 0.05514, 0.05486, 0.03113, 0.0438, 0.05059, 0.03875, 0.03418], "cm5 charges": [-0.23382, -0.15092, -0.15905, -0.15653, -0.15552, -0.15996, -0.14893, -0.17639, 0.62369, -0.5792, -0.50646, 0.12201, -0.24483, 0.07823, 0.07773, 0.07911, 0.07696, 0.07661, 0.07816, 0.07886, 0.08008, 0.07806, 0.0813, 0.08064, 0.07913, 0.07838, 0.09451, 0.09406, 0.11397, 0.11373, 0.0937, 0.10971, 0.10551, 0.09204, 0.08544], "FUKUI+": [0.003, 0.002, 0.002, 0.005, 0.004, 0.006, 0.015, 0.029, -0.189, -0.28, -0.121, 0.03, 0.019, -0.003, -0.001, -0.01, -0.007, -0.004, 0.004, -0.003, -0.016, -0.008, -0.008, -0.01, -0.017, -0.017, -0.023, -0.022, -0.096, -0.096, -0.067, -0.032, -0.005, -0.032, -0.051], "FUKUI-": [0.016, 0.006, 0.006, 0.009, 0.006, 0.001, 0.006, -0.005, -0.011, -0.089, -0.044, 0.01, 0.01, -0.047, -0.043, -0.043, -0.068, -0.062, -0.059, -0.05, -0.055, -0.036, -0.049, -0.032, -0.038, -0.032, -0.027, -0.032, -0.032, -0.033, -0.055, -0.029, -0.034, -0.03, -0.035], "FUKUIrad": [0.01, 0.004, 0.004, 0.007, 0.005, 0.003, 0.01, 0.012, -0.1, -0.185, -0.082, 0.02, 0.014, -0.025, -0.022, -0.026, -0.038, -0.033, -0.027, -0.027, -0.036, -0.022, -0.028, -0.021, -0.028, -0.025, -0.025, -0.027, -0.064, -0.065, -0.061, -0.03, -0.02, -0.031, -0.043], "s proportion": [1.007, 1.027, 1.032, 1.032, 1.032, 1.033, 1.031, 1.039, 0.991, 1.731, 1.699, 0.993, 1.012, 0.973, 0.974, 0.972, 0.978, 0.978, 0.978, 0.977, 0.975, 0.977, 0.974, 0.975, 0.977, 0.977, 0.963, 0.963, 0.945, 0.945, 0.969, 0.956, 0.949, 0.961, 0.966], "p proportion": [3.076, 3.011, 3.016, 3.014, 3.013, 3.017, 3.01, 3.038, 2.435, 4.798, 4.725, 2.803, 3.086, 0.0, 0.0, 0.0, 0.0, 0.0, 0.0, 0.0, 0.0, 0.0, 0.0, 0.0, 0.0, 0.0, 0.0, 0.0, 0.0, 0.0, 0.0, 0.0, 0.0, 0.0, 0.0], "d proportion": [0.0, 0.0, 0.0, 0.0, 0.0, 0.0, 0.0, 0.0, 0.0, 0.0, 0.0, 0.0, 0.0, 0.0, 0.0, 0.0, 0.0, 0.0, 0.0, 0.0, 0.0, 0.0, 0.0, 0.0, 0.0, 0.0, 0.0, 0.0, 0.0, 0.0, 0.0, 0.0, 0.0, 0.0, 0.0], "Fermi-level/eV": -8.798, "Coordination numbers": [3.75, 3.8, 3.801, 3.8, 3.8, 3.801, 3.802, 3.803, 2.712, 0.856, 1.702, 3.695, 3.748, 0.924, 0.924, 0.924, 0.924, 0.924, 0.924, 0.924, 0.924, 0.924, 0.924, 0.924, 0.924, 0.924, 0.924, 0.924, 0.924, 0.924, 0.924, 0.924, 0.924, 0.924, 0.924], "Dispersion coefficient C6": [22.472, 21.511, 21.635, 21.62, 21.626, 21.649, 21.612, 22.18, 21.022, 21.792, 18.592, 19.39, 22.688, 2.552, 2.561, 2.57, 2.612, 2.614, 2.568, 2.57, 2.595, 2.599, 2.571, 2.553, 2.539, 2.563, 2.366, 2.373, 2.107, 2.1, 2.292, 2.253, 2.235, 2.316, 2.348], "Total dispersion C6": 8887.224568, "Total dispersion C8": 188258.498674, "Polarizability alpha": [6.761, 6.603, 6.622, 6.62, 6.621, 6.625, 6.619, 6.705, 7.505, 6.259, 5.822, 6.3, 6.794, 2.498, 2.503, 2.507, 2.527, 2.529, 2.506, 2.507, 2.519, 2.521, 2.508, 2.499, 2.492, 2.503, 2.406, 2.409, 2.27, 2.266, 2.367, 2.347, 2.338, 2.38, 2.396], "Total polarizability alpha": 139.653456, "Wiberg matrix": [[0.0, 1.0201680893134846, 0.0, 0.0, 0.0, 0.0, 0.0, 0.0, 0.0, 0.0, 0.0, 0.0, 0.0, 0.9877059150875988, 0.9877193039634797, 0.9873854468804564, 0.0, 0.0, 0.0, 0.0, 0.0, 0.0, 0.0, 0.0, 0.0, 0.0, 0.0, 0.0, 0.0, 0.0, 0.0, 0.0, 0.0, 0.0, 0.0], [1.0201680893134846, 0.0, 1.0074691131301206, 0.0, 0.0, 0.0, 0.0, 0.0, 0.0, 0.0, 0.0, 0.0, 0.0, 0.0, 0.0, 0.0, 0.9779987020005381, 0.9782105047703392, 0.0, 0.0, 0.0, 0.0, 0.0, 0.0, 0.0, 0.0, 0.0, 0.0, 0.0, 0.0, 0.0, 0.0, 0.0, 0.0, 0.0], [0.0, 1.0074691131301206, 0.0, 1.0081249118856483, 0.0, 0.0, 0.0, 0.0, 0.0, 0.0, 0.0, 0.0, 0.0, 0.0, 0.0, 0.0, 0.0, 0.0, 0.9754173776615563, 0.9770559476927553, 0.0, 0.0, 0.0, 0.0, 0.0, 0.0, 0.0, 0.0, 0.0, 0.0, 0.0, 0.0, 0.0, 0.0, 0.0], [0.0, 0.0, 1.0081249118856483, 0.0, 1.0062783276797431, 0.0, 0.0, 0.0, 0.0, 0.0, 0.0, 0.0, 0.0, 0.0, 0.0, 0.0, 0.0, 0.0, 0.0, 0.0, 0.9768032801062455, 0.977254029330481, 0.0, 0.0, 0.0, 0.0, 0.0, 0.0, 0.0, 0.0, 0.0, 0.0, 0.0, 0.0, 0.0], [0.0, 0.0, 0.0, 1.0062783276797431, 0.0, 1.0080171113089227, 0.0, 0.0, 0.0, 0.0, 0.0, 0.0, 0.0, 0.0, 0.0, 0.0, 0.0, 0.0, 0.0, 0.0, 0.0, 0.0, 0.976685003914602, 0.977018922612857, 0.0, 0.0, 0.0, 0.0, 0.0, 0.0, 0.0, 0.0, 0.0, 0.0, 0.0], [0.0, 0.0, 0.0, 0.0, 1.0080171113089227, 0.0, 1.0068353664649268, 0.0, 0.0, 0.0, 0.0, 0.0, 0.0, 0.0, 0.0, 0.0, 0.0, 0.0, 0.0, 0.0, 0.0, 0.0, 0.0, 0.0, 0.9751168553474971, 0.9768602406568956, 0.0, 0.0, 0.0, 0.0, 0.0, 0.0, 0.0, 0.0, 0.0], [0.0, 0.0, 0.0, 0.0, 0.0, 1.0068353664649268, 0.0, 1.0066105390185809, 0.0, 0.0, 0.0, 0.0, 0.0, 0.0, 0.0, 0.0, 0.0, 0.0, 0.0, 0.0, 0.0, 0.0, 0.0, 0.0, 0.0, 0.0, 0.9761412075266241, 0.9759628978376136, 0.0, 0.0, 0.0, 0.0, 0.0, 0.0, 0.0], [0.0, 0.0, 0.0, 0.0, 0.0, 0.0, 1.0066105390185809, 0.0, 0.9783053485362991, 0.0, 0.0, 0.0, 0.0, 0.0, 0.0, 0.0, 0.0, 0.0, 0.0, 0.0, 0.0, 0.0, 0.0, 0.0, 0.0, 0.0, 0.0, 0.0, 0.9531140624782897, 0.953080062425932, 0.0, 0.0, 0.0, 0.0, 0.0], [0.0, 0.0, 0.0, 0.0, 0.0, 0.0, 0.0, 0.9783053485362991, 0.0, 1.7610170413595403, 1.1151250453133055, 0.0, 0.0, 0.0, 0.0, 0.0, 0.0, 0.0, 0.0, 0.0, 0.0, 0.0, 0.0, 0.0, 0.0, 0.0, 0.0, 0.0, 0.0, 0.0, 0.0, 0.0, 0.0, 0.0, 0.0], [0.0, 0.0, 0.0, 0.0, 0.0, 0.0, 0.0, 0.0, 1.7610170413595403, 0.0, 0.1697493542145042, 0.0, 0.0, 0.0, 0.0, 0.0, 0.0, 0.0, 0.0, 0.0, 0.0, 0.0, 0.0, 0.0, 0.0, 0.0, 0.0, 0.0, 0.0, 0.0, 0.0, 0.0, 0.0, 0.0, 0.0], [0.0, 0.0, 0.0, 0.0, 0.0, 0.0, 0.0, 0.0, 1.1151250453133055, 0.1697493542145042, 0.0, 0.9421829179940346, 0.0, 0.0, 0.0, 0.0, 0.0, 0.0, 0.0, 0.0, 0.0, 0.0, 0.0, 0.0, 0.0, 0.0, 0.0, 0.0, 0.0, 0.0, 0.0, 0.0, 0.0, 0.0, 0.0], [0.0, 0.0, 0.0, 0.0, 0.0, 0.0, 0.0, 0.0, 0.0, 0.0, 0.9421829179940346, 0.0, 1.0147423619266642, 0.0, 0.0, 0.0, 0.0, 0.0, 0.0, 0.0, 0.0, 0.0, 0.0, 0.0, 0.0, 0.0, 0.0, 0.0, 0.0, 0.0, 0.9716585089289711, 0.96911458080778, 0.0, 0.0, 0.0], [0.0, 0.0, 0.0, 0.0, 0.0, 0.0, 0.0, 0.0, 0.0, 0.0, 0.0, 1.0147423619266642, 0.0, 0.0, 0.0, 0.0, 0.0, 0.0, 0.0, 0.0, 0.0, 0.0, 0.0, 0.0, 0.0, 0.0, 0.0, 0.0, 0.0, 0.0, 0.0, 0.0, 0.9846609567926676, 0.9857914265396831, 0.983771363025557], [0.9877059150875988, 0.0, 0.0, 0.0, 0.0, 0.0, 0.0, 0.0, 0.0, 0.0, 0.0, 0.0, 0.0, 0.0, 0.0, 0.0, 0.0, 0.0, 0.0, 0.0, 0.0, 0.0, 0.0, 0.0, 0.0, 0.0, 0.0, 0.0, 0.0, 0.0, 0.0, 0.0, 0.0, 0.0, 0.0], [0.9877193039634797, 0.0, 0.0, 0.0, 0.0, 0.0, 0.0, 0.0, 0.0, 0.0, 0.0, 0.0, 0.0, 0.0, 0.0, 0.0, 0.0, 0.0, 0.0, 0.0, 0.0, 0.0, 0.0, 0.0, 0.0, 0.0, 0.0, 0.0, 0.0, 0.0, 0.0, 0.0, 0.0, 0.0, 0.0], [0.9873854468804564, 0.0, 0.0, 0.0, 0.0, 0.0, 0.0, 0.0, 0.0, 0.0, 0.0, 0.0, 0.0, 0.0, 0.0, 0.0, 0.0, 0.0, 0.0, 0.0, 0.0, 0.0, 0.0, 0.0, 0.0, 0.0, 0.0, 0.0, 0.0, 0.0, 0.0, 0.0, 0.0, 0.0, 0.0], [0.0, 0.9779987020005381, 0.0, 0.0, 0.0, 0.0, 0.0, 0.0, 0.0, 0.0, 0.0, 0.0, 0.0, 0.0, 0.0, 0.0, 0.0, 0.0, 0.0, 0.0, 0.0, 0.0, 0.0, 0.0, 0.0, 0.0, 0.0, 0.0, 0.0, 0.0, 0.0, 0.0, 0.0, 0.0, 0.0], [0.0, 0.9782105047703392, 0.0, 0.0, 0.0, 0.0, 0.0, 0.0, 0.0, 0.0, 0.0, 0.0, 0.0, 0.0, 0.0, 0.0, 0.0, 0.0, 0.0, 0.0, 0.0, 0.0, 0.0, 0.0, 0.0, 0.0, 0.0, 0.0, 0.0, 0.0, 0.0, 0.0, 0.0, 0.0, 0.0], [0.0, 0.0, 0.9754173776615563, 0.0, 0.0, 0.0, 0.0, 0.0, 0.0, 0.0, 0.0, 0.0, 0.0, 0.0, 0.0, 0.0, 0.0, 0.0, 0.0, 0.0, 0.0, 0.0, 0.0, 0.0, 0.0, 0.0, 0.0, 0.0, 0.0, 0.0, 0.0, 0.0, 0.0, 0.0, 0.0], [0.0, 0.0, 0.9770559476927553, 0.0, 0.0, 0.0, 0.0, 0.0, 0.0, 0.0, 0.0, 0.0, 0.0, 0.0, 0.0, 0.0, 0.0, 0.0, 0.0, 0.0, 0.0, 0.0, 0.0, 0.0, 0.0, 0.0, 0.0, 0.0, 0.0, 0.0, 0.0, 0.0, 0.0, 0.0, 0.0], [0.0, 0.0, 0.0, 0.9768032801062455, 0.0, 0.0, 0.0, 0.0, 0.0, 0.0, 0.0, 0.0, 0.0, 0.0, 0.0, 0.0, 0.0, 0.0, 0.0, 0.0, 0.0, 0.0, 0.0, 0.0, 0.0, 0.0, 0.0, 0.0, 0.0, 0.0, 0.0, 0.0, 0.0, 0.0, 0.0], [0.0, 0.0, 0.0, 0.977254029330481, 0.0, 0.0, 0.0, 0.0, 0.0, 0.0, 0.0, 0.0, 0.0, 0.0, 0.0, 0.0, 0.0, 0.0, 0.0, 0.0, 0.0, 0.0, 0.0, 0.0, 0.0, 0.0, 0.0, 0.0, 0.0, 0.0, 0.0, 0.0, 0.0, 0.0, 0.0], [0.0, 0.0, 0.0, 0.0, 0.976685003914602, 0.0, 0.0, 0.0, 0.0, 0.0, 0.0, 0.0, 0.0, 0.0, 0.0, 0.0, 0.0, 0.0, 0.0, 0.0, 0.0, 0.0, 0.0, 0.0, 0.0, 0.0, 0.0, 0.0, 0.0, 0.0, 0.0, 0.0, 0.0, 0.0, 0.0], [0.0, 0.0, 0.0, 0.0, 0.977018922612857, 0.0, 0.0, 0.0, 0.0, 0.0, 0.0, 0.0, 0.0, 0.0, 0.0, 0.0, 0.0, 0.0, 0.0, 0.0, 0.0, 0.0, 0.0, 0.0, 0.0, 0.0, 0.0, 0.0, 0.0, 0.0, 0.0, 0.0, 0.0, 0.0, 0.0], [0.0, 0.0, 0.0, 0.0, 0.0, 0.9751168553474971, 0.0, 0.0, 0.0, 0.0, 0.0, 0.0, 0.0, 0.0, 0.0, 0.0, 0.0, 0.0, 0.0, 0.0, 0.0, 0.0, 0.0, 0.0, 0.0, 0.0, 0.0, 0.0, 0.0, 0.0, 0.0, 0.0, 0.0, 0.0, 0.0], [0.0, 0.0, 0.0, 0.0, 0.0, 0.9768602406568956, 0.0, 0.0, 0.0, 0.0, 0.0, 0.0, 0.0, 0.0, 0.0, 0.0, 0.0, 0.0, 0.0, 0.0, 0.0, 0.0, 0.0, 0.0, 0.0, 0.0, 0.0, 0.0, 0.0, 0.0, 0.0, 0.0, 0.0, 0.0, 0.0], [0.0, 0.0, 0.0, 0.0, 0.0, 0.0, 0.9761412075266241, 0.0, 0.0, 0.0, 0.0, 0.0, 0.0, 0.0, 0.0, 0.0, 0.0, 0.0, 0.0, 0.0, 0.0, 0.0, 0.0, 0.0, 0.0, 0.0, 0.0, 0.0, 0.0, 0.0, 0.0, 0.0, 0.0, 0.0, 0.0], [0.0, 0.0, 0.0, 0.0, 0.0, 0.0, 0.9759628978376136, 0.0, 0.0, 0.0, 0.0, 0.0, 0.0, 0.0, 0.0, 0.0, 0.0, 0.0, 0.0, 0.0, 0.0, 0.0, 0.0, 0.0, 0.0, 0.0, 0.0, 0.0, 0.0, 0.0, 0.0, 0.0, 0.0, 0.0, 0.0], [0.0, 0.0, 0.0, 0.0, 0.0, 0.0, 0.0, 0.9531140624782897, 0.0, 0.0, 0.0, 0.0, 0.0, 0.0, 0.0, 0.0, 0.0, 0.0, 0.0, 0.0, 0.0, 0.0, 0.0, 0.0, 0.0, 0.0, 0.0, 0.0, 0.0, 0.0, 0.0, 0.0, 0.0, 0.0, 0.0], [0.0, 0.0, 0.0, 0.0, 0.0, 0.0, 0.0, 0.953080062425932, 0.0, 0.0, 0.0, 0.0, 0.0, 0.0, 0.0, 0.0, 0.0, 0.0, 0.0, 0.0, 0.0, 0.0, 0.0, 0.0, 0.0, 0.0, 0.0, 0.0, 0.0, 0.0, 0.0, 0.0, 0.0, 0.0, 0.0], [0.0, 0.0, 0.0, 0.0, 0.0, 0.0, 0.0, 0.0, 0.0, 0.0, 0.0, 0.9716585089289711, 0.0, 0.0, 0.0, 0.0, 0.0, 0.0, 0.0, 0.0, 0.0, 0.0, 0.0, 0.0, 0.0, 0.0, 0.0, 0.0, 0.0, 0.0, 0.0, 0.0, 0.0, 0.0, 0.0], [0.0, 0.0, 0.0, 0.0, 0.0, 0.0, 0.0, 0.0, 0.0, 0.0, 0.0, 0.96911458080778, 0.0, 0.0, 0.0, 0.0, 0.0, 0.0, 0.0, 0.0, 0.0, 0.0, 0.0, 0.0, 0.0, 0.0, 0.0, 0.0, 0.0, 0.0, 0.0, 0.0, 0.0, 0.0, 0.0], [0.0, 0.0, 0.0, 0.0, 0.0, 0.0, 0.0, 0.0, 0.0, 0.0, 0.0, 0.0, 0.9846609567926676, 0.0, 0.0, 0.0, 0.0, 0.0, 0.0, 0.0, 0.0, 0.0, 0.0, 0.0, 0.0, 0.0, 0.0, 0.0, 0.0, 0.0, 0.0, 0.0, 0.0, 0.0, 0.0], [0.0, 0.0, 0.0, 0.0, 0.0, 0.0, 0.0, 0.0, 0.0, 0.0, 0.0, 0.0, 0.9857914265396831, 0.0, 0.0, 0.0, 0.0, 0.0, 0.0, 0.0, 0.0, 0.0, 0.0, 0.0, 0.0, 0.0, 0.0, 0.0, 0.0, 0.0, 0.0, 0.0, 0.0, 0.0, 0.0], [0.0, 0.0, 0.0, 0.0, 0.0, 0.0, 0.0, 0.0, 0.0, 0.0, 0.0, 0.0, 0.983771363025557, 0.0, 0.0, 0.0, 0.0, 0.0, 0.0, 0.0, 0.0, 0.0, 0.0, 0.0, 0.0, 0.0, 0.0, 0.0, 0.0, 0.0, 0.0, 0.0, 0.0, 0.0, 0.0]], "Born radii": [], "Atomic SASAs": [], "Solvent H bonds": [], "Total SASA": NaN, "Total FOD": 0.0, "FOD": [0.0, 0.0, 0.0, 0.0, 0.0, 0.0, 0.0, 0.0, 0.0, 0.0, 0.0, 0.0, 0.0, 0.0, 0.0, 0.0, 0.0, 0.0, 0.0, 0.0, 0.0, 0.0, 0.0, 0.0, 0.0, 0.0, 0.0, 0.0, 0.0, 0.0, 0.0, 0.0, 0.0, 0.0, 0.0], "FOD s proportion": [0.0, 0.0, 0.0, 0.0, 0.0, 0.0, 0.0, 0.0, 0.0, 0.0, 0.0, 0.0, 0.0, 0.0, 0.0, 0.0, 0.0, 0.0, 0.0, 0.0, 0.0, 0.0, 0.0, 0.0, 0.0, 0.0, 0.0, 0.0, 0.0, 0.0, 0.0, 0.0, 0.0, 0.0, 0.0], "FOD p proportion": [0.0, 0.0, 0.0, 0.0, 0.0, 0.0, 0.0, 0.0, 0.0, 0.0, 0.0, 0.0, 0.0, 0.0, 0.0, 0.0, 0.0, 0.0, 0.0, 0.0, 0.0, 0.0, 0.0, 0.0, 0.0, 0.0, 0.0, 0.0, 0.0, 0.0, 0.0, 0.0, 0.0, 0.0, 0.0], "FOD d proportion": [0.0, 0.0, 0.0, 0.0, 0.0, 0.0, 0.0, 0.0, 0.0, 0.0, 0.0, 0.0, 0.0, 0.0, 0.0, 0.0, 0.0, 0.0, 0.0, 0.0, 0.0, 0.0, 0.0, 0.0, 0.0, 0.0, 0.0, 0.0, 0.0, 0.0, 0.0, 0.0, 0.0, 0.0, 0.0], "coordinates": [["-5.62810", "0.40920", "-1.42550"], ["-4.97310", "0.23040", "-0.06510"], ["-3.52000", "-0.22740", "-0.19860"], ["-2.86620", "-0.40160", "1.17400"], ["-1.44550", "-0.96910", "1.10440"], ["-0.44520", "-0.02510", "0.43380"], ["0.97550", "-0.58980", "0.49480"], ["1.97630", "0.34830", "-0.17740"], ["3.38480", "-0.19610", "-0.12390"], ["3.71730", "-1.25610", "0.38580"], ["4.22970", "0.68460", "-0.73280"], ["5.61260", "0.30200", "-0.76590"], ["6.30960", "0.74740", "0.50590"], ["-5.63010", "-0.53080", "-1.98650"], ["-5.10070", "1.16280", "-2.01890"], ["-6.66590", "0.73600", "-1.30640"], ["-5.54390", "-0.50450", "0.51430"], ["-5.01550", "1.17930", "0.48220"], ["-2.96540", "0.51090", "-0.78840"], ["-3.48320", "-1.17650", "-0.74690"], ["-3.47710", "-1.08500", "1.77700"], ["-2.85290", "0.55920", "1.70280"], ["-1.11070", "-1.17610", "2.12850"], ["-1.45900", "-1.93050", "0.57680"], ["-0.72200", "0.13300", "-0.61450"], ["-0.47280", "0.95270", "0.92950"], ["1.00400", "-1.57180", "0.00610"], ["1.26560", "-0.74980", "1.54080"], ["1.70390", "0.48770", "-1.22960"], ["1.96700", "1.32130", "0.32660"], ["6.06290", "0.80530", "-1.62770"], ["5.72430", "-0.77610", "-0.92880"], ["5.87700", "0.25720", "1.38380"], ["6.19000", "1.82600", "0.65220"], ["7.37700", "0.51290", "0.46570"]], "bond_dist": [[0.0, 1.5204218493562898, 2.5208389040158834, 3.8785162755878693, 5.078803762698456, 5.52341066642704, 6.949322704407963, 7.7063844817138465, 9.126495332820808, 9.663877738258075, 9.885944532011091, 11.260546189683696, 12.097659545961774, 1.0946803186318825, 1.0946174126150197, 1.094537294933343, 2.1458707719711363, 2.1465442133811266, 2.73974644629754, 2.752369608174018, 4.1370812041824845, 4.184554448205926, 5.962465500948412, 5.183126102073921, 4.980343828492166, 5.6937277191660645, 7.068139074042048, 7.593768259566525, 7.335036677481579, 7.847759223498132, 11.699455587761337, 11.424912811045868, 11.844095427680408, 12.082700324844609, 13.142298776850266], [1.5204218493562898, 0.0, 1.5293471482956376, 2.524642632136279, 3.9051878648792298, 4.5624620403900344, 6.030925137157649, 6.951307219509148, 8.368981544967104, 8.82813939740419, 9.238162629549233, 10.609113614718243, 11.308963227900247, 2.1686060960902975, 2.1686368898457853, 2.1591731959247733, 1.0961728923851384, 1.0962418802435894, 2.152371350394722, 2.1596344273973775, 2.7132315732351335, 2.780076957567901, 4.65921205462898, 4.1749758358582145, 4.287560883532734, 4.66515235978419, 6.243293897455093, 6.516217042118839, 6.782668541215912, 7.036226240677597, 11.160892651127865, 10.77930362778598, 10.946446887460787, 11.299347780292454, 12.364729066987273], [2.5208389040158834, 1.5293471482956376, 0.0, 1.530304165844163, 2.559585540668645, 3.145671643703456, 4.563075450833571, 5.52640874528839, 6.905274999592702, 7.333366098866195, 7.821442560678944, 9.16550470023337, 9.902908231928638, 2.7822940139388574, 2.782941001889907, 3.471605854644216, 2.1636039448106024, 2.16305658270883, 1.0956879528405887, 1.0967123323825625, 2.154138697948672, 2.163119028162806, 3.481400952203006, 2.783795209781064, 2.851607436166486, 3.4569746108411037, 4.723969670732444, 5.118630820834807, 5.37247244944076, 5.725510957984448, 9.743755359716294, 9.28931354945025, 9.541616001495763, 9.961145124934182, 10.942300835747481], [3.8785162755878693, 2.524642632136279, 1.530304165844163, 0.0, 1.5314336094000287, 2.559470509695316, 3.9058149943385696, 5.083152390003668, 6.387626762734341, 6.685349784416669, 7.427483658009622, 8.726300155850703, 9.271562125661456, 4.200547119126268, 4.199398530742229, 4.678059214033102, 2.7596865383590212, 2.7563240992307128, 2.166451164923872, 2.161253298435887, 1.097197962994828, 1.0967875683102906, 2.1430587369458634, 2.162034895648079, 2.84290749937454, 2.7608463014083204, 4.208539709923146, 4.162638192300647, 5.239652799566017, 5.200605100370532, 9.435833683888244, 8.852045432553993, 8.770494838947231, 9.340729920086545, 10.308304680208089], [5.078803762698456, 3.9051878648792298, 2.559585540668645, 1.5314336094000287, 0.0, 1.5301766074541854, 2.525217149078471, 3.884233417290985, 5.043614574885753, 5.22046538155364, 6.190147217150817, 7.411510838553769, 7.965309191111164, 5.22078986935885, 5.259323867190535, 5.997657776999285, 4.166647780890533, 4.212796624571379, 2.8430947662714305, 2.7608961842126556, 2.143180377383108, 2.1620726652913405, 1.0971421284409781, 1.096737876614098, 2.166262650280432, 2.1610299720272277, 2.7512834150628684, 2.7547414869638858, 4.181930487227161, 4.182829335509638, 8.184676922762437, 7.455010615686607, 7.429729624959443, 8.143582080386985, 8.968877741389944], [5.52341066642704, 4.5624620403900344, 3.145671643703456, 2.559470509695316, 1.5301766074541854, 0.0, 1.5300312349752865, 2.5252040016600636, 3.8741670446690857, 4.34097584075286, 4.870248418715415, 6.184109906849974, 6.799211549878412, 5.744281729685619, 5.394490147363326, 6.5042046200899915, 5.121820604043058, 4.726580583254664, 2.8517497926711592, 3.4567641588630256, 3.481377868028692, 2.783664272142027, 2.153996132772759, 2.1630507622337487, 1.0956946381177557, 1.096618935638082, 2.1622647432726643, 2.1627472644763652, 2.765591114029693, 2.7645964696497747, 6.877115094281904, 6.362657464456184, 6.399406701405998, 6.892035171848733, 7.840744508654774], [6.949322704407963, 6.030925137157649, 4.563075450833571, 3.9058149943385696, 2.525217149078471, 1.5300312349752865, 0.0, 1.5275749048737348, 2.518435202660573, 2.82370393809266, 3.704175314425601, 4.887470525742329, 5.499168106177515, 7.056506362924928, 6.805181914541301, 7.961975950729819, 6.519987170232776, 6.246755523469764, 4.2882205563613445, 4.665409035658074, 4.659925604556365, 4.175657021356041, 2.713844840811648, 2.7804659213879965, 2.1527871655135815, 2.160056302506951, 1.0972529061251104, 1.0972119257463435, 2.159890777331113, 2.1595524304818343, 5.686206909707032, 4.961093235366576, 5.052962720028715, 5.7490759822775, 6.495844544783996], [7.7063844817138465, 6.951307219509148, 5.52640874528839, 5.083152390003668, 3.884233417290985, 2.5252040016600636, 1.5275749048737348, 0.0, 1.5109949900644937, 2.433592940489432, 2.3450753527338946, 3.6839046716765074, 4.4049595446496435, 7.867844722667066, 7.357884308685479, 8.724252009771382, 7.599942418860817, 7.071838544537057, 4.981983405231294, 5.696971611303677, 5.967713113915582, 5.186598450815332, 4.143734929987679, 4.190827265588502, 2.7419397130498693, 2.7547445943317506, 2.1600517470653338, 2.1594280122291645, 1.0957914765136658, 1.0958245708141425, 4.360334694722413, 3.9845177023072695, 4.202511765599235, 4.5417068531555405, 5.441344618750038], [9.126495332820808, 8.368981544967104, 6.905274999592702, 6.387626762734341, 5.043614574885753, 3.8741670446690857, 2.518435202660573, 1.5109949900644937, 0.0, 1.222272612799616, 1.3639089815673189, 2.3713625724464826, 3.1370838895381805, 9.211391038274295, 8.800076389441173, 10.16285821754884, 8.956790356483733, 8.53370508395972, 6.423896737183747, 6.965539258377632, 7.175600018813758, 6.543409835093627, 5.122814266592143, 5.192448583279376, 4.149072355358483, 4.160585386697405, 2.7527548256246868, 2.751148563782043, 2.1249893505615502, 2.124996435291127, 3.2305473235970403, 2.5411659253185346, 2.9478298831513325, 3.544060758508522, 4.097312533844593], [9.663877738258075, 8.82813939740419, 7.333366098866195, 6.685349784416669, 5.22046538155364, 4.34097584075286, 2.82370393809266, 2.433592940489432, 1.222272612799616, 0.0, 2.2978546973209597, 2.7103967587790536, 3.2784837272739358, 9.67097482883706, 9.454669920203454, 10.70713993043894, 9.292536803801209, 9.06654630826976, 7.01138459435795, 7.289481854014042, 7.3296728446773125, 6.942429771340867, 5.133516074777598, 5.223540757953363, 4.7578969503342545, 4.767740045346432, 2.7578679210578594, 2.75702694582407, 3.1151460896722, 3.1160945893858867, 3.7155607342634034, 2.4467574787869766, 2.8196427043155663, 3.960373045560229, 4.065605625242075], [9.885944532011091, 9.238162629549233, 7.821442560678944, 7.427483658009622, 6.190147217150817, 4.870248418715415, 3.704175314425601, 2.3450753527338946, 1.3639089815673189, 2.2978546973209597, 0.0, 1.4352319603464794, 2.4216328251822152, 10.013222103299217, 9.430752494366503, 10.910809240381761, 9.924337468063044, 9.3378089576731, 7.197411135957151, 7.934274915201767, 8.296104292979928, 7.490733961368539, 6.33791088135515, 6.396491840063583, 4.9837325710756195, 4.99485987290935, 4.0053033168537935, 4.00158082887251, 2.581713673124888, 2.578279763718437, 2.0435353532542564, 2.0990211170924415, 2.71592776229413, 2.6577800981270068, 3.3721477473562746], [11.260546189683696, 10.609113614718243, 9.16550470023337, 8.726300155850703, 7.411510838553769, 6.184109906849974, 4.887470525742329, 3.6839046716765074, 2.3713625724464826, 2.7103967587790536, 1.4352319603464794, 0.0, 1.5171240555735712, 11.339388144428252, 10.820618398686833, 12.298051004122563, 11.258634310608013, 10.73703490308195, 8.580572793234726, 9.215199449279435, 9.540060560604426, 8.82186611664448, 7.467602952755322, 7.5362076736247126, 6.338662328914516, 6.350581454481157, 5.0345113367634795, 5.032251695811727, 3.94048700924137, 3.939914732579881, 1.0948882226053946, 1.096044209874766, 2.1663620403801396, 2.1603181177780275, 2.1620417965432583], [12.097659545961774, 11.308963227900247, 9.902908231928638, 9.271562125661456, 7.965309191111164, 6.799211549878412, 5.499168106177515, 4.4049595446496435, 3.1370838895381805, 3.2784837272739358, 2.4216328251822152, 1.5171240555735712, 0.0, 12.2638611004039, 11.6936785610859, 13.101456464836266, 11.91942894689171, 11.333357371494115, 9.367858332617972, 10.05832147477898, 10.03757350458765, 9.242261362891659, 7.835402676314727, 8.217500908427088, 7.146760250631051, 6.798715673566589, 5.811874055758607, 5.362328025214421, 4.928679014705664, 4.384026056035706, 2.148595415614582, 2.1730145949808986, 1.0945991092632954, 1.095027766771236, 1.0935945546682282], [1.0946803186318825, 2.1686060960902975, 2.7822940139388574, 4.200547119126268, 5.22078986935885, 5.744281729685619, 7.056506362924928, 7.867844722667066, 9.211391038274295, 9.67097482883706, 10.013222103299217, 11.339388144428252, 12.2638611004039, 0.0, 1.7747098579767904, 1.7720609159958356, 2.5024233794464115, 3.065396362625884, 3.101807310262841, 2.561779900772117, 4.371095845437388, 4.744667989438249, 6.1461055514854275, 5.091929122641044, 5.1393054054025615, 6.107501251739535, 7.004671196423142, 7.748579533049912, 7.44296955925523, 8.154546856202371, 11.774555178434555, 11.406195717240697, 12.016372851239263, 12.338233582648694, 13.277320698845832], [1.0946174126150197, 2.1686368898457853, 2.782941001889907, 4.199398530742229, 5.259323867190535, 5.394490147363326, 6.805181914541301, 7.357884308685479, 8.800076389441173, 9.454669920203454, 9.430752494366503, 10.820618398686833, 11.6936785610859, 1.7747098579767904, 0.0, 1.7719101359831995, 3.064868312016032, 2.5026051426463587, 2.549237130986445, 3.11554405200761, 4.700801911376398, 4.389531716481839, 6.212204115287906, 5.437659631679791, 4.712307406144043, 5.4913261585886515, 6.9889930784055005, 7.54050916981075, 6.883410176649361, 7.44841431379861, 11.176171466562241, 11.051166283248115, 11.528589503490874, 11.621295794359595, 12.73925447033695], [1.094537294933343, 2.1591731959247733, 3.471605854644216, 4.678059214033102, 5.997657776999285, 6.5042046200899915, 7.961975950729819, 8.724252009771382, 10.16285821754884, 10.70713993043894, 10.910809240381761, 12.298051004122563, 13.101456464836266, 1.7720609159958356, 1.7719101359831995, 0.0, 2.4723819971840917, 2.473747159674973, 3.7433533442623337, 3.755033393992655, 4.794980917584553, 4.860608180053191, 6.80550596649507, 6.145605918052343, 6.014339682791452, 6.587920408596326, 8.1164008710758, 8.55703463414751, 8.37383443650518, 8.805465774165498, 12.733043062049228, 12.487837451296361, 12.837085568383502, 13.049842097512139, 14.15602883685958], [2.1458707719711363, 1.0961728923851384, 2.1636039448106024, 2.7596865383590212, 4.166647780890533, 5.121820604043058, 6.519987170232776, 7.599942418860817, 8.956790356483733, 9.292536803801209, 9.924337468063044, 11.258634310608013, 11.91942894689171, 2.5024233794464115, 3.064868312016032, 2.4723819971840917, 0.0, 1.7650550727951804, 3.0621441344260725, 2.5077268451727353, 2.49059305788802, 3.1281737387811437, 4.765495823101725, 4.327099520464025, 4.993126805920314, 5.292624877128549, 6.653750141085853, 6.890802898791984, 7.520389144851481, 7.731907639127616, 11.875249314435466, 11.363478138756637, 11.479249711980309, 11.96388966306527, 12.960984589528683], [2.1465442133811266, 1.0962418802435894, 2.16305658270883, 2.7563240992307128, 4.212796624571379, 4.726580583254664, 6.246755523469764, 7.071838544537057, 8.53370508395972, 9.06654630826976, 9.3378089576731, 10.73703490308195, 11.333357371494115, 3.065396362625884, 2.5026051426463587, 2.473747159674973, 1.7650550727951804, 0.0, 2.502816998903436, 3.067315396238216, 3.028239767587765, 2.559536506869945, 4.848265245425419, 4.725303953186504, 4.553200723666814, 4.570289721669733, 6.635480590733425, 6.655394652460513, 6.968422071028706, 6.985676889894064, 11.283727246349054, 11.007171035284227, 10.968578176773871, 11.225433227274571, 12.410415684416055], [2.73974644629754, 2.152371350394722, 1.0956879528405887, 2.166451164923872, 2.8430947662714305, 2.8517497926711592, 4.2882205563613445, 4.981983405231294, 6.423896737183747, 7.01138459435795, 7.197411135957151, 8.580572793234726, 9.367858332617972, 3.101807310262841, 2.549237130986445, 3.7433533442623337, 3.0621441344260725, 2.502816998903436, 0.0, 1.7655474646692455, 3.0643124612219292, 2.494206603310961, 3.846321190436389, 3.177018407249162, 2.281642649496191, 3.059317311100632, 4.552472504035582, 4.991582727953129, 4.690155452647598, 5.121380958296307, 9.07200621362221, 8.785611375994273, 9.108833860050362, 9.360884868964044, 10.41815763798955], [2.752369608174018, 2.1596344273973775, 1.0967123323825625, 2.161253298435887, 2.7608961842126556, 3.4567641588630256, 4.665409035658074, 5.696971611303677, 6.965539258377632, 7.289481854014042, 7.934274915201767, 9.215199449279435, 10.05832147477898, 2.561779900772117, 3.11554405200761, 3.755033393992655, 2.5077268451727353, 3.067315396238216, 1.7655474646692455, 0.0, 2.525565415901952, 3.06772923674825, 3.7278253137720925, 2.5333936389751988, 3.058847078557541, 4.050471300972271, 4.56708166447678, 5.288359445045316, 5.4688725839975465, 6.0906557224981945, 9.789349574409936, 9.217996746582198, 9.706117772827609, 10.224641084165254, 11.057504924710637], [4.1370812041824845, 2.7132315732351335, 2.154138697948672, 1.097197962994828, 2.143180377383108, 3.481377868028692, 4.659925604556365, 5.967713113915582, 7.175600018813758, 7.3296728446773125, 8.296104292979928, 9.540060560604426, 10.03757350458765, 4.371095845437388, 4.700801911376398, 4.794980917584553, 2.49059305788802, 3.028239767587765, 3.0643124612219292, 2.525565415901952, 0.0, 1.7602627417519239, 2.3940969946934065, 2.49561172861485, 3.846215316385706, 3.7277736022993673, 4.842862610068552, 4.760394182208024, 6.193205135469032, 6.12635002754495, 10.304213515839042, 9.595964506499595, 9.458080877746816, 10.158342308172138, 11.04917548552832], [4.184554448205926, 2.780076957567901, 2.163119028162806, 1.0967875683102906, 2.1620726652913405, 2.783664272142027, 4.175657021356041, 5.186598450815332, 6.543409835093627, 6.942429771340867, 7.490733961368539, 8.82186611664448, 9.242261362891659, 4.744667989438249, 4.389531716481839, 4.860608180053191, 3.1281737387811437, 2.559536506869945, 2.494206603310961, 3.06772923674825, 1.7602627417519239, 0.0, 2.495545515513592, 3.0674809371860814, 3.176831840057009, 2.5333201830799044, 4.721824806152807, 4.324553994344388, 5.419271929881356, 5.070124146409041, 9.520729231524232, 9.070650720317701, 8.740944972369979, 9.191440747238705, 10.304533667760031], [5.962465500948412, 4.65921205462898, 3.481400952203006, 2.1430587369458634, 1.0971421284409781, 2.153996132772759, 2.713844840811648, 4.143734929987679, 5.122814266592143, 5.133516074777598, 6.33791088135515, 7.467602952755322, 7.835402676314727, 6.1461055514854275, 6.212204115287906, 6.80550596649507, 4.765495823101725, 4.848265245425419, 3.846321190436389, 3.7278253137720925, 2.3940969946934065, 2.495545515513592, 0.0, 1.7601719063773287, 3.0641278530766303, 2.5251350161922033, 3.022104620955403, 2.484738350410361, 4.686900810770375, 4.35385893891844, 8.336397384961924, 7.49828702371415, 7.1719507994687195, 8.030708971815628, 8.812416021160145], [5.183126102073921, 4.1749758358582145, 2.783795209781064, 2.162034895648079, 1.096737876614098, 2.1630507622337487, 2.7804659213879965, 4.190827265588502, 5.192448583279376, 5.223540757953363, 6.396491840063583, 7.5362076736247126, 8.217500908427088, 5.091929122641044, 5.437659631679791, 6.145605918052343, 4.327099520464025, 4.725303953186504, 3.177018407249162, 2.5333936389751988, 2.49561172861485, 3.0674809371860814, 1.7601719063773287, 0.0, 2.494072360618272, 3.0675446158124577, 2.553572630649068, 3.121985530075372, 4.3720371235843825, 4.730145799021422, 8.302011894715642, 7.429621094645406, 7.6976734335771875, 8.52198207050449, 9.168284614364893], [4.980343828492166, 4.287560883532734, 2.851607436166486, 2.84290749937454, 2.166262650280432, 1.0956946381177557, 2.1527871655135815, 2.7419397130498693, 4.149072355358483, 4.7578969503342545, 4.9837325710756195, 6.338662328914516, 7.146760250631051, 5.1393054054025615, 4.712307406144043, 6.014339682791452, 4.993126805920314, 4.553200723666814, 2.281642649496191, 3.058847078557541, 3.846215316385706, 3.176831840057009, 3.0641278530766303, 2.494072360618272, 0.0, 1.765770293667894, 2.504109302726221, 3.061896093926115, 2.5276769789670515, 3.0868182810136395, 6.892998588422894, 6.517670672103647, 6.89604448434028, 7.228175557497203, 8.179545039303838], [5.6937277191660645, 4.66515235978419, 3.4569746108411037, 2.7608463014083204, 2.1610299720272277, 1.096618935638082, 2.160056302506951, 2.7547445943317506, 4.160585386697405, 4.767740045346432, 4.99485987290935, 6.350581454481157, 6.798715673566589, 6.107501251739535, 5.4913261585886515, 6.587920408596326, 5.292624877128549, 4.570289721669733, 3.059317311100632, 4.050471300972271, 3.7277736022993673, 2.5333201830799044, 2.5251350161922033, 3.0675446158124577, 1.765770293667894, 0.0, 3.0670353845366702, 2.5088301058461493, 3.100961254191996, 2.540074489065232, 7.019713177188937, 6.696721342567571, 6.403910428792708, 6.7255075659759695, 7.875778978615385], [7.068139074042048, 6.243293897455093, 4.723969670732444, 4.208539709923146, 2.7512834150628684, 2.1622647432726643, 1.0972529061251104, 2.1600517470653338, 2.7527548256246868, 2.7578679210578594, 4.0053033168537935, 5.0345113367634795, 5.811874055758607, 7.004671196423142, 6.9889930784055005, 8.1164008710758, 6.653750141085853, 6.635480590733425, 4.552472504035582, 4.56708166447678, 4.842862610068552, 4.721824806152807, 3.022104620955403, 2.553572630649068, 2.504109302726221, 3.0670353845366702, 0.0, 1.7605177221488002, 2.5016703919581413, 3.065961001056602, 5.823433356706333, 4.877336218675108, 5.384183066167048, 6.233545223225705, 6.721036768981404], [7.593768259566525, 6.516217042118839, 5.118630820834807, 4.162638192300647, 2.7547414869638858, 2.1627472644763652, 1.0972119257463435, 2.1594280122291645, 2.751148563782043, 2.75702694582407, 4.00158082887251, 5.032251695811727, 5.362328025214421, 7.748579533049912, 7.54050916981075, 8.55703463414751, 6.890802898791984, 6.655394652460513, 4.991582727953129, 5.288359445045316, 4.760394182208024, 4.324553994344388, 2.484738350410361, 3.121985530075372, 3.061896093926115, 2.5088301058461493, 1.7605177221488002, 0.0, 3.065718398679174, 2.5011395023068985, 5.955821987769615, 5.097020849476682, 4.722680167023805, 5.6279721889860115, 6.33241354145479], [7.335036677481579, 6.782668541215912, 5.37247244944076, 5.239652799566017, 4.181930487227161, 2.765591114029693, 2.159890777331113, 1.0957914765136658, 2.1249893505615502, 3.1151460896722, 2.581713673124888, 3.94048700924137, 4.928679014705664, 7.44296955925523, 6.883410176649361, 8.37383443650518, 7.520389144851481, 6.968422071028706, 4.690155452647598, 5.4688725839975465, 6.193205135469032, 5.419271929881356, 4.686900810770375, 4.3720371235843825, 2.5276769789670515, 3.100961254191996, 2.5016703919581413, 3.065718398679174, 0.0, 1.7849002801277163, 4.388648353422726, 4.22507837087077, 4.92927514143814, 5.045523891529997, 5.921042200491397], [7.847759223498132, 7.036226240677597, 5.725510957984448, 5.200605100370532, 4.182829335509638, 2.7645964696497747, 2.1595524304818343, 1.0958245708141425, 2.124996435291127, 3.1160945893858867, 2.578279763718437, 3.939914732579881, 4.384026056035706, 8.154546856202371, 7.44841431379861, 8.805465774165498, 7.731907639127616, 6.985676889894064, 5.121380958296307, 6.0906557224981945, 6.12635002754495, 5.070124146409041, 4.35385893891844, 4.730145799021422, 3.0868182810136395, 2.540074489065232, 3.065961001056602, 2.5011395023068985, 1.7849002801277163, 0.0, 4.567487416512496, 4.48245682745523, 4.187849167532183, 4.265497210173746, 5.4718332732275385], [11.699455587761337, 11.160892651127865, 9.743755359716294, 9.435833683888244, 8.184676922762437, 6.877115094281904, 5.686206909707032, 4.360334694722413, 3.2305473235970403, 3.7155607342634034, 2.0435353532542564, 1.0948882226053946, 2.148595415614582, 11.774555178434555, 11.176171466562241, 12.733043062049228, 11.875249314435466, 11.283727246349054, 9.07200621362221, 9.789349574409936, 10.304213515839042, 9.520729231524232, 8.336397384961924, 8.302011894715642, 6.892998588422894, 7.019713177188937, 5.823433356706333, 5.955821987769615, 4.388648353422726, 4.567487416512496, 0.0, 1.7617994011805087, 3.0666112681590407, 2.5011851011070734, 2.488911434744113], [11.424912811045868, 10.77930362778598, 9.28931354945025, 8.852045432553993, 7.455010615686607, 6.362657464456184, 4.961093235366576, 3.9845177023072695, 2.5411