{"total energy": -46.74658866, "HOMO-LUMO gap/eV": 3.73174568, "electronic energy": -47.4132152, "dipole": [-2.01365304, 0.67912402, -0.6771915], "partial charges": [-0.10227214, 0.06490623, -0.02854476, -0.10142532, -0.13758224, -0.04278937, 0.31527557, -0.46410954, -0.18407394, 0.07996301, -0.05547703, -0.04072723, 0.09206025, -0.18186, -0.03963035, -0.04256832, 0.03565854, 0.0555961, 0.04529768, 0.08409363, 0.08088651, 0.04549209, 0.06121442, 0.05016247, 0.17741483, 0.03693667, 0.05453958, 0.05970352, 0.08185913], "atomic dipole moments": [[0.04553245, 0.07040977, -0.09000689], [-0.0317937, -0.13386784, -0.08704449], [0.25632702, -0.34137913, 0.08781743], [-0.18942724, 0.25935766, -0.05640113], [-0.04909299, -0.02250287, 0.01952446], [0.12183841, 0.02056001, 0.08276606], [-0.00985575, -0.01568695, -0.04805538], [-0.13556475, 0.00537593, -0.15891743], [0.04574106, 0.01830788, 0.02683507], [-0.11443386, 0.0979871, 0.04977834], [-0.00309995, 0.00264896, 0.03188057], [0.01754385, -0.00993642, 0.02651121], [0.18378893, -0.14431087, -0.08036984], [-0.00068864, 0.00863434, 0.01416484], [9.466e-05, 0.00082321, -0.03233148], [-0.01231545, 0.01083413, -0.05175822], [-0.11446104, -0.04889291, -0.02319782], [0.07472625, -0.10468522, 0.03153326], [-0.0156705, 0.0678263, 0.10972556], [0.11712699, 0.04400517, 0.04677616], [-0.12395648, 0.17123911, -0.03911688], [-0.00945862, 0.09892554, -0.07478533], [-0.10736109, -0.01906307, 0.06965784], [0.01328495, -0.10880389, -0.06998076], [-0.06853097, 0.06134472, -0.09591877], [-0.08821674, 0.05724987, -0.10782403], [0.01629159, -0.0247278, -0.15168278], [0.0944519, -0.06291275, 0.1061523], [-0.0095047, 0.01682968, 0.1569061]], "atomic quadrupole moments": [[-0.07039896, 0.08918831, -0.0135644, -0.11064875, -0.13874066, 0.08396336], [-0.15306292, -0.04358778, 0.00031193, -0.11502281, 0.06410842, 0.15275099], [-0.00403981, 0.67014353, -0.44205887, -0.15088715, 0.20047805, 0.44609868], [-0.02224961, 0.7874337, -0.51614142, -0.18138899, 0.25614677, 0.53839103], [0.00197066, -0.01456331, -0.06622896, 0.05718121, 0.04867606, 0.0642583], [0.13784423, 0.0264917, -0.15726603, 0.21238582, 0.07350834, 0.01942181], [-0.16089967, 0.23547819, 0.29118518, -0.09675668, -0.1486568, -0.13028551], [-0.03209844, 0.06664828, 0.08473682, 0.00559283, -0.0641345, -0.05263838], [0.01430778, -8.071e-05, -0.0272736, -0.021588, 0.04836923, 0.01296582], [0.0972683, 0.20727154, 0.22576609, -0.11826977, 0.0333023, -0.3230344], [0.02262573, 0.32073222, 0.21035624, -0.04622698, -0.03023045, -0.23298197], [0.02781348, 0.35782834, 0.2331188, -0.02267714, -0.0477751, -0.26093228], [0.16968764, 0.05323695, 0.22782812, -0.18637822, 0.08641369, -0.39751576], [0.15013105, -0.28818662, 0.01587163, -0.162502, 0.12707347, -0.16600268], [0.01595421, 0.37460528, 0.23013855, -0.0451788, -0.02485838, -0.24609276], [0.03832718, 0.35494865, 0.24598124, -0.03295641, -0.02119865, -0.28430842], [0.05383331, 0.03708924, -0.03179089, 0.04277934, 0.0055214, -0.02204241], [0.02095085, -0.05464044, 0.01979405, 0.00098233, -0.01552083, -0.0407449], [-0.04570744, 0.00254709, 0.00947732, -0.01132285, 0.05817094, 0.03623012], [0.01563237, 0.01452651, -0.01423755, -0.00112414, 0.007825, -0.00139482], [0.00080045, 0.0278416, -0.01895065, -0.00666533, 0.00933817, 0.0181502], [-0.02403282, 0.00263332, 0.02579937, 0.0273928, -0.05318687, -0.00176654], [0.03373158, 0.00824566, -0.05158617, -0.03930283, -0.00105706, 0.01785459], [-0.01562272, -0.03475543, 0.03241291, -0.00491665, 0.04936004, -0.01679018], [-0.00116844, -0.04666108, -0.03588581, 0.01398411, 0.0061458, 0.03705425], [0.00261765, -0.05147913, -0.02679918, 0.00352696, 0.00513428, 0.02418152], [0.00090134, -0.04744195, -0.02635385, 0.00224367, 0.00620419, 0.02545251], [-0.00030352, -0.04724495, -0.02582737, -0.00204701, 0.00802003, 0.02613089], [0.00462719, -0.05083048, -0.01969633, -0.00569778, 0.01000042, 0.01506914]], "number of molecular orbitals": 82, "number of electrons": 84, "number of unpaired electrons": 0, "orbital energies/eV": [-28.59108462, -19.02441865, -18.27891081, -18.20540099, -17.95661815, -17.63561184, -17.33881521, -17.08408973, -16.98197769, -16.72023015, -16.44590382, -16.28249431, -15.97913439, -15.56143611, -15.48700712, -15.16445077, -15.00526162, -14.7575686, -14.39371867, -14.23855976, -14.10887545, -13.94302081, -13.64130275, -13.60683177, -13.55238777, -13.46646505, -13.42791437, -13.37131073, -13.19813861, -12.73297788, -12.70168335, -12.41890823, -12.32906296, -12.05207427, -11.60947135, -11.49827296, -11.43821543, -11.27378433, -11.24311988, -10.94021424, -10.58865652, -10.24333288, -6.5115872, -6.42878342, -5.15205897, -4.71329011, -4.46279816, -3.53002445, -2.88779621, -1.00031858, 0.26838242, 0.54939875, 0.58024079, 0.70530443, 0.70878115, 1.08073223, 2.27684153, 2.52132077, 3.21841063, 3.36462567, 3.6341055, 3.87230926, 4.01208583, 4.51589913, 4.7327432, 4.82847196, 5.05000171, 5.10433922, 5.55441367, 5.87160214, 6.27321426, 7.33970922, 7.85239759, 9.233661, 9.98130803, 10.47126108, 11.16006097, 12.17177189, 16.13497916, 16.22677055, 17.19547533, 37.25145517], "fractional occupation": [2.0, 2.0, 2.0, 2.0, 2.0, 2.0, 2.0, 2.0, 2.0, 2.0, 2.0, 2.0, 2.0, 2.0, 2.0, 2.0, 2.0, 2.0, 2.0, 2.0, 2.0, 2.0, 2.0, 2.0, 2.0, 2.0, 2.0, 2.0, 2.0, 2.0, 2.0, 2.0, 2.0, 2.0, 2.0, 2.0, 2.0, 2.0, 2.0, 2.0, 2.0, 2.0, 0.0, 0.0, 0.0, 0.0, 0.0, 0.0, 0.0, 0.0, 0.0, 0.0, 0.0, 0.0, 0.0, 0.0, 0.0, 0.0, 0.0, 0.0, 0.0, 0.0, 0.0, 0.0, 0.0, 0.0, 0.0, 0.0, 0.0, 0.0, 0.0, 0.0, 0.0, 0.0, 0.0, 0.0, 0.0, 0.0, 0.0, 0.0, 0.0, 0.0], "program call": "xtb /home/svss/Project-DBcg-Debug/aqme2_20220329/End-to-End-workflows-final/example-3/QDESCP/mol_906_rdkit_conf_1/mol_906_rdkit_conf_1.xyz --pop --wbo --acc 0.2 --gfn 2 --chrg 0 --uhf 0 --etemp 300 --input /home/svss/Project-DBcg-Debug/aqme2_20220329/End-to-End-workflows-final/example-3/QDESCP/mol_906_rdkit_conf_1/mol_906_rdkit_conf_1_xtb.inp", "method": "GFN2-xTB", "xtb version": "6.3.3 (7355c4f)", "Dipole module/D": 5.669, "Total charge": 0, "Transition dipole module/D": NaN, "HOMO": -10.2433, "LUMO": -6.5116, "HOMO occupancy": 2.0, "LUMO occupancy": 0, "mulliken charges": [-0.09285, 0.15096, -0.04324, -0.08749, -0.31259, 0.05776, 0.55965, -0.57185, -0.34256, 0.14888, -0.06997, -0.04661, 0.10211, -0.12544, -0.04675, -0.04535, 0.02904, 0.05298, 0.03752, 0.06613, 0.06351, 0.03237, 0.0436, 0.03395, 0.22396, 0.03104, 0.04002, 0.04386, 0.06735], "cm5 charges": [-0.23374, 0.14782, -0.04799, -0.13866, -0.56053, -0.02918, 0.71887, -0.61656, -0.68603, 0.20133, -0.1177, -0.09838, 0.0948, -0.12744, -0.09852, -0.09232, 0.08293, 0.1084, 0.08938, 0.14036, 0.11696, 0.09485, 0.10595, 0.09941, 0.42703, 0.08987, 0.09655, 0.10039, 0.13215], "FUKUI+": [0.009, 0.005, -0.021, -0.035, -0.039, 0.019, -0.037, -0.074, -0.019, -0.047, -0.038, -0.033, -0.046, -0.116, -0.038, -0.031, -0.016, -0.006, -0.024, -0.013, -0.041, -0.024, -0.031, -0.011, -0.036, -0.065, -0.068, -0.068, -0.054], "FUKUI-": [0.004, 0.002, -0.017, -0.039, -0.073, 0.023, -0.001, -0.052, -0.051, -0.026, -0.022, -0.02, -0.027, -0.192, -0.018, -0.021, -0.026, -0.019, -0.035, -0.036, -0.045, -0.042, -0.04, -0.023, -0.034, -0.043, -0.047, -0.045, -0.037], "FUKUIrad": [0.007, 0.003, -0.019, -0.037, -0.056, 0.021, -0.019, -0.063, -0.035, -0.037, -0.03, -0.026, -0.036, -0.154, -0.028, -0.026, -0.021, -0.012, -0.03, -0.025, -0.043, -0.033, -0.035, -0.017, -0.035, -0.054, -0.057, -0.057, -0.046], "s proportion": [1.015, 1.023, 1.119, 1.092, 1.444, 0.983, 0.943, 1.724, 1.419, 1.038, 1.059, 1.06, 1.074, 1.943, 1.064, 1.062, 0.971, 0.947, 0.962, 0.934, 0.936, 0.968, 0.956, 0.966, 0.776, 0.969, 0.96, 0.956, 0.933], "p proportion": [3.078, 2.826, 2.924, 2.996, 3.869, 2.959, 2.497, 4.848, 3.924, 2.813, 3.011, 2.986, 2.824, 5.192, 2.983, 2.983, 0.0, 0.0, 0.0, 0.0, 0.0, 0.0, 0.0, 0.0, 0.0, 0.0, 0.0, 0.0, 0.0], "d proportion": [0.0, 0.0, 0.0, 0.0, 0.0, 0.0, 0.0, 0.0, 0.0, 0.0, 0.0, 0.0, 0.0, -0.01, 0.0, 0.0, 0.0, 0.0, 0.0, 0.0, 0.0, 0.0, 0.0, 0.0, 0.0, 0.0, 0.0, 0.0, 0.0], "Fermi-level/eV": -8.3775, "Coordination numbers": [3.753, 3.794, 1.968, 1.908, 2.736, 3.685, 2.69, 0.858, 2.695, 2.895, 2.92, 2.948, 2.879, 0.966, 2.948, 2.915, 0.924, 0.924, 0.924, 0.924, 0.927, 0.924, 0.924, 0.924, 0.86, 0.925, 0.925, 0.925, 0.925], "Dispersion coefficient C6": [22.512, 19.5, 31.827, 33.912, 23.978, 21.547, 21.642, 23.005, 24.988, 26.215, 29.378, 29.011, 25.952, 104.868, 28.984, 29.057, 2.508, 2.251, 2.38, 1.937, 1.97, 2.377, 2.185, 2.318, 1.229, 2.49, 2.264, 2.202, 1.96], "Total dispersion C6": 11134.611224, "Total dispersion C8": 282471.479939, "Polarizability alpha": [6.766, 6.288, 9.111, 9.405, 7.273, 6.646, 7.614, 6.431, 7.424, 8.395, 8.888, 8.834, 8.351, 15.667, 8.83, 8.839, 2.476, 2.346, 2.412, 2.177, 2.195, 2.411, 2.312, 2.381, 1.736, 2.468, 2.353, 2.321, 2.189], "Total polarizability alpha": 164.538138, "Wiberg matrix": [[0.0, 0.9839367415882875, 0.0, 0.0, 0.0, 0.0, 0.0, 0.0, 0.0, 0.0, 0.0, 0.0, 0.0, 0.0, 0.0, 0.0, 0.9851191600563972, 0.9824506881651854, 0.9839289066022272, 0.0, 0.0, 0.0, 0.0, 0.0, 0.0, 0.0, 0.0, 0.0, 0.0], [0.9839367415882875, 0.0, 1.0227954813749858, 0.0, 0.9615514595964141, 0.0, 0.0, 0.0, 0.0, 0.0, 0.0, 0.0, 0.0, 0.0, 0.0, 0.0, 0.0, 0.0, 0.0, 0.9386947903301328, 0.0, 0.0, 0.0, 0.0, 0.0, 0.0, 0.0, 0.0, 0.0], [0.0, 1.0227954813749858, 0.0, 2.90626558031982, 0.0, 0.0, 0.0, 0.0, 0.0, 0.0, 0.0, 0.0, 0.0, 0.0, 0.0, 0.0, 0.0, 0.0, 0.0, 0.0, 0.0, 0.0, 0.0, 0.0, 0.0, 0.0, 0.0, 0.0, 0.0], [0.0, 0.0, 2.90626558031982, 0.0, 0.0, 0.0, 0.0, 0.0, 0.0, 0.0, 0.0, 0.0, 0.0, 0.0, 0.0, 0.0, 0.0, 0.0, 0.0, 0.0, 0.9683959754004611, 0.0, 0.0, 0.0, 0.0, 0.0, 0.0, 0.0, 0.0], [0.0, 0.9615514595964141, 0.0, 0.0, 0.0, 1.0002263434483503, 1.1539807597859544, 0.15815548760916448, 0.0, 0.0, 0.0, 0.0, 0.0, 0.0, 0.0, 0.0, 0.0, 0.0, 0.0, 0.0, 0.0, 0.0, 0.0, 0.0, 0.0, 0.0, 0.0, 0.0, 0.0], [0.0, 0.0, 0.0, 0.0, 1.0002263434483503, 0.0, 0.0, 0.0, 0.0, 0.0, 0.0, 0.0, 0.0, 0.0, 0.0, 0.0, 0.0, 0.0, 0.0, 0.0, 0.0, 0.9784340971702971, 0.9748599402752163, 0.9772012631893858, 0.0, 0.0, 0.0, 0.0, 0.0], [0.0, 0.0, 0.0, 0.0, 1.1539807597859544, 0.0, 0.0, 1.6137715657186749, 1.121327443654479, 0.0, 0.0, 0.0, 0.0, 0.0, 0.0, 0.0, 0.0, 0.0, 0.0, 0.0, 0.0, 0.0, 0.0, 0.0, 0.0, 0.0, 0.0, 0.0, 0.0], [0.0, 0.0, 0.0, 0.0, 0.15815548760916448, 0.0, 1.6137715657186749, 0.0, 0.11955032812274768, 0.0, 0.0, 0.0, 0.0, 0.0, 0.0, 0.0, 0.0, 0.0, 0.0, 0.0, 0.0, 0.0, 0.0, 0.0, 0.0, 0.0, 0.0, 0.0, 0.0], [0.0, 0.0, 0.0, 0.0, 0.0, 0.0, 1.121327443654479, 0.11955032812274768, 0.0, 1.0827161971294064, 0.0, 0.0, 0.0, 0.0, 0.0, 0.0, 0.0, 0.0, 0.0, 0.0, 0.0, 0.0, 0.0, 0.0, 0.9307298908781849, 0.0, 0.0, 0.0, 0.0], [0.0, 0.0, 0.0, 0.0, 0.0, 0.0, 0.0, 0.0, 1.0827161971294064, 0.0, 1.3621460387930462, 0.0, 0.0, 0.0, 0.0, 1.3703990071873315, 0.0, 0.0, 0.0, 0.0, 0.0, 0.0, 0.0, 0.0, 0.0, 0.0, 0.0, 0.0, 0.0], [0.0, 0.0, 0.0, 0.0, 0.0, 0.0, 0.0, 0.0, 0.0, 1.3621460387930462, 0.0, 1.4511694393715153, 0.0, 0.0, 0.1061246508818279, 0.0, 0.0, 0.0, 0.0, 0.0, 0.0, 0.0, 0.0, 0.0, 0.0, 0.9670015704671502, 0.0, 0.0, 0.0], [0.0, 0.0, 0.0, 0.0, 0.0, 0.0, 0.0, 0.0, 0.0, 0.0, 1.4511694393715153, 0.0, 1.3956918786976462, 0.0, 0.0, 0.1061130374090935, 0.0, 0.0, 0.0, 0.0, 0.0, 0.0, 0.0, 0.0, 0.0, 0.0, 0.9682391147527145, 0.0, 0.0], [0.0, 0.0, 0.0, 0.0, 0.0, 0.0, 0.0, 0.0, 0.0, 0.0, 0.0, 1.3956918786976462, 0.0, 0.971665084263435, 1.4008968652537592, 0.0, 0.0, 0.0, 0.0, 0.0, 0.0, 0.0, 0.0, 0.0, 0.0, 0.0, 0.0, 0.0, 0.0], [0.0, 0.0, 0.0, 0.0, 0.0, 0.0, 0.0, 0.0, 0.0, 0.0, 0.0, 0.0, 0.971665084263435, 0.0, 0.0, 0.0, 0.0, 0.0, 0.0, 0.0, 0.0, 0.0, 0.0, 0.0, 0.0, 0.0, 0.0, 0.0, 0.0], [0.0, 0.0, 0.0, 0.0, 0.0, 0.0, 0.0, 0.0, 0.0, 0.0, 0.1061246508818279, 0.0, 1.4008968652537592, 0.0, 0.0, 1.4447502180979566, 0.0, 0.0, 0.0, 0.0, 0.0, 0.0, 0.0, 0.0, 0.0, 0.0, 0.0, 0.9676791855123555, 0.0], [0.0, 0.0, 0.0, 0.0, 0.0, 0.0, 0.0, 0.0, 0.0, 1.3703990071873315, 0.0, 0.1061130374090935, 0.0, 0.0, 1.4447502180979566, 0.0, 0.0, 0.0, 0.0, 0.0, 0.0, 0.0, 0.0, 0.0, 0.0, 0.0, 0.0, 0.0, 0.9603788918718856], [0.9851191600563972, 0.0, 0.0, 0.0, 0.0, 0.0, 0.0, 0.0, 0.0, 0.0, 0.0, 0.0, 0.0, 0.0, 0.0, 0.0, 0.0, 0.0, 0.0, 0.0, 0.0, 0.0, 0.0, 0.0, 0.0, 0.0, 0.0, 0.0, 0.0], [0.9824506881651854, 0.0, 0.0, 0.0, 0.0, 0.0, 0.0, 0.0, 0.0, 0.0, 0.0, 0.0, 0.0, 0.0, 0.0, 0.0, 0.0, 0.0, 0.0, 0.0, 0.0, 0.0, 0.0, 0.0, 0.0, 0.0, 0.0, 0.0, 0.0], [0.9839289066022272, 0.0, 0.0, 0.0, 0.0, 0.0, 0.0, 0.0, 0.0, 0.0, 0.0, 0.0, 0.0, 0.0, 0.0, 0.0, 0.0, 0.0, 0.0, 0.0, 0.0, 0.0, 0.0, 0.0, 0.0, 0.0, 0.0, 0.0, 0.0], [0.0, 0.9386947903301328, 0.0, 0.0, 0.0, 0.0, 0.0, 0.0, 0.0, 0.0, 0.0, 0.0, 0.0, 0.0, 0.0, 0.0, 0.0, 0.0, 0.0, 0.0, 0.0, 0.0, 0.0, 0.0, 0.0, 0.0, 0.0, 0.0, 0.0], [0.0, 0.0, 0.0, 0.9683959754004611, 0.0, 0.0, 0.0, 0.0, 0.0, 0.0, 0.0, 0.0, 0.0, 0.0, 0.0, 0.0, 0.0, 0.0, 0.0, 0.0, 0.0, 0.0, 0.0, 0.0, 0.0, 0.0, 0.0, 0.0, 0.0], [0.0, 0.0, 0.0, 0.0, 0.0, 0.9784340971702971, 0.0, 0.0, 0.0, 0.0, 0.0, 0.0, 0.0, 0.0, 0.0, 0.0, 0.0, 0.0, 0.0, 0.0, 0.0, 0.0, 0.0, 0.0, 0.0, 0.0, 0.0, 0.0, 0.0], [0.0, 0.0, 0.0, 0.0, 0.0, 0.9748599402752163, 0.0, 0.0, 0.0, 0.0, 0.0, 0.0, 0.0, 0.0, 0.0, 0.0, 0.0, 0.0, 0.0, 0.0, 0.0, 0.0, 0.0, 0.0, 0.0, 0.0, 0.0, 0.0, 0.0], [0.0, 0.0, 0.0, 0.0, 0.0, 0.9772012631893858, 0.0, 0.0, 0.0, 0.0, 0.0, 0.0, 0.0, 0.0, 0.0, 0.0, 0.0, 0.0, 0.0, 0.0, 0.0, 0.0, 0.0, 0.0, 0.0, 0.0, 0.0, 0.0, 0.0], [0.0, 0.0, 0.0, 0.0, 0.0, 0.0, 0.0, 0.0, 0.9307298908781849, 0.0, 0.0, 0.0, 0.0, 0.0, 0.0, 0.0, 0.0, 0.0, 0.0, 0.0, 0.0, 0.0, 0.0, 0.0, 0.0, 0.0, 0.0, 0.0, 0.0], [0.0, 0.0, 0.0, 0.0, 0.0, 0.0, 0.0, 0.0, 0.0, 0.0, 0.9670015704671502, 0.0, 0.0, 0.0, 0.0, 0.0, 0.0, 0.0, 0.0, 0.0, 0.0, 0.0, 0.0, 0.0, 0.0, 0.0, 0.0, 0.0, 0.0], [0.0, 0.0, 0.0, 0.0, 0.0, 0.0, 0.0, 0.0, 0.0, 0.0, 0.0, 0.9682391147527145, 0.0, 0.0, 0.0, 0.0, 0.0, 0.0, 0.0, 0.0, 0.0, 0.0, 0.0, 0.0, 0.0, 0.0, 0.0, 0.0, 0.0], [0.0, 0.0, 0.0, 0.0, 0.0, 0.0, 0.0, 0.0, 0.0, 0.0, 0.0, 0.0, 0.0, 0.0, 0.9676791855123555, 0.0, 0.0, 0.0, 0.0, 0.0, 0.0, 0.0, 0.0, 0.0, 0.0, 0.0, 0.0, 0.0, 0.0], [0.0, 0.0, 0.0, 0.0, 0.0, 0.0, 0.0, 0.0, 0.0, 0.0, 0.0, 0.0, 0.0, 0.0, 0.0, 0.9603788918718856, 0.0, 0.0, 0.0, 0.0, 0.0, 0.0, 0.0, 0.0, 0.0, 0.0, 0.0, 0.0, 0.0]], "Born radii": [], "Atomic SASAs": [], "Solvent H bonds": [], "Total SASA": NaN, "Total FOD": 0.0, "FOD": [0.0, 0.0, 0.0, 0.0, 0.0, 0.0, 0.0, 0.0, 0.0, 0.0, 0.0, 0.0, 0.0, 0.0, 0.0, 0.0, 0.0, 0.0, 0.0, 0.0, 0.0, 0.0, 0.0, 0.0, 0.0, 0.0, 0.0, 0.0, 0.0], "FOD s proportion": [0.0, 0.0, 0.0, 0.0, 0.0, 0.0, 0.0, 0.0, 0.0, 0.0, 0.0, 0.0, 0.0, 0.0, 0.0, 0.0, 0.0, 0.0, 0.0, 0.0, 0.0, 0.0, 0.0, 0.0, 0.0, 0.0, 0.0, 0.0, 0.0], "FOD p proportion": [0.0, 0.0, 0.0, 0.0, 0.0, 0.0, 0.0, 0.0, 0.0, 0.0, 0.0, 0.0, 0.0, 0.0, 0.0, 0.0, 0.0, 0.0, 0.0, 0.0, 0.0, 0.0, 0.0, 0.0, 0.0, 0.0, 0.0, 0.0, 0.0], "FOD d proportion": [0.0, 0.0, 0.0, 0.0, 0.0, 0.0, 0.0, 0.0, 0.0, 0.0, 0.0, 0.0, 0.0, 0.0, 0.0, 0.0, 0.0, 0.0, 0.0, 0.0, 0.0, 0.0, 0.0, 0.0, 0.0, 0.0, 0.0, 0.0, 0.0], "coordinates": [["-1.97570", "0.92750", "2.89170"], ["-1.39620", "1.77540", "1.75690"], ["-2.26460", "2.94000", "1.47960"], ["-2.96460", "3.89150", "1.25960"], ["-1.16050", "0.96840", "0.54930"], ["-2.29890", "0.68290", "-0.32180"], ["0.07820", "0.33240", "0.44480"], ["0.87330", "0.31840", "1.38070"], ["0.31770", "-0.22840", "-0.79120"], ["1.39730", "-1.05460", "-1.16290"], ["1.57120", "-1.30870", "-2.53030"], ["2.61120", "-2.13040", "-2.97600"], ["3.47900", "-2.70790", "-2.05360"], ["4.75800", "-3.72020", "-2.59890"], ["3.31170", "-2.47240", "-0.69220"], ["2.27000", "-1.64970", "-0.24820"], ["-2.96180", "0.52460", "2.63470"], ["-1.32320", "0.07900", "3.12320"], ["-2.09170", "1.52320", "3.80420"], ["-0.43050", "2.16760", "2.10080"], ["-3.58130", "4.73920", "1.06760"], ["-2.43570", "1.52510", "-1.00580"], ["-3.20340", "0.54340", "0.27710"], ["-2.14900", "-0.23080", "-0.90230"], ["-0.21580", "0.17010", "-1.54780"], ["0.90460", "-0.86910", "-3.26760"], ["2.73670", "-2.31430", "-4.03950"], ["3.98280", "-2.92370", "0.03370"], ["2.16140", "-1.49860", "0.82190"]], "bond_dist": [[0.0, 1.530531182302406, 2.475408222899811, 3.525190721081627, 2.4805365568763547, 3.238961199211871, 3.249610565898628, 3.2819087144526127, 4.489937725626047, 5.6343260972364755, 6.854135543597019, 8.051105968126366, 8.211326162076379, 9.853452153433334, 7.236038832123554, 5.875959525047803, 1.0957967968560596, 1.0951259060035061, 1.0958881056020269, 2.1333105399824004, 4.520436821812689, 3.9697899201343136, 2.913917167662801, 3.9706583559908553, 4.8352934781665535, 7.032842678462244, 8.98651848270508, 7.648766416226867, 5.223564842136068], [1.530531182302406, 0.0, 1.4789547018080031, 2.6804971665719033, 1.4714283027045523, 2.51583330727614, 2.4449357394418363, 2.7230508056222527, 3.6668080478803358, 4.933332979842329, 6.057822992626972, 7.329042966854541, 7.641169032288188, 9.329994139333637, 6.79751557997479, 5.403032339344269, 2.187724123375706, 2.179421402574546, 2.1768698583057278, 1.0975721115261632, 3.746185652100013, 2.9623844500672085, 2.640758201729193, 3.4150974978761584, 3.8589343529010702, 6.126390547459409, 8.210040283701414, 7.347421319755661, 4.924410498729772], [2.475408222899811, 1.4789547018080031, 0.0, 1.2015624203511026, 2.443706500380109, 2.888030273387036, 3.6550103474545734, 4.090108089036279, 4.675849066212467, 6.029025378948077, 6.988856225449197, 8.326749255261623, 8.796091041479732, 10.502825193727638, 8.06882337704823, 6.679314043373017, 2.7666768893385436, 3.431177045854673, 2.7278163079650355, 2.0848055089144406, 2.2672810875584, 2.865035842707732, 2.840958157030828, 3.9674656406829785, 4.586401444487825, 6.862141013561292, 9.11488535254284, 8.689281400668298, 6.302635579660307], [3.525190721081627, 2.6804971665719033, 1.2015624203511026, 0.0, 3.5076796475733074, 3.6385569131181663, 4.752864787683319, 5.245110602265695, 5.652685197319943, 7.025566387843759, 7.872668143012254, 9.235428122723928, 9.80047731286594, 11.509324476267059, 9.148808017441398, 7.770417970740056, 3.6368837567346035, 4.54998408458755, 3.5841021832531506, 3.178224576709456, 1.0657289430244448, 3.3183763092813936, 3.4974426800163574, 4.725713941829319, 5.411673877831147, 7.624274446791642, 9.954759471730092, 9.8089830568719, 7.451217034820553], [2.4805365568763547, 1.4714283027045523, 2.443706500380109, 3.5076796475733074, 0.0, 1.4616018678148985, 1.396350221112168, 2.2913027735329963, 2.326874670024151, 3.68327282182572, 4.704392145644324, 6.021297403384091, 6.466469697601621, 8.180634171627526, 5.777629248229761, 4.388483121763145, 2.791152681241211, 2.728088132740583, 3.430642868326576, 2.092398836264253, 4.510858030352984, 2.086716545197263, 2.1043189515850482, 2.126583045639178, 2.434660015279341, 4.712724251428254, 6.857213178106686, 6.470534804790096, 4.1467359899082075], [3.238961199211871, 2.51583330727614, 2.888030273387036, 3.6385569131181663, 1.4616018678148985, 0.0, 2.5221281133201776, 3.618593558276475, 2.810231237816561, 4.169922049631144, 4.880739372267279, 6.250481304667665, 6.9195942287102365, 8.623938290015763, 6.447631085135066, 5.1304275582060415, 3.0340381589558163, 3.6310756946117224, 4.215793155504667, 3.400623973626017, 4.475327005929287, 1.0935589055921953, 1.0937374959285247, 1.0928393980818956, 2.4708997247966176, 4.620481997584235, 6.939868045575507, 7.252151315299482, 5.095220115951813], [3.249610565898628, 2.4449357394418363, 3.6550103474545734, 4.752864787683319, 1.396350221112168, 2.5221281133201776, 0.0, 1.2281241061065449, 1.3782426818234879, 2.499698601831829, 3.7112636958319194, 4.917656502847673, 5.201044826763177, 6.898420434418302, 4.42890441192853, 3.035285266659462, 3.751560055496913, 3.0334732700322253, 4.1727735392661796, 2.523701791020484, 5.761918632712545, 3.137908038805471, 3.292649821951918, 2.6631358376920993, 2.02070088088267, 3.9885402053884325, 5.846502341571411, 5.100695205557768, 2.7990154786996087], [3.2819087144526127, 2.7230508056222527, 4.090108089036279, 5.245110602265695, 2.2913027735329963, 3.618593558276475, 1.2281241061065449, 0.0, 2.307559578862483, 2.9376190971601477, 4.2930688114680855, 5.29129027175792, 5.267122617710736, 6.873019730074984, 4.246324717917838, 2.911615309411599, 4.040176536984492, 2.8139351200765095, 4.014488795600257, 2.374442900976985, 6.283706343393204, 4.254525606927287, 4.229425593387357, 3.8272714732561104, 3.1279776134109403, 4.797689947255867, 6.307292358056665, 4.689841325674036, 2.2962900622525892], [4.489937725626047, 3.6668080478803358, 4.675849066212467, 5.652685197319943, 2.326874670024151, 2.810231237816561, 1.3782426818234879, 2.307559578862483, 0.0, 1.4093627957342993, 2.4005789197608145, 3.69473913693511, 4.211340843484412, 5.930995752822623, 3.7429096970138085, 2.47516019279561, 4.801970435144307, 4.255534623287654, 5.476405032500792, 3.8293972423868485, 6.582886008431257, 3.2713952634923222, 3.7596655888522847, 2.469201867000752, 1.007902802853529, 2.624405658430114, 4.5556550242528235, 4.623641433978202, 2.759479903894935], [5.6343260972364755, 4.933332979842329, 6.029025378948077, 7.025566387843759, 3.68327282182572, 4.169922049631144, 2.499698601831829, 2.9376190971601477, 1.4093627957342993, 0.0, 1.4016386053473269, 2.4327413467115653, 2.8036087940367143, 4.52347475399167, 2.4283003706296302, 1.3972921634361226, 5.993111980432203, 5.201617288882372, 6.594714265986056, 4.937120959628192, 7.9579963967069, 4.622923479790684, 5.078744381242277, 3.650041436751095, 2.061584271864723, 2.1695450283411954, 3.4140392513853737, 3.407373859734209, 2.17265180137085], [6.854135543597019, 6.057822992626972, 6.988856225449197, 7.872668143012254, 4.704392145644324, 4.880739372267279, 3.7112636958319194, 4.2930688114680855, 2.4005789197608145, 1.4016386053473269, 0.0, 1.3983702585510036, 2.4134424314658927, 3.9969654051542656, 2.7860634504619597, 2.4109298724765926, 7.112404859820622, 6.501178731583989, 7.8461700383053135, 6.126871288839027, 8.721825214368836, 5.139043714544565, 5.840254645989334, 4.201445043077441, 2.5190324908583452, 1.0868371589157226, 2.1557611764757243, 3.872742640558497, 3.409053078202215], [8.051105968126366, 7.329042966854541, 8.326749255261623, 9.235428122723928, 6.021297403384091, 6.250481304667665, 4.917656502847673, 5.29129027175792, 3.69473913693511, 2.4327413467115653, 1.3983702585510036, 0.0, 1.391906911398891, 2.6978544604926338, 2.413173572290232, 2.7907674159628564, 8.341900772006342, 7.586909275851399, 9.024254728785086, 7.314276528133183, 10.094016116987332, 6.535714796409036, 7.17923667321255, 5.528853035666621, 3.9145861198854726, 2.1420531762773773, 1.0865549732986364, 3.4013093861041224, 3.87627858776946], [8.211326162076379, 7.641169032288188, 8.796091041479732, 9.80047731286594, 6.466469697601621, 6.9195942287102365, 5.201044826763177, 5.267122617710736, 4.211340843484412, 2.8036087940367143, 2.4134424314658927, 1.391906911398891, 0.0, 1.7198675472256577, 1.39171099729793, 2.4168031363766476, 8.597273857450396, 7.591257780499882, 9.12407401000233, 7.504247454608624, 10.72609080420262, 7.348459017372281, 7.788297884647196, 6.255869252150336, 4.71065437917069, 3.3885862538822886, 2.1563230416614303, 2.158055923742478, 3.386292441594494], [9.853452153433334, 9.329994139333637, 10.502825193727638, 11.509324476267059, 8.180634171627526, 8.623938290015763, 6.898420434418302, 6.873019730074984, 5.930995752822623, 4.52347475399167, 3.9969654051542656, 2.6978544604926338, 1.7198675472256577, 0.0, 2.698943019035415, 4.0003630760219755, 10.247156095229544, 9.17373111062233, 10.742966222603513, 9.14734394127607, 12.431757522570974, 9.044360640200058, 9.478056283859049, 7.922184857727065, 6.401400763895352, 4.839899013409267, 2.8526368258157224, 2.8576091492714673, 4.835257052112121], [7.236038832123554, 6.79751557997479, 8.06882337704823, 9.148808017441398, 5.777629248229761, 6.447631085135066, 4.42890441192853, 4.246324717917838, 3.7429096970138085, 2.4283003706296302, 2.7860634504619597, 2.413173572290232, 1.39171099729793, 2.698943019035415, 0.0, 1.3996821710659888, 7.707598514453124, 6.522976094544576, 8.08573830147872, 6.582895247533566, 10.130030582382268, 7.007921087597948, 7.244385421828411, 5.906619765991375, 4.489778820832937, 3.8726459249458887, 3.400005573524844, 1.0867279834438792, 2.136346259387743], [5.875959525047803, 5.403032339344269, 6.679314043373017, 7.770417970740056, 4.388483121763145, 5.1304275582060415, 3.035285266659462, 2.911615309411599, 2.47516019279561, 1.3972921634361226, 2.4109298724765926, 2.7907674159628564, 2.4168031363766476, 4.0003630760219755, 1.3996821710659888, 0.0, 6.356919390711195, 5.221669071283626, 6.746381775440818, 5.232808093175213, 8.762824004851405, 5.726859985192584, 5.919774933221701, 4.6870763829918545, 3.343625852274743, 3.404472041300971, 3.877300315941493, 2.1531900636033043, 1.0861579903494702], [1.0957967968560596, 2.187724123375706, 2.7666768893385436, 3.6368837567346035, 2.791152681241211, 3.0340381589558163, 3.751560055496913, 4.040176536984492, 4.801970435144307, 5.993111980432203, 7.112404859820622, 8.341900772006342, 8.597273857450396, 10.247156095229544, 7.707598514453124, 6.356919390711195, 0.0, 1.7669752601550484, 1.7669199812102416, 3.064633403851104, 4.538990616866266, 3.81195772668061, 2.3700214682571974, 3.7069720797437897, 5.01592389296329, 7.1922593070606124, 9.22373032454874, 8.178229823745479, 5.798858535953435], [1.0951259060035061, 2.179421402574546, 3.431177045854673, 4.54998408458755, 2.728088132740583, 3.6310756946117224, 3.0334732700322253, 2.8139351200765095, 4.255534623287654, 5.201617288882372, 6.501178731583989, 7.586909275851399, 7.591257780499882, 9.17373111062233, 6.522976094544576, 5.221669071283626, 1.7669752601550484, 0.0, 1.772023388671831, 2.490876353816062, 5.571532195904463, 4.51414470968754, 3.4425433345130165, 4.120991619743966, 4.801340955399857, 6.834055244874745, 8.574085618303565, 6.834826518646981, 4.463993795918628], [1.0958881056020269, 2.1768698583057278, 2.7278163079650355, 3.5841021832531506, 3.430642868326576, 4.215793155504667, 4.1727735392661796, 4.014488795600257, 5.476405032500792, 6.594714265986056, 7.8461700383053135, 9.024254728785086, 9.12407401000233, 10.742966222603513, 8.08573830147872, 6.746381775440818, 1.7669199812102416, 1.772023388671831, 0.0, 2.4650371924171854, 4.477783348935051, 4.822285724633081, 3.8257442857566946, 5.023041064932677, 5.830418888896406, 8.044331433997483, 9.978150254430927, 8.419687649194595, 6.009513136685866], [2.1333105399824004, 1.0975721115261632, 2.0848055089144406, 3.178224576709456, 2.092398836264253, 3.400623973626017, 2.523701791020484, 2.374442900976985, 3.8293972423868485, 4.937120959628192, 6.126871288839027, 7.314276528133183, 7.504247454608624, 9.14734394127607, 6.582895247533566, 5.232808093175213, 3.064633403851104, 2.490876353816062, 2.4650371924171854, 0.0, 4.1962089366474595, 3.7529450901925014, 3.6949806142928545, 4.210008838470532, 4.165139169343565, 6.31060674261992, 8.235403301599746, 7.047797882317568, 4.668463693764791], [4.520436821812689, 3.746185652100013, 2.2672810875584, 1.0657289430244448, 4.510858030352984, 4.475327005929287, 5.761918632712545, 6.283706343393204, 6.582886008431257, 7.9579963967069, 8.721825214368836, 10.094016116987332, 10.72609080420262, 12.431757522570974, 10.130030582382268, 8.762824004851405, 4.538990616866266, 5.571532195904463, 4.477783348935051, 4.1962089366474595, 0.0, 3.992721594351402, 4.286308003398729, 5.534698663884061, 6.248486394319828, 8.388699943376208, 10.758785092193262, 10.816866201908942, 8.482282748175752], [3.9697899201343136, 2.9623844500672085, 2.865035842707732, 3.3183763092813936, 2.086716545197263, 1.0935589055921953, 3.137908038805471, 4.254525606927287, 3.2713952634923222, 4.622923479790684, 5.139043714544565, 6.535714796409036, 7.348459017372281, 9.044360640200058, 7.007921087597948, 5.726859985192584, 3.81195772668061, 4.51414470968754, 4.822285724633081, 3.7529450901925014, 3.992721594351402, 0.0, 1.788555447840519, 1.7821599114557594, 2.656641678887087, 4.691005965675166, 7.120256302268901, 7.878421411678866, 5.79798045788359], [2.913917167662801, 2.640758201729193, 2.840958157030828, 3.4974426800163574, 2.1043189515850482, 1.0937374959285247, 3.292649821951918, 4.229425593387357, 3.7596655888522847, 5.078744381242277, 5.840254645989334, 7.17923667321255, 7.788297884647196, 9.478056283859049, 7.244385421828411, 5.919774933221701, 2.3700214682571974, 3.4425433345130165, 3.8257442857566946, 3.6949806142928545, 4.286308003398729, 1.788555447840519, 0.0, 1.7612862799670017, 3.520705420792827, 5.606756490164344, 7.8793573887722586, 7.9825745477258145, 5.7660775298290945], [3.9706583559908553, 3.4150974978761584, 3.9674656406829785, 4.725713941829319, 2.126583045639178, 1.0928393980818956, 2.6631358376920993, 3.8272714732561104, 2.469201867000752, 3.650041436751095, 4.201445043077441, 5.528853035666621, 6.255869252150336, 7.922184857727065, 5.906619765991375, 4.6870763829918545, 3.7069720797437897, 4.120991619743966, 5.023041064932677, 4.210008838470532, 5.534698663884061, 1.7821599114557594, 1.7612862799670017, 0.0, 2.0771743547425188, 3.9149130181908256, 6.168716282987896, 6.762157765831851, 4.812455780576066], [4.8352934781665535, 3.8589343529010702, 4.586401444487825, 5.411673877831147, 2.434660015279341, 2.4708997247966176, 2.02070088088267, 3.1279776134109403, 1.007902802853529, 2.061584271864723, 2.5190324908583452, 3.9145861198854726, 4.71065437917069, 6.401400763895352, 4.489778820832937, 3.343625852274743, 5.01592389296329, 4.801340955399857, 5.830418888896406, 4.165139169343565, 6.248486394319828, 2.656641678887087, 3.520705420792827, 2.0771743547425188, 0.0, 2.300640093539187, 4.593263382389475, 5.449860791800099, 3.7484820421071783], [7.032842678462244, 6.126390547459409, 6.862141013561292, 7.624274446791642, 4.712724251428254, 4.620481997584235, 3.9885402053884325, 4.797689947255867, 2.624405658430114, 2.1695450283411954, 1.0868371589157226, 2.1420531762773773, 3.3885862538822886, 4.839899013409267, 3.8726459249458887, 3.404472041300971, 7.1922593070606124, 6.834055244874745, 8.044331433997483, 6.31060674261992, 8.388699943376208, 4.691005965675166, 5.606756490164344, 3.9149130181908256, 2.300640093539187, 0.0, 2.457849275281135, 4.959362669738925, 4.324329628971409], [8.98651848270508, 8.210040283701414, 9.11488535254284, 9.954759471730092, 6.857213178106686, 6.939868045575507, 5.846502341571411, 6.307292358056665, 4.5556550242528235, 3.4140392513853737, 2.1557611764757243, 1.0865549732986364, 2.1563230416614303, 2.8526368258157224, 3.400005573524844, 3.877300315941493, 9.22373032454874, 8.574085618303565, 9.978150254430927, 8.235403301599746, 10.758785092193262, 7.120256302268901, 7.8793573887722586, 6.168716282987896, 4.593263382389475, 2.457849275281135, 0.0, 4.302916663148381, 4.962816391929084], [7.648766416226867, 7.347421319755661, 8.689281400668298, 9.8089830568719, 6.470534804790096, 7.252151315299482, 5.100695205557768, 4.689841325674036, 4.623641433978202, 3.407373859734209, 3.872742640558497, 3.4013093861041224, 2.158055923742478, 2.8576091492714673, 1.0867279834438792, 2.1531900636033043, 8.178229823745479, 6.834826518646981, 8.419687649194595, 7.047797882317568, 10.816866201908942, 7.878421411678866, 7.9825745477258145, 6.762157765831851, 5.449860791800099, 4.959362669738925, 4.302916663148381, 0.0, 2.4432902426850562], [5.223564842136068, 4.924410498729772, 6.302635579660307, 7.451217034820553, 4.1467359899082075, 5.095220115951813, 2.7990154786996087, 2.2962900622525892, 2.759479903894935, 2.17265180137085, 3.409053078202215, 3.87627858776946, 3.386292441594494, 4.835257052112121, 2.136346259387743, 1.0861579903494702, 5.798858535953435, 4.463993795918628, 6.009513136685866, 4.668463693764791, 8.482282748175752, 5.79798045788359, 5.7660775298290945, 4.812455780576066, 3.7484820421071783, 4.324329628971409, 4.962816391929084, 2.4432902426850562, 0.0]]}