{"total energy": -49.81138727, "HOMO-LUMO gap/eV": 3.0672652, "electronic energy": -50.53694511, "dipole": [-0.34181284, 1.10021837, 0.91372841], "partial charges": [-0.28148552, 0.12901158, -0.04909352, -0.03579864, -0.03684973, -0.05067842, 0.04410142, -0.09180023, 0.010008, -0.10552148, 0.26939648, -0.42815412, -0.0303521, -0.01969318, -0.03457282, -0.02640511, -0.05084856, 0.14508838, 0.05543629, 0.04253728, 0.04243529, 0.04917191, 0.0442588, 0.06819349, 0.05528384, 0.03725022, 0.04413199, 0.06219293, 0.04514041, 0.04489876, 0.05271636], "atomic dipole moments": [[-0.02693813, -0.07190184, 0.21597783], [0.19229209, -0.11362999, -0.1130388], [-0.00256645, -0.03684961, -0.01794084], [0.00910631, -0.01005945, -0.00561232], [0.00618024, -0.00528805, -0.00305122], [0.03593681, -0.01298068, -0.03730008], [0.03139539, -0.14446863, -0.02940019], [-0.04317353, -0.01260432, 0.00464346], [0.13582201, 0.06509553, 0.09546131], [0.01546154, 0.05920468, -0.10713252], [-0.06222055, 0.00589208, -0.01622626], [0.00940763, 0.18884925, 0.04148915], [-0.05632103, -0.02678155, -0.02009674], [-0.02292439, 0.02566348, -0.01948059], [-0.00762014, 0.0080099, -0.0061639], [-0.01122852, 0.00129019, -0.00304453], [-0.03085978, -0.02195467, -0.01466456], [-0.18947053, 0.13102683, -0.11596209], [0.10278442, 0.10080806, -0.06004945], [-0.01306525, 0.14950111, 0.01957364], [-0.11708053, 0.05779016, 0.07747495], [-0.11269673, -0.07891111, 0.06532981], [-0.10274333, 0.06678153, -0.03795478], [0.00270631, -0.08722642, -0.09269299], [0.09345585, -0.08706994, 0.03063109], [-0.00613023, 0.07601441, 0.1002537], [-0.10968213, -0.06529673, -0.0044421], [-0.02974741, -0.14517939, 0.04795805], [0.10695638, -0.08554722, 0.06653103], [0.14060111, 0.05348301, 0.01693922], [0.03998421, 0.14013361, -0.05243697]], "atomic quadrupole moments": [[0.05038695, -0.09855287, -0.03524833, -0.01276208, -0.01091183, -0.01513862], [0.17998001, -0.23186564, -0.41767556, 0.059103, 0.07592222, 0.23769555], [-0.03428335, -0.05199291, -0.24720856, 0.32862393, -0.00146019, 0.28149191], [-0.02895438, -0.03002824, -0.27636157, 0.33859209, -0.04510238, 0.30531596], [-0.04604063, -0.01200702, -0.25309528, 0.34987016, -0.06372767, 0.29913591], [-0.05392601, -0.00927412, -0.22746172, 0.32822828, -0.04482245, 0.28138773], [-0.11934708, -0.03822133, -0.04801997, 0.3076063, -0.00936965, 0.16736705], [-0.01013834, 0.04557855, 0.01160263, 0.00083805, 0.00099682, -0.00146429], [0.1095226, 0.20635504, -0.04860125, -0.03634287, -0.09809605, -0.06092135], [-0.10927062, 0.04662505, -0.04802951, -0.06193345, -0.13955291, 0.15730013], [-0.26491935, 0.02446958, -0.19944322, -0.01290438, -0.19065172, 0.46436256], [-0.11437819, 0.00912015, -0.0638803, -0.0059398, -0.04878597, 0.17825849], [-0.1076196, 0.0377459, -0.09286164, -0.14349454, 0.26146752, 0.20048124], [-0.20663896, -0.0969059, -0.16937454, -0.18623563, 0.28212819, 0.3760135], [-0.21392279, -0.06889849, -0.14144704, -0.18911256, 0.26616287, 0.35536983], [-0.22357517, -0.09355733, -0.14426085, -0.18855918, 0.27811481, 0.36783601], [-0.17230866, -0.07991811, -0.14889221, -0.15217283, 0.26855117, 0.32120087], [-0.11959193, -0.35741824, -0.13242834, 0.01564773, 0.11329047, 0.25202027], [0.01177132, -0.00117031, 0.0201821, -0.04423728, 0.00632419, -0.03195342], [0.00850681, 0.00526078, 0.02907023, -0.04787563, 0.00416218, -0.03757704], [0.00443919, 0.01019933, 0.03699458, -0.04445452, 0.00330376, -0.04143377], [-0.01021791, 0.00825713, 0.05694414, -0.03515777, 0.01343972, -0.04672623], [0.01278754, -0.03436421, 0.02576895, -0.00833392, -0.01277284, -0.03855648], [-0.01908506, -1.981e-05, 0.0146266, -0.02262789, 0.02804293, 0.00445846], [0.02870833, -0.05999863, -0.00357264, 0.00201883, -0.00824737, -0.02513569], [-0.0535549, -0.00502419, 0.03316913, -0.00362958, 0.05784634, 0.02038577], [0.05211132, 0.05723878, -0.01983178, 0.0157789, 0.000469, -0.03227954], [0.03517766, 0.00953038, 0.00798841, 0.02243704, -0.03008859, -0.04316607], [0.02572334, 0.01600175, 0.01999255, 0.02143301, -0.03431252, -0.04571588], [0.02169168, 0.00833467, 0.02225503, 0.02380591, -0.03821554, -0.04394671], [0.02046788, 0.00334953, 0.01764754, 0.02269567, -0.03344946, -0.03811542]], "number of molecular orbitals": 85, "number of electrons": 90, "number of unpaired electrons": 0, "orbital energies/eV": [-19.78350136, -18.88776628, -18.41447944, -18.21549769, -17.97469324, -17.66574962, -17.54859239, -17.29853816, -17.12034834, -16.93172256, -16.60339306, -16.37438087, -16.2574583, -16.20412721, -16.01246037, -15.68128629, -15.44414382, -15.05472971, -14.95273888, -14.8019949, -14.52133096, -14.30214208, -14.15199117, -14.00899974, -13.90034216, -13.80530696, -13.58336645, -13.45214556, -13.38772888, -13.30341998, -13.13812502, -13.03269486, -12.75487855, -12.61691827, -12.34497352, -12.24899794, -12.12515452, -12.01708533, -11.93184532, -11.60883223, -11.34239951, -11.2343737, -10.94297092, -10.77938987, -10.32332524, -7.25606003, -6.55816925, -6.43880782, -6.33866266, -5.27316556, -3.09841325, -2.85180578, -1.12437485, 1.26810244, 1.65044921, 2.40173586, 2.77942109, 3.18323703, 3.27415153, 3.49548185, 3.79262012, 4.03838109, 4.13840727, 4.19532332, 4.41138209, 4.59841391, 4.88686273, 5.06980316, 5.423951, 6.44120366, 6.75239915, 7.79257785, 9.69487996, 9.96542339, 10.08161453, 10.51906334, 10.97355931, 11.44184437, 11.61438268, 11.90029774, 14.51845761, 15.8820677, 16.65589171, 16.93655886, 17.3972514], "fractional occupation": [2.0, 2.0, 2.0, 2.0, 2.0, 2.0, 2.0, 2.0, 2.0, 2.0, 2.0, 2.0, 2.0, 2.0, 2.0, 2.0, 2.0, 2.0, 2.0, 2.0, 2.0, 2.0, 2.0, 2.0, 2.0, 2.0, 2.0, 2.0, 2.0, 2.0, 2.0, 2.0, 2.0, 2.0, 2.0, 2.0, 2.0, 2.0, 2.0, 2.0, 2.0, 2.0, 2.0, 2.0, 2.0, 0.0, 0.0, 0.0, 0.0, 0.0, 0.0, 0.0, 0.0, 0.0, 0.0, 0.0, 0.0, 0.0, 0.0, 0.0, 0.0, 0.0, 0.0, 0.0, 0.0, 0.0, 0.0, 0.0, 0.0, 0.0, 0.0, 0.0, 0.0, 0.0, 0.0, 0.0, 0.0, 0.0, 0.0, 0.0, 0.0, 0.0, 0.0, 0.0, 0.0], "program call": "xtb /home/svss/Project-DBcg-Debug/aqme2_20220329/End-to-End-workflows-final/example-3/QDESCP/mol_810_rdkit_conf_1/mol_810_rdkit_conf_1.xyz --pop --wbo --acc 0.2 --gfn 2 --chrg 0 --uhf 0 --etemp 300 --input /home/svss/Project-DBcg-Debug/aqme2_20220329/End-to-End-workflows-final/example-3/QDESCP/mol_810_rdkit_conf_1/mol_810_rdkit_conf_1_xtb.inp", "method": "GFN2-xTB", "xtb version": "6.3.3 (7355c4f)", "Dipole module/D": 3.738, "Total charge": 0, "Transition dipole module/D": NaN, "HOMO": -10.3233, "LUMO": -7.2561, "HOMO occupancy": 2.0, "LUMO occupancy": 0, "mulliken charges": [-0.41765, 0.2264, -0.05783, -0.03469, -0.03436, -0.06091, 0.0984, -0.25524, 0.10121, -0.09381, 0.46811, -0.54673, -0.06492, -0.00328, -0.0402, -0.01852, -0.06302, 0.2534, 0.05145, 0.03689, 0.03658, 0.04122, 0.02729, 0.05675, 0.05179, 0.02719, 0.03473, 0.056, 0.03781, 0.03681, 0.04914], "cm5 charges": [-0.48158, 0.25126, -0.10731, -0.08985, -0.0896, -0.10967, 0.15428, -0.48774, 0.05161, -0.23841, 0.56354, -0.59299, -0.0603, -0.05381, -0.09527, -0.07355, -0.11274, 0.27548, 0.11034, 0.09233, 0.09192, 0.10115, 0.09221, 0.12593, 0.10731, 0.08088, 0.08598, 0.11556, 0.09314, 0.09217, 0.10769], "FUKUI+": [-0.029, -0.01, -0.02, -0.036, -0.017, -0.024, -0.027, -0.033, 0.017, 0.012, -0.044, -0.115, -0.033, -0.026, -0.019, -0.045, -0.02, -0.023, -0.043, -0.054, -0.05, -0.045, -0.026, -0.022, -0.006, -0.011, -0.03, -0.048, -0.057, -0.063, -0.052], "FUKUI-": [-0.074, -0.024, -0.015, -0.035, -0.026, -0.016, -0.022, -0.072, 0.014, 0.009, -0.008, -0.104, -0.012, -0.012, -0.025, -0.019, -0.019, -0.011, -0.044, -0.056, -0.053, -0.043, -0.035, -0.042, -0.017, -0.02, -0.037, -0.038, -0.049, -0.054, -0.041], "FUKUIrad": [-0.052, -0.017, -0.018, -0.036, -0.022, -0.02, -0.024, -0.052, 0.016, 0.011, -0.026, -0.109, -0.023, -0.019, -0.022, -0.032, -0.02, -0.017, -0.044, -0.055, -0.051, -0.044, -0.03, -0.032, -0.012, -0.015, -0.033, -0.043, -0.053, -0.058, -0.046], "s proportion": [1.671, 1.02, 1.064, 1.058, 1.059, 1.062, 1.05, 1.45, 1.005, 1.012, 1.001, 1.734, 1.085, 1.067, 1.06, 1.064, 1.063, 1.019, 0.949, 0.963, 0.963, 0.959, 0.973, 0.943, 0.948, 0.973, 0.965, 0.944, 0.962, 0.963, 0.951], "p proportion": [4.746, 2.754, 2.994, 2.977, 2.975, 2.999, 2.852, 3.805, 2.894, 3.082, 2.531, 4.813, 2.979, 2.936, 2.98, 2.955, 3.0, 2.727, 0.0, 0.0, 0.0, 0.0, 0.0, 0.0, 0.0, 0.0, 0.0, 0.0, 0.0, 0.0, 0.0], "d proportion": [0.0, 0.0, 0.0, 0.0, 0.0, 0.0, 0.0, 0.0, 0.0, 0.0, 0.0, 0.0, 0.0, 0.0, 0.0, 0.0, 0.0, 0.0, 0.0, 0.0, 0.0, 0.0, 0.0, 0.0, 0.0, 0.0, 0.0, 0.0, 0.0, 0.0, 0.0], "Fermi-level/eV": -8.7897, "Coordination numbers": [1.709, 2.91, 2.912, 2.911, 2.91, 2.919, 2.891, 2.73, 3.744, 3.748, 2.765, 0.859, 2.967, 2.92, 2.91, 2.912, 2.913, 2.91, 0.925, 0.925, 0.925, 0.925, 0.924, 0.924, 0.924, 0.924, 0.924, 0.925, 0.925, 0.925, 0.925], "Dispersion coefficient C6": [18.671, 25.175, 29.219, 28.891, 28.916, 29.258, 27.009, 23.033, 20.479, 22.583, 22.451, 22.25, 28.754, 28.499, 28.86, 28.661, 29.263, 24.845, 2.253, 2.415, 2.417, 2.33, 2.393, 2.106, 2.255, 2.486, 2.395, 2.173, 2.381, 2.385, 2.286], "Total dispersion C6": 12342.716715, "Total dispersion C8": 301012.188759, "Polarizability alpha": [5.834, 8.227, 8.864, 8.814, 8.818, 8.87, 8.521, 7.128, 6.456, 6.778, 7.76, 6.324, 8.796, 8.754, 8.809, 8.779, 8.87, 8.173, 2.347, 2.43, 2.431, 2.387, 2.419, 2.269, 2.348, 2.466, 2.42, 2.305, 2.413, 2.415, 2.365], "Total polarizability alpha": 175.591093, "Wiberg matrix": [[0.0, 0.9868212042648776, 0.0, 0.0, 0.0, 0.0, 0.0, 0.0, 0.0, 0.0, 0.0, 0.0, 0.0, 0.0, 0.0, 0.0, 0.0, 0.9958204447896287, 0.0, 0.0, 0.0, 0.0, 0.0, 0.0, 0.0, 0.0, 0.0, 0.0, 0.0, 0.0, 0.0], [0.9868212042648776, 0.0, 1.39242711695122, 0.0, 0.0, 0.0, 1.3350373969918077, 0.0, 0.0, 0.0, 0.0, 0.0, 0.0, 0.0, 0.0, 0.0, 0.0, 0.0, 0.0, 0.0, 0.0, 0.0, 0.0, 0.0, 0.0, 0.0, 0.0, 0.0, 0.0, 0.0, 0.0], [0.0, 1.39242711695122, 0.0, 1.4374013789246607, 0.0, 0.10635661866545126, 0.0, 0.0, 0.0, 0.0, 0.0, 0.0, 0.0, 0.0, 0.0, 0.0, 0.0, 0.0, 0.9674395760517711, 0.0, 0.0, 0.0, 0.0, 0.0, 0.0, 0.0, 0.0, 0.0, 0.0, 0.0, 0.0], [0.0, 0.0, 1.4374013789246607, 0.0, 1.4339413258651261, 0.0, 0.0, 0.0, 0.0, 0.0, 0.0, 0.0, 0.0, 0.0, 0.0, 0.0, 0.0, 0.0, 0.0, 0.9697116483373529, 0.0, 0.0, 0.0, 0.0, 0.0, 0.0, 0.0, 0.0, 0.0, 0.0, 0.0], [0.0, 0.0, 0.0, 1.4339413258651261, 0.0, 1.4430047712723728, 0.0, 0.0, 0.0, 0.0, 0.0, 0.0, 0.0, 0.0, 0.0, 0.0, 0.0, 0.0, 0.0, 0.0, 0.9704648864529376, 0.0, 0.0, 0.0, 0.0, 0.0, 0.0, 0.0, 0.0, 0.0, 0.0], [0.0, 0.0, 0.10635661866545126, 0.0, 1.4430047712723728, 0.0, 1.3733503978779786, 0.0, 0.0, 0.0, 0.0, 0.0, 0.0, 0.0, 0.0, 0.0, 0.0, 0.0, 0.0, 0.0, 0.0, 0.9645856131996149, 0.0, 0.0, 0.0, 0.0, 0.0, 0.0, 0.0, 0.0, 0.0], [0.0, 1.3350373969918077, 0.0, 0.0, 0.0, 1.3733503978779786, 0.0, 1.0579869257279049, 0.0, 0.0, 0.0, 0.0, 0.0, 0.0, 0.0, 0.0, 0.0, 0.0, 0.0, 0.0, 0.0, 0.0, 0.0, 0.0, 0.0, 0.0, 0.0, 0.0, 0.0, 0.0, 0.0], [0.0, 0.0, 0.0, 0.0, 0.0, 0.0, 1.0579869257279049, 0.0, 0.9750884719011105, 0.0, 1.163255451566737, 0.16592673953496054, 0.0, 0.0, 0.0, 0.0, 0.0, 0.0, 0.0, 0.0, 0.0, 0.0, 0.0, 0.0, 0.0, 0.0, 0.0, 0.0, 0.0, 0.0, 0.0], [0.0, 0.0, 0.0, 0.0, 0.0, 0.0, 0.0, 0.9750884719011105, 0.0, 1.0119453777630498, 0.0, 0.0, 0.0, 0.0, 0.0, 0.0, 0.0, 0.0, 0.0, 0.0, 0.0, 0.0, 0.9706551430828669, 0.96523879494125, 0.0, 0.0, 0.0, 0.0, 0.0, 0.0, 0.0], [0.0, 0.0, 0.0, 0.0, 0.0, 0.0, 0.0, 0.0, 1.0119453777630498, 0.0, 0.0, 0.0, 0.0, 0.0, 0.0, 0.0, 0.0, 0.0, 0.0, 0.0, 0.0, 0.0, 0.0, 0.0, 0.9849640637198179, 0.9847043318365634, 0.9838181048475405, 0.0, 0.0, 0.0, 0.0], [0.0, 0.0, 0.0, 0.0, 0.0, 0.0, 0.0, 1.163255451566737, 0.0, 0.0, 0.0, 1.6777997991418376, 1.0097348683590366, 0.0, 0.0, 0.0, 0.0, 0.0, 0.0, 0.0, 0.0, 0.0, 0.0, 0.0, 0.0, 0.0, 0.0, 0.0, 0.0, 0.0, 0.0], [0.0, 0.0, 0.0, 0.0, 0.0, 0.0, 0.0, 0.16592673953496054, 0.0, 0.0, 1.6777997991418376, 0.0, 0.0, 0.0, 0.0, 0.0, 0.0, 0.0, 0.0, 0.0, 0.0, 0.0, 0.0, 0.0, 0.0, 0.0, 0.0, 0.0, 0.0, 0.0, 0.0], [0.0, 0.0, 0.0, 0.0, 0.0, 0.0, 0.0, 0.0, 0.0, 0.0, 1.0097348683590366, 0.0, 0.0, 1.3812672332402245, 0.0, 0.10002970929397062, 0.0, 1.3585707691308004, 0.0, 0.0, 0.0, 0.0, 0.0, 0.0, 0.0, 0.0, 0.0, 0.0, 0.0, 0.0, 0.0], [0.0, 0.0, 0.0, 0.0, 0.0, 0.0, 0.0, 0.0, 0.0, 0.0, 0.0, 0.0, 1.3812672332402245, 0.0, 1.4521666516479375, 0.0, 0.11206386219640191, 0.0, 0.0, 0.0, 0.0, 0.0, 0.0, 0.0, 0.0, 0.0, 0.0, 0.9667093264272648, 0.0, 0.0, 0.0], [0.0, 0.0, 0.0, 0.0, 0.0, 0.0, 0.0, 0.0, 0.0, 0.0, 0.0, 0.0, 0.0, 1.4521666516479375, 0.0, 1.4286906271514903, 0.0, 0.0, 0.0, 0.0, 0.0, 0.0, 0.0, 0.0, 0.0, 0.0, 0.0, 0.0, 0.969692686722125, 0.0, 0.0], [0.0, 0.0, 0.0, 0.0, 0.0, 0.0, 0.0, 0.0, 0.0, 0.0, 0.0, 0.0, 0.10002970929397062, 0.0, 1.4286906271514903, 0.0, 1.445587409241248, 0.0, 0.0, 0.0, 0.0, 0.0, 0.0, 0.0, 0.0, 0.0, 0.0, 0.0, 0.0, 0.9699883503515481, 0.0], [0.0, 0.0, 0.0, 0.0, 0.0, 0.0, 0.0, 0.0, 0.0, 0.0, 0.0, 0.0, 0.0, 0.11206386219640191, 0.0, 1.445587409241248, 0.0, 1.3818694194071632, 0.0, 0.0, 0.0, 0.0, 0.0, 0.0, 0.0, 0.0, 0.0, 0.0, 0.0, 0.0, 0.9678158553279905], [0.9958204447896287, 0.0, 0.0, 0.0, 0.0, 0.0, 0.0, 0.0, 0.0, 0.0, 0.0, 0.0, 1.3585707691308004, 0.0, 0.0, 0.0, 1.3818694194071632, 0.0, 0.0, 0.0, 0.0, 0.0, 0.0, 0.0, 0.0, 0.0, 0.0, 0.0, 0.0, 0.0, 0.0], [0.0, 0.0, 0.9674395760517711, 0.0, 0.0, 0.0, 0.0, 0.0, 0.0, 0.0, 0.0, 0.0, 0.0, 0.0, 0.0, 0.0, 0.0, 0.0, 0.0, 0.0, 0.0, 0.0, 0.0, 0.0, 0.0, 0.0, 0.0, 0.0, 0.0, 0.0, 0.0], [0.0, 0.0, 0.0, 0.9697116483373529, 0.0, 0.0, 0.0, 0.0, 0.0, 0.0, 0.0, 0.0, 0.0, 0.0, 0.0, 0.0, 0.0, 0.0, 0.0, 0.0, 0.0, 0.0, 0.0, 0.0, 0.0, 0.0, 0.0, 0.0, 0.0, 0.0, 0.0], [0.0, 0.0, 0.0, 0.0, 0.9704648864529376, 0.0, 0.0, 0.0, 0.0, 0.0, 0.0, 0.0, 0.0, 0.0, 0.0, 0.0, 0.0, 0.0, 0.0, 0.0, 0.0, 0.0, 0.0, 0.0, 0.0, 0.0, 0.0, 0.0, 0.0, 0.0, 0.0], [0.0, 0.0, 0.0, 0.0, 0.0, 0.9645856131996149, 0.0, 0.0, 0.0, 0.0, 0.0, 0.0, 0.0, 0.0, 0.0, 0.0, 0.0, 0.0, 0.0, 0.0, 0.0, 0.0, 0.0, 0.0, 0.0, 0.0, 0.0, 0.0, 0.0, 0.0, 0.0], [0.0, 0.0, 0.0, 0.0, 0.0, 0.0, 0.0, 0.0, 0.9706551430828669, 0.0, 0.0, 0.0, 0.0, 0.0, 0.0, 0.0, 0.0, 0.0, 0.0, 0.0, 0.0, 0.0, 0.0, 0.0, 0.0, 0.0, 0.0, 0.0, 0.0, 0.0, 0.0], [0.0, 0.0, 0.0, 0.0, 0.0, 0.0, 0.0, 0.0, 0.96523879494125, 0.0, 0.0, 0.0, 0.0, 0.0, 0.0, 0.0, 0.0, 0.0, 0.0, 0.0, 0.0, 0.0, 0.0, 0.0, 0.0, 0.0, 0.0, 0.0, 0.0, 0.0, 0.0], [0.0, 0.0, 0.0, 0.0, 0.0, 0.0, 0.0, 0.0, 0.0, 0.9849640637198179, 0.0, 0.0, 0.0, 0.0, 0.0, 0.0, 0.0, 0.0, 0.0, 0.0, 0.0, 0.0, 0.0, 0.0, 0.0, 0.0, 0.0, 0.0, 0.0, 0.0, 0.0], [0.0, 0.0, 0.0, 0.0, 0.0, 0.0, 0.0, 0.0, 0.0, 0.9847043318365634, 0.0, 0.0, 0.0, 0.0, 0.0, 0.0, 0.0, 0.0, 0.0, 0.0, 0.0, 0.0, 0.0, 0.0, 0.0, 0.0, 0.0, 0.0, 0.0, 0.0, 0.0], [0.0, 0.0, 0.0, 0.0, 0.0, 0.0, 0.0, 0.0, 0.0, 0.9838181048475405, 0.0, 0.0, 0.0, 0.0, 0.0, 0.0, 0.0, 0.0, 0.0, 0.0, 0.0, 0.0, 0.0, 0.0, 0.0, 0.0, 0.0, 0.0, 0.0, 0.0, 0.0], [0.0, 0.0, 0.0, 0.0, 0.0, 0.0, 0.0, 0.0, 0.0, 0.0, 0.0, 0.0, 0.0, 0.9667093264272648, 0.0, 0.0, 0.0, 0.0, 0.0, 0.0, 0.0, 0.0, 0.0, 0.0, 0.0, 0.0, 0.0, 0.0, 0.0, 0.0, 0.0], [0.0, 0.0, 0.0, 0.0, 0.0, 0.0, 0.0, 0.0, 0.0, 0.0, 0.0, 0.0, 0.0, 0.0, 0.969692686722125, 0.0, 0.0, 0.0, 0.0, 0.0, 0.0, 0.0, 0.0, 0.0, 0.0, 0.0, 0.0, 0.0, 0.0, 0.0, 0.0], [0.0, 0.0, 0.0, 0.0, 0.0, 0.0, 0.0, 0.0, 0.0, 0.0, 0.0, 0.0, 0.0, 0.0, 0.0, 0.9699883503515481, 0.0, 0.0, 0.0, 0.0, 0.0, 0.0, 0.0, 0.0, 0.0, 0.0, 0.0, 0.0, 0.0, 0.0, 0.0], [0.0, 0.0, 0.0, 0.0, 0.0, 0.0, 0.0, 0.0, 0.0, 0.0, 0.0, 0.0, 0.0, 0.0, 0.0, 0.0, 0.9678158553279905, 0.0, 0.0, 0.0, 0.0, 0.0, 0.0, 0.0, 0.0, 0.0, 0.0, 0.0, 0.0, 0.0, 0.0]], "Born radii": [], "Atomic SASAs": [], "Solvent H bonds": [], "Total SASA": NaN, "Total FOD": 0.0, "FOD": [0.0, 0.0, 0.0, 0.0, 0.0, 0.0, 0.0, 0.0, 0.0, 0.0, 0.0, 0.0, 0.0, 0.0, 0.0, 0.0, 0.0, 0.0, 0.0, 0.0, 0.0, 0.0, 0.0, 0.0, 0.0, 0.0, 0.0, 0.0, 0.0, 0.0, 0.0], "FOD s proportion": [0.0, 0.0, 0.0, 0.0, 0.0, 0.0, 0.0, 0.0, 0.0, 0.0, 0.0, 0.0, 0.0, 0.0, 0.0, 0.0, 0.0, 0.0, 0.0, 0.0, 0.0, 0.0, 0.0, 0.0, 0.0, 0.0, 0.0, 0.0, 0.0, 0.0, 0.0], "FOD p proportion": [0.0, 0.0, 0.0, 0.0, 0.0, 0.0, 0.0, 0.0, 0.0, 0.0, 0.0, 0.0, 0.0, 0.0, 0.0, 0.0, 0.0, 0.0, 0.0, 0.0, 0.0, 0.0, 0.0, 0.0, 0.0, 0.0, 0.0, 0.0, 0.0, 0.0, 0.0], "FOD d proportion": [0.0, 0.0, 0.0, 0.0, 0.0, 0.0, 0.0, 0.0, 0.0, 0.0, 0.0, 0.0, 0.0, 0.0, 0.0, 0.0, 0.0, 0.0, 0.0, 0.0, 0.0, 0.0, 0.0, 0.0, 0.0, 0.0, 0.0, 0.0, 0.0, 0.0, 0.0], "coordinates": [["0.91130", "1.09860", "-1.60150"], ["-0.13600", "1.50100", "-0.81040"], ["-0.25660", "2.88780", "-0.63890"], ["-1.32740", "3.41540", "0.07290"], ["-2.28630", "2.55690", "0.59460"], ["-2.17310", "1.17410", "0.40150"], ["-1.09160", "0.61030", "-0.30050"], ["-1.02090", "-0.80590", "-0.51850"], ["-2.26680", "-1.58320", "-0.53480"], ["-2.52820", "-2.30570", "0.78150"], ["0.15770", "-1.55040", "-0.70070"], ["0.14050", "-2.75990", "-0.94850"], ["1.49050", "-0.95030", "-0.48460"], ["2.48100", "-1.72830", "0.13560"], ["3.77230", "-1.22490", "0.30890"], ["4.08790", "0.05130", "-0.15340"], ["3.11220", "0.82130", "-0.78580"], ["1.81550", "0.32060", "-0.93670"], ["0.48700", "3.55280", "-1.07030"], ["-1.41760", "4.48940", "0.21150"], ["-3.12990", "2.95800", "1.15130"], ["-2.94780", "0.55280", "0.84030"], ["-3.11590", "-0.94670", "-0.80740"], ["-2.20030", "-2.33040", "-1.33590"], ["-1.73180", "-3.02180", "1.00760"], ["-2.58850", "-1.60700", "1.62110"], ["-3.47190", "-2.85730", "0.72750"], ["2.24720", "-2.73520", "0.47670"], ["4.53220", "-1.83480", "0.79130"], ["5.09530", "0.44140", "-0.03120"], ["3.36000", "1.81020", "-1.16200"]], "bond_dist": [[0.0, 1.3728081657682547, 2.3434644887431086, 3.6308339661846283, 4.14416938119088, 3.678482378644758, 2.437754355959599, 2.9211994266054484, 4.293043179377538, 5.394266191058798, 2.897680900306312, 3.9885541102008384, 2.404356350460555, 3.6705364880355025, 4.15133730380946, 3.6448070538781616, 2.363519111409933, 1.3655843730798913, 2.546625526063854, 4.4953608142172525, 5.231307068028028, 4.599232293546391, 4.586086211575181, 4.6379563301092, 5.547168338891474, 5.47302678232073, 6.347111788049743, 4.560873434990276, 5.238439100533669, 4.5170355245448315, 2.587598597155285], [1.3728081657682547, 0.0, 1.4025586796993557, 2.4216895362535635, 2.7771820069991815, 2.392768611880388, 1.4023251620077275, 2.487979346779229, 3.758796834094655, 4.769458180967729, 3.0674640568391345, 4.272094646657538, 2.9598174909950106, 4.262860951286119, 4.894708590917339, 4.5138243541369665, 3.318644375343643, 2.284217174438542, 2.1599907985915126, 3.4084179218517203, 3.8645249514008833, 3.3956020040634916, 3.856299819775428, 4.3837325078065605, 5.129076084442499, 4.646139526531677, 5.699837200306689, 5.028087020925553, 5.9569367774049775, 5.394108312779787, 3.5272146518180603], [2.3434644887431086, 1.4025586796993557, 0.0, 1.3898322344801188, 2.3980615400777356, 2.7734765367675274, 2.4492337189414974, 3.773866762353965, 4.903221578717405, 5.843812537205484, 4.457923616438487, 5.670101926773451, 4.219855271214879, 5.4224241091969185, 5.834780316344395, 5.2111536870447415, 3.954847064046852, 3.3125215606845484, 1.0868633400754668, 2.1531891974464297, 3.3860887421920887, 3.8578251748880477, 4.786165374284511, 5.6118971774258295, 6.3095601629590625, 5.5451406339244445, 6.72394059015991, 6.255534093904372, 6.876120144383749, 5.915826726671429, 3.8098098285872486], [3.6308339661846283, 2.4216895362535635, 1.3898322344801188, 0.0, 1.3887700853633045, 2.4179768692028465, 2.8396505436408894, 4.273531314966582, 5.122282070522864, 5.888549890253118, 5.240529420774203, 6.429021578747422, 5.225964327279703, 6.40042901218348, 6.898914420399778, 6.379173503675849, 5.213134245346076, 4.524919845698927, 2.1489142281626785, 1.0866563394192295, 2.1496901102251926, 3.377732624113401, 4.795995908046628, 5.980040927117472, 6.517265322970977, 5.404794002549958, 6.6613922493725, 7.125356128643676, 7.900355103411491, 7.0786007162432885, 5.106208359438537], [4.14416938119088, 2.7771820069991815, 2.3980615400777356, 1.3887700853633045, 0.0, 1.400798947029873, 2.4531130548753763, 3.761469474819648, 4.291427806686255, 4.872199296005861, 4.951853327795564, 6.0447397040732875, 5.265865809152375, 6.426567460939005, 7.147745776816633, 6.889699630607999, 5.836232840625877, 4.916368641589034, 3.384509079615536, 2.1531283171237146, 1.0874084145343, 2.124704108811389, 3.8638132874143905, 5.2554664436184915, 5.621381764299592, 4.299196471435098, 5.544084361731881, 6.969422147495443, 8.112808516783815, 7.704218613850467, 5.960193632760601], [3.678482378644758, 2.392768611880388, 2.7734765367675274, 2.4179768692028465, 1.400798947029873, 0.0, 1.4072372543391538, 2.4686767386598025, 2.913441379194028, 3.518451939418812, 3.7510496837552014, 4.759369807022774, 4.326686206555775, 5.491381918970852, 6.411829451880329, 6.385038359320952, 5.428493826099464, 4.29280461353647, 3.8601218814954534, 3.405597501173619, 2.1586953212530946, 1.0856883622845002, 2.6168881691810983, 3.911626113267985, 4.2623561219119175, 3.0650446212086373, 4.247981096944759, 5.90146876802716, 7.359787452093979, 7.318040525987814, 5.784838033169121], [2.437754355959599, 1.4023251620077275, 2.4492337189414974, 2.8396505436408894, 2.4531130548753763, 1.4072372543391538, 0.0, 1.4346236196299014, 2.4994867033053003, 3.4260180326437277, 2.5277529586571545, 3.6463985588522823, 3.0226818522629864, 4.292167742528243, 5.234200092659814, 5.211654215313982, 4.23697669689131, 2.9899677155447684, 3.426788036923206, 3.9263006520132913, 3.4313387212573465, 2.179497494836826, 2.6036488050426465, 3.3089251034134937, 3.9131997214555763, 3.293884554746872, 4.329764641409508, 4.789989094977148, 6.228777383243038, 6.1950610416685965, 4.690275559068998], [2.9211994266054484, 2.487979346779229, 3.773866762353965, 4.273531314966582, 3.761469474819648, 2.4686767386598025, 1.4346236196299014, 0.0, 1.468580195290676, 2.4922586803941518, 1.405907198217578, 2.313410028507701, 2.5157763274981346, 3.6799418718235213, 4.882101801478539, 5.1930653076964095, 4.449915138516689, 3.080431536327337, 4.645052350619958, 5.360081434082882, 4.6263437237196285, 2.721276674651073, 2.1195076904790886, 2.093615860180659, 2.782907262199012, 2.7707434255087566, 3.4304750341607217, 3.923404024568461, 5.797510746863692, 6.261079860535242, 5.142990984825853], [4.293043179377538, 3.758796834094655, 4.903221578717405, 5.122282070522864, 4.291427806686255, 2.913441379194028, 2.4994867033053003, 1.468580195290676, 0.0, 1.5241331634735857, 2.430390688757674, 2.711247659288985, 3.8105623915637437, 4.797092349538416, 6.108267953356336, 6.57261502752139, 5.897309746825242, 4.522294919617694, 5.852236383640019, 6.176938974119786, 4.920403668399576, 2.6300488607628565, 1.0956339808530948, 1.0974931890449253, 2.17595788562187, 2.1798995710812, 2.1607864563625907, 4.767224795412945, 6.931684122202914, 7.652001994903033, 6.600713722015218], [5.394266191058798, 4.769458180967729, 5.843812537205484, 5.888549890253118, 4.872199296005861, 3.518451939418812, 3.4260180326437277, 2.4922586803941518, 1.5241331634735857, 0.0, 3.1593438780860814, 3.2126558063384256, 4.426066883814568, 5.083567862240063, 6.409975011651761, 7.085355758181801, 6.636917239954103, 5.358861130874731, 6.844166605949916, 6.908814396841183, 5.310869290426945, 2.8897307573543936, 2.171836895349188, 2.1427811974161055, 1.0946110633462462, 1.0939588383481345, 1.094416853854143, 4.804354113718096, 7.076092919825177, 8.14400343504348, 7.442360129690043], [2.897680900306312, 3.0674640568391345, 4.457923616438487, 5.240529420774203, 4.951853327795564, 3.7510496837552014, 2.5277529586571545, 1.405907198217578, 2.430390688757674, 3.1593438780860814, 0.0, 1.2347432648125682, 1.4775571257992024, 2.4756350680179016, 3.767038036707354, 4.279188266482325, 3.789627046293606, 2.510903789475017, 5.127152512847653, 6.308158445219966, 5.8791060817100425, 4.054905854640771, 3.3305098018171333, 2.563599625526576, 2.941686098141676, 3.5966057943566736, 4.113604138708537, 2.675076083030163, 4.630680037532285, 5.366133733890724, 4.664885351217111], [3.9885541102008384, 4.272094646657538, 5.670101926773451, 6.429021578747422, 6.0447397040732875, 4.759369807022774, 3.6463985588522823, 2.313410028507701, 2.711247659288985, 3.2126558063384256, 1.2347432648125682, 0.0, 2.304854739457565, 2.778022969667458, 4.138508306141236, 4.910905844139145, 4.656443451820284, 3.5064575414512005, 6.323375584290402, 7.505040046528732, 6.913686181046982, 4.869433603613463, 3.729845091957573, 2.4112017024711974, 2.720372421195304, 3.9216659176936526, 3.9834528389325765, 2.543617506623195, 4.813495916690903, 5.9699082086745685, 5.594334322330048], [2.404356350460555, 2.9598174909950106, 4.219855271214879, 5.225964327279703, 5.265865809152375, 4.326686206555775, 3.0226818522629864, 2.5157763274981346, 3.8105623915637437, 4.426066883814568, 1.4775571257992024, 2.304854739457565, 0.0, 1.4039310132624037, 2.4313902710177975, 2.8034590705055784, 2.420578213981114, 1.3875180070903586, 4.650587742425682, 6.207409839055256, 6.268897340043144, 4.8696176964932265, 4.617697885310385, 4.0313015689724825, 4.11108141247531, 4.637183237699369, 5.452636900619736, 2.163922500922803, 3.4149963323552774, 3.8906276473083365, 3.402096597687961], [3.6705364880355025, 4.262860951286119, 5.4224241091969185, 6.40042901218348, 6.426567460939005, 5.491381918970852, 4.292167742528243, 3.6799418718235213, 4.797092349538416, 5.083567862240063, 2.4756350680179016, 2.778022969667458, 1.4039310132624037, 0.0, 1.3967462690123786, 2.4150827666976555, 2.7834962834535992, 2.4063891518206275, 5.772369359283933, 7.339253099600803, 7.380735260798886, 5.930589240539257, 5.7293487561851215, 4.943926207984905, 4.492350174463251, 5.284056603595386, 6.087857178022493, 1.0885124069113774, 2.1560858470849436, 3.401468038950241, 3.8700631790708533], [4.15133730380946, 4.894708590917339, 5.834780316344395, 6.898914420399778, 7.147745776816633, 6.411829451880329, 5.234200092659814, 4.882101801478539, 6.108267953356336, 6.409975011651761, 3.767038036707354, 4.138508306141236, 2.4313902710177975, 1.3967462690123786, 0.0, 1.39356057995338, 2.4126820221487955, 2.7873205502776317, 5.960017283531987, 7.71995940792437, 8.114595184604099, 6.971538371120108, 6.983610826069849, 6.292809233561749, 5.831993493652063, 6.5059700191439545, 7.437633317124474, 2.152926598841679, 1.0872606771147384, 2.1546583719931105, 3.3978478644577366], [3.6448070538781616, 4.5138243541369665, 5.2111536870447415, 6.379173503675849, 6.889699630607999, 6.385038359320952, 5.211654215313982, 5.1930653076964095, 6.57261502752139, 7.085355758181801, 4.279188266482325, 4.910905844139145, 2.8034590705055784, 2.4150827666976555, 1.39356057995338, 0.0, 1.3945681231119549, 2.4186531665371125, 5.105652619401363, 7.080989610923038, 7.889726473078773, 7.1232026806767195, 7.301948674155414, 6.827317216886878, 6.682871590865711, 7.104444109147457, 8.147792020541516, 3.3984974253337312, 2.1557443702814116, 1.0871824179961702, 2.154261260850225], [2.363519111409933, 3.318644375343643, 3.954847064046852, 5.213134245346076, 5.836232840625877, 5.428493826099464, 4.23697669689131, 4.449915138516689, 5.897309746825242, 6.636917239954103, 3.789627046293606, 4.656443451820284, 2.420578213981114, 2.7834962834535992, 2.4126820221487955, 1.3945681231119549, 0.0, 1.3981781681888759, 3.7991719545185103, 5.913429879520007, 6.87616577098022, 6.280118904925288, 6.474219657225108, 6.2014900749739175, 6.4381703278183, 6.647389637293725, 7.692369443805985, 3.8717984839089956, 3.3997811135424585, 2.1555581133432704, 1.0866712888449752], [1.3655843730798913, 2.284217174438542, 3.3125215606845484, 4.524919845698927, 4.916368641589034, 4.29280461353647, 2.9899677155447684, 3.080431536327337, 4.522294919617694, 5.358861130874731, 2.510903789475017, 3.5064575414512005, 1.3875180070903586, 2.4063891518206275, 2.7873205502776317, 2.4186531665371125, 1.3981781681888759, 0.0, 3.4971242542980936, 5.399091802331203, 5.9810203076063875, 5.089270353400377, 5.093277308374246, 4.828437768057076, 5.247406744288077, 5.445475057329709, 6.389460760502407, 3.3944039373651447, 3.874557013388756, 3.40464549255866, 2.157579314880452], [2.546625526063854, 2.1599907985915126, 1.0868633400754668, 2.1489142281626785, 3.384509079615536, 3.8601218814954534, 3.426788036923206, 4.645052350619958, 5.852236383640019, 6.844166605949916, 5.127152512847653, 6.323375584290402, 4.650587742425682, 5.772369359283933, 5.960017283531987, 5.105652619401363, 3.7991719545185103, 3.4971242542980936, 0.0, 2.4794620303606183, 4.286170693054583, 4.94451649810171, 5.770225738218567, 6.473342791016092, 7.2433491569853246, 6.5822389997629225, 7.745602369086603, 6.7104736822373425, 6.989666040663173, 5.6565862196204515, 3.3614271745792736], [4.4953608142172525, 3.4084179218517203, 2.1531891974464297, 1.0866563394192295, 2.1531283171237146, 3.405597501173619, 3.9263006520132913, 5.360081434082882, 6.176938974119786, 6.908814396841183, 6.308158445219966, 7.505040046528732, 6.207409839055256, 7.339253099600803, 7.71995940792437, 7.080989610923038, 5.913429879520007, 5.399091802331203, 2.4794620303606183, 0.0, 2.482011541069058, 4.270096139432928, 5.785634218475965, 7.036813063454223, 7.559803058942739, 6.365852019172296, 7.645940450984431, 8.105302908590152, 8.702401606453243, 7.6722274275467095, 5.64712994803555], [5.231307068028028, 3.8645249514008833, 3.3860887421920887, 2.1496901102251926, 1.0874084145343, 2.1586953212530946, 3.4313387212573465, 4.6263437237196285, 4.920403668399576, 5.310869290426945, 5.8791060817100425, 6.913686181046982, 6.268897340043144, 7.380735260798886, 8.114595184604099, 7.889726473078773, 6.87616577098022, 5.9810203076063875, 4.286170693054583, 2.482011541069058, 0.0, 2.432050256470865, 4.3684532480043785, 5.917558158565068, 6.142747051604844, 4.620936160563138, 5.840743491200415, 7.86007734122254, 9.044794538849404, 8.682482182532828, 6.984812362547759], [4.599232293546391, 3.3956020040634916, 3.8578251748880477, 3.377732624113401, 2.124704108811389, 1.0856883622845002, 2.179497494836826, 2.721276674651073, 2.6300488607628565, 2.8897307573543936, 4.054905854640771, 4.869433603613463, 4.8696176964932265, 5.930589240539257, 6.971538371120108, 7.1232026806767195, 6.280118904925288, 5.089270353400377, 4.94451649810171, 4.270096139432928, 2.432050256470865, 0.0, 2.2342052613849064, 3.6888270398596896, 3.779472244904042, 2.3245389155701393, 3.4519830040137798, 6.158828943882108, 7.851970119657868, 8.090944309535198, 6.736364070476001], [4.586086211575181, 3.856299819775428, 4.786165374284511, 4.795995908046628, 3.8638132874143905, 2.6168881691810983, 2.6036488050426465, 2.1195076904790886, 1.0956339808530948, 2.171836895349188, 3.3305098018171333, 3.729845091957573, 4.617697885310385, 5.7293487561851215, 6.983610826069849, 7.301948674155414, 6.474219657225108, 5.093277308374246, 5.770225738218567, 5.785634218475965, 4.3684532480043785, 2.2342052613849064, 0.0, 1.7413389388628513, 3.084801098936526, 2.571334108979228, 2.4764988128404184, 5.797455189132555, 7.863713938718778, 8.363797791075536, 7.047234888947578], [4.6379563301092, 4.3837325078065605, 5.6118971774258295, 5.980040927117472, 5.2554664436184915, 3.911626113267985, 3.3089251034134937, 2.093615860180659, 1.0974931890449253, 2.1427811974161055, 2.563599625526576, 2.4112017024711974, 4.0313015689724825, 4.943926207984905, 6.292809233561749, 6.827317216886878, 6.2014900749739175, 4.828437768057076, 6.473342791016092, 7.036813063454223, 5.917558158565068, 3.6888270398596896, 1.7413389388628513, 0.0, 2.487874285409132, 3.0688525217090508, 2.480364838083301, 4.8197134821480825, 7.077934405601679, 7.912704764491091, 6.934821242108552], [5.547168338891474, 5.129076084442499, 6.3095601629590625, 6.517265322970977, 5.621381764299592, 4.2623561219119175, 3.9131997214555763, 2.782907262199012, 2.17595788562187, 1.0946110633462462, 2.941686098141676, 2.720372421195304, 4.11108141247531, 4.492350174463251, 5.831993493652063, 6.682871590865711, 6.4381703278183, 5.247406744288077, 7.2433491569853246, 7.559803058942739, 6.142747051604844, 3.779472244904042, 3.084801098936526, 2.487874285409132, 0.0, 1.7640794143121785, 1.770159391128381, 4.024479515415627, 6.379141845891184, 7.725422583263649, 7.347231818855316], [5.47302678232073, 4.646139526531677, 5.5451406339244445, 5.404794002549958, 4.299196471435098, 3.0650446212086373, 3.293884554746872, 2.7707434255087566, 2.1798995710812, 1.0939588383481345, 3.5966057943566736, 3.9216659176936526, 4.637183237699369, 5.284056603595386, 6.5059700191439545, 7.104444109147457, 6.647389637293725, 5.445475057329709, 6.5822389997629225, 6.365852019172296, 4.620936160563138, 2.3245389155701393, 2.571334108979228, 3.0688525217090508, 1.7640794143121785, 0.0, 1.7726157536251337, 5.095731654041448, 7.172505097244616, 8.12199607793552, 7.403212390577484], [6.347111788049743, 5.699837200306689, 6.72394059015991, 6.6613922493725, 5.544084361731881, 4.247981096944759, 4.329764641409508, 3.4304750341607217, 2.1607864563625907, 1.094416853854143, 4.113604138708537, 3.9834528389325765, 5.452636900619736, 6.087857178022493, 7.437633317124474, 8.147792020541516, 7.692369443805985, 6.389460760502407, 7.745602369086603, 7.645940450984431, 5.840743491200415, 3.4519830040137798, 2.4764988128404184, 2.480364838083301, 1.770159391128381, 1.7726157536251337, 0.0, 5.725898519883146, 8.069398583537685, 9.21162109620234, 8.487085725383007], [4.560873434990276, 5.028087020925553, 6.255534093904372, 7.125356128643676, 6.969422147495443, 5.90146876802716, 4.789989094977148, 3.923404024568461, 4.767224795412945, 4.804354113718096, 2.675076083030163, 2.543617506623195, 2.163922500922803, 1.0885124069113774, 2.152926598841679, 3.3984974253337312, 3.8717984839089956, 3.3944039373651447, 6.7104736822373425, 8.105302908590152, 7.86007734122254, 6.158828943882108, 5.797455189132555, 4.8197134821480825, 4.024479515415627, 5.095731654041448, 5.725898519883146, 0.0, 2.476069126660239, 4.29655950499932, 4.958258029792318], [5.238439100533669, 5.9569367774049775, 6.876120144383749, 7.900355103411491, 8.112808516783815, 7.359787452093979, 6.228777383243038, 5.797510746863692, 6.931684122202914, 7.076092919825177, 4.630680037532285, 4.813495916690903, 3.4149963323552774, 2.1560858470849436, 1.0872606771147384, 2.1557443702814116, 3.3997811135424585, 3.874557013388756, 6.989666040663173, 8.702401606453243, 9.044794538849404, 7.851970119657868, 7.863713938718778, 7.077934405601679, 6.379141845891184, 7.172505097244616, 8.069398583537685, 2.476069126660239, 0.0, 2.4848891927005523, 4.298308822083402], [4.5170355245448315, 5.394108312779787, 5.915826726671429, 7.0786007162432885, 7.704218613850467, 7.318040525987814, 6.1950610416685965, 6.261079860535242, 7.652001994903033, 8.14400343504348, 5.366133733890724, 5.9699082086745685, 3.8906276473083365, 3.401468038950241, 2.1546583719931105, 1.0871824179961702, 2.1555581133432704, 3.40464549255866, 5.6565862196204515, 7.6722274275467095, 8.682482182532828, 8.090944309535198, 8.363797791075536, 7.912704764491091, 7.725422583263649, 8.12199607793552, 9.21162109620234, 4.29655950499932, 2.4848891927005523, 0.0, 2.48265748140979], [2.587598597155285, 3.5272146518180603, 3.8098098285872486, 5.106208359438537, 5.960193632760601, 5.784838033169121, 4.690275559068998, 5.142990984825853, 6.600713722015218, 7.442360129690043, 4.664885351217111, 5.594334322330048, 3.402096597687961, 3.8700631790708533, 3.3978478644577366, 2.154261260850225, 1.0866712888449752, 2.157579314880452, 3.3614271745792736, 5.64712994803555, 6.984812362547759, 6.736364070476001, 7.047234888947578, 6.934821242108552, 7.347231818855316, 7.403212390577484, 8.487085725383007, 4.958258029792318, 4.298308822083402, 2.48265748140979, 0.0]]}