{"total energy": -16.83010962, "HOMO-LUMO gap/eV": 13.48257272, "electronic energy": -17.07833666, "dipole": [0.0031652, 0.00569297, -0.00602977], "partial charges": [-0.09875161, -0.05578727, -0.00926699, -0.10381049, -0.10243532, 0.02966206, 0.03350154, 0.03079787, 0.03013226, 0.02787004, 0.02768032, 0.03192186, 0.03276078, 0.02939047, 0.03254734, 0.03310819, 0.03067896], "atomic dipole moments": [[-0.07820619, -0.05806434, -0.02315763], [-0.00878821, 0.0966809, 0.05327268], [-0.0031598, -0.0168091, -0.09350658], [0.07236777, 0.06363913, 0.01869193], [0.01815867, -0.08595125, 0.04712072], [0.10558882, -0.05983643, -0.02695338], [0.00305209, 0.10766397, -0.0654259], [0.00258675, 0.02644761, 0.12341224], [0.00613751, -0.02342116, -0.12214215], [0.01865907, -0.10912459, 0.0514591], [-0.00116952, 0.02051553, 0.12211722], [-0.11136966, 0.0429602, 0.03859605], [-0.0117334, -0.02813175, -0.12311476], [0.01870684, -0.10796198, 0.06074975], [0.00190938, -0.00885835, -0.12656127], [0.08018226, 0.0910892, 0.03270688], [-0.11337692, 0.04464994, 0.03070646]], "atomic quadrupole moments": [[0.09876086, 0.14382285, 0.00508008, 0.06453664, 0.05612407, -0.10384094], [0.2131191, 0.05250408, -0.03756697, -0.01689715, 0.08583596, -0.17555213], [0.09930519, 0.00530069, 0.1025118, -0.00147969, -0.04463902, -0.201817], [0.07245158, 0.15070727, 0.04356866, 0.04918956, 0.03762831, -0.11602024], [-0.07915382, -0.04565067, 0.12771189, 0.02707544, -0.13846343, -0.04855807], [0.04527301, -0.04645069, 0.00207856, -0.02290695, 0.02212644, -0.04735157], [-0.03534037, -0.00587202, 0.04401932, 0.01929983, -0.05438256, -0.00867894], [-0.03713106, 0.01006989, -0.03954411, -0.01274455, 0.02132278, 0.07667517], [-0.0180247, 0.00782755, -0.04131321, 0.00511583, 0.00223379, 0.05933791], [-0.00890743, -0.00113058, 0.02765404, 0.00471241, -0.04738367, -0.01874661], [-0.01985459, 0.00099919, -0.01095895, 0.00516669, 0.00784585, 0.03081355], [0.04834834, -0.0398525, -0.01173312, -0.032711, 0.02577662, -0.03661522], [-0.03911518, 0.00951355, -0.04106337, -0.00410957, 0.01560103, 0.08017855], [-0.02950646, -0.01836709, 0.0445618, 0.02442471, -0.0528801, -0.01505535], [-0.0505764, -0.00632416, -0.02664722, -0.00630824, 0.02449301, 0.07722362], [0.02241573, 0.05478214, 0.00953607, 0.03555143, 0.01447736, -0.0319518], [0.06215808, -0.02868095, -0.0275721, -0.03933149, -0.00073734, -0.03458597]], "number of molecular orbitals": 32, "number of electrons": 32, "number of unpaired electrons": 0, "orbital energies/eV": [-16.90404432, -16.32130868, -15.85282786, -15.38342757, -14.81338588, -13.8748139, -13.57844655, -13.33538516, -13.03604687, -12.56732623, -12.43970569, -12.18822241, -11.91612186, -11.55777298, -11.43928507, -11.36693609, 2.11563663, 2.54240115, 2.8192303, 3.60673922, 3.92048316, 4.02333422, 4.91310633, 5.12023857, 5.30809364, 5.91042037, 6.08387007, 6.40600719, 6.76321534, 7.35536964, 7.83292992, 8.14567711], "fractional occupation": [2.0, 2.0, 2.0, 2.0, 2.0, 2.0, 2.0, 2.0, 2.0, 2.0, 2.0, 2.0, 2.0, 2.0, 2.0, 2.0, 0.0, 0.0, 0.0, 0.0, 0.0, 0.0, 0.0, 0.0, 0.0, 0.0, 0.0, 0.0, 0.0, 0.0, 0.0, 0.0], "program call": "xtb /home/svss/Project-DBcg-Debug/aqme2_20220329/End-to-End-workflows-final/example-3/QDESCP/mol_1127_rdkit_conf_1/mol_1127_rdkit_conf_1.xyz --pop --wbo --acc 0.2 --gfn 2 --chrg 0 --uhf 0 --etemp 300 --input /home/svss/Project-DBcg-Debug/aqme2_20220329/End-to-End-workflows-final/example-3/QDESCP/mol_1127_rdkit_conf_1/mol_1127_rdkit_conf_1_xtb.inp", "method": "GFN2-xTB", "xtb version": "6.3.3 (7355c4f)", "Dipole module/D": 0.023, "Total charge": 0, "Transition dipole module/D": NaN, "HOMO": -11.3669, "LUMO": 2.1156, "HOMO occupancy": 2.0, "LUMO occupancy": 0, "mulliken charges": [-0.08346, -0.04642, -0.00035, -0.09075, -0.09137, 0.02777, 0.02672, 0.02633, 0.02263, 0.02315, 0.0191, 0.02827, 0.02699, 0.02757, 0.02708, 0.0285, 0.02824], "cm5 charges": [-0.23398, -0.15678, -0.07472, -0.23919, -0.23977, 0.07854, 0.0785, 0.07777, 0.07779, 0.0781, 0.07726, 0.07964, 0.07882, 0.07894, 0.07898, 0.08042, 0.07968], "FUKUI+": [0.014, -0.037, -0.055, 0.015, 0.031, -0.105, -0.059, -0.066, -0.083, -0.074, -0.1, -0.117, -0.074, -0.074, -0.068, -0.066, -0.082], "FUKUI-": [0.025, 0.002, -0.015, 0.029, 0.02, -0.096, -0.086, -0.083, -0.104, -0.1, -0.122, -0.088, -0.087, -0.07, -0.085, -0.061, -0.08], "FUKUIrad": [0.019, -0.017, -0.035, 0.022, 0.026, -0.101, -0.073, -0.075, -0.094, -0.087, -0.111, -0.103, -0.081, -0.072, -0.076, -0.063, -0.081], "s proportion": [1.007, 1.031, 1.052, 1.013, 1.012, 0.972, 0.973, 0.974, 0.977, 0.977, 0.981, 0.972, 0.973, 0.972, 0.973, 0.971, 0.972], "p proportion": [3.076, 3.015, 2.948, 3.078, 3.08, 0.0, 0.0, 0.0, 0.0, 0.0, 0.0, 0.0, 0.0, 0.0, 0.0, 0.0, 0.0], "d proportion": [0.0, 0.0, 0.0, 0.0, 0.0, 0.0, 0.0, 0.0, 0.0, 0.0, 0.0, 0.0, 0.0, 0.0, 0.0, 0.0, 0.0], "Fermi-level/eV": -4.6256, "Coordination numbers": [3.749, 3.801, 3.848, 3.753, 3.752, 0.924, 0.924, 0.924, 0.924, 0.924, 0.924, 0.924, 0.924, 0.924, 0.924, 0.924, 0.924], "Dispersion coefficient C6": [22.451, 21.576, 20.709, 22.542, 22.517, 2.591, 2.537, 2.575, 2.585, 2.617, 2.62, 2.559, 2.548, 2.595, 2.551, 2.543, 2.577], "Total dispersion C6": 1816.096824, "Total dispersion C8": 37117.825289, "Polarizability alpha": [6.758, 6.613, 6.473, 6.77, 6.767, 2.517, 2.491, 2.51, 2.514, 2.53, 2.531, 2.502, 2.496, 2.519, 2.498, 2.494, 2.51], "Total polarizability alpha": 63.493748, "Wiberg matrix": [[0.0, 1.0203194591033828, 0.0, 0.0, 0.0, 0.9872133053751793, 0.9861393847287395, 0.9875830720381797, 0.0, 0.0, 0.0, 0.0, 0.0, 0.0, 0.0, 0.0, 0.0], [1.0203194591033828, 0.0, 0.9958734012124338, 0.0, 0.0, 0.0, 0.0, 0.0, 0.977336864558909, 0.9773083276422329, 0.0, 0.0, 0.0, 0.0, 0.0, 0.0, 0.0], [0.0, 0.9958734012124338, 0.0, 1.0082815256532256, 1.0098429548885444, 0.0, 0.0, 0.0, 0.0, 0.0, 0.9690526149910736, 0.0, 0.0, 0.0, 0.0, 0.0, 0.0], [0.0, 0.0, 1.0082815256532256, 0.0, 0.0, 0.0, 0.0, 0.0, 0.0, 0.0, 0.0, 0.9866242305870967, 0.9871614440614345, 0.9869042838470423, 0.0, 0.0, 0.0], [0.0, 0.0, 1.0098429548885444, 0.0, 0.0, 0.0, 0.0, 0.0, 0.0, 0.0, 0.0, 0.0, 0.0, 0.0, 0.9869702066299377, 0.9850045372182871, 0.9862255894631142], [0.9872133053751793, 0.0, 0.0, 0.0, 0.0, 0.0, 0.0, 0.0, 0.0, 0.0, 0.0, 0.0, 0.0, 0.0, 0.0, 0.0, 0.0], [0.9861393847287395, 0.0, 0.0, 0.0, 0.0, 0.0, 0.0, 0.0, 0.0, 0.0, 0.0, 0.0, 0.0, 0.0, 0.0, 0.0, 0.0], [0.9875830720381797, 0.0, 0.0, 0.0, 0.0, 0.0, 0.0, 0.0, 0.0, 0.0, 0.0, 0.0, 0.0, 0.0, 0.0, 0.0, 0.0], [0.0, 0.977336864558909, 0.0, 0.0, 0.0, 0.0, 0.0, 0.0, 0.0, 0.0, 0.0, 0.0, 0.0, 0.0, 0.0, 0.0, 0.0], [0.0, 0.9773083276422329, 0.0, 0.0, 0.0, 0.0, 0.0, 0.0, 0.0, 0.0, 0.0, 0.0, 0.0, 0.0, 0.0, 0.0, 0.0], [0.0, 0.0, 0.9690526149910736, 0.0, 0.0, 0.0, 0.0, 0.0, 0.0, 0.0, 0.0, 0.0, 0.0, 0.0, 0.0, 0.0, 0.0], [0.0, 0.0, 0.0, 0.9866242305870967, 0.0, 0.0, 0.0, 0.0, 0.0, 0.0, 0.0, 0.0, 0.0, 0.0, 0.0, 0.0, 0.0], [0.0, 0.0, 0.0, 0.9871614440614345, 0.0, 0.0, 0.0, 0.0, 0.0, 0.0, 0.0, 0.0, 0.0, 0.0, 0.0, 0.0, 0.0], [0.0, 0.0, 0.0, 0.9869042838470423, 0.0, 0.0, 0.0, 0.0, 0.0, 0.0, 0.0, 0.0, 0.0, 0.0, 0.0, 0.0, 0.0], [0.0, 0.0, 0.0, 0.0, 0.9869702066299377, 0.0, 0.0, 0.0, 0.0, 0.0, 0.0, 0.0, 0.0, 0.0, 0.0, 0.0, 0.0], [0.0, 0.0, 0.0, 0.0, 0.9850045372182871, 0.0, 0.0, 0.0, 0.0, 0.0, 0.0, 0.0, 0.0, 0.0, 0.0, 0.0, 0.0], [0.0, 0.0, 0.0, 0.0, 0.9862255894631142, 0.0, 0.0, 0.0, 0.0, 0.0, 0.0, 0.0, 0.0, 0.0, 0.0, 0.0, 0.0]], "Born radii": [], "Atomic SASAs": [], "Solvent H bonds": [], "Total SASA": NaN, "Total FOD": 0.0, "FOD": [0.0, 0.0, 0.0, 0.0, 0.0, 0.0, 0.0, 0.0, 0.0, 0.0, 0.0, 0.0, 0.0, 0.0, 0.0, 0.0, 0.0], "FOD s proportion": [0.0, 0.0, 0.0, 0.0, 0.0, 0.0, 0.0, 0.0, 0.0, 0.0, 0.0, 0.0, 0.0, 0.0, 0.0, 0.0, 0.0], "FOD p proportion": [0.0, 0.0, 0.0, 0.0, 0.0, 0.0, 0.0, 0.0, 0.0, 0.0, 0.0, 0.0, 0.0, 0.0, 0.0, 0.0, 0.0], "FOD d proportion": [0.0, 0.0, 0.0, 0.0, 0.0, 0.0, 0.0, 0.0, 0.0, 0.0, 0.0, 0.0, 0.0, 0.0, 0.0, 0.0, 0.0], "coordinates": [["2.04340", "0.24520", "0.26260"], ["0.85150", "-0.62560", "-0.10880"], ["-0.50170", "-0.03200", "0.31960"], ["-1.62220", "-1.03560", "0.03680"], ["-0.80510", "1.29250", "-0.38230"], ["2.97650", "-0.27670", "0.02670"], ["2.04290", "1.18640", "-0.29450"], ["2.04500", "0.47390", "1.33290"], ["0.86020", "-0.80230", "-1.19130"], ["0.98170", "-1.60380", "0.37090"], ["-0.47940", "0.15050", "1.40150"], ["-2.58890", "-0.64450", "0.37130"], ["-1.69760", "-1.25630", "-1.03350"], ["-1.44380", "-1.97770", "0.56590"], ["-0.77880", "1.17990", "-1.47150"], ["-0.08450", "2.06640", "-0.10150"], ["-1.79920", "1.65980", "-0.10490"]], "bond_dist": [[0.0, 1.522122271698302, 2.560785592352472, 3.88948038174767, 3.1026900505851374, 1.0948534285464881, 1.0937175595189097, 1.0944625804475911, 2.147334091379355, 2.1348856597017085, 2.7695814015840012, 4.718218421183996, 4.234319125904423, 4.1465454465132785, 3.4417408008157735, 2.824410851841495, 4.111170656881079], [1.522122271698302, 0.0, 1.5385180401932246, 2.5116709677025773, 2.5491632784111733, 2.1577109305928817, 2.176525315726881, 2.170677633827741, 1.0968613540461711, 1.0972417099253926, 2.1574596427279933, 3.4737883326420453, 2.784019286930319, 2.748053236383895, 2.788307664157598, 2.850090049454578, 3.4998969784837954], [2.560785592352472, 1.5385180401932246, 0.0, 1.5305910786359629, 1.5293840001778494, 3.499077555585186, 2.8873182245814193, 2.7871836304771884, 2.1750752883521067, 2.1618655115432133, 1.0974111125735881, 2.1758292626031115, 2.181734839525647, 2.1757675863933628, 2.1802580650005634, 2.180519114798125, 2.173912081938918], [3.88948038174767, 2.5116709677025773, 1.5305910786359629, 0.0, 2.502667942416652, 4.660909021853999, 4.298837249768826, 4.172148283558483, 2.77938271204237, 2.6860322522263207, 2.138978994754273, 1.0951522040337591, 1.0954157840747045, 1.095137333853613, 2.8097566976519515, 3.464975061959321, 2.704919416544604], [3.1026900505851374, 2.5491632784111733, 1.5293840001778494, 2.502667942416652, 0.0, 4.114628561607962, 2.8513277696539903, 3.425651326390355, 2.795691708683202, 3.485472445738167, 2.1429388535373564, 2.738945855616719, 2.7779487270286323, 3.464278997136345, 1.0953205421245418, 1.0940905858291623, 1.0954884116228705], [1.0948534285464881, 2.1577109305928817, 3.499077555585186, 4.660909021853999, 4.114628561607962, 0.0, 1.7650609082975013, 1.7712286837108304, 2.497699951955799, 2.4205154595664125, 3.7437707849172606, 5.5881752978946535, 4.891916905467631, 4.766884698626557, 4.297506822565847, 3.856977294462595, 5.155061716410387], [1.0937175595189097, 2.176525315726881, 2.8873182245814193, 4.298837249768826, 2.8513277696539903, 1.7650609082975013, 0.0, 1.7765391692839196, 2.481523165316012, 3.0584503657898385, 3.2111527680881204, 5.024843847325009, 4.52816127583813, 4.786323626751538, 3.0573456036241633, 2.3102986300476394, 3.875795160995999], [1.0944625804475911, 2.170677633827741, 2.7871836304771884, 4.172148283558483, 3.425651326390355, 1.7712286837108304, 1.7765391692839196, 0.0, 3.066597971694366, 2.5244579972738705, 2.5459553963099983, 4.862974638017353, 4.753997871265825, 4.332477005132284, 4.0418982916446575, 3.0213126054746464, 4.2721775817491485], [2.147334091379355, 1.0968613540461711, 2.1750752883521067, 2.77938271204237, 2.795691708683202, 2.497699951955799, 2.481523165316012, 3.066597971694366, 0.0, 1.7600094715654233, 3.070011048840053, 3.7898430587558636, 2.602567516895575, 3.1269366798833644, 2.5872668745222245, 3.210850638070852, 3.783465307096128], [2.1348856597017085, 1.0972417099253926, 2.1618655115432133, 2.6860322522263207, 3.485472445738167, 2.4205154595664125, 3.0584503657898385, 2.5244579972738705, 1.7600094715654233, 0.0, 2.5048988123275557, 3.697220714266326, 3.044953874855907, 2.461884737350634, 3.773961274311118, 3.8510144429747335, 4.314032383976736], [2.7695814015840012, 2.1574596427279933, 1.0974111125735881, 2.138978994754273, 2.1429388535373564, 3.7437707849172606, 3.2111527680881204, 2.5459553963099983, 3.070011048840053, 2.5048988123275557, 0.0, 2.478573640221327, 3.0646896221314157, 2.481437075567301, 3.0665018702097675, 2.466906528427861, 2.5078077059455732], [4.718218421183996, 3.4737883326420453, 2.1758292626031115, 1.0951522040337591, 2.738945855616719, 5.5881752978946535, 5.024843847325009, 4.862974638017353, 3.7898430587558636, 3.697220714266326, 2.478573640221327, 0.0, 1.7726189579263787, 1.7682040068951321, 3.162405604915347, 3.720824909882216, 2.4819732109754935], [4.234319125904423, 2.784019286930319, 2.181734839525647, 1.0954157840747045, 2.7779487270286323, 4.891916905467631, 4.52816127583813, 4.753997871265825, 2.602567516895575, 3.044953874855907, 3.0646896221314157, 1.7726189579263787, 0.0, 1.7728262069362581, 2.6402855678884434, 3.809337330822777, 3.062067884616538], [4.1465454465132785, 2.748053236383895, 2.1757675863933628, 1.095137333853613, 3.464278997136345, 4.766884698626557, 4.786323626751538, 4.332477005132284, 3.1269366798833644, 2.461884737350634, 2.481437075567301, 1.7682040068951321, 1.7728262069362581, 0.0, 3.8162365649943664, 4.318317271808546, 3.7158697568671593], [3.4417408008157735, 2.788307664157598, 2.1802580650005634, 2.8097566976519515, 1.0953205421245418, 4.297506822565847, 3.0573456036241633, 4.0418982916446575, 2.5872668745222245, 3.773961274311118, 3.0665018702097675, 3.162405604915347, 2.6402855678884434, 3.8162365649943664, 0.0, 1.7733681907601704, 1.7717549858826418], [2.824410851841495, 2.850090049454578, 2.180519114798125, 3.464975061959321, 1.0940905858291623, 3.856977294462595, 2.3102986300476394, 3.0213126054746464, 3.210850638070852, 3.8510144429747335, 2.466906528427861, 3.720824909882216, 3.809337330822777, 4.318317271808546, 1.7733681907601704, 0.0, 1.7622517442181749], [4.111170656881079, 3.4998969784837954, 2.173912081938918, 2.704919416544604, 1.0954884116228705, 5.155061716410387, 3.875795160995999, 4.2721775817491485, 3.783465307096128, 4.314032383976736, 2.5078077059455732, 2.4819732109754935, 3.062067884616538, 3.7158697568671593, 1.7717549858826418, 1.7622517442181749, 0.0]]}