{"total energy": -45.56511677, "HOMO-LUMO gap/eV": 2.97599708, "electronic energy": -46.12462688, "dipole": [0.81418104, -0.1465503, 0.25645237], "partial charges": [-0.37903656, 0.28186052, -0.17698307, 0.33871198, -0.4201933, -0.17338062, 0.27804136, -0.37848035, -0.01407627, -0.05688897, -0.03550091, -0.08996028, -0.05039068, -0.02819583, -0.08781195, 0.23373336, 0.23411446, 0.06656113, 0.06659958, 0.04100078, 0.04181856, 0.05247345, 0.04449163, 0.06541078, 0.0472049, 0.04784965, 0.05102666], "atomic dipole moments": [[-0.00901519, 0.09410722, 0.16153174], [-0.01956115, 0.08866074, -0.00397761], [-0.07258991, -0.01965587, 0.03499072], [0.03474342, -0.08319523, 0.01474262], [0.08253793, -0.19517566, 0.03727133], [-0.01740266, -0.01993978, -0.06052773], [-0.02295049, 0.0759602, -0.02162304], [0.0672909, 0.07886495, -0.15725966], [0.01069656, 0.02924851, 0.00882138], [-0.01891315, 0.15396156, -0.01950745], [0.16988446, 0.02875202, -0.00967517], [-0.05825141, -0.01823016, 0.03512203], [-0.10909667, -0.03118374, -0.0939145], [-0.12300411, 0.12473759, 0.03980765], [0.04030364, -0.0454917, 0.02500016], [-0.01744664, 0.0544175, -0.12321482], [-0.08200976, 0.06523594, 0.08959801], [0.01564687, -0.06426251, 0.11216457], [0.06728321, -0.07717833, -0.07850593], [-0.0344587, 0.0121673, -0.14826612], [-0.1369569, -0.01624316, -0.06216742], [0.02225374, -0.02018313, 0.15118664], [0.04585472, 0.1185794, 0.00547563], [0.01003211, -0.02913888, 0.12572509], [0.02962732, 0.02864558, -0.14881885], [-0.01383941, -0.04192076, 0.14634981], [0.09714314, -0.07249081, -0.09288829]], "atomic quadrupole moments": [[0.21710624, 0.0281352, -0.10085002, 0.00941057, 0.02181377, -0.11625622], [0.52546063, 0.04551875, -0.17401271, 0.00869511, -0.00527046, -0.35144792], [0.01485144, -0.02718634, 0.05188449, -0.02094108, 0.08942203, -0.06673594], [0.24264155, 0.25249809, -0.12809204, 0.14716743, 0.09740818, -0.11454952], [0.09653645, 0.0757749, -0.00354712, 0.07742909, 0.02520967, -0.09298933], [-0.02999896, 0.03209063, 0.0274264, 0.04527004, -0.09328233, 0.00257256], [0.30764367, 0.11255722, -0.15888819, 0.3609598, 0.05865576, -0.14875549], [0.13592292, 0.06579868, -0.09372233, 0.12920402, 0.01008824, -0.04220059], [-0.0515334, -0.01405302, -0.00716767, -0.01574169, -0.00049326, 0.05870107], [0.05874859, 0.11943547, 0.11840098, 0.05873591, 0.01127637, -0.17714958], [-0.14230904, -0.17786025, 0.49186342, 0.11464665, 0.16434326, -0.34955438], [-0.29373324, -0.19522834, 0.59018148, 0.00240698, 0.16876636, -0.29644825], [0.21091131, -0.07005603, -0.1038859, 0.05213699, 0.07000644, -0.1070254], [0.17271031, 0.37636561, 0.04918579, 0.04346283, 0.28576784, -0.2218961], [0.15844019, 0.4760662, 0.08495617, 0.15767565, 0.1821958, -0.24339636], [-0.04586624, -0.01214537, 0.01189941, -0.02078632, -0.01493115, 0.03396683], [-0.0336361, -0.02097575, 0.01365115, -0.02960979, 0.00331403, 0.01998495], [-0.02469227, 0.01543583, -0.02766212, 0.00634117, -0.02416962, 0.05235439], [0.01106915, -0.01895527, -0.027059, -0.03666452, 0.02828693, 0.01598985], [0.04045942, 0.01603353, -0.06037667, -0.01591532, -0.02363861, 0.01991725], [0.04339149, 0.02092783, -0.05966465, 0.00773718, -0.0121103, 0.01627317], [0.01192297, 0.01330202, -0.05282601, 0.0051574, -0.01712525, 0.04090305], [-0.02220516, 0.01109219, 0.0601185, -0.00634076, -0.01639233, -0.03791335], [-0.01182444, -0.0113688, -0.02347799, -0.01310965, -0.03959566, 0.03530243], [-0.01682629, -0.05238507, 0.00466403, -0.00226606, -0.02341107, 0.01216226], [-0.02301298, -0.03239857, -0.01587343, -0.01661665, -0.02151194, 0.0388864], [-0.00660304, -0.05036322, -0.00898567, -0.02309217, -0.00987852, 0.01558871]], "number of molecular orbitals": 72, "number of electrons": 80, "number of unpaired electrons": 0, "orbital energies/eV": [-20.65645595, -20.32944953, -20.23928818, -19.82189565, -19.43190794, -18.82435273, -18.28558233, -18.14453571, -17.69076297, -17.26736293, -17.10303173, -17.00462774, -16.74740356, -16.57088579, -16.14431716, -15.746986, -15.68319058, -15.62059301, -15.38977488, -15.22229374, -15.12411531, -14.88794435, -14.63827841, -14.45963448, -14.26205237, -13.78610113, -13.69344925, -13.65435094, -13.13867326, -12.9990031, -12.94346737, -12.76367383, -12.51832559, -12.33918327, -12.32747872, -12.16884348, -11.85018214, -11.69990489, -11.53471169, -11.10792171, -8.13192462, -7.23439361, -6.31595467, -5.90045775, -5.76306553, -0.44803935, -0.01675177, 0.7133108, 1.33757456, 1.82142057, 2.75582549, 2.89474166, 3.20499803, 3.43058404, 3.4802264, 4.11627469, 4.2048391, 4.28495343, 4.64198465, 4.75387884, 5.20758612, 5.48824925, 6.61103814, 7.58933238, 10.53676309, 10.90971542, 11.37127883, 14.0869243, 14.10062994, 14.73014052, 15.17484259, 16.28028255], "fractional occupation": [2.0, 2.0, 2.0, 2.0, 2.0, 2.0, 2.0, 2.0, 2.0, 2.0, 2.0, 2.0, 2.0, 2.0, 2.0, 2.0, 2.0, 2.0, 2.0, 2.0, 2.0, 2.0, 2.0, 2.0, 2.0, 2.0, 2.0, 2.0, 2.0, 2.0, 2.0, 2.0, 2.0, 2.0, 2.0, 2.0, 2.0, 2.0, 2.0, 2.0, 0.0, 0.0, 0.0, 0.0, 0.0, 0.0, 0.0, 0.0, 0.0, 0.0, 0.0, 0.0, 0.0, 0.0, 0.0, 0.0, 0.0, 0.0, 0.0, 0.0, 0.0, 0.0, 0.0, 0.0, 0.0, 0.0, 0.0, 0.0, 0.0, 0.0, 0.0, 0.0], "program call": "xtb /home/svss/Project-DBcg-Debug/aqme2_20220329/End-to-End-workflows-final/example-3/QDESCP/mol_773_rdkit_conf_3/mol_773_rdkit_conf_3.xyz --pop --wbo --acc 0.2 --gfn 2 --chrg 0 --uhf 0 --etemp 300 --input /home/svss/Project-DBcg-Debug/aqme2_20220329/End-to-End-workflows-final/example-3/QDESCP/mol_773_rdkit_conf_3/mol_773_rdkit_conf_3_xtb.inp", "method": "GFN2-xTB", "xtb version": "6.3.3 (7355c4f)", "Dipole module/D": 2.201, "Total charge": 0, "Transition dipole module/D": NaN, "HOMO": -11.1079, "LUMO": -8.1319, "HOMO occupancy": 2.0, "LUMO occupancy": 0, "mulliken charges": [-0.50797, 0.47363, -0.32684, 0.57463, -0.53596, -0.32395, 0.47428, -0.50902, -0.04738, -0.03232, -0.03285, -0.0708, -0.03549, -0.02378, -0.06825, 0.28017, 0.28172, 0.0488, 0.05046, 0.03805, 0.03525, 0.04106, 0.03887, 0.05518, 0.04321, 0.03591, 0.0434], "cm5 charges": [-0.55306, 0.57309, -0.66988, 0.74262, -0.57284, -0.66649, 0.57309, -0.55363, -0.04835, -0.12902, -0.095, -0.17225, -0.13196, -0.08722, -0.1704, 0.48309, 0.48415, 0.10807, 0.10967, 0.09586, 0.08754, 0.09511, 0.099, 0.11383, 0.1007, 0.08872, 0.09558], "FUKUI+": [-0.129, -0.048, -0.031, -0.049, -0.136, -0.031, -0.05, -0.133, -0.003, 0.014, 0.014, -0.007, -0.001, -0.01, -0.028, -0.044, -0.045, -0.025, -0.024, -0.009, -0.031, -0.015, -0.025, -0.033, -0.026, -0.041, -0.051], "FUKUI-": [-0.063, 0.001, -0.021, -0.002, -0.09, -0.022, -0.002, -0.067, -0.016, 0.009, -0.041, -0.049, 0.012, -0.03, -0.038, -0.029, -0.03, -0.035, -0.051, -0.055, -0.07, -0.06, -0.057, -0.036, -0.046, -0.053, -0.062], "FUKUIrad": [-0.096, -0.023, -0.026, -0.025, -0.113, -0.027, -0.026, -0.1, -0.009, 0.011, -0.014, -0.028, 0.006, -0.02, -0.033, -0.037, -0.037, -0.03, -0.037, -0.032, -0.051, -0.038, -0.041, -0.035, -0.036, -0.047, -0.057], "s proportion": [1.73, 1.012, 1.432, 0.937, 1.72, 1.428, 1.012, 1.729, 1.104, 1.031, 1.071, 1.053, 1.039, 1.07, 1.053, 0.72, 0.718, 0.951, 0.95, 0.962, 0.965, 0.959, 0.961, 0.945, 0.957, 0.964, 0.957], "p proportion": [4.778, 2.514, 3.895, 2.488, 4.816, 3.896, 2.514, 4.78, 2.943, 3.002, 2.962, 3.018, 2.996, 2.954, 3.015, 0.0, 0.0, 0.0, 0.0, 0.0, 0.0, 0.0, 0.0, 0.0, 0.0, 0.0, 0.0], "d proportion": [0.0, 0.0, 0.0, 0.0, 0.0, 0.0, 0.0, 0.0, 0.0, 0.0, 0.0, 0.0, 0.0, 0.0, 0.0, 0.0, 0.0, 0.0, 0.0, 0.0, 0.0, 0.0, 0.0, 0.0, 0.0, 0.0, 0.0], "Fermi-level/eV": -9.6199, "Coordination numbers": [0.859, 2.768, 2.697, 2.705, 0.86, 2.696, 2.769, 0.859, 3.903, 3.806, 2.883, 2.833, 3.813, 2.882, 2.834, 0.86, 0.86, 0.923, 0.924, 0.925, 0.925, 0.925, 0.923, 0.923, 0.925, 0.925, 0.925], "Dispersion coefficient C6": [21.266, 22.229, 24.831, 21.244, 22.087, 24.752, 22.297, 21.255, 20.769, 21.593, 28.881, 30.247, 21.467, 28.703, 30.191, 0.949, 0.948, 2.124, 2.123, 2.436, 2.425, 2.289, 2.39, 2.137, 2.355, 2.347, 2.307], "Total dispersion C6": 8161.982837, "Total dispersion C8": 188752.044391, "Polarizability alpha": [6.183, 7.721, 7.401, 7.544, 6.301, 7.389, 7.733, 6.181, 6.478, 6.615, 8.81, 9.012, 6.595, 8.783, 9.004, 1.526, 1.525, 2.279, 2.279, 2.441, 2.435, 2.366, 2.418, 2.286, 2.4, 2.396, 2.375], "Total polarizability alpha": 138.47714, "Wiberg matrix": [[0.0, 1.7534335610734308, 0.13304275287565945, 0.0, 0.0, 0.0, 0.0, 0.0, 0.0, 0.0, 0.0, 0.0, 0.0, 0.0, 0.0, 0.0, 0.0, 0.0, 0.0, 0.0, 0.0, 0.0, 0.0, 0.0, 0.0, 0.0, 0.0], [1.7534335610734308, 0.0, 1.1348447981250327, 0.0, 0.0, 0.0, 0.0, 0.0, 0.9575583537223828, 0.0, 0.0, 0.0, 0.0, 0.0, 0.0, 0.0, 0.0, 0.0, 0.0, 0.0, 0.0, 0.0, 0.0, 0.0, 0.0, 0.0, 0.0], [0.13304275287565945, 1.1348447981250327, 0.0, 1.1215096922435819, 0.11608897339657422, 0.0, 0.0, 0.0, 0.0, 0.0, 0.0, 0.0, 0.0, 0.0, 0.0, 0.9084648311018291, 0.0, 0.0, 0.0, 0.0, 0.0, 0.0, 0.0, 0.0, 0.0, 0.0, 0.0], [0.0, 0.0, 1.1215096922435819, 0.0, 1.654028135684281, 1.125520974311061, 0.0, 0.0, 0.0, 0.0, 0.0, 0.0, 0.0, 0.0, 0.0, 0.0, 0.0, 0.0, 0.0, 0.0, 0.0, 0.0, 0.0, 0.0, 0.0, 0.0, 0.0], [0.0, 0.0, 0.11608897339657422, 1.654028135684281, 0.0, 0.11539524711815474, 0.0, 0.0, 0.0, 0.0, 0.0, 0.0, 0.0, 0.0, 0.0, 0.0, 0.0, 0.0, 0.0, 0.0, 0.0, 0.0, 0.0, 0.0, 0.0, 0.0, 0.0], [0.0, 0.0, 0.0, 1.125520974311061, 0.11539524711815474, 0.0, 1.1438648554205357, 0.1358453810160425, 0.0, 0.0, 0.0, 0.0, 0.0, 0.0, 0.0, 0.0, 0.9089592503428119, 0.0, 0.0, 0.0, 0.0, 0.0, 0.0, 0.0, 0.0, 0.0, 0.0], [0.0, 0.0, 0.0, 0.0, 0.0, 1.1438648554205357, 0.0, 1.7500402769997727, 0.9499135212070262, 0.0, 0.0, 0.0, 0.0, 0.0, 0.0, 0.0, 0.0, 0.0, 0.0, 0.0, 0.0, 0.0, 0.0, 0.0, 0.0, 0.0, 0.0], [0.0, 0.0, 0.0, 0.0, 0.0, 0.1358453810160425, 1.7500402769997727, 0.0, 0.0, 0.0, 0.0, 0.0, 0.0, 0.0, 0.0, 0.0, 0.0, 0.0, 0.0, 0.0, 0.0, 0.0, 0.0, 0.0, 0.0, 0.0, 0.0], [0.0, 0.9575583537223828, 0.0, 0.0, 0.0, 0.0, 0.9499135212070262, 0.0, 0.0, 0.9610878539751003, 0.0, 0.0, 0.9102480345880924, 0.0, 0.0, 0.0, 0.0, 0.0, 0.0, 0.0, 0.0, 0.0, 0.0, 0.0, 0.0, 0.0, 0.0], [0.0, 0.0, 0.0, 0.0, 0.0, 0.0, 0.0, 0.0, 0.9610878539751003, 0.0, 1.020103798533972, 0.0, 0.0, 0.0, 0.0, 0.0, 0.0, 0.9693717537978104, 0.9605884942274969, 0.0, 0.0, 0.0, 0.0, 0.0, 0.0, 0.0, 0.0], [0.0, 0.0, 0.0, 0.0, 0.0, 0.0, 0.0, 0.0, 0.0, 1.020103798533972, 0.0, 1.9826321110055558, 0.0, 0.0, 0.0, 0.0, 0.0, 0.0, 0.0, 0.9672505539238045, 0.0, 0.0, 0.0, 0.0, 0.0, 0.0, 0.0], [0.0, 0.0, 0.0, 0.0, 0.0, 0.0, 0.0, 0.0, 0.0, 0.0, 1.9826321110055558, 0.0, 0.0, 0.0, 0.0, 0.0, 0.0, 0.0, 0.0, 0.0, 0.9772186378948173, 0.9747496522521245, 0.0, 0.0, 0.0, 0.0, 0.0], [0.0, 0.0, 0.0, 0.0, 0.0, 0.0, 0.0, 0.0, 0.9102480345880924, 0.0, 0.0, 0.0, 0.0, 1.0204909442623562, 0.0, 0.0, 0.0, 0.0, 0.0, 0.0, 0.0, 0.0, 0.9615941810164478, 0.9670876932053332, 0.0, 0.0, 0.0], [0.0, 0.0, 0.0, 0.0, 0.0, 0.0, 0.0, 0.0, 0.0, 0.0, 0.0, 0.0, 1.0204909442623562, 0.0, 1.975836907802523, 0.0, 0.0, 0.0, 0.0, 0.0, 0.0, 0.0, 0.0, 0.0, 0.9661623184445025, 0.0, 0.0], [0.0, 0.0, 0.0, 0.0, 0.0, 0.0, 0.0, 0.0, 0.0, 0.0, 0.0, 0.0, 0.0, 1.975836907802523, 0.0, 0.0, 0.0, 0.0, 0.0, 0.0, 0.0, 0.0, 0.0, 0.0, 0.0, 0.9750775922121598, 0.9759970654925594], [0.0, 0.0, 0.9084648311018291, 0.0, 0.0, 0.0, 0.0, 0.0, 0.0, 0.0, 0.0, 0.0, 0.0, 0.0, 0.0, 0.0, 0.0, 0.0, 0.0, 0.0, 0.0, 0.0, 0.0, 0.0, 0.0, 0.0, 0.0], [0.0, 0.0, 0.0, 0.0, 0.0, 0.9089592503428119, 0.0, 0.0, 0.0, 0.0, 0.0, 0.0, 0.0, 0.0, 0.0, 0.0, 0.0, 0.0, 0.0, 0.0, 0.0, 0.0, 0.0, 0.0, 0.0, 0.0, 0.0], [0.0, 0.0, 0.0, 0.0, 0.0, 0.0, 0.0, 0.0, 0.0, 0.9693717537978104, 0.0, 0.0, 0.0, 0.0, 0.0, 0.0, 0.0, 0.0, 0.0, 0.0, 0.0, 0.0, 0.0, 0.0, 0.0, 0.0, 0.0], [0.0, 0.0, 0.0, 0.0, 0.0, 0.0, 0.0, 0.0, 0.0, 0.9605884942274969, 0.0, 0.0, 0.0, 0.0, 0.0, 0.0, 0.0, 0.0, 0.0, 0.0, 0.0, 0.0, 0.0, 0.0, 0.0, 0.0, 0.0], [0.0, 0.0, 0.0, 0.0, 0.0, 0.0, 0.0, 0.0, 0.0, 0.0, 0.9672505539238045, 0.0, 0.0, 0.0, 0.0, 0.0, 0.0, 0.0, 0.0, 0.0, 0.0, 0.0, 0.0, 0.0, 0.0, 0.0, 0.0], [0.0, 0.0, 0.0, 0.0, 0.0, 0.0, 0.0, 0.0, 0.0, 0.0, 0.0, 0.9772186378948173, 0.0, 0.0, 0.0, 0.0, 0.0, 0.0, 0.0, 0.0, 0.0, 0.0, 0.0, 0.0, 0.0, 0.0, 0.0], [0.0, 0.0, 0.0, 0.0, 0.0, 0.0, 0.0, 0.0, 0.0, 0.0, 0.0, 0.9747496522521245, 0.0, 0.0, 0.0, 0.0, 0.0, 0.0, 0.0, 0.0, 0.0, 0.0, 0.0, 0.0, 0.0, 0.0, 0.0], [0.0, 0.0, 0.0, 0.0, 0.0, 0.0, 0.0, 0.0, 0.0, 0.0, 0.0, 0.0, 0.9615941810164478, 0.0, 0.0, 0.0, 0.0, 0.0, 0.0, 0.0, 0.0, 0.0, 0.0, 0.0, 0.0, 0.0, 0.0], [0.0, 0.0, 0.0, 0.0, 0.0, 0.0, 0.0, 0.0, 0.0, 0.0, 0.0, 0.0, 0.9670876932053332, 0.0, 0.0, 0.0, 0.0, 0.0, 0.0, 0.0, 0.0, 0.0, 0.0, 0.0, 0.0, 0.0, 0.0], [0.0, 0.0, 0.0, 0.0, 0.0, 0.0, 0.0, 0.0, 0.0, 0.0, 0.0, 0.0, 0.0, 0.9661623184445025, 0.0, 0.0, 0.0, 0.0, 0.0, 0.0, 0.0, 0.0, 0.0, 0.0, 0.0, 0.0, 0.0], [0.0, 0.0, 0.0, 0.0, 0.0, 0.0, 0.0, 0.0, 0.0, 0.0, 0.0, 0.0, 0.0, 0.0, 0.9750775922121598, 0.0, 0.0, 0.0, 0.0, 0.0, 0.0, 0.0, 0.0, 0.0, 0.0, 0.0, 0.0], [0.0, 0.0, 0.0, 0.0, 0.0, 0.0, 0.0, 0.0, 0.0, 0.0, 0.0, 0.0, 0.0, 0.0, 0.9759970654925594, 0.0, 0.0, 0.0, 0.0, 0.0, 0.0, 0.0, 0.0, 0.0, 0.0, 0.0, 0.0]], "Born radii": [], "Atomic SASAs": [], "Solvent H bonds": [], "Total SASA": NaN, "Total FOD": 0.0, "FOD": [0.0, 0.0, 0.0, 0.0, 0.0, 0.0, 0.0, 0.0, 0.0, 0.0, 0.0, 0.0, 0.0, 0.0, 0.0, 0.0, 0.0, 0.0, 0.0, 0.0, 0.0, 0.0, 0.0, 0.0, 0.0, 0.0, 0.0], "FOD s proportion": [0.0, 0.0, 0.0, 0.0, 0.0, 0.0, 0.0, 0.0, 0.0, 0.0, 0.0, 0.0, 0.0, 0.0, 0.0, 0.0, 0.0, 0.0, 0.0, 0.0, 0.0, 0.0, 0.0, 0.0, 0.0, 0.0, 0.0], "FOD p proportion": [0.0, 0.0, 0.0, 0.0, 0.0, 0.0, 0.0, 0.0, 0.0, 0.0, 0.0, 0.0, 0.0, 0.0, 0.0, 0.0, 0.0, 0.0, 0.0, 0.0, 0.0, 0.0, 0.0, 0.0, 0.0, 0.0, 0.0], "FOD d proportion": [0.0, 0.0, 0.0, 0.0, 0.0, 0.0, 0.0, 0.0, 0.0, 0.0, 0.0, 0.0, 0.0, 0.0, 0.0, 0.0, 0.0, 0.0, 0.0, 0.0, 0.0, 0.0, 0.0, 0.0, 0.0, 0.0, 0.0], "coordinates": [["0.05160", "0.18860", "-2.37310"], ["-0.02550", "0.79200", "-1.30510"], ["-0.12360", "2.15560", "-1.30320"], ["-0.76300", "2.85490", "-0.32990"], ["-1.23680", "3.96530", "-0.54490"], ["-0.91900", "2.23520", "0.86970"], ["-0.76690", "0.89350", "1.09220"], ["-1.20340", "0.39750", "2.12930"], ["0.04700", "0.12540", "0.06010"], ["-0.43210", "-1.34440", "-0.00590"], ["-1.85600", "-1.51670", "-0.48110"], ["-2.87660", "-1.85870", "0.31460"], ["1.51780", "0.21490", "0.56340"], ["2.52690", "-0.57760", "-0.22730"], ["3.26150", "-1.57270", "0.28560"], ["-0.17360", "2.58120", "-2.21980"], ["-1.47860", "2.73230", "1.54970"], ["-0.31440", "-1.81700", "0.97880"], ["0.19750", "-1.92470", "-0.69240"], ["-2.04110", "-1.38510", "-1.54680"], ["-3.87730", "-1.98910", "-0.08610"], ["-2.74100", "-2.01260", "1.38180"], ["1.85430", "1.26100", "0.55720"], ["1.55700", "-0.09550", "1.61730"], ["2.66760", "-0.31400", "-1.27510"], ["3.17080", "-1.88080", "1.32290"], ["3.97700", "-2.10850", "-0.33190"]], "bond_dist": [[0.0, 1.229089081393208, 2.245989770680178, 3.4565004108201696, 4.389277012219666, 3.9555515114835758, 3.629756238371938, 4.678703877143755, 2.4340249875463478, 2.8614140787379934, 3.1822397536955007, 4.470964529047396, 3.282295900737775, 3.3643171922397563, 4.524855952403347, 2.4080595279186934, 4.919378169037221, 3.9232156415369266, 2.704085092965826, 2.74566871089722, 5.040734222313254, 5.171379913524049, 3.603668566891245, 4.274369442385625, 2.881261314077569, 5.26044114119719, 4.9851711114063075], [1.229089081393208, 0.0, 1.3671255172806922, 2.39801536692324, 3.480658647440165, 2.758790229430284, 2.511378804561351, 3.652147590117355, 1.5209808841665302, 2.5332684737311206, 3.059379339016331, 4.2164451603216655, 2.491206846088859, 3.090663805722001, 4.3504599274099744, 2.014906037511427, 3.7451497620255454, 3.4794458495570812, 2.793848453298783, 2.976714070917797, 4.904777410851588, 4.739108884590013, 2.687335172619895, 3.4398232890658784, 2.9115156894648537, 4.926111806485922, 5.037859142532668], [2.245989770680178, 1.3671255172806922, 0.0, 1.358368779087623, 2.2559359964325227, 2.3152735756277267, 2.782925162486408, 4.00486452954404, 2.451408429862311, 3.745418473281724, 4.142806471463517, 5.129414228739964, 3.1535227936388854, 3.9563990319481173, 5.280474253322328, 1.0118255383217012, 3.2105523356581496, 4.5853548826672075, 4.138239956793226, 4.033943938628796, 5.722773295352526, 5.606594242496955, 2.8589308718470265, 4.052306481499148, 3.7269976133611897, 5.834552041930897, 5.995072381548033], [3.4565004108201696, 2.39801536692324, 1.358368779087623, 0.0, 1.2262542966285581, 1.3591924992435769, 2.422699647087934, 3.504344669121461, 2.873738027378279, 4.224759318588457, 4.508702363208288, 5.205834243423431, 3.6013377417287593, 4.75563087507851, 6.014905008393732, 1.998505956958848, 2.014946718898542, 4.872431349952506, 4.888613572374074, 4.5926011387883445, 5.7639083033997, 5.525844473019485, 3.190254364466884, 4.228338680853273, 4.76490782806971, 6.3744321135298, 6.86315842451564], [4.389277012219666, 3.480658647440165, 2.2559359964325227, 1.2262542966285581, 0.0, 2.2572850971908713, 3.512386319868588, 4.458885291191062, 4.09377569610256, 5.397312032854873, 5.517227843763569, 6.1111913969372615, 4.783476790996273, 5.90798170782544, 7.182887799485663, 2.4189702478534127, 2.442561237717491, 6.05041128684654, 6.063915627711191, 5.5024978200813495, 6.529748620735717, 6.458334068473077, 4.252383109504598, 5.382427326030515, 5.838659083214227, 7.555957901550272, 8.007504347797758], [3.9555515114835758, 2.758790229430284, 2.3152735756277267, 1.3591924992435769, 2.2572850971908713, 0.0, 1.3685026671512188, 2.2460224420072032, 2.4576135172154308, 3.7171606274144247, 4.0962645483415745, 4.571690166667028, 3.1801613198075342, 4.581427686867927, 5.684879547536606, 3.19692780806824, 1.0112668144461183, 4.098508120035874, 4.581647811650302, 4.495014210211131, 5.244978838851496, 4.650347863332376, 2.9559964106879426, 3.4816151783331826, 4.895128929864872, 5.820078202223747, 6.654501352468118], [3.629756238371938, 2.511378804561351, 2.782925162486408, 2.422699647087934, 3.512386319868588, 1.3685026671512188, 0.0, 1.2296847807466758, 1.522380120075141, 2.5151761489009075, 3.077413807078924, 3.553885294997575, 2.4413073321480847, 3.841137058215965, 4.791737947759664, 3.764263564098561, 2.0241068598273166, 2.7503501704328484, 3.472335778694221, 3.7121320827793833, 4.401404526966363, 3.5251037119494795, 2.700364917932389, 2.5796050511657787, 4.342574788072165, 4.822389891951915, 5.79177451391195], [4.678703877143755, 3.652147590117355, 4.00486452954404, 3.504344669121461, 4.458885291191062, 2.2460224420072032, 1.2296847807466758, 0.0, 2.432925648267945, 2.861502811461139, 3.302156350023421, 3.344125112791087, 3.144887121980692, 4.518796483578343, 5.216919564263954, 4.974304427756709, 2.421355455111868, 2.6491473156470557, 3.9137098180626526, 4.170505396231973, 4.213501860685479, 2.9549199684593828, 3.5449485116148023, 2.8504387662252983, 5.203922809765725, 4.997455101349086, 6.258920482000071], [2.4340249875463478, 1.5209808841665302, 2.451408429862311, 2.873738027378279, 4.09377569610256, 2.4576135172154308, 1.522380120075141, 2.432925648267945, 0.0, 1.547321831423573, 2.571147380062061, 3.5424370170830137, 1.55710429323151, 2.5935905170246127, 3.6424447984835675, 3.3582081546562894, 3.3678318143874106, 2.178884441635214, 2.189021815788961, 3.0370873332849686, 4.460113807964994, 3.7537819449190173, 2.191581406199642, 2.180313887952833, 2.9737813907548754, 3.9214319731445038, 4.537496359227189], [2.8614140787379934, 2.5332684737311206, 3.745418473281724, 4.224759318588457, 5.397312032854873, 3.7171606274144247, 2.5151761489009075, 2.861502811461139, 1.547321831423573, 0.0, 1.510957822045341, 2.518492602728862, 2.5607867912030473, 3.0647481462593302, 3.712111811354825, 4.514256397237534, 4.487152382079307, 1.098561850784925, 1.097463666824556, 2.2282078673229746, 3.5059197323954807, 2.7754678416439993, 3.511810890409676, 2.8550040735522604, 3.5043876626309487, 3.877411870049402, 4.486678907610839], [3.1822397536955007, 3.059379339016331, 4.142806471463517, 4.508702363208288, 5.517227843763569, 4.0962645483415745, 3.077413807078924, 3.302156350023421, 2.571147380062061, 1.510957822045341, 0.0, 1.338554014599336, 3.933439366508654, 4.489558515043545, 5.174917500791679, 4.7588162246508325, 4.7244661497358615, 2.1442991069344783, 2.1042751578631536, 1.089631616648489, 2.113016907173248, 2.1212114981773977, 4.7497379159275726, 4.2510776280844365, 4.747618376617901, 5.353102189385141, 5.864842442896484], [4.470964529047396, 4.2164451603216655, 5.129414228739964, 5.205834243423431, 6.1111913969372615, 4.571690166667028, 3.553885294997575, 3.344125112791087, 3.5424370170830137, 2.518492602728862, 1.338554014599336, 0.0, 4.865436235323612, 5.579667111038076, 6.14482779335597, 5.7829148679537035, 4.955517834696996, 2.6472191767966624, 3.2355054952819966, 2.0945565568874, 1.0858016117136684, 1.086732906467822, 5.672106985944465, 4.945979224582328, 5.97087914967302, 6.13092195840071, 6.888555381936041], [3.282295900737775, 2.491206846088859, 3.1535227936388854, 3.6013377417287593, 4.783476790996273, 3.1801613198075342, 2.4413073321480847, 3.144887121980692, 1.55710429323151, 2.5607867912030473, 3.933439366508654, 4.865436235323612, 0.0, 1.5071647388391223, 2.51260348841595, 4.025718804139206, 4.035901808765917, 2.7673329416606163, 2.8103583205705283, 4.436069572267775, 5.864006331851971, 4.87533714218822, 1.0989066839363566, 1.099358908637211, 2.2320075044676706, 2.775104996211855, 3.499630593362677], [3.3643171922397563, 3.090663805722001, 3.9563990319481173, 4.75563087507851, 5.90798170782544, 4.581427686867927, 3.841137058215965, 4.518796483578343, 2.5935905170246127, 3.0647481462593302, 4.489558515043545, 5.579667111038076, 1.5071647388391223, 0.0, 1.3390024570552512, 4.608771413294437, 5.491556906743296, 3.32622537721063, 2.73076926524377, 4.82283739099713, 6.55942431391658, 5.692029358673407, 2.109094822429755, 2.1390828829196873, 1.0895716084773868, 2.1251017599164514, 2.111252230312617], [4.524855952403347, 4.3504599274099744, 5.280474253322328, 6.014905008393732, 7.182887799485663, 5.684879547536606, 4.791737947759664, 5.216919564263954, 3.6424447984835675, 3.712111811354825, 5.174917500791679, 6.14482779335597, 2.51260348841595, 1.3390024570552512, 0.0, 5.944058073404061, 6.526830917068406, 3.6506533031773913, 3.2355036702189044, 5.613416987896053, 7.160587635801966, 6.117611682674864, 3.1755053282902863, 2.619325290986211, 2.0911306487161436, 1.0858836908251268, 1.0864290772986516], [2.4080595279186934, 2.014906037511427, 1.0118255383217012, 1.998505956958848, 2.4189702478534127, 3.19692780806824, 3.764263564098561, 4.974304427756709, 3.3582081546562894, 4.514256397237534, 4.7588162246508325, 5.7829148679537035, 4.025718804139206, 4.608771413294437, 5.944058073404061, 0.0, 3.9918650352936536, 5.440131417530279, 4.772190354543708, 4.435315201876863, 6.2576122818531985, 6.37699488473999, 3.6833456870079413, 4.988289853246301, 4.164980020360242, 6.606449776544131, 6.541019252379556], [4.919378169037221, 3.7451497620255454, 3.2105523356581496, 2.014946718898542, 2.442561237717491, 1.0112668144461183, 2.0241068598273166, 2.421355455111868, 3.3678318143874106, 4.487152382079307, 4.7244661497358615, 4.955517834696996, 4.035901808765917, 5.491556906743296, 6.526830917068406, 3.9918650352936536, 0.0, 4.730477665098948, 5.433596655991315, 5.182441631123306, 5.542672756892653, 4.912832195383839, 3.775977006021091, 4.149203533209716, 5.869447433106458, 6.55355248777333, 7.532418904973355], [3.9232156415369266, 3.4794458495570812, 4.5853548826672075, 4.872431349952506, 6.05041128684654, 4.098508120035874, 2.7503501704328484, 2.6491473156470557, 2.178884441635214, 1.098561850784925, 2.1442991069344783, 2.6472191767966624, 2.7673329416606163, 3.32622537721063, 3.6506533031773913, 5.440131417530279, 4.730477665098948, 0.0, 1.751156857622983, 3.0897711662840015, 3.722618276159939, 2.46760124817605, 3.7888111921815266, 2.6217136495048425, 4.028820945388365, 3.5027266935917223, 4.49655653806332], [2.704085092965826, 2.793848453298783, 4.138239956793226, 4.888613572374074, 6.063915627711191, 4.581647811650302, 3.472335778694221, 3.9137098180626526, 2.189021815788961, 1.097463666824556, 2.1042751578631536, 3.2355054952819966, 2.8103583205705283, 2.73076926524377, 3.2355036702189044, 4.772190354543708, 5.433596655991315, 1.751156857622983, 0.0, 2.4561143051576404, 4.1201628717806775, 3.597890256803284, 3.8019956457102895, 3.2448308091486067, 3.0058755446624867, 3.5921962905721063, 3.8011002275656973], [2.74566871089722, 2.976714070917797, 4.033943938628796, 4.5926011387883445, 5.5024978200813495, 4.495014210211131, 3.7121320827793833, 4.170505396231973, 3.0370873332849686, 2.2282078673229746, 1.089631616648489, 2.0945565568874, 4.436069572267775, 4.82283739099713, 5.613416987896053, 4.435315201876863, 5.182441631123306, 3.0897711662840015, 2.4561143051576404, 0.0, 2.4228270532582385, 3.0757623802888285, 5.157790454254612, 4.961947256874059, 4.836624007507717, 5.970326472647874, 6.181975184356534], [5.040734222313254, 4.904777410851588, 5.722773295352526, 5.7639083033997, 6.529748620735717, 5.244978838851496, 4.401404526966363, 4.213501860685479, 4.460113807964994, 3.5059197323954807, 2.113016907173248, 1.0858016117136684, 5.864006331851971, 6.55942431391658, 7.160587635801966, 6.2576122818531985, 5.542672756892653, 3.722618276159939, 4.1201628717806775, 2.4228270532582385, 0.0, 1.8564644758249482, 6.620288774668368, 6.001575543971767, 6.859693653509608, 7.1883741903159155, 7.859052264109203], [5.171379913524049, 4.739108884590013, 5.606594242496955, 5.525844473019485, 6.458334068473077, 4.650347863332376, 3.5251037119494795, 2.9549199684593828, 3.7537819449190173, 2.7754678416439993, 2.1212114981773977, 1.086732906467822, 4.87533714218822, 5.692029358673407, 6.117611682674864, 6.37699488473999, 4.912832195383839, 2.46760124817605, 3.597890256803284, 3.0757623802888285, 1.8564644758249482, 0.0, 5.702035093718734, 4.712062887950457, 6.260775792982847, 5.913562351916144, 6.933793225933407], [3.603668566891245, 2.687335172619895, 2.8589308718470265, 3.190254364466884, 4.252383109504598, 2.9559964106879426, 2.700364917932389, 3.5449485116148023, 2.191581406199642, 3.511810890409676, 4.7497379159275726, 5.672106985944465, 1.0989066839363566, 2.109094822429755, 3.1755053282902863, 3.6833456870079413, 3.775977006021091, 3.7888111921815266, 3.8019956457102895, 5.157790454254612, 6.620288774668368, 5.702035093718734, 0.0, 1.747080865329364, 2.5493931003279977, 3.491471893055993, 4.080426981334184], [4.274369442385625, 3.4398232890658784, 4.052306481499148, 4.228338680853273, 5.382427326030515, 3.4816151783331826, 2.5796050511657787, 2.8504387662252983, 2.180313887952833, 2.8550040735522604, 4.2510776280844365, 4.945979224582328, 1.099358908637211, 2.1390828829196873, 2.619325290986211, 4.988289853246301, 4.149203533209716, 2.6217136495048425, 3.2448308091486067, 4.961947256874059, 6.001575543971767, 4.712062887950457, 1.747080865329364, 0.0, 3.105986537317894, 2.424524260550923, 3.702424832457777], [2.881261314077569, 2.9115156894648537, 3.7269976133611897, 4.76490782806971, 5.838659083214227, 4.895128929864872, 4.342574788072165, 5.203922809765725, 2.9737813907548754, 3.5043876626309487, 4.747618376617901, 5.97087914967302, 2.2320075044676706, 1.0895716084773868, 2.0911306487161436, 4.164980020360242, 5.869447433106458, 4.028820945388365, 3.0058755446624867, 4.836624007507717, 6.859693653509608, 6.260775792982847, 2.5493931003279977, 3.105986537317894, 0.0, 3.0753335558927586, 2.4133762346555083], [5.26044114119719, 4.926111806485922, 5.834552041930897, 6.3744321135298, 7.555957901550272, 5.820078202223747, 4.822389891951915, 4.997455101349086, 3.9214319731445038, 3.877411870049402, 5.353102189385141, 6.13092195840071, 2.775104996211855, 2.1251017599164514, 1.0858836908251268, 6.606449776544131, 6.55355248777333, 3.5027266935917223, 3.5921962905721063, 5.970326472647874, 7.1883741903159155, 5.913562351916144, 3.491471893055993, 2.424524260550923, 3.0753335558927586, 0.0, 1.8547691958839512], [4.9851711114063075, 5.037859142532668, 5.995072381548033, 6.86315842451564, 8.007504347797758, 6.654501352468118, 5.79177451391195, 6.258920482000071, 4.537496359227189, 4.486678907610839, 5.864842442896484, 6.888555381936041, 3.499630593362677, 2.111252230312617, 1.0864290772986516, 6.541019252379556, 7.532418904973355, 4.49655653806332, 3.8011002275656973, 6.181975184356534, 7.859052264109203, 6.933793225933407, 4.080426981334184, 3.702424832457777, 2.4133762346555083, 1.8547691958839512, 0.0]]}