{"total energy": -21.03887571, "HOMO-LUMO gap/eV": 6.86399985, "electronic energy": -21.42143938, "dipole": [-0.22379318, 0.02420435, 0.1814302], "partial charges": [-0.09986065, -0.05168386, -0.05726803, -0.05097837, -0.03848073, -0.02810112, -0.11387159, 0.0318008, 0.03244046, 0.03242548, 0.02879891, 0.02879023, 0.02955032, 0.0295587, 0.03183403, 0.03181096, 0.04705695, 0.04704887, 0.06912863], "atomic dipole moments": [[0.07469001, -0.01505542, -0.06685351], [0.00047388, 0.0818072, 0.07340217], [0.00021523, -0.08179269, -0.0739055], [0.00351562, 0.08569222, 0.07476198], [-0.05703011, -0.0687793, -0.02134731], [-0.31550197, 0.06261038, 0.28141274], [0.24277178, -0.052686, -0.22060121], [-0.08890363, -0.08664504, -0.01469204], [-0.05370889, 0.11282676, -0.01550982], [0.04186437, -0.00794959, 0.11849946], [0.04329265, -0.11486126, 0.01628905], [-0.04927276, 0.0021628, -0.11358344], [0.04571822, -0.00272361, 0.1153409], [-0.0467009, 0.11410112, -0.01425364], [0.0465625, -0.11652554, 0.01297007], [-0.04636023, 0.00090279, -0.11733547], [-0.05088799, 0.11897971, -0.01274032], [0.04513928, -0.0023839, 0.12192389], [0.15727729, -0.03355102, -0.14235367]], "atomic quadrupole moments": [[0.07719102, -0.02953233, -0.10796071, -0.17343503, 0.03975304, 0.0307697], [0.12930706, 0.12262898, -0.06238988, -0.14986803, 0.06899019, -0.06691718], [0.1296969, 0.13116324, -0.05804775, -0.14789235, 0.0736388, -0.07164915], [0.13316388, 0.14121976, -0.05366036, -0.14083118, 0.06975873, -0.07950352], [0.09032607, 0.14932751, 0.00090329, -0.04994425, 0.04613012, -0.09122936], [-0.28957585, 0.17592804, 0.45079502, 0.707618, -0.15219401, -0.16121917], [-0.34426114, 0.19900999, 0.52673902, 0.82405745, -0.17182322, -0.18247788], [0.01788778, 0.06097366, 0.01869069, 0.00323081, 0.02261622, -0.03657847], [-0.02846473, -0.04187482, 0.05942387, -0.00288799, -0.02510329, -0.03095914], [-0.00943027, -0.01056159, -0.0501503, 0.04271098, -0.0051002, 0.05958057], [-0.00389515, -0.03015972, 0.03577933, 0.00191971, -0.02132111, -0.03188418], [-0.00787033, 0.00057259, -0.03551713, 0.02597115, -0.01567988, 0.04338746], [-0.00865648, -0.00128596, -0.0331319, 0.02983638, -0.01462535, 0.04178838], [-0.00856217, -0.02947729, 0.03799397, 0.00451701, -0.02201329, -0.0294318], [-0.00580446, -0.02861847, 0.03450518, 0.00434062, -0.02290673, -0.02870072], [-0.00730596, -0.00118682, -0.03243308, 0.02766322, -0.01659929, 0.03973904], [-0.00734031, -0.0258242, 0.0423967, 0.00909212, -0.02227028, -0.03505639], [-0.00975043, 0.00462115, -0.0307219, 0.03431823, -0.01572555, 0.04047233], [-0.0124446, 0.00656969, 0.01851407, 0.02891808, -0.00586214, -0.00606946]], "number of molecular orbitals": 40, "number of electrons": 40, "number of unpaired electrons": 0, "orbital energies/eV": [-17.04525625, -16.76683705, -16.36447738, -15.97937749, -15.33103707, -15.17909824, -14.22738014, -14.13736394, -13.58639519, -13.46572691, -13.32216171, -12.74557572, -12.68285902, -12.43555799, -11.8719165, -11.8649, -11.75468396, -11.50957116, -10.87887643, -10.83334222, -3.96934236, -3.86415241, 0.99337909, 2.59354491, 2.91913488, 2.94479474, 3.66961714, 4.00852529, 4.44290901, 4.55996126, 4.75579418, 5.34236305, 5.77968981, 6.13206282, 6.69594962, 7.17699934, 7.46945432, 8.31460947, 8.54015275, 38.01669943], "fractional occupation": [2.0, 2.0, 2.0, 2.0, 2.0, 2.0, 2.0, 2.0, 2.0, 2.0, 2.0, 2.0, 2.0, 2.0, 2.0, 2.0, 2.0, 2.0, 2.0, 2.0, 0.0, 0.0, 0.0, 0.0, 0.0, 0.0, 0.0, 0.0, 0.0, 0.0, 0.0, 0.0, 0.0, 0.0, 0.0, 0.0, 0.0, 0.0, 0.0, 0.0], "program call": "xtb /home/svss/Project-DBcg-Debug/aqme2_20220329/End-to-End-workflows-final/example-3/QDESCP/mol_812_rdkit_conf_1/mol_812_rdkit_conf_1.xyz --pop --wbo --acc 0.2 --gfn 2 --chrg 0 --uhf 0 --etemp 300 --input /home/svss/Project-DBcg-Debug/aqme2_20220329/End-to-End-workflows-final/example-3/QDESCP/mol_812_rdkit_conf_1/mol_812_rdkit_conf_1_xtb.inp", "method": "GFN2-xTB", "xtb version": "6.3.3 (7355c4f)", "Dipole module/D": 0.735, "Total charge": 0, "Transition dipole module/D": NaN, "HOMO": -10.8333, "LUMO": -3.9693, "HOMO occupancy": 2.0, "LUMO occupancy": 0, "mulliken charges": [-0.08344, -0.03798, -0.04819, -0.04107, -0.02099, -0.02698, -0.10616, 0.02912, 0.02716, 0.02715, 0.02314, 0.02313, 0.0234, 0.02341, 0.02739, 0.02738, 0.03742, 0.03742, 0.05869], "cm5 charges": [-0.23377, -0.15049, -0.15874, -0.14993, -0.12349, -0.03909, -0.1576, 0.0799, 0.07846, 0.07844, 0.07784, 0.07783, 0.07874, 0.07875, 0.08279, 0.08276, 0.09275, 0.09274, 0.1121], "FUKUI+": [0.009, 0.002, 0.004, -0.007, 0.017, -0.227, -0.196, -0.028, -0.016, -0.016, -0.017, -0.017, -0.028, -0.028, -0.038, -0.038, -0.096, -0.096, -0.185], "FUKUI-": [0.02, 0.009, 0.016, 0.015, 0.009, -0.072, -0.094, -0.057, -0.072, -0.072, -0.086, -0.086, -0.067, -0.067, -0.064, -0.064, -0.089, -0.089, -0.09], "FUKUIrad": [0.015, 0.005, 0.01, 0.004, 0.013, -0.149, -0.145, -0.042, -0.044, -0.044, -0.052, -0.052, -0.048, -0.048, -0.051, -0.051, -0.092, -0.092, -0.137], "s proportion": [1.008, 1.027, 1.033, 1.032, 1.021, 1.113, 1.088, 0.971, 0.973, 0.973, 0.977, 0.977, 0.977, 0.977, 0.973, 0.973, 0.963, 0.963, 0.941], "p proportion": [3.076, 3.011, 3.015, 3.009, 3.0, 2.914, 3.018, 0.0, 0.0, 0.0, 0.0, 0.0, 0.0, 0.0, 0.0, 0.0, 0.0, 0.0, 0.0], "d proportion": [0.0, 0.0, 0.0, 0.0, 0.0, 0.0, 0.0, 0.0, 0.0, 0.0, 0.0, 0.0, 0.0, 0.0, 0.0, 0.0, 0.0, 0.0, 0.0], "Fermi-level/eV": -7.4013, "Coordination numbers": [3.75, 3.8, 3.802, 3.805, 3.803, 1.965, 1.908, 0.924, 0.924, 0.924, 0.924, 0.924, 0.924, 0.924, 0.924, 0.924, 0.924, 0.924, 0.927], "Dispersion coefficient C6": [22.47, 21.502, 21.603, 21.485, 21.26, 31.817, 34.277, 2.561, 2.552, 2.552, 2.604, 2.604, 2.593, 2.593, 2.561, 2.561, 2.357, 2.357, 2.095], "Total dispersion C6": 2877.713285, "Total dispersion C8": 63756.377182, "Polarizability alpha": [6.76, 6.602, 6.617, 6.599, 6.564, 9.109, 9.455, 2.503, 2.498, 2.498, 2.523, 2.523, 2.518, 2.518, 2.503, 2.503, 2.401, 2.401, 2.263], "Total polarizability alpha": 81.360249, "Wiberg matrix": [[0.0, 1.0200343557719072, 0.0, 0.0, 0.0, 0.0, 0.0, 0.9872991212017955, 0.9876960692857195, 0.9876946495517605, 0.0, 0.0, 0.0, 0.0, 0.0, 0.0, 0.0, 0.0, 0.0], [1.0200343557719072, 0.0, 1.0074492217838489, 0.0, 0.0, 0.0, 0.0, 0.0, 0.0, 0.0, 0.9780629684078852, 0.9780597143543026, 0.0, 0.0, 0.0, 0.0, 0.0, 0.0, 0.0], [0.0, 1.0074492217838489, 0.0, 1.0060379321367248, 0.0, 0.0, 0.0, 0.0, 0.0, 0.0, 0.0, 0.0, 0.9771150155587918, 0.9771165130457062, 0.0, 0.0, 0.0, 0.0, 0.0], [0.0, 0.0, 1.0060379321367248, 0.0, 0.9900090529933966, 0.0, 0.0, 0.0, 0.0, 0.0, 0.0, 0.0, 0.0, 0.0, 0.9778485752739432, 0.9778436541055784, 0.0, 0.0, 0.0], [0.0, 0.0, 0.0, 0.9900090529933966, 0.0, 1.0441702914641782, 0.0, 0.0, 0.0, 0.0, 0.0, 0.0, 0.0, 0.0, 0.0, 0.0, 0.9576260165850887, 0.9576207619699638, 0.0], [0.0, 0.0, 0.0, 0.0, 1.0441702914641782, 0.0, 2.902338877091082, 0.0, 0.0, 0.0, 0.0, 0.0, 0.0, 0.0, 0.0, 0.0, 0.0, 0.0, 0.0], [0.0, 0.0, 0.0, 0.0, 0.0, 2.902338877091082, 0.0, 0.0, 0.0, 0.0, 0.0, 0.0, 0.0, 0.0, 0.0, 0.0, 0.0, 0.0, 0.9707221298343263], [0.9872991212017955, 0.0, 0.0, 0.0, 0.0, 0.0, 0.0, 0.0, 0.0, 0.0, 0.0, 0.0, 0.0, 0.0, 0.0, 0.0, 0.0, 0.0, 0.0], [0.9876960692857195, 0.0, 0.0, 0.0, 0.0, 0.0, 0.0, 0.0, 0.0, 0.0, 0.0, 0.0, 0.0, 0.0, 0.0, 0.0, 0.0, 0.0, 0.0], [0.9876946495517605, 0.0, 0.0, 0.0, 0.0, 0.0, 0.0, 0.0, 0.0, 0.0, 0.0, 0.0, 0.0, 0.0, 0.0, 0.0, 0.0, 0.0, 0.0], [0.0, 0.9780629684078852, 0.0, 0.0, 0.0, 0.0, 0.0, 0.0, 0.0, 0.0, 0.0, 0.0, 0.0, 0.0, 0.0, 0.0, 0.0, 0.0, 0.0], [0.0, 0.9780597143543026, 0.0, 0.0, 0.0, 0.0, 0.0, 0.0, 0.0, 0.0, 0.0, 0.0, 0.0, 0.0, 0.0, 0.0, 0.0, 0.0, 0.0], [0.0, 0.0, 0.9771150155587918, 0.0, 0.0, 0.0, 0.0, 0.0, 0.0, 0.0, 0.0, 0.0, 0.0, 0.0, 0.0, 0.0, 0.0, 0.0, 0.0], [0.0, 0.0, 0.9771165130457062, 0.0, 0.0, 0.0, 0.0, 0.0, 0.0, 0.0, 0.0, 0.0, 0.0, 0.0, 0.0, 0.0, 0.0, 0.0, 0.0], [0.0, 0.0, 0.0, 0.9778485752739432, 0.0, 0.0, 0.0, 0.0, 0.0, 0.0, 0.0, 0.0, 0.0, 0.0, 0.0, 0.0, 0.0, 0.0, 0.0], [0.0, 0.0, 0.0, 0.9778436541055784, 0.0, 0.0, 0.0, 0.0, 0.0, 0.0, 0.0, 0.0, 0.0, 0.0, 0.0, 0.0, 0.0, 0.0, 0.0], [0.0, 0.0, 0.0, 0.0, 0.9576260165850887, 0.0, 0.0, 0.0, 0.0, 0.0, 0.0, 0.0, 0.0, 0.0, 0.0, 0.0, 0.0, 0.0, 0.0], [0.0, 0.0, 0.0, 0.0, 0.9576207619699638, 0.0, 0.0, 0.0, 0.0, 0.0, 0.0, 0.0, 0.0, 0.0, 0.0, 0.0, 0.0, 0.0, 0.0], [0.0, 0.0, 0.0, 0.0, 0.0, 0.0, 0.9707221298343263, 0.0, 0.0, 0.0, 0.0, 0.0, 0.0, 0.0, 0.0, 0.0, 0.0, 0.0, 0.0]], "Born radii": [], "Atomic SASAs": [], "Solvent H bonds": [], "Total SASA": NaN, "Total FOD": 0.0, "FOD": [0.0, 0.0, 0.0, 0.0, 0.0, 0.0, 0.0, 0.0, 0.0, 0.0, 0.0, 0.0, 0.0, 0.0, 0.0, 0.0, 0.0, 0.0, 0.0], "FOD s proportion": [0.0, 0.0, 0.0, 0.0, 0.0, 0.0, 0.0, 0.0, 0.0, 0.0, 0.0, 0.0, 0.0, 0.0, 0.0, 0.0, 0.0, 0.0, 0.0], "FOD p proportion": [0.0, 0.0, 0.0, 0.0, 0.0, 0.0, 0.0, 0.0, 0.0, 0.0, 0.0, 0.0, 0.0, 0.0, 0.0, 0.0, 0.0, 0.0, 0.0], "FOD d proportion": [0.0, 0.0, 0.0, 0.0, 0.0, 0.0, 0.0, 0.0, 0.0, 0.0, 0.0, 0.0, 0.0, 0.0, 0.0, 0.0, 0.0, 0.0, 0.0], "coordinates": [["-2.72170", "-0.62850", "1.49120"], ["-1.60660", "-0.86310", "0.48480"], ["-0.49480", "0.17590", "0.62840"], ["0.62520", "-0.06340", "-0.38570"], ["1.73740", "0.97550", "-0.24250"], ["2.81090", "0.74070", "-1.21940"], ["3.68930", "0.55170", "-2.01610"], ["-3.50580", "-1.38260", "1.37070"], ["-3.17490", "0.35810", "1.35180"], ["-2.34420", "-0.69180", "2.51680"], ["-1.19700", "-1.86950", "0.63010"], ["-2.02300", "-0.82540", "-0.52860"], ["-0.08450", "0.13670", "1.64490"], ["-0.91060", "1.18090", "0.48630"], ["1.03840", "-1.07070", "-0.24680"], ["0.21410", "-0.02890", "-1.40290"], ["1.32690", "1.98180", "-0.38590"], ["2.15220", "0.93870", "0.77160"], ["4.46880", "0.38370", "-2.72320"]], "bond_dist": [[0.0, 1.5203046175026895, 2.5200330970048785, 3.87863780598292, 5.045998860483422, 6.311237894422932, 7.402360861914257, 1.0945318040148493, 1.0946242094892658, 1.0947001872659015, 2.146225593920639, 2.1462859408755395, 2.7502688177703645, 2.7502428220068134, 4.165877680633457, 4.16584404532863, 5.1699451118943225, 5.16999431431022, 8.395773129974392], [1.5203046175026895, 0.0, 1.528476758083027, 2.525514121916565, 3.884810323555064, 4.999077747945115, 6.0251735792423435, 2.1590877008588603, 2.1685440576571184, 2.168506732754132, 1.096232279218232, 1.096261743380658, 2.159217557357294, 2.1592485382651065, 2.752155758673553, 2.7521354290804805, 4.178157099727104, 4.178195174952937, 6.982568252441218], [2.5200330970048785, 1.528476758083027, 0.0, 1.5297265441901702, 2.5259738339895765, 3.8289706671636963, 4.964000271958091, 3.470742361512879, 2.781984976594949, 2.781948635399295, 2.162579221670272, 2.162555416630982, 1.0968842144912108, 1.0968623660241061, 2.1611776511892766, 2.1611714277215492, 2.7583818064220185, 2.758437797014825, 5.992806384324459], [3.87863780598292, 2.525514121916565, 1.5297265441901702, 0.0, 1.5286622550452404, 2.4736444752631694, 3.524948365579274, 4.67871676851677, 4.1996819534340935, 4.1996105974244795, 2.7593948050251886, 2.7593527592535176, 2.1603357285385067, 2.1604046218243473, 1.0975794914264754, 1.097674496378594, 2.162227085668848, 2.162238816597279, 4.520737287213226], [5.045998860483422, 3.884810323555064, 2.5259738339895765, 1.5286622550452404, 0.0, 1.4703288407699826, 2.671175211400405, 5.971113471539458, 5.201313924384876, 5.201257957456062, 4.179253416580526, 4.179198748564131, 2.7541212409768745, 2.754131914052049, 2.162302922811695, 2.1623576045603556, 1.096226938183878, 1.0962719051403262, 3.736929981950424], [6.311237894422932, 4.999077747945115, 3.8289706671636963, 2.4736444752631694, 1.4703288407699826, 0.0, 1.200849053794855, 7.149665711765831, 6.525891038011591, 6.525818163265048, 5.128065590454163, 5.128007708652552, 4.117325788664288, 4.117371829213388, 2.714567547511021, 2.7146503734366974, 2.106491742210256, 2.106459278030316, 2.266604475862518], [7.402360861914257, 6.0251735792423435, 4.964000271958091, 3.524948365579274, 2.671175211400405, 1.200849053794855, 0.0, 8.18421619582474, 7.648364074101075, 7.648306800200944, 6.061395183454054, 6.0613061257455065, 5.274155139925256, 5.27418035432995, 3.5762934806863935, 3.5763285139930865, 3.2068164602920453, 3.206823459437703, 1.065755440990099], [1.0945318040148493, 2.1590877008588603, 3.470742361512879, 4.67871676851677, 5.971113471539458, 7.149665711765831, 8.18421619582474, 0.0, 1.771973055664222, 1.772022688906663, 2.473078528878531, 2.473157530364776, 3.7534986106298214, 3.753499520447552, 4.8335640577114525, 4.833530455060773, 6.144901969112282, 6.14494251397033, 9.136414945699434], [1.0946242094892658, 2.1685440576571184, 2.781984976594949, 4.1996819534340935, 5.201313924384876, 6.525891038011591, 7.648364074101075, 1.771973055664222, 0.0, 1.774704905047597, 3.065149435182565, 2.5026885583308203, 3.1121532304820727, 2.559911049235891, 4.727461082864671, 4.384456875144286, 5.0913854911998175, 5.389965010090511, 8.662126185296541], [1.0947001872659015, 2.168506732754132, 2.781948635399295, 4.1996105974244795, 5.201257957456062, 6.525818163265048, 7.648306800200944, 1.772022688906663, 1.774704905047597, 0.0, 2.5025351186347016, 3.0652046522214467, 2.5598566268445584, 3.1120964798669077, 4.3844079338036055, 4.727407681806171, 5.389877499535588, 5.091352104303924, 8.662059180702935], [2.146225593920639, 1.096232279218232, 2.162579221670272, 2.7593948050251886, 4.179253416580526, 5.128065590454163, 6.061395183454054, 2.473078528878531, 3.065149435182565, 2.5025351186347016, 0.0, 1.7649381008975924, 2.508448470668672, 3.06718821724393, 2.530622099405599, 3.084169348463213, 4.715383218785086, 4.373002415960915, 6.958650786610864], [2.1462859408755395, 1.096261743380658, 2.162555416630982, 2.7593527592535176, 4.179198748564131, 5.128007708652552, 6.0613061257455065, 2.473157530364776, 2.5026885583308203, 3.0652046522214467, 1.7649381008975924, 0.0, 3.067168223296531, 2.5085245583808824, 3.0841130475389518, 2.5304997826516407, 4.372935528909613, 4.715385868621994, 6.958567324528806], [2.7502688177703645, 2.159217557357294, 1.0968842144912108, 2.1603357285385067, 2.7541212409768745, 4.117325788664288, 5.274155139925256, 3.7534986106298214, 3.1121532304820727, 2.5598566268445584, 2.508448470668672, 3.067168223296531, 0.0, 1.7649784162986244, 2.5094318201537176, 3.0668665050829977, 3.0855457556160144, 2.5315378290675414, 6.314574213674268], [2.7502428220068134, 2.1592485382651065, 1.0968623660241061, 2.1604046218243473, 2.754131914052049, 4.117371829213388, 5.27418035432995, 3.753499520447552, 2.559911049235891, 3.1120964798669077, 3.06718821724393, 2.5085245583808824, 1.7649784162986244, 0.0, 3.066877755959634, 2.5095104642140864, 2.5315173118112386, 3.0855794869035544, 6.314614988263338], [4.165877680633457, 2.752155758673553, 2.1611776511892766, 1.0975794914264754, 2.162302922811695, 2.714567547511021, 3.5762934806863935, 4.8335640577114525, 4.727461082864671, 4.3844079338036055, 2.530622099405599, 3.0841130475389518, 2.5094318201537176, 3.066877755959634, 0.0, 1.7610749387802895, 3.069256800921031, 2.5130414560846384, 4.473866390494915], [4.16584404532863, 2.7521354290804805, 2.1611714277215492, 1.097674496378594, 2.1623576045603556, 2.7146503734366974, 3.5763285139930865, 4.833530455060773, 4.384456875144286, 4.727407681806171, 3.084169348463213, 2.5304997826516407, 3.0668665050829977, 2.5095104642140864, 1.7610749387802895, 0.0, 2.5130712942533084, 3.0693536159914845, 4.473913604440748], [5.1699451118943225, 4.178157099727104, 2.7583818064220185, 2.162227085668848, 1.096226938183878, 2.106491742210256, 3.2068164602920453, 6.144901969112282, 5.0913854911998175, 5.389877499535588, 4.715383218785086, 4.372935528909613, 3.0855457556160144, 2.5315173118112386, 3.069256800921031, 2.5130712942533084, 0.0, 1.7632311107736274, 4.229471658493528], [5.16999431431022, 4.178195174952937, 2.758437797014825, 2.162238816597279, 1.0962719051403262, 2.106459278030316, 3.206823459437703, 6.14494251397033, 5.389965010090511, 5.091352104303924, 4.373002415960915, 4.715385868621994, 2.5315378290675414, 3.0855794869035544, 2.5130414560846384, 3.0693536159914845, 1.7632311107736274, 0.0, 4.229454763914611], [8.395773129974392, 6.982568252441218, 5.992806384324459, 4.520737287213226, 3.736929981950424, 2.266604475862518, 1.065755440990099, 9.136414945699434, 8.662126185296541, 8.662059180702935, 6.958650786610864, 6.958567324528806, 6.314574213674268, 6.314614988263338, 4.473866390494915, 4.473913604440748, 4.229471658493528, 4.229454763914611, 0.0]]}