{"total energy": -46.96714746, "HOMO-LUMO gap/eV": 3.81033718, "electronic energy": -47.49257721, "dipole": [-0.30322875, -0.18152248, -0.45437085], "partial charges": [-0.15037872, 0.10222147, -0.04231163, -0.02716394, 0.01099008, 0.09877649, -0.15148632, -0.04892896, 0.01657846, -0.04076513, 0.09803941, -0.15458968, -0.0383329, -0.03633678, 0.09299868, -0.15802588, 0.0696226, 0.06291224, 0.08158639, 0.06954263, 0.07132417, 0.07372732], "atomic dipole moments": [[0.01468179, 0.00600482, -0.00066749], [0.23333213, 0.00710409, 0.00601442], [0.00831958, 0.02036051, 0.04088954], [-0.00044698, 0.01341968, 0.02758248], [-0.06156787, 0.00856538, 0.0284025], [-0.10759737, 0.08625525, 0.18596602], [-0.04307414, 0.03458718, 0.04225885], [-0.02686168, -0.01521378, -0.03382215], [0.05953105, 0.01667654, -0.01114475], [-0.02432121, 0.02724999, -0.01162652], [-0.10697344, -0.19346333, 0.08374197], [-0.00684964, -0.00955578, 0.01494244], [0.0368605, -0.01712313, 0.00829786], [0.03831873, -0.01450493, 0.00790524], [0.11419902, 0.18800831, -0.07984029], [0.04159182, 0.05244468, -0.00325031], [0.07230325, -0.05718883, -0.12513036], [-0.07314913, -0.05818153, -0.12396502], [0.08316989, 0.05878017, 0.12143228], [0.08071153, -0.12289595, 0.05535314], [-0.15527575, -0.00375817, 0.00029728], [-0.08812688, 0.11814385, -0.05167186]], "atomic quadrupole moments": [[0.45237099, 0.00188599, -0.21386845, -0.01488198, -0.01521268, -0.23850254], [0.17084194, -0.0086114, 0.15517482, -0.01355218, -0.29326467, -0.32601677], [-0.24545203, -0.00130697, 0.36879495, 0.02539285, -0.29764538, -0.12334293], [-0.24984014, -0.01685663, 0.38608785, -0.01315636, -0.31487221, -0.13624771], [-0.08971561, 0.00272465, 0.30151355, -0.00872405, -0.309739, -0.21179793], [-0.32005793, -0.1251655, 0.24269089, -0.24604196, -0.10441726, 0.07736704], [-0.10025132, -0.11620187, -0.11760286, -0.25410138, 0.18949356, 0.21785418], [-0.23538333, -0.02334402, 0.35217864, -0.02462807, -0.28518179, -0.1167953], [-0.10242758, 0.00724591, -0.22689736, -0.02696108, 0.29770986, 0.32932494], [-0.23762826, 0.01702979, -0.14189451, -0.0165563, 0.2795958, 0.37952277], [-0.33326991, 0.23698462, 0.08498234, -0.10780127, 0.09060544, 0.24828757], [-0.09635165, 0.26281265, 0.22667315, -0.11128968, -0.18300319, -0.13032151], [-0.28524909, -0.001979, -0.11231116, -0.00684683, 0.27064984, 0.39756025], [-0.26028799, 0.02512274, -0.13683612, -0.01814333, 0.28421131, 0.39712412], [-0.33624354, 0.2415861, 0.09268449, -0.11162235, 0.0861903, 0.24355905], [-0.11433938, 0.24547177, 0.23384661, -0.10713239, -0.19189403, -0.11950723], [0.03701261, 0.00171006, -0.04529539, 0.00080646, 0.03322915, 0.00828278], [0.04150993, 0.00021593, -0.04765728, -0.00269536, 0.03374587, 0.00614735], [0.027463, -0.00104914, -0.04026938, -0.00476371, 0.03161738, 0.01280639], [0.03289563, 0.00247579, 0.01270437, 5.949e-05, -0.03002358, -0.0456], [0.02537313, 0.00397604, 0.02064609, -0.00069826, -0.03530201, -0.04601922], [0.02730666, 0.00860263, 0.01868254, -0.00275039, -0.03480431, -0.0459892]], "number of molecular orbitals": 90, "number of electrons": 82, "number of unpaired electrons": 0, "orbital energies/eV": [-29.05009511, -29.03762587, -29.03249084, -29.03216009, -18.68562015, -18.62877338, -18.10182391, -17.68233944, -17.67351604, -17.55142446, -16.81769904, -16.59518124, -16.51880089, -16.20506123, -15.38894622, -14.98773517, -14.8773675, -14.85874074, -14.50856214, -14.25364531, -14.20003383, -14.15770945, -14.0199324, -13.92892918, -13.87950703, -13.19080576, -13.16649736, -13.08892525, -12.80123372, -12.78305756, -12.63024904, -12.30741505, -11.95122121, -11.83942083, -11.78287288, -11.72816244, -11.70256888, -11.65543593, -11.43370235, -11.13088301, -10.98965279, -7.17931561, -7.14545819, -7.10312922, -7.06745162, -4.45004409, -4.17257953, -4.07277758, -3.8858237, -3.79104282, -3.70680463, -0.02991146, 0.0129886, 0.08664887, 0.13739083, 0.20365368, 0.20380335, 0.21609801, 0.21952494, 0.22335854, 0.2244834, 0.22601915, 0.22627347, 0.49970717, 0.53314975, 0.61513849, 0.61829729, 1.51251559, 2.6729751, 2.95830897, 3.08203608, 3.49281919, 3.69208507, 3.80119456, 4.28163882, 4.36782779, 4.56651368, 4.62067414, 7.87499427, 8.83752841, 9.31491009, 9.80258221, 10.46076365, 10.80152917, 10.94678073, 11.11380555, 15.12296688, 15.30895194, 15.36376198, 16.38468313], "fractional occupation": [2.0, 2.0, 2.0, 2.0, 2.0, 2.0, 2.0, 2.0, 2.0, 2.0, 2.0, 2.0, 2.0, 2.0, 2.0, 2.0, 2.0, 2.0, 2.0, 2.0, 2.0, 2.0, 2.0, 2.0, 2.0, 2.0, 2.0, 2.0, 2.0, 2.0, 2.0, 2.0, 2.0, 2.0, 2.0, 2.0, 2.0, 2.0, 2.0, 2.0, 2.0, 0.0, 0.0, 0.0, 0.0, 0.0, 0.0, 0.0, 0.0, 0.0, 0.0, 0.0, 0.0, 0.0, 0.0, 0.0, 0.0, 0.0, 0.0, 0.0, 0.0, 0.0, 0.0, 0.0, 0.0, 0.0, 0.0, 0.0, 0.0, 0.0, 0.0, 0.0, 0.0, 0.0, 0.0, 0.0, 0.0, 0.0, 0.0, 0.0, 0.0, 0.0, 0.0, 0.0, 0.0, 0.0, 0.0, 0.0, 0.0, 0.0], "program call": "xtb /home/svss/Project-DBcg-Debug/aqme2_20220329/End-to-End-workflows-final/example-3/QDESCP/mol_548_rdkit_conf_1/mol_548_rdkit_conf_1.xyz --pop --wbo --acc 0.2 --gfn 2 --chrg 0 --uhf 0 --etemp 300 --input /home/svss/Project-DBcg-Debug/aqme2_20220329/End-to-End-workflows-final/example-3/QDESCP/mol_548_rdkit_conf_1/mol_548_rdkit_conf_1_xtb.inp", "method": "GFN2-xTB", "xtb version": "6.3.3 (7355c4f)", "Dipole module/D": 1.463, "Total charge": 0, "Transition dipole module/D": NaN, "HOMO": -10.9897, "LUMO": -7.1793, "HOMO occupancy": 2.0, "LUMO occupancy": 0, "mulliken charges": [-0.10162, 0.11728, -0.05365, -0.02137, -0.0157, 0.11163, -0.10553, -0.06883, -0.0016, -0.05206, 0.10973, -0.10511, -0.04511, -0.03961, 0.09938, -0.11152, 0.04673, 0.04211, 0.05338, 0.04652, 0.04704, 0.04792], "cm5 charges": [-0.10366, 0.11005, -0.10543, -0.0729, -0.02026, 0.10768, -0.10663, -0.11725, -0.00607, -0.10042, 0.10248, -0.10717, -0.09688, -0.0912, 0.09535, -0.1126, 0.10316, 0.09849, 0.11114, 0.10416, 0.1035, 0.10444], "FUKUI+": [-0.095, -0.031, -0.029, -0.028, -0.025, -0.028, -0.08, -0.028, -0.027, -0.026, -0.03, -0.092, -0.03, -0.031, -0.025, -0.079, -0.056, -0.048, -0.054, -0.047, -0.057, -0.055], "FUKUI-": [-0.16, -0.013, -0.025, -0.008, -0.021, -0.009, -0.111, -0.007, -0.015, -0.013, -0.018, -0.174, -0.018, -0.016, -0.016, -0.15, -0.042, -0.033, -0.034, -0.034, -0.043, -0.041], "FUKUIrad": [-0.127, -0.022, -0.027, -0.018, -0.023, -0.018, -0.095, -0.017, -0.021, -0.019, -0.024, -0.133, -0.024, -0.024, -0.021, -0.114, -0.049, -0.04, -0.044, -0.041, -0.05, -0.048], "s proportion": [1.943, 1.078, 1.061, 1.064, 1.078, 1.084, 1.945, 1.064, 1.08, 1.065, 1.077, 1.943, 1.062, 1.064, 1.082, 1.945, 0.953, 0.958, 0.947, 0.953, 0.953, 0.952], "p proportion": [5.169, 2.804, 2.992, 2.957, 2.937, 2.804, 5.171, 3.005, 2.921, 2.987, 2.813, 5.172, 2.983, 2.976, 2.818, 5.176, 0.0, 0.0, 0.0, 0.0, 0.0, 0.0], "d proportion": [-0.011, 0.0, 0.0, 0.0, 0.0, 0.0, -0.01, 0.0, 0.0, 0.0, 0.0, -0.011, 0.0, 0.0, 0.0, -0.01, 0.0, 0.0, 0.0, 0.0, 0.0, 0.0], "Fermi-level/eV": -9.0845, "Coordination numbers": [0.967, 2.88, 2.946, 2.917, 2.988, 2.881, 0.958, 2.99, 2.989, 2.953, 2.876, 0.966, 2.948, 2.953, 2.879, 0.958, 0.925, 0.925, 0.925, 0.925, 0.925, 0.925], "Dispersion coefficient C6": [103.86, 25.735, 29.05, 28.68, 27.762, 25.808, 103.893, 29.205, 27.632, 29.012, 25.824, 103.994, 28.952, 28.903, 25.932, 104.101, 2.09, 2.165, 1.963, 2.091, 2.071, 2.045], "Total dispersion C6": 12663.242239, "Total dispersion C8": 400529.478613, "Polarizability alpha": [15.591, 8.316, 8.84, 8.782, 8.643, 8.328, 15.594, 8.865, 8.623, 8.834, 8.331, 15.601, 8.825, 8.818, 8.348, 15.609, 2.261, 2.301, 2.191, 2.261, 2.25, 2.236], "Total polarizability alpha": 179.450241, "Wiberg matrix": [[0.0, 0.9918876539750147, 0.0, 0.0, 0.0, 0.0, 0.0, 0.0, 0.0, 0.0, 0.0, 0.0, 0.0, 0.0, 0.0, 0.0, 0.0, 0.0, 0.0, 0.0, 0.0, 0.0], [0.9918876539750147, 0.0, 1.394075499419172, 0.0, 0.0, 0.0, 0.0, 1.4022487220641007, 0.0, 0.0, 0.0, 0.0, 0.0, 0.0, 0.0, 0.0, 0.0, 0.0, 0.0, 0.0, 0.0, 0.0], [0.0, 1.394075499419172, 0.0, 1.4421068203356275, 0.0, 0.0, 0.0, 0.0, 0.0, 0.0, 0.0, 0.0, 0.0, 0.0, 0.0, 0.0, 0.9653331914277041, 0.0, 0.0, 0.0, 0.0, 0.0], [0.0, 0.0, 1.4421068203356275, 0.0, 1.3959195059069178, 0.0, 0.0, 0.1056655762377874, 0.0, 0.0, 0.0, 0.0, 0.0, 0.0, 0.0, 0.0, 0.0, 0.9667071570243484, 0.0, 0.0, 0.0, 0.0], [0.0, 0.0, 0.0, 1.3959195059069178, 0.0, 1.360965669987006, 0.0, 0.0, 1.0153939863738506, 0.0, 0.0, 0.0, 0.0, 0.0, 0.0, 0.0, 0.0, 0.0, 0.0, 0.0, 0.0, 0.0], [0.0, 0.0, 0.0, 0.0, 1.360965669987006, 0.0, 0.9903487394275915, 1.4033257165222641, 0.0, 0.0, 0.0, 0.0, 0.0, 0.0, 0.0, 0.0, 0.0, 0.0, 0.0, 0.0, 0.0, 0.0], [0.0, 0.0, 0.0, 0.0, 0.0, 0.9903487394275915, 0.0, 0.0, 0.0, 0.0, 0.0, 0.0, 0.0, 0.0, 0.0, 0.0, 0.0, 0.0, 0.0, 0.0, 0.0, 0.0], [0.0, 1.4022487220641007, 0.0, 0.1056655762377874, 0.0, 1.4033257165222641, 0.0, 0.0, 0.0, 0.0, 0.0, 0.0, 0.0, 0.0, 0.0, 0.0, 0.0, 0.0, 0.9621680105308397, 0.0, 0.0, 0.0], [0.0, 0.0, 0.0, 0.0, 1.0153939863738506, 0.0, 0.0, 0.0, 0.0, 1.400637594669806, 0.0, 0.0, 0.10392534158352063, 0.0, 1.3621714148903468, 0.0, 0.0, 0.0, 0.0, 0.0, 0.0, 0.0], [0.0, 0.0, 0.0, 0.0, 0.0, 0.0, 0.0, 0.0, 1.400637594669806, 0.0, 1.401470167742537, 0.0, 0.0, 0.10646622116106512, 0.0, 0.0, 0.0, 0.0, 0.0, 0.9651210530400959, 0.0, 0.0], [0.0, 0.0, 0.0, 0.0, 0.0, 0.0, 0.0, 0.0, 0.0, 1.401470167742537, 0.0, 0.9892349660485612, 1.394963125274366, 0.0, 0.0, 0.0, 0.0, 0.0, 0.0, 0.0, 0.0, 0.0], [0.0, 0.0, 0.0, 0.0, 0.0, 0.0, 0.0, 0.0, 0.0, 0.0, 0.9892349660485612, 0.0, 0.0, 0.0, 0.0, 0.0, 0.0, 0.0, 0.0, 0.0, 0.0, 0.0], [0.0, 0.0, 0.0, 0.0, 0.0, 0.0, 0.0, 0.0, 0.10392534158352063, 0.0, 1.394963125274366, 0.0, 0.0, 1.4428945391553287, 0.0, 0.0, 0.0, 0.0, 0.0, 0.0, 0.965207497666567, 0.0], [0.0, 0.0, 0.0, 0.0, 0.0, 0.0, 0.0, 0.0, 0.0, 0.10646622116106512, 0.0, 0.0, 1.4428945391553287, 0.0, 1.3988820345006074, 0.0, 0.0, 0.0, 0.0, 0.0, 0.0, 0.9645189654550907], [0.0, 0.0, 0.0, 0.0, 0.0, 0.0, 0.0, 0.0, 1.3621714148903468, 0.0, 0.0, 0.0, 0.0, 1.3988820345006074, 0.0, 0.986995332856, 0.0, 0.0, 0.0, 0.0, 0.0, 0.0], [0.0, 0.0, 0.0, 0.0, 0.0, 0.0, 0.0, 0.0, 0.0, 0.0, 0.0, 0.0, 0.0, 0.0, 0.986995332856, 0.0, 0.0, 0.0, 0.0, 0.0, 0.0, 0.0], [0.0, 0.0, 0.9653331914277041, 0.0, 0.0, 0.0, 0.0, 0.0, 0.0, 0.0, 0.0, 0.0, 0.0, 0.0, 0.0, 0.0, 0.0, 0.0, 0.0, 0.0, 0.0, 0.0], [0.0, 0.0, 0.0, 0.9667071570243484, 0.0, 0.0, 0.0, 0.0, 0.0, 0.0, 0.0, 0.0, 0.0, 0.0, 0.0, 0.0, 0.0, 0.0, 0.0, 0.0, 0.0, 0.0], [0.0, 0.0, 0.0, 0.0, 0.0, 0.0, 0.0, 0.9621680105308397, 0.0, 0.0, 0.0, 0.0, 0.0, 0.0, 0.0, 0.0, 0.0, 0.0, 0.0, 0.0, 0.0, 0.0], [0.0, 0.0, 0.0, 0.0, 0.0, 0.0, 0.0, 0.0, 0.0, 0.9651210530400959, 0.0, 0.0, 0.0, 0.0, 0.0, 0.0, 0.0, 0.0, 0.0, 0.0, 0.0, 0.0], [0.0, 0.0, 0.0, 0.0, 0.0, 0.0, 0.0, 0.0, 0.0, 0.0, 0.0, 0.0, 0.965207497666567, 0.0, 0.0, 0.0, 0.0, 0.0, 0.0, 0.0, 0.0, 0.0], [0.0, 0.0, 0.0, 0.0, 0.0, 0.0, 0.0, 0.0, 0.0, 0.0, 0.0, 0.0, 0.0, 0.9645189654550907, 0.0, 0.0, 0.0, 0.0, 0.0, 0.0, 0.0, 0.0]], "Born radii": [], "Atomic SASAs": [], "Solvent H bonds": [], "Total SASA": NaN, "Total FOD": 0.0, "FOD": [0.0, 0.0, 0.0, 0.0, 0.0, 0.0, 0.0, 0.0, 0.0, 0.0, 0.0, 0.0, 0.0, 0.0, 0.0, 0.0, 0.0, 0.0, 0.0, 0.0, 0.0, 0.0], "FOD s proportion": [0.0, 0.0, 0.0, 0.0, 0.0, 0.0, 0.0, 0.0, 0.0, 0.0, 0.0, 0.0, 0.0, 0.0, 0.0, 0.0, 0.0, 0.0, 0.0, 0.0, 0.0, 0.0], "FOD p proportion": [0.0, 0.0, 0.0, 0.0, 0.0, 0.0, 0.0, 0.0, 0.0, 0.0, 0.0, 0.0, 0.0, 0.0, 0.0, 0.0, 0.0, 0.0, 0.0, 0.0, 0.0, 0.0], "FOD d proportion": [0.0, 0.0, 0.0, 0.0, 0.0, 0.0, 0.0, 0.0, 0.0, 0.0, 0.0, 0.0, 0.0, 0.0, 0.0, 0.0, 0.0, 0.0, 0.0, 0.0, 0.0, 0.0], "coordinates": [["5.25210", "0.05190", "-0.10380"], ["3.53230", "0.04510", "-0.06490"], ["2.82010", "-0.47500", "-1.14210"], ["1.42330", "-0.48210", "-1.11210"], ["0.72150", "0.03180", "-0.00610"], ["1.46650", "0.54980", "1.07210"], ["0.69230", "1.19210", "2.48090"], ["2.86400", "0.55720", "1.04300"], ["-0.75050", "0.00790", "-0.01600"], ["-1.42070", "-1.13180", "0.46690"], ["-2.81500", "-1.18760", "0.47600"], ["-3.60860", "-2.59250", "1.07200"], ["-3.56860", "-0.11620", "0.00500"], ["-2.92270", "1.02130", "-0.48010"], ["-1.52480", "1.08430", "-0.49210"], ["-0.79330", "2.52250", "-1.11660"], ["3.34290", "-0.87330", "-2.00830"], ["0.87970", "-0.88720", "-1.96460"], ["3.42680", "0.96100", "1.88040"], ["-0.84870", "-1.97760", "0.84410"], ["-4.65480", "-0.15880", "0.01330"], ["-3.51370", "1.85720", "-0.84710"]], "bond_dist": [[0.0, 1.720253321461697, 2.696352072708607, 3.995188897912088, 4.531697878279178, 3.995173660806249, 5.364000947986494, 2.6969427023946952, 6.003403334776034, 6.800963462627925, 8.18233650615764, 9.321339039537186, 8.822972488906446, 8.240673096901734, 6.866076045311471, 6.608819059408421, 2.8509927972550195, 4.843796776290269, 2.845212213526436, 6.499011101698473, 9.90983221401856, 8.980581975573743], [1.720253321461697, 0.0, 1.3921539749611034, 2.4129750682508098, 2.8114464195499087, 2.4114354086311334, 3.9827511396018713, 1.3915148975127791, 4.283240699517131, 5.118604678034826, 6.48847743234112, 7.6968778202593295, 7.103075707748018, 6.541588681658302, 5.180414741118707, 5.094546006269843, 2.1578077949622854, 3.3932771976365266, 2.1527180841903104, 4.9102705923401, 8.1900120183062, 7.317216632709463], [2.696352072708607, 1.3921539749611034, 0.0, 1.3971401683438924, 2.4395622968065402, 2.7901845171959505, 4.520274798062614, 2.4170283531642736, 3.7749805271020933, 4.583083228570042, 5.905962951119824, 7.121392332261999, 6.500774072370151, 5.971340681120111, 4.661767100574631, 4.694924499925425, 1.0873201782363835, 2.147455994892561, 3.400836241279489, 4.434285809462444, 7.570274870174794, 6.755975449925791], [3.995188897912088, 2.4129750682508098, 1.3971401683438924, 0.0, 1.407072297360729, 2.4160739827248667, 4.030751250077335, 2.7928868559252447, 2.4833327706934485, 3.317180593516127, 4.58071814784538, 5.87742278383987, 5.128436489808566, 4.641912489481033, 3.395482671138229, 3.7337590937284637, 2.154315677889385, 1.0892030205613643, 3.879639945922817, 3.3504063469973313, 6.189858452339601, 5.469599481680537], [4.531697878279178, 2.8114464195499087, 2.4395622968065402, 1.407072297360729, 0.0, 1.4092069542831527, 2.744506828193364, 2.442736625180865, 1.4722272990268859, 2.4832870957664155, 3.771762057712549, 5.176776613878563, 4.292666446394362, 3.8057824280954367, 2.527808525185402, 3.1195217229569026, 3.420489557066357, 2.1691727662867244, 3.426505943377306, 2.6881325190548173, 5.379712483953022, 4.687887072018693], [3.995173660806249, 2.4114354086311334, 2.7901845171959505, 2.4160739827248667, 1.4092069542831527, 0.0, 1.731084160287997, 1.397822528077152, 2.52838015733394, 3.3955808693064577, 4.658877141543871, 5.969144772075812, 5.1898449321728295, 4.679392453086191, 3.4176435712344255, 3.713307019356196, 3.8774933565384737, 3.41040322102827, 2.1599098175618354, 3.435096184970663, 6.25247831583605, 5.49499913011822], [5.364000947986494, 3.9827511396018713, 4.520274798062614, 4.030751250077335, 2.744506828193364, 1.731084160287997, 0.0, 2.6808460063942503, 3.1174526604264576, 3.7311494488964123, 4.688683118957817, 5.899655683173384, 5.098725184788841, 4.675993866548587, 3.710240187642843, 4.11326850205527, 5.60753726336259, 4.911321359878622, 2.8091809678267436, 3.885973922969633, 6.041974758305433, 5.4044775889997], [2.6969427023946952, 1.3915148975127791, 2.4170283531642736, 2.7928868559252447, 2.442736625180865, 1.397822528077152, 2.6808460063942503, 0.0, 3.8062871331522006, 4.641472428012472, 5.967986012047951, 7.198333268889403, 6.550515576655016, 6.001759684459217, 4.679308908375252, 4.679970036228864, 3.403837121543862, 3.881931942989212, 1.0867552806404948, 4.499879280602981, 7.622682699024012, 6.77772345998271], [6.003403334776034, 4.283240699517131, 3.7749805271020933, 2.4833327706934485, 1.4722272990268859, 2.52838015733394, 3.1174526604264576, 3.8062871331522006, 0.0, 1.4075782535972912, 2.4358662730125396, 4.014294429909197, 2.8209093250226958, 2.4414793077148946, 1.4088465707805091, 2.7452441348630545, 4.636992159794968, 2.6936588518221827, 4.685570174482503, 2.1660160433385527, 3.9079669740160297, 3.42723094348776], [6.800963462627925, 5.118604678034826, 4.583083228570042, 3.317180593516127, 2.4832870957664155, 3.3955808693064577, 3.7311494488964123, 4.641472428012472, 1.4075782535972912, 0.0, 1.39544578540336, 2.699388247362724, 2.4203862047202302, 2.790815760669271, 2.416943735381525, 4.031750426303692, 5.3745066982933425, 3.356167690983274, 5.465898859291123, 1.088504239771256, 3.4076215708320663, 3.878319997112152], [8.18233650615764, 6.48847743234112, 5.905962951119824, 4.58071814784538, 3.771762057712549, 4.658877141543871, 4.688683118957817, 5.967986012047951, 2.4358662730125396, 1.39544578540336, 0.0, 1.7201049299388684, 1.3919956609127775, 2.409349644613666, 2.7862812600310116, 4.515361298943862, 6.647575752859082, 4.438195197374717, 6.748991669871877, 2.150798293657497, 2.1580974885301174, 3.3925775363283885], [9.321339039537186, 7.6968778202593295, 7.121392332261999, 5.87742278383987, 5.176776613878563, 5.969144772075812, 5.899655683173384, 7.198333268889403, 4.014294429909197, 2.699388247362724, 1.7201049299388684, 0.0, 2.696692546435355, 3.9923706816877615, 4.5063831938706675, 6.235311463752232, 7.795335078109216, 5.681005592322542, 7.923239613314745, 2.8367390486260806, 2.8527663451464087, 4.846832048874811], [8.822972488906446, 7.103075707748018, 6.500774072370151, 5.128436489808566, 4.292666446394362, 5.1898449321728295, 5.098725184788841, 6.550515576655016, 2.8209093250226958, 2.4203862047202302, 1.3919956609127775, 2.696692546435355, 0.0, 1.3951398030305067, 2.4218643851380284, 3.9903651888016465, 7.238467348133858, 4.925559668707709, 7.322097114898163, 3.4009932049329357, 1.0870667366817917, 2.150208357345864], [8.240673096901734, 6.541588681658302, 5.971340681120111, 4.641912489481033, 3.8057824280954367, 4.679392453086191, 4.675993866548587, 6.001759684459217, 2.4414793077148946, 2.790815760669271, 2.409349644613666, 3.9923706816877615, 1.3951398030305067, 0.0, 1.3993703619842746, 2.6819914336179376, 6.721803906690525, 4.506035758846128, 6.774344735101691, 3.8792245165754458, 2.153195295369187, 1.0875195676400493], [6.866076045311471, 5.180414741118707, 4.661767100574631, 3.395482671138229, 2.527808525185402, 3.4176435712344255, 3.710240187642843, 4.679308908375252, 1.4088465707805091, 2.416943735381525, 2.7862812600310116, 4.5063831938706675, 2.4218643851380284, 1.3993703619842746, 0.0, 1.7301767944346034, 5.461278558176647, 3.440448916929301, 5.492021640525463, 3.408485478918753, 3.405528853203273, 2.1631279712490428], [6.608819059408421, 5.094546006269843, 4.694924499925425, 3.7337590937284637, 3.1195217229569026, 3.713307019356196, 4.11326850205527, 4.679970036228864, 2.7452441348630545, 4.031750426303692, 4.515361298943862, 6.235311463752232, 3.9903651888016465, 2.6819914336179376, 1.7301767944346034, 0.0, 5.42537897017342, 3.891540452057514, 5.406434616269766, 4.909003326541957, 4.835000098241984, 2.813508574715919], [2.8509927972550195, 2.1578077949622854, 1.0873201782363835, 2.154315677889385, 3.420489557066357, 3.8774933565384737, 5.60753726336259, 3.403837121543862, 4.636992159794968, 5.3745066982933425, 6.647575752859082, 7.795335078109216, 7.238467348133858, 6.721803906690525, 5.461278558176647, 5.42537897017342, 0.0, 2.4636268264491683, 4.300428279834463, 5.18894737013202, 8.280131768275188, 7.471076177499464], [4.843796776290269, 3.3932771976365266, 2.147455994892561, 1.0892030205613643, 2.1691727662867244, 3.41040322102827, 4.911321359878622, 3.881931942989212, 2.6936588518221827, 3.356167690983274, 4.438195197374717, 5.681005592322542, 4.925559668707709, 4.506035758846128, 3.440448916929301, 3.891540452057514, 2.4636268264491683, 0.0, 4.968660448249608, 3.473490234619928, 5.922275341454498, 5.299292515987394], [2.845212213526436, 2.1527180841903104, 3.400836241279489, 3.879639945922817, 3.426505943377306, 2.1599098175618354, 2.8091809678267436, 1.0867552806404948, 4.685570174482503, 5.465898859291123, 6.748991669871877, 7.923239613314745, 7.322097114898163, 6.774344735101691, 5.492021640525463, 5.406434616269766, 4.300428279834463, 4.968660448249608, 0.0, 5.2904808760641036, 8.3697235922102, 7.51085687122315], [6.499011101698473, 4.9102705923401, 4.434285809462444, 3.3504063469973313, 2.6881325190548173, 3.435096184970663, 3.885973922969633, 4.499879280602981, 2.1660160433385527, 1.088504239771256, 2.150798293657497, 2.8367390486260806, 3.4009932049329357, 3.8792245165754458, 3.408485478918753, 4.909003326541957, 5.18894737013202, 3.473490234619928, 5.2904808760641036, 0.0, 4.2993789423590005, 4.9666964352575445], [9.90983221401856, 8.1900120183062, 7.570274870174794, 6.189858452339601, 5.379712483953022, 6.25247831583605, 6.041974758305433, 7.622682699024012, 3.9079669740160297, 3.4076215708320663, 2.1580974885301174, 2.8527663451464087, 1.0870667366817917, 2.153195295369187, 3.405528853203273, 4.835000098241984, 8.280131768275188, 5.922275341454498, 8.3697235922102, 4.2993789423590005, 0.0, 2.4711643753502113], [8.980581975573743, 7.317216632709463, 6.755975449925791, 5.469599481680537, 4.687887072018693, 5.49499913011822, 5.4044775889997, 6.77772345998271, 3.42723094348776, 3.878319997112152, 3.3925775363283885, 4.846832048874811, 2.150208357345864, 1.0875195676400493, 2.1631279712490428, 2.813508574715919, 7.471076177499464, 5.299292515987394, 7.51085687122315, 4.9666964352575445, 2.4711643753502113, 0.0]]}