{"total energy": -35.82415198, "HOMO-LUMO gap/eV": 3.49597489, "electronic energy": -35.96626753, "dipole": [-0.01835358, -0.0065362, -0.09322836], "partial charges": [-0.05987716, 0.14091487, 0.06706609, -0.07607071, 0.06706777, 0.14092193, -0.0598891, -0.07201772, -0.07610748, -0.0720085], "atomic dipole moments": [[0.00637534, 0.03726086, 0.0061343], [0.14971164, 0.03721062, -0.18940631], [-0.08539708, 0.05940467, 0.15818184], [0.00298651, 0.01029952, -0.01472573], [0.14029391, -0.03986147, 0.12064651], [-0.20906819, -0.05832657, -0.11204454], [-0.00264827, -0.03600991, 0.01305562], [0.01264484, 0.02854291, -0.01084019], [-0.00798953, -0.01218989, -0.01090371], [-0.01506291, -0.02939223, -0.00129175]], "atomic quadrupole moments": [[-0.0920513, 0.26582278, 0.3152289, -0.0258318, -0.09237786, -0.2231776], [-0.03374902, -0.06540444, 0.18064201, 0.27225791, 0.09059609, -0.14689299], [-0.00329494, -0.18322541, 0.06501239, 0.30348748, 0.12290805, -0.06171745], [-0.2052165, -0.12837422, 0.09985711, -0.09575915, 0.3557028, 0.10535939], [-0.21220395, -0.25310488, 0.04170771, -0.20405362, -0.03505671, 0.17049624], [-0.23493168, -0.13604896, 0.15583505, -0.21627281, -0.07837834, 0.07909663], [-0.10721218, 0.26382473, 0.31568444, -0.06295572, -0.08847162, -0.20847227], [-0.06994064, -0.21110941, 0.01253544, 0.20898146, -0.26277841, 0.0574052], [-0.0804654, -0.23085112, 0.01121492, 0.21739067, -0.27847185, 0.06925048], [-0.19265013, -0.11601555, 0.0956934, -0.09869311, 0.33227782, 0.09695673]], "number of molecular orbitals": 70, "number of electrons": 58, "number of unpaired electrons": 0, "orbital energies/eV": [-29.75761289, -29.75665858, -29.63928218, -29.63901457, -29.54958527, -29.5445263, -19.50340805, -18.91055445, -17.52460176, -16.40128491, -15.96129056, -15.72527762, -15.65634907, -14.93881063, -14.68905093, -14.49950254, -14.15114102, -13.08793984, -13.08489063, -12.72918241, -12.71560043, -12.68026255, -12.66885012, -12.59613409, -12.43372182, -12.36398751, -12.23217087, -11.56905997, -11.51070606, -8.01473117, -7.80454663, -6.30867017, -6.11023288, -5.19638691, -5.1471803, -4.13260147, -3.34252768, -0.8015287, -0.75144111, -0.6545699, -0.64821861, -0.64566699, -0.62588269, -0.62291905, -0.61950378, -0.61811977, -0.58575753, -0.58432761, -0.53390984, -0.53376855, -0.52957278, -0.52888371, -0.41490368, -0.4139974, -0.4127143, -0.41113789, -0.32042987, -0.24188485, -0.22556492, 0.09340442, 0.12455624, 2.04785566, 2.60931902, 2.61464059, 3.67469115, 4.37768855, 5.81156754, 8.51958345, 13.10488486, 13.94108142], "fractional occupation": [2.0, 2.0, 2.0, 2.0, 2.0, 2.0, 2.0, 2.0, 2.0, 2.0, 2.0, 2.0, 2.0, 2.0, 2.0, 2.0, 2.0, 2.0, 2.0, 2.0, 2.0, 2.0, 2.0, 2.0, 2.0, 2.0, 2.0, 2.0, 2.0, 0.0, 0.0, 0.0, 0.0, 0.0, 0.0, 0.0, 0.0, 0.0, 0.0, 0.0, 0.0, 0.0, 0.0, 0.0, 0.0, 0.0, 0.0, 0.0, 0.0, 0.0, 0.0, 0.0, 0.0, 0.0, 0.0, 0.0, 0.0, 0.0, 0.0, 0.0, 0.0, 0.0, 0.0, 0.0, 0.0, 0.0, 0.0, 0.0, 0.0, 0.0], "program call": "xtb /home/svss/Project-DBcg-Debug/aqme2_20220329/End-to-End-workflows-final/example-3/QDESCP/mol_549_rdkit_conf_1/mol_549_rdkit_conf_1.xyz --pop --wbo --acc 0.2 --gfn 2 --chrg 0 --uhf 0 --etemp 300 --input /home/svss/Project-DBcg-Debug/aqme2_20220329/End-to-End-workflows-final/example-3/QDESCP/mol_549_rdkit_conf_1/mol_549_rdkit_conf_1_xtb.inp", "method": "GFN2-xTB", "xtb version": "6.3.3 (7355c4f)", "Dipole module/D": 0.242, "Total charge": 0, "Transition dipole module/D": NaN, "HOMO": -11.5107, "LUMO": -8.0147, "HOMO occupancy": 2.0, "LUMO occupancy": 0, "mulliken charges": [-0.05986, 0.15727, 0.04763, -0.07491, 0.04764, 0.15728, -0.05987, -0.07013, -0.07495, -0.07012], "cm5 charges": [-0.05963, 0.15683, 0.04737, -0.07467, 0.04737, 0.15684, -0.05964, -0.0699, -0.07471, -0.06988], "FUKUI+": [-0.141, -0.043, -0.041, -0.147, -0.041, -0.043, -0.141, -0.127, -0.147, -0.127], "FUKUI-": [-0.158, -0.009, -0.014, -0.176, -0.014, -0.009, -0.158, -0.143, -0.176, -0.143], "FUKUIrad": [-0.15, -0.026, -0.028, -0.162, -0.027, -0.026, -0.15, -0.135, -0.162, -0.135], "s proportion": [1.946, 1.086, 1.073, 1.949, 1.073, 1.086, 1.946, 1.947, 1.949, 1.947], "p proportion": [5.12, 2.756, 2.879, 5.133, 2.879, 2.756, 5.12, 5.129, 5.133, 5.129], "d proportion": [-0.006, 0.0, 0.0, -0.007, 0.0, 0.0, -0.006, -0.006, -0.007, -0.006], "Fermi-level/eV": -9.7627, "Coordination numbers": [1.051, 2.8, 2.964, 0.976, 2.964, 2.8, 1.051, 1.044, 0.976, 1.044], "Dispersion coefficient C6": [101.042, 24.918, 26.496, 101.529, 26.496, 24.918, 101.043, 101.416, 101.53, 101.416], "Total dispersion C6": 6506.113714, "Total dispersion C8": 249099.565809, "Polarizability alpha": [15.379, 8.178, 8.443, 15.415, 8.443, 8.178, 15.379, 15.407, 15.416, 15.407], "Total polarizability alpha": 125.643424, "Wiberg matrix": [[0.0, 1.0294689505924939, 0.0, 0.0, 0.0, 0.0, 0.0, 0.0, 0.0, 0.0], [1.0294689505924939, 0.0, 1.7082283501879216, 0.0, 0.0, 0.0, 0.0, 0.0, 0.0, 1.0140703864203817], [0.0, 1.7082283501879216, 0.0, 0.9851640660242518, 1.0297577400640436, 0.0, 0.0, 0.0, 0.0, 0.0], [0.0, 0.0, 0.9851640660242518, 0.0, 0.0, 0.0, 0.0, 0.0, 0.0, 0.0], [0.0, 0.0, 1.0297577400640436, 0.0, 0.0, 1.7083578849597674, 0.0, 0.0, 0.9850907286643488, 0.0], [0.0, 0.0, 0.0, 0.0, 1.7083578849597674, 0.0, 1.0294365837969162, 1.0140348577376692, 0.0, 0.0], [0.0, 0.0, 0.0, 0.0, 0.0, 1.0294365837969162, 0.0, 0.0, 0.0, 0.0], [0.0, 0.0, 0.0, 0.0, 0.0, 1.0140348577376692, 0.0, 0.0, 0.0, 0.0], [0.0, 0.0, 0.0, 0.0, 0.9850907286643488, 0.0, 0.0, 0.0, 0.0, 0.0], [0.0, 1.0140703864203817, 0.0, 0.0, 0.0, 0.0, 0.0, 0.0, 0.0, 0.0]], "Born radii": [], "Atomic SASAs": [], "Solvent H bonds": [], "Total SASA": NaN, "Total FOD": 0.0, "FOD": [0.0, 0.0, 0.0, 0.0, 0.0, 0.0, 0.0, 0.0, 0.0, 0.0], "FOD s proportion": [0.0, 0.0, 0.0, 0.0, 0.0, 0.0, 0.0, 0.0, 0.0, 0.0], "FOD p proportion": [0.0, 0.0, 0.0, 0.0, 0.0, 0.0, 0.0, 0.0, 0.0, 0.0], "FOD d proportion": [0.0, 0.0, 0.0, 0.0, 0.0, 0.0, 0.0, 0.0, 0.0, 0.0], "coordinates": [["2.01110", "2.47370", "-0.89480"], ["1.25210", "0.93160", "-0.65750"], ["0.42510", "0.67310", "0.37370"], ["0.03990", "1.88160", "1.57240"], ["-0.23470", "-0.60540", "0.59310"], ["-1.38250", "-0.97800", "-0.00490"], ["-2.13400", "-2.51740", "0.27110"], ["-2.22440", "0.06580", "-1.11200"], ["0.60630", "-1.65190", "1.70830"], ["1.64120", "-0.27320", "-1.84950"]], "bond_dist": [[0.0, 1.7350690764347108, 2.714157071725953, 3.2129873466915493, 4.091249303085794, 4.9216537728694405, 6.591832524419897, 4.876947662216605, 5.0764326066638565, 2.931507753699451], [1.7350690764347108, 0.0, 1.3468944613443177, 2.7100521858443978, 2.4772855305757546, 3.318670830317463, 4.921744829834233, 3.611403070829951, 3.5620976306103684, 1.7389093852182178], [2.714157071725953, 1.3468944613443177, 0.0, 1.7452028478088157, 1.455346917404919, 2.4772740926268133, 4.091309059457621, 3.09773595227224, 2.686934238123442, 2.7049955896452027], [3.2129873466915493, 2.7100521858443978, 1.7452028478088157, 0.0, 2.686931828312732, 3.5620793379710114, 5.076457810324045, 3.95350319210697, 3.5811869568622074, 4.349336080369048], [4.091249303085794, 2.4772855305757546, 1.455346917404919, 2.686931828312732, 0.0, 1.346803474898992, 2.714179155840675, 2.7049549977772274, 1.7453120895702294, 3.097685008195636], [4.9216537728694405, 3.318670830317463, 2.4772740926268133, 3.5620793379710114, 1.346803474898992, 0.0, 1.7351312947440027, 1.7389607413624957, 2.710077653868981, 3.6113783919716855], [6.591832524419897, 4.921744829834233, 4.091309059457621, 5.076457810324045, 2.714179155840675, 1.7351312947440027, 0.0, 2.931562724896058, 3.2130792364957323, 4.877039372406173], [4.876947662216605, 3.611403070829951, 3.09773595227224, 3.95350319210697, 2.7049549977772274, 1.7389607413624957, 2.931562724896058, 0.0, 4.349419256636454, 3.949897544240863], [5.0764326066638565, 3.5620976306103684, 2.686934238123442, 3.5811869568622074, 1.7453120895702294, 2.710077653868981, 3.2130792364957323, 4.349419256636454, 0.0, 3.9534507129847967], [2.931507753699451, 1.7389093852182178, 2.7049955896452027, 4.349336080369048, 3.097685008195636, 3.6113783919716855, 4.877039372406173, 3.949897544240863, 3.9534507129847967, 0.0]]}