{"total energy": -42.93391291, "HOMO-LUMO gap/eV": 4.79011164, "electronic energy": -43.46237928, "dipole": [-0.56994281, -0.28476358, 0.59809936], "partial charges": [-0.0999856, -0.05257713, -0.05782582, -0.05762704, -0.05866747, -0.05873763, -0.05651024, -0.08794089, 0.35091408, -0.40552732, -0.27639158, 0.08550327, -0.11331575, 0.03105854, 0.0310448, 0.03120045, 0.03113802, 0.03042981, 0.02897025, 0.0291819, 0.02695519, 0.03097791, 0.03585174, 0.02910136, 0.02732707, 0.03965493, 0.03602812, 0.0517943, 0.06897815, 0.06710025, 0.05064416, 0.05087611, 0.05502934, 0.05036359, 0.05498311], "atomic dipole moments": [[-0.09899581, -0.00893298, -0.00011278], [0.06712262, -0.0553174, 0.07268179], [-0.06840307, 0.0471693, -0.073183], [0.04013367, 0.10030842, 0.02471818], [-0.04868489, -0.1028736, -0.01669442], [0.03355157, 0.10926764, 0.02262021], [-0.07881811, -0.10827961, -0.01376242], [0.03308146, 0.00459617, -0.09645437], [-0.14577644, -0.07031307, -0.02050298], [-0.07204355, -0.03783869, 0.15733523], [0.06620744, 0.0383521, -0.21360348], [0.07026779, 0.02511388, 0.23571451], [0.11867966, 0.05677813, -0.04387252], [0.03638322, 0.07938836, -0.08885593], [0.05627369, -0.11013884, -0.02226438], [0.04153172, 0.04435265, 0.11021039], [-0.04600612, 0.11412286, 0.01478533], [-0.03389348, -0.03730345, -0.11334456], [0.05487075, -0.10798435, -0.01045731], [0.03330273, 0.03962352, 0.1128282], [-0.02347047, -0.08960473, 0.07799719], [-0.0323757, -0.04718476, -0.11089596], [0.01795801, 0.08973156, -0.085444], [0.03540375, 0.04809922, 0.10796055], [-0.0193078, -0.08760102, 0.08348144], [-0.03477056, -0.05148863, -0.11126637], [0.03461841, 0.04563852, 0.10626448], [0.02486371, 0.09357946, -0.08534393], [-0.0568116, 0.10521838, 0.05366641], [-0.0159813, -0.10567894, 0.07814953], [-0.02252929, 0.10924685, -0.06170654], [0.067521, -0.08424255, -0.06792454], [0.01550081, -0.10599786, 0.07043661], [-0.06837254, -0.0285477, -0.10566444], [-0.06946848, 0.07631002, 0.07618888]], "atomic quadrupole moments": [[0.22987717, 0.0327724, -0.11360565, 0.00061763, -0.0114026, -0.11627152], [0.16208593, 0.08077176, -0.09967338, -0.05571042, -0.15265441, -0.06241256], [0.14300819, 0.10846275, -0.07968971, -0.051443, -0.14453597, -0.06331849], [0.19472148, -0.07547115, 0.01522997, -0.0269445, 0.05269899, -0.20995144], [0.19922892, -0.0560596, 0.02593943, -0.04918546, 0.06476056, -0.22516835], [0.19056091, -0.07097641, 0.03925242, -0.05266172, 0.0557447, -0.22981333], [0.22585546, -0.05116762, -0.00606914, -0.04753812, 0.06599931, -0.21978632], [0.14809949, 0.10133096, -0.21252959, 0.07177807, 0.053988, 0.06443011], [0.03063642, -0.21155602, 0.38124684, 0.00841915, 0.03600565, -0.41188325], [-0.04835629, -0.12095244, 0.15455655, -0.01227711, 0.00638007, -0.10620026], [0.00584714, 0.03897316, -0.06326386, 0.05278355, 0.01954515, 0.05741672], [0.09172932, 0.22199924, -0.30233295, 0.24666168, 0.09503561, 0.21060363], [0.18617865, 0.15645246, -0.07031648, -0.07806433, -0.03733439, -0.11586216], [-0.02126399, 0.01844268, 0.00252081, -0.01825597, -0.06499297, 0.01874318], [-0.01450505, -0.03544757, 0.06308894, -0.00356326, 0.02236502, -0.0485839], [-0.02219742, 0.00725287, -0.03691516, 0.02288725, 0.04233791, 0.05911258], [-0.00745736, -0.02690857, 0.03698099, -0.01817601, 0.01766855, -0.02952363], [-0.01794615, 0.01875698, -0.01829585, 0.01491385, 0.03237203, 0.036242], [-0.00411124, -0.02831042, 0.04017825, -0.0217951, 0.013169, -0.03606701], [-0.02723306, 0.01906543, -0.01160664, 0.00762381, 0.03482362, 0.0388397], [-0.01231914, 0.00199725, 0.00209857, -0.02067012, -0.04877269, 0.01022057], [-0.01775526, -0.00703013, -0.03130327, 0.01928419, 0.02128774, 0.04905852], [-0.01929883, 0.00291945, 0.0006193, -0.01340535, -0.04263309, 0.01867953], [-0.01656441, 0.00163907, -0.02905015, 0.02127942, 0.02529228, 0.04561455], [-0.02275491, 0.00243476, 0.00207614, -0.0125861, -0.04541301, 0.02067877], [-0.01333396, 0.00147696, -0.02865778, 0.02161278, 0.02070244, 0.04199175], [-0.01067705, -0.00524509, -0.03306874, 0.02423376, 0.03008668, 0.0437458], [-0.02043157, -0.00339256, 0.00169233, -0.00991197, -0.0424983, 0.01873924], [0.01164885, -0.02820931, 0.02416774, -0.01233067, 0.0410416, -0.03581659], [-0.00810061, 0.01921069, 0.01962554, 0.00521411, -0.05041747, -0.01152494], [-0.01444342, 0.00164552, 0.02528639, 0.0196186, -0.02161429, -0.01084296], [0.01062473, -0.01844106, -0.0028126, -0.00507477, 0.02962503, -0.00781213], [-0.02327058, -0.02595809, 0.04320094, 0.00703094, -0.05411225, -0.01993036], [-0.00962341, 0.01842151, -0.04447568, 0.04955627, 0.01973866, 0.0540991], [-0.01167795, -0.034231, 0.02551113, -0.03884844, 0.04328622, -0.01383318]], "number of molecular orbitals": 74, "number of electrons": 78, "number of unpaired electrons": 0, "orbital energies/eV": [-20.02768358, -19.28084633, -18.2923467, -17.3051649, -16.88487108, -16.7330071, -16.5628006, -16.38858605, -16.22446084, -15.85159734, -15.75903749, -15.37295903, -15.24231659, -15.17349904, -14.89339537, -14.78475689, -14.33470652, -14.01647342, -13.83783881, -13.62227861, -13.58917675, -13.36142689, -13.24435003, -13.11580637, -13.06843709, -12.84143838, -12.73726007, -12.63289981, -12.57911027, -12.2348489, -12.05743748, -12.02750304, -11.90865853, -11.76517144, -11.56460887, -11.46368927, -11.31313028, -11.21521591, -11.18640865, -6.39629701, 0.00675909, 1.45341289, 2.35218668, 2.60543097, 2.85484252, 2.97578345, 3.31910023, 3.40262523, 3.54447543, 3.626057, 3.72108963, 3.79418129, 3.96096398, 4.00072805, 4.33603111, 4.4769526, 4.61109352, 4.76795816, 4.88942013, 5.1502627, 5.6741785, 5.92725578, 5.99615808, 6.32708599, 6.51532302, 6.689165, 6.89964734, 6.97935682, 7.16734074, 7.47987561, 7.67324815, 8.33252116, 8.51409899, 16.23371984], "fractional occupation": [2.0, 2.0, 2.0, 2.0, 2.0, 2.0, 2.0, 2.0, 2.0, 2.0, 2.0, 2.0, 2.0, 2.0, 2.0, 2.0, 2.0, 2.0, 2.0, 2.0, 2.0, 2.0, 2.0, 2.0, 2.0, 2.0, 2.0, 2.0, 2.0, 2.0, 2.0, 2.0, 2.0, 2.0, 2.0, 2.0, 2.0, 2.0, 2.0, 0.0, 0.0, 0.0, 0.0, 0.0, 0.0, 0.0, 0.0, 0.0, 0.0, 0.0, 0.0, 0.0, 0.0, 0.0, 0.0, 0.0, 0.0, 0.0, 0.0, 0.0, 0.0, 0.0, 0.0, 0.0, 0.0, 0.0, 0.0, 0.0, 0.0, 0.0, 0.0, 0.0, 0.0, 0.0], "program call": "xtb /home/svss/Project-DBcg-Debug/aqme2_20220329/End-to-End-workflows-final/example-3/QDESCP/mol_191_rdkit_conf_14/mol_191_rdkit_conf_14.xyz --pop --wbo --acc 0.2 --gfn 2 --chrg 0 --uhf 0 --etemp 300 --input /home/svss/Project-DBcg-Debug/aqme2_20220329/End-to-End-workflows-final/example-3/QDESCP/mol_191_rdkit_conf_14/mol_191_rdkit_conf_14_xtb.inp", "method": "GFN2-xTB", "xtb version": "6.3.3 (7355c4f)", "Dipole module/D": 2.221, "Total charge": 0, "Transition dipole module/D": NaN, "HOMO": -11.1864, "LUMO": -6.3963, "HOMO occupancy": 2.0, "LUMO occupancy": 0, "mulliken charges": [-0.0834, -0.03997, -0.04688, -0.04556, -0.04583, -0.04729, -0.03924, -0.07824, 0.5736, -0.52875, -0.42464, 0.20614, -0.09543, 0.02809, 0.02604, 0.02592, 0.02277, 0.02354, 0.0237, 0.02203, 0.02252, 0.02528, 0.02716, 0.0207, 0.01907, 0.03575, 0.02469, 0.04097, 0.05872, 0.05259, 0.03884, 0.03864, 0.04201, 0.03436, 0.04209], "cm5 charges": [-0.23381, -0.15264, -0.15739, -0.15614, -0.15671, -0.15736, -0.14766, -0.17691, 0.62271, -0.57948, -0.50805, 0.12375, -0.24211, 0.07887, 0.07733, 0.07721, 0.07806, 0.07836, 0.07862, 0.07722, 0.07745, 0.0805, 0.08318, 0.07616, 0.07459, 0.09376, 0.07972, 0.09891, 0.11658, 0.11206, 0.10365, 0.10346, 0.09525, 0.08555, 0.09532], "FUKUI+": [0.004, 0.001, 0.004, 0.002, 0.004, 0.007, 0.02, 0.028, -0.189, -0.281, -0.122, 0.027, 0.017, -0.007, -0.007, -0.006, 0.004, -0.0, -0.013, -0.008, -0.007, -0.002, -0.009, -0.017, -0.018, 0.013, -0.054, -0.023, -0.099, -0.091, -0.039, -0.039, -0.028, -0.044, -0.028], "FUKUI-": [0.017, 0.002, 0.01, 0.01, 0.005, 0.009, 0.009, -0.0, -0.009, -0.075, -0.044, 0.009, 0.009, -0.044, -0.06, -0.043, -0.071, -0.053, -0.064, -0.043, -0.052, -0.03, -0.047, -0.04, -0.045, -0.039, -0.05, -0.03, -0.04, -0.033, -0.036, -0.032, -0.033, -0.034, -0.035], "FUKUIrad": [0.011, 0.002, 0.007, 0.006, 0.005, 0.008, 0.015, 0.014, -0.099, -0.178, -0.083, 0.018, 0.013, -0.026, -0.033, -0.024, -0.034, -0.027, -0.039, -0.025, -0.029, -0.016, -0.028, -0.028, -0.031, -0.013, -0.052, -0.026, -0.07, -0.062, -0.037, -0.036, -0.03, -0.039, -0.031], "s proportion": [1.008, 1.027, 1.032, 1.032, 1.032, 1.033, 1.03, 1.039, 0.991, 1.731, 1.701, 0.994, 1.011, 0.972, 0.974, 0.974, 0.977, 0.976, 0.976, 0.978, 0.977, 0.975, 0.973, 0.979, 0.981, 0.964, 0.975, 0.959, 0.941, 0.947, 0.961, 0.961, 0.958, 0.966, 0.958], "p proportion": [3.076, 3.013, 3.015, 3.013, 3.014, 3.014, 3.009, 3.039, 2.435, 4.798, 4.724, 2.8, 3.085, 0.0, 0.0, 0.0, 0.0, 0.0, 0.0, 0.0, 0.0, 0.0, 0.0, 0.0, 0.0, 0.0, 0.0, 0.0, 0.0, 0.0, 0.0, 0.0, 0.0, 0.0, 0.0], "d proportion": [0.0, 0.0, 0.0, 0.0, 0.0, 0.0, 0.0, 0.0, 0.0, 0.0, 0.0, 0.0, 0.0, 0.0, 0.0, 0.0, 0.0, 0.0, 0.0, 0.0, 0.0, 0.0, 0.0, 0.0, 0.0, 0.0, 0.0, 0.0, 0.0, 0.0, 0.0, 0.0, 0.0, 0.0, 0.0], "Fermi-level/eV": -8.7914, "Coordination numbers": [3.75, 3.799, 3.801, 3.8, 3.801, 3.801, 3.801, 3.802, 2.719, 0.856, 1.703, 3.703, 3.748, 0.924, 0.924, 0.924, 0.924, 0.924, 0.924, 0.924, 0.924, 0.924, 0.924, 0.924, 0.924, 0.924, 0.924, 0.924, 0.924, 0.924, 0.924, 0.924, 0.924, 0.924, 0.924], "Dispersion coefficient C6": [22.473, 21.52, 21.614, 21.611, 21.63, 21.631, 21.59, 22.176, 21.041, 21.792, 18.586, 19.305, 22.735, 2.572, 2.572, 2.57, 2.57, 2.58, 2.601, 2.598, 2.63, 2.573, 2.505, 2.599, 2.625, 2.454, 2.503, 2.298, 2.097, 2.118, 2.312, 2.309, 2.258, 2.315, 2.259], "Total dispersion C6": 8888.908438, "Total dispersion C8": 188269.486444, "Polarizability alpha": [6.761, 6.605, 6.619, 6.619, 6.622, 6.622, 6.615, 6.704, 7.509, 6.259, 5.821, 6.282, 6.801, 2.508, 2.508, 2.507, 2.507, 2.512, 2.522, 2.521, 2.536, 2.508, 2.475, 2.521, 2.534, 2.45, 2.474, 2.371, 2.265, 2.276, 2.378, 2.376, 2.35, 2.38, 2.35], "Total polarizability alpha": 139.666668, "Wiberg matrix": [[0.0, 1.0198147476070478, 0.0, 0.0, 0.0, 0.0, 0.0, 0.0, 0.0, 0.0, 0.0, 0.0, 0.0, 0.9874995814450862, 0.9876767217921749, 0.9878573811992702, 0.0, 0.0, 0.0, 0.0, 0.0, 0.0, 0.0, 0.0, 0.0, 0.0, 0.0, 0.0, 0.0, 0.0, 0.0, 0.0, 0.0, 0.0, 0.0], [1.0198147476070478, 0.0, 1.0088235012240716, 0.0, 0.0, 0.0, 0.0, 0.0, 0.0, 0.0, 0.0, 0.0, 0.0, 0.0, 0.0, 0.0, 0.9762634081607184, 0.9778711308877317, 0.0, 0.0, 0.0, 0.0, 0.0, 0.0, 0.0, 0.0, 0.0, 0.0, 0.0, 0.0, 0.0, 0.0, 0.0, 0.0, 0.0], [0.0, 1.0088235012240716, 0.0, 1.0063517591697773, 0.0, 0.0, 0.0, 0.0, 0.0, 0.0, 0.0, 0.0, 0.0, 0.0, 0.0, 0.0, 0.0, 0.0, 0.9768454120015599, 0.9772201336114974, 0.0, 0.0, 0.0, 0.0, 0.0, 0.0, 0.0, 0.0, 0.0, 0.0, 0.0, 0.0, 0.0, 0.0, 0.0], [0.0, 0.0, 1.0063517591697773, 0.0, 1.008048385255307, 0.0, 0.0, 0.0, 0.0, 0.0, 0.0, 0.0, 0.0, 0.0, 0.0, 0.0, 0.0, 0.0, 0.0, 0.0, 0.9770565665638771, 0.9771858060514176, 0.0, 0.0, 0.0, 0.0, 0.0, 0.0, 0.0, 0.0, 0.0, 0.0, 0.0, 0.0, 0.0], [0.0, 0.0, 0.0, 1.008048385255307, 0.0, 1.0067755458435779, 0.0, 0.0, 0.0, 0.0, 0.0, 0.0, 0.0, 0.0, 0.0, 0.0, 0.0, 0.0, 0.0, 0.0, 0.0, 0.0, 0.9752160177259331, 0.9771079985018245, 0.0, 0.0, 0.0, 0.0, 0.0, 0.0, 0.0, 0.0, 0.0, 0.0, 0.0], [0.0, 0.0, 0.0, 0.0, 1.0067755458435779, 0.0, 1.0078179232982967, 0.0, 0.0, 0.0, 0.0, 0.0, 0.0, 0.0, 0.0, 0.0, 0.0, 0.0, 0.0, 0.0, 0.0, 0.0, 0.0, 0.0, 0.9769764385619316, 0.9766221308635671, 0.0, 0.0, 0.0, 0.0, 0.0, 0.0, 0.0, 0.0, 0.0], [0.0, 0.0, 0.0, 0.0, 0.0, 1.0078179232982967, 0.0, 1.0050908949784663, 0.0, 0.0, 0.0, 0.0, 0.0, 0.0, 0.0, 0.0, 0.0, 0.0, 0.0, 0.0, 0.0, 0.0, 0.0, 0.0, 0.0, 0.0, 0.9767693558346483, 0.974776804524573, 0.0, 0.0, 0.0, 0.0, 0.0, 0.0, 0.0], [0.0, 0.0, 0.0, 0.0, 0.0, 0.0, 1.0050908949784663, 0.0, 0.9786409317086519, 0.0, 0.0, 0.0, 0.0, 0.0, 0.0, 0.0, 0.0, 0.0, 0.0, 0.0, 0.0, 0.0, 0.0, 0.0, 0.0, 0.0, 0.0, 0.0, 0.9471176053372466, 0.9603789592312133, 0.0, 0.0, 0.0, 0.0, 0.0], [0.0, 0.0, 0.0, 0.0, 0.0, 0.0, 0.0, 0.9786409317086519, 0.0, 1.7605046257537857, 1.115523420911487, 0.0, 0.0, 0.0, 0.0, 0.0, 0.0, 0.0, 0.0, 0.0, 0.0, 0.0, 0.0, 0.0, 0.0, 0.0, 0.0, 0.0, 0.0, 0.0, 0.0, 0.0, 0.0, 0.0, 0.0], [0.0, 0.0, 0.0, 0.0, 0.0, 0.0, 0.0, 0.0, 1.7605046257537857, 0.0, 0.1694601169284677, 0.0, 0.0, 0.0, 0.0, 0.0, 0.0, 0.0, 0.0, 0.0, 0.0, 0.0, 0.0, 0.0, 0.0, 0.0, 0.0, 0.0, 0.0, 0.0, 0.0, 0.0, 0.0, 0.0, 0.0], [0.0, 0.0, 0.0, 0.0, 0.0, 0.0, 0.0, 0.0, 1.115523420911487, 0.1694601169284677, 0.0, 0.9413457358195223, 0.0, 0.0, 0.0, 0.0, 0.0, 0.0, 0.0, 0.0, 0.0, 0.0, 0.0, 0.0, 0.0, 0.0, 0.0, 0.0, 0.0, 0.0, 0.0, 0.0, 0.0, 0.0, 0.0], [0.0, 0.0, 0.0, 0.0, 0.0, 0.0, 0.0, 0.0, 0.0, 0.0, 0.9413457358195223, 0.0, 1.019753599947854, 0.0, 0.0, 0.0, 0.0, 0.0, 0.0, 0.0, 0.0, 0.0, 0.0, 0.0, 0.0, 0.0, 0.0, 0.0, 0.0, 0.0, 0.9698657659651531, 0.9697843648680772, 0.0, 0.0, 0.0], [0.0, 0.0, 0.0, 0.0, 0.0, 0.0, 0.0, 0.0, 0.0, 0.0, 0.0, 1.019753599947854, 0.0, 0.0, 0.0, 0.0, 0.0, 0.0, 0.0, 0.0, 0.0, 0.0, 0.0, 0.0, 0.0, 0.0, 0.0, 0.0, 0.0, 0.0, 0.0, 0.0, 0.9855416661687677, 0.9839225437435442, 0.98554922580717], [0.9874995814450862, 0.0, 0.0, 0.0, 0.0, 0.0, 0.0, 0.0, 0.0, 0.0, 0.0, 0.0, 0.0, 0.0, 0.0, 0.0, 0.0, 0.0, 0.0, 0.0, 0.0, 0.0, 0.0, 0.0, 0.0, 0.0, 0.0, 0.0, 0.0, 0.0, 0.0, 0.0, 0.0, 0.0, 0.0], [0.9876767217921749, 0.0, 0.0, 0.0, 0.0, 0.0, 0.0, 0.0, 0.0, 0.0, 0.0, 0.0, 0.0, 0.0, 0.0, 0.0, 0.0, 0.0, 0.0, 0.0, 0.0, 0.0, 0.0, 0.0, 0.0, 0.0, 0.0, 0.0, 0.0, 0.0, 0.0, 0.0, 0.0, 0.0, 0.0], [0.9878573811992702, 0.0, 0.0, 0.0, 0.0, 0.0, 0.0, 0.0, 0.0, 0.0, 0.0, 0.0, 0.0, 0.0, 0.0, 0.0, 0.0, 0.0, 0.0, 0.0, 0.0, 0.0, 0.0, 0.0, 0.0, 0.0, 0.0, 0.0, 0.0, 0.0, 0.0, 0.0, 0.0, 0.0, 0.0], [0.0, 0.9762634081607184, 0.0, 0.0, 0.0, 0.0, 0.0, 0.0, 0.0, 0.0, 0.0, 0.0, 0.0, 0.0, 0.0, 0.0, 0.0, 0.0, 0.0, 0.0, 0.0, 0.0, 0.0, 0.0, 0.0, 0.0, 0.0, 0.0, 0.0, 0.0, 0.0, 0.0, 0.0, 0.0, 0.0], [0.0, 0.9778711308877317, 0.0, 0.0, 0.0, 0.0, 0.0, 0.0, 0.0, 0.0, 0.0, 0.0, 0.0, 0.0, 0.0, 0.0, 0.0, 0.0, 0.0, 0.0, 0.0, 0.0, 0.0, 0.0, 0.0, 0.0, 0.0, 0.0, 0.0, 0.0, 0.0, 0.0, 0.0, 0.0, 0.0], [0.0, 0.0, 0.9768454120015599, 0.0, 0.0, 0.0, 0.0, 0.0, 0.0, 0.0, 0.0, 0.0, 0.0, 0.0, 0.0, 0.0, 0.0, 0.0, 0.0, 0.0, 0.0, 0.0, 0.0, 0.0, 0.0, 0.0, 0.0, 0.0, 0.0, 0.0, 0.0, 0.0, 0.0, 0.0, 0.0], [0.0, 0.0, 0.9772201336114974, 0.0, 0.0, 0.0, 0.0, 0.0, 0.0, 0.0, 0.0, 0.0, 0.0, 0.0, 0.0, 0.0, 0.0, 0.0, 0.0, 0.0, 0.0, 0.0, 0.0, 0.0, 0.0, 0.0, 0.0, 0.0, 0.0, 0.0, 0.0, 0.0, 0.0, 0.0, 0.0], [0.0, 0.0, 0.0, 0.9770565665638771, 0.0, 0.0, 0.0, 0.0, 0.0, 0.0, 0.0, 0.0, 0.0, 0.0, 0.0, 0.0, 0.0, 0.0, 0.0, 0.0, 0.0, 0.0, 0.0, 0.0, 0.0, 0.0, 0.0, 0.0, 0.0, 0.0, 0.0, 0.0, 0.0, 0.0, 0.0], [0.0, 0.0, 0.0, 0.9771858060514176, 0.0, 0.0, 0.0, 0.0, 0.0, 0.0, 0.0, 0.0, 0.0, 0.0, 0.0, 0.0, 0.0, 0.0, 0.0, 0.0, 0.0, 0.0, 0.0, 0.0, 0.0, 0.0, 0.0, 0.0, 0.0, 0.0, 0.0, 0.0, 0.0, 0.0, 0.0], [0.0, 0.0, 0.0, 0.0, 0.9752160177259331, 0.0, 0.0, 0.0, 0.0, 0.0, 0.0, 0.0, 0.0, 0.0, 0.0, 0.0, 0.0, 0.0, 0.0, 0.0, 0.0, 0.0, 0.0, 0.0, 0.0, 0.0, 0.0, 0.0, 0.0, 0.0, 0.0, 0.0, 0.0, 0.0, 0.0], [0.0, 0.0, 0.0, 0.0, 0.9771079985018245, 0.0, 0.0, 0.0, 0.0, 0.0, 0.0, 0.0, 0.0, 0.0, 0.0, 0.0, 0.0, 0.0, 0.0, 0.0, 0.0, 0.0, 0.0, 0.0, 0.0, 0.0, 0.0, 0.0, 0.0, 0.0, 0.0, 0.0, 0.0, 0.0, 0.0], [0.0, 0.0, 0.0, 0.0, 0.0, 0.9769764385619316, 0.0, 0.0, 0.0, 0.0, 0.0, 0.0, 0.0, 0.0, 0.0, 0.0, 0.0, 0.0, 0.0, 0.0, 0.0, 0.0, 0.0, 0.0, 0.0, 0.0, 0.0, 0.0, 0.0, 0.0, 0.0, 0.0, 0.0, 0.0, 0.0], [0.0, 0.0, 0.0, 0.0, 0.0, 0.9766221308635671, 0.0, 0.0, 0.0, 0.0, 0.0, 0.0, 0.0, 0.0, 0.0, 0.0, 0.0, 0.0, 0.0, 0.0, 0.0, 0.0, 0.0, 0.0, 0.0, 0.0, 0.0, 0.0, 0.0, 0.0, 0.0, 0.0, 0.0, 0.0, 0.0], [0.0, 0.0, 0.0, 0.0, 0.0, 0.0, 0.9767693558346483, 0.0, 0.0, 0.0, 0.0, 0.0, 0.0, 0.0, 0.0, 0.0, 0.0, 0.0, 0.0, 0.0, 0.0, 0.0, 0.0, 0.0, 0.0, 0.0, 0.0, 0.0, 0.0, 0.0, 0.0, 0.0, 0.0, 0.0, 0.0], [0.0, 0.0, 0.0, 0.0, 0.0, 0.0, 0.974776804524573, 0.0, 0.0, 0.0, 0.0, 0.0, 0.0, 0.0, 0.0, 0.0, 0.0, 0.0, 0.0, 0.0, 0.0, 0.0, 0.0, 0.0, 0.0, 0.0, 0.0, 0.0, 0.0, 0.0, 0.0, 0.0, 0.0, 0.0, 0.0], [0.0, 0.0, 0.0, 0.0, 0.0, 0.0, 0.0, 0.9471176053372466, 0.0, 0.0, 0.0, 0.0, 0.0, 0.0, 0.0, 0.0, 0.0, 0.0, 0.0, 0.0, 0.0, 0.0, 0.0, 0.0, 0.0, 0.0, 0.0, 0.0, 0.0, 0.0, 0.0, 0.0, 0.0, 0.0, 0.0], [0.0, 0.0, 0.0, 0.0, 0.0, 0.0, 0.0, 0.9603789592312133, 0.0, 0.0, 0.0, 0.0, 0.0, 0.0, 0.0, 0.0, 0.0, 0.0, 0.0, 0.0, 0.0, 0.0, 0.0, 0.0, 0.0, 0.0, 0.0, 0.0, 0.0, 0.0, 0.0, 0.0, 0.0, 0.0, 0.0], [0.0, 0.0, 0.0, 0.0, 0.0, 0.0, 0.0, 0.0, 0.0, 0.0, 0.0, 0.9698657659651531, 0.0, 0.0, 0.0, 0.0, 0.0, 0.0, 0.0, 0.0, 0.0, 0.0, 0.0, 0.0, 0.0, 0.0, 0.0, 0.0, 0.0, 0.0, 0.0, 0.0, 0.0, 0.0, 0.0], [0.0, 0.0, 0.0, 0.0, 0.0, 0.0, 0.0, 0.0, 0.0, 0.0, 0.0, 0.9697843648680772, 0.0, 0.0, 0.0, 0.0, 0.0, 0.0, 0.0, 0.0, 0.0, 0.0, 0.0, 0.0, 0.0, 0.0, 0.0, 0.0, 0.0, 0.0, 0.0, 0.0, 0.0, 0.0, 0.0], [0.0, 0.0, 0.0, 0.0, 0.0, 0.0, 0.0, 0.0, 0.0, 0.0, 0.0, 0.0, 0.9855416661687677, 0.0, 0.0, 0.0, 0.0, 0.0, 0.0, 0.0, 0.0, 0.0, 0.0, 0.0, 0.0, 0.0, 0.0, 0.0, 0.0, 0.0, 0.0, 0.0, 0.0, 0.0, 0.0], [0.0, 0.0, 0.0, 0.0, 0.0, 0.0, 0.0, 0.0, 0.0, 0.0, 0.0, 0.0, 0.9839225437435442, 0.0, 0.0, 0.0, 0.0, 0.0, 0.0, 0.0, 0.0, 0.0, 0.0, 0.0, 0.0, 0.0, 0.0, 0.0, 0.0, 0.0, 0.0, 0.0, 0.0, 0.0, 0.0], [0.0, 0.0, 0.0, 0.0, 0.0, 0.0, 0.0, 0.0, 0.0, 0.0, 0.0, 0.0, 0.98554922580717, 0.0, 0.0, 0.0, 0.0, 0.0, 0.0, 0.0, 0.0, 0.0, 0.0, 0.0, 0.0, 0.0, 0.0, 0.0, 0.0, 0.0, 0.0, 0.0, 0.0, 0.0, 0.0]], "Born radii": [], "Atomic SASAs": [], "Solvent H bonds": [], "Total SASA": NaN, "Total FOD": 0.0, "FOD": [0.0, 0.0, 0.0, 0.0, 0.0, 0.0, 0.0, 0.0, 0.0, 0.0, 0.0, 0.0, 0.0, 0.0, 0.0, 0.0, 0.0, 0.0, 0.0, 0.0, 0.0, 0.0, 0.0, 0.0, 0.0, 0.0, 0.0, 0.0, 0.0, 0.0, 0.0, 0.0, 0.0, 0.0, 0.0], "FOD s proportion": [0.0, 0.0, 0.0, 0.0, 0.0, 0.0, 0.0, 0.0, 0.0, 0.0, 0.0, 0.0, 0.0, 0.0, 0.0, 0.0, 0.0, 0.0, 0.0, 0.0, 0.0, 0.0, 0.0, 0.0, 0.0, 0.0, 0.0, 0.0, 0.0, 0.0, 0.0, 0.0, 0.0, 0.0, 0.0], "FOD p proportion": [0.0, 0.0, 0.0, 0.0, 0.0, 0.0, 0.0, 0.0, 0.0, 0.0, 0.0, 0.0, 0.0, 0.0, 0.0, 0.0, 0.0, 0.0, 0.0, 0.0, 0.0, 0.0, 0.0, 0.0, 0.0, 0.0, 0.0, 0.0, 0.0, 0.0, 0.0, 0.0, 0.0, 0.0, 0.0], "FOD d proportion": [0.0, 0.0, 0.0, 0.0, 0.0, 0.0, 0.0, 0.0, 0.0, 0.0, 0.0, 0.0, 0.0, 0.0, 0.0, 0.0, 0.0, 0.0, 0.0, 0.0, 0.0, 0.0, 0.0, 0.0, 0.0, 0.0, 0.0, 0.0, 0.0, 0.0, 0.0, 0.0, 0.0, 0.0, 0.0], "coordinates": [["5.82410", "0.27240", "-0.65340"], ["4.30860", "0.14210", "-0.67060"], ["3.82010", "-0.82250", "0.41070"], ["2.31080", "-1.07720", "0.36250"], ["1.47400", "0.16120", "0.69100"], ["-0.01850", "-0.17610", "0.74030"], ["-0.85700", "1.06340", "1.06810"], ["-2.35120", "0.75250", "1.14950"], ["-2.97650", "0.48450", "-0.20070"], ["-2.47670", "0.75740", "-1.28250"], ["-4.20360", "-0.08420", "-0.02670"], ["-4.89670", "-0.36920", "-1.24780"], ["-6.23000", "-1.00130", "-0.89900"], ["6.15340", "0.96880", "-1.43090"], ["6.30350", "-0.69410", "-0.83850"], ["6.17410", "0.65090", "0.31240"], ["3.87090", "1.13490", "-0.52200"], ["3.98980", "-0.21160", "-1.65780"], ["4.33250", "-1.78500", "0.28930"], ["4.09730", "-0.44080", "1.40090"], ["2.07560", "-1.86950", "1.08410"], ["2.03390", "-1.45990", "-0.62730"], ["1.63980", "0.93790", "-0.06380"], ["1.78950", "0.57250", "1.65740"], ["-0.19490", "-0.94790", "1.49940"], ["-0.32740", "-0.59600", "-0.22390"], ["-0.53320", "1.46420", "2.03650"], ["-0.67250", "1.84540", "0.32150"], ["-2.87440", "1.61230", "1.58290"], ["-2.51300", "-0.11570", "1.79820"], ["-5.06220", "0.56010", "-1.80420"], ["-4.30570", "-1.06380", "-1.85520"], ["-6.08170", "-1.92110", "-0.32370"], ["-6.79810", "-1.23770", "-1.80310"], ["-6.82450", "-0.32700", "-0.27380"]], "bond_dist": [[0.0, 1.5211884104212727, 2.5193512696724127, 3.898300893979324, 4.554464492121988, 6.02324884925071, 6.9445187349448485, 8.385491906262864, 8.814787805727374, 8.338721271873762, 10.053590589436194, 10.756417366391098, 12.123694068228545, 1.0944942667734723, 1.094627160269651, 1.0947748124614487, 2.139196683336995, 2.1465627989881866, 2.7104332882400923, 2.7768040928376636, 4.653804262106433, 4.167392534907169, 4.277719591090561, 4.6591687896018525, 6.507844568672487, 6.227322141980451, 7.005084763227351, 6.755040382558789, 9.08076384177014, 8.698747069549729, 10.950736944151291, 10.287983365072087, 12.11066546396192, 12.764095931165668, 12.668482879966328], [1.5211884104212727, 0.0, 1.5291484885386375, 2.558357469158679, 3.144722011561594, 4.562420899040333, 5.527684392220671, 6.930965893005102, 7.308264211151647, 6.8405637041109415, 8.539518003962518, 9.237539478670714, 10.60290620914851, 2.1598092554667883, 2.169572967198844, 2.1691603652104656, 1.0951324531763271, 1.0960387630006523, 2.153066099774923, 2.1622979327557985, 3.480200518648315, 2.7825418199912106, 2.8502626756143017, 3.456977432671495, 5.116494136613468, 4.715594183133235, 5.702575388366207, 5.35694413915247, 7.670413241149397, 7.259177697232655, 9.44836840941334, 8.778589662354655, 10.598842764188928, 11.249230603912428, 11.15004128512536], [2.5193512696724127, 1.5291484885386375, 0.0, 1.5313986482950808, 2.5593786335749544, 3.9065738288172667, 5.08567183172489, 6.411816757362924, 6.948081067460281, 6.70915050434852, 8.069458924859832, 8.884745656460854, 10.136655934774545, 3.470523755861643, 2.7828515519157677, 2.7788282512598723, 2.168853312236676, 2.1634900392652607, 1.0971317013011699, 1.0968275935624523, 2.1431184778261794, 2.161997502311231, 2.842158774593707, 2.7610907717784285, 4.161876722105064, 4.201877635057928, 5.179135393094102, 5.225811115032767, 7.219323661535061, 6.521723552865454, 9.25811093366244, 8.439262653810461, 9.989590009605, 10.854467869038997, 10.678088296132414], [3.898300893979324, 2.558357469158679, 1.5313986482950808, 0.0, 1.5302878977499625, 2.525935973060283, 3.887800992849299, 5.06965630886355, 5.541808587455904, 5.3844162552685315, 6.601131190939928, 7.419055623190865, 8.633794513422242, 4.70828783317248, 4.186982194851083, 4.232484673333148, 2.8477427324110582, 2.7658482333635006, 2.1432708578245534, 2.1621428653074704, 1.0971621985832358, 1.0967392306286852, 2.1662411453944825, 2.1610251710704342, 2.7545948141242116, 2.7450897325952752, 4.165252208450288, 4.176523751877871, 5.9673348699398465, 5.12394020066589, 7.85725583012288, 6.978283821972276, 8.462688337638342, 9.364168026044814, 9.188111003900637], [4.554464492121988, 3.144722011561594, 2.5593786335749544, 1.5302878977499625, 0.0, 1.5309337118242579, 2.5277915756644176, 3.8976932896265706, 4.550450750200468, 4.456252593828137, 5.728041219300015, 6.6802760489369, 7.951799937749944, 5.201101972659256, 5.137604362930255, 4.740683923233018, 2.857374721663226, 3.4619490059791462, 3.4813904664659487, 2.783534605497118, 2.1541106424694156, 2.163184714720405, 1.09566216052212, 1.0966480292235974, 2.16075000404952, 2.157645895414723, 2.7453653836966767, 2.7532748028484186, 4.670092009800235, 4.1471356922579705, 7.007642591485385, 6.433404349953452, 7.9027964588492345, 8.752433628997139, 8.368648668094508], [6.02324884925071, 4.562420899040333, 3.9065738288172667, 2.525935973060283, 1.5309337118242579, 0.0, 1.5319580085628979, 2.54386160983651, 3.173584308002546, 3.317512521453386, 4.2557956506392545, 5.27130576422958, 6.476958528507034, 6.642082132885743, 6.536713045560437, 6.262213839370228, 4.2941302553602165, 4.67103979323662, 4.660811218017739, 4.1768730038151745, 2.7149690256060013, 2.780434850882142, 2.1534929068840696, 2.161096566560597, 1.0968249678047999, 1.0960916293814125, 2.153052396018267, 2.1655418929219543, 3.4734009457590695, 2.7102270790470673, 5.696962381831216, 5.089667511733944, 6.398399427981969, 7.318391509068095, 6.882790540180632], [6.9445187349448485, 5.527684392220671, 5.08567183172489, 3.887800992849299, 2.5277915756644176, 1.5319580085628979, 0.0, 1.5283711623817038, 2.5371753782503883, 2.870955320098173, 3.7034179294268146, 4.871848895440005, 6.082893842571972, 7.4430946735884005, 7.615555794556297, 7.083615316348002, 4.9886439710606725, 5.7050526772327, 5.970830951383568, 5.188300489563032, 4.1475656920656485, 4.195083653516339, 2.7442591167745074, 2.7553982561510053, 2.1609543701799905, 2.1687204799143665, 1.0969437724879065, 1.0968025392020206, 2.153186710436418, 2.1600136156978267, 5.117335754081415, 4.996418159041535, 6.175907834480692, 6.988241542763101, 6.272556418239694], [8.385491906262864, 6.930965893005102, 6.411816757362924, 5.06965630886355, 3.8976932896265706, 2.54386160983651, 1.5283711623817038, 0.0, 1.511907447564169, 2.435240903894315, 2.3483822282584237, 3.6721694446198967, 4.724114322283067, 8.890077109339378, 8.997145527888275, 8.566901368639655, 6.454042951514964, 7.001335808258307, 7.200742738079176, 6.562798115133513, 5.145456189688141, 5.223105782003653, 4.175470159155732, 4.175614793057425, 2.76828825449952, 2.7929278991767763, 2.144390330606814, 2.167498119953049, 1.0958238179561532, 1.0957929412074163, 4.01383637558882, 4.018362605589495, 4.820278565601784, 5.696811600360327, 4.81679520324458], [8.814787805727374, 7.308264211151647, 6.948081067460281, 5.541808587455904, 4.550450750200468, 3.173584308002546, 2.5371753782503883, 1.511907447564169, 0.0, 1.2225243105967256, 1.3636238850944196, 2.347847980598403, 3.64424021985379, 9.225129405054437, 9.37626187774211, 9.166484654980884, 6.885720050219875, 7.151016103324059, 7.668911999103914, 7.311631082733866, 5.719767604544787, 5.391362265698717, 4.640532174223124, 5.116154377068776, 3.560815683238884, 2.86107485047141, 3.4546477128645114, 2.726381787277784, 2.1127200974099716, 2.1379133518456728, 2.6319331488470596, 2.6270469695077776, 3.929924604874755, 4.487570072990504, 3.9333166488346696], [8.338721271873762, 6.8405637041109415, 6.70915050434852, 5.3844162552685315, 4.456252593828137, 3.317512521453386, 2.870955320098173, 2.435240903894315, 1.2225243105967256, 0.0, 2.295105184953404, 2.6696126404405565, 4.162614422451353, 8.633964241876383, 8.910437715959862, 8.797237572101825, 6.404130874677687, 6.549460538090141, 7.436367234073368, 7.2009579085007855, 5.764098755226181, 5.068650578803001, 4.296903791103543, 5.184367122417162, 3.981661329143904, 2.751693298679924, 3.910565111336212, 2.647961034456512, 3.016543793814371, 3.202238871477267, 2.644977963991382, 2.6438600057491697, 4.5923506714971145, 4.7881046699085426, 4.593121366783159], [10.053590589436194, 8.539518003962518, 8.069458924859832, 6.601131190939928, 5.728041219300015, 4.2557956506392545, 3.7034179294268146, 2.3483822282584237, 1.3636238850944196, 2.295105184953404, 0.0, 1.4327239161820398, 2.389200004185502, 10.504667326479215, 10.55604791861045, 10.409227546268744, 8.181019322187181, 8.355149402015503, 8.709625700912754, 8.430311152620641, 6.621897414638798, 6.415580807689978, 5.932233001155636, 6.259767991707041, 4.375458214861617, 3.914812067009092, 4.486220342337188, 4.038968508171362, 2.6899251011877636, 2.4878465828905125, 2.0764928846495, 2.0768853651561994, 2.643798445419015, 3.3492670033904433, 2.6436957200101525], [10.756417366391098, 9.237539478670714, 8.884745656460854, 7.419055623190865, 6.6802760489369, 5.27130576422958, 4.871848895440005, 3.6721694446198967, 2.347847980598403, 2.6696126404405565, 1.4327239161820398, 0.0, 1.5162126302072545, 11.132316902603879, 11.212384516239174, 11.226639777333197, 8.925240176600292, 8.897349043956856, 9.462837771514419, 9.376181218918498, 7.503440876691173, 7.043284965128133, 6.770243618954934, 7.3506636686764555, 5.47621445617317, 4.6881032347848315, 5.760912627353413, 5.0210577859650245, 4.003611123723182, 3.876132600930985, 1.0957051154393687, 1.095757692192941, 2.1602267056954925, 2.162862062175949, 2.1602938874143947], [12.123694068228545, 10.60290620914851, 10.136655934774545, 8.633794513422242, 7.951799937749944, 6.476958528507034, 6.082893842571972, 4.724114322283067, 3.64424021985379, 4.162614422451353, 2.389200004185502, 1.5162126302072545, 0.0, 12.550410637903449, 12.537410192699289, 12.572149840421087, 10.33119839370051, 10.278312875662035, 10.657985214382688, 10.595132162932185, 8.583090830813806, 8.281073484760293, 8.148116820468397, 8.562967222289247, 6.49442885325569, 5.954889995625444, 6.866540667614226, 6.362320912214347, 4.924508496286711, 4.677099977550192, 2.1496776130387554, 2.1496872284125432, 1.0949863104167104, 1.0936267096226204, 1.0949820911777504], [1.0944942667734723, 2.1598092554667883, 3.470523755861643, 4.70828783317248, 5.201101972659256, 6.642082132885743, 7.4430946735884005, 8.890077109339378, 9.225129405054437, 8.633964241876383, 10.504667326479215, 11.132316902603879, 12.550410637903449, 0.0, 1.7716388401703096, 1.7721692328894554, 2.462416429038761, 2.475074287774006, 3.722657557444682, 3.772745765354459, 5.5686286220217625, 4.849189303378453, 4.7161957317312435, 5.360809061139932, 7.2499179216043546, 6.77541265754345, 7.548437154802311, 7.101566315257502, 9.539300578658795, 9.31180519663078, 11.229250729233897, 10.66322024812392, 12.620423362946267, 13.143383405348867, 13.09365748979253], [1.094627160269651, 2.169572967198844, 2.7828515519157677, 4.186982194851083, 5.137604362930255, 6.536713045560437, 7.615555794556297, 8.997145527888275, 9.37626187774211, 8.910437715959862, 10.55604791861045, 11.212384516239174, 12.537410192699289, 1.7716388401703096, 0.0, 1.7749197643837313, 3.059894771066482, 2.501452863837334, 2.51929288690299, 3.1537900516679924, 4.79093877335121, 4.3428722339023516, 5.0013679908601, 5.311307595121939, 6.910817130412292, 6.660044412764828, 7.724270242553661, 7.5139361356082865, 9.768137352126043, 9.220488365591056, 11.475396752182471, 10.664215002521283, 12.456473300256375, 13.148303186343096, 13.145266543512916], [1.0947748124614487, 2.1691603652104656, 2.7788282512598723, 4.232484673333148, 4.740683923233018, 6.262213839370228, 7.083615316348002, 8.566901368639655, 9.166484654980884, 8.797237572101825, 10.409227546268744, 11.226639777333197, 12.572149840421087, 1.7721692328894554, 1.7749197643837313, 0.0, 2.497040167878763, 3.065413639298945, 3.0537899371109343, 2.586453050028166, 4.872949753486075, 4.741283451767043, 4.558922233379288, 4.586925846359411, 6.673027157145398, 6.641677465068595, 6.972937041878407, 6.950024792761535, 9.187698975260345, 8.84652381503605, 11.434276448031158, 10.8381222492644, 12.538917052520924, 13.278558771568548, 13.04850645897836], [2.139196683336995, 1.0951324531763271, 2.168853312236676, 2.8477427324110582, 2.857374721663226, 4.2941302553602165, 4.9886439710606725, 6.454042951514964, 6.885720050219875, 6.404130874677687, 8.181019322187181, 8.925240176600292, 10.33119839370051, 2.462416429038761, 3.059894771066482, 2.497040167878763, 0.0, 1.7655710407683967, 3.06546868520949, 2.496323668917955, 3.8508542766508316, 3.180981629937526, 2.286167852542765, 3.0656653568189727, 4.995482303041419, 4.550890166769574, 5.1039648852632205, 4.675338069059819, 7.082202119397611, 6.906627803059899, 9.04293688411016, 8.57137628913817, 10.413102594808139, 11.00445405142845, 10.797700496402], [2.1465627989881866, 1.0960387630006523, 2.1634900392652607, 2.7658482333635006, 3.4619490059791462, 4.67103979323662, 5.7050526772327, 7.001335808258307, 7.151016103324059, 6.549460538090141, 8.355149402015503, 8.897349043956856, 10.278312875662035, 2.475074287774006, 2.501452863837334, 3.065413639298945, 1.7655710407683967, 0.0, 2.526703239401097, 3.069158611085455, 3.732399986603794, 2.538843821506159, 3.0634435281232126, 4.055451138899345, 5.29355869146645, 4.565309234871171, 6.07566351355965, 5.466801512767772, 7.806791231997946, 7.364749870158524, 9.08601440951972, 8.341494581308556, 10.302297088999133, 10.837563365904717, 10.903112291910048], [2.7104332882400923, 2.153066099774923, 1.0971317013011699, 2.1432708578245534, 3.4813904664659487, 4.660811218017739, 5.970830951383568, 7.200742738079176, 7.668911999103914, 7.436367234073368, 8.709625700912754, 9.462837771514419, 10.657985214382688, 3.722657557444682, 2.51929288690299, 3.0537899371109343, 3.06546868520949, 2.526703239401097, 0.0, 1.7600702372348667, 2.3942524720672207, 2.4958781080012695, 3.8457115479453208, 3.727781224803837, 4.760507239780231, 4.836503204795795, 6.106148128730583, 6.183111352709087, 8.07183101037181, 7.2058456790303245, 9.90669593507341, 8.929586156704016, 10.433113334474998, 11.338779978904254, 11.265944017702202], [2.7768040928376636, 2.1622979327557985, 1.0968275935624523, 2.1621428653074704, 2.783534605497118, 4.1768730038151745, 5.188300489563032, 6.562798115133513, 7.311631082733866, 7.2009579085007855, 8.430311152620641, 9.376181218918498, 10.595132162932185, 3.772745765354459, 3.1537900516679924, 2.586453050028166, 2.496323668917955, 3.069158611085455, 1.7600702372348667, 0.0, 2.4957597680866637, 3.0675364072819082, 3.17576227542302, 2.533477842808182, 4.323174007601359, 4.716145902111172, 5.047231182539591, 5.398407806010954, 7.270003060522051, 6.630203872431073, 9.755557752891425, 9.033311973467981, 10.42964880760613, 11.384656638212677, 11.050035555146417], [4.653804262106433, 3.480200518648315, 2.1431184778261794, 1.0971621985832358, 2.1541106424694156, 2.7149690256060013, 4.1475656920656485, 5.145456189688141, 5.719767604544787, 5.764098755226181, 6.621897414638798, 7.503440876691173, 8.583090830813806, 5.5686286220217625, 4.79093877335121, 4.872949753486075, 3.8508542766508316, 3.732399986603794, 2.3942524720672207, 2.4957597680866637, 0.0, 1.7602275449498, 3.064162334146153, 2.524656432071501, 2.485355286473143, 3.017793109210769, 4.338946748924213, 4.683384927592435, 6.072415720287932, 4.963970508574764, 8.074244354117603, 7.07174848746758, 8.278049691201424, 9.35294856021351, 9.134274939479322], [4.167392534907169, 2.7825418199912106, 2.161997502311231, 1.0967392306286852, 2.163184714720405, 2.780434850882142, 4.195083653516339, 5.223105782003653, 5.391362265698717, 5.068650578803001, 6.415580807689978, 7.043284965128133, 8.281073484760293, 4.849189303378453, 4.3428722339023516, 4.741283451767043, 3.180981629937526, 2.538843821506159, 2.4958781080012695, 3.0675364072819082, 1.7602275449498, 0.0, 2.494452224437261, 3.0676106679303357, 3.1229067117030573, 2.546525566335433, 4.715526869820593, 4.3760519295364855, 6.197967874231037, 5.325807309694935, 7.471286958750815, 6.4695565365796135, 8.13436179180641, 8.912693334789434, 8.937543019197165], [4.277719591090561, 2.8502626756143017, 2.842158774593707, 2.1662411453944825, 1.09566216052212, 2.1534929068840696, 2.7442591167745074, 4.175470159155732, 4.640532174223124, 4.296903791103543, 5.932233001155636, 6.770243618954934, 8.148116820468397, 4.7161957317312435, 5.0013679908601, 4.558922233379288, 2.286167852542765, 3.0634435281232126, 3.8457115479453208, 3.17576227542302, 3.064162334146153, 2.494452224437261, 0.0, 1.7659152556110953, 3.060385591718795, 2.4996713904031465, 3.0676017961919375, 2.513711126999282, 4.852261111069765, 4.671494921328717, 6.934589317328028, 6.524177120526389, 8.237899687420331, 8.885750179922907, 8.560867158179713], [4.6591687896018525, 3.456977432671495, 2.7610907717784285, 2.1610251710704342, 1.0966480292235974, 2.161096566560597, 2.7553982561510053, 4.175614793057425, 5.116154377068776, 5.184367122417162, 6.259767991707041, 7.3506636686764555, 8.562967222289247, 5.360809061139932, 5.311307595121939, 4.586925846359411, 3.0656653568189727, 4.055451138899345, 3.727781224803837, 2.533477842808182, 2.524656432071501, 3.0676106679303357, 1.7659152556110953, 0.0, 2.504879941234709, 3.0636493843127677, 2.5167004172129825, 3.076742956439488, 4.778984986375245, 4.359466725414934, 7.676497978245028, 7.222693368127987, 8.49108871759093, 9.433915308608615, 8.873535354637406], [6.507844568672487, 5.116494136613468, 4.161876722105064, 2.7545948141242116, 2.16075000404952, 1.0968249678047999, 2.1609543701799905, 2.76828825449952, 3.560815683238884, 3.981661329143904, 4.375458214861617, 5.47621445617317, 6.49442885325569, 7.2499179216043546, 6.910817130412292, 6.673027157145398, 4.995482303041419, 5.29355869146645, 4.760507239780231, 4.323174007601359, 2.485355286473143, 3.1229067117030573, 3.060385591718795, 2.504879941234709, 0.0, 1.7638460108524214, 2.4942232678731866, 3.068888244951256, 3.7069281811224775, 2.4810130773536843, 6.072762653850388, 5.3071132087039565, 6.239008422017076, 7.3886900415432235, 6.890671317803513], [6.227322141980451, 4.715594183133235, 4.201877635057928, 2.7450897325952752, 2.157645895414723, 1.0960916293814125, 2.1687204799143665, 2.7929278991767763, 2.86107485047141, 2.751693298679924, 3.914812067009092, 4.6881032347848315, 5.954889995625444, 6.77541265754345, 6.660044412764828, 6.641677465068595, 4.550890166769574, 4.565309234871171, 4.836503204795795, 4.716145902111172, 3.017793109210769, 2.546525566335433, 2.4996713904031465, 3.0636493843127677, 1.7638460108524214, 0.0, 3.0653198593295286, 2.5252701103050343, 3.824699220853844, 3.0160278281209543, 5.123694598627049, 4.325141317922456, 5.905744537312802, 6.691457989108203, 6.502857788695675], [7.005084763227351, 5.702575388366207, 5.179135393094102, 4.165252208450288, 2.7453653836966767, 2.153052396018267, 1.0969437724879065, 2.144390330606814, 3.4546477128645114, 3.910565111336212, 4.486220342337188, 5.760912627353413, 6.866540667614226, 7.548437154802311, 7.724270242553661, 6.972937041878407, 5.1039648852632205, 6.07566351355965, 6.106148128730583, 5.047231182539591, 4.338946748924213, 4.715526869820593, 3.0676017961919375, 2.5167004172129825, 2.4942232678731866, 3.0653198593295286, 0.0, 1.762368556800762, 2.3893312892941405, 2.5441067076677424, 6.0066808055697445, 5.980624477427086, 6.914958595682262, 7.8289056566036095, 6.937314986361798], [6.755040382558789, 5.35694413915247, 5.225811115032767, 4.176523751877871, 2.7532748028484186, 2.1655418929219543, 1.0968025392020206, 2.167498119953049, 2.726381787277784, 2.647961034456512, 4.038968508171362, 5.0210577859650245, 6.362320912214347, 7.101566315257502, 7.5139361356082865, 6.950024792761535, 4.675338069059819, 5.466801512767772, 6.183111352709087, 5.398407806010954, 4.683384927592435, 4.3760519295364855, 2.513711126999282, 3.076742956439488, 3.068888244951256, 2.5252701103050343, 1.762368556800762, 0.0, 2.548299272063625, 3.068223647324295, 5.04381429773143, 5.138249679608807, 6.622858139051447, 7.179304014317823, 6.55139739673911], [9.08076384177014, 7.670413241149397, 7.219323661535061, 5.9673348699398465, 4.670092009800235, 3.4734009457590695, 2.153186710436418, 1.0958238179561532, 2.1127200974099716, 3.016543793814371, 2.6899251011877636, 4.003611123723182, 4.924508496286711, 9.539300578658795, 9.768137352126043, 9.187698975260345, 7.082202119397611, 7.806791231997946, 8.07183101037181, 7.270003060522051, 6.072415720287932, 6.197967874231037, 4.852261111069765, 4.778984986375245, 3.7069281811224775, 3.824699220853844, 2.3893312892941405, 2.548299272063625, 0.0, 1.77846789400315, 4.16725810215782, 4.585920028740143, 5.1387559204538995, 5.914635888201403, 4.7761395907154975], [8.698747069549729, 7.259177697232655, 6.521723552865454, 5.12394020066589, 4.1471356922579705, 2.7102270790470673, 2.1600136156978267, 1.0957929412074163, 2.1379133518456728, 3.202238871477267, 2.4878465828905125, 3.876132600930985, 4.677099977550192, 9.31180519663078, 9.220488365591056, 8.84652381503605, 6.906627803059899, 7.364749870158524, 7.2058456790303245, 6.630203872431073, 4.963970508574764, 5.325807309694935, 4.671494921328717, 4.359466725414934, 2.4810130773536843, 3.0160278281209543, 2.5441067076677424, 3.068223647324295, 1.77846789400315, 0.0, 4.464572996379386, 4.1785162988793045, 4.5274218336709025, 5.7087938918829435, 4.788200490789833], [10.950736944151291, 9.44836840941334, 9.25811093366244, 7.85725583012288, 7.007642591485385, 5.696962381831216, 5.117335754081415, 4.01383637558882, 2.6319331488470596, 2.644977963991382, 2.0764928846495, 1.0957051154393687, 2.1496776130387554, 11.229250729233897, 11.475396752182471, 11.434276448031158, 9.04293688411016, 9.08601440951972, 9.90669593507341, 9.755557752891425, 8.074244354117603, 7.471286958750815, 6.934589317328028, 7.676497978245028, 6.072762653850388, 5.123694598627049, 6.0066808055697445, 5.04381429773143, 4.16725810215782, 4.464572996379386, 0.0, 1.7921898504343785, 3.0639213338465465, 2.499086805215057, 2.496952514566506], [10.287983365072087, 8.778589662354655, 8.439262653810461, 6.978283821972276, 6.433404349953452, 5.089667511733944, 4.996418159041535, 4.018362605589495, 2.62704696950777