{"total energy": -27.12760828, "HOMO-LUMO gap/eV": 3.17114529, "electronic energy": -27.4798552, "dipole": [-2.26786184, 1.60789382, -0.62392979], "partial charges": [-0.26083851, 0.17294715, -0.03693965, -0.10680539, 0.03433732, -0.14390247, 0.33449246, -0.45812754, -0.30536503, 0.17903417, 0.19641813, 0.05772952, 0.04603194, 0.04631775, 0.0482796, 0.19639054], "atomic dipole moments": [[0.07689818, 0.01573123, -0.11905156], [-0.06691419, -0.04029168, 0.01616636], [-0.07250419, 0.00503871, 0.00174093], [0.0750999, -0.03640716, -0.00238871], [0.15906618, -0.04952548, 0.00279443], [-0.03232934, -0.0112055, 0.00212756], [-0.03466852, 0.09767627, -0.0140079], [-0.19883807, 0.07762065, -0.00697817], [0.00346375, 0.26599221, -0.01657915], [-0.09466999, 0.02504461, -0.0872831], [0.05165276, -0.11927786, -0.02358922], [-0.06557775, -0.02698865, 0.10935079], [-0.06501154, -0.03940935, -0.10191051], [-0.00156323, 0.12912428, -0.00848127], [0.00457148, 0.14845279, -0.01543413], [0.12277102, 0.06587051, -0.00722066]], "atomic quadrupole moments": [[0.04894931, 0.06438694, -0.04027375, -0.02925241, 6.606e-05, -0.00867556], [-0.17110475, 0.13356819, -0.29437262, -0.01825539, 0.08460726, 0.46547737], [-0.11859493, -0.10918603, -0.19122128, 0.02316276, 0.06187518, 0.30981621], [0.16149169, -0.08498145, -0.04162228, 0.0127532, -0.00238007, -0.11986941], [-0.17297484, -0.1920184, -0.29184747, 0.02958935, 0.0896007, 0.46482231], [-0.03386161, -0.05930379, -0.00719395, 0.00669986, 0.00687091, 0.04105557], [-0.24006481, -0.02456889, -0.17930206, 0.01436798, 0.07861176, 0.41936687], [-0.04944419, -0.03483944, -0.09586098, 0.00745317, 0.03119626, 0.14530518], [-0.01620377, 0.04479933, -0.17598356, -0.00146261, 0.03705973, 0.19218732], [0.05126122, -0.01748817, -0.00676858, 0.04730575, -0.01329462, -0.04449264], [-0.0130563, -0.00491585, 0.07341832, 0.01147653, -0.00790776, -0.06036202], [-0.01187856, 0.00874102, -0.02961021, -0.04518776, -0.03570957, 0.04148877], [-0.00882655, 0.01627697, -0.0228419, 0.04732884, 0.04647521, 0.03166845], [-0.0258528, 0.01610353, 0.07904292, -0.00089148, -0.00985425, -0.05319012], [0.04441191, 0.00010121, 0.02166755, -0.00129064, -0.01156515, -0.06607947], [0.01612411, 0.00844524, 0.03982474, -0.00193752, -0.0119116, -0.05594885]], "number of molecular orbitals": 43, "number of electrons": 48, "number of unpaired electrons": 0, "orbital energies/eV": [-18.88478757, -18.58795401, -18.3155948, -17.77019057, -17.61475658, -17.0751696, -16.5093817, -16.48004659, -15.77348952, -15.37697443, -15.15198651, -14.96804074, -14.46586682, -13.96642982, -13.68800629, -13.64410542, -13.53587251, -13.12838927, -12.93890144, -12.84922751, -11.18473001, -10.78179782, -10.59310339, -10.27479735, -7.10365206, -5.91228236, -3.34606004, 0.34912268, 0.59932461, 1.7208178, 2.95036103, 3.93487652, 4.15495376, 4.29439702, 4.90333426, 5.40820791, 6.19429572, 8.10269594, 9.23424981, 10.22697928, 14.53620627, 16.24971803, 17.80821072], "fractional occupation": [2.0, 2.0, 2.0, 2.0, 2.0, 2.0, 2.0, 2.0, 2.0, 2.0, 2.0, 2.0, 2.0, 2.0, 2.0, 2.0, 2.0, 2.0, 2.0, 2.0, 2.0, 2.0, 2.0, 2.0, 0.0, 0.0, 0.0, 0.0, 0.0, 0.0, 0.0, 0.0, 0.0, 0.0, 0.0, 0.0, 0.0, 0.0, 0.0, 0.0, 0.0, 0.0, 0.0], "program call": "xtb /home/svss/Project-DBcg-Debug/aqme2_20220329/End-to-End-workflows-final/example-3/QDESCP/mol_586_rdkit_conf_1/mol_586_rdkit_conf_1.xyz --pop --wbo --acc 0.2 --gfn 2 --chrg 0 --uhf 0 --etemp 300 --input /home/svss/Project-DBcg-Debug/aqme2_20220329/End-to-End-workflows-final/example-3/QDESCP/mol_586_rdkit_conf_1/mol_586_rdkit_conf_1_xtb.inp", "method": "GFN2-xTB", "xtb version": "6.3.3 (7355c4f)", "Dipole module/D": 7.242, "Total charge": 0, "Transition dipole module/D": NaN, "HOMO": -10.2748, "LUMO": -7.1037, "HOMO occupancy": 2.0, "LUMO occupancy": 0, "mulliken charges": [-0.41745, 0.31394, -0.08241, -0.07701, 0.11855, -0.29032, 0.56733, -0.57465, -0.41152, 0.21703, 0.23179, 0.04388, 0.0362, 0.03735, 0.03826, 0.24905], "cm5 charges": [-0.8598, 0.45754, -0.08266, -0.21851, 0.13798, -0.63968, 0.73595, -0.60752, -0.58336, 0.40731, 0.42541, 0.09733, 0.08936, 0.08932, 0.1044, 0.44693], "FUKUI+": [-0.057, -0.081, -0.048, 0.031, -0.073, -0.07, -0.014, -0.119, -0.117, -0.068, -0.06, -0.049, -0.049, -0.05, -0.101, -0.072], "FUKUI-": [-0.058, -0.011, -0.066, 0.027, -0.018, -0.079, -0.008, -0.188, -0.143, -0.051, -0.047, -0.07, -0.073, -0.062, -0.088, -0.065], "FUKUIrad": [-0.058, -0.046, -0.057, 0.029, -0.045, -0.075, -0.011, -0.154, -0.13, -0.06, -0.054, -0.059, -0.061, -0.056, -0.095, -0.069], "s proportion": [1.436, 1.027, 1.077, 1.003, 1.018, 1.424, 0.942, 1.724, 1.526, 0.783, 0.768, 0.956, 0.964, 0.963, 0.962, 0.751], "p proportion": [3.982, 2.659, 3.005, 3.074, 2.863, 3.866, 2.49, 4.851, 3.886, 0.0, 0.0, 0.0, 0.0, 0.0, 0.0, 0.0], "d proportion": [0.0, 0.0, 0.0, 0.0, 0.0, 0.0, 0.0, 0.0, 0.0, 0.0, 0.0, 0.0, 0.0, 0.0, 0.0, 0.0], "Fermi-level/eV": -8.6892, "Coordination numbers": [2.651, 2.87, 2.954, 3.754, 2.854, 2.703, 2.74, 0.86, 1.849, 0.86, 0.86, 0.924, 0.924, 0.924, 0.925, 0.86], "Dispersion coefficient C6": [26.767, 24.283, 28.917, 22.599, 27.226, 24.115, 21.316, 22.876, 28.764, 1.219, 1.124, 2.226, 2.37, 2.367, 2.341, 1.125], "Total dispersion C6": 2952.824607, "Total dispersion C8": 67517.904272, "Polarizability alpha": [7.684, 8.078, 8.82, 6.779, 8.552, 7.293, 7.559, 6.413, 7.949, 1.73, 1.661, 2.333, 2.408, 2.406, 2.393, 1.661], "Total polarizability alpha": 83.718328, "Wiberg matrix": [[0.0, 1.2174138628871556, 0.0, 0.0, 0.0, 0.0, 0.0, 0.0, 0.10353410916526656, 0.940773942551206, 0.939905020317328, 0.0, 0.0, 0.0, 0.0, 0.0], [1.2174138628871556, 0.0, 1.0923018300961105, 0.0, 0.0, 0.0, 0.0, 0.0, 1.5286961115394155, 0.0, 0.0, 0.0, 0.0, 0.0, 0.0, 0.0], [0.0, 1.0923018300961105, 0.0, 1.0294681814308895, 1.6388672934523645, 0.0, 0.0, 0.0, 0.0, 0.0, 0.0, 0.0, 0.0, 0.0, 0.0, 0.0], [0.0, 0.0, 1.0294681814308895, 0.0, 0.0, 0.0, 0.0, 0.0, 0.0, 0.0, 0.0, 0.9718204215890949, 0.9700168624961811, 0.9826442744859332, 0.0, 0.0], [0.0, 0.0, 1.6388672934523645, 0.0, 0.0, 1.213391475866129, 0.0, 0.0, 0.0, 0.0, 0.0, 0.0, 0.0, 0.0, 0.9602318510525273, 0.0], [0.0, 0.0, 0.0, 0.0, 1.213391475866129, 0.0, 1.0928378528823477, 0.13507740627524098, 0.0, 0.0, 0.0, 0.0, 0.0, 0.0, 0.0, 0.9308256434098142], [0.0, 0.0, 0.0, 0.0, 0.0, 1.0928378528823477, 0.0, 1.6316884413624284, 1.155847102843338, 0.0, 0.0, 0.0, 0.0, 0.0, 0.0, 0.0], [0.0, 0.0, 0.0, 0.0, 0.0, 0.13507740627524098, 1.6316884413624284, 0.0, 0.0, 0.0, 0.0, 0.0, 0.0, 0.0, 0.0, 0.0], [0.10353410916526656, 1.5286961115394155, 0.0, 0.0, 0.0, 0.0, 1.155847102843338, 0.0, 0.0, 0.0, 0.0, 0.0, 0.0, 0.0, 0.0, 0.0], [0.940773942551206, 0.0, 0.0, 0.0, 0.0, 0.0, 0.0, 0.0, 0.0, 0.0, 0.0, 0.0, 0.0, 0.0, 0.0, 0.0], [0.939905020317328, 0.0, 0.0, 0.0, 0.0, 0.0, 0.0, 0.0, 0.0, 0.0, 0.0, 0.0, 0.0, 0.0, 0.0, 0.0], [0.0, 0.0, 0.0, 0.9718204215890949, 0.0, 0.0, 0.0, 0.0, 0.0, 0.0, 0.0, 0.0, 0.0, 0.0, 0.0, 0.0], [0.0, 0.0, 0.0, 0.9700168624961811, 0.0, 0.0, 0.0, 0.0, 0.0, 0.0, 0.0, 0.0, 0.0, 0.0, 0.0, 0.0], [0.0, 0.0, 0.0, 0.9826442744859332, 0.0, 0.0, 0.0, 0.0, 0.0, 0.0, 0.0, 0.0, 0.0, 0.0, 0.0, 0.0], [0.0, 0.0, 0.0, 0.0, 0.9602318510525273, 0.0, 0.0, 0.0, 0.0, 0.0, 0.0, 0.0, 0.0, 0.0, 0.0, 0.0], [0.0, 0.0, 0.0, 0.0, 0.0, 0.9308256434098142, 0.0, 0.0, 0.0, 0.0, 0.0, 0.0, 0.0, 0.0, 0.0, 0.0]], "Born radii": [], "Atomic SASAs": [], "Solvent H bonds": [], "Total SASA": NaN, "Total FOD": 0.0, "FOD": [0.0, 0.0, 0.0, 0.0, 0.0, 0.0, 0.0, 0.0, 0.0, 0.0, 0.0, 0.0, 0.0, 0.0, 0.0, 0.0], "FOD s proportion": [0.0, 0.0, 0.0, 0.0, 0.0, 0.0, 0.0, 0.0, 0.0, 0.0, 0.0, 0.0, 0.0, 0.0, 0.0, 0.0], "FOD p proportion": [0.0, 0.0, 0.0, 0.0, 0.0, 0.0, 0.0, 0.0, 0.0, 0.0, 0.0, 0.0, 0.0, 0.0, 0.0, 0.0], "FOD d proportion": [0.0, 0.0, 0.0, 0.0, 0.0, 0.0, 0.0, 0.0, 0.0, 0.0, 0.0, 0.0, 0.0, 0.0, 0.0, 0.0], "coordinates": [["-1.23750", "-1.80360", "0.25440"], ["-0.16550", "-0.95580", "0.15430"], ["-0.36230", "0.51490", "-0.01680"], ["-1.73330", "1.09780", "-0.04830"], ["0.76680", "1.22280", "-0.10940"], ["1.97630", "0.60160", "-0.04920"], ["2.13150", "-0.75250", "0.11420"], ["3.26630", "-1.21920", "0.15950"], ["1.00290", "-1.52310", "0.21210"], ["-2.03990", "-1.58640", "-0.32230"], ["-0.94600", "-2.77290", "0.16170"], ["-2.28180", "0.84390", "0.86440"], ["-2.29270", "0.71940", "-0.90980"], ["-1.70680", "2.19010", "-0.12460"], ["0.78100", "2.30090", "-0.22830"], ["2.84080", "1.12230", "-0.11190"]], "bond_dist": [[0.0, 1.3703900357197583, 2.492983499744834, 2.9589807180851992, 3.6481044242181446, 4.02562671394157, 3.5319439760562448, 4.542548162650562, 2.258287337784986, 1.011733408561761, 1.0164192196136395, 2.9106560669374866, 2.97226137477847, 4.039000269868771, 4.599376239230707, 5.0326531163989445], [1.3703900357197583, 0.0, 1.4936411684203137, 2.5915857230660926, 2.38432777528594, 2.6559770800968896, 2.3063277954358528, 3.4418974185759814, 1.3001264130845123, 2.034251528203924, 1.9776469401791614, 2.8673834396536506, 2.909223898224404, 3.514267734535888, 3.4129664369870385, 3.664314634416647], [2.492983499744834, 1.4936411684203137, 0.0, 1.490102566939605, 1.3358757352388733, 2.340430859905928, 2.8004467857825825, 4.025533810564756, 2.463657900358733, 2.706128914150248, 3.3439791835476487, 2.137576826689511, 2.1367530063158915, 2.150719909704655, 2.1311178146691, 3.2615683926601937], [2.9589807180851992, 2.5915857230660926, 1.490102566939605, 0.0, 2.5039684942107403, 3.7426390969475003, 4.287971009696777, 5.51431500732412, 3.7978566863429695, 2.7155126956064852, 3.955535334186765, 1.0946865989862122, 1.0946676070844519, 1.0952822604242252, 2.793126223427792, 4.574607744932893], [3.6481044242181446, 2.38432777528594, 1.3358757352388733, 2.5039684942107403, 0.0, 1.3610303927539604, 2.411267952758465, 3.5047355763309738, 2.7747202147243604, 3.976744389572958, 4.355777489725572, 3.2227028423359174, 3.2022791836440496, 2.6560491881740447, 1.0847296713928312, 2.07643504593811], [4.02562671394157, 2.6559770800968896, 2.340430859905928, 3.7426390969475003, 1.3610303927539604, 0.0, 1.3727248121892457, 2.241197967605718, 2.3516239792960096, 4.581679828403551, 4.468955845608681, 4.3617416085779315, 4.356474515017849, 4.011763081239968, 2.0852912002883435, 1.011147877414575], [3.5319439760562448, 2.3063277954358528, 2.8004467857825825, 4.287971009696777, 2.411267952758465, 1.3727248121892457, 0.0, 1.2278566773039925, 1.370090044486128, 4.276271672847739, 3.681749402118509, 4.752737094559302, 4.773741849953765, 4.842361726471909, 3.356249105772693, 2.017201710290768], [4.542548162650562, 3.4418974185759814, 4.025533810564756, 5.51431500732412, 3.5047355763309738, 2.241197967605718, 1.2278566773039925, 0.0, 2.2843164251040182, 5.340667141846607, 4.489705983692027, 5.961097149854211, 5.9836488407994, 6.036204346275896, 4.326454546161326, 2.3952725231171503], [2.258287337784986, 1.3001264130845123, 2.463657900358733, 3.7978566863429695, 2.7747202147243604, 2.3516239792960096, 1.370090044486128, 2.2843164251040182, 0.0, 3.0900197556002773, 2.3157615183779177, 4.100907019184902, 4.141068125496126, 4.6090883285092294, 3.8556669682429785, 3.2374362650097073], [1.011733408561761, 2.034251528203924, 2.706128914150248, 2.7155126956064852, 3.976744389572958, 4.581679828403551, 4.276271672847739, 5.340667141846607, 3.0900197556002773, 0.0, 1.6848309885564188, 2.7153509147069737, 2.39285973888985, 3.7963130995743755, 4.803895721182965, 5.585924841957686], [1.0164192196136395, 1.9776469401791614, 3.3439791835476487, 3.955535334186765, 4.355777489725572, 4.468955845608681, 3.681749402118509, 4.489705983692027, 2.3157615183779177, 1.6848309885564188, 0.0, 3.9191059146187923, 3.8933112423745424, 5.029130474545276, 5.3738324722678135, 5.4394203955936336], [2.9106560669374866, 2.8673834396536506, 2.137576826689511, 1.0946865989862122, 3.2227028423359174, 4.3617416085779315, 4.752737094559302, 5.961097149854211, 4.100907019184902, 2.7153509147069737, 3.9191059146187923, 0.0, 1.7785962723451323, 1.7666353443764224, 3.563367246018855, 5.222231229082067], [2.97226137477847, 2.909223898224404, 2.1367530063158915, 1.0946676070844519, 3.2022791836440496, 4.356474515017849, 4.773741849953765, 5.9836488407994, 4.141068125496126, 2.39285973888985, 3.8933112423745424, 1.7785962723451323, 0.0, 1.7671378950155532, 3.523239445453573, 5.210738438071901], [4.039000269868771, 3.514267734535888, 2.150719909704655, 1.0952822604242252, 2.6560491881740447, 4.011763081239968, 4.842361726471909, 6.036204346275896, 4.6090883285092294, 3.7963130995743755, 5.029130474545276, 1.7666353443764224, 1.7671378950155532, 0.0, 2.4924243559233648, 4.671297880675135], [4.599376239230707, 3.4129664369870385, 2.1311178146691, 2.793126223427792, 1.0847296713928312, 2.0852912002883435, 3.356249105772693, 4.326454546161326, 3.8556669682429785, 4.803895721182965, 5.3738324722678135, 3.563367246018855, 3.523239445453573, 2.4924243559233648, 0.0, 2.3760098821343316], [5.0326531163989445, 3.664314634416647, 3.2615683926601937, 4.574607744932893, 2.07643504593811, 1.011147877414575, 2.017201710290768, 2.3952725231171503, 3.2374362650097073, 5.585924841957686, 5.4394203955936336, 5.222231229082067, 5.210738438071901, 4.671297880675135, 2.3760098821343316, 0.0]]}