{"total energy": -26.32058445, "HOMO-LUMO gap/eV": 12.68816031, "electronic energy": -26.70424673, "dipole": [-0.00265248, 0.00277941, 0.00085597], "partial charges": [-0.09947736, -0.05118055, -0.05688925, -0.0610137, -0.01525236, -0.10236823, -0.05668933, -0.09910201, 0.03000125, 0.03076569, 0.03050546, 0.03014178, 0.02809055, 0.03107623, 0.02716173, 0.03120945, 0.02774282, 0.02984704, 0.03490013, 0.02819781, 0.03122773, 0.02871937, 0.02887674, 0.03022134, 0.03172788, 0.0315598], "atomic dipole moments": [[-0.0955677, 0.01389045, -0.01391659], [0.04638408, -0.03308989, 0.096534], [-0.04245924, 0.04198937, -0.09224993], [0.05142942, -0.07483123, -0.06635024], [-0.03932089, -0.02390555, 0.08564374], [-0.01196112, 0.09766009, -0.01251548], [0.07874806, 0.07407591, -0.02074692], [0.01841982, -0.09559184, 0.02138415], [0.06271357, 0.02439085, -0.10477831], [0.04532654, 0.07545522, 0.08983758], [0.02425264, -0.11924086, 0.03217282], [-0.03358034, -0.07199036, -0.09482327], [-0.01543812, 0.1167965, -0.03783564], [0.01636443, -0.11715323, 0.03970079], [0.04258713, 0.06490696, 0.0933219], [-0.0079736, 0.12148169, -0.01466569], [-0.05060296, -0.01621789, 0.11028648], [0.04665584, 0.0283248, -0.11224612], [0.11772744, -0.04029301, -0.01653993], [-0.06613868, -0.06319373, -0.08563823], [-0.03913962, -0.04131498, 0.11346372], [-0.05717833, -0.02674494, 0.10734723], [-0.06141944, -0.06582862, -0.08239234], [-0.1221896, 0.01767092, -0.01338827], [0.03596867, 0.07780038, 0.09214325], [0.05478913, 0.03515037, -0.1081429]], "atomic quadrupole moments": [[0.21859415, -0.0499675, -0.1191546, 0.04386442, -0.01175906, -0.09943955], [0.19725241, -0.02158957, -0.21157726, -0.07076824, -0.06653894, 0.01432485], [0.17264718, -0.04255516, -0.18622413, -0.10720758, -0.05010976, 0.01357694], [0.15176039, -0.02684504, -0.11139582, 0.11452974, 0.10111147, -0.04036457], [0.05064577, -0.03219527, 0.0953982, 0.08533772, 0.06666129, -0.14604397], [-0.08772485, -0.02663314, 0.20016902, 0.02324774, -0.04266115, -0.11244416], [0.07970395, -0.11106526, 0.12868469, 0.00662716, -0.06081905, -0.20838864], [-0.08772694, -0.05078692, 0.19709509, 0.01826371, -0.0730242, -0.10936815], [-0.00450894, 0.00801344, -0.04797643, -0.04442759, -0.0269631, 0.05248537], [-0.02292885, 0.0119196, 0.00400252, 0.02614703, 0.06128366, 0.01892633], [-0.02832833, -0.00739175, 0.07111364, 0.00800542, -0.03291063, -0.04278531], [-0.00693204, 0.02245645, 0.002262, 0.01394074, 0.04265567, 0.00467003], [-0.01900413, -0.01288107, 0.05267136, -0.0051715, -0.01675257, -0.03366723], [-0.02329755, -0.00369102, 0.05869893, -0.01191622, -0.00838202, -0.03540138], [-0.00667296, 0.0213422, -0.00089353, 0.01414954, 0.04524094, 0.00756649], [-0.01846822, -0.00261595, 0.04837422, 0.021567, -0.0289207, -0.02990599], [0.00294222, 0.01891858, -0.03949136, -0.02658701, -0.0274727, 0.03654914], [-0.00739252, 0.00808563, -0.00951903, -0.02000736, -0.01185631, 0.01691155], [0.07884337, -0.01708883, -0.02753437, -0.01254294, -0.0019776, -0.05130901], [-0.00451544, 0.02296574, -0.01301118, 0.05953501, 0.03116812, 0.01752662], [-0.0362137, 0.0044901, -0.02773469, -0.04149751, -0.01942095, 0.06394839], [-0.02615563, -0.00786077, -0.02231015, -0.02728783, -0.01634776, 0.04846579], [-0.01705342, 9.763e-05, 0.00604938, 0.03334984, 0.03906212, 0.01100405], [0.08049905, -0.00753432, -0.02542569, 0.01385846, -0.0026164, -0.05507336], [-0.03254042, 0.0222359, 0.00026528, 0.04269196, 0.04030541, 0.03227514], [-0.01858974, 0.00577447, -0.02610924, -0.05711437, -0.01841552, 0.04469898]], "number of molecular orbitals": 50, "number of electrons": 50, "number of unpaired electrons": 0, "orbital energies/eV": [-16.93101804, -16.70622639, -16.34169254, -16.13301276, -15.56390275, -15.31362532, -15.11561245, -14.65765994, -14.00148205, -13.798227, -13.47756116, -13.41272339, -13.10729301, -13.07668913, -12.90900685, -12.46251806, -12.31861559, -12.16917763, -11.98467439, -11.93612025, -11.66958087, -11.58102887, -11.30537477, -11.23851692, -11.11813455, 1.57002576, 2.16001596, 2.30775984, 2.87392898, 3.16748516, 3.36885127, 3.70757635, 4.02269472, 4.22155627, 4.2899105, 4.46359423, 4.88828981, 5.16961048, 5.32829412, 5.61310312, 5.75784627, 6.05345816, 6.54759203, 6.82527006, 7.19660927, 7.28116059, 7.50022169, 7.95538629, 8.22912817, 8.36209218], "fractional occupation": [2.0, 2.0, 2.0, 2.0, 2.0, 2.0, 2.0, 2.0, 2.0, 2.0, 2.0, 2.0, 2.0, 2.0, 2.0, 2.0, 2.0, 2.0, 2.0, 2.0, 2.0, 2.0, 2.0, 2.0, 2.0, 0.0, 0.0, 0.0, 0.0, 0.0, 0.0, 0.0, 0.0, 0.0, 0.0, 0.0, 0.0, 0.0, 0.0, 0.0, 0.0, 0.0, 0.0, 0.0, 0.0, 0.0, 0.0, 0.0, 0.0, 0.0], "program call": "xtb /home/svss/Project-DBcg-Debug/aqme2_20220329/End-to-End-workflows-final/example-3/QDESCP/mol_1012_rdkit_conf_8/mol_1012_rdkit_conf_8.xyz --pop --wbo --acc 0.2 --gfn 2 --chrg 0 --uhf 0 --etemp 300 --input /home/svss/Project-DBcg-Debug/aqme2_20220329/End-to-End-workflows-final/example-3/QDESCP/mol_1012_rdkit_conf_8/mol_1012_rdkit_conf_8_xtb.inp", "method": "GFN2-xTB", "xtb version": "6.3.3 (7355c4f)", "Dipole module/D": 0.01, "Total charge": 0, "Transition dipole module/D": NaN, "HOMO": -11.1181, "LUMO": 1.57, "HOMO occupancy": 2.0, "LUMO occupancy": 0, "mulliken charges": [-0.08337, -0.04005, -0.04629, -0.05386, -0.00813, -0.09092, -0.04561, -0.08381, 0.02768, 0.02623, 0.0263, 0.02252, 0.02204, 0.02287, 0.02371, 0.02463, 0.02409, 0.01974, 0.02953, 0.0281, 0.02713, 0.02248, 0.0237, 0.02817, 0.02647, 0.02664], "cm5 charges": [-0.23382, -0.15284, -0.15713, -0.16241, -0.08068, -0.23959, -0.15617, -0.23448, 0.07846, 0.07752, 0.07759, 0.07806, 0.0769, 0.0786, 0.0786, 0.08088, 0.07952, 0.07904, 0.08174, 0.07956, 0.0791, 0.07761, 0.07869, 0.07893, 0.07822, 0.07808], "FUKUI+": [0.006, -0.0, -0.019, -0.029, -0.043, 0.028, -0.026, 0.024, -0.062, -0.043, -0.038, -0.03, -0.044, -0.057, -0.07, -0.059, -0.062, -0.062, -0.051, -0.047, -0.045, -0.06, -0.075, -0.064, -0.03, -0.041], "FUKUI-": [0.021, 0.008, 0.013, 0.005, -0.008, 0.023, 0.01, 0.02, -0.052, -0.065, -0.049, -0.079, -0.064, -0.07, -0.09, -0.05, -0.055, -0.067, -0.033, -0.046, -0.048, -0.079, -0.086, -0.052, -0.06, -0.05], "FUKUIrad": [0.013, 0.004, -0.003, -0.012, -0.025, 0.026, -0.008, 0.022, -0.057, -0.054, -0.044, -0.054, -0.054, -0.063, -0.08, -0.054, -0.058, -0.065, -0.042, -0.047, -0.046, -0.069, -0.08, -0.058, -0.045, -0.045], "s proportion": [1.008, 1.026, 1.032, 1.036, 1.057, 1.013, 1.033, 1.007, 0.972, 0.974, 0.974, 0.977, 0.978, 0.977, 0.976, 0.975, 0.976, 0.98, 0.97, 0.972, 0.973, 0.978, 0.976, 0.972, 0.974, 0.973], "p proportion": [3.076, 3.014, 3.014, 3.018, 2.951, 3.078, 3.013, 3.076, 0.0, 0.0, 0.0, 0.0, 0.0, 0.0, 0.0, 0.0, 0.0, 0.0, 0.0, 0.0, 0.0, 0.0, 0.0, 0.0, 0.0, 0.0], "d proportion": [0.0, 0.0, 0.0, 0.0, 0.0, 0.0, 0.0, 0.0, 0.0, 0.0, 0.0, 0.0, 0.0, 0.0, 0.0, 0.0, 0.0, 0.0, 0.0, 0.0, 0.0, 0.0, 0.0, 0.0, 0.0, 0.0], "Fermi-level/eV": -4.7741, "Coordination numbers": [3.75, 3.799, 3.8, 3.8, 3.846, 3.752, 3.801, 3.748, 0.924, 0.924, 0.924, 0.924, 0.924, 0.924, 0.924, 0.924, 0.924, 0.924, 0.924, 0.924, 0.924, 0.924, 0.924, 0.924, 0.924, 0.924], "Dispersion coefficient C6": [22.463, 21.494, 21.598, 21.674, 20.815, 22.516, 21.593, 22.459, 2.587, 2.576, 2.579, 2.585, 2.614, 2.571, 2.627, 2.569, 2.619, 2.589, 2.518, 2.612, 2.569, 2.605, 2.603, 2.583, 2.562, 2.564], "Total dispersion C6": 4383.696447, "Total dispersion C8": 90709.502019, "Polarizability alpha": [6.759, 6.601, 6.617, 6.629, 6.49, 6.767, 6.616, 6.759, 2.515, 2.51, 2.512, 2.514, 2.528, 2.508, 2.535, 2.507, 2.531, 2.516, 2.482, 2.528, 2.507, 2.524, 2.523, 2.514, 2.503, 2.504], "Total polarizability alpha": 98.496317, "Wiberg matrix": [[0.0, 1.01968009687774, 0.0, 0.0, 0.0, 0.0, 0.0, 0.0, 0.9875536137028669, 0.9876854384795943, 0.987889131857206, 0.0, 0.0, 0.0, 0.0, 0.0, 0.0, 0.0, 0.0, 0.0, 0.0, 0.0, 0.0, 0.0, 0.0, 0.0], [1.01968009687774, 0.0, 1.008908272977922, 0.0, 0.0, 0.0, 0.0, 0.0, 0.0, 0.0, 0.0, 0.976131820667645, 0.9780090373945036, 0.0, 0.0, 0.0, 0.0, 0.0, 0.0, 0.0, 0.0, 0.0, 0.0, 0.0, 0.0, 0.0], [0.0, 1.008908272977922, 0.0, 1.0059300553586787, 0.0, 0.0, 0.0, 0.0, 0.0, 0.0, 0.0, 0.0, 0.0, 0.9756084178201772, 0.9764153304820453, 0.0, 0.0, 0.0, 0.0, 0.0, 0.0, 0.0, 0.0, 0.0, 0.0, 0.0], [0.0, 0.0, 1.0059300553586787, 0.0, 0.9962113147388614, 0.0, 0.0, 0.0, 0.0, 0.0, 0.0, 0.0, 0.0, 0.0, 0.0, 0.9744656862101724, 0.976699195093586, 0.0, 0.0, 0.0, 0.0, 0.0, 0.0, 0.0, 0.0, 0.0], [0.0, 0.0, 0.0, 0.9962113147388614, 0.0, 1.0089867802047252, 0.9940221226682149, 0.0, 0.0, 0.0, 0.0, 0.0, 0.0, 0.0, 0.0, 0.0, 0.0, 0.9673005501679703, 0.0, 0.0, 0.0, 0.0, 0.0, 0.0, 0.0, 0.0], [0.0, 0.0, 0.0, 0.0, 1.0089867802047252, 0.0, 0.0, 0.0, 0.0, 0.0, 0.0, 0.0, 0.0, 0.0, 0.0, 0.0, 0.0, 0.0, 0.9841974158626328, 0.9859755427314821, 0.9873295511707674, 0.0, 0.0, 0.0, 0.0, 0.0], [0.0, 0.0, 0.0, 0.0, 0.9940221226682149, 0.0, 0.0, 1.0205034980514822, 0.0, 0.0, 0.0, 0.0, 0.0, 0.0, 0.0, 0.0, 0.0, 0.0, 0.0, 0.0, 0.0, 0.9776509719849167, 0.9769678616624171, 0.0, 0.0, 0.0], [0.0, 0.0, 0.0, 0.0, 0.0, 0.0, 1.0205034980514822, 0.0, 0.0, 0.0, 0.0, 0.0, 0.0, 0.0, 0.0, 0.0, 0.0, 0.0, 0.0, 0.0, 0.0, 0.0, 0.0, 0.9869863215226189, 0.9857883785143984, 0.9874309714121312], [0.9875536137028669, 0.0, 0.0, 0.0, 0.0, 0.0, 0.0, 0.0, 0.0, 0.0, 0.0, 0.0, 0.0, 0.0, 0.0, 0.0, 0.0, 0.0, 0.0, 0.0, 0.0, 0.0, 0.0, 0.0, 0.0, 0.0], [0.9876854384795943, 0.0, 0.0, 0.0, 0.0, 0.0, 0.0, 0.0, 0.0, 0.0, 0.0, 0.0, 0.0, 0.0, 0.0, 0.0, 0.0, 0.0, 0.0, 0.0, 0.0, 0.0, 0.0, 0.0, 0.0, 0.0], [0.987889131857206, 0.0, 0.0, 0.0, 0.0, 0.0, 0.0, 0.0, 0.0, 0.0, 0.0, 0.0, 0.0, 0.0, 0.0, 0.0, 0.0, 0.0, 0.0, 0.0, 0.0, 0.0, 0.0, 0.0, 0.0, 0.0], [0.0, 0.976131820667645, 0.0, 0.0, 0.0, 0.0, 0.0, 0.0, 0.0, 0.0, 0.0, 0.0, 0.0, 0.0, 0.0, 0.0, 0.0, 0.0, 0.0, 0.0, 0.0, 0.0, 0.0, 0.0, 0.0, 0.0], [0.0, 0.9780090373945036, 0.0, 0.0, 0.0, 0.0, 0.0, 0.0, 0.0, 0.0, 0.0, 0.0, 0.0, 0.0, 0.0, 0.0, 0.0, 0.0, 0.0, 0.0, 0.0, 0.0, 0.0, 0.0, 0.0, 0.0], [0.0, 0.0, 0.9756084178201772, 0.0, 0.0, 0.0, 0.0, 0.0, 0.0, 0.0, 0.0, 0.0, 0.0, 0.0, 0.0, 0.0, 0.0, 0.0, 0.0, 0.0, 0.0, 0.0, 0.0, 0.0, 0.0, 0.0], [0.0, 0.0, 0.9764153304820453, 0.0, 0.0, 0.0, 0.0, 0.0, 0.0, 0.0, 0.0, 0.0, 0.0, 0.0, 0.0, 0.0, 0.0, 0.0, 0.0, 0.0, 0.0, 0.0, 0.0, 0.0, 0.0, 0.0], [0.0, 0.0, 0.0, 0.9744656862101724, 0.0, 0.0, 0.0, 0.0, 0.0, 0.0, 0.0, 0.0, 0.0, 0.0, 0.0, 0.0, 0.0, 0.0, 0.0, 0.0, 0.0, 0.0, 0.0, 0.0, 0.0, 0.0], [0.0, 0.0, 0.0, 0.976699195093586, 0.0, 0.0, 0.0, 0.0, 0.0, 0.0, 0.0, 0.0, 0.0, 0.0, 0.0, 0.0, 0.0, 0.0, 0.0, 0.0, 0.0, 0.0, 0.0, 0.0, 0.0, 0.0], [0.0, 0.0, 0.0, 0.0, 0.9673005501679703, 0.0, 0.0, 0.0, 0.0, 0.0, 0.0, 0.0, 0.0, 0.0, 0.0, 0.0, 0.0, 0.0, 0.0, 0.0, 0.0, 0.0, 0.0, 0.0, 0.0, 0.0], [0.0, 0.0, 0.0, 0.0, 0.0, 0.9841974158626328, 0.0, 0.0, 0.0, 0.0, 0.0, 0.0, 0.0, 0.0, 0.0, 0.0, 0.0, 0.0, 0.0, 0.0, 0.0, 0.0, 0.0, 0.0, 0.0, 0.0], [0.0, 0.0, 0.0, 0.0, 0.0, 0.9859755427314821, 0.0, 0.0, 0.0, 0.0, 0.0, 0.0, 0.0, 0.0, 0.0, 0.0, 0.0, 0.0, 0.0, 0.0, 0.0, 0.0, 0.0, 0.0, 0.0, 0.0], [0.0, 0.0, 0.0, 0.0, 0.0, 0.9873295511707674, 0.0, 0.0, 0.0, 0.0, 0.0, 0.0, 0.0, 0.0, 0.0, 0.0, 0.0, 0.0, 0.0, 0.0, 0.0, 0.0, 0.0, 0.0, 0.0, 0.0], [0.0, 0.0, 0.0, 0.0, 0.0, 0.0, 0.9776509719849167, 0.0, 0.0, 0.0, 0.0, 0.0, 0.0, 0.0, 0.0, 0.0, 0.0, 0.0, 0.0, 0.0, 0.0, 0.0, 0.0, 0.0, 0.0, 0.0], [0.0, 0.0, 0.0, 0.0, 0.0, 0.0, 0.9769678616624171, 0.0, 0.0, 0.0, 0.0, 0.0, 0.0, 0.0, 0.0, 0.0, 0.0, 0.0, 0.0, 0.0, 0.0, 0.0, 0.0, 0.0, 0.0, 0.0], [0.0, 0.0, 0.0, 0.0, 0.0, 0.0, 0.0, 0.9869863215226189, 0.0, 0.0, 0.0, 0.0, 0.0, 0.0, 0.0, 0.0, 0.0, 0.0, 0.0, 0.0, 0.0, 0.0, 0.0, 0.0, 0.0, 0.0], [0.0, 0.0, 0.0, 0.0, 0.0, 0.0, 0.0, 0.9857883785143984, 0.0, 0.0, 0.0, 0.0, 0.0, 0.0, 0.0, 0.0, 0.0, 0.0, 0.0, 0.0, 0.0, 0.0, 0.0, 0.0, 0.0, 0.0], [0.0, 0.0, 0.0, 0.0, 0.0, 0.0, 0.0, 0.9874309714121312, 0.0, 0.0, 0.0, 0.0, 0.0, 0.0, 0.0, 0.0, 0.0, 0.0, 0.0, 0.0, 0.0, 0.0, 0.0, 0.0, 0.0, 0.0]], "Born radii": [], "Atomic SASAs": [], "Solvent H bonds": [], "Total SASA": NaN, "Total FOD": 0.0, "FOD": [0.0, 0.0, 0.0, 0.0, 0.0, 0.0, 0.0, 0.0, 0.0, 0.0, 0.0, 0.0, 0.0, 0.0, 0.0, 0.0, 0.0, 0.0, 0.0, 0.0, 0.0, 0.0, 0.0, 0.0, 0.0, 0.0], "FOD s proportion": [0.0, 0.0, 0.0, 0.0, 0.0, 0.0, 0.0, 0.0, 0.0, 0.0, 0.0, 0.0, 0.0, 0.0, 0.0, 0.0, 0.0, 0.0, 0.0, 0.0, 0.0, 0.0, 0.0, 0.0, 0.0, 0.0], "FOD p proportion": [0.0, 0.0, 0.0, 0.0, 0.0, 0.0, 0.0, 0.0, 0.0, 0.0, 0.0, 0.0, 0.0, 0.0, 0.0, 0.0, 0.0, 0.0, 0.0, 0.0, 0.0, 0.0, 0.0, 0.0, 0.0, 0.0], "FOD d proportion": [0.0, 0.0, 0.0, 0.0, 0.0, 0.0, 0.0, 0.0, 0.0, 0.0, 0.0, 0.0, 0.0, 0.0, 0.0, 0.0, 0.0, 0.0, 0.0, 0.0, 0.0, 0.0, 0.0, 0.0, 0.0, 0.0], "coordinates": [["3.57510", "0.11270", "-0.06460"], ["2.08860", "0.34100", "-0.29240"], ["1.27990", "0.04840", "0.97180"], ["-0.21260", "0.37420", "0.83040"], ["-0.97280", "-0.39250", "-0.27270"], ["-0.83550", "-1.91030", "-0.10820"], ["-2.47250", "-0.02540", "-0.28850"], ["-2.74620", "1.43490", "-0.62060"], ["4.13560", "0.32430", "-0.98050"], ["3.95650", "0.76730", "0.72550"], ["3.77270", "-0.92500", "0.22280"], ["1.75830", "-0.30280", "-1.11440"], ["1.92830", "1.37910", "-0.60540"], ["1.41370", "-0.99770", "1.26940"], ["1.67880", "0.65180", "1.79740"], ["-0.30050", "1.45220", "0.65130"], ["-0.69490", "0.18240", "1.79770"], ["-0.55340", "-0.12080", "-1.24920"], ["0.20180", "-2.23460", "-0.23450"], ["-1.42910", "-2.43940", "-0.86170"], ["-1.17830", "-2.23410", "0.88030"], ["-2.92930", "-0.26570", "0.67940"], ["-2.98380", "-0.64170", "-1.03880"], ["-3.82270", "1.59580", "-0.73960"], ["-2.40220", "2.10120", "0.17550"], ["-2.25560", "1.72480", "-1.55500"]], "bond_dist": [[0.0, 1.521083817545897, 2.5191670230455143, 3.900779222155491, 4.580603351088151, 4.85260984625799, 6.05331880706774, 6.481989087463816, 1.094443977552072, 1.094634701624245, 1.0947446323229908, 2.1390377579650157, 2.146668078674484, 2.7720379001738054, 2.711757087203793, 4.162577136822812, 4.658961191081119, 4.301431350143811, 4.11312973172498, 5.673676097557914, 5.3847114880929325, 6.557739085996027, 6.673631261165093, 7.575134021916708, 6.303958720518401, 6.2303467848908705], [1.521083817545897, 0.0, 1.5289905460793405, 2.5607232415862518, 3.148107415575269, 3.6949481917883507, 4.575794726602145, 4.967859044900529, 2.159622536463259, 2.169539700028557, 2.1689582407229513, 1.0951075426641896, 1.0960459388182595, 2.1649080673321905, 2.1521609419371965, 2.7987736492971345, 3.4844718710300993, 2.847611188347173, 3.1932870228026795, 4.51983848605235, 4.321920974520474, 5.147018606921875, 5.220349989224861, 6.0595361678927215, 4.846082860414172, 4.7308704104001835], [2.5191670230455143, 1.5289905460793405, 0.0, 1.5341759514475517, 2.6110975374351684, 3.0786072906429625, 3.9590792224960594, 4.546163351662586, 3.4702476266111044, 2.782385390272167, 2.7789495137551525, 2.1689717471650014, 2.163040658425079, 1.0958071956325164, 1.0976466325735255, 2.1379987956030284, 2.1447381774939336, 2.8848671598532922, 2.7981330025572406, 4.109690023590587, 3.3557302841557455, 4.231018932834028, 4.7642300595164375, 5.599987810701021, 4.290214672950528, 4.657767217240466], [3.900779222155491, 2.5607232415862518, 1.5341759514475517, 0.0, 1.5435551626035267, 2.5471385160607185, 2.5531872982607444, 3.1063828563137545, 4.710487454605946, 4.1889051588690815, 4.235530012879144, 2.8504425709001753, 2.766730644641794, 2.1724829803706176, 2.1423222726751456, 1.096306170738813, 1.0977567216829056, 2.1646953134332785, 2.8480830061639706, 3.5013454014135768, 2.7817791770735507, 2.7951264551000192, 3.4936386318564776, 4.121896234744392, 2.864571725406784, 3.4187867029108436], [4.580603351088151, 3.148107415575269, 2.6110975374351684, 1.5435551626035267, 0.0, 1.5328497578040714, 1.5440570391018593, 2.5700919691715316, 5.206777663776322, 5.161350382409627, 4.800921448013912, 2.859267771650637, 3.4154995330112405, 2.9051199114666506, 3.522337158762631, 2.1699496261434272, 2.1666320822880847, 1.0969364156595405, 2.185057621665845, 2.1782860923212084, 2.1824595780907377, 2.1795561245354524, 2.1663635082783315, 3.5061749114954326, 2.9090560823057365, 2.787979271802429], [4.85260984625799, 3.6949481917883507, 3.0786072906429625, 2.5471385160607185, 1.5328497578040714, 0.0, 2.5030231920619515, 3.88634677943181, 5.519617709588228, 5.5522843452042325, 4.723969128815302, 3.2131438078617025, 4.3250376460789335, 2.7909713649552197, 4.0641570171439, 3.488476959935381, 2.8340106668818312, 2.140974465050903, 1.0941268070932182, 1.0954770741553654, 1.0952125501472305, 2.7765124454970485, 2.6628096458440282, 4.649168421341606, 4.315920160290271, 4.162194884913488], [6.05331880706774, 4.575794726602145, 3.9590792224960594, 2.5531872982607444, 1.5440570391018593, 2.5030231920619515, 0.0, 1.5223922589135825, 6.653430671465662, 6.556570009540049, 6.330342083173705, 4.31957523490447, 4.630344101684021, 4.298251986563841, 4.694983529257584, 2.790001756271849, 2.74868569319957, 2.1482528854862504, 3.469201800126364, 2.6915864838418257, 2.8141433456737777, 1.0969233063437023, 1.0973620505557862, 2.157503346463222, 2.1777662064601886, 2.1712364910345445], [6.481989087463816, 4.967859044900529, 4.546163351662586, 3.1063828563137545, 2.5700919691715316, 3.88634677943181, 1.5223922589135825, 0.0, 6.980124039728808, 6.869051045086214, 6.984018097055591, 4.853242213201398, 4.674857744359715, 5.176331787086296, 5.102998590044876, 2.756714963502756, 3.409510643772798, 2.7611070768805765, 4.722817745795406, 4.099156268062978, 4.262930004116887, 2.148386829693387, 2.131575135903025, 1.0949438615746474, 1.0936484352843925, 1.0944559059185528], [1.094443977552072, 2.159622536463259, 3.4702476266111044, 4.710487454605946, 5.206777663776322, 5.519617709588228, 6.653430671465662, 6.980124039728808, 0.0, 1.7716551046972997, 1.772111111076278, 2.4622629652415275, 2.4749699674945553, 3.7707391344403556, 3.722882069042747, 4.859414868067965, 5.574249823967347, 4.717736183806806, 4.75176468798698, 6.214341253906162, 6.184296274435758, 7.281221052817996, 7.1848737810764645, 8.062833493877944, 6.872884289001235, 6.568020092843809], [1.094634701624245, 2.169539700028557, 2.782385390272167, 4.1889051588690815, 5.161350382409627, 5.5522843452042325, 6.556570009540049, 6.869051045086214, 1.7716551046972997, 0.0, 1.77492789149306, 3.0598086966344806, 2.5018371829517605, 3.1427510321372902, 2.5199657041317054, 4.3123824795581385, 4.809079206043502, 5.002735222855593, 4.902119510987059, 6.465819057938446, 5.949666884792795, 6.963006236533182, 7.29834224875759, 7.959201147100129, 6.5203416244856385, 6.68637965643591], [1.0947446323229908, 2.1689582407229513, 2.7789495137551525, 4.235530012879144, 4.800921448013912, 4.723969128815302, 6.330342083173705, 6.984018097055591, 1.772111111076278, 1.77492789149306, 0.0, 2.496606504838118, 3.0653879705511993, 2.581770293810044, 3.0577901514001904, 4.735572861861593, 4.86478103618241, 4.639899012909656, 3.8308618168761974, 5.525239438250618, 5.163182164130953, 6.749812149237933, 6.879112275577424, 8.060443384826916, 6.876737143442376, 6.820734107850855], [2.1390377579650157, 1.0951075426641896, 2.1689717471650014, 2.8504425709001753, 2.859267771650637, 3.2131438078617025, 4.31957523490447, 4.853242213201398, 2.4622629652415275, 3.0598086966344806, 2.496606504838118, 0.0, 1.7654372291305065, 2.506818224363306, 3.065315750457039, 3.23053848916864, 3.838480909161852, 2.32276816105267, 2.6322552117908327, 3.845573508594004, 4.041332371879354, 5.01923187450032, 4.754795577098977, 5.9070058405253, 4.975220423257647, 4.518482414483872], [2.146668078674484, 1.0960459388182595, 2.163040658425079, 2.766730644641794, 3.4154995330112405, 4.3250376460789335, 4.630344101684021, 4.674857744359715, 2.4749699674945553, 2.5018371829517605, 3.0653879705511993, 1.7654372291305065, 0.0, 3.070645932047523, 2.5228284483888315, 2.559724192173836, 3.7534196061724834, 2.9703557598375316, 4.0220886054387215, 5.0910477016032765, 4.991340730705528, 5.286998755437719, 5.329183296716298, 5.756645683903084, 4.459199868810547, 4.30421512705859], [2.7720379001738054, 2.1649080673321905, 1.0958071956325164, 2.1724829803706176, 2.9051199114666506, 2.7909713649552197, 4.298251986563841, 5.176331787086296, 3.7707391344403556, 3.1427510321372902, 2.581770293810044, 2.506818224363306, 3.070645932047523, 0.0, 1.7521165086831414, 3.0532833573057054, 2.47344513988081, 3.313877182395268, 2.293542768295372, 3.834266284440871, 2.8980248049318003, 4.443599104329732, 4.979209725448407, 6.179175366503204, 5.035959812190721, 5.3714992413664175], [2.711757087203793, 2.1521609419371965, 1.0976466325735255, 2.1423222726751456, 3.522337158762631, 4.0641570171439, 4.694983529257584, 5.102998590044876, 3.722882069042747, 2.5199657041317054, 3.0577901514001904, 3.065315750457039, 2.5228284483888315, 1.7521165086831414, 0.0, 2.42318258907578, 2.4196669481562956, 3.8550485288774254, 3.8264149761885475, 5.126926238985694, 4.163233314384386, 4.8297324832748245, 5.608655048226803, 6.131395212347676, 4.624487103452664, 5.27914937466255], [4.162577136822812, 2.7987736492971345, 2.1379987956030284, 1.096306170738813, 2.1699496261434272, 3.488476959935381, 2.790001756271849, 2.756714963502756, 4.859414868067965, 4.3123824795581385, 4.735572861861593, 3.23053848916864, 2.559724192173836, 3.0532833573057054, 2.42318258907578, 0.0, 1.7556128160844577, 2.479957189146619, 3.824845247849905, 4.325211846834788, 3.7962852276929877, 3.140471216234914, 3.8001255387157937, 3.789606392489859, 2.25049539657383, 2.960487537551881], [4.658961191081119, 3.4844718710300993, 2.1447381774939336, 1.0977567216829056, 2.1666320822880847, 2.8340106668818312, 2.74868569319957, 3.409510643772798, 5.574249823967347, 4.809079206043502, 4.86478103618241, 3.838480909161852, 3.7534196061724834, 2.47344513988081, 2.4196669481562956, 1.7556128160844577, 0.0, 3.065216485013742, 3.2826508693432506, 3.805954970831894, 2.6295951342364474, 2.5384900748279478, 3.736835060582685, 4.26833968774745, 3.0377951823649996, 4.006916462817761], [4.301431350143811, 2.847611188347173, 2.8848671598532922, 2.1646953134332785, 1.0969364156595405, 2.140974465050903, 2.1482528854862504, 2.7611070768805765, 4.717736183806806, 5.002735222855593, 4.639899012909656, 2.32276816105267, 2.9703557598375316, 3.313877182395268, 3.8550485288774254, 2.479957189146619, 3.065216485013742, 0.0, 2.4633500705340277, 2.5085678583606223, 3.0645239679271565, 3.0635591686794625, 2.49448374017551, 3.7275635755812404, 3.2225945339120776, 2.529276149415085], [4.11312973172498, 3.1932870228026795, 2.7981330025572406, 2.8480830061639706, 2.185057621665845, 1.0941268070932182, 3.469201800126364, 4.722817745795406, 4.75176468798698, 4.902119510987059, 3.8308618168761974, 2.6322552117908327, 4.0220886054387215, 2.293542768295372, 3.8264149761885475, 3.824845247849905, 3.2826508693432506, 2.4633500705340277, 0.0, 1.7593060251133117, 1.7741069020777749, 3.809930134530028, 3.651338968104714, 5.578861032504753, 5.0742563632516635, 4.8434887601810335], [5.673676097557914, 4.51983848605235, 4.109690023590587, 3.5013454014135768, 2.1782860923212084, 1.0954770741553654, 2.6915864838418257, 4.099156268062978, 6.214341253906162, 6.465819057938446, 5.525239438250618, 3.845573508594004, 5.0910477016032765, 3.834266284440871, 5.126926238985694, 4.325211846834788, 3.805954970831894, 2.5085678583606223, 1.7593060251133117, 0.0, 1.7718952367451073, 3.057868692406527, 2.383313195952223, 4.693300375002648, 4.758125241100742, 4.3016658145420825], [5.3847114880929325, 4.321920974520474, 3.3557302841557455, 2.7817791770735507, 2.1824595780907377, 1.0952125501472305, 2.8141433456737777, 4.262930004116887, 6.184296274435758, 5.949666884792795, 5.163182164130953, 4.041332371879354, 4.991340730705528, 2.8980248049318003, 4.163233314384386, 3.7962852276929877, 2.6295951342364474, 3.0645239679271565, 1.7741069020777749, 1.7718952367451073, 0.0, 2.642150709176144, 3.078719347391054, 4.927987558831698, 4.559550453717998, 4.771179161381387], [6.557739085996027, 5.147018606921875, 4.231018932834028, 2.7951264551000192, 2.1795561245354524, 2.7765124454970485, 1.0969233063437023, 2.148386829693387, 7.281221052817996, 6.963006236533182, 6.749812149237933, 5.01923187450032, 5.286998755437719, 4.443599104329732, 4.8297324832748245, 3.140471216234914, 2.5384900748279478, 3.0635591686794625, 3.809930134530028, 3.057868692406527, 2.642150709176144, 0.0, 1.7597038074630629, 2.5053755826222943, 2.476684321830297, 3.0673286912230324], [6.673631261165093, 5.220349989224861, 4.7642300595164375, 3.4936386318564776, 2.1663635082783315, 2.6628096458440282, 1.0973620505557862, 2.131575135903025, 7.1848737810764645, 7.29834224875759, 6.879112275577424, 4.754795577098977, 5.329183296716298, 4.979209725448407, 5.608655048226803, 3.8001255387157937, 3.736835060582685, 2.49448374017551, 3.651338968104714, 2.383313195952223, 3.078719347391054, 1.7597038074630629, 0.0, 2.4082524992201297, 3.0555332529691115, 2.529240979029084], [7.575134021916708, 6.0595361678927215, 5.599987810701021, 4.121896234744392, 3.5061749114954326, 4.649168421341606, 2.157503346463222, 1.0949438615746474, 8.062833493877944, 7.959201147100129, 8.060443384826916, 5.9070058405253, 5.756645683903084, 6.179175366503204, 6.131395212347676, 3.789606392489859, 4.26833968774745, 3.7275635755812404, 5.578861032504753, 4.693300375002648, 4.927987558831698, 2.5053755826222943, 2.4082524992201297, 0.0, 1.7637055933460097, 1.7712483083972164], [6.303958720518401, 4.846082860414172, 4.290214672950528, 2.864571725406784, 2.9090560823057365, 4.315920160290271, 2.1777662064601886, 1.0936484352843925, 6.872884289001235, 6.5203416244856385, 6.876737143442376, 4.975220423257647, 4.459199868810547, 5.035959812190721, 4.624487103452664, 2.25049539657383, 3.0377951823649996, 3.2225945339120776, 5.0742563632516635, 4.758125241100742, 4.559550453717998, 2.476684321830297, 3.0555332529691115, 1.7637055933460097, 0.0, 1.7770196312928004], [6.2303467848908705, 4.7308704104001835, 4.657767217240466, 3.4187867029108436, 2.787979271802429, 4.162194884913488, 2.1712364910345445, 1.0944559059185528, 6.568020092843809, 6.68637965643591, 6.820734107850855, 4.518482414483872, 4.30421512705859, 5.3714992413664175, 5.27914937466255, 2.960487537551881, 4.006916462817761, 2.529276149415085, 4.8434887601810335, 4.3016658145420825, 4.771179161381387, 3.0673286912230324, 2.529240979029084, 1.7712483083972164, 1.7770196312928004, 0.0]]}