{"total energy": -68.94285222, "HOMO-LUMO gap/eV": 3.28912144, "electronic energy": -69.88445872, "dipole": [-0.75968393, -0.14830013, -0.80431679], "partial charges": [-0.10161716, -0.05238568, -0.06230223, -0.04404685, -0.06332219, 0.25895302, -0.39406583, -0.04446046, -0.0433809, 0.25995928, -0.39532547, 0.05579117, -0.04507693, -0.05174972, 0.14569564, -0.38946932, -0.06772158, -0.04292958, 0.06653309, -0.04375875, -0.02819174, -0.03218913, -0.02624139, -0.04112243, 0.03465809, 0.03650285, 0.03376964, 0.03081755, 0.03043479, 0.03705228, 0.05546438, 0.05638855, 0.0363682, 0.08698314, 0.04429461, 0.05957372, 0.30258341, 0.0409567, 0.07165737, 0.03679169, 0.03942693, 0.03718127, 0.0439596, 0.06756039], "atomic dipole moments": [[-0.08655227, 0.0609461, 0.01292098], [-0.00290243, -0.11136456, 0.02949595], [-0.02486779, 0.12914777, -0.01786], [-0.05220249, -0.12407741, 0.0376222], [-0.01495908, 0.04674452, -0.05332149], [-0.05809149, 0.00434391, -0.01595827], [-0.03588212, -0.117037, -0.13066082], [0.04447349, -0.0499132, -0.12568433], [-0.013924, 0.04491589, 0.13322295], [-0.06035161, 0.01472555, -0.01968067], [-0.06910536, 0.12814313, 0.1070009], [0.1448087, 0.1083673, 0.03799403], [0.0221287, -0.00341462, -0.02773158], [0.00840946, -0.02225475, -0.02869694], [-0.18094259, -0.14644454, -0.04567897], [0.18869912, 0.04032327, -0.06243742], [-0.01771792, -0.00345288, 0.00958873], [-0.01840239, 0.01649227, 0.05311823], [0.12810959, -0.14115442, 0.03072277], [0.01194913, -0.00594047, 0.03711983], [0.0041484, -0.00723416, -0.00055097], [0.00493509, -0.00643125, 0.00065352], [0.00719775, -0.00611869, 0.00169955], [0.00969601, -0.02105645, -0.05465554], [0.04060537, -0.04628718, 0.11009717], [-0.02144628, -0.09698608, -0.07841267], [0.0927598, 0.0680633, -0.04879969], [0.0301737, 0.09578855, 0.07141456], [-0.02976041, 0.04745029, -0.11036709], [0.03484671, -0.04829708, 0.10965163], [-0.0237892, -0.10056169, -0.07503399], [0.03373208, 0.10119497, 0.06778342], [-0.02948083, 0.05145425, -0.11378785], [0.03604324, -0.08611933, 0.10442851], [-0.02618449, 0.09519457, 0.11796779], [-0.1310598, 0.01005925, 0.08535746], [0.02886007, -0.04654639, -0.05974332], [0.02280902, -0.09946734, -0.11426743], [0.12412144, -0.01754992, -0.09440417], [0.01321351, -0.09360107, -0.12090745], [-0.07600007, 0.01292755, -0.13162419], [-0.09557002, 0.11513386, -0.02225697], [-0.02185107, 0.1048878, 0.10930845], [0.06770482, -0.0009458, 0.14190447]], "atomic quadrupole moments": [[0.12481887, -0.16109459, -0.00226508, -0.04117007, 0.01739974, -0.12255379], [0.18648613, -0.02835624, -0.00663647, -0.13203553, -0.05165551, -0.17984966], [0.19972315, -0.04423956, -0.00353354, -0.13821546, -0.06506655, -0.19618961], [0.20369083, 0.00939855, -0.02707936, -0.15765892, -0.05721198, -0.17661147], [0.10698744, 0.02350997, -0.00068977, -0.03554366, 0.20620703, -0.10629767], [-0.19018165, 0.10600418, 0.11217301, -0.14127637, -0.35115276, 0.07800865], [-0.0944854, 0.05000117, 0.04076719, -0.05928119, -0.13866746, 0.0537182], [-0.04489988, -0.02544685, 0.01775028, -0.0245525, 0.10889221, 0.02714959], [-0.05849847, -0.01396645, 0.01830999, 0.00417847, 0.1097629, 0.04018848], [-0.21147552, 0.14264861, 0.09402354, -0.11134857, -0.34589238, 0.11745197], [-0.09767053, 0.04725618, 0.03687282, -0.05256872, -0.13854668, 0.06079771], [-0.01837255, -0.00513915, 0.06944507, 0.22693723, -0.25973784, -0.05107251], [-0.15904, -0.1799543, 0.09833937, 0.18707504, -0.31603588, 0.06070063], [-0.17809552, -0.16834516, 0.10162833, 0.20384754, -0.283522, 0.07646719], [-0.00012977, 0.11343978, 0.11186624, 0.28429431, -0.25627932, -0.11173647], [0.04717127, 0.07282397, -0.00088717, 0.00967157, 0.02502156, -0.0462841], [-0.09879287, -0.14864544, 0.05834423, 0.15370623, -0.31290914, 0.04044864], [-0.12500654, -0.19372962, 0.07310364, 0.20350865, -0.33486149, 0.0519029], [0.21301453, 0.12246576, 0.0438459, -0.16341656, -0.19479575, -0.25686043], [0.15384836, 0.30530112, -0.00587783, -0.21144548, -0.14207044, -0.14797053], [0.17574205, 0.32493049, -0.01805669, -0.23725604, -0.15564225, -0.15768536], [0.16828134, 0.32556949, -0.03062849, -0.22369387, -0.16062106, -0.13765284], [0.18133552, 0.3322391, -0.03237183, -0.21453168, -0.18536201, -0.14896369], [0.19741115, 0.31441275, -0.03275511, -0.21037173, -0.15545969, -0.16465604], [-0.03343323, -0.02051569, -0.02981531, 0.02094694, -0.03395137, 0.06324855], [-0.02281336, 0.01701893, 0.02433704, 0.02612066, 0.05844397, -0.00152367], [0.02519441, 0.04383938, 0.00858316, -0.03801702, -0.03148072, -0.03377757], [-0.01491924, 0.01325798, 0.00737379, 0.00744936, 0.04608606, 0.00754545], [-0.00977004, -0.00951127, -0.03216784, 0.02109159, -0.02312195, 0.04193788], [-0.01501737, -0.00767164, -0.0304749, 0.01870542, -0.02254761, 0.04549226], [-0.01346632, 0.01709566, 0.00620681, 0.01060105, 0.03955139, 0.00725951], [-0.00574468, 0.00874663, 0.00134962, 0.00726683, 0.04862364, 0.00439507], [-0.00605981, -0.0075997, -0.03294516, 0.02643361, -0.0174556, 0.03900497], [-0.01005831, -0.0226073, 0.00604115, 0.01672296, -0.02088118, 0.00401716], [0.01764319, 0.03463701, -0.00143841, -0.01233465, 0.04124942, -0.01620478], [0.01750675, 0.02379615, -0.00779041, -0.01900682, 0.03775077, -0.00971634], [-0.04589425, -0.00784025, 0.01629595, -0.02927801, 0.10437292, 0.0295983], [0.01422945, 0.02596535, -0.00485193, -0.01608537, 0.04202879, -0.00937752], [0.02702572, 0.03599348, -0.0094444, -0.01142155, 0.03640779, -0.01758132], [-0.01856092, -0.04803873, 0.01595962, 0.02205103, 0.016555, 0.0026013], [-0.02445472, -0.04353351, 0.0088533, 0.02354633, 0.02614763, 0.01560142], [-0.0235646, -0.03896329, 0.00037504, 0.02970399, 0.02365852, 0.02318956], [-0.01906989, -0.04265125, -0.00049499, 0.03399952, 0.01452037, 0.01956488], [-0.0100055, -0.05010538, 0.00851917, 0.02491078, 0.00999817, 0.00148633]], "number of molecular orbitals": 116, "number of electrons": 124, "number of unpaired electrons": 0, "orbital energies/eV": [-19.70371504, -19.57751361, -19.57230796, -19.4663532, -18.52357857, -18.47951782, -18.07473101, -17.87446984, -17.62876269, -17.54406525, -17.30998254, -17.2332972, -17.01690642, -16.90793736, -16.87559992, -16.57460697, -16.39548984, -16.37367281, -16.18988418, -15.88835303, -15.81666539, -15.54014323, -15.44549799, -15.30354552, -15.18199203, -15.08906765, -14.93198729, -14.7864912, -14.61640305, -14.5124897, -14.40890394, -14.29346641, -14.20933486, -14.03782712, -13.89091987, -13.70960121, -13.70307245, -13.55053654, -13.51061966, -13.39139275, -13.32278083, -13.28486779, -13.21240237, -13.13805683, -13.01208187, -12.83028032, -12.74205278, -12.60327172, -12.28213091, -12.16167588, -12.08427812, -12.00866371, -11.92077294, -11.87652698, -11.73821172, -11.54293691, -11.38335189, -11.30753304, -11.25531124, -11.03931945, -10.73404782, -10.27857187, -6.98945042, -6.86939898, -6.62459441, -6.47797579, -6.21447268, -5.77606128, -3.26290778, -2.99483879, -2.91480614, 0.53996391, 0.62523465, 1.55010006, 1.87874324, 2.11358841, 2.81596681, 2.92323642, 3.0706378, 3.16538044, 3.32830519, 3.46921092, 3.66674493, 3.85386647, 4.0432831, 4.14981339, 4.21868983, 4.40034114, 4.42935739, 4.55673622, 4.76219092, 4.81860116, 4.99649204, 5.12969532, 5.28363153, 5.54963819, 6.00118168, 6.40002473, 6.83329297, 7.16595787, 7.30647392, 8.26839919, 9.79584275, 10.07024438, 10.18479453, 10.25268203, 11.10255413, 11.17915293, 11.21474999, 11.71681335, 15.82531932, 16.06281598, 16.15968738, 16.17189049, 16.87778357, 16.98801825], "fractional occupation": [2.0, 2.0, 2.0, 2.0, 2.0, 2.0, 2.0, 2.0, 2.0, 2.0, 2.0, 2.0, 2.0, 2.0, 2.0, 2.0, 2.0, 2.0, 2.0, 2.0, 2.0, 2.0, 2.0, 2.0, 2.0, 2.0, 2.0, 2.0, 2.0, 2.0, 2.0, 2.0, 2.0, 2.0, 2.0, 2.0, 2.0, 2.0, 2.0, 2.0, 2.0, 2.0, 2.0, 2.0, 2.0, 2.0, 2.0, 2.0, 2.0, 2.0, 2.0, 2.0, 2.0, 2.0, 2.0, 2.0, 2.0, 2.0, 2.0, 2.0, 2.0, 2.0, 0.0, 0.0, 0.0, 0.0, 0.0, 0.0, 0.0, 0.0, 0.0, 0.0, 0.0, 0.0, 0.0, 0.0, 0.0, 0.0, 0.0, 0.0, 0.0, 0.0, 0.0, 0.0, 0.0, 0.0, 0.0, 0.0, 0.0, 0.0, 0.0, 0.0, 0.0, 0.0, 0.0, 0.0, 0.0, 0.0, 0.0, 0.0, 0.0, 0.0, 0.0, 0.0, 0.0, 0.0, 0.0, 0.0, 0.0, 0.0, 0.0, 0.0, 0.0, 0.0, 0.0, 0.0], "program call": "xtb /home/svss/Project-DBcg-Debug/aqme2_20220329/End-to-End-workflows-final/example-3/QDESCP/mol_729_rdkit_conf_8/mol_729_rdkit_conf_8.xyz --pop --wbo --acc 0.2 --gfn 2 --chrg 0 --uhf 0 --etemp 300 --input /home/svss/Project-DBcg-Debug/aqme2_20220329/End-to-End-workflows-final/example-3/QDESCP/mol_729_rdkit_conf_8/mol_729_rdkit_conf_8_xtb.inp", "method": "GFN2-xTB", "xtb version": "6.3.3 (7355c4f)", "Dipole module/D": 2.837, "Total charge": 0, "Transition dipole module/D": NaN, "HOMO": -10.2786, "LUMO": -6.9895, "HOMO occupancy": 2.0, "LUMO occupancy": 0, "mulliken charges": [-0.08266, -0.03821, -0.04796, -0.02609, -0.08908, 0.46002, -0.51674, -0.14956, -0.14934, 0.45904, -0.51867, 0.12038, -0.05497, -0.06174, 0.25629, -0.51592, -0.09039, -0.03875, 0.13703, -0.05935, -0.02221, -0.03502, -0.02062, -0.04677, 0.02796, 0.03019, 0.02917, 0.02326, 0.02382, 0.02617, 0.04187, 0.04754, 0.03248, 0.08521, 0.04199, 0.05496, 0.35407, 0.04069, 0.06351, 0.03801, 0.03558, 0.03444, 0.03856, 0.0618], "cm5 charges": [-0.233, -0.15079, -0.15787, -0.1296, -0.12811, 0.55983, -0.56337, -0.3156, -0.31537, 0.55894, -0.56645, 0.17702, -0.10098, -0.11169, 0.26795, -0.71318, -0.14217, -0.08529, 0.19357, -0.10562, -0.0774, -0.09033, -0.07577, -0.09345, 0.07926, 0.08149, 0.07994, 0.07798, 0.07855, 0.0818, 0.1007, 0.10658, 0.09055, 0.15026, 0.10486, 0.11344, 0.52496, 0.09863, 0.12796, 0.1009, 0.09096, 0.08983, 0.09391, 0.12615], "FUKUI+": [0.006, 0.002, 0.004, 0.002, 0.003, -0.039, -0.088, -0.019, -0.018, -0.033, -0.08, -0.008, -0.019, -0.021, -0.025, -0.032, -0.023, -0.018, -0.016, -0.013, -0.016, -0.029, -0.019, -0.013, -0.008, -0.005, -0.014, -0.008, -0.006, -0.012, -0.004, -0.02, -0.014, -0.049, -0.026, -0.041, -0.024, -0.043, -0.03, -0.024, -0.04, -0.047, -0.043, -0.028], "FUKUI-": [0.01, 0.004, 0.006, 0.007, 0.0, -0.006, -0.062, -0.038, -0.044, -0.007, -0.061, -0.016, -0.012, -0.019, -0.029, -0.06, -0.017, -0.016, -0.006, -0.008, -0.013, -0.026, -0.012, -0.014, -0.026, -0.025, -0.024, -0.035, -0.03, -0.024, -0.02, -0.021, -0.014, -0.03, -0.025, -0.039, -0.031, -0.039, -0.03, -0.014, -0.033, -0.039, -0.036, -0.025], "FUKUIrad": [0.008, 0.003, 0.005, 0.004, 0.002, -0.022, -0.075, -0.028, -0.031, -0.02, -0.07, -0.012, -0.016, -0.02, -0.027, -0.046, -0.02, -0.017, -0.011, -0.011, -0.015, -0.028, -0.016, -0.013, -0.017, -0.015, -0.019, -0.022, -0.018, -0.018, -0.012, -0.021, -0.014, -0.04, -0.026, -0.04, -0.027, -0.041, -0.03, -0.019, -0.037, -0.043, -0.04, -0.026], "s proportion": [1.007, 1.027, 1.034, 1.033, 1.072, 1.006, 1.73, 1.444, 1.444, 1.006, 1.73, 1.04, 1.061, 1.055, 1.015, 1.691, 1.06, 1.063, 1.045, 1.06, 1.06, 1.059, 1.062, 1.063, 0.972, 0.97, 0.971, 0.977, 0.976, 0.974, 0.958, 0.952, 0.968, 0.915, 0.958, 0.945, 0.646, 0.959, 0.936, 0.962, 0.964, 0.966, 0.961, 0.938], "p proportion": [3.075, 3.011, 3.014, 2.993, 3.017, 2.533, 4.787, 3.705, 3.706, 2.535, 4.789, 2.84, 2.994, 3.006, 2.729, 4.825, 3.03, 2.976, 2.818, 3.0, 2.962, 2.976, 2.959, 2.984, 0.0, 0.0, 0.0, 0.0, 0.0, 0.0, 0.0, 0.0, 0.0, 0.0, 0.0, 0.0, 0.0, 0.0, 0.0, 0.0, 0.0, 0.0, 0.0, 0.0], "d proportion": [0.0, 0.0, 0.0, 0.0, 0.0, 0.0, 0.0, 0.0, 0.0, 0.0, 0.0, 0.0, 0.0, 0.0, 0.0, 0.0, 0.0, 0.0, 0.0, 0.0, 0.0, 0.0, 0.0, 0.0, 0.0, 0.0, 0.0, 0.0, 0.0, 0.0, 0.0, 0.0, 0.0, 0.0, 0.0, 0.0, 0.0, 0.0, 0.0, 0.0, 0.0, 0.0, 0.0, 0.0], "Fermi-level/eV": -8.634, "Coordination numbers": [3.75, 3.8, 3.801, 3.805, 3.882, 2.791, 0.856, 2.834, 2.834, 2.789, 0.856, 2.894, 2.917, 2.911, 2.843, 1.659, 2.91, 2.917, 2.895, 2.916, 2.91, 2.912, 2.911, 2.916, 0.924, 0.924, 0.924, 0.924, 0.924, 0.924, 0.924, 0.924, 0.924, 0.924, 0.925, 0.925, 0.804, 0.925, 0.925, 0.925, 0.925, 0.925, 0.925, 0.925], "Dispersion coefficient C6": [22.504, 21.515, 21.696, 21.359, 21.663, 22.642, 21.563, 22.097, 22.076, 22.624, 21.588, 26.747, 29.119, 29.285, 24.826, 20.645, 29.686, 29.066, 26.509, 29.087, 28.705, 28.802, 28.657, 29.022, 2.521, 2.496, 2.534, 2.575, 2.58, 2.489, 2.253, 2.242, 2.498, 1.909, 2.392, 2.204, 0.713, 2.436, 2.067, 2.492, 2.456, 2.487, 2.397, 2.113], "Total dispersion C6": 22401.929849, "Total dispersion C8": 531832.763778, "Polarizability alpha": [6.766, 6.604, 6.632, 6.579, 6.617, 7.795, 6.226, 6.982, 6.978, 7.791, 6.229, 8.479, 8.849, 8.874, 8.166, 6.134, 8.934, 8.841, 8.442, 8.844, 8.785, 8.8, 8.778, 8.834, 2.483, 2.471, 2.489, 2.509, 2.512, 2.467, 2.347, 2.342, 2.472, 2.16, 2.419, 2.322, 1.327, 2.441, 2.249, 2.469, 2.451, 2.466, 2.421, 2.273], "Total polarizability alpha": 233.047674, "Wiberg matrix": [[0.0, 1.0199473704819995, 0.0, 0.0, 0.0, 0.0, 0.0, 0.0, 0.0, 0.0, 0.0, 0.0, 0.0, 0.0, 0.0, 0.0, 0.0, 0.0, 0.0, 0.0, 0.0, 0.0, 0.0, 0.0, 0.987555911371755, 0.9874143397418775, 0.9870425238295377, 0.0, 0.0, 0.0, 0.0, 0.0, 0.0, 0.0, 0.0, 0.0, 0.0, 0.0, 0.0, 0.0, 0.0, 0.0, 0.0, 0.0], [1.0199473704819995, 0.0, 1.0063481149012938, 0.0, 0.0, 0.0, 0.0, 0.0, 0.0, 0.0, 0.0, 0.0, 0.0, 0.0, 0.0, 0.0, 0.0, 0.0, 0.0, 0.0, 0.0, 0.0, 0.0, 0.0, 0.0, 0.0, 0.0, 0.977778170770141, 0.9779268801847727, 0.0, 0.0, 0.0, 0.0, 0.0, 0.0, 0.0, 0.0, 0.0, 0.0, 0.0, 0.0, 0.0, 0.0, 0.0], [0.0, 1.0063481149012938, 0.0, 1.004448710326118, 0.0, 0.0, 0.0, 0.0, 0.0, 0.0, 0.0, 0.0, 0.0, 0.0, 0.0, 0.0, 0.0, 0.0, 0.0, 0.0, 0.0, 0.0, 0.0, 0.0, 0.0, 0.0, 0.0, 0.0, 0.0, 0.9764211243410469, 0.9742190692998833, 0.0, 0.0, 0.0, 0.0, 0.0, 0.0, 0.0, 0.0, 0.0, 0.0, 0.0, 0.0, 0.0], [0.0, 0.0, 1.004448710326118, 0.0, 0.958618674880122, 0.0, 0.0, 0.0, 0.0, 0.0, 0.0, 0.0, 0.0, 0.0, 0.0, 0.0, 0.0, 0.0, 0.0, 0.0, 0.0, 0.0, 0.0, 0.0, 0.0, 0.0, 0.0, 0.0, 0.0, 0.0, 0.0, 0.970645319437262, 0.9766961303636654, 0.0, 0.0, 0.0, 0.0, 0.0, 0.0, 0.0, 0.0, 0.0, 0.0, 0.0], [0.0, 0.0, 0.0, 0.958618674880122, 0.0, 0.9669184638298077, 0.0, 0.0, 0.0, 0.9695724515951358, 0.0, 0.0, 0.0, 0.0, 0.0, 0.0, 0.0, 0.0, 0.0, 0.0, 0.0, 0.0, 0.0, 0.0, 0.0, 0.0, 0.0, 0.0, 0.0, 0.0, 0.0, 0.0, 0.0, 0.9225160125619052, 0.0, 0.0, 0.0, 0.0, 0.0, 0.0, 0.0, 0.0, 0.0, 0.0], [0.0, 0.0, 0.0, 0.0, 0.9669184638298077, 0.0, 1.7312701665470738, 1.136422376519652, 0.0, 0.0, 0.0, 0.0, 0.0, 0.0, 0.0, 0.0, 0.0, 0.0, 0.0, 0.0, 0.0, 0.0, 0.0, 0.0, 0.0, 0.0, 0.0, 0.0, 0.0, 0.0, 0.0, 0.0, 0.0, 0.0, 0.0, 0.0, 0.0, 0.0, 0.0, 0.0, 0.0, 0.0, 0.0, 0.0], [0.0, 0.0, 0.0, 0.0, 0.0, 1.7312701665470738, 0.0, 0.16385215005354578, 0.0, 0.0, 0.0, 0.0, 0.0, 0.0, 0.0, 0.0, 0.0, 0.0, 0.0, 0.0, 0.0, 0.0, 0.0, 0.0, 0.0, 0.0, 0.0, 0.0, 0.0, 0.0, 0.0, 0.0, 0.0, 0.0, 0.0, 0.0, 0.0, 0.0, 0.0, 0.0, 0.0, 0.0, 0.0, 0.0], [0.0, 0.0, 0.0, 0.0, 0.0, 1.136422376519652, 0.16385215005354578, 0.0, 0.989767671047785, 0.0, 0.0, 0.0, 0.0, 0.0, 0.0, 0.0, 0.0, 0.0, 1.0144824211195524, 0.0, 0.0, 0.0, 0.0, 0.0, 0.0, 0.0, 0.0, 0.0, 0.0, 0.0, 0.0, 0.0, 0.0, 0.0, 0.0, 0.0, 0.0, 0.0, 0.0, 0.0, 0.0, 0.0, 0.0, 0.0], [0.0, 0.0, 0.0, 0.0, 0.0, 0.0, 0.0, 0.989767671047785, 0.0, 1.1383944152886631, 0.1659970002492052, 1.0130086263614788, 0.0, 0.0, 0.0, 0.0, 0.0, 0.0, 0.0, 0.0, 0.0, 0.0, 0.0, 0.0, 0.0, 0.0, 0.0, 0.0, 0.0, 0.0, 0.0, 0.0, 0.0, 0.0, 0.0, 0.0, 0.0, 0.0, 0.0, 0.0, 0.0, 0.0, 0.0, 0.0], [0.0, 0.0, 0.0, 0.0, 0.9695724515951358, 0.0, 0.0, 0.0, 1.1383944152886631, 0.0, 1.7280330600203135, 0.0, 0.0, 0.0, 0.0, 0.0, 0.0, 0.0, 0.0, 0.0, 0.0, 0.0, 0.0, 0.0, 0.0, 0.0, 0.0, 0.0, 0.0, 0.0, 0.0, 0.0, 0.0, 0.0, 0.0, 0.0, 0.0, 0.0, 0.0, 0.0, 0.0, 0.0, 0.0, 0.0], [0.0, 0.0, 0.0, 0.0, 0.0, 0.0, 0.0, 0.0, 0.1659970002492052, 1.7280330600203135, 0.0, 0.0, 0.0, 0.0, 0.0, 0.0, 0.0, 0.0, 0.0, 0.0, 0.0, 0.0, 0.0, 0.0, 0.0, 0.0, 0.0, 0.0, 0.0, 0.0, 0.0, 0.0, 0.0, 0.0, 0.0, 0.0, 0.0, 0.0, 0.0, 0.0, 0.0, 0.0, 0.0, 0.0], [0.0, 0.0, 0.0, 0.0, 0.0, 0.0, 0.0, 0.0, 1.0130086263614788, 0.0, 0.0, 0.0, 1.375109000180143, 0.0, 0.0, 0.0, 0.0, 1.3770316874521804, 0.0, 0.0, 0.0, 0.0, 0.0, 0.0, 0.0, 0.0, 0.0, 0.0, 0.0, 0.0, 0.0, 0.0, 0.0, 0.0, 0.0, 0.0, 0.0, 0.0, 0.0, 0.0, 0.0, 0.0, 0.0, 0.0], [0.0, 0.0, 0.0, 0.0, 0.0, 0.0, 0.0, 0.0, 0.0, 0.0, 0.0, 1.375109000180143, 0.0, 1.4532432682165528, 0.0, 0.0, 0.10504678026341221, 0.0, 0.0, 0.0, 0.0, 0.0, 0.0, 0.0, 0.0, 0.0, 0.0, 0.0, 0.0, 0.0, 0.0, 0.0, 0.0, 0.0, 0.9680928584131784, 0.0, 0.0, 0.0, 0.0, 0.0, 0.0, 0.0, 0.0, 0.0], [0.0, 0.0, 0.0, 0.0, 0.0, 0.0, 0.0, 0.0, 0.0, 0.0, 0.0, 0.0, 1.4532432682165528, 0.0, 1.3659087764577578, 0.0, 0.0, 0.10835813555597038, 0.0, 0.0, 0.0, 0.0, 0.0, 0.0, 0.0, 0.0, 0.0, 0.0, 0.0, 0.0, 0.0, 0.0, 0.0, 0.0, 0.0, 0.9669502597209176, 0.0, 0.0, 0.0, 0.0, 0.0, 0.0, 0.0, 0.0], [0.0, 0.0, 0.0, 0.0, 0.0, 0.0, 0.0, 0.0, 0.0, 0.0, 0.0, 0.0, 0.0, 1.3659087764577578, 0.0, 1.0729484983260698, 1.3726606206004421, 0.0, 0.0, 0.0, 0.0, 0.0, 0.0, 0.0, 0.0, 0.0, 0.0, 0.0, 0.0, 0.0, 0.0, 0.0, 0.0, 0.0, 0.0, 0.0, 0.0, 0.0, 0.0, 0.0, 0.0, 0.0, 0.0, 0.0], [0.0, 0.0, 0.0, 0.0, 0.0, 0.0, 0.0, 0.0, 0.0, 0.0, 0.0, 0.0, 0.0, 0.0, 1.0729484983260698, 0.0, 0.0, 0.0, 0.0, 0.0, 0.0, 0.0, 0.0, 0.0, 0.0, 0.0, 0.0, 0.0, 0.0, 0.0, 0.0, 0.0, 0.0, 0.0, 0.0, 0.0, 0.8874201972530202, 0.0, 0.0, 0.0, 0.0, 0.0, 0.0, 0.0], [0.0, 0.0, 0.0, 0.0, 0.0, 0.0, 0.0, 0.0, 0.0, 0.0, 0.0, 0.0, 0.10504678026341221, 0.0, 1.3726606206004421, 0.0, 0.0, 1.446259184565424, 0.0, 0.0, 0.0, 0.0, 0.0, 0.0, 0.0, 0.0, 0.0, 0.0, 0.0, 0.0, 0.0, 0.0, 0.0, 0.0, 0.0, 0.0, 0.0, 0.9655239475539689, 0.0, 0.0, 0.0, 0.0, 0.0, 0.0], [0.0, 0.0, 0.0, 0.0, 0.0, 0.0, 0.0, 0.0, 0.0, 0.0, 0.0, 1.3770316874521804, 0.0, 0.10835813555597038, 0.0, 0.0, 1.446259184565424, 0.0, 0.0, 0.0, 0.0, 0.0, 0.0, 0.0, 0.0, 0.0, 0.0, 0.0, 0.0, 0.0, 0.0, 0.0, 0.0, 0.0, 0.0, 0.0, 0.0, 0.0, 0.9638877898171536, 0.0, 0.0, 0.0, 0.0, 0.0], [0.0, 0.0, 0.0, 0.0, 0.0, 0.0, 0.0, 1.0144824211195524, 0.0, 0.0, 0.0, 0.0, 0.0, 0.0, 0.0, 0.0, 0.0, 0.0, 0.0, 1.3803056888101481, 0.0, 0.0, 0.0, 1.379546798800513, 0.0, 0.0, 0.0, 0.0, 0.0, 0.0, 0.0, 0.0, 0.0, 0.0, 0.0, 0.0, 0.0, 0.0, 0.0, 0.0, 0.0, 0.0, 0.0, 0.0], [0.0, 0.0, 0.0, 0.0, 0.0, 0.0, 0.0, 0.0, 0.0, 0.0, 0.0, 0.0, 0.0, 0.0, 0.0, 0.0, 0.0, 0.0, 1.3803056888101481, 0.0, 1.4432317637501406, 0.0, 0.10977170623926276, 0.0, 0.0, 0.0, 0.0, 0.0, 0.0, 0.0, 0.0, 0.0, 0.0, 0.0, 0.0, 0.0, 0.0, 0.0, 0.0, 0.9684731124699644, 0.0, 0.0, 0.0, 0.0], [0.0, 0.0, 0.0, 0.0, 0.0, 0.0, 0.0, 0.0, 0.0, 0.0, 0.0, 0.0, 0.0, 0.0, 0.0, 0.0, 0.0, 0.0, 0.0, 1.4432317637501406, 0.0, 1.4370946254004144, 0.0, 0.11032522076006347, 0.0, 0.0, 0.0, 0.0, 0.0, 0.0, 0.0, 0.0, 0.0, 0.0, 0.0, 0.0, 0.0, 0.0, 0.0, 0.0, 0.9705981369825445, 0.0, 0.0, 0.0], [0.0, 0.0, 0.0, 0.0, 0.0, 0.0, 0.0, 0.0, 0.0, 0.0, 0.0, 0.0, 0.0, 0.0, 0.0, 0.0, 0.0, 0.0, 0.0, 0.0, 1.4370946254004144, 0.0, 1.4366097179630213, 0.0, 0.0, 0.0, 0.0, 0.0, 0.0, 0.0, 0.0, 0.0, 0.0, 0.0, 0.0, 0.0, 0.0, 0.0, 0.0, 0.0, 0.0, 0.9704601036377818, 0.0, 0.0], [0.0, 0.0, 0.0, 0.0, 0.0, 0.0, 0.0, 0.0, 0.0, 0.0, 0.0, 0.0, 0.0, 0.0, 0.0, 0.0, 0.0, 0.0, 0.0, 0.10977170623926276, 0.0, 1.4366097179630213, 0.0, 1.443700034950869, 0.0, 0.0, 0.0, 0.0, 0.0, 0.0, 0.0, 0.0, 0.0, 0.0, 0.0, 0.0, 0.0, 0.0, 0.0, 0.0, 0.0, 0.0, 0.9701472295159204, 0.0], [0.0, 0.0, 0.0, 0.0, 0.0, 0.0, 0.0, 0.0, 0.0, 0.0, 0.0, 0.0, 0.0, 0.0, 0.0, 0.0, 0.0, 0.0, 1.379546798800513, 0.0, 0.11032522076006347, 0.0, 1.443700034950869, 0.0, 0.0, 0.0, 0.0, 0.0, 0.0, 0.0, 0.0, 0.0, 0.0, 0.0, 0.0, 0.0, 0.0, 0.0, 0.0, 0.0, 0.0, 0.0, 0.0, 0.9640892375390887], [0.987555911371755, 0.0, 0.0, 0.0, 0.0, 0.0, 0.0, 0.0, 0.0, 0.0, 0.0, 0.0, 0.0, 0.0, 0.0, 0.0, 0.0, 0.0, 0.0, 0.0, 0.0, 0.0, 0.0, 0.0, 0.0, 0.0, 0.0, 0.0, 0.0, 0.0, 0.0, 0.0, 0.0, 0.0, 0.0, 0.0, 0.0, 0.0, 0.0, 0.0, 0.0, 0.0, 0.0, 0.0], [0.9874143397418775, 0.0, 0.0, 0.0, 0.0, 0.0, 0.0, 0.0, 0.0, 0.0, 0.0, 0.0, 0.0, 0.0, 0.0, 0.0, 0.0, 0.0, 0.0, 0.0, 0.0, 0.0, 0.0, 0.0, 0.0, 0.0, 0.0, 0.0, 0.0, 0.0, 0.0, 0.0, 0.0, 0.0, 0.0, 0.0, 0.0, 0.0, 0.0, 0.0, 0.0, 0.0, 0.0, 0.0], [0.9870425238295377, 0.0, 0.0, 0.0, 0.0, 0.0, 0.0, 0.0, 0.0, 0.0, 0.0, 0.0, 0.0, 0.0, 0.0, 0.0, 0.0, 0.0, 0.0, 0.0, 0.0, 0.0, 0.0, 0.0, 0.0, 0.0, 0.0, 0.0, 0.0, 0.0, 0.0, 0.0, 0.0, 0.0, 0.0, 0.0, 0.0, 0.0, 0.0, 0.0, 0.0, 0.0, 0.0, 0.0], [0.0, 0.977778170770141, 0.0, 0.0, 0.0, 0.0, 0.0, 0.0, 0.0, 0.0, 0.0, 0.0, 0.0, 0.0, 0.0, 0.0, 0.0, 0.0, 0.0, 0.0, 0.0, 0.0, 0.0, 0.0, 0.0, 0.0, 0.0, 0.0, 0.0, 0.0, 0.0, 0.0, 0.0, 0.0, 0.0, 0.0, 0.0, 0.0, 0.0, 0.0, 0.0, 0.0, 0.0, 0.0], [0.0, 0.9779268801847727, 0.0, 0.0, 0.0, 0.0, 0.0, 0.0, 0.0, 0.0, 0.0, 0.0, 0.0, 0.0, 0.0, 0.0, 0.0, 0.0, 0.0, 0.0, 0.0, 0.0, 0.0, 0.0, 0.0, 0.0, 0.0, 0.0, 0.0, 0.0, 0.0, 0.0, 0.0, 0.0, 0.0, 0.0, 0.0, 0.0, 0.0, 0.0, 0.0, 0.0, 0.0, 0.0], [0.0, 0.0, 0.9764211243410469, 0.0, 0.0, 0.0, 0.0, 0.0, 0.0, 0.0, 0.0, 0.0, 0.0, 0.0, 0.0, 0.0, 0.0, 0.0, 0.0, 0.0, 0.0, 0.0, 0.0, 0.0, 0.0, 0.0, 0.0, 0.0, 0.0, 0.0, 0.0, 0.0, 0.0, 0.0, 0.0, 0.0, 0.0, 0.0, 0.0, 0.0, 0.0, 0.0, 0.0, 0.0], [0.0, 0.0, 0.9742190692998833, 0.0, 0.0, 0.0, 0.0, 0.0, 0.0, 0.0, 0.0, 0.0, 0.0, 0.0, 0.0, 0.0, 0.0, 0.0, 0.0, 0.0, 0.0, 0.0, 0.0, 0.0, 0.0, 0.0, 0.0, 0.0, 0.0, 0.0, 0.0, 0.0, 0.0, 0.0, 0.0, 0.0, 0.0, 0.0, 0.0, 0.0, 0.0, 0.0, 0.0, 0.0], [0.0, 0.0, 0.0, 0.970645319437262, 0.0, 0.0, 0.0, 0.0, 0.0, 0.0, 0.0, 0.0, 0.0, 0.0, 0.0, 0.0, 0.0, 0.0, 0.0, 0.0, 0.0, 0.0, 0.0, 0.0, 0.0, 0.0, 0.0, 0.0, 0.0, 0.0, 0.0, 0.0, 0.0, 0.0, 0.0, 0.0, 0.0, 0.0, 0.0, 0.0, 0.0, 0.0, 0.0, 0.0], [0.0, 0.0, 0.0, 0.9766961303636654, 0.0, 0.0, 0.0, 0.0, 0.0, 0.0, 0.0, 0.0, 0.0, 0.0, 0.0, 0.0, 0.0, 0.0, 0.0, 0.0, 0.0, 0.0, 0.0, 0.0, 0.0, 0.0, 0.0, 0.0, 0.0, 0.0, 0.0, 0.0, 0.0, 0.0, 0.0, 0.0, 0.0, 0.0, 0.0, 0.0, 0.0, 0.0, 0.0, 0.0], [0.0, 0.0, 0.0, 0.0, 0.9225160125619052, 0.0, 0.0, 0.0, 0.0, 0.0, 0.0, 0.0, 0.0, 0.0, 0.0, 0.0, 0.0, 0.0, 0.0, 0.0, 0.0, 0.0, 0.0, 0.0, 0.0, 0.0, 0.0, 0.0, 0.0, 0.0, 0.0, 0.0, 0.0, 0.0, 0.0, 0.0, 0.0, 0.0, 0.0, 0.0, 0.0, 0.0, 0.0, 0.0], [0.0, 0.0, 0.0, 0.0, 0.0, 0.0, 0.0, 0.0, 0.0, 0.0, 0.0, 0.0, 0.9680928584131784, 0.0, 0.0, 0.0, 0.0, 0.0, 0.0, 0.0, 0.0, 0.0, 0.0, 0.0, 0.0, 0.0, 0.0, 0.0, 0.0, 0.0, 0.0, 0.0, 0.0, 0.0, 0.0, 0.0, 0.0, 0.0, 0.0, 0.0, 0.0, 0.0, 0.0, 0.0], [0.0, 0.0, 0.0, 0.0, 0.0, 0.0, 0.0, 0.0, 0.0, 0.0, 0.0, 0.0, 0.0, 0.9669502597209176, 0.0, 0.0, 0.0, 0.0, 0.0, 0.0, 0.0, 0.0, 0.0, 0.0, 0.0, 0.0, 0.0, 0.0, 0.0, 0.0, 0.0, 0.0, 0.0, 0.0, 0.0, 0.0, 0.0, 0.0, 0.0, 0.0, 0.0, 0.0, 0.0, 0.0], [0.0, 0.0, 0.0, 0.0, 0.0, 0.0, 0.0, 0.0, 0.0, 0.0, 0.0, 0.0, 0.0, 0.0, 0.0, 0.8874201972530202, 0.0, 0.0, 0.0, 0.0, 0.0, 0.0, 0.0, 0.0, 0.0, 0.0, 0.0, 0.0, 0.0, 0.0, 0.0, 0.0, 0.0, 0.0, 0.0, 0.0, 0.0, 0.0, 0.0, 0.0, 0.0, 0.0, 0.0, 0.0], [0.0, 0.0, 0.0, 0.0, 0.0, 0.0, 0.0, 0.0, 0.0, 0.0, 0.0, 0.0, 0.0, 0.0, 0.0, 0.0, 0.9655239475539689, 0.0, 0.0, 0.0, 0.0, 0.0, 0.0, 0.0, 0.0, 0.0, 0.0, 0.0, 0.0, 0.0, 0.0, 0.0, 0.0, 0.0, 0.0, 0.0, 0.0, 0.0, 0.0, 0.0, 0.0, 0.0, 0.0, 0.0], [0.0, 0.0, 0.0, 0.0, 0.0, 0.0, 0.0, 0.0, 0.0, 0.0, 0.0, 0.0, 0.0, 0.0, 0.0, 0.0, 0.0, 0.9638877898171536, 0.0, 0.0, 0.0, 0.0, 0.0, 0.0, 0.0, 0.0, 0.0, 0.0, 0.0, 0.0, 0.0, 0.0, 0.0, 0.0, 0.0, 0.0, 0.0, 0.0, 0.0, 0.0, 0.0, 0.0, 0.0, 0.0], [0.0, 0.0, 0.0, 0.0, 0.0, 0.0, 0.0, 0.0, 0.0, 0.0, 0.0, 0.0, 0.0, 0.0, 0.0, 0.0, 0.0, 0.0, 0.0, 0.9684731124699644, 0.0, 0.0, 0.0, 0.0, 0.0, 0.0, 0.0, 0.0, 0.0, 0.0, 0.0, 0.0, 0.0, 0.0, 0.0, 0.0, 0.0, 0.0, 0.0, 0.0, 0.0, 0.0, 0.0, 0.0], [0.0, 0.0, 0.0, 0.0, 0.0, 0.0, 0.0, 0.0, 0.0, 0.0, 0.0, 0.0, 0.0, 0.0, 0.0, 0.0, 0.0, 0.0, 0.0, 0.0, 0.9705981369825445, 0.0, 0.0, 0.0, 0.0, 0.0, 0.0, 0.0, 0.0, 0.0, 0.0, 0.0, 0.0, 0.0, 0.0, 0.0, 0.0, 0.0, 0.0, 0.0, 0.0, 0.0, 0.0, 0.0], [0.0, 0.0, 0.0, 0.0, 0.0, 0.0, 0.0, 0.0, 0.0, 0.0, 0.0, 0.0, 0.0, 0.0, 0.0, 0.0, 0.0, 0.0, 0.0, 0.0, 0.0, 0.9704601036377818, 0.0, 0.0, 0.0, 0.0, 0.0, 0.0, 0.0, 0.0, 0.0, 0.0, 0.0, 0.0, 0.0, 0.0, 0.0, 0.0, 0.0, 0.0, 0.0, 0.0, 0.0, 0.0], [0.0, 0.0, 0.0, 0.0, 0.0, 0.0, 0.0, 0.0, 0.0, 0.0, 0.0, 0.0, 0.0, 0.0, 0.0, 0.0, 0.0, 0.0, 0.0, 0.0, 0.0, 0.0, 0.9701472295159204, 0.0, 0.0, 0.0, 0.0, 0.0, 0.0, 0.0, 0.0, 0.0, 0.0, 0.0, 0.0, 0.0, 0.0, 0.0, 0.0, 0.0, 0.0, 0.0, 0.0, 0.0], [0.0, 0.0, 0.0, 0.0, 0.0, 0.0, 0.0, 0.0, 0.0, 0.0, 0.0, 0.0, 0.0, 0.0, 0.0, 0.0, 0.0, 0.0, 0.0, 0.0, 0.0, 0.0, 0.0, 0.9640892375390887, 0.0, 0.0, 0.0, 0.0, 0.0, 0.0, 0.0, 0.0, 0.0, 0.0, 0.0, 0.0, 0.0, 0.0, 0.0, 0.0, 0.0, 0.0, 0.0, 0.0]], "Born radii": [], "Atomic SASAs": [], "Solvent H bonds": [], "Total SASA": NaN, "Total FOD": 0.0, "FOD": [0.0, 0.0, 0.0, 0.0, 0.0, 0.0, 0.0, 0.0, 0.0, 0.0, 0.0, 0.0, 0.0, 0.0, 0.0, 0.0, 0.0, 0.0, 0.0, 0.0, 0.0, 0.0, 0.0, 0.0, 0.0, 0.0, 0.0, 0.0, 0.0, 0.0, 0.0, 0.0, 0.0, 0.0, 0.0, 0.0, 0.0, 0.0, 0.0, 0.0, 0.0, 0.0, 0.0, 0.0], "FOD s proportion": [0.0, 0.0, 0.0, 0.0, 0.0, 0.0, 0.0, 0.0, 0.0, 0.0, 0.0, 0.0, 0.0, 0.0, 0.0, 0.0, 0.0, 0.0, 0.0, 0.0, 0.0, 0.0, 0.0, 0.0, 0.0, 0.0, 0.0, 0.0, 0.0, 0.0, 0.0, 0.0, 0.0, 0.0, 0.0, 0.0, 0.0, 0.0, 0.0, 0.0, 0.0, 0.0, 0.0, 0.0], "FOD p proportion": [0.0, 0.0, 0.0, 0.0, 0.0, 0.0, 0.0, 0.0, 0.0, 0.0, 0.0, 0.0, 0.0, 0.0, 0.0, 0.0, 0.0, 0.0, 0.0, 0.0, 0.0, 0.0, 0.0, 0.0, 0.0, 0.0, 0.0, 0.0, 0.0, 0.0, 0.0, 0.0, 0.0, 0.0, 0.0, 0.0, 0.0, 0.0, 0.0, 0.0, 0.0, 0.0, 0.0, 0.0], "FOD d proportion": [0.0, 0.0, 0.0, 0.0, 0.0, 0.0, 0.0, 0.0, 0.0, 0.0, 0.0, 0.0, 0.0, 0.0, 0.0, 0.0, 0.0, 0.0, 0.0, 0.0, 0.0, 0.0, 0.0, 0.0, 0.0, 0.0, 0.0, 0.0, 0.0, 0.0, 0.0, 0.0, 0.0, 0.0, 0.0, 0.0, 0.0, 0.0, 0.0, 0.0, 0.0, 0.0, 0.0, 0.0], "coordinates": [["6.32090", "-0.38100", "-0.61790"], ["5.08350", "0.48480", "-0.44220"], ["3.92230", "-0.31180", "0.15390"], ["2.67910", "0.56650", "0.32990"], ["1.50960", "-0.19920", "0.95320"], ["0.50710", "0.75040", "1.55880"], ["0.78820", "1.56270", "2.42940"], ["-0.70690", "0.55810", "0.88220"], ["-0.59720", "-0.53510", "-0.01610"], ["0.73260", "-0.97980", "-0.07620"], ["1.21470", "-1.87860", "-0.75150"], ["-1.68830", "-1.42260", "-0.28720"], ["-2.88100", "-1.35700", "0.45230"], ["-3.94650", "-2.22110", "0.18060"], ["-3.83070", "-3.16100", "-0.83250"], ["-4.89130", "-3.98390", "-1.06270"], ["-2.66550", "-3.25060", "-1.58110"], ["-1.60120", "-2.38330", "-1.30740"], ["-1.61110", "1.64750", "0.66400"], ["-2.32060", "1.77470", "-0.54160"], ["-3.20850", "2.83530", "-0.74950"], ["-3.40220", "3.78850", "0.24470"], ["-2.70840", "3.68120", "1.44560"], ["-1.82090", "2.61990", "1.65260"], ["6.65780", "-0.78330", "0.34280"], ["6.11990", "-1.22070", "-1.29090"], ["7.13840", "0.20830", "-1.04500"], ["5.32760", "1.33220", "0.20890"], ["4.79160", "0.89650", "-1.41540"], ["4.22140", "-0.72160", "1.12630"], ["3.69530", "-1.16180", "-0.49870"], ["2.94690", "1.42280", "0.96170"], ["2.38370", "0.97970", "-0.64340"], ["1.83350", "-0.88480", "1.74440"], ["-3.00300", "-0.65070", "1.26900"], ["-4.86100", "-2.16060", "0.76440"], ["-4.66010", "-4.59790", "-1.77910"], ["-2.56150", "-3.97860", "-2.37980"], ["-0.71230", "-2.46440", "-1.92870"], ["-2.18440", "1.06660", "-1.35440"], ["-3.74480", "2.91590", "-1.69180"], ["-4.09150", "4.61350", "0.08430"], ["-2.85680", "4.42120", "2.22850"], ["-1.31840", "2.56310", "2.61530"]], "bond_dist": [[0.0, 1.520407474988202, 2.5206637697241576, 3.8805654652382815, 5.064584300808902, 6.310179022024652, 6.608689451774837, 7.247218891409311, 6.945935333704166, 5.646334848377308, 5.322962817829935, 8.083413739875004, 9.315195523981233, 10.461504338287108, 10.527556018373875, 11.785251982456717, 9.4824966838908, 8.200261212302935, 8.287020203909243, 8.906648439789235, 10.058397914678062, 10.614493987939321, 10.11374112680367, 8.96936331631181, 1.0946649670104547, 1.0947264909556174, 1.0945296478396553, 2.1459956593618728, 2.1463389736945095, 2.750662147556475, 2.7418301625009525, 4.139167380041547, 4.165777067967031, 5.09617842014975, 9.516734781951213, 11.406691766678012, 11.82002504438971, 9.743923600377828, 7.4514867268217015, 8.658989900675483, 10.646179000467725, 11.569623539683562, 10.742127121292134, 8.802284450073175], [1.520407474988202, 0.0, 1.529147543567984, 2.5266485034527455, 3.8971474657754483, 5.001797808788355, 5.278025867689548, 5.940382177099382, 5.7872367940149125, 4.605359917530876, 4.544110417892594, 7.037007531614557, 8.223479661311261, 9.447257520042523, 9.638835685392714, 10.947645179672202, 8.67740210950259, 7.325283799280407, 6.884273301518468, 7.51627694939456, 8.624183876750308, 9.131997031865483, 8.631017750532088, 7.524465323861889, 2.1685762841090006, 2.1686739957863654, 2.1592670284149666, 1.096176436528354, 1.096275850322354, 2.1584275804390565, 2.1544333477738404, 2.723203769459788, 2.7521496125755953, 4.149641396554647, 8.343203697621197, 10.360844800015103, 11.070631502312775, 9.062133210232565, 6.670739129211994, 7.347990915209409, 9.241787070691469, 10.074918904884546, 9.256146473560149, 7.392696446493661], [2.5206637697241576, 1.529147543567984, 0.0, 1.5322966847187263, 2.54414632833884, 3.8426037904004624, 4.302816904075748, 4.766197597666299, 4.528205289074249, 3.2670102693441287, 3.2566407784709694, 5.7364865736790485, 6.889584638423423, 8.097169432585686, 8.318649806308715, 9.625174228552957, 7.419291022732563, 6.077463466776251, 5.8921620870441105, 6.6189880578529525, 7.84657113712735, 8.39458188238104, 7.8472109937225465, 6.6200689437497555, 2.7822573047797, 2.782623224585032, 3.4714787094262873, 2.163476158870257, 2.16295489319588, 1.096794698200169, 1.0954066642119717, 2.14773908098726, 2.161237955432025, 2.687211322170253, 7.022683341145321, 8.996506576443993, 9.785945634939937, 7.867955285205936, 5.518190525887992, 6.439467395678, 8.52109606740823, 9.406615474760303, 8.524168638054974, 6.464400703854921], [3.8805654652382815, 2.5266485034527455, 1.5322966847187263, 0.0, 1.530532466169862, 2.502318608810637, 2.995966872313511, 3.430758203371377, 3.47381350247822, 2.5188932391032375, 3.0483450149220315, 4.838544613827592, 5.884687419056343, 7.189685640554808, 7.590976620303873, 8.941836001627406, 6.840096678410328, 5.450049487848712, 4.43689078635028, 5.21692050734914, 6.401280462532477, 6.88264140646598, 6.322285886449616, 5.120154963475227, 4.201449766449671, 4.20240182752673, 4.6801724049440745, 2.7596176800419294, 2.7600051340531957, 2.1615142516300927, 2.169391917104883, 1.097332114721883, 1.0978653332717998, 2.1959328997034495, 5.886403406155579, 8.029879991008583, 9.21860971079696, 7.447435562661822, 5.078309042388027, 5.17113128338471, 7.132562124510378, 7.8917395243380914, 7.007822975789272, 5.018911333147857], [5.064584300808902, 3.8971474657754483, 2.54414632833884, 1.530532466169862, 0.0, 1.5078122462694086, 2.409123494136405, 2.343377165545487, 2.343283495439679, 1.5075575345571393, 2.411089475734984, 3.6416842435883976, 4.568234889976653, 5.869754473570423, 6.36237281366001, 7.704500484132635, 5.758921640376782, 4.422406789294717, 3.6376786581555005, 4.5608267112443555, 5.862409500367575, 6.366278566006989, 5.752519962590307, 4.41913061811936, 5.2170608785023775, 5.228222752523079, 5.986839644587117, 4.1804655781383975, 4.193131103364167, 2.767078714095427, 2.7949770768290745, 2.167207313572008, 2.168637263352265, 1.0958813850047822, 4.546112696579353, 6.66837909540242, 8.054763998404919, 6.478163981407078, 4.286410883244862, 4.535736257764554, 6.656469963126102, 7.4356835401999195, 6.483821034698598, 4.288410159954386], [6.310179022024652, 5.001797808788355, 3.8426037904004624, 2.502318608810637, 1.5078122462694086, 0.0, 1.2234348613636934, 1.4030548278666801, 2.313503566022754, 2.3911644213646204, 3.570689688281523, 3.5985311114397773, 4.140615729574528, 5.528453712386493, 6.311408281041562, 7.6438590580936285, 5.994360997637696, 4.741319122354031, 2.468243644780636, 3.66834539540649, 4.845692959732385, 5.1224541881797245, 4.352222780373266, 2.9872081765421035, 6.454610923982947, 6.596176857847278, 7.14477337219313, 5.039637040502024, 5.217676791446553, 4.018689430647758, 4.249050991692145, 2.6002450288386285, 2.9023939928962093, 2.113684782553917, 3.7904969674173334, 6.1580427060877065, 8.151432091356709, 6.8769409565591015, 4.897400499244472, 3.9788049625484283, 5.773598896702125, 6.184239146410818, 5.0238524998252085, 2.781101182984898], [6.608689451774837, 5.278025867689548, 4.302816904075748, 2.995966872313511, 2.409123494136405, 1.2234348613636934, 0.0, 2.3745258495118553, 3.50721659582068, 3.5700740846654706, 4.705589522047158, 4.735502497095741, 5.088870320611441, 6.464644458127609, 7.368009942311424, 8.672730493910208, 7.154020605925035, 5.936650789797224, 2.980011525145499, 4.305394574252167, 5.262938994516277, 5.223653117311677, 4.205010850164361, 2.9203583495865706, 6.656562154746248, 7.072126451075377, 7.364162868921355, 5.0586463466030125, 5.590484866270546, 4.324691704618955, 4.94448179994628, 2.614134845412531, 3.5110695079989513, 2.748114506347943, 4.5408000572586324, 6.967686024068535, 9.238421807863073, 8.065661809175984, 6.120626623965882, 4.837314173175027, 6.274036075764946, 6.214366157541733, 4.63652974324548, 2.3394705661751765], [7.247218891409311, 5.940382177099382, 4.766197597666299, 3.430758203371377, 2.343377165545487, 1.4030548278666801, 2.3745258495118553, 0.0, 1.4191769516166755, 2.3142660218738897, 3.50699716851896, 2.5007628456133144, 2.9290156759566854, 4.325644849036962, 5.150730757863393, 6.4746894419732595, 4.940663572841203, 3.7743813546063416, 1.4324738182598662, 2.4721144168504825, 3.7558071422798056, 4.255177140848545, 3.7519562124310566, 2.4668869856562137, 7.505272307518228, 7.381848771818616, 8.08611105352876, 6.121090911757479, 5.968834272284664, 5.097583524573188, 4.923850694324514, 3.755566639004026, 3.4723205900377345, 3.0461420534833894, 2.623525660251868, 4.966060142608021, 7.021014451630192, 5.887430003830194, 4.127553054777128, 2.7283617905255895, 4.62747590485353, 5.342137281088909, 4.621486266343328, 2.7198516246295497], [6.945935333704166, 5.7872367940149125, 4.528205289074249, 3.47381350247822, 2.343283495439679, 2.313503566022754, 3.50721659582068, 1.4191769516166755, 0.0, 1.4034735978991555, 2.3725064847118964, 1.4323584293046205, 2.47197504234974, 3.7548764799923844, 4.244688683519676, 5.606147323251505, 3.755133837827888, 2.4680589397338144, 2.5008542500513697, 2.929408447110099, 4.3262407942693155, 5.160383571014853, 4.936690999039742, 3.7730659124907953, 7.268110995987884, 6.871287711193587, 7.839055180951337, 6.216163553993733, 5.748624573756752, 4.95568017228715, 4.364769398261494, 4.165346331339088, 3.4020419074432344, 3.02158118044179, 2.7299668514471014, 4.6294082710428555, 6.010130551826641, 4.615543784864358, 2.7190964050581217, 2.622154385233639, 4.962333851122876, 6.223206135907761, 5.891428605185672, 4.128345751024252], [5.646334848377308, 4.605359917530876, 3.2670102693441287, 2.5188932391032375, 1.5075575345571393, 2.3911644213646204, 3.5700740846654706, 2.3142660218738897, 1.4034735978991555, 0.0, 1.2232301255283078, 2.470091020590132, 3.6714706930602077, 4.847757083435596, 5.114032657306756, 6.451825344040243, 4.355265808191275, 2.9886933817305517, 3.5977119145367933, 4.13834479592989, 5.526354142651374, 6.319512065025274, 5.990098266305821, 4.739931621869665, 5.9432456023624, 5.527796142225219, 6.586685713619559, 5.151761932581901, 4.667915951471278, 3.6992430212139347, 2.9982030518295457, 3.4282426489383737, 2.624402274804684, 2.1296925059735736, 3.9840403122960493, 5.77834387692529, 6.713548190785555, 5.015024347897027, 2.77912385834097, 3.7855563923946507, 6.15091477830737, 7.388010960332964, 6.882313233935229, 4.89927685071991], [5.322962817829935, 4.544110417892594, 3.2566407784709694, 3.0483450149220315, 2.411089475734984, 3.570689688281523, 4.705589522047158, 3.50699716851896, 2.3725064847118964, 1.2232301255283078, 0.0, 2.9750494937059444, 4.300692908125387, 5.255863592217743, 5.2064548322250905, 6.466248489657662, 4.198401148056246, 2.9142820230718924, 4.73520507475653, 5.08812391653348, 6.464174769450467, 7.377276086740959, 7.150478170024715, 5.935576334274542, 5.659020426716977, 4.978430657345747, 6.287409287616005, 5.305426581341034, 4.575604531643879, 3.728944452522725, 2.5944337416862275, 4.1030248646577805, 3.0900041262108373, 2.7568222086307994, 4.835199266834821, 6.2683017875657505, 6.554679953285286, 4.6174719630984224, 2.332871723863102, 4.537793765697158, 6.9618987776324355, 8.426249609998507, 8.071244779462457, 6.122143149257456], [8.083413739875004, 7.037007531614557, 5.7364865736790485, 4.838544613827592, 3.6416842435883976, 3.5985311114397773, 4.735502497095741, 2.5007628456133144, 1.4323584293046205, 2.470091020590132, 2.9750494937059444, 0.0, 1.4048832335820653, 2.440472562845155, 2.8123414461974567, 4.173831206457684, 2.4434977082043683, 1.4040437813686582, 3.2150047107274977, 3.269135962299519, 4.544715804096006, 5.5114366575331335, 5.485615215269842, 4.485778979174075, 8.394223591256074, 7.875034256433429, 9.008036886025721, 7.553667391406641, 6.974250071513065, 6.1166933338201614, 5.39406135022582, 5.580423945364724, 4.741213740172447, 4.101183078088566, 2.178537155983345, 3.4229419875306095, 4.597813713059719, 3.4168097693608876, 2.1754184631927713, 2.7533884015881234, 5.002466957412112, 6.507525313051038, 6.468704443704318, 4.944404590039128], [9.315195523981233, 8.223479661311261, 6.889584638423423, 5.884687419056343, 4.568234889976653, 4.140615729574528, 5.088870320611441, 2.9290156759566854, 2.47197504234974, 3.6714706930602077, 4.300692908125387, 1.4048832335820653, 0.0, 1.3984920271492431, 2.4097836272163526, 3.6382873305993857, 2.7869116903841786, 2.405768862546857, 3.2687127665183433, 3.333081196130691, 4.373437867399056, 5.175994344085009, 5.138082802952868, 4.287221210761114, 9.556664029879883, 9.169161615982128, 10.250875462125173, 8.641305119019927, 8.211903329922972, 7.162548074533252, 6.647572920246907, 6.476974201739574, 5.863257752308011, 4.91111041415279, 1.0866197955126715, 2.159532210919763, 4.318307027065121, 3.872422655134638, 3.4056945620533856, 3.1021369102604095, 4.858084978672151, 6.103081557705091, 6.045086212784727, 4.742095714976659], [10.461504338287108, 9.447257520042523, 8.097169432585686, 7.189685640554808, 5.869754473570423, 5.528453712386493, 6.464644458127609, 4.325644849036962, 3.7548764799923844, 4.847757083435596, 5.255863592217743, 2.440472562845155, 1.3984920271492431, 0.0, 1.3867924358028496, 2.354974685638893, 2.4092360075343384, 2.782244584863092, 4.5446490161507525, 4.373961738515781, 5.193930204575337, 6.034539208589169, 6.162001452450332, 5.4881909915745455, 10.702558393673916, 10.222451827717261, 11.413986495961872, 9.931549354959678, 9.413874726699946, 8.358076282853608, 7.744718989091857, 7.836267477568641, 7.14111536666367, 6.135109463571126, 2.1309535353920785, 1.086642968044242, 3.16209223300017, 3.4003940080525963, 3.868900492387986, 4.033632692747321, 5.471319187362405, 6.836816207124483, 7.035729513703607, 5.976892448421672], [10.527556018373875, 9.638835685392714, 8.318649806308715, 7.590976620303873, 6.36237281366001, 6.311408281041562, 7.368009942311424, 5.150730757863393, 4.244688683519676, 5.114032657306756, 5.2064548322250905, 2.8123414461974567, 2.4097836272163526, 1.3867924358028496, 0.0, 1.3619944236302879, 1.3878476717565225, 2.408530163813607, 5.50343607757917, 5.169734936145179, 6.029065891993552, 7.04553208352641, 7.298287315528213, 6.605590273397223, 10.81866071332307, 10.148366125145467, 11.476867758670046, 10.254161062222497, 9.54710091860351, 8.638511689521522, 7.794158009689052, 8.376528985206223, 7.469934582042871, 6.626059288144048, 3.3768321886051726, 2.14765170826184, 1.9101407094766603, 2.1618223076839596, 3.378065209554132, 4.566758703938714, 6.137954782335888, 7.832712756765692, 8.234558825462358, 7.1389282767093265], [11.785251982456717, 10.947645179672202, 9.625174228552957, 8.941836001627406, 7.704500484132635, 7.6438590580936285, 8.672730493910208, 6.4746894419732595, 5.606147323251505, 6.451825344040243, 6.466248489657662, 4.173831206457684, 3.6382873305993857, 2.354974685638893, 1.3619944236302879, 0.0, 2.400136056560128, 3.666954657478055, 6.7419485974011995, 6.327836728298227, 7.0307466687400995, 8.021029567954479, 8.35526057702571, 7.772411767913483, 12.06652317032541, 11.354905324131947, 12.739251792000973, 11.588951763641095, 10.849020871027948, 9.92348847835276, 9.056050130713722, 9.734884667524316, 8.81695879824784, 7.918785655641906, 4.4847211752794625, 2.5814018265275944, 0.9714311092403825, 2.67633117158546, 4.530218234257595, 5.73759067466476, 7.022639752970389, 8.7103717371878, 9.25293973286328, 8.316039165973185], [9.4824966838