{"total energy": -47.6828283, "HOMO-LUMO gap/eV": 3.47392456, "electronic energy": -48.23200744, "dipole": [-0.12644607, 0.91088997, 0.04277454], "partial charges": [-0.10253113, -0.05197185, -0.05711452, -0.05926487, -0.02244287, -0.04606138, -0.10651395, 0.27825194, -0.37894713, -0.17545212, 0.33898082, -0.4210022, -0.17644691, 0.28153348, -0.37863226, 0.03302439, 0.03323724, 0.03917228, 0.03450337, 0.03329788, 0.03141353, 0.03703297, 0.05839329, 0.06721941, 0.05699038, 0.03705374, 0.05188887, 0.04878322, 0.04962145, 0.23322451, 0.23275843], "atomic dipole moments": [[-0.05176097, -0.04745282, -0.08048344], [-0.06269293, 0.03327402, 0.09328122], [0.03707826, 0.11575305, -0.01352012], [-0.11823237, -0.10557003, 0.0084574], [-0.03851437, -0.00475276, -0.0006124], [0.0947478, -0.08626068, 0.07132202], [-0.04711179, -0.08602277, -0.08913273], [-0.07105257, -0.04854819, 0.01187244], [-0.08008092, 0.00658223, 0.16914464], [0.03909104, -0.03326321, 0.05328607], [0.06334131, 0.06542896, -0.00872378], [0.14864189, 0.15395261, -0.02013797], [0.03530139, -0.04805375, -0.05694518], [-0.07729174, -0.05056472, 0.00637394], [-0.11065795, 0.00224599, -0.15067506], [0.12264305, -0.00205684, -0.02259978], [-0.03152493, 0.12116409, 0.01034967], [-0.01845413, -0.0572509, 0.11238909], [0.02217751, 0.05933404, -0.10683193], [0.05018661, -0.1105951, -0.0154549], [-0.04091462, -0.07584653, -0.08962294], [-0.01623115, -0.0683376, 0.10512859], [0.03358921, 0.0675585, -0.10401442], [0.05177875, 0.066295, 0.09634975], [0.00921945, 0.05783987, -0.11310194], [-0.12542692, -0.00068684, 0.01410315], [0.12164279, 0.03585125, -0.02097136], [-0.06665452, 0.10769129, -0.00588539], [-0.01240927, -0.04124285, 0.12310534], [-0.04533469, -0.07639813, -0.10398607], [-0.02577757, -0.06817015, 0.11453787]], "atomic quadrupole moments": [[-0.02199232, 0.07322321, -0.04980937, 0.12057748, 0.12912958, 0.0718017], [0.16973023, 0.10579307, -0.13992638, 0.05247399, 0.11176914, -0.02980385], [0.15257414, -0.07873119, 0.05430753, -0.05369291, 0.00990844, -0.20688167], [0.20575676, -0.06774607, 0.03550832, -0.04241329, 0.0059139, -0.24126508], [-0.02592607, 0.02302432, -0.0367659, 0.01753198, -0.00455078, 0.06269197], [-0.09448895, -0.07753132, 0.19331978, 0.08426882, 0.11528997, -0.09883082], [-0.07508982, 0.06711532, 0.03313729, 0.10090985, 0.16815609, 0.04195253], [-0.02324, -0.28289553, 0.31214685, 0.09171752, -0.19980792, -0.28890685], [-0.02737859, -0.13676301, 0.11643835, 0.02167068, -0.07434618, -0.08905976], [0.02403221, 0.00240458, -0.00676475, -0.07685975, -0.07568025, -0.01726747], [0.11095263, -0.34290729, 0.05766243, 0.00343134, 0.00963806, -0.16861507], [0.06687271, -0.10206866, 0.0522625, -0.00675521, -0.0027747, -0.11913521], [0.05155697, 0.02175541, 0.004226, 0.06439144, 0.06856184, -0.05578297], [-0.08192424, -0.22702057, 0.35116633, -0.11333977, 0.23133986, -0.26924209], [-0.04600481, -0.1161973, 0.13532771, -0.02247199, 0.09046645, -0.0893229], [0.07611722, -0.00303101, -0.04486021, -0.02640343, 0.01526778, -0.03125702], [-0.0273778, -0.04517198, 0.06230948, 0.01122382, 0.00542055, -0.03493168], [-0.03932339, 0.02391948, -0.00549259, -0.0190714, -0.04697451, 0.04481598], [-0.02398363, 0.01604161, -0.00229209, 0.00504498, -0.04339554, 0.02627572], [-0.00280862, -0.02261753, 0.04671241, 0.0130806, 0.00900482, -0.04390379], [0.00177077, 0.00594321, -0.02056479, 0.03467534, 0.03623081, 0.01879402], [-0.02313743, -0.00756954, -0.02226918, -0.01750609, -0.02816469, 0.04540661], [-0.02297567, -0.00943558, -0.01469691, -0.01262357, -0.03651384, 0.03767258], [-0.01741237, -0.00556988, -0.00834989, 0.02189528, 0.03862861, 0.02576226], [-0.03787782, 0.01351776, -0.00463992, -0.02537703, -0.01095986, 0.04251774], [0.0416028, 0.02663222, -0.00799665, -0.02331437, 0.0108397, -0.03360615], [0.06937068, 0.01614393, -0.04345234, -0.02715521, 0.00848641, -0.02591834], [0.00206271, -0.05618203, 0.03819344, 0.02115119, -0.00555227, -0.04025615], [-0.04303567, 0.0152965, -0.0075795, -0.00727922, -0.04528758, 0.05061517], [-0.00529858, 0.03466916, -0.02751912, 0.00782883, 0.01195651, 0.0328177], [-0.00722052, 0.03213621, -0.03217489, -0.00549754, -0.01078848, 0.03939541]], "number of molecular orbitals": 76, "number of electrons": 84, "number of unpaired electrons": 0, "orbital energies/eV": [-20.61845937, -20.28141872, -20.1997171, -19.78503452, -19.39426069, -18.72494046, -18.23992788, -18.10040542, -17.56088833, -17.17882038, -16.9902486, -16.80844303, -16.77369156, -16.33746149, -16.08401189, -15.89400504, -15.6655909, -15.62583139, -15.47379353, -15.3236874, -15.09176911, -14.85340307, -14.59528709, -14.56133325, -14.13852332, -13.95132427, -13.80694127, -13.45649397, -13.34166665, -13.20012685, -12.96634256, -12.86162316, -12.75708646, -12.72970689, -12.59775762, -12.38837146, -12.3758208, -12.02162566, -11.81670959, -11.7665347, -11.60394214, -11.54812712, -8.07420256, -7.1598879, -5.87981372, -0.44503174, 0.05865767, 0.41552468, 1.34360872, 1.62872914, 2.66425549, 2.86750679, 3.17611716, 3.30187948, 3.46922783, 3.5013006, 3.61109901, 3.75424834, 3.88122361, 4.23488357, 4.47419027, 4.70439023, 4.90138529, 5.54893899, 5.85484959, 6.13580989, 6.37157705, 6.74645715, 7.10180185, 7.6809207, 7.84332729, 7.92309469, 11.32394082, 14.11340716, 14.19111052, 16.32154726], "fractional occupation": [2.0, 2.0, 2.0, 2.0, 2.0, 2.0, 2.0, 2.0, 2.0, 2.0, 2.0, 2.0, 2.0, 2.0, 2.0, 2.0, 2.0, 2.0, 2.0, 2.0, 2.0, 2.0, 2.0, 2.0, 2.0, 2.0, 2.0, 2.0, 2.0, 2.0, 2.0, 2.0, 2.0, 2.0, 2.0, 2.0, 2.0, 2.0, 2.0, 2.0, 2.0, 2.0, 0.0, 0.0, 0.0, 0.0, 0.0, 0.0, 0.0, 0.0, 0.0, 0.0, 0.0, 0.0, 0.0, 0.0, 0.0, 0.0, 0.0, 0.0, 0.0, 0.0, 0.0, 0.0, 0.0, 0.0, 0.0, 0.0, 0.0, 0.0, 0.0, 0.0, 0.0, 0.0, 0.0, 0.0], "program call": "xtb /home/svss/Project-DBcg-Debug/aqme2_20220329/End-to-End-workflows-final/example-3/QDESCP/mol_28_rdkit_conf_7/mol_28_rdkit_conf_7.xyz --pop --wbo --acc 0.2 --gfn 2 --chrg 0 --uhf 0 --etemp 300 --input /home/svss/Project-DBcg-Debug/aqme2_20220329/End-to-End-workflows-final/example-3/QDESCP/mol_28_rdkit_conf_7/mol_28_rdkit_conf_7_xtb.inp", "method": "GFN2-xTB", "xtb version": "6.3.3 (7355c4f)", "Dipole module/D": 2.34, "Total charge": 0, "Transition dipole module/D": NaN, "HOMO": -11.5481, "LUMO": -8.0742, "HOMO occupancy": 2.0, "LUMO occupancy": 0, "mulliken charges": [-0.0861, -0.03643, -0.05048, -0.03625, -0.05636, -0.03153, -0.08418, 0.47475, -0.50811, -0.32604, 0.57482, -0.53634, -0.32727, 0.47468, -0.50775, 0.02941, 0.0258, 0.0329, 0.02586, 0.02762, 0.033, 0.03328, 0.0438, 0.04475, 0.05023, 0.03015, 0.03987, 0.04063, 0.04562, 0.28032, 0.27936], "cm5 charges": [-0.23664, -0.14896, -0.15932, -0.13824, -0.05888, -0.13429, -0.23397, 0.57301, -0.55397, -0.66919, 0.74244, -0.57332, -0.67062, 0.57346, -0.55453, 0.08019, 0.07758, 0.08439, 0.08053, 0.08184, 0.09235, 0.09222, 0.10264, 0.10511, 0.10746, 0.09026, 0.09199, 0.09145, 0.0998, 0.48297, 0.48223], "FUKUI+": [0.009, 0.005, 0.005, 0.016, -0.006, -0.003, 0.016, -0.058, -0.149, -0.036, -0.057, -0.151, -0.036, -0.057, -0.148, -0.022, -0.003, -0.005, -0.013, -0.02, 0.003, -0.001, -0.03, -0.03, -0.036, -0.02, -0.027, -0.039, -0.01, -0.05, -0.049], "FUKUI-": [0.015, 0.006, 0.009, 0.008, -0.015, 0.008, 0.011, -0.006, -0.078, -0.025, -0.002, -0.09, -0.025, -0.006, -0.075, -0.051, -0.073, -0.061, -0.072, -0.089, -0.049, -0.045, -0.039, -0.043, -0.041, -0.031, -0.017, -0.037, -0.027, -0.03, -0.029], "FUKUIrad": [0.012, 0.006, 0.007, 0.012, -0.01, 0.002, 0.013, -0.032, -0.113, -0.03, -0.03, -0.121, -0.031, -0.032, -0.111, -0.036, -0.038, -0.033, -0.042, -0.054, -0.023, -0.023, -0.035, -0.037, -0.038, -0.025, -0.022, -0.038, -0.019, -0.04, -0.039], "s proportion": [1.008, 1.027, 1.033, 1.035, 1.106, 1.039, 1.009, 1.013, 1.73, 1.43, 0.938, 1.721, 1.432, 1.013, 1.73, 0.971, 0.974, 0.967, 0.974, 0.972, 0.967, 0.967, 0.956, 0.955, 0.95, 0.97, 0.96, 0.959, 0.954, 0.72, 0.721], "p proportion": [3.079, 3.009, 3.018, 3.001, 2.95, 2.993, 3.075, 2.512, 4.778, 3.896, 2.487, 4.816, 3.895, 2.513, 4.778, 0.0, 0.0, 0.0, 0.0, 0.0, 0.0, 0.0, 0.0, 0.0, 0.0, 0.0, 0.0, 0.0, 0.0, 0.0, 0.0], "d proportion": [0.0, 0.0, 0.0, 0.0, 0.0, 0.0, 0.0, 0.0, 0.0, 0.0, 0.0, 0.0, 0.0, 0.0, 0.0, 0.0, 0.0, 0.0, 0.0, 0.0, 0.0, 0.0, 0.0, 0.0, 0.0, 0.0, 0.0, 0.0, 0.0, 0.0, 0.0], "Fermi-level/eV": -9.8112, "Coordination numbers": [3.749, 3.799, 3.798, 3.801, 3.901, 3.807, 3.748, 2.769, 0.858, 2.696, 2.706, 0.86, 2.696, 2.767, 0.858, 0.924, 0.924, 0.924, 0.924, 0.924, 0.924, 0.924, 0.924, 0.924, 0.923, 0.923, 0.924, 0.924, 0.924, 0.86, 0.86], "Dispersion coefficient C6": [22.524, 21.509, 21.604, 21.641, 20.917, 21.393, 22.603, 22.293, 21.264, 24.798, 21.24, 22.103, 24.82, 22.234, 21.258, 2.544, 2.541, 2.46, 2.524, 2.54, 2.567, 2.489, 2.218, 2.116, 2.235, 2.489, 2.297, 2.335, 2.325, 0.951, 0.953], "Total dispersion C6": 8835.332079, "Total dispersion C8": 195063.418741, "Polarizability alpha": [6.769, 6.603, 6.618, 6.623, 6.501, 6.584, 6.781, 7.733, 6.183, 7.396, 7.543, 6.303, 7.399, 7.722, 6.182, 2.494, 2.493, 2.453, 2.484, 2.492, 2.505, 2.467, 2.329, 2.275, 2.338, 2.467, 2.37, 2.39, 2.384, 1.528, 1.529], "Total polarizability alpha": 139.940991, "Wiberg matrix": [[0.0, 1.0214019654921755, 0.0, 0.0, 0.0, 0.0, 0.0, 0.0, 0.0, 0.0, 0.0, 0.0, 0.0, 0.0, 0.0, 0.9869936120871365, 0.9859215989285819, 0.9868905017911981, 0.0, 0.0, 0.0, 0.0, 0.0, 0.0, 0.0, 0.0, 0.0, 0.0, 0.0, 0.0, 0.0], [1.0214019654921755, 0.0, 1.0061551372405575, 0.0, 0.0, 0.0, 0.0, 0.0, 0.0, 0.0, 0.0, 0.0, 0.0, 0.0, 0.0, 0.0, 0.0, 0.0, 0.9774164391598568, 0.9774181281576917, 0.0, 0.0, 0.0, 0.0, 0.0, 0.0, 0.0, 0.0, 0.0, 0.0, 0.0], [0.0, 1.0061551372405575, 0.0, 1.0064029381872661, 0.0, 0.0, 0.0, 0.0, 0.0, 0.0, 0.0, 0.0, 0.0, 0.0, 0.0, 0.0, 0.0, 0.0, 0.0, 0.0, 0.9768265106824607, 0.9766313008142391, 0.0, 0.0, 0.0, 0.0, 0.0, 0.0, 0.0, 0.0, 0.0], [0.0, 0.0, 1.0064029381872661, 0.0, 0.9738722196145657, 0.0, 0.0, 0.0, 0.0, 0.0, 0.0, 0.0, 0.0, 0.0, 0.0, 0.0, 0.0, 0.0, 0.0, 0.0, 0.0, 0.0, 0.972831475023099, 0.9676783462182876, 0.0, 0.0, 0.0, 0.0, 0.0, 0.0, 0.0], [0.0, 0.0, 0.0, 0.9738722196145657, 0.0, 0.9205981391074415, 0.0, 0.9489665638328362, 0.0, 0.0, 0.0, 0.0, 0.0, 0.9548991468000747, 0.0, 0.0, 0.0, 0.0, 0.0, 0.0, 0.0, 0.0, 0.0, 0.0, 0.0, 0.0, 0.0, 0.0, 0.0, 0.0, 0.0], [0.0, 0.0, 0.0, 0.0, 0.9205981391074415, 0.0, 1.0180188151148923, 0.0, 0.0, 0.0, 0.0, 0.0, 0.0, 0.0, 0.0, 0.0, 0.0, 0.0, 0.0, 0.0, 0.0, 0.0, 0.0, 0.0, 0.9717618497158412, 0.9766942409320318, 0.0, 0.0, 0.0, 0.0, 0.0], [0.0, 0.0, 0.0, 0.0, 0.0, 1.0180188151148923, 0.0, 0.0, 0.0, 0.0, 0.0, 0.0, 0.0, 0.0, 0.0, 0.0, 0.0, 0.0, 0.0, 0.0, 0.0, 0.0, 0.0, 0.0, 0.0, 0.0, 0.9841177647301161, 0.9816871502259981, 0.9858354149523529, 0.0, 0.0], [0.0, 0.0, 0.0, 0.0, 0.9489665638328362, 0.0, 0.0, 0.0, 1.7511729616558351, 1.1398849136769391, 0.0, 0.0, 0.0, 0.0, 0.0, 0.0, 0.0, 0.0, 0.0, 0.0, 0.0, 0.0, 0.0, 0.0, 0.0, 0.0, 0.0, 0.0, 0.0, 0.0, 0.0], [0.0, 0.0, 0.0, 0.0, 0.0, 0.0, 0.0, 1.7511729616558351, 0.0, 0.13427421465383227, 0.0, 0.0, 0.0, 0.0, 0.0, 0.0, 0.0, 0.0, 0.0, 0.0, 0.0, 0.0, 0.0, 0.0, 0.0, 0.0, 0.0, 0.0, 0.0, 0.0, 0.0], [0.0, 0.0, 0.0, 0.0, 0.0, 0.0, 0.0, 1.1398849136769391, 0.13427421465383227, 0.0, 1.1234971527390976, 0.11510112823743077, 0.0, 0.0, 0.0, 0.0, 0.0, 0.0, 0.0, 0.0, 0.0, 0.0, 0.0, 0.0, 0.0, 0.0, 0.0, 0.0, 0.0, 0.9090547924006929, 0.0], [0.0, 0.0, 0.0, 0.0, 0.0, 0.0, 0.0, 0.0, 0.0, 1.1234971527390976, 0.0, 1.6539468208988193, 1.1220674378318296, 0.0, 0.0, 0.0, 0.0, 0.0, 0.0, 0.0, 0.0, 0.0, 0.0, 0.0, 0.0, 0.0, 0.0, 0.0, 0.0, 0.0, 0.0], [0.0, 0.0, 0.0, 0.0, 0.0, 0.0, 0.0, 0.0, 0.0, 0.11510112823743077, 1.6539468208988193, 0.0, 0.11576317614619439, 0.0, 0.0, 0.0, 0.0, 0.0, 0.0, 0.0, 0.0, 0.0, 0.0, 0.0, 0.0, 0.0, 0.0, 0.0, 0.0, 0.0, 0.0], [0.0, 0.0, 0.0, 0.0, 0.0, 0.0, 0.0, 0.0, 0.0, 0.0, 1.1220674378318296, 0.11576317614619439, 0.0, 1.1349778816156195, 0.1325844173223294, 0.0, 0.0, 0.0, 0.0, 0.0, 0.0, 0.0, 0.0, 0.0, 0.0, 0.0, 0.0, 0.0, 0.0, 0.0, 0.908922981630061], [0.0, 0.0, 0.0, 0.0, 0.9548991468000747, 0.0, 0.0, 0.0, 0.0, 0.0, 0.0, 0.0, 1.1349778816156195, 0.0, 1.7532682482638995, 0.0, 0.0, 0.0, 0.0, 0.0, 0.0, 0.0, 0.0, 0.0, 0.0, 0.0, 0.0, 0.0, 0.0, 0.0, 0.0], [0.0, 0.0, 0.0, 0.0, 0.0, 0.0, 0.0, 0.0, 0.0, 0.0, 0.0, 0.0, 0.1325844173223294, 1.7532682482638995, 0.0, 0.0, 0.0, 0.0, 0.0, 0.0, 0.0, 0.0, 0.0, 0.0, 0.0, 0.0, 0.0, 0.0, 0.0, 0.0, 0.0], [0.9869936120871365, 0.0, 0.0, 0.0, 0.0, 0.0, 0.0, 0.0, 0.0, 0.0, 0.0, 0.0, 0.0, 0.0, 0.0, 0.0, 0.0, 0.0, 0.0, 0.0, 0.0, 0.0, 0.0, 0.0, 0.0, 0.0, 0.0, 0.0, 0.0, 0.0, 0.0], [0.9859215989285819, 0.0, 0.0, 0.0, 0.0, 0.0, 0.0, 0.0, 0.0, 0.0, 0.0, 0.0, 0.0, 0.0, 0.0, 0.0, 0.0, 0.0, 0.0, 0.0, 0.0, 0.0, 0.0, 0.0, 0.0, 0.0, 0.0, 0.0, 0.0, 0.0, 0.0], [0.9868905017911981, 0.0, 0.0, 0.0, 0.0, 0.0, 0.0, 0.0, 0.0, 0.0, 0.0, 0.0, 0.0, 0.0, 0.0, 0.0, 0.0, 0.0, 0.0, 0.0, 0.0, 0.0, 0.0, 0.0, 0.0, 0.0, 0.0, 0.0, 0.0, 0.0, 0.0], [0.0, 0.9774164391598568, 0.0, 0.0, 0.0, 0.0, 0.0, 0.0, 0.0, 0.0, 0.0, 0.0, 0.0, 0.0, 0.0, 0.0, 0.0, 0.0, 0.0, 0.0, 0.0, 0.0, 0.0, 0.0, 0.0, 0.0, 0.0, 0.0, 0.0, 0.0, 0.0], [0.0, 0.9774181281576917, 0.0, 0.0, 0.0, 0.0, 0.0, 0.0, 0.0, 0.0, 0.0, 0.0, 0.0, 0.0, 0.0, 0.0, 0.0, 0.0, 0.0, 0.0, 0.0, 0.0, 0.0, 0.0, 0.0, 0.0, 0.0, 0.0, 0.0, 0.0, 0.0], [0.0, 0.0, 0.9768265106824607, 0.0, 0.0, 0.0, 0.0, 0.0, 0.0, 0.0, 0.0, 0.0, 0.0, 0.0, 0.0, 0.0, 0.0, 0.0, 0.0, 0.0, 0.0, 0.0, 0.0, 0.0, 0.0, 0.0, 0.0, 0.0, 0.0, 0.0, 0.0], [0.0, 0.0, 0.9766313008142391, 0.0, 0.0, 0.0, 0.0, 0.0, 0.0, 0.0, 0.0, 0.0, 0.0, 0.0, 0.0, 0.0, 0.0, 0.0, 0.0, 0.0, 0.0, 0.0, 0.0, 0.0, 0.0, 0.0, 0.0, 0.0, 0.0, 0.0, 0.0], [0.0, 0.0, 0.0, 0.972831475023099, 0.0, 0.0, 0.0, 0.0, 0.0, 0.0, 0.0, 0.0, 0.0, 0.0, 0.0, 0.0, 0.0, 0.0, 0.0, 0.0, 0.0, 0.0, 0.0, 0.0, 0.0, 0.0, 0.0, 0.0, 0.0, 0.0, 0.0], [0.0, 0.0, 0.0, 0.9676783462182876, 0.0, 0.0, 0.0, 0.0, 0.0, 0.0, 0.0, 0.0, 0.0, 0.0, 0.0, 0.0, 0.0, 0.0, 0.0, 0.0, 0.0, 0.0, 0.0, 0.0, 0.0, 0.0, 0.0, 0.0, 0.0, 0.0, 0.0], [0.0, 0.0, 0.0, 0.0, 0.0, 0.9717618497158412, 0.0, 0.0, 0.0, 0.0, 0.0, 0.0, 0.0, 0.0, 0.0, 0.0, 0.0, 0.0, 0.0, 0.0, 0.0, 0.0, 0.0, 0.0, 0.0, 0.0, 0.0, 0.0, 0.0, 0.0, 0.0], [0.0, 0.0, 0.0, 0.0, 0.0, 0.9766942409320318, 0.0, 0.0, 0.0, 0.0, 0.0, 0.0, 0.0, 0.0, 0.0, 0.0, 0.0, 0.0, 0.0, 0.0, 0.0, 0.0, 0.0, 0.0, 0.0, 0.0, 0.0, 0.0, 0.0, 0.0, 0.0], [0.0, 0.0, 0.0, 0.0, 0.0, 0.0, 0.9841177647301161, 0.0, 0.0, 0.0, 0.0, 0.0, 0.0, 0.0, 0.0, 0.0, 0.0, 0.0, 0.0, 0.0, 0.0, 0.0, 0.0, 0.0, 0.0, 0.0, 0.0, 0.0, 0.0, 0.0, 0.0], [0.0, 0.0, 0.0, 0.0, 0.0, 0.0, 0.9816871502259981, 0.0, 0.0, 0.0, 0.0, 0.0, 0.0, 0.0, 0.0, 0.0, 0.0, 0.0, 0.0, 0.0, 0.0, 0.0, 0.0, 0.0, 0.0, 0.0, 0.0, 0.0, 0.0, 0.0, 0.0], [0.0, 0.0, 0.0, 0.0, 0.0, 0.0, 0.9858354149523529, 0.0, 0.0, 0.0, 0.0, 0.0, 0.0, 0.0, 0.0, 0.0, 0.0, 0.0, 0.0, 0.0, 0.0, 0.0, 0.0, 0.0, 0.0, 0.0, 0.0, 0.0, 0.0, 0.0, 0.0], [0.0, 0.0, 0.0, 0.0, 0.0, 0.0, 0.0, 0.0, 0.0, 0.9090547924006929, 0.0, 0.0, 0.0, 0.0, 0.0, 0.0, 0.0, 0.0, 0.0, 0.0, 0.0, 0.0, 0.0, 0.0, 0.0, 0.0, 0.0, 0.0, 0.0, 0.0, 0.0], [0.0, 0.0, 0.0, 0.0, 0.0, 0.0, 0.0, 0.0, 0.0, 0.0, 0.0, 0.0, 0.908922981630061, 0.0, 0.0, 0.0, 0.0, 0.0, 0.0, 0.0, 0.0, 0.0, 0.0, 0.0, 0.0, 0.0, 0.0, 0.0, 0.0, 0.0, 0.0]], "Born radii": [], "Atomic SASAs": [], "Solvent H bonds": [], "Total SASA": NaN, "Total FOD": 0.0, "FOD": [0.0, 0.0, 0.0, 0.0, 0.0, 0.0, 0.0, 0.0, 0.0, 0.0, 0.0, 0.0, 0.0, 0.0, 0.0, 0.0, 0.0, 0.0, 0.0, 0.0, 0.0, 0.0, 0.0, 0.0, 0.0, 0.0, 0.0, 0.0, 0.0, 0.0, 0.0], "FOD s proportion": [0.0, 0.0, 0.0, 0.0, 0.0, 0.0, 0.0, 0.0, 0.0, 0.0, 0.0, 0.0, 0.0, 0.0, 0.0, 0.0, 0.0, 0.0, 0.0, 0.0, 0.0, 0.0, 0.0, 0.0, 0.0, 0.0, 0.0, 0.0, 0.0, 0.0, 0.0], "FOD p proportion": [0.0, 0.0, 0.0, 0.0, 0.0, 0.0, 0.0, 0.0, 0.0, 0.0, 0.0, 0.0, 0.0, 0.0, 0.0, 0.0, 0.0, 0.0, 0.0, 0.0, 0.0, 0.0, 0.0, 0.0, 0.0, 0.0, 0.0, 0.0, 0.0, 0.0, 0.0], "FOD d proportion": [0.0, 0.0, 0.0, 0.0, 0.0, 0.0, 0.0, 0.0, 0.0, 0.0, 0.0, 0.0, 0.0, 0.0, 0.0, 0.0, 0.0, 0.0, 0.0, 0.0, 0.0, 0.0, 0.0, 0.0, 0.0, 0.0, 0.0, 0.0, 0.0, 0.0, 0.0], "coordinates": [["3.71010", "-0.15660", "0.53200"], ["2.96870", "-0.85680", "-0.59630"], ["1.46650", "-1.01400", "-0.33910"], ["0.71950", "0.33150", "-0.29150"], ["-0.81980", "0.20860", "-0.14940"], ["-1.49940", "1.61170", "-0.19200"], ["-0.99750", "2.62050", "0.83550"], ["-1.41090", "-0.55670", "-1.32810"], ["-0.90430", "-0.59030", "-2.44700"], ["-2.61370", "-1.16820", "-1.10280"], ["-3.04900", "-1.57780", "0.11840"], ["-3.89380", "-2.45950", "0.23400"], ["-2.44370", "-1.02910", "1.20470"], ["-1.20120", "-0.46040", "1.16450"], ["-0.48790", "-0.46820", "2.16460"], ["4.78750", "-0.17070", "0.33820"], ["3.40550", "0.88980", "0.62440"], ["3.53170", "-0.65610", "1.48950"], ["3.13230", "-0.31330", "-1.53400"], ["3.40280", "-1.85510", "-0.72940"], ["1.05830", "-1.64270", "-1.13750"], ["1.31950", "-1.56450", "0.59670"], ["0.95710", "0.89810", "-1.20140"], ["1.11720", "0.90830", "0.55090"], ["-1.36670", "2.04970", "-1.19060"], ["-2.58430", "1.50830", "-0.05560"], ["0.04760", "2.89000", "0.65920"], ["-1.58580", "3.54180", "0.76650"], ["-1.09530", "2.24110", "1.85650"], ["-2.99060", "-1.68480", "-1.88630"], ["-2.68070", "-1.47460", "2.08160"]], "bond_dist": [[0.0, 1.5208599179411628, 2.554934623429727, 3.140076785685344, 4.595396719544462, 5.548869356905063, 5.4741112904287945, 5.463029655786248, 5.509557518530866, 6.609565192960881, 6.919270713738552, 7.9505627234806475, 6.2516426625327846, 4.961171069414963, 4.515050533493507, 1.0947821746813378, 1.0937421451146518, 1.094592645690624, 2.150991336570187, 2.137864705728592, 3.468107077355023, 2.7751282600989815, 3.4199527262814615, 2.803123192084144, 5.7973277197343265, 6.537326451233715, 4.7656959250459945, 6.463722582227676, 5.53128689366227, 7.285804733864339, 6.706765897211562], [1.5208599179411628, 0.0, 1.5321450714602716, 2.5620032337996768, 3.9607485428893363, 5.120631635843375, 5.46556575022202, 4.450448001044389, 4.3007257224798705, 5.613973812728378, 6.1027330254567085, 7.095910909108147, 5.706782109910979, 4.543744668222456, 4.4409078272353275, 2.1568627448217463, 2.17520442487597, 2.169749093789418, 1.0961015007744492, 1.0967047506051937, 2.1354541460775973, 2.154982350275751, 2.7372165752822704, 2.8035153111763096, 5.253249270689523, 6.059856722728681, 4.914022354446508, 6.476756599564323, 5.66827206915829, 6.15328696632946, 6.282399669712203], [2.554934623429727, 1.5321450714602716, 0.0, 1.5396899070916843, 2.5995969956899088, 3.963899810792397, 4.5453901273708075, 3.076796231471951, 3.200540070050678, 4.153919518960375, 4.573501605990753, 5.581283897993365, 4.203951770655796, 3.1118980076474227, 3.222745830809498, 3.49269683482549, 2.883141982282524, 2.781532205457992, 2.1664847426187888, 2.146867715999288, 1.0951408539544125, 1.095618952921133, 2.158512464638553, 2.1469391654166636, 4.258912088785116, 4.780308586273485, 4.272130159534, 5.594121940930497, 4.688193107157597, 4.7654528525629125, 4.824024117891618], [3.140076785685344, 2.5620032337996768, 1.5396899070916843, 0.0, 1.550722834680653, 2.56365549557658, 3.0753437206270133, 2.530225871340343, 2.8517752243120422, 3.7439992013888035, 4.2444124151642, 5.417413417859118, 3.754421532007295, 2.5369529163939957, 2.8512737609707, 4.1469688846192225, 2.8922599641111097, 3.472143948628858, 2.7894761389909752, 3.4889933877839323, 2.1743888980584867, 2.178007171705364, 1.0979104380594986, 1.0956738976538594, 2.8483016852152443, 3.5150535543573156, 2.810907744839734, 4.091429845420791, 3.3991138845293194, 4.513722935670732, 4.522716093234241], [4.595396719544462, 3.9607485428893363, 2.5995969956899088, 1.550722834680653, 0.0, 1.5596026833780452, 2.611296021135865, 1.5246038797012162, 2.433998196383884, 2.454104115558262, 2.869194040144375, 4.08842624612454, 2.450008022435845, 1.5229445722021535, 2.433682775137302, 5.641226421621454, 4.3492482074491905, 4.729614313028072, 4.220022651597974, 4.735568440008021, 2.8161876553241263, 2.8770042248839327, 2.1770364856841513, 2.1753089849490346, 2.184684476074291, 2.1935083268590523, 2.931914507621257, 3.5406003798790957, 2.8689007145594982, 3.3636524508337664, 3.357599149690147], [5.548869356905063, 5.120631635843375, 3.963899810792397, 2.56365549557658, 1.5596026833780452, 0.0, 1.524905669213673, 2.449594664429199, 3.207487024135873, 3.1303458499022114, 3.559567188577847, 4.7422881397064005, 3.1330971928748075, 2.4945167668308024, 3.3019206259387883, 6.556155383302015, 5.024509187970502, 5.769083662073207, 5.192228220138248, 6.0281892671016895, 4.245811924708866, 4.319316073176401, 2.750001012727086, 2.809495956572994, 1.0984786069833132, 1.0983189564056515, 2.1798626860424033, 2.156727432940936, 2.1807781684527203, 3.995152335018028, 4.011231025508254], [5.4741112904287945, 5.46556575022202, 4.5453901273708075, 3.0753437206270133, 2.611296021135865, 1.524905669213673, 0.0, 3.866091612985911, 4.5926821281251335, 4.552291403238593, 4.727431390300657, 5.878499463298436, 3.943017022534901, 3.105105392736291, 3.4009214427857635, 6.442385406819434, 4.7356408964363, 5.628274709002751, 5.592580864860158, 6.468581564763638, 5.127759440535407, 4.789544805093694, 3.30697513295761, 2.7357964270025645, 2.1371014224879454, 2.1328343325256185, 1.0935931373230177, 1.095286072220404, 1.093595080457113, 5.469575023710709, 4.599540353122255], [5.463029655786248, 4.450448001044389, 3.076796231471951, 2.530225871340343, 1.5246038797012162, 2.449594664429199, 3.866091612985911, 0.0, 1.2287024578798562, 1.3679986038004572, 2.4121316444174434, 3.4965120706212356, 2.7757725843447623, 2.5032583845859784, 3.613684344266942, 6.430063316173488, 5.3946573070029205, 5.690170900772665, 4.55437203245409, 5.021552741931523, 2.7041954441201175, 3.4893552470334686, 2.78207115832791, 3.473925101380282, 2.610398599831068, 2.6945034440504987, 4.237490345711716, 4.606044009776719, 4.250760562534662, 2.019814085503911, 3.7524640624528303], [5.509557518530866, 4.3007257224798705, 3.200540070050678, 2.8517752243120422, 2.433998196383884, 3.207487024135873, 4.5926821281251335, 1.2287024578798562, 0.0, 2.250086756105195, 3.486570162781756, 4.429309188801342, 3.987130633676303, 3.6260110134967882, 4.63197063138358, 6.350589771037018, 5.495322557411894, 5.931143050879822, 4.1478232315275925, 4.806347803686287, 2.583434684678519, 3.8933869278560023, 2.6891753159658442, 3.9140348261097526, 2.9600599183124654, 3.5979599664254187, 4.760995708882755, 5.278756947426165, 5.154941242148158, 2.4217684509465394, 4.9442695527246485], [6.609565192960881, 5.613973812728378, 4.153919518960375, 3.7439992013888035, 2.454104115558262, 3.1303458499022114, 4.552291403238593, 1.3679986038004572, 2.250086756105195, 0.0, 1.359627776268196, 2.256799933534207, 2.317931202602873, 2.763473607617775, 3.9604202302281006, 7.605869357936672, 6.591612282287239, 6.68941005321097, 5.82522990533421, 6.06708590840776, 3.702693389952779, 4.302954354858996, 4.126733610253999, 4.578885317410778, 3.452187458699194, 2.874220668285579, 5.162959319033997, 5.170586127316708, 4.7630160129900885, 1.0113364524232282, 3.199808325509514], [6.919270713738552, 6.1027330254567085, 4.573501605990753, 4.2444124151642, 2.869194040144375, 3.559567188577847, 4.727431390300657, 2.4121316444174434, 3.486570162781756, 1.359627776268196, 0.0, 1.2265583108845661, 1.3592304697879607, 2.3994317681484505, 3.4608351318720745, 7.964858736977072, 6.928611405613681, 6.784914044407637, 6.522105158612517, 6.513169993943042, 4.29551045977076, 4.394626267386113, 4.890888473478004, 4.870828666664431, 4.207418512579894, 3.125737560960613, 5.462841114292086, 5.363887770078715, 4.628383358150014, 2.0084027609023045, 2.000112339344968], [7.9505627234806475, 7.095910909108147, 5.581283897993365, 5.417413417859118, 4.08842624612454, 4.7422881397064005, 5.878499463298436, 3.4965120706212356, 4.429309188801342, 2.256799933534207, 1.2265583108845661, 0.0, 2.256344978056325, 3.480276687276459, 4.39233956565291, 8.978554046727124, 8.04052256635102, 7.743809273219479, 7.556327126984379, 7.384701109726785, 5.2030249759154525, 5.30198766313163, 6.071662188396189, 6.045876565891831, 5.361772487713368, 4.188328455362592, 6.65827149116045, 6.451823148537163, 5.706115040901296, 2.431378707647166, 2.41976556302465], [6.2516426625327846, 5.706782109910979, 4.203951770655796, 3.754421532007295, 2.450008022435845, 3.1330971928748075, 3.943017022534901, 2.7757725843447623, 3.987130633676303, 2.317931202602873, 1.3592304697879607, 2.256344978056325, 0.0, 1.3670559535000755, 2.249704527265748, 7.333343456432407, 6.18320838561988, 5.993800563916021, 6.253368958409539, 6.213258489713751, 4.257512160875175, 3.849414422999945, 4.590082536294963, 4.106212611397516, 4.046776560424359, 2.8366394219216513, 4.6758411810069, 4.671310143846156, 3.5968366434966157, 3.206762089709806, 1.0117276609839227], [4.961171069414963, 4.543744668222456, 3.1118980076474227, 2.5369529163939957, 1.5229445722021535, 2.4945167668308024, 3.105105392736291, 2.5032583845859784, 3.6260110134967882, 2.763473607617775, 2.3994317681484505, 3.480276687276459, 1.3670559535000755, 0.0, 1.2284371127575069, 6.052373540190658, 4.830779744513301, 4.748080233104744, 5.107128636523658, 5.169996257252031, 3.4354588543599243, 2.8098687051177316, 3.4786871014795224, 2.7613082424821753, 3.445937937630334, 2.697663676220592, 3.6110953587519674, 4.040287861031686, 2.7907312769236667, 3.742791519708251, 2.0145953191646204], [4.515050533493507, 4.4409078272353275, 3.222745830809498, 2.8512737609707, 2.433682775137302, 3.3019206259387883, 3.4009214427857635, 3.613684344266942, 4.63197063138358, 3.9604202302281006, 3.4608351318720745, 4.39233956565291, 2.249704527265748, 1.2284371127575069, 0.0, 5.5905356067196275, 4.401697808800599, 4.080226780462086, 5.177787559373211, 5.043438717779765, 3.8306721472869487, 2.6318964379321614, 3.9095724433753625, 2.6599108913645964, 4.285962772820128, 3.6374074902325697, 3.7189375700594924, 4.38636159248186, 2.793593896757365, 4.914612259375098, 2.4141461844718517], [1.0947821746813378, 2.1568627448217463, 3.49269683482549, 4.1469688846192225, 5.641226421621454, 6.556155383302015, 6.442385406819434, 6.430063316173488, 6.350589771037018, 7.605869357936672, 7.964858736977072, 8.978554046727124, 7.333343456432407, 6.052373540190658, 5.5905356067196275, 0.0, 1.7653596489101022, 1.7714791813622872, 2.5030290929192174, 2.4278317919493513, 4.272166561593777, 3.746535024525995, 4.264348222178859, 3.831525072343909, 6.718748636464977, 7.570835797981619, 5.651334134520804, 7.388169599433948, 6.536769077304169, 8.230415461566931, 7.7790494284327565], [1.0937421451146518, 2.17520442487597, 2.883141982282524, 2.8922599641111097, 4.3492482074491905, 5.024509187970502, 4.7356408964363, 5.3946573070029205, 5.495322557411894, 6.591612282287239, 6.928611405613681, 8.04052256635102, 6.18320838561988, 4.830779744513301, 4.401697808800599, 1.7653596489101022, 0.0, 1.7759874042346133, 2.4861171352130613, 3.0605976115784967, 3.8764927060424093, 3.22114137845578, 3.0542228291334608, 2.289554845379337, 5.235788942461299, 6.059921310545212, 3.9086447126849477, 5.653881153685493, 4.858115142727681, 7.337729543939325, 6.6899663407225], [1.094592645690624, 2.169749093789418, 2.781532205457992, 3.472143948628858, 4.729614313028072, 5.769083662073207, 5.628274709002751, 5.690170900772665, 5.931143050879822, 6.68941005321097, 6.784914044407637, 7.743809273219479, 5.993800563916021, 4.748080233104744, 4.080226780462086, 1.7714791813622872, 1.7759874042346133, 0.0, 3.0689712364243498, 2.5254174743990347, 3.740617077435219, 2.552667475406854, 4.035473405933931, 3.026239840131644, 6.204724990682505, 6.669139177585065, 5.040156357693678, 6.6583706460364604, 5.471525001313619, 7.415837553506683, 6.294000192246581], [2.150991336570187, 1.0961015007744492, 2.1664847426187888, 2.7894761389909752, 4.220022651597974, 5.192228220138248, 5.592580864860158, 4.55437203245409, 4.1478232315275925, 5.82522990533421, 6.522105158612517, 7.556327126984379, 6.253368958409539, 5.107128636523658, 5.177787559373211, 2.5030290929192174, 2.4861171352130613, 3.0689712364243498, 0.0, 1.760028025345051, 2.4951939022849507, 3.0645762790310833, 2.5118932620634977, 3.14638563752125, 5.0933970550115175, 6.179272504105965, 4.958490820804249, 6.512646456702528, 5.991080985097764, 6.2845072957233485, 6.943496961186056], [2.137864705728592, 1.0967047506051937, 2.146867715999288, 3.4889933877839323, 4.735568440008021, 6.0281892671016895, 6.468581564763638, 5.021552741931523, 4.806347803686287, 6.06708590840776, 6.513169993943042, 7.384701109726785, 6.213258489713751, 5.169996257252031, 5.043438717779765, 2.4278317919493513, 3.0605976115784967, 2.5254174743990347, 1.760028025345051, 0.0, 2.389213180107627, 2.486589724904372, 3.7127271284057493, 3.8078228700925676, 6.181286171178293, 6.900132782055719, 5.975077489874086, 7.500025091958026, 6.610494448980348, 6.499460228357428, 6.712337409576488], [3.468107077355023, 2.1354541460775973, 1.0951408539544125, 2.1743888980584867, 2.8161876553241263, 4.245811924708866, 5.127759440535407, 2.7041954441201175, 2.583434684678519, 3.702693389952779, 4.29551045977076, 5.2030249759154525, 4.257512160875175, 3.4354588543599243, 3.8306721472869487, 4.272166561593777, 3.8764927060424093, 3.740617077435219, 2.4951939022849507, 2.389213180107627, 0.0, 1.755502868126395, 2.5436173631267733, 3.0597001111220035, 4.417834579293344, 4.936379581231573, 4.979459274861076, 6.1233586421179025, 5.3559248874494125, 4.117774284731984, 4.936697622905418], [2.7751282600989815, 2.154982350275751, 1.095618952921133, 2.178007171705364, 2.8770042248839327, 4.319316073176401, 4.789544805093694, 3.4893552470334686, 3.8933869278560023, 4.302954354858996, 4.394626267386113, 5.30198766313163, 3.849414422999945, 2.8098687051177316, 2.6318964379321614, 3.746535024525995, 3.22114137845578, 2.552667475406854, 3.0645762790310833, 2.486589724904372, 1.755502868126395, 0.0, 3.0706507665314207, 2.4814839854409696, 4.844848126618626, 5.010713479136479, 4.6329478855260176, 5.877405875043853, 4.679844702551571, 4.975612836626259, 4.267857783478732], [3.4199527262814615, 2.7372165752822704, 2.158512464638553, 1.0979104380594986, 2.1770364856841513, 2.750001012727086, 3.30697513295761, 2.78207115832791, 2.6891753159658442, 4.126733610253999, 4.890888473478004, 6.071662188396189, 4.590082536294963, 3.4786871014795224, 3.9095724433753625, 4.264348222178859, 3.0542228291334608, 4.035473405933931, 2.5118932620634977, 3.7127271284057493, 2.5436173631267733, 3.0706507665314207, 0.0, 1.7596281823157982, 2.593519932447021, 3.7718318679389724, 2.8734453570583174, 4.162705912024053, 3.920044281637645, 4.76705314738571, 5.444390060419992], [2.803123192084144, 2.8035153111763096, 2.1469391654166636, 1.0956738976538594, 2.1753089849490346, 2.809495956572994, 2.7357964270025645, 3.473925101380282, 3.9140348261097526, 4.578885317410778, 4.870828666664431, 6.045876565891831, 4.106212611397516, 2.7613082424821753, 2.6599108913645964, 3.831525072343909, 2.289554845379337, 3.026239840131644, 3.14638563752125, 3.8078228700925676, 3.0597001111220035, 2.4814839854409696, 1.7596281823157982, 0.0, 3.2411996883870025, 3.7985450504107487, 2.2545305364975654, 3.7799490221430236, 2.894149866541123, 5.434899473771341, 4.737647022520778], [5.7973277197343265, 5.253249270689523, 4.258912088785116, 2.8483016852152443, 2.184684476074291, 1.0984786069833132, 2.1371014224879454, 2.610398599831068, 2.9600599183124654, 3.452187458699194, 4.207418512579894, 5.361772487713368, 4.046776560424359, 3.445937937630334, 4.285962772820128, 6.718748636464977, 5.235788942461299, 6.204724990682505, 5.0933970550115175, 6.181286171178293, 4.417834579293344, 4.844848126618626, 2.593519932447021, 3.2411996883870025, 0.0, 1.7503967321724523, 2.475501690566985, 2.4707504183951885, 3.065144422372297, 4.131287928721503, 4.985436724099505], [6.537326451233715, 6.059856722728681, 4.780308586273485, 3.5150535543573156, 2.1935083268590523, 1.0983189564056515, 2.1328343325256185, 2.6945034440504987, 3.5979599664254187, 2.874220668285579, 3.125737560960613, 4.188328455362592, 2.8366394219216513, 2.697663676220592, 3.6374074902325697, 7.570835797981619, 6.059921310545212, 6.669139177585065, 6.179272504105965, 6.900132782055719, 4.936379581231573, 5.010713479136479, 3.7718318679389724, 3.7985450504107487, 1.7503967321724523, 0.0, 3.05727518224971, 2.4099736326358427, 2.531845818765432, 3.7030298121943335, 3.6707777391174203], [4.7656959250459945, 4.914022354446508, 4.272130159534, 2.810907744839734, 2.931914507621257, 2.1798626860424033, 1.0935931373230177, 4.237490345711716, 4.760995708882755, 5.162959319033997, 5.462841114292086, 6.65827149116045, 4.6758411810069, 3.6110953587519674, 3.7189375700594924, 5.651334134520804, 3.9086447126849477, 5.040156357693678, 4.958490820804249, 5.975077489874086, 4.979459274861076, 4.6329478855260176, 2.8734453570583174, 2.2545305364975654, 2.475501690566985, 3.05727518224971, 0.0, 1.7619171632060344, 1.7778692049754392, 6.053017803542296, 5.340091367195884], [6.463722582227676, 6.476756599564323, 5.594121940930497, 4.091429845420791, 3.5406003798790957, 2.156727432940936, 1.095286072220404, 4.606044009776719, 5.278756947426165, 5.170586127316708, 5.363887770078715, 6.451823148537163, 4.671310143846156, 4.040287861031686, 4.38636159248186, 7.388169599433948, 5.653881153685493, 6.6583706460364604, 6.512646456702528, 7.500025091958026, 6.1233586421179025, 5.877405875043853, 4.162705912024053, 3.7799490221430236, 2.4707504183951885, 2.4099736326358427, 1.7619171632060344, 0.0, 1.7664967421424813, 6.027284499673132, 5.300241785050942], [5.53128689366227, 5.66827206915829, 4.688193107157597, 3.3991138845293194, 2.8689007145594982, 2.1807781684527203, 1.093595080457113, 4.250760562534662, 5.154941242148158, 4.7630160129900885, 4.628383358150014, 5.706115040901296, 3.5968366434966157, 2.7907312769236667, 2.793593896757365, 6.536769077304169, 4.858115142727681, 5.471525001313619, 5.991080985097764, 6.610494448980348, 5.3559248874494125, 4.679844702551571, 3.920044281637645, 2.894149866541123, 3.065144422372297, 2.531845818765432, 1.7778692049754392, 1.7664967421424813, 0.0, 5.7457292609380755, 4.04605853393151], [7.285804733864339, 6.15328696632946, 4.7654528525629125, 4.513722935670732, 3.3636524508337664, 3.995152335018028, 5.469575023710709, 2.019814085503911, 2.4217684509465394, 1.0113364524232282, 2.0084027609023045, 2.431378707647166, 3.206762089709806, 3.742791519708251, 4.914612259375098, 8.230415461566931, 7.337729543939325, 7.415837553506683, 6.2845072957233485, 6.499460228357428, 4.117774284731984, 4.975612836626259, 4.76705314738571, 5.434899473771341, 4.131287928721503, 3.7030298121943335, 6.053017803542296, 6.027284499673132, 5.7457292609380755, 0.0, 3.985530386284867], [6.706765897211562, 6.282399669712203, 4.824024117891618, 4.522716093234241, 3.357599149690147, 4.011231025508254, 4.599540353122255, 3.7524640624528303, 4.9442695527246485, 3.199808325509514, 2.000112339344968, 2.41976556302465, 1.0117276609839227, 2.0145953191646204, 2.4141461844718517, 7.7790494284327565, 6.6899663407225, 6.294000192246581, 6.943496961186056, 6.712337409576488, 4.936697622905418, 4.267857783478732, 5.444390060419992, 4.737647022520778, 4.985436724099505, 3.6707777391174203, 5.340091367195884, 5.300241785050942, 4.04605853393151, 3.985530386284867, 0.0]]}