{"total energy": -48.31249648, "HOMO-LUMO gap/eV": 4.09431538, "electronic energy": -48.52548232, "dipole": [-2.18343818, -0.94790666, -0.51198766], "partial charges": [0.0355553, -0.2835106, 0.72856444, -0.49164159, -0.28241927, 0.03055606, -0.31023071, 0.19691213, -0.09254653, 0.18694495, -0.08556881, -0.07666192, -0.05753089, 0.05658983, 0.07072472, 0.07912969, 0.06382885, 0.06803101, 0.083145, 0.08012833], "atomic dipole moments": [[0.02522596, 0.3069045, -0.04891413], [0.14346845, -0.11728401, 0.06786782], [-0.052382, 0.0127137, -0.35165943], [-0.04683187, 0.02073485, -0.11604744], [-0.06293022, -0.11401268, -0.14691581], [0.16180136, -0.09969986, 0.25475664], [0.06636845, 0.09277123, 0.14751259], [-0.17844345, -0.0915063, -0.10145687], [-0.28192037, -0.64828067, 0.69951637], [-0.01010206, -0.08461327, 0.00384558], [-0.0952056, 0.01592467, 0.11848281], [-0.00350668, -0.05326177, 0.00947308], [-0.81885073, -0.26759703, -0.14185471], [0.09374566, -0.04259033, -0.06956882], [0.01684308, -0.01069015, 0.12471327], [-0.10963509, -0.0497023, -0.03527726], [0.05391866, -0.06335731, -0.09274562], [-0.1182051, -0.03490224, 0.02456872], [0.0075636, 0.12443931, -0.02094432], [0.00798298, 0.08596837, 0.10443315]], "atomic quadrupole moments": [[-0.27605316, 0.04199914, 0.56959127, 0.00192144, -0.12837173, -0.29353811], [-0.01244635, 0.03461687, 0.11907604, 0.03309423, -0.03146173, -0.10662969], [0.57718007, 0.18631052, 0.36833122, -0.77793629, 0.13913214, -0.94551129], [-0.02550888, -0.00927159, -0.03957056, 0.03895722, -0.01661852, 0.06507944], [-0.05311274, -0.04955477, 0.01747459, 0.0917881, -0.03048605, 0.03563816], [-0.0768368, -0.13173185, -0.21203036, 0.37463649, -0.20258345, 0.28886716], [0.09285313, 0.02835692, -0.07097407, -0.03389973, 0.01746461, -0.02187906], [0.30528497, 0.11215885, -0.12499326, -0.05381834, -0.2126196, -0.18029171], [-0.40352931, 0.24410295, 0.14773897, -0.2777873, -0.76495895, 0.25579033], [-0.05230944, 0.10677234, -0.05893093, -0.03147261, -0.01972007, 0.11124037], [-0.20655641, 0.17415927, 0.08643835, -0.16517174, -0.39312458, 0.12011806], [-0.27938909, 0.03290484, -0.11654612, 0.03328112, 0.35667192, 0.39593521], [0.8774118, 0.35171364, -0.4288237, 0.29365429, 0.07854526, -0.44858809], [0.00645531, -0.01829109, 0.02004428, -0.04996875, 0.01353082, -0.02649959], [-0.05742979, 0.00755002, 0.00944681, 0.01483241, -0.01606951, 0.04798297], [0.05597802, 0.02658336, -0.01488405, 0.04017557, 0.0032244, -0.04109397], [-0.01967962, -0.04146016, -0.01840108, -0.00977674, 0.02332295, 0.0380807], [0.0522177, 0.01916549, -0.03941406, 0.00282289, -0.02941825, -0.01280364], [-0.04038842, 0.01598894, 0.07256075, 0.01689931, -0.00886771, -0.03217233], [0.02996828, 0.01489473, -0.03230953, -0.0093426, -0.0277213, 0.00234125]], "number of molecular orbitals": 84, "number of electrons": 80, "number of unpaired electrons": 0, "orbital energies/eV": [-30.04413226, -29.9321205, -23.94668303, -23.73055766, -21.52176892, -20.81478351, -20.4075864, -19.74244533, -19.26844917, -18.58715333, -18.26141677, -18.13374143, -17.84169919, -16.93936565, -16.89960225, -16.68188734, -16.30314005, -16.01701979, -15.98194137, -15.71874922, -15.68854789, -15.47022999, -15.28500942, -14.76102226, -14.53038067, -14.01339605, -13.66970075, -13.45684347, -13.09230909, -13.05468624, -13.01127254, -12.90307588, -12.77996876, -12.68908787, -12.60434835, -12.58628419, -12.43278878, -12.39863691, -12.30032644, -12.23551193, -8.14119655, -7.78417989, -6.32661595, -5.61007721, -3.17805963, -2.81070319, -2.45107644, -2.03708904, -0.98126402, -0.9657417, -0.94222822, -0.916667, -0.91100287, -0.89653502, -0.88014752, -0.69978828, -0.48088088, -0.39429959, -0.20079752, -0.07823215, 0.04333327, 0.07137337, 0.17854906, 0.36759669, 1.12870708, 1.80536536, 2.18420194, 2.4588972, 2.89955655, 3.06137936, 3.11146378, 3.62655215, 3.91109269, 4.34682191, 4.71228202, 4.83465398, 5.1838384, 8.07532425, 9.08465843, 10.7023415, 10.88380774, 26.30765605, 27.53780329, 32.4229093], "fractional occupation": [2.0, 2.0, 2.0, 2.0, 2.0, 2.0, 2.0, 2.0, 2.0, 2.0, 2.0, 2.0, 2.0, 2.0, 2.0, 2.0, 2.0, 2.0, 2.0, 2.0, 2.0, 2.0, 2.0, 2.0, 2.0, 2.0, 2.0, 2.0, 2.0, 2.0, 2.0, 2.0, 2.0, 2.0, 2.0, 2.0, 2.0, 2.0, 2.0, 2.0, 0.0, 0.0, 0.0, 0.0, 0.0, 0.0, 0.0, 0.0, 0.0, 0.0, 0.0, 0.0, 0.0, 0.0, 0.0, 0.0, 0.0, 0.0, 0.0, 0.0, 0.0, 0.0, 0.0, 0.0, 0.0, 0.0, 0.0, 0.0, 0.0, 0.0, 0.0, 0.0, 0.0, 0.0, 0.0, 0.0, 0.0, 0.0, 0.0, 0.0, 0.0, 0.0, 0.0, 0.0], "program call": "xtb /home/svss/Project-DBcg-Debug/aqme2_20220329/End-to-End-workflows-final/example-3/QDESCP/mol_870_rdkit_conf_1/mol_870_rdkit_conf_1.xyz --pop --wbo --acc 0.2 --gfn 2 --chrg 0 --uhf 0 --etemp 300 --input /home/svss/Project-DBcg-Debug/aqme2_20220329/End-to-End-workflows-final/example-3/QDESCP/mol_870_rdkit_conf_1/mol_870_rdkit_conf_1_xtb.inp", "method": "GFN2-xTB", "xtb version": "6.3.3 (7355c4f)", "Dipole module/D": 6.189, "Total charge": 0, "Transition dipole module/D": NaN, "HOMO": -12.2355, "LUMO": -8.1412, "HOMO occupancy": 2.0, "LUMO occupancy": 0, "mulliken charges": [0.18076, -0.33093, 0.5295, -0.40235, -0.32347, 0.18025, -0.35094, 0.26558, -0.06502, 0.22073, -0.07422, -0.0937, -0.05929, 0.04102, 0.05033, 0.03824, 0.04192, 0.04443, 0.03924, 0.06791], "cm5 charges": [0.06633, -0.39659, 0.5248, -0.41788, -0.38665, 0.0657, -0.40316, 0.233, -0.04932, 0.20635, -0.07462, -0.0949, -0.04389, 0.10445, 0.11309, 0.09773, 0.10697, 0.10709, 0.09884, 0.14264], "FUKUI+": [0.015, -0.021, -0.031, -0.003, -0.006, 0.014, -0.025, 0.003, -0.202, -0.038, -0.19, -0.142, -0.234, 0.004, -0.012, -0.025, 0.003, -0.022, -0.017, -0.071], "FUKUI-": [0.022, -0.04, -0.08, -0.056, -0.035, 0.02, -0.011, 0.025, -0.161, 0.021, -0.129, -0.119, -0.154, -0.024, -0.05, -0.053, -0.026, -0.059, -0.053, -0.039], "FUKUIrad": [0.018, -0.03, -0.056, -0.03, -0.021, 0.017, -0.018, 0.014, -0.181, -0.008, -0.159, -0.13, -0.194, -0.01, -0.031, -0.039, -0.012, -0.04, -0.035, -0.055], "s proportion": [0.974, 1.639, 1.303, 1.672, 1.634, 0.973, 1.645, 1.067, 1.957, 1.163, 1.956, 1.956, 1.957, 0.959, 0.95, 0.962, 0.958, 0.956, 0.961, 0.932], "p proportion": [2.845, 4.692, 1.854, 4.731, 4.689, 2.846, 4.706, 2.667, 5.115, 2.616, 5.128, 5.147, 5.094, 0.0, 0.0, 0.0, 0.0, 0.0, 0.0, 0.0], "d proportion": [0.0, 0.0, 1.313, 0.0, 0.0, 0.0, 0.0, 0.0, -0.007, 0.0, -0.01, -0.009, 0.008, 0.0, 0.0, 0.0, 0.0, 0.0, 0.0, 0.0], "Fermi-level/eV": -10.1884, "Coordination numbers": [3.924, 1.657, 4.103, 0.808, 1.657, 3.886, 1.695, 4.048, 1.028, 3.695, 1.307, 1.273, 1.445, 0.924, 0.924, 0.924, 0.924, 0.924, 0.924, 0.926], "Dispersion coefficient C6": [19.916, 18.723, 131.737, 23.626, 18.705, 20.011, 19.175, 17.424, 187.558, 17.782, 101.848, 101.571, 186.617, 2.239, 2.078, 1.988, 2.155, 2.107, 1.947, 1.978], "Total dispersion C6": 10789.006004, "Total dispersion C8": 408835.366476, "Polarizability alpha": [6.342, 5.841, 20.618, 6.516, 5.838, 6.36, 5.912, 5.929, 22.082, 6.033, 15.44, 15.419, 22.026, 2.34, 2.254, 2.205, 2.296, 2.27, 2.182, 2.199], "Total polarizability alpha": 160.102028, "Wiberg matrix": [[0.0, 0.9409998196782942, 0.0, 0.0, 0.0, 0.0, 0.0, 0.0, 0.0, 0.0, 0.0, 0.0, 0.0, 0.9812355370698501, 0.9790368617755814, 0.97710432865984, 0.0, 0.0, 0.0, 0.0], [0.9409998196782942, 0.0, 1.1915790618131128, 0.0, 0.0, 0.0, 0.0, 0.0, 0.0, 0.0, 0.0, 0.0, 0.0, 0.0, 0.0, 0.0, 0.0, 0.0, 0.0, 0.0], [0.0, 1.1915790618131128, 0.0, 1.8462197430123841, 1.209772587841423, 0.0, 1.0738499208965082, 0.0, 0.0, 0.0, 0.0, 0.0, 0.0, 0.0, 0.0, 0.0, 0.0, 0.0, 0.0, 0.0], [0.0, 0.0, 1.8462197430123841, 0.0, 0.0, 0.0, 0.0, 0.0, 0.0, 0.0, 0.0, 0.0, 0.0, 0.0, 0.0, 0.0, 0.0, 0.0, 0.0, 0.0], [0.0, 0.0, 1.209772587841423, 0.0, 0.0, 0.9370546536633734, 0.0, 0.0, 0.0, 0.0, 0.0, 0.0, 0.0, 0.0, 0.0, 0.0, 0.0, 0.0, 0.0, 0.0], [0.0, 0.0, 0.0, 0.0, 0.9370546536633734, 0.0, 0.0, 0.0, 0.0, 0.0, 0.0, 0.0, 0.0, 0.0, 0.0, 0.0, 0.9775028477185871, 0.9809482437555356, 0.9763206496977018, 0.0], [0.0, 0.0, 1.0738499208965082, 0.0, 0.0, 0.0, 0.0, 0.9822117015273835, 0.0, 0.0, 0.0, 0.0, 0.0, 0.0, 0.0, 0.0, 0.0, 0.0, 0.0, 0.0], [0.0, 0.0, 0.0, 0.0, 0.0, 0.0, 0.9822117015273835, 0.0, 0.9398293774261471, 0.9828697782037681, 0.0, 0.0, 0.0, 0.0, 0.0, 0.0, 0.0, 0.0, 0.0, 0.9551485830487476], [0.0, 0.0, 0.0, 0.0, 0.0, 0.0, 0.0, 0.9398293774261471, 0.0, 0.0, 0.0, 0.0, 0.0, 0.0, 0.0, 0.0, 0.0, 0.0, 0.0, 0.0], [0.0, 0.0, 0.0, 0.0, 0.0, 0.0, 0.0, 0.9828697782037681, 0.0, 0.0, 0.9705677064701622, 0.9835669439182331, 0.9658406680617679, 0.0, 0.0, 0.0, 0.0, 0.0, 0.0, 0.0], [0.0, 0.0, 0.0, 0.0, 0.0, 0.0, 0.0, 0.0, 0.0, 0.9705677064701622, 0.0, 0.0, 0.0, 0.0, 0.0, 0.0, 0.0, 0.0, 0.0, 0.0], [0.0, 0.0, 0.0, 0.0, 0.0, 0.0, 0.0, 0.0, 0.0, 0.9835669439182331, 0.0, 0.0, 0.0, 0.0, 0.0, 0.0, 0.0, 0.0, 0.0, 0.0], [0.0, 0.0, 0.0, 0.0, 0.0, 0.0, 0.0, 0.0, 0.0, 0.9658406680617679, 0.0, 0.0, 0.0, 0.0, 0.0, 0.0, 0.0, 0.0, 0.0, 0.0], [0.9812355370698501, 0.0, 0.0, 0.0, 0.0, 0.0, 0.0, 0.0, 0.0, 0.0, 0.0, 0.0, 0.0, 0.0, 0.0, 0.0, 0.0, 0.0, 0.0, 0.0], [0.9790368617755814, 0.0, 0.0, 0.0, 0.0, 0.0, 0.0, 0.0, 0.0, 0.0, 0.0, 0.0, 0.0, 0.0, 0.0, 0.0, 0.0, 0.0, 0.0, 0.0], [0.97710432865984, 0.0, 0.0, 0.0, 0.0, 0.0, 0.0, 0.0, 0.0, 0.0, 0.0, 0.0, 0.0, 0.0, 0.0, 0.0, 0.0, 0.0, 0.0, 0.0], [0.0, 0.0, 0.0, 0.0, 0.0, 0.9775028477185871, 0.0, 0.0, 0.0, 0.0, 0.0, 0.0, 0.0, 0.0, 0.0, 0.0, 0.0, 0.0, 0.0, 0.0], [0.0, 0.0, 0.0, 0.0, 0.0, 0.9809482437555356, 0.0, 0.0, 0.0, 0.0, 0.0, 0.0, 0.0, 0.0, 0.0, 0.0, 0.0, 0.0, 0.0, 0.0], [0.0, 0.0, 0.0, 0.0, 0.0, 0.9763206496977018, 0.0, 0.0, 0.0, 0.0, 0.0, 0.0, 0.0, 0.0, 0.0, 0.0, 0.0, 0.0, 0.0, 0.0], [0.0, 0.0, 0.0, 0.0, 0.0, 0.0, 0.0, 0.9551485830487476, 0.0, 0.0, 0.0, 0.0, 0.0, 0.0, 0.0, 0.0, 0.0, 0.0, 0.0, 0.0]], "Born radii": [], "Atomic SASAs": [], "Solvent H bonds": [], "Total SASA": NaN, "Total FOD": 0.0, "FOD": [0.0, 0.0, 0.0, 0.0, 0.0, 0.0, 0.0, 0.0, 0.0, 0.0, 0.0, 0.0, 0.0, 0.0, 0.0, 0.0, 0.0, 0.0, 0.0, 0.0], "FOD s proportion": [0.0, 0.0, 0.0, 0.0, 0.0, 0.0, 0.0, 0.0, 0.0, 0.0, 0.0, 0.0, 0.0, 0.0, 0.0, 0.0, 0.0, 0.0, 0.0, 0.0], "FOD p proportion": [0.0, 0.0, 0.0, 0.0, 0.0, 0.0, 0.0, 0.0, 0.0, 0.0, 0.0, 0.0, 0.0, 0.0, 0.0, 0.0, 0.0, 0.0, 0.0, 0.0], "FOD d proportion": [0.0, 0.0, 0.0, 0.0, 0.0, 0.0, 0.0, 0.0, 0.0, 0.0, 0.0, 0.0, 0.0, 0.0, 0.0, 0.0, 0.0, 0.0, 0.0, 0.0], "coordinates": [["-1.93940", "-1.83620", "0.64450"], ["-1.93780", "-0.44230", "0.41180"], ["-0.58190", "0.34560", "0.76570"], ["-0.00720", "0.06740", "2.11650"], ["-0.92870", "1.89020", "0.48640"], ["-1.64210", "2.22300", "-0.68690"], ["0.40020", "-0.03700", "-0.44810"], ["1.77010", "0.29870", "-0.26700"], ["2.22120", "1.61430", "-1.66820"], ["2.68130", "-0.94840", "-0.30760"], ["2.18690", "-2.14170", "0.94540"], ["2.65310", "-1.79500", "-1.88740"], ["4.54490", "-0.46780", "0.10060"], ["-1.14620", "-2.31730", "0.06600"], ["-1.80030", "-2.04030", "1.70950"], ["-2.90330", "-2.24340", "0.32940"], ["-1.23120", "1.70620", "-1.55790"], ["-2.69650", "1.96150", "-0.56500"], ["-1.56420", "3.30100", "-0.84930"], ["1.92120", "0.86140", "0.66140"]], "bond_dist": [[0.0, 1.4131910911125927, 2.572498188531918, 3.0860774131573563, 3.8642679850134614, 4.282302872287293, 3.147161190660561, 4.375959381667065, 5.879211163072815, 4.800578271416891, 4.148520549545345, 5.244356137792321, 6.649397887027066, 1.0932912237825747, 1.0932660334977942, 1.0927959827891025, 4.230923156948138, 4.056921979777279, 5.363118245946103, 4.709730749204247], [1.4131910911125927, 0.0, 1.6076369086332898, 2.625454730137238, 2.542519266397012, 2.8980000465838502, 2.5238740261748407, 3.841662771509233, 5.08461252801037, 4.70210148550624, 4.492865389703992, 5.309659192452939, 6.490215326165997, 2.0644207904397787, 2.063137305173846, 2.0452240024016928, 2.999175536710047, 2.703334675914175, 3.967649815696945, 4.080908581431346], [2.572498188531918, 1.6076369086332898, 0.0, 1.4941003881935107, 1.6075036205246942, 2.599750288008446, 1.6075489448225209, 2.5691580138247625, 3.9231159185015168, 3.6708150498220418, 3.7262859283742573, 4.699609874234244, 5.233359896854028, 2.810525038137892, 2.840383039310015, 3.5045936497688293, 2.769826675082757, 2.9754711324427263, 3.508208581313261, 2.5578189419894444], [3.0860774131573563, 2.625454730137238, 1.4941003881935107, 0.0, 2.6132332655161115, 3.895967265006214, 2.5988549940310253, 2.982174916063778, 4.65646005673838, 3.759806205112173, 3.326510608731017, 5.155283218214107, 5.007185462912274, 3.3449462387309006, 2.7970083839702733, 4.113504377048844, 4.2053604839537835, 4.243865166331277, 4.655790759903198, 2.542927165689179], [3.8642679850134614, 2.542519266397012, 1.6075036205246942, 2.6132332655161115, 0.0, 1.4129148205040527, 2.520588284508202, 3.222422264384356, 3.8262634488492817, 4.660492029818311, 5.116039676351231, 5.660822971971479, 5.972378303490161, 4.234040465087691, 4.207670426732588, 4.583704082944273, 2.074734860168885, 2.0580676592376648, 2.0440918227907474, 3.0349603704167207], [4.282302872287293, 2.8980000465838502, 2.599750288008446, 3.895967265006214, 1.4129148205040527, 0.0, 3.0554238216653347, 3.9398420450571368, 4.032189513155352, 5.375261296904551, 6.031272699853655, 6.002854928282042, 6.792608474658318, 4.628941489152785, 4.893208261457915, 4.751023057195155, 1.092960223429929, 1.0931611134686414, 1.0929438091686143, 4.045858912517835], [3.147161190660561, 2.5238740261748407, 1.6075489448225209, 2.5988549940310253, 2.520588284508202, 3.0554238216653347, 0.0, 1.42201185297451, 2.7443536033098943, 2.460448621694832, 3.092555776376556, 3.199641683063902, 4.20299874137502, 2.8027521938266324, 3.675683460256065, 4.04794015024926, 2.6328441351511866, 3.6874406774889272, 3.893850639148862, 2.086037825639794], [4.375959381667065, 3.841662771509233, 2.5691580138247625, 2.982174916063778, 3.222422264384356, 3.9398420450571368, 1.42201185297451, 0.0, 1.97424821387788, 1.545054112320989, 2.7566625038259587, 2.7908717007415444, 2.9020970090608618, 3.9318126468589525, 4.7037463165013484, 5.353375844268736, 3.557426141186912, 4.77537678094619, 4.524426490727858, 1.0960789478865105], [5.879211163072815, 5.08461252801037, 3.9231159185015168, 4.65646005673838, 3.8262634488492817, 4.032189513155352, 2.7443536033098943, 1.97424821387788, 0.0, 2.9377466977259967, 4.575982675885038, 3.4435320152424893, 3.5865548288015896, 5.459332464688334, 6.398235749017068, 6.71809164123265, 3.455383836855176, 5.051868106948161, 4.2243114539531765, 2.466555203112227], [4.800578271416891, 4.70210148550624, 3.6708150498220418, 3.759806205112173, 4.660492029818311, 5.375261296904551, 2.460448621694832, 1.545054112320989, 2.9377466977259967, 0.0, 1.7995569593652767, 1.7925665510658175, 1.9673862254270262, 4.0820608055245815, 5.034448984745004, 5.768063033636161, 4.890583554137481, 6.120008628261891, 6.031178118742639, 2.189084066453365], [4.148520549545345, 4.492865389703992, 3.7262859283742573, 3.326510608731017, 5.116039676351231, 6.031272699853655, 3.092555776376556, 2.7566625038259587, 4.575982675885038, 1.7995569593652767, 0.0, 2.8917640239134315, 3.012605558316588, 3.4516279246175996, 4.061021375220771, 5.128346217836702, 5.723307864338595, 6.554781000155535, 6.8494293623629705, 3.0281780165637557], [5.244356137792321, 5.309659192452939, 4.699609874234244, 5.155283218214107, 5.660822971971479, 6.002854928282042, 3.199641683063902, 2.7908717007415444, 3.4435320152424893, 1.7925665510658175, 2.8917640239134315, 0.0, 3.048362032305218, 4.303864465802797, 5.729802200774474, 5.999070407988224, 5.239728826952784, 6.669201914022397, 6.695706601995043, 3.7534677313119396], [6.649397887027066, 6.490215326165997, 5.233359896854028, 5.007185462912274, 5.972378303490161, 6.792608474658318, 4.20299874137502, 2.9020970090608618, 3.5865548288015896, 1.9673862254270262, 3.012605558316588, 3.048362032305218, 0.0, 5.984184708045032, 6.732226860408078, 7.660338637423283, 6.39063607632292, 7.666967836765719, 7.240667528619167, 2.9941728356926895], [1.0932912237825747, 2.0644207904397787, 2.810525038137892, 3.3449462387309006, 4.234040465087691, 4.628941489152785, 2.8027521938266324, 3.9318126468589525, 5.459332464688334, 4.0820608055245815, 3.4516279246175996, 4.303864465802797, 5.984184708045032, 0.0, 1.7904379520106246, 1.7782691528562262, 4.339680686410003, 4.5945315898359, 5.707695943198096, 4.4573060933707485], [1.0932660334977942, 2.063137305173846, 2.840383039310015, 2.7970083839702733, 4.207670426732588, 4.893208261457915, 3.675683460256065, 4.7037463165013484, 6.398235749017068, 5.034448984745004, 4.061021375220771, 5.729802200774474, 6.732226860408078, 1.7904379520106246, 0.0, 1.7783516581373888, 5.003602684066752, 4.689448574192919, 5.927283217461437, 4.834039589204871], [1.0927959827891025, 2.0452240024016928, 3.5045936497688293, 4.113504377048844, 4.583704082944273, 4.751023057195155, 4.04794015024926, 5.353375844268736, 6.71809164123265, 5.768063033636161, 5.128346217836702, 5.999070407988224, 7.660338637423283, 1.7782691528562262, 1.7783516581373888, 0.0, 4.685846760191802, 4.303940242382555, 5.824336345026787, 5.746808443823406], [4.230923156948138, 2.999175536710047, 2.769826675082757, 4.2053604839537835, 2.074734860168885, 1.092960223429929, 2.6328441351511866, 3.557426141186912, 3.455383836855176, 4.890583554137481, 5.723307864338595, 5.239728826952784, 6.39063607632292, 4.339680686410003, 5.003602684066752, 4.685846760191802, 0.0, 1.7883323488658365, 1.7766232014695746, 3.9467208274718395], [4.056921979777279, 2.703334675914175, 2.9754711324427263, 4.243865166331277, 2.0580676592376648, 1.0931611134686414, 3.6874406774889272, 4.77537678094619, 5.051868106948161, 6.120008628261891, 6.554781000155535, 6.669201914022397, 7.666967836765719, 4.5945315898359, 4.689448574192919, 4.303940242382555, 1.7883323488658365, 0.0, 1.7768483418682643, 4.902798207146609], [5.363118245946103, 3.967649815696945, 3.508208581313261, 4.655790759903198, 2.0440918227907474, 1.0929438091686143, 3.893850639148862, 4.524426490727858, 4.2243114539531765, 6.031178118742639, 6.8494293623629705, 6.695706601995043, 7.240667528619167, 5.707695943198096, 5.927283217461437, 5.824336345026787, 1.7766232014695746, 1.7768483418682643, 0.0, 4.514629088862119], [4.709730749204247, 4.080908581431346, 2.5578189419894444, 2.542927165689179, 3.0349603704167207, 4.045858912517835, 2.086037825639794, 1.0960789478865105, 2.466555203112227, 2.189084066453365, 3.0281780165637557, 3.7534677313119396, 2.9941728356926895, 4.4573060933707485, 4.834039589204871, 5.746808443823406, 3.9467208274718395, 4.902798207146609, 4.514629088862119, 0.0]]}