{"total energy": -51.83721203, "HOMO-LUMO gap/eV": 4.13633994, "electronic energy": -52.49035026, "dipole": [0.50130999, 0.0401457, -0.44566779], "partial charges": [-0.04205267, -0.10547043, -0.04955609, 0.29177377, -0.4431056, -0.17718644, 0.00607042, -0.05858997, -0.06241598, 0.08216984, -0.27843068, 0.14411033, -0.05295645, -0.03059852, -0.04139798, -0.03155298, -0.06595138, 0.05124987, 0.048092, 0.08031677, 0.07095822, 0.05405674, 0.06299947, 0.05545951, 0.05696671, 0.04380418, 0.0592844, 0.04051344, 0.05253457, 0.03291196, 0.03320856, 0.0451439, 0.0354495, 0.03054958, 0.03265348, 0.02898797], "atomic dipole moments": [[-0.12897933, 0.04578109, -0.10651279], [0.03882545, 0.06720379, 0.03288933], [-0.0381692, -0.11732823, 0.10400251], [-0.02490866, 0.02189816, -0.03793502], [0.03924071, 0.12093192, -0.13657484], [-0.08211445, -0.33470411, 0.3885309], [0.04858032, 0.09450792, -0.10715016], [0.01559179, -0.0883991, 0.10345576], [-0.02688795, 0.06650126, -0.1060895], [0.01763621, 0.20727642, 0.05413668], [-0.13673396, -0.16397353, -0.11792603], [0.20891003, -0.1218336, 0.09929291], [0.00957293, -0.05255314, -0.00352461], [0.00549186, -0.00169523, 0.00273323], [0.00826469, -0.00025035, 0.00473701], [0.00606808, -0.00860757, 0.0019448], [0.02440648, 0.0132275, 0.01665798], [0.10154887, -0.02693407, -0.06704603], [0.01532561, 0.09839256, 0.07267171], [-0.02748404, -0.10854092, 0.07743237], [-0.07165883, -0.00760404, -0.11178578], [-0.02408905, 0.1064137, 0.06174295], [0.1232506, -0.00688379, -0.03654417], [0.01603808, -0.12838727, -0.00823685], [-0.00448416, 0.03502587, 0.12552186], [0.00508125, -0.02983146, -0.12248006], [-0.01401542, 0.12869382, 0.00520635], [0.01549247, -0.12383903, -0.0028224], [-0.00490463, 0.03414951, 0.12249322], [-0.08811763, -0.06263926, 0.05671242], [0.00908069, -0.02771617, -0.12078779], [0.10322769, 0.08406936, 0.0770068], [-0.01671297, 0.14879371, 0.0187856], [-0.12007288, 0.07013586, -0.05721987], [-0.10456651, -0.07748551, -0.07639049], [0.00550643, -0.15090612, -0.02528716]], "atomic quadrupole moments": [[0.1585552, -0.0678829, -0.17150509, 0.23486833, -0.08113736, 0.01294989], [-0.02982301, -0.00979648, 0.00894012, 0.04540148, -0.061606, 0.02088289], [-0.11455952, 0.08237184, 0.09804519, -0.0539328, -0.25666641, 0.01651433], [-0.18627314, -0.13536499, 0.12908687, 0.0547514, 0.2970096, 0.05718628], [-0.06296035, -0.03054229, 0.04768713, -0.00588675, 0.09725133, 0.01527322], [0.37028557, 0.06079157, -0.2560774, 0.07234336, -0.35189151, -0.11420816], [0.29406884, 0.14297974, -0.16985498, -0.07572952, -0.19664509, -0.12421385], [0.24446802, 0.04269397, -0.16049516, 0.02366296, -0.13409792, -0.08397286], [0.23689871, 0.03620531, -0.13793722, 0.04236886, -0.12259496, -0.09896149], [-0.05841443, -0.17345054, 0.34215292, 0.14386849, 0.04385693, -0.28373849], [-0.03013545, -0.048788, 0.11305468, 0.03746006, 0.01689102, -0.08291922], [0.1130619, -0.16545953, -0.30019193, -0.15187086, -0.21557752, 0.18713003], [-0.07047736, 0.03509786, -0.19270977, -0.30965811, -0.10654235, 0.26318713], [-0.06023302, 0.06716867, -0.25187236, -0.33658879, -0.11097843, 0.31210538], [-0.06088444, 0.06539577, -0.23172676, -0.31765176, -0.10177726, 0.2926112], [-0.06580811, 0.05934606, -0.24176066, -0.33855498, -0.11255332, 0.30756877], [-0.0555942, 0.03881314, -0.20425254, -0.29090847, -0.10163526, 0.25984674], [0.04253866, -0.02325036, -0.0528601, -0.04091817, 0.00885217, 0.01032144], [-0.02418084, 0.00234699, 0.02763281, 0.02915959, 0.05198587, -0.00345196], [-0.00823126, 0.03201431, 0.02272766, -0.00825716, -0.04443386, -0.0144964], [0.00620995, 0.0209794, -0.02776033, 0.04901464, 0.00267068, 0.02155038], [-0.04971414, -0.00851328, 0.05291745, -0.02376818, 0.02892435, -0.00320331], [0.06553979, -0.01594456, -0.03070128, -0.02386002, -0.01552756, -0.03483851], [-0.00861193, -0.00103774, 0.04228229, -0.01150216, 0.00680365, -0.03367035], [-0.01050086, 0.01169004, -0.02368139, -0.0102303, 0.02208646, 0.03418225], [-0.01481857, 0.00147304, -0.02620254, -0.00477564, 0.03015851, 0.04102111], [-0.01132094, -0.00889242, 0.04354792, -0.00126713, 0.01465689, -0.03222697], [-0.01642118, -0.01265432, 0.05957096, -0.00621588, 0.01139168, -0.04314978], [-0.01574694, 0.00857421, -0.02792162, -0.00929303, 0.03151888, 0.04366856], [0.02020144, 0.01264843, 0.00420897, -0.02440407, -0.01892372, -0.02441041], [-0.02860484, -0.0156015, -0.00980694, -0.00276778, 0.0063935, 0.03841178], [0.01221462, -0.00936023, 0.02261559, 0.04157213, 0.01067628, -0.03483021], [0.01227641, -0.007081, 0.02671451, 0.04686177, 0.01426663, -0.03899092], [0.00665664, -0.00570702, 0.03371307, 0.04376215, 0.01638392, -0.04036971], [0.00592973, -0.01307232, 0.03682066, 0.04225602, 0.01280166, -0.04275039], [0.01597853, -0.02614998, 0.02629668, 0.04453897, 0.00317311, -0.04227521]], "number of molecular orbitals": 92, "number of electrons": 94, "number of unpaired electrons": 0, "orbital energies/eV": [-19.6496922, -19.32711381, -18.98661512, -18.10827787, -17.97456141, -17.41593772, -17.24728689, -17.1956625, -17.05832504, -16.7533403, -16.6064947, -16.24080135, -15.86616529, -15.68959613, -15.50300502, -15.43132406, -15.13156594, -15.01553067, -14.99604873, -14.91355168, -14.71118713, -14.42621663, -14.28548759, -13.92362861, -13.81598415, -13.75309076, -13.54478642, -13.42710916, -13.32696503, -13.30339413, -13.18473638, -13.04998804, -12.94619197, -12.90062972, -12.78962061, -12.72682302, -12.3159233, -12.23608518, -11.95826574, -11.93009873, -11.74911096, -11.40845059, -10.95611786, -10.89018375, -10.72261466, -10.25839847, -10.23611228, -6.09977235, -6.04016472, -5.76802782, -5.47047256, -3.82141176, -2.48783834, -0.79730962, -0.06307606, 0.04461973, 0.32227809, 1.03428038, 2.16634245, 2.44604796, 2.53465626, 2.77665927, 3.06534958, 3.290445, 3.31029091, 3.64017564, 3.76094279, 4.05072361, 4.25938797, 4.32055819, 4.41915801, 4.81396241, 5.03521552, 5.18571612, 5.37891767, 5.51209496, 5.63230896, 5.87305047, 5.99955296, 6.28115657, 6.40892606, 6.69483625, 8.018899, 8.88102366, 10.40409329, 10.85159268, 11.58792827, 12.17181077, 13.20508845, 16.08795358, 16.38480268, 17.58262331], "fractional occupation": [2.0, 2.0, 2.0, 2.0, 2.0, 2.0, 2.0, 2.0, 2.0, 2.0, 2.0, 2.0, 2.0, 2.0, 2.0, 2.0, 2.0, 2.0, 2.0, 2.0, 2.0, 2.0, 2.0, 2.0, 2.0, 2.0, 2.0, 2.0, 2.0, 2.0, 2.0, 2.0, 2.0, 2.0, 2.0, 2.0, 2.0, 2.0, 2.0, 2.0, 2.0, 2.0, 2.0, 2.0, 2.0, 2.0, 2.0, 0.0, 0.0, 0.0, 0.0, 0.0, 0.0, 0.0, 0.0, 0.0, 0.0, 0.0, 0.0, 0.0, 0.0, 0.0, 0.0, 0.0, 0.0, 0.0, 0.0, 0.0, 0.0, 0.0, 0.0, 0.0, 0.0, 0.0, 0.0, 0.0, 0.0, 0.0, 0.0, 0.0, 0.0, 0.0, 0.0, 0.0, 0.0, 0.0, 0.0, 0.0, 0.0, 0.0, 0.0, 0.0], "program call": "xtb /home/svss/Project-DBcg-Debug/aqme2_20220329/End-to-End-workflows-final/example-3/QDESCP/mol_38_rdkit_conf_3/mol_38_rdkit_conf_3.xyz --pop --wbo --acc 0.2 --gfn 2 --chrg 0 --uhf 0 --etemp 300 --input /home/svss/Project-DBcg-Debug/aqme2_20220329/End-to-End-workflows-final/example-3/QDESCP/mol_38_rdkit_conf_3/mol_38_rdkit_conf_3_xtb.inp", "method": "GFN2-xTB", "xtb version": "6.3.3 (7355c4f)", "Dipole module/D": 1.708, "Total charge": 0, "Transition dipole module/D": NaN, "HOMO": -10.2361, "LUMO": -6.0998, "HOMO occupancy": 2.0, "LUMO occupancy": 0, "mulliken charges": [0.06559, -0.28714, 0.0583, 0.49571, -0.56126, -0.12836, 0.03305, -0.04622, -0.05251, 0.19609, -0.42717, 0.25728, -0.06756, -0.02575, -0.04985, -0.02219, -0.09404, 0.02674, 0.03001, 0.06293, 0.03946, 0.03469, 0.03693, 0.03925, 0.04179, 0.02492, 0.04087, 0.02713, 0.04108, 0.02413, 0.02191, 0.04438, 0.03009, 0.02839, 0.02918, 0.03217], "cm5 charges": [-0.02085, -0.54844, -0.02909, 0.6046, -0.60829, -0.16157, -0.05762, -0.15287, -0.15983, 0.11382, -0.51271, 0.27298, -0.11726, -0.08094, -0.1052, -0.07753, -0.14598, 0.08824, 0.09206, 0.12875, 0.10215, 0.09652, 0.09819, 0.09836, 0.10078, 0.08119, 0.09935, 0.0823, 0.0985, 0.08708, 0.08522, 0.1033, 0.08552, 0.08379, 0.08456, 0.09091], "FUKUI+": [0.022, -0.049, 0.02, -0.035, -0.092, -0.154, 0.019, 0.005, 0.005, 0.009, -0.023, -0.017, -0.041, -0.038, -0.014, -0.043, -0.036, -0.031, -0.028, -0.017, -0.014, -0.024, -0.033, -0.024, -0.023, -0.01, -0.006, -0.017, -0.013, -0.017, -0.012, -0.051, -0.056, -0.052, -0.058, -0.051], "FUKUI-": [0.022, -0.068, 0.023, 0.016, -0.048, -0.195, 0.026, 0.008, 0.007, 0.014, -0.066, -0.024, -0.023, -0.015, -0.039, -0.019, -0.018, -0.039, -0.045, -0.026, -0.02, -0.036, -0.035, -0.035, -0.033, -0.013, -0.008, -0.021, -0.016, -0.036, -0.03, -0.036, -0.042, -0.049, -0.044, -0.036], "FUKUIrad": [0.022, -0.058, 0.021, -0.009, -0.07, -0.175, 0.022, 0.006, 0.006, 0.012, -0.045, -0.02, -0.032, -0.027, -0.026, -0.031, -0.027, -0.035, -0.036, -0.021, -0.017, -0.03, -0.034, -0.029, -0.028, -0.012, -0.007, -0.019, -0.014, -0.026, -0.021, -0.043, -0.049, -0.05, -0.051, -0.043], "s proportion": [0.982, 1.441, 0.984, 0.995, 1.729, 1.925, 1.038, 1.033, 1.035, 0.995, 1.687, 1.018, 1.058, 1.061, 1.055, 1.06, 1.057, 0.973, 0.97, 0.937, 0.961, 0.965, 0.963, 0.961, 0.958, 0.975, 0.959, 0.973, 0.959, 0.976, 0.978, 0.956, 0.97, 0.972, 0.971, 0.968], "p proportion": [2.952, 3.846, 2.958, 2.509, 4.832, 4.203, 2.929, 3.014, 3.018, 2.809, 4.741, 2.724, 3.01, 2.965, 2.995, 2.963, 3.037, 0.0, 0.0, 0.0, 0.0, 0.0, 0.0, 0.0, 0.0, 0.0, 0.0, 0.0, 0.0, 0.0, 0.0, 0.0, 0.0, 0.0, 0.0, 0.0], "d proportion": [0.0, 0.0, 0.0, 0.0, 0.0, -0.0, 0.0, 0.0, 0.0, 0.0, 0.0, 0.0, 0.0, 0.0, 0.0, 0.0, 0.0, 0.0, 0.0, 0.0, 0.0, 0.0, 0.0, 0.0, 0.0, 0.0, 0.0, 0.0, 0.0, 0.0, 0.0, 0.0, 0.0, 0.0, 0.0, 0.0], "Fermi-level/eV": -8.1679, "Coordination numbers": [3.697, 2.761, 3.69, 2.751, 0.879, 2.043, 3.795, 3.839, 3.8, 3.693, 1.704, 2.858, 2.916, 2.911, 2.912, 2.912, 2.913, 0.924, 0.924, 0.924, 0.924, 0.924, 0.924, 0.924, 0.924, 0.924, 0.924, 0.924, 0.924, 0.924, 0.924, 0.925, 0.925, 0.925, 0.925, 0.925], "Dispersion coefficient C6": [21.5, 23.309, 21.657, 22.052, 22.551, 148.56, 20.483, 21.598, 21.7, 19.382, 18.621, 24.861, 29.315, 28.763, 29.028, 28.787, 29.642, 2.304, 2.344, 1.976, 2.075, 2.27, 2.164, 2.253, 2.235, 2.399, 2.208, 2.442, 2.289, 2.546, 2.541, 2.381, 2.51, 2.579, 2.549, 2.601], "Total dispersion C6": 14182.277639, "Total dispersion C8": 352404.685092, "Polarizability alpha": [6.633, 7.17, 6.66, 7.69, 6.367, 20.514, 6.445, 6.611, 6.632, 6.299, 5.826, 8.172, 8.879, 8.794, 8.835, 8.798, 8.928, 2.374, 2.394, 2.198, 2.253, 2.356, 2.301, 2.347, 2.338, 2.422, 2.324, 2.444, 2.366, 2.495, 2.493, 2.413, 2.478, 2.511, 2.497, 2.522], "Total polarizability alpha": 184.77918, "Wiberg matrix": [[0.0, 0.9953912401541543, 0.0, 0.0, 0.0, 0.0, 0.0, 0.0, 0.0, 0.0, 0.0, 0.0, 0.0, 0.0, 0.0, 0.0, 0.0, 0.9785614397065453, 0.9758236589322129, 0.9767424326669183, 0.0, 0.0, 0.0, 0.0, 0.0, 0.0, 0.0, 0.0, 0.0, 0.0, 0.0, 0.0, 0.0, 0.0, 0.0, 0.0], [0.9953912401541543, 0.0, 0.9999204005605236, 1.2096316128963875, 0.17145901534021904, 0.0, 0.0, 0.0, 0.0, 0.0, 0.0, 0.0, 0.0, 0.0, 0.0, 0.0, 0.0, 0.0, 0.0, 0.0, 0.0, 0.0, 0.0, 0.0, 0.0, 0.0, 0.0, 0.0, 0.0, 0.0, 0.0, 0.0, 0.0, 0.0, 0.0, 0.0], [0.0, 0.9999204005605236, 0.0, 0.0, 0.0, 0.0, 0.0, 0.0, 0.0, 0.0, 0.0, 0.0, 0.0, 0.0, 0.0, 0.0, 0.0, 0.0, 0.0, 0.0, 0.9736972116356793, 0.9753993870149313, 0.9783425030986004, 0.0, 0.0, 0.0, 0.0, 0.0, 0.0, 0.0, 0.0, 0.0, 0.0, 0.0, 0.0, 0.0], [0.0, 1.2096316128963875, 0.0, 0.0, 1.6582577313179092, 1.0244154976149435, 0.0, 0.0, 0.0, 0.0, 0.0, 0.0, 0.0, 0.0, 0.0, 0.0, 0.0, 0.0, 0.0, 0.0, 0.0, 0.0, 0.0, 0.0, 0.0, 0.0, 0.0, 0.0, 0.0, 0.0, 0.0, 0.0, 0.0, 0.0, 0.0, 0.0], [0.0, 0.17145901534021904, 0.0, 1.6582577313179092, 0.0, 0.16207367710311252, 0.0, 0.0, 0.0, 0.0, 0.0, 0.0, 0.0, 0.0, 0.0, 0.0, 0.0, 0.0, 0.0, 0.0, 0.0, 0.0, 0.0, 0.0, 0.0, 0.0, 0.0, 0.0, 0.0, 0.0, 0.0, 0.0, 0.0, 0.0, 0.0, 0.0], [0.0, 0.0, 0.0, 1.0244154976149435, 0.16207367710311252, 0.0, 0.9822388746352865, 0.0, 0.0, 0.0, 0.0, 0.0, 0.0, 0.0, 0.0, 0.0, 0.0, 0.0, 0.0, 0.0, 0.0, 0.0, 0.0, 0.0, 0.0, 0.0, 0.0, 0.0, 0.0, 0.0, 0.0, 0.0, 0.0, 0.0, 0.0, 0.0], [0.0, 0.0, 0.0, 0.0, 0.0, 0.9822388746352865, 0.0, 1.0102878292312698, 0.0, 0.0, 0.0, 0.0, 0.0, 0.0, 0.0, 0.0, 0.0, 0.0, 0.0, 0.0, 0.0, 0.0, 0.0, 0.9726635120272813, 0.972668177595978, 0.0, 0.0, 0.0, 0.0, 0.0, 0.0, 0.0, 0.0, 0.0, 0.0, 0.0], [0.0, 0.0, 0.0, 0.0, 0.0, 0.0, 1.0102878292312698, 0.0, 1.0029374560364814, 0.0, 0.0, 0.0, 0.0, 0.0, 0.0, 0.0, 0.0, 0.0, 0.0, 0.0, 0.0, 0.0, 0.0, 0.0, 0.0, 0.9761840112430678, 0.9749114938007498, 0.0, 0.0, 0.0, 0.0, 0.0, 0.0, 0.0, 0.0, 0.0], [0.0, 0.0, 0.0, 0.0, 0.0, 0.0, 0.0, 1.0029374560364814, 0.0, 1.0028940119814544, 0.0, 0.0, 0.0, 0.0, 0.0, 0.0, 0.0, 0.0, 0.0, 0.0, 0.0, 0.0, 0.0, 0.0, 0.0, 0.0, 0.0, 0.9747497751482604, 0.9752328857395114, 0.0, 0.0, 0.0, 0.0, 0.0, 0.0, 0.0], [0.0, 0.0, 0.0, 0.0, 0.0, 0.0, 0.0, 0.0, 1.0028940119814544, 0.0, 0.9673628413213441, 0.0, 0.0, 0.0, 0.0, 0.0, 0.0, 0.0, 0.0, 0.0, 0.0, 0.0, 0.0, 0.0, 0.0, 0.0, 0.0, 0.0, 0.0, 0.9685169896754131, 0.9682995123834364, 0.0, 0.0, 0.0, 0.0, 0.0], [0.0, 0.0, 0.0, 0.0, 0.0, 0.0, 0.0, 0.0, 0.0, 0.9673628413213441, 0.0, 1.0584886590733678, 0.0, 0.0, 0.0, 0.0, 0.0, 0.0, 0.0, 0.0, 0.0, 0.0, 0.0, 0.0, 0.0, 0.0, 0.0, 0.0, 0.0, 0.0, 0.0, 0.0, 0.0, 0.0, 0.0, 0.0], [0.0, 0.0, 0.0, 0.0, 0.0, 0.0, 0.0, 0.0, 0.0, 0.0, 1.0584886590733678, 0.0, 1.3569733605209648, 0.0, 0.0, 0.0, 1.3757555484219215, 0.0, 0.0, 0.0, 0.0, 0.0, 0.0, 0.0, 0.0, 0.0, 0.0, 0.0, 0.0, 0.0, 0.0, 0.0, 0.0, 0.0, 0.0, 0.0], [0.0, 0.0, 0.0, 0.0, 0.0, 0.0, 0.0, 0.0, 0.0, 0.0, 0.0, 1.3569733605209648, 0.0, 1.4588169858008269, 0.0, 0.11324413561954483, 0.0, 0.0, 0.0, 0.0, 0.0, 0.0, 0.0, 0.0, 0.0, 0.0, 0.0, 0.0, 0.0, 0.0, 0.0, 0.9688658119017068, 0.0, 0.0, 0.0, 0.0], [0.0, 0.0, 0.0, 0.0, 0.0, 0.0, 0.0, 0.0, 0.0, 0.0, 0.0, 0.0, 1.4588169858008269, 0.0, 1.4272755762420888, 0.0, 0.10515568154050853, 0.0, 0.0, 0.0, 0.0, 0.0, 0.0, 0.0, 0.0, 0.0, 0.0, 0.0, 0.0, 0.0, 0.0, 0.0, 0.971220211807092, 0.0, 0.0, 0.0], [0.0, 0.0, 0.0, 0.0, 0.0, 0.0, 0.0, 0.0, 0.0, 0.0, 0.0, 0.0, 0.0, 1.4272755762420888, 0.0, 1.4435322832809272, 0.0, 0.0, 0.0, 0.0, 0.0, 0.0, 0.0, 0.0, 0.0, 0.0, 0.0, 0.0, 0.0, 0.0, 0.0, 0.0, 0.0, 0.9714080800864624, 0.0, 0.0], [0.0, 0.0, 0.0, 0.0, 0.0, 0.0, 0.0, 0.0, 0.0, 0.0, 0.0, 0.0, 0.11324413561954483, 0.0, 1.4435322832809272, 0.0, 1.4354454746666783, 0.0, 0.0, 0.0, 0.0, 0.0, 0.0, 0.0, 0.0, 0.0, 0.0, 0.0, 0.0, 0.0, 0.0, 0.0, 0.0, 0.0, 0.9718051168057452, 0.0], [0.0, 0.0, 0.0, 0.0, 0.0, 0.0, 0.0, 0.0, 0.0, 0.0, 0.0, 1.3757555484219215, 0.0, 0.10515568154050853, 0.0, 1.4354454746666783, 0.0, 0.0, 0.0, 0.0, 0.0, 0.0, 0.0, 0.0, 0.0, 0.0, 0.0, 0.0, 0.0, 0.0, 0.0, 0.0, 0.0, 0.0, 0.0, 0.9672124148221231], [0.9785614397065453, 0.0, 0.0, 0.0, 0.0, 0.0, 0.0, 0.0, 0.0, 0.0, 0.0, 0.0, 0.0, 0.0, 0.0, 0.0, 0.0, 0.0, 0.0, 0.0, 0.0, 0.0, 0.0, 0.0, 0.0, 0.0, 0.0, 0.0, 0.0, 0.0, 0.0, 0.0, 0.0, 0.0, 0.0, 0.0], [0.9758236589322129, 0.0, 0.0, 0.0, 0.0, 0.0, 0.0, 0.0, 0.0, 0.0, 0.0, 0.0, 0.0, 0.0, 0.0, 0.0, 0.0, 0.0, 0.0, 0.0, 0.0, 0.0, 0.0, 0.0, 0.0, 0.0, 0.0, 0.0, 0.0, 0.0, 0.0, 0.0, 0.0, 0.0, 0.0, 0.0], [0.9767424326669183, 0.0, 0.0, 0.0, 0.0, 0.0, 0.0, 0.0, 0.0, 0.0, 0.0, 0.0, 0.0, 0.0, 0.0, 0.0, 0.0, 0.0, 0.0, 0.0, 0.0, 0.0, 0.0, 0.0, 0.0, 0.0, 0.0, 0.0, 0.0, 0.0, 0.0, 0.0, 0.0, 0.0, 0.0, 0.0], [0.0, 0.0, 0.9736972116356793, 0.0, 0.0, 0.0, 0.0, 0.0, 0.0, 0.0, 0.0, 0.0, 0.0, 0.0, 0.0, 0.0, 0.0, 0.0, 0.0, 0.0, 0.0, 0.0, 0.0, 0.0, 0.0, 0.0, 0.0, 0.0, 0.0, 0.0, 0.0, 0.0, 0.0, 0.0, 0.0, 0.0], [0.0, 0.0, 0.9753993870149313, 0.0, 0.0, 0.0, 0.0, 0.0, 0.0, 0.0, 0.0, 0.0, 0.0, 0.0, 0.0, 0.0, 0.0, 0.0, 0.0, 0.0, 0.0, 0.0, 0.0, 0.0, 0.0, 0.0, 0.0, 0.0, 0.0, 0.0, 0.0, 0.0, 0.0, 0.0, 0.0, 0.0], [0.0, 0.0, 0.9783425030986004, 0.0, 0.0, 0.0, 0.0, 0.0, 0.0, 0.0, 0.0, 0.0, 0.0, 0.0, 0.0, 0.0, 0.0, 0.0, 0.0, 0.0, 0.0, 0.0, 0.0, 0.0, 0.0, 0.0, 0.0, 0.0, 0.0, 0.0, 0.0, 0.0, 0.0, 0.0, 0.0, 0.0], [0.0, 0.0, 0.0, 0.0, 0.0, 0.0, 0.9726635120272813, 0.0, 0.0, 0.0, 0.0, 0.0, 0.0, 0.0, 0.0, 0.0, 0.0, 0.0, 0.0, 0.0, 0.0, 0.0, 0.0, 0.0, 0.0, 0.0, 0.0, 0.0, 0.0, 0.0, 0.0, 0.0, 0.0, 0.0, 0.0, 0.0], [0.0, 0.0, 0.0, 0.0, 0.0, 0.0, 0.972668177595978, 0.0, 0.0, 0.0, 0.0, 0.0, 0.0, 0.0, 0.0, 0.0, 0.0, 0.0, 0.0, 0.0, 0.0, 0.0, 0.0, 0.0, 0.0, 0.0, 0.0, 0.0, 0.0, 0.0, 0.0, 0.0, 0.0, 0.0, 0.0, 0.0], [0.0, 0.0, 0.0, 0.0, 0.0, 0.0, 0.0, 0.9761840112430678, 0.0, 0.0, 0.0, 0.0, 0.0, 0.0, 0.0, 0.0, 0.0, 0.0, 0.0, 0.0, 0.0, 0.0, 0.0, 0.0, 0.0, 0.0, 0.0, 0.0, 0.0, 0.0, 0.0, 0.0, 0.0, 0.0, 0.0, 0.0], [0.0, 0.0, 0.0, 0.0, 0.0, 0.0, 0.0, 0.9749114938007498, 0.0, 0.0, 0.0, 0.0, 0.0, 0.0, 0.0, 0.0, 0.0, 0.0, 0.0, 0.0, 0.0, 0.0, 0.0, 0.0, 0.0, 0.0, 0.0, 0.0, 0.0, 0.0, 0.0, 0.0, 0.0, 0.0, 0.0, 0.0], [0.0, 0.0, 0.0, 0.0, 0.0, 0.0, 0.0, 0.0, 0.9747497751482604, 0.0, 0.0, 0.0, 0.0, 0.0, 0.0, 0.0, 0.0, 0.0, 0.0, 0.0, 0.0, 0.0, 0.0, 0.0, 0.0, 0.0, 0.0, 0.0, 0.0, 0.0, 0.0, 0.0, 0.0, 0.0, 0.0, 0.0], [0.0, 0.0, 0.0, 0.0, 0.0, 0.0, 0.0, 0.0, 0.9752328857395114, 0.0, 0.0, 0.0, 0.0, 0.0, 0.0, 0.0, 0.0, 0.0, 0.0, 0.0, 0.0, 0.0, 0.0, 0.0, 0.0, 0.0, 0.0, 0.0, 0.0, 0.0, 0.0, 0.0, 0.0, 0.0, 0.0, 0.0], [0.0, 0.0, 0.0, 0.0, 0.0, 0.0, 0.0, 0.0, 0.0, 0.9685169896754131, 0.0, 0.0, 0.0, 0.0, 0.0, 0.0, 0.0, 0.0, 0.0, 0.0, 0.0, 0.0, 0.0, 0.0, 0.0, 0.0, 0.0, 0.0, 0.0, 0.0, 0.0, 0.0, 0.0, 0.0, 0.0, 0.0], [0.0, 0.0, 0.0, 0.0, 0.0, 0.0, 0.0, 0.0, 0.0, 0.9682995123834364, 0.0, 0.0, 0.0, 0.0, 0.0, 0.0, 0.0, 0.0, 0.0, 0.0, 0.0, 0.0, 0.0, 0.0, 0.0, 0.0, 0.0, 0.0, 0.0, 0.0, 0.0, 0.0, 0.0, 0.0, 0.0, 0.0], [0.0, 0.0, 0.0, 0.0, 0.0, 0.0, 0.0, 0.0, 0.0, 0.0, 0.0, 0.0, 0.9688658119017068, 0.0, 0.0, 0.0, 0.0, 0.0, 0.0, 0.0, 0.0, 0.0, 0.0, 0.0, 0.0, 0.0, 0.0, 0.0, 0.0, 0.0, 0.0, 0.0, 0.0, 0.0, 0.0, 0.0], [0.0, 0.0, 0.0, 0.0, 0.0, 0.0, 0.0, 0.0, 0.0, 0.0, 0.0, 0.0, 0.0, 0.971220211807092, 0.0, 0.0, 0.0, 0.0, 0.0, 0.0, 0.0, 0.0, 0.0, 0.0, 0.0, 0.0, 0.0, 0.0, 0.0, 0.0, 0.0, 0.0, 0.0, 0.0, 0.0, 0.0], [0.0, 0.0, 0.0, 0.0, 0.0, 0.0, 0.0, 0.0, 0.0, 0.0, 0.0, 0.0, 0.0, 0.0, 0.9714080800864624, 0.0, 0.0, 0.0, 0.0, 0.0, 0.0, 0.0, 0.0, 0.0, 0.0, 0.0, 0.0, 0.0, 0.0, 0.0, 0.0, 0.0, 0.0, 0.0, 0.0, 0.0], [0.0, 0.0, 0.0, 0.0, 0.0, 0.0, 0.0, 0.0, 0.0, 0.0, 0.0, 0.0, 0.0, 0.0, 0.0, 0.9718051168057452, 0.0, 0.0, 0.0, 0.0, 0.0, 0.0, 0.0, 0.0, 0.0, 0.0, 0.0, 0.0, 0.0, 0.0, 0.0, 0.0, 0.0, 0.0, 0.0, 0.0], [0.0, 0.0, 0.0, 0.0, 0.0, 0.0, 0.0, 0.0, 0.0, 0.0, 0.0, 0.0, 0.0, 0.0, 0.0, 0.0, 0.9672124148221231, 0.0, 0.0, 0.0, 0.0, 0.0, 0.0, 0.0, 0.0, 0.0, 0.0, 0.0, 0.0, 0.0, 0.0, 0.0, 0.0, 0.0, 0.0, 0.0]], "Born radii": [], "Atomic SASAs": [], "Solvent H bonds": [], "Total SASA": NaN, "Total FOD": 0.0, "FOD": [0.0, 0.0, 0.0, 0.0, 0.0, 0.0, 0.0, 0.0, 0.0, 0.0, 0.0, 0.0, 0.0, 0.0, 0.0, 0.0, 0.0, 0.0, 0.0, 0.0, 0.0, 0.0, 0.0, 0.0, 0.0, 0.0, 0.0, 0.0, 0.0, 0.0, 0.0, 0.0, 0.0, 0.0, 0.0, 0.0], "FOD s proportion": [0.0, 0.0, 0.0, 0.0, 0.0, 0.0, 0.0, 0.0, 0.0, 0.0, 0.0, 0.0, 0.0, 0.0, 0.0, 0.0, 0.0, 0.0, 0.0, 0.0, 0.0, 0.0, 0.0, 0.0, 0.0, 0.0, 0.0, 0.0, 0.0, 0.0, 0.0, 0.0, 0.0, 0.0, 0.0, 0.0], "FOD p proportion": [0.0, 0.0, 0.0, 0.0, 0.0, 0.0, 0.0, 0.0, 0.0, 0.0, 0.0, 0.0, 0.0, 0.0, 0.0, 0.0, 0.0, 0.0, 0.0, 0.0, 0.0, 0.0, 0.0, 0.0, 0.0, 0.0, 0.0, 0.0, 0.0, 0.0, 0.0, 0.0, 0.0, 0.0, 0.0, 0.0], "FOD d proportion": [0.0, 0.0, 0.0, 0.0, 0.0, 0.0, 0.0, 0.0, 0.0, 0.0, 0.0, 0.0, 0.0, 0.0, 0.0, 0.0, 0.0, 0.0, 0.0, 0.0, 0.0, 0.0, 0.0, 0.0, 0.0, 0.0, 0.0, 0.0, 0.0, 0.0, 0.0, 0.0, 0.0, 0.0, 0.0, 0.0], "coordinates": [["6.45370", "-0.84170", "1.60930"], ["5.38600", "-0.48270", "0.69210"], ["5.69240", "0.58390", "-0.25260"], ["4.10170", "-0.93250", "0.99370"], ["3.85860", "-1.72690", "1.89570"], ["2.79490", "-0.28910", "0.00410"], ["1.38160", "-1.10990", "0.79730"], ["0.08370", "-0.70580", "0.10000"], ["-1.12080", "-1.40090", "0.74560"], ["-2.43550", "-1.04030", "0.05450"], ["-2.67380", "0.35620", "0.22130"], ["-3.80650", "0.86800", "-0.34890"], ["-3.97200", "2.24550", "-0.18100"], ["-5.08540", "2.89900", "-0.71180"], ["-6.04390", "2.17480", "-1.41600"], ["-5.88660", "0.80040", "-1.58680"], ["-4.77040", "0.14670", "-1.05450"], ["7.35810", "-1.06890", "1.03720"], ["6.64310", "0.00660", "2.27400"], ["6.19930", "-1.71530", "2.21530"], ["5.08460", "0.50820", "-1.15670"], ["5.50920", "1.54620", "0.23440"], ["6.74320", "0.52000", "-0.55140"], ["1.51570", "-2.19520", "0.73660"], ["1.34380", "-0.82250", "1.85350"], ["0.12610", "-0.97710", "-0.96250"], ["-0.04680", "0.38210", "0.15610"], ["-0.98360", "-2.48780", "0.70750"], ["-1.17540", "-1.10830", "1.80140"], ["-3.24430", "-1.61380", "0.52290"], ["-2.37020", "-1.29370", "-1.01060"], ["-3.22540", "2.81370", "0.36830"], ["-5.20190", "3.97060", "-0.57440"], ["-6.91220", "2.67990", "-1.83060"], ["-6.63470", "0.23410", "-2.13570"], ["-4.68620", "-0.92360", "-1.20810"]], "bond_dist": [[0.0, 1.4526252544961484, 2.46547858640062, 2.432922522399758, 2.756836594722292, 4.033466404967321, 5.143682887776035, 6.547774835774364, 7.644065186796879, 9.026334895183094, 9.309820871531311, 10.584390647080257, 11.019582497535922, 12.35035102780484, 13.207638626946151, 12.852803262712769, 11.578133951980345, 1.0940098765550519, 1.0942172270623416, 1.0932210755377891, 3.3685932998805304, 2.9128159347957436, 2.5703427067221987, 5.193978392330873, 5.11576781040735, 6.831618414402256, 6.772442464133602, 7.670483670538645, 7.636173438313198, 9.789157643536036, 9.215714362978053, 10.42050895925914, 12.797647765898231, 14.24366039260976, 13.656082351831362, 11.490945234400868], [1.4526252544961484, 0.0, 1.45738622540492, 1.3938109950778836, 2.3086007363769077, 2.6878660997155346, 4.054585828417005, 5.339919597709313, 6.571483830155866, 7.867230374788831, 8.117005721939586, 9.349338358408044, 9.786600168086975, 11.093108133431315, 11.922625795939416, 11.572002487901566, 10.324689674755364, 2.086121487353984, 2.078971502931197, 2.1215319677063555, 2.119147519640858, 2.0835313148594623, 2.096113398649987, 4.232476649669789, 4.219442479759619, 5.53612504645623, 5.527249847799537, 6.6777591548362984, 6.683853066158771, 8.705750624730758, 7.982201872290627, 9.226446193415967, 11.55593049260855, 12.946496718803896, 12.369619378541927, 10.259355032846852], [2.46547858640062, 1.45738622540492, 0.0, 2.52647167805222, 3.6493577476043644, 3.0370265293539993, 4.749130982611451, 5.765862341402195, 7.1662771729818, 8.29428082837807, 8.382704273681613, 9.503635499639072, 9.80646054802649, 11.03320105363806, 11.900638640846129, 11.657624238668873, 10.502588789912705, 2.677664723224325, 2.7605820654347517, 3.4108354782956036, 1.0920385249614597, 1.0939618503403123, 1.0943241247454976, 5.113387951251108, 5.032289750203182, 5.824463468852732, 5.75727153867177, 7.41121507581584, 7.365401121459713, 9.235577536353642, 8.312969657108102, 9.21328832122386, 11.413109331816637, 12.87475208149656, 12.475007818033623, 10.530948412180168], [2.432922522399758, 1.3938109950778836, 2.52647167805222, 0.0, 1.2262842125706421, 1.7609650649572808, 2.7329448823567595, 4.122428480883567, 5.249329330495468, 6.605202594924701, 6.940082830917798, 8.2209489871912, 8.755811543198037, 10.099105351960638, 10.880954312007747, 10.460786755784671, 9.169185039576854, 3.259545699940407, 2.9966299170901967, 2.550491748663383, 2.76874142165714, 2.949838373538455, 3.3874197422226846, 2.889274597541743, 2.890911352843598, 4.431038587058343, 4.4316813028465845, 5.325518248959439, 5.341448243688222, 7.392532605947707, 6.784775128182216, 8.252971223141397, 10.632793620681255, 11.930301650000304, 11.243859874616012, 9.059535797158704], [2.756836594722292, 2.3086007363769077, 3.6493577476043644, 1.2262842125706421, 0.0, 2.603243571009059, 2.77897473180308, 4.3031446303836915, 5.1208817961362865, 6.593719118221522, 7.057986308431039, 8.397945771437204, 9.022801173139083, 10.401593294298715, 11.146754058020658, 10.65288573955433, 9.309870998032144, 3.6628522356218527, 3.3017530782903797, 2.3624468692438354, 3.97692013623608, 4.024621927585248, 4.399747172281607, 2.6555598486948098, 2.672814853296053, 4.760573865617464, 4.767204455443463, 5.043578976282616, 5.072742300767899, 7.235230463502873, 6.887103264072639, 8.551786662446625, 10.984332501795455, 12.219465232570533, 11.410830462766503, 9.126470970205297], [4.033466404967321, 2.6878660997155346, 3.0370265293539993, 1.7609650649572808, 2.603243571009059, 0.0, 1.8166716186476852, 2.744711485748548, 4.137466372068781, 5.284309392910298, 5.510922574306411, 6.711331564600277, 7.228374283336468, 8.530862940523662, 9.285034876617319, 8.893054329644006, 7.651425990624232, 4.743224419105636, 4.477558234127167, 4.30271905194843, 2.68809784420136, 3.2846291525832867, 4.068451296255123, 2.409590442378123, 2.410495204309687, 2.920642566285714, 2.9238454695828233, 4.427879345691344, 4.434485090740525, 6.204508052214938, 5.3588333861018675, 6.782626450719515, 9.0790151767689, 10.31546777902001, 9.683482763964626, 7.6051874598855225], [5.143682887776035, 4.054585828417005, 4.749130982611451, 2.7329448823567595, 2.77897473180308, 1.8166716186476852, 0.0, 1.5277658557514628, 2.5197935728944145, 3.8893249298560795, 4.350574027642789, 5.669413061331835, 6.393497713302164, 7.756980792808501, 8.415818512182875, 7.884155639001554, 6.546396779908777, 5.981453440427336, 5.577687458974373, 5.058405524471126, 4.488716142729456, 4.940526832231559, 5.763880659763871, 1.0952366821833532, 1.0952561526875801, 2.1658282780497626, 2.162759348610011, 2.7387667826961826, 2.7470836117599333, 4.661347592703208, 4.168727394541409, 6.066558081812125, 8.428256841720001, 9.48976084472101, 8.641174149963648, 6.393319457840347], [6.547774835774364, 5.339919597709313, 5.765862341402195, 4.122428480883567, 4.3031446303836915, 2.744711485748548, 1.5277658557514628, 0.0, 1.5332265390345943, 2.541717753803518, 2.957425221370779, 4.2204281406037465, 5.023727219903565, 6.353990642895219, 6.93855850447339, 6.384231729033651, 5.061809292140509, 7.3435060298198165, 6.946907090209281, 6.549362388813128, 5.297366487227403, 5.875850373350226, 6.802635360652516, 2.161988880637456, 2.1624599765082357, 1.097409540691168, 1.0971343901272987, 2.164187963186192, 2.154553554683661, 3.475470099137669, 2.7569338004384507, 4.838285641629688, 7.08950630721209, 8.008295552737799, 7.1427351245863795, 4.950808869265709], [7.644065186796879, 6.571483830155866, 7.1662771729818, 5.249329330495468, 5.1208817961362865, 4.137466372068781, 2.5197935728944145, 1.5332265390345943, 0.0, 1.5284265307825562, 2.4029356837002527, 3.682230567197008, 4.720610337657621, 6.027537468153972, 6.457171103509648, 5.74444610819877, 4.353734710567469, 8.490406337154896, 8.037114284368489, 7.47279930548118, 6.7653822700568815, 7.273487736292679, 8.198448744122269, 2.7535660042933414, 2.763375133781152, 2.1568429845494084, 2.1633481573708844, 1.0961875113318889, 1.096954675453822, 2.1457338954306517, 2.15794593074062, 4.72594430881279, 6.873920966959106, 7.538570755786537, 6.432589517449407, 4.093511468165199], [9.026334895183094, 7.867230374788831, 8.29428082837807, 6.605202594924701, 6.593719118221522, 5.284309392910298, 3.8893249298560795, 2.541717753803518, 1.5284265307825562, 0.0, 1.4264716541172489, 2.3841102008925676, 3.634937982964771, 4.809082052741458, 5.051711474342135, 4.241713496925505, 2.8443994111235504, 9.842820642986442, 9.404422248070318, 8.926614849986528, 7.772821990757282, 8.357069124400013, 9.330068841653848, 4.172653335708587, 4.191294111608013, 2.7568238608949978, 2.7819834668811385, 2.1516688546335376, 2.1550256657404336, 1.0965665734464094, 1.0967742064800758, 3.9466097412842838, 5.758263885929508, 6.118360314659475, 4.904523630282557, 2.5832979193271535], [9.309820871531311, 8.117005721939586, 8.382704273681613, 6.940082830917798, 7.057986308431039, 5.510922574306411, 4.350574027642789, 2.957425221370779, 2.4029356837002527, 1.4264716541172489, 0.0, 1.3675074295959055, 2.3273639638011066, 3.6266130218152584, 4.164808670275262, 3.7133035278576405, 2.463186442395297, 10.165412949310028, 9.546749345195988, 9.3273282273114, 7.881291680936571, 8.269084629510088, 9.4500679748878, 4.932249618581768, 4.493831359764182, 3.319414306771603, 2.6279366145323975, 3.343875368490877, 2.6242482390200816, 2.0730009189578285, 2.0813266394297654, 2.5229304013388876, 4.481999047300212, 5.2510865408979885, 4.6107576622503155, 2.7804363254712383], [10.584390647080257, 9.349338358408044, 9.503635499639072, 8.2209489871912, 8.397945771437204, 6.711331564600277, 5.669413061331835, 4.2204281406037465, 3.682230567197008, 2.3841102008925676, 1.3675074295959055, 0.0, 1.3975288583782446, 2.4273942036677933, 2.802211164419983, 2.4215247634496735, 1.3954383755651845, 11.415828834561248, 10.808133720952938, 10.647281069362263, 8.93496816390523, 9.358550134502673, 10.557380372990261, 6.2359696383160825, 5.850978217358189, 4.387053878173825, 3.8244565496289797, 4.510669463616238, 3.9309336028480564, 2.6898764506943436, 2.6783859822661857, 2.153555557676653, 3.4094161039685376, 3.8889316000670417, 3.4048786600993575, 2.172999606534709], [11.019582497535922, 9.786600168086975, 9.80646054802649, 8.755811543198037, 9.022801173139083, 7.228374283336468, 6.393497713302164, 5.023727219903565, 4.720610337657621, 3.634937982964771, 2.3273639638011066, 1.3975288583782446, 0.0, 1.3958762301866166, 2.413087876559824, 2.780338254601407, 2.4094410658905936, 11.867620848763243, 11.122951326873636, 11.175219640794538, 9.273198226070658, 9.516024962661668, 10.859560647190106, 7.118753931693383, 6.466029994517502, 5.27165217175792, 4.358106355976182, 5.667812249889723, 4.79571222656239, 3.989889596216918, 3.9723967626610515, 1.087195148076002, 2.154852101653383, 3.3992145504513247, 3.867370339132263, 3.4070824557089896], [12.35035102780484, 11.093108133431315, 11.03320105363806, 10.099105351960638, 10.401593294298715, 8.530862940523662, 7.756980792808501, 6.353990642895219, 6.027537468153972, 4.809082052741458, 3.6266130218152584, 2.4273942036677933, 1.3958762301866166, 0.0, 1.3925105134253026, 2.4107402182732174, 2.7913838109439553, 13.177402007224337, 12.443419612389514, 12.538107233151264, 10.456708882339605, 10.722448947884994, 12.066530036427206, 8.46305248772569, 7.859067309802099, 6.499748760529133, 5.698730207686621, 6.917860216136201, 6.136996621312416, 5.027872028999943, 5.004030952142482, 2.1525547844363913, 1.086635895781103, 2.153350062112522, 3.395513762304609, 3.8752993548886], [13.207638626946151, 11.922625795939416, 11.900638640846129, 10.880954312007747, 11.146754058020658, 9.285034876617319, 8.415818512182875, 6.93855850447339, 6.457171103509648, 5.051711474342135, 4.164808670275262, 2.802211164419983, 2.413087876559824, 1.3925105134253026, 0.0, 1.3938763539137895, 2.4219153804375573, 14.005476926188555, 13.389442118325915, 13.349725238371015, 11.255589913460776, 11.687304125845277, 12.92268635423765, 8.993227391765428, 8.61693384157033, 6.943272705288192, 6.453718316598579, 7.201092076900558, 6.695722561456679, 5.094171505750468, 5.068620433609129, 3.3964484318181545, 2.154565431821461, 1.0867217031052618, 2.152516949991335, 3.389196698334282], [12.852803262712769, 11.572002487901566, 11.657624238668873, 10.460786755784671, 10.65288573955433, 8.893054329644006, 7.884155639001554, 6.384231729033651, 5.74444610819877, 4.241713496925505, 3.7133035278576405, 2.4215247634496735, 2.780338254601407, 2.4107402182732174, 1.3938763539137895, 0.0, 1.3987742562686798, 13.630911069330619, 13.135040052089675, 12.917185827803205, 10.98351475120783, 11.564482034228769, 12.675272200627488, 8.316601001009968, 8.169954263029872, 6.30093786907949, 6.108677380579203, 6.333678293851054, 6.108882088402099, 4.154629348088708, 4.133077571253653, 3.8675287122398974, 3.397636809607525, 2.1549510551286315, 1.0870328927865982, 2.1346076571585697], [11.578133951980345, 10.324689674755364, 10.502588789912705, 9.169185039576854, 9.309870998032144, 7.651425990624232, 6.546396779908777, 5.061809292140509, 4.353734710567469, 2.8443994111235504, 2.463186442395297, 1.3954383755651845, 2.4094410658905936, 2.7913838109439553, 2.4219153804375573, 1.3987742562686798, 0.0, 12.367433221974558, 11.889765452270284, 11.597109731739197, 9.862157577832551, 10.454187659497988, 11.530630835301249, 6.943168443153313, 6.8395361158487935, 5.02464950916977, 4.881942490443738, 4.938126009935348, 4.759749448237796, 2.8136332774546156, 2.7995784343361416, 3.3947420874051684, 3.8780019945843245, 3.406866696834497, 2.156906741145754, 1.0845389296839463], [1.0940098765550519, 2.086121487353984, 2.677664723224325, 3.259545699940407, 3.6628522356218527, 4.743224419105636, 5.981453440427336, 7.3435060298198165, 8.490406337154896, 9.842820642986442, 10.165412949310028, 11.415828834561248, 11.867620848763243, 13.177402007224337, 14.005476926188555, 13.630911069330619, 12.367433221974558, 0.0, 1.788183293177744, 1.7744210351548477, 3.5311816534978773, 3.3017672631486312, 2.329453837276026, 5.957562405044533, 6.074443442818445, 7.50393572267247, 7.596991655912228, 8.467935887215962, 8.567740440162739, 10.628843128958108, 9.94403543688376, 11.293028035916674, 13.62891832868625, 15.03061011303267, 14.407066156924524, 12.252658759224465], [1.0942172270623416, 2.078971502931197, 2.7605820654347517, 2.9966299170901967, 3.3017530782903797, 4.477558234127167, 5.577687458974373, 6.946907090209281, 8.037114284368489, 9.404422248070318, 9.546749345195988, 10.808133720952938, 11.122951326873636, 12.443419612389514, 13.389442118325915, 13.135040052089675, 11.889765452270284, 1.788183293177744, 0.0, 1.779141292871367, 3.801345459176263, 2.7957227205143216, 2.8734099481278337, 5.788069864816768, 5.380223745347399, 7.342607638979492, 7.027180278746234, 8.175726664951563, 7.911718841061024, 10.171171325368578, 9.680855031452541, 10.435458550059025, 12.811350575173563, 14.413203396191978, 13.992754667326945, 11.88879013777264], [1.0932210755377891, 2.1215319677063555, 3.4108354782956036, 2.550491748663383, 2.3624468692438354, 4.30271905194843, 5.058405524471126, 6.549362388813128, 7.47279930548118, 8.926614849986528, 9.3273282273114, 10.647281069362263, 11.175219640794538, 12.538107233151264, 13.349725238371015, 12.917185827803205, 11.597109731739197, 1.7744210351548477, 1.779141292871367, 0.0, 4.190094550245853, 3.8778325221700847, 3.5981970749251633, 4.9348725069651, 4.950138516243763, 6.89399088482136, 6.903126582208963, 7.379991158531289, 7.411205185393263, 9.5945870661535, 9.166270104028138, 10.618296477778344, 13.04221017849352, 14.408279637069791, 13.690979415659058, 11.438556145772946], [3.3685932998805304, 2.119147519640858, 1.0920385249614597, 2.76874142165714, 3.97692013623608, 2.68809784420136, 4.488716142729456, 5.297366487227403, 6.7653822700568815, 7.772821990757282, 7.881291680936571, 8.93496816390523, 9.273198226070658, 10.456708882339605, 11.255589913460776, 10.98351475120783, 9.862157577832551, 3.5311816534978773, 3.801345459176263, 4.190094550245853, 0.0, 1.7868655153648245, 1.7656390599440193, 4.861070217554978, 4.982534613025784, 5.17982161661963, 5.298170534250478, 7.019566146137524, 7.109924602975759, 8.75754048634661, 7.670869042031679, 8.757685496179914, 10.86919359014274, 12.210390343473872, 11.763314341630084, 9.875283582763586], [2.9128159347957436, 2.0835313148594623, 1.0939618503403123, 2.949838373538455, 4.024621927585248, 3.2846291525832867, 4.940526832231559, 5.875850373350226, 7.273487736292679, 8.357069124400013, 8.269084629510088, 9.358550134502673, 9.516024962661668, 10.722448947884994, 11.687304125845277, 11.564482034228769, 10.454187659497988, 3.3017672631486312, 2.7957227205143216, 3.8778325221700847, 1.7868655153648245, 0.0, 1.7869874314051568, 5.495299905373682, 5.057942433440697, 6.064435514538843, 5.677182021038255, 7.658552830006462, 7.361096141879957, 9.310885806409614, 8.467585332903354, 8.827101597919897, 11.011790772167805, 12.642811342814541, 12.442398789220668, 10.588998982434552], [2.5703427067221987, 2.096113398649987, 1.0943241247454976, 3.3874197422226846, 4.399747172281607, 4.068451296255123, 5.763880659763871, 6.802635360652516, 8.198448744122269, 9.330068841653848, 9.4500679748878, 10.557380372990261, 10.859560647190106, 12.066530036427206, 12.92268635423765, 12.675272200627488, 11.530630835301249, 2.329453837276026, 2.8734099481278337, 3.5981970749251633, 1.7656390599440193, 1.7869874314051568, 0.0, 6.02976046705008, 6.0613010666027805, 6.796787772911554, 6.828152946441666, 8.386604097607087, 8.419694453482263, 10.269244333445378, 9.303463435194445, 10.270340488026676, 12.433526586210366, 13.884216571704721, 13.474418492461929, 11.538908969655667], [5.193978392330873, 4.232476649669789, 5.113387951251108, 2.889274597541743, 2.6555598486948098, 2.409590442378123, 1.0952366821833532, 2.161988880637456, 2.7535660042933414, 4.172653335708587, 4.932249618581768, 6.2359696383160825, 7.118753931693383, 8.46305248772569, 8.993227391765428, 8.316601001009968, 6.943168443153313, 5.957562405044533, 5.788069864816768, 4.9348725069651, 4.861070217554978, 5.495299905373682, 6.02976046705008, 0.0, 1.7780102671244613, 2.510318023677478, 3.0693422406111703, 2.516537712810996, 3.091467266525719, 4.8001347533168275, 4.354954523298723, 6.90671798396315, 9.212055167008065, 10.069092027586203, 8.976671205964937, 6.622868582419555], [5.11576781040735, 4.219442479759619, 5.032289750203182, 2.890911352843598, 2.672814853296053, 2.410495204309687, 1.0952561526875801, 2.1624599765082357, 2.763375133781152, 4.191294111608013, 4.493831359764182, 5.850978217358189, 6.466029994517502, 7.859067309802099, 8.61693384157033, 8.169954263029872, 6.8395361158487935, 6.074443442818445, 5.380223745347399, 4.950138516243763, 4.982534613025784, 5.057942433440697, 6.0613010666027805, 1.7780102671244613, 0.0, 3.071896881407317, 2.5031972115676386, 3.0827472893508476, 2.5358952442875085, 4.842242627130532, 4.713692209934798, 6.025392777238675, 8.468452899438008, 9.695407911480569, 8.982571037848796, 6.763469211137137], [6.831618414402256, 5.53612504645623, 5.824463468852732, 4.431038587058343, 4.760573865617464, 2.920642566285714, 2.1658282780497626, 1.097409540691168, 2.1568429845494084, 2.7568238608949978, 3.319414306771603, 4.387053878173825, 5.27165217175792, 6.499748760529133, 6.943272705288192, 6.30093786907949, 5.02464950916977, 7.50393572267247, 7.342607638979492, 6.89399088482136, 5.17982161661963, 6.064435514538843, 6.796787772911554, 2.510318023677478, 3.071896881407317, 0.0, 1.7687806562714328, 2.5104877175560927, 3.0578193046679525, 3.737833090174038, 2.5167564165012077, 5.231992500950284, 7.281341971092966, 7.979029608918618, 6.967913627478458, 4.818860124552279], [6.772442464133602, 5.527249847799537, 5.75727153867177, 4.4316813028465845, 4.767204455443463, 2.9238454695828233, 2.162759348610011, 1.0971343901272987, 2.1633481573708844, 2.7819834668811385, 2.6279366145323975, 3.8244565496289797, 4.358106355976182, 5.698730207686621, 6.453718316598579, 6.108677380579203, 4.881942490443738, 7.596991655912228, 7.027180278746234, 6.903126582208963, 5.298170534250478, 5.677182021038255, 6.828152946441666, 3.0693422406111703, 2.5031972115676386, 1.7687806562714328, 0.0, 3.0688698587590837, 2.4903899714703317, 3.7871051345321796, 3.0931670000179428, 4.007643367366912, 6.323449889893966, 7.507368306537252, 6.976723991244027, 5.008984576738084], [7.670483670538645, 6.6777591548362984, 7.41121507581584, 5.325518248959439, 5.043578976282616, 4.427879345691344, 2.7387667826961826, 2.164187963186192, 1.0961875113318889, 2.1516688546335376, 3.343875368490877, 4.510669463616238, 5.667812249889723, 6.917860216136201, 7.201092076900558, 6.333678293851054, 4.938126009935348, 8.467935887215962, 8.175726664951563, 7.379991158531289, 7.019566146137524, 7.658552830006462, 8.386604097607087, 2.516537712810996, 3.0827472893508476, 2.5104877175560927, 3.0688698587590837, 0.0, 1.7709953980742015, 2.430785397767561, 2.5100601546576526, 5.765988738282446, 7.819734845888319, 8.26410145508875, 6.8867595471310015, 4.452582594405184], [7.636173438313198, 6.683853066158771, 7.365401121459713, 5.341448243688222, 5.072742300767899, 4.434485090740525, 2.7470836117599333, 2.154553554683661, 1.096954675453822, 2.1550256657404336, 2.6242482390200816, 3.9309336028480564, 4.79571222656239, 6.136996621312416, 6.695722561456679, 6.108882088402099, 4.759749448237796, 8.567740440162739, 7.911718841061024, 7.411205185393263, 7.1099246029