{"total energy": -49.16223565, "HOMO-LUMO gap/eV": 1.93272835, "electronic energy": -49.68606101, "dipole": [-0.93178385, -0.07958218, 0.11047411], "partial charges": [-0.11371143, 0.00209571, -0.11320116, 0.01054581, -0.10474978, 0.26089068, -0.43142103, -0.03549583, -0.08598767, 0.1263701, -0.01513554, -0.02595663, 0.17285777, -0.1266601, -0.14405831, -0.15753882, 0.04530733, 0.04814735, 0.06116512, 0.04938983, 0.0424694, 0.04295779, 0.06308416, 0.04314988, 0.05024559, 0.04372998, 0.07857441, 0.07135716, 0.07100341, 0.07057482], "atomic dipole moments": [[-0.03098478, -0.06342701, -0.11116896], [0.12418036, 0.08865238, -0.04392813], [-0.03038314, 0.03761954, 0.01990723], [0.09214526, -0.0752357, 0.12325542], [-0.06821656, -0.09593082, -0.04253429], [-0.00917649, -0.00062268, 0.01538713], [-0.10659603, -0.05747208, 0.14708456], [0.12030035, 0.02448076, -0.0650235], [-0.25821019, 0.31476754, 0.10392095], [-0.03405145, -0.07808319, -0.03806857], [-0.01345681, 0.00252819, 0.01782367], [-0.0229785, 0.01320371, 0.02540044], [0.05990622, 0.17997318, 0.07421911], [-0.09471448, 0.01545946, 0.098191], [0.16039384, -0.11759983, -0.22631218], [0.24939678, 0.13808944, -0.11697115], [-0.07051538, -0.04706009, 0.09466003], [-0.02782684, 0.12388962, -0.00342136], [0.1260592, -0.00899267, 0.03704316], [-0.1191486, 0.01707836, -0.03114648], [0.0063569, -0.12388227, 0.01818784], [-0.12179289, 0.02689589, 0.01023411], [0.01846088, -0.0161353, -0.12398369], [-0.03077295, 0.10476076, -0.06408964], [0.12979318, -0.01705394, -0.01646036], [-0.01334286, 0.0274119, 0.121588], [-0.02395604, 0.01181584, 0.13085267], [-0.06419172, -0.10666356, -0.04617581], [0.07236639, -0.06838667, -0.11879198], [0.12568096, 0.06812097, -0.06169148]], "atomic quadrupole moments": [[-0.12692014, 0.05019984, -0.04064851, 0.05371269, 0.15121194, 0.16756865], [-0.0591545, 0.08522887, -0.11822229, -0.14647753, 0.00021735, 0.17737679], [-0.04124562, 0.03637018, -0.00503254, -0.03175105, -0.05588342, 0.04627816], [-0.10500022, 0.00855537, 0.23079387, 0.09898514, -0.12961535, -0.12579365], [-0.03501814, 0.15340595, 0.11638019, 0.06852617, 0.08185303, -0.08136205], [-0.0649965, 0.25463736, 0.04954168, 0.25823184, 0.24987785, 0.01545482], [-0.01106837, 0.09428855, -0.00444228, 0.07081536, 0.10207779, 0.01551065], [0.30793481, -0.12303443, -0.09533363, -0.0796138, -0.10590632, -0.21260118], [0.34996907, 0.09425083, 0.09710704, 0.04578694, 0.25184683, -0.44707611], [-0.091792, -0.14325752, 0.09392355, 0.33577251, -0.10553511, -0.00213156], [0.00927012, -0.21947394, -0.07282301, 0.34338597, -0.27982859, 0.06355289], [-0.01060104, -0.25063115, -0.08845928, 0.31899794, -0.24228124, 0.09906032], [-0.12019126, -0.03069478, 0.17870463, 0.36834078, -0.07145003, -0.05851337], [-0.16600022, 0.17164663, 0.29829573, 0.10310233, 0.20427552, -0.13229551], [-0.04832558, -0.12187651, 0.01701689, 0.22857445, -0.10586628, 0.0313087], [-0.02887344, -0.08012278, 0.02870999, 0.23439827, -0.13757215, 0.00016344], [-0.00749, 0.03947231, -0.01543817, -0.05202834, -0.03086796, 0.02292816], [-0.04056554, -0.02488621, 0.07076194, 0.01755086, -0.01691567, -0.03019641], [0.06908398, -0.02234034, -0.03412043, 0.01633231, 0.00641598, -0.03496355], [0.03333889, -0.02927917, -0.03183549, 0.01340355, -0.00738442, -0.0015034], [-0.03110634, -0.03071162, 0.04089775, -0.00799625, -0.00747254, -0.00979141], [0.04307183, -0.00943606, -0.00604033, -0.02976596, -0.0026405, -0.0370315], [-0.03551695, 0.00246843, -0.00044427, -0.01986402, 0.00725013, 0.03596122], [-0.03322189, -0.02545424, 0.03933594, 0.03060612, -0.05352111, -0.00611404], [0.06159404, -0.02905266, -0.02530637, -0.01894739, 0.01755379, -0.03628767], [-0.03260412, 0.00813376, -0.0431992, -0.02767443, 0.01309933, 0.07580332], [0.01730616, -0.03494371, -0.0493681, -0.01949035, 0.01591482, 0.03206194], [0.00780829, 0.03570809, 0.02625558, 0.02136515, 0.03374029, -0.03406387], [0.00463612, 0.03288098, 0.01227265, -0.03329901, 0.02566594, -0.01690877], [-0.00419231, 0.02368878, 0.01330194, -0.03124975, 0.03070845, -0.00910963]], "number of molecular orbitals": 88, "number of electrons": 88, "number of unpaired electrons": 0, "orbital energies/eV": [-29.11903401, -19.83521419, -19.0069892, -18.99541494, -18.14303656, -17.97114793, -17.93936686, -17.64477921, -17.41958615, -16.9624851, -16.86063913, -16.66255465, -16.41567751, -16.0506718, -15.49259137, -15.34479654, -15.29853567, -15.09656263, -14.9702941, -14.82001184, -14.76964537, -14.27335815, -14.05642584, -13.90301414, -13.7809314, -13.74811744, -13.68355473, -13.50319073, -13.32025598, -13.14871983, -13.02432877, -12.97383772, -12.83945964, -12.69063903, -12.56299864, -12.43896517, -11.99076643, -11.97893276, -11.75943995, -11.7218739, -11.03388593, -10.71315438, -10.58623211, -10.26882597, -8.33609762, -7.4518894, -6.26292967, -5.86628942, -4.55641854, -4.19893823, -3.93763055, -1.23824019, -0.66959745, -0.26162228, -0.09067447, 0.09673023, 0.09890533, 0.45380587, 0.74643722, 1.59296729, 1.83580953, 2.12220858, 2.59420885, 2.81457777, 3.01452072, 3.22684881, 3.49764596, 3.93349213, 4.01709759, 4.38780435, 4.42493629, 4.62325341, 4.79718948, 4.98129555, 5.42015546, 5.63026345, 5.97436135, 6.57351143, 7.04552662, 7.4098349, 7.72483502, 8.32683846, 9.12902073, 10.82937885, 11.84582426, 14.45272023, 14.94999308, 15.17409143], "fractional occupation": [2.0, 2.0, 2.0, 2.0, 2.0, 2.0, 2.0, 2.0, 2.0, 2.0, 2.0, 2.0, 2.0, 2.0, 2.0, 2.0, 2.0, 2.0, 2.0, 2.0, 2.0, 2.0, 2.0, 2.0, 2.0, 2.0, 2.0, 2.0, 2.0, 2.0, 2.0, 2.0, 2.0, 2.0, 2.0, 2.0, 2.0, 2.0, 2.0, 2.0, 2.0, 2.0, 2.0, 2.0, 0.0, 0.0, 0.0, 0.0, 0.0, 0.0, 0.0, 0.0, 0.0, 0.0, 0.0, 0.0, 0.0, 0.0, 0.0, 0.0, 0.0, 0.0, 0.0, 0.0, 0.0, 0.0, 0.0, 0.0, 0.0, 0.0, 0.0, 0.0, 0.0, 0.0, 0.0, 0.0, 0.0, 0.0, 0.0, 0.0, 0.0, 0.0, 0.0, 0.0, 0.0, 0.0, 0.0, 0.0], "program call": "xtb /home/svss/Project-DBcg-Debug/aqme2_20220329/End-to-End-workflows-final/example-3/QDESCP/mol_327_rdkit_conf_3/mol_327_rdkit_conf_3.xyz --pop --wbo --acc 0.2 --gfn 2 --chrg 0 --uhf 0 --etemp 300 --input /home/svss/Project-DBcg-Debug/aqme2_20220329/End-to-End-workflows-final/example-3/QDESCP/mol_327_rdkit_conf_3/mol_327_rdkit_conf_3_xtb.inp", "method": "GFN2-xTB", "xtb version": "6.3.3 (7355c4f)", "Dipole module/D": 2.394, "Total charge": 0, "Transition dipole module/D": NaN, "HOMO": -10.2688, "LUMO": -8.3361, "HOMO occupancy": 2.0, "LUMO occupancy": 0, "mulliken charges": [-0.09695, 0.09023, -0.28749, 0.10504, -0.09234, 0.45801, -0.55538, -0.01349, -0.0792, 0.20959, -0.01605, -0.03587, 0.24133, -0.09313, -0.19194, -0.20052, 0.03488, 0.03768, 0.04524, 0.03351, 0.02708, 0.02186, 0.04987, 0.03118, 0.05227, 0.02899, 0.0412, 0.05554, 0.05065, 0.04823], "cm5 charges": [-0.24249, 0.0379, -0.54363, 0.05512, -0.23696, 0.54881, -0.59929, -0.09171, -0.10931, 0.2963, -0.05884, -0.08007, 0.31724, -0.08661, -0.28824, -0.30036, 0.08609, 0.09126, 0.10108, 0.09811, 0.09286, 0.08659, 0.11847, 0.08245, 0.10845, 0.08296, 0.10575, 0.1143, 0.10822, 0.10554], "FUKUI+": [0.006, 0.012, -0.027, 0.011, 0.005, -0.008, -0.025, 0.022, -0.159, 0.001, -0.048, -0.058, -0.011, -0.124, -0.131, -0.132, -0.02, -0.011, 0.014, -0.025, -0.01, -0.024, -0.015, -0.021, 0.013, -0.004, -0.025, -0.042, -0.079, -0.085], "FUKUI-": [0.006, 0.014, -0.064, 0.013, 0.006, -0.003, -0.058, 0.036, -0.268, 0.021, -0.011, -0.016, -0.009, -0.116, -0.077, -0.061, -0.031, -0.019, 0.001, -0.039, -0.023, -0.034, -0.036, -0.032, -0.004, -0.017, -0.039, -0.044, -0.043, -0.054], "FUKUIrad": [0.006, 0.013, -0.045, 0.012, 0.006, -0.005, -0.042, 0.029, -0.214, 0.011, -0.029, -0.037, -0.01, -0.12, -0.104, -0.097, -0.026, -0.015, 0.007, -0.032, -0.016, -0.029, -0.026, -0.027, 0.004, -0.011, -0.032, -0.043, -0.061, -0.069], "s proportion": [1.013, 1.007, 1.451, 1.004, 1.011, 1.011, 1.734, 1.048, 1.928, 1.058, 1.066, 1.065, 1.046, 1.942, 1.571, 1.573, 0.965, 0.962, 0.955, 0.966, 0.973, 0.978, 0.95, 0.969, 0.948, 0.971, 0.959, 0.944, 0.949, 0.952], "p proportion": [3.084, 2.903, 3.837, 2.891, 3.081, 2.531, 4.822, 2.965, 4.148, 2.732, 2.95, 2.971, 2.712, 5.162, 3.621, 3.628, 0.0, 0.0, 0.0, 0.0, 0.0, 0.0, 0.0, 0.0, 0.0, 0.0, 0.0, 0.0, 0.0, 0.0], "d proportion": [0.0, 0.0, 0.0, 0.0, 0.0, 0.0, 0.0, 0.0, 0.003, 0.0, 0.0, 0.0, 0.0, -0.01, 0.0, 0.0, 0.0, 0.0, 0.0, 0.0, 0.0, 0.0, 0.0, 0.0, 0.0, 0.0, 0.0, 0.0, 0.0, 0.0], "Fermi-level/eV": -9.3025, "Coordination numbers": [3.749, 3.736, 2.727, 3.741, 3.749, 2.776, 0.857, 3.793, 2.037, 2.892, 2.954, 2.947, 2.819, 0.987, 1.967, 1.943, 0.924, 0.924, 0.924, 0.924, 0.924, 0.924, 0.924, 0.924, 0.924, 0.924, 0.925, 0.924, 0.925, 0.925], "Dispersion coefficient C6": [22.741, 20.629, 23.47, 20.473, 22.567, 22.605, 22.319, 21.216, 144.636, 25.229, 28.388, 28.65, 24.278, 103.113, 24.877, 25.188, 2.379, 2.343, 2.185, 2.328, 2.416, 2.41, 2.163, 2.407, 2.317, 2.4, 1.994, 2.071, 2.074, 2.079], "Total dispersion C6": 12346.21851, "Total dispersion C8": 329278.366707, "Polarizability alpha": [6.801, 6.482, 7.195, 6.455, 6.775, 7.787, 6.334, 6.559, 20.241, 8.235, 8.739, 8.779, 8.073, 15.535, 7.397, 7.442, 2.412, 2.394, 2.312, 2.386, 2.431, 2.428, 2.3, 2.426, 2.38, 2.423, 2.208, 2.25, 2.252, 2.255], "Total polarizability alpha": 171.689291, "Wiberg matrix": [[0.0, 1.0101446706159676, 0.0, 0.0, 0.0, 0.0, 0.0, 0.0, 0.0, 0.0, 0.0, 0.0, 0.0, 0.0, 0.0, 0.0, 0.9830282048438169, 0.9833511083438524, 0.9822100532322965, 0.0, 0.0, 0.0, 0.0, 0.0, 0.0, 0.0, 0.0, 0.0, 0.0, 0.0], [1.0101446706159676, 0.0, 0.9869558098409758, 0.0, 0.0, 0.0, 0.0, 0.0, 0.0, 0.0, 0.0, 0.0, 0.0, 0.0, 0.0, 0.0, 0.0, 0.0, 0.0, 0.9679793183950054, 0.9694697427814565, 0.0, 0.0, 0.0, 0.0, 0.0, 0.0, 0.0, 0.0, 0.0], [0.0, 0.9869558098409758, 0.0, 0.9801527622949967, 0.0, 1.2286551975208295, 0.1960800292306929, 0.0, 0.0, 0.0, 0.0, 0.0, 0.0, 0.0, 0.0, 0.0, 0.0, 0.0, 0.0, 0.0, 0.0, 0.0, 0.0, 0.0, 0.0, 0.0, 0.0, 0.0, 0.0, 0.0], [0.0, 0.0, 0.9801527622949967, 0.0, 1.0112709775884559, 0.0, 0.0, 0.0, 0.0, 0.0, 0.0, 0.0, 0.0, 0.0, 0.0, 0.0, 0.0, 0.0, 0.0, 0.0, 0.0, 0.9718727790596434, 0.9673939992749374, 0.0, 0.0, 0.0, 0.0, 0.0, 0.0, 0.0], [0.0, 0.0, 0.0, 1.0112709775884559, 0.0, 0.0, 0.0, 0.0, 0.0, 0.0, 0.0, 0.0, 0.0, 0.0, 0.0, 0.0, 0.0, 0.0, 0.0, 0.0, 0.0, 0.0, 0.0, 0.9836310499000456, 0.9854735102435669, 0.9835646685919982, 0.0, 0.0, 0.0, 0.0], [0.0, 0.0, 1.2286551975208295, 0.0, 0.0, 0.0, 1.6860041045868142, 0.9674113183925783, 0.0, 0.0, 0.0, 0.0, 0.0, 0.0, 0.0, 0.0, 0.0, 0.0, 0.0, 0.0, 0.0, 0.0, 0.0, 0.0, 0.0, 0.0, 0.0, 0.0, 0.0, 0.0], [0.0, 0.0, 0.1960800292306929, 0.0, 0.0, 1.6860041045868142, 0.0, 0.0, 0.0, 0.0, 0.0, 0.0, 0.0, 0.0, 0.0, 0.0, 0.0, 0.0, 0.0, 0.0, 0.0, 0.0, 0.0, 0.0, 0.0, 0.0, 0.0, 0.0, 0.0, 0.0], [0.0, 0.0, 0.0, 0.0, 0.0, 0.9674113183925783, 0.0, 0.0, 0.9853166632400879, 0.0, 0.0, 0.0, 0.0, 0.0, 0.0, 0.0, 0.0, 0.0, 0.0, 0.0, 0.0, 0.0, 0.0, 0.0, 0.0, 0.0, 0.9624075349579935, 0.9529660182538725, 0.0, 0.0], [0.0, 0.0, 0.0, 0.0, 0.0, 0.0, 0.0, 0.9853166632400879, 0.0, 1.0576982281171994, 0.0, 0.0, 0.0, 0.0, 0.0, 0.0, 0.0, 0.0, 0.0, 0.0, 0.0, 0.0, 0.0, 0.0, 0.0, 0.0, 0.0, 0.0, 0.0, 0.0], [0.0, 0.0, 0.0, 0.0, 0.0, 0.0, 0.0, 0.0, 1.0576982281171994, 0.0, 1.3416057646507105, 0.0, 0.0, 0.0, 0.0, 1.433079419087994, 0.0, 0.0, 0.0, 0.0, 0.0, 0.0, 0.0, 0.0, 0.0, 0.0, 0.0, 0.0, 0.0, 0.0], [0.0, 0.0, 0.0, 0.0, 0.0, 0.0, 0.0, 0.0, 0.0, 1.3416057646507105, 0.0, 1.4854082831565458, 0.0, 0.0, 0.11633085992855136, 0.0, 0.0, 0.0, 0.0, 0.0, 0.0, 0.0, 0.0, 0.0, 0.0, 0.0, 0.0, 0.0, 0.9634760691582347, 0.0], [0.0, 0.0, 0.0, 0.0, 0.0, 0.0, 0.0, 0.0, 0.0, 0.0, 1.4854082831565458, 0.0, 1.3461249782866702, 0.0, 0.0, 0.10736385413183178, 0.0, 0.0, 0.0, 0.0, 0.0, 0.0, 0.0, 0.0, 0.0, 0.0, 0.0, 0.0, 0.0, 0.9629193100337368], [0.0, 0.0, 0.0, 0.0, 0.0, 0.0, 0.0, 0.0, 0.0, 0.0, 0.0, 1.3461249782866702, 0.0, 1.0048507547157157, 1.4452874997473388, 0.0, 0.0, 0.0, 0.0, 0.0, 0.0, 0.0, 0.0, 0.0, 0.0, 0.0, 0.0, 0.0, 0.0, 0.0], [0.0, 0.0, 0.0, 0.0, 0.0, 0.0, 0.0, 0.0, 0.0, 0.0, 0.0, 0.0, 1.0048507547157157, 0.0, 0.0, 0.0, 0.0, 0.0, 0.0, 0.0, 0.0, 0.0, 0.0, 0.0, 0.0, 0.0, 0.0, 0.0, 0.0, 0.0], [0.0, 0.0, 0.0, 0.0, 0.0, 0.0, 0.0, 0.0, 0.0, 0.0, 0.11633085992855136, 0.0, 1.4452874997473388, 0.0, 0.0, 1.335609200371892, 0.0, 0.0, 0.0, 0.0, 0.0, 0.0, 0.0, 0.0, 0.0, 0.0, 0.0, 0.0, 0.0, 0.0], [0.0, 0.0, 0.0, 0.0, 0.0, 0.0, 0.0, 0.0, 0.0, 1.433079419087994, 0.0, 0.10736385413183178, 0.0, 0.0, 1.335609200371892, 0.0, 0.0, 0.0, 0.0, 0.0, 0.0, 0.0, 0.0, 0.0, 0.0, 0.0, 0.0, 0.0, 0.0, 0.0], [0.9830282048438169, 0.0, 0.0, 0.0, 0.0, 0.0, 0.0, 0.0, 0.0, 0.0, 0.0, 0.0, 0.0, 0.0, 0.0, 0.0, 0.0, 0.0, 0.0, 0.0, 0.0, 0.0, 0.0, 0.0, 0.0, 0.0, 0.0, 0.0, 0.0, 0.0], [0.9833511083438524, 0.0, 0.0, 0.0, 0.0, 0.0, 0.0, 0.0, 0.0, 0.0, 0.0, 0.0, 0.0, 0.0, 0.0, 0.0, 0.0, 0.0, 0.0, 0.0, 0.0, 0.0, 0.0, 0.0, 0.0, 0.0, 0.0, 0.0, 0.0, 0.0], [0.9822100532322965, 0.0, 0.0, 0.0, 0.0, 0.0, 0.0, 0.0, 0.0, 0.0, 0.0, 0.0, 0.0, 0.0, 0.0, 0.0, 0.0, 0.0, 0.0, 0.0, 0.0, 0.0, 0.0, 0.0, 0.0, 0.0, 0.0, 0.0, 0.0, 0.0], [0.0, 0.9679793183950054, 0.0, 0.0, 0.0, 0.0, 0.0, 0.0, 0.0, 0.0, 0.0, 0.0, 0.0, 0.0, 0.0, 0.0, 0.0, 0.0, 0.0, 0.0, 0.0, 0.0, 0.0, 0.0, 0.0, 0.0, 0.0, 0.0, 0.0, 0.0], [0.0, 0.9694697427814565, 0.0, 0.0, 0.0, 0.0, 0.0, 0.0, 0.0, 0.0, 0.0, 0.0, 0.0, 0.0, 0.0, 0.0, 0.0, 0.0, 0.0, 0.0, 0.0, 0.0, 0.0, 0.0, 0.0, 0.0, 0.0, 0.0, 0.0, 0.0], [0.0, 0.0, 0.0, 0.9718727790596434, 0.0, 0.0, 0.0, 0.0, 0.0, 0.0, 0.0, 0.0, 0.0, 0.0, 0.0, 0.0, 0.0, 0.0, 0.0, 0.0, 0.0, 0.0, 0.0, 0.0, 0.0, 0.0, 0.0, 0.0, 0.0, 0.0], [0.0, 0.0, 0.0, 0.9673939992749374, 0.0, 0.0, 0.0, 0.0, 0.0, 0.0, 0.0, 0.0, 0.0, 0.0, 0.0, 0.0, 0.0, 0.0, 0.0, 0.0, 0.0, 0.0, 0.0, 0.0, 0.0, 0.0, 0.0, 0.0, 0.0, 0.0], [0.0, 0.0, 0.0, 0.0, 0.9836310499000456, 0.0, 0.0, 0.0, 0.0, 0.0, 0.0, 0.0, 0.0, 0.0, 0.0, 0.0, 0.0, 0.0, 0.0, 0.0, 0.0, 0.0, 0.0, 0.0, 0.0, 0.0, 0.0, 0.0, 0.0, 0.0], [0.0, 0.0, 0.0, 0.0, 0.9854735102435669, 0.0, 0.0, 0.0, 0.0, 0.0, 0.0, 0.0, 0.0, 0.0, 0.0, 0.0, 0.0, 0.0, 0.0, 0.0, 0.0, 0.0, 0.0, 0.0, 0.0, 0.0, 0.0, 0.0, 0.0, 0.0], [0.0, 0.0, 0.0, 0.0, 0.9835646685919982, 0.0, 0.0, 0.0, 0.0, 0.0, 0.0, 0.0, 0.0, 0.0, 0.0, 0.0, 0.0, 0.0, 0.0, 0.0, 0.0, 0.0, 0.0, 0.0, 0.0, 0.0, 0.0, 0.0, 0.0, 0.0], [0.0, 0.0, 0.0, 0.0, 0.0, 0.0, 0.0, 0.9624075349579935, 0.0, 0.0, 0.0, 0.0, 0.0, 0.0, 0.0, 0.0, 0.0, 0.0, 0.0, 0.0, 0.0, 0.0, 0.0, 0.0, 0.0, 0.0, 0.0, 0.0, 0.0, 0.0], [0.0, 0.0, 0.0, 0.0, 0.0, 0.0, 0.0, 0.9529660182538725, 0.0, 0.0, 0.0, 0.0, 0.0, 0.0, 0.0, 0.0, 0.0, 0.0, 0.0, 0.0, 0.0, 0.0, 0.0, 0.0, 0.0, 0.0, 0.0, 0.0, 0.0, 0.0], [0.0, 0.0, 0.0, 0.0, 0.0, 0.0, 0.0, 0.0, 0.0, 0.0, 0.9634760691582347, 0.0, 0.0, 0.0, 0.0, 0.0, 0.0, 0.0, 0.0, 0.0, 0.0, 0.0, 0.0, 0.0, 0.0, 0.0, 0.0, 0.0, 0.0, 0.0], [0.0, 0.0, 0.0, 0.0, 0.0, 0.0, 0.0, 0.0, 0.0, 0.0, 0.0, 0.9629193100337368, 0.0, 0.0, 0.0, 0.0, 0.0, 0.0, 0.0, 0.0, 0.0, 0.0, 0.0, 0.0, 0.0, 0.0, 0.0, 0.0, 0.0, 0.0]], "Born radii": [], "Atomic SASAs": [], "Solvent H bonds": [], "Total SASA": NaN, "Total FOD": 0.0, "FOD": [0.0, 0.0, 0.0, 0.0, 0.0, 0.0, 0.0, 0.0, 0.0, 0.0, 0.0, 0.0, 0.0, 0.0, 0.0, 0.0, 0.0, 0.0, 0.0, 0.0, 0.0, 0.0, 0.0, 0.0, 0.0, 0.0, 0.0, 0.0, 0.0, 0.0], "FOD s proportion": [0.0, 0.0, 0.0, 0.0, 0.0, 0.0, 0.0, 0.0, 0.0, 0.0, 0.0, 0.0, 0.0, 0.0, 0.0, 0.0, 0.0, 0.0, 0.0, 0.0, 0.0, 0.0, 0.0, 0.0, 0.0, 0.0, 0.0, 0.0, 0.0, 0.0], "FOD p proportion": [0.0, 0.0, 0.0, 0.0, 0.0, 0.0, 0.0, 0.0, 0.0, 0.0, 0.0, 0.0, 0.0, 0.0, 0.0, 0.0, 0.0, 0.0, 0.0, 0.0, 0.0, 0.0, 0.0, 0.0, 0.0, 0.0, 0.0, 0.0, 0.0, 0.0], "FOD d proportion": [0.0, 0.0, 0.0, 0.0, 0.0, 0.0, 0.0, 0.0, 0.0, 0.0, 0.0, 0.0, 0.0, 0.0, 0.0, 0.0, 0.0, 0.0, 0.0, 0.0, 0.0, 0.0, 0.0, 0.0, 0.0, 0.0, 0.0, 0.0, 0.0, 0.0], "coordinates": [["-2.21790", "-0.11840", "1.68230"], ["-2.53160", "-0.82140", "0.37230"], ["-1.66150", "-0.40170", "-0.72920"], ["-2.00210", "0.83950", "-1.42790"], ["-1.16880", "2.02740", "-0.96640"], ["-0.47880", "-1.04960", "-1.09780"], ["0.18040", "-0.66420", "-2.06830"], ["-0.05520", "-2.26750", "-0.27370"], ["1.73650", "-2.59830", "-0.39980"], ["2.35090", "-1.04660", "0.21480"], ["3.48160", "-0.47170", "-0.34510"], ["3.93080", "0.74810", "0.15390"], ["3.22560", "1.32040", "1.19240"], ["3.68870", "2.81960", "1.87460"], ["2.13710", "0.74460", "1.73840"], ["1.69960", "-0.45710", "1.24420"], ["-2.82730", "-0.53620", "2.48980"], ["-2.44030", "0.95060", "1.61940"], ["-1.16450", "-0.22720", "1.95590"], ["-3.57190", "-0.63350", "0.08320"], ["-2.44800", "-1.90350", "0.51040"], ["-3.06840", "1.05080", "-1.29260"], ["-1.84150", "0.68800", "-2.50180"], ["-1.44830", "2.92400", "-1.52840"], ["-0.09930", "1.85190", "-1.11970"], ["-1.31980", "2.23460", "0.09630"], ["-0.29430", "-2.14480", "0.78400"], ["-0.59460", "-3.13960", "-0.65560"], ["3.99930", "-0.95100", "-1.16970"], ["4.80360", "1.23290", "-0.26710"]], "bond_dist": [[0.0, 1.5194461787111775, 2.491018285761869, 3.2615159190167997, 3.5666062496440505, 3.4088939936583538, 4.485168992356921, 3.6224077766038434, 5.111000271962427, 4.887642062385502, 6.059659388117455, 6.39479010601599, 5.651711218737207, 6.599753544640891, 4.440038424383285, 3.9564448119492335, 1.0945233894257351, 1.093699762274821, 1.0937760099764486, 2.157722136884172, 2.1477610737696127, 3.3076288939359566, 4.277692220111214, 4.489663284701872, 4.027623623180299, 2.9763381209130118, 2.9348725372663123, 4.150726290662877, 6.890624253287942, 7.411317986701151], [1.5194461787111775, 0.0, 1.4651021636732369, 2.505928789890088, 3.4300150101712386, 2.535203559874433, 3.6518740668319873, 2.9395710860600053, 4.68723688648227, 4.890227759522046, 6.065931675348808, 6.653844194899667, 6.197194775864319, 7.362466867837165, 5.110317495029052, 4.335432797311014, 2.1569848817272685, 2.1687734090955653, 2.174816086477199, 1.095951326473945, 1.0940753995954757, 2.562260542958112, 3.3188819171522206, 4.33753622924351, 3.91007419111198, 3.2990561134967074, 2.6318046546048968, 3.1910184346067325, 6.711722205961745, 7.6442226478563535], [2.491018285761869, 1.4651021636732369, 0.0, 1.4645024718313044, 2.4898883388618054, 1.39800560084715, 2.2923112070571916, 2.503775065775678, 4.059551689534203, 4.172096088299022, 5.15789786831806, 5.777172746248809, 5.526474588740999, 6.766179732315718, 4.672517031536643, 3.8979956298077094, 3.426242970076699, 2.8197813195352577, 2.736278724837804, 2.0888640836588674, 2.100141340481635, 2.0991768434317297, 2.088529829808518, 3.4270184373592154, 2.769778339506611, 2.7835744699935727, 2.6827984810641294, 2.9393517958896993, 5.704421739317667, 6.684532263367423], [3.2615159190167997, 2.505928789890088, 1.4645024718313044, 0.0, 1.522654770458491, 2.449103450244599, 2.7266338404707002, 3.8439623112096197, 5.1819483218187345, 5.020402922077071, 5.741312303820442, 6.140826297005965, 5.867374556818407, 6.871135779476344, 5.212239282688392, 4.7459322435112785, 4.233424006640488, 3.0806492400141887, 3.645480090468195, 2.63009966541194, 3.3881975591750844, 1.0954220510835082, 1.0963602601335019, 2.15915143980222, 2.177289333092871, 2.176010785818857, 4.088413988333373, 4.290773863768633, 6.2681224820515435, 6.915184212296878], [3.5666062496440505, 3.4300150101712386, 2.4898883388618054, 1.522654770458491, 0.0, 3.156151922832613, 3.2061245780536978, 4.490668576058581, 5.491712314023742, 4.820061984041284, 5.315800472177261, 5.375648866881096, 4.946818957673709, 5.6827957987244275, 4.459875972490715, 4.391720752734627, 4.611722633680391, 3.0761294072259053, 3.6909452637501956, 3.7358986308517523, 4.389677173779411, 2.1607022376995864, 2.1456865591227436, 1.0944659930760752, 1.0945918828494938, 1.093189887439506, 4.6082429677698205, 5.208089023816701, 5.9683712233740955, 6.065460617298575], [3.4088939936583538, 2.535203559874433, 1.39800560084715, 2.449103450244599, 3.156151922832613, 0.0, 1.234887869403534, 1.53031309868275, 2.7916356818180987, 3.119315606026425, 4.0725046175541655, 4.92372321927218, 4.958275446160691, 6.416691254065447, 4.255128304763559, 3.252913587847055, 4.318553643293088, 3.902750072705143, 3.2359867026920863, 3.3369398885805537, 2.6820143716990033, 3.340008287414868, 2.616757736207156, 4.112765926964481, 2.9262949458316743, 3.594318495904335, 2.1851028648555655, 2.1394042348280045, 4.479762402181615, 5.814087933631551], [4.485168992356921, 3.6518740668319873, 2.2923112070571916, 2.7266338404707002, 3.2061245780536978, 1.234887869403534, 0.0, 2.4179882981519984, 2.9910002123035695, 3.1733020057977464, 3.728859869987071, 4.582386309555317, 4.883036421121595, 6.323882647551265, 4.5060356434453555, 3.6501390795420385, 5.462501157894613, 4.803621427631449, 4.265432059006449, 4.3254652963583, 3.885105499211057, 3.754682001181991, 2.470717851151766, 3.977352755288371, 2.7034853911201373, 3.9165207314656207, 3.2485584095102857, 2.953633601176693, 3.9336666622885064, 5.311994737384442], [3.6224077766038434, 2.9395710860600053, 2.503775065775678, 3.8439623112096197, 4.490668576058581, 1.53031309868275, 2.4179882981519984, 0.0, 1.8263402585498683, 2.741996766956519, 3.967234533021712, 5.016461015496882, 5.0780039641575705, 6.671623978462814, 4.234084565759169, 2.9429392807191928, 4.280054947077198, 4.430428560534523, 3.219392293585856, 3.8941639025598294, 2.5441699333967454, 4.596590730095513, 4.109778284774009, 5.5196623039820105, 4.205605446306157, 4.690950604088686, 1.0913081095639308, 1.094238721669088, 4.356025539410897, 5.988387191890652], [5.111000271962427, 4.68723688648227, 4.059551689534203, 5.1819483218187345, 5.491712314023742, 2.7916356818180987, 2.9910002123035695, 1.8263402585498683, 0.0, 1.7784806465070124, 2.751507524976081, 4.039793205103449, 4.484275787683001, 6.19173809281368, 3.988403190501181, 2.699784259899298, 5.78189545132044, 5.841020295290884, 4.425747247640786, 5.680918816529593, 4.338346612478076, 6.099187377019991, 5.29341625890124, 6.473985348299762, 4.8675145289973205, 5.73968703937767, 2.3939910881204214, 2.4067543580515234, 2.902861887861701, 4.909460778945077], [4.887642062385502, 4.890227759522046, 4.172096088299022, 5.020402922077071, 4.820061984041284, 3.119315606026425, 3.1733020057977464, 2.741996766956519, 1.7784806465070124, 0.0, 1.3865354340946354, 2.3918070386216357, 2.7061949024414336, 4.414991202709242, 2.3612422239152, 1.353279830633709, 5.678898519959659, 5.3774814216322495, 4.007603115329661, 5.938647153182281, 4.883758611970907, 6.0033452349502605, 5.28819160772376, 5.765269398735848, 4.023142122769217, 4.924870981051178, 2.92012241524221, 3.7167479615922305, 2.1548090797098474, 3.3829107511136027], [6.059659388117455, 6.065931675348808, 5.15789786831806, 5.741312303820442, 5.315800472177261, 4.0725046175541655, 3.728859869987071, 3.967234533021712, 2.751507524976081, 1.3865354340946354, 0.0, 1.3923698071992225, 2.3750925581964166, 3.9752502047041007, 2.7618903291043253, 2.387804776358402, 6.916866159613036, 6.399304427045177, 5.190436056826054, 7.06834368009932, 6.159714900058281, 6.791042813883593, 5.8593218541056435, 6.102039936775242, 4.338429085510099, 5.5292255886335475, 4.281536082996381, 4.881547613206288, 1.0852220694401675, 2.158571092181122], [6.39479010601599, 6.653844194899667, 5.777172746248809, 6.140826297005965, 5.375648866881096, 4.92372321927218, 4.582386309555317, 5.016461015496882, 4.039793205103449, 2.3918070386216357, 1.3923698071992225, 0.0, 1.379607400676004, 2.703799761446842, 2.393326594930161, 2.760346820600629, 7.264831099894891, 6.540612487374559, 5.491857261437154, 7.629175862437568, 6.917164466022187, 7.15351593134453, 6.354195605267435, 6.041472577939919, 4.368310589919174, 5.457270413860761, 5.159202111761082, 6.020693207596614, 2.1548897930056654, 1.083536746031255], [5.651711218737207, 6.197194775864319, 5.526474588740999, 5.867374556818407, 4.946818957673709, 4.958275446160691, 4.883036421121595, 5.0780039641575705, 4.484275787683001, 2.7061949024414336, 2.3750925581964166, 1.379607400676004, 0.0, 1.7109819081451445, 1.3470315103961004, 2.34325958655886, 6.462801925635661, 5.693988395667839, 4.7170940228068385, 7.159193816345525, 6.5611273551120775, 6.772174330301901, 6.302582471495316, 5.640888831558374, 4.084514496240649, 4.76422690580539, 4.956218075307018, 6.156348921235702, 3.3671035119223762, 2.1512509151654067], [6.599753544640891, 7.362466867837165, 6.766179732315718, 6.871135779476344, 5.6827957987244275, 6.416691254065447, 6.323882647551265, 6.671623978462814, 6.19173809281368, 4.414991202709242, 3.9752502047041007, 2.703799761446842, 1.7109819081451445, 0.0, 2.5945400363070132, 3.884673198610148, 7.355142464969663, 6.41271619830474, 5.7308943603943705, 8.237070227332046, 7.863065696024674, 7.669303077203299, 7.3674763358968445, 6.162797851625509, 4.924552749235203, 5.3469288512191735, 6.457473555501408, 7.762772415187759, 4.8560950577598865, 2.889203660180431], [4.440038424383285, 5.110317495029052, 4.672517031536643, 5.212239282688392, 4.459875972490715, 4.255128304763559, 4.5060356434453555, 4.234084565759169, 3.988403190501181, 2.3612422239152, 2.7618903291043253, 2.393326594930161, 1.3470315103961004, 2.5945400363070132, 0.0, 1.3710298246208943, 5.181729244180943, 4.583578052133508, 3.4485162099082562, 6.101764306329768, 5.4353987544613505, 6.03141357311866, 5.8147878344785715, 5.317599059726109, 3.7942501050932314, 4.106914902941136, 3.8950247341961775, 5.317934799337051, 3.8470630109214485, 3.3720452829106553], [3.9564448119492335, 4.335432797311014, 3.8979956298077094, 4.7459322435112785, 4.391720752734627, 3.252913587847055, 3.6501390795420385, 2.9429392807191928, 2.699784259899298, 1.353279830633709, 2.387804776358402, 2.760346820600629, 2.34325958655886, 3.884673198610148, 1.3710298246208943, 0.0, 4.6958066165462995, 4.388754531754994, 2.9601418395070196, 5.400717564361239, 4.453439250736446, 5.60740052519882, 5.280450664479311, 5.387803112586799, 3.762385602247595, 4.204723493881613, 2.6524993006596627, 4.0085408729361856, 3.3703813597277086, 3.8438188940167306], [1.0945233894257351, 2.1569848817272685, 3.426242970076699, 4.233424006640488, 4.611722633680391, 4.318553643293088, 5.462501157894613, 4.280054947077198, 5.78189545132044, 5.678898519959659, 6.916866159613036, 7.264831099894891, 6.462801925635661, 7.355142464969663, 5.181729244180943, 4.6958066165462995, 0.0, 1.7657687844109151, 1.7735371577725683, 2.5210355035183456, 2.4354470103042685, 4.108922969587042, 5.233214866599689, 5.479101776751369, 5.116003895620096, 3.9596377536335314, 3.451584650562695, 4.653620312187061, 7.756704638569139, 8.304266808695395], [1.093699762274821, 2.1687734090955653, 2.8197813195352577, 3.0806492400141887, 3.0761294072259053, 3.902750072705143, 4.803621427631449, 4.430428560534523, 5.841020295290884, 5.3774814216322495, 6.399304427045177, 6.540612487374559, 5.693988395667839, 6.41271619830474, 4.583578052133508, 4.388754531754994, 1.7657687844109151, 0.0, 1.7686465814288619, 2.4798793942448087, 3.0619972403645304, 2.980653225385335, 4.172746055057749, 3.845388979024099, 3.7142013273380856, 2.285609297320957, 3.8580708028754476, 5.031100230565875, 7.270736519088008, 7.490838587901891], [1.0937760099764486, 2.174816086477199, 2.736278724837804, 3.645480090468195, 3.6909452637501956, 3.2359867026920863, 4.265432059006449, 3.219392293585856, 4.425747247640786, 4.007603115329661, 5.190436056826054, 5.491857261437154, 4.7170940228068385, 5.7308943603943705, 3.4485162099082562, 2.9601418395070196, 1.7735371577725683, 1.7686465814288619, 0.0, 3.0769562460327577, 2.5586762573643425, 3.9762886540089113, 4.600761820611886, 4.706479615381331, 3.8622044495339702, 3.0891243888843323, 2.4099351464302936, 3.953073743304064, 6.079316757662822, 6.533899189611056], [2.157722136884172, 1.095951326473945, 2.0888640836588674, 2.63009966541194, 3.7358986308517523, 3.3369398885805537, 4.3254652963583, 3.8941639025598294, 5.680918816529593, 5.938647153182281, 7.06834368009932, 7.629175862437568, 7.159193816345525, 8.237070227332046, 6.101764306329768, 5.400717564361239, 2.5210355035183456, 2.4798793942448087, 3.0769562460327577, 0.0, 1.748871364623482, 2.2323092034931005, 3.3797738696545956, 4.445530088752071, 4.436567629372959, 3.6466592423751356, 3.6766574616083014, 3.9611460387115236, 7.680731351896119, 8.588082399464971], [2.1477610737696127, 1.0940753995954757, 2.100141340481635, 3.3881975591750844, 4.389677173779411, 2.6820143716990033, 3.885105499211057, 2.5441699333967454, 4.338346612478076, 4.883758611970907, 6.159714900058281, 6.917164466022187, 6.5611273551120775, 7.863065696024674, 5.4353987544613505, 4.453439250736446, 2.4354470103042685, 3.0619972403645304, 2.5586762573643425, 1.748871364623482, 0.0, 3.516190218119606, 4.019584971113312, 5.334872236520758, 4.719814282363237, 4.309081765295247, 2.1843777924159546, 2.5144762416853337, 6.73035434059753, 7.938968054476602], [3.3076288939359566, 2.562260542958112, 2.0991768434317297, 1.0954220510835082, 2.1607022376995864, 3.340008287414868, 3.754682001181991, 4.596590730095513, 6.099187377019991, 6.0033452349502605, 6.791042813883593, 7.15351593134453, 6.772174330301901, 7.669303077203299, 6.03141357311866, 5.60740052519882, 4.108922969587042, 2.980653225385335, 3.9762886540089113, 2.2323092034931005, 3.516190218119606, 0.0, 1.7604181577114002, 2.4878110639676803, 3.0801315605019215, 2.5274547691303995, 4.7137838017881135, 4.907637680187893, 7.346746963112314, 7.940604174746403], [4.277692220111214, 3.3188819171522206, 2.088529829808518, 1.0963602601335019, 2.1456865591227436, 2.616757736207156, 2.470717851151766, 4.109778284774009, 5.29341625890124, 5.28819160772376, 5.8593218541056435, 6.354195605267435, 6.302582471495316, 7.3674763358968445, 5.8147878344785715, 5.280450664479311, 5.233214866599689, 4.172746055057749, 4.600761820611886, 3.3797738696545956, 4.019584971113312, 1.7604181577114002, 0.0, 2.4701841631748835, 2.5100048725052306, 3.0682675991510258, 4.605981471955787, 4.4287397541512865, 6.2109384194338935, 7.031938147481106], [4.489663284701872, 4.33753622924351, 3.4270184373592154, 2.15915143980222, 1.0944659930760752, 4.112765926964481, 3.977352755288371, 5.5196623039820105, 6.473985348299762, 5.765269398735848, 6.102039936775242, 6.041472577939919, 5.640888831558374, 6.162797851625509, 5.317599059726109, 5.387803112586799, 5.479101776751369, 3.845388979024099, 4.706479615381331, 4.445530088752071, 5.334872236520758, 2.4878110639676803, 2.4701841631748835, 0.0, 1.7709418680464923, 1.769586025035234, 5.689608352074859, 6.185291301951752, 6.694821614501763, 6.598253595459938], [4.027623623180299, 3.91007419111198, 2.769778339506611, 2.177289333092871, 1.0945918828494938, 2.9262949458316743, 2.7034853911201373, 4.205605446306157, 4.8675145289973205, 4.023142122769217, 4.338429085510099, 4.368310589919174, 4.084514496240649, 4.924552749235203, 3.7942501050932314, 3.762385602247595, 5.116003895620096, 3.7142013273380856, 3.8622044495339702, 4.436567629372959, 4.719814282363237, 3.0801315605019215, 2.5100048725052306, 1.7709418680464923, 0.0, 1.7648613373293667, 4.431219874932861, 5.037438153466502, 4.965608761269861, 5.014829625221579], [2.9763381209130118, 3.2990561134967074, 2.7835744699935727, 2.176010785818857, 1.093189887439506, 3.594318495904335, 3.9165207314656207, 4.690950604088686, 5.73968703937767, 4.924870981051178, 5.5292255886335475, 5.457270413860761, 4.76422690580539, 5.3469288512191735, 4.106914902941136, 4.204723493881613, 3.9596377536335314, 2.285609297320957, 3.0891243888843323, 3.6466592423751356, 4.309081765295247, 2.5274547691303995, 3.0682675991510258, 1.769586025035234, 1.7648613373293667, 0.0, 4.550134712291494, 5.474787145634066, 6.328003490043285, 6.215423558374763], [2.9348725372663123, 2.6318046546048968, 2.6827984810641294, 4.088413988333373, 4.6082429677698205, 2.1851028648555655, 3.2485584095102857, 1.0913081095639308, 2.3939910881204214, 2.92012241524221, 4.281536082996381, 5.159202111761082, 4.956218075307018, 6.457473555501408, 3.8950247341961775, 2.6524993006596627, 3.451584650562695, 3.8580708028754476, 2.4099351464302936, 3.6766574616083014, 2.1843777924159546, 4.7137838017881135, 4.605981471955787, 5.689608352074859, 4.431219874932861, 4.550134712291494, 0.0, 1.7754591772271195, 4.865912359465591, 6.205018365001026], [4.150726290662877, 3.1910184346067325, 2.9393517958896993, 4.290773863768633, 5.208089023816701, 2.1394042348280045, 2.953633601176693, 1.094238721669088, 2.4067543580515234, 3.7167479615922305, 4.881547613206288, 6.020693207596614, 6.156348921235702, 7.762772415187759, 5.317934799337051, 4.0085408729361856, 4.653620312187061, 5.031100230565875, 3.953073743304064, 3.9611460387115236, 2.5144762416853337, 4.907637680187893, 4.4287397541512865, 6.185291301951752, 5.037438153466502, 5.474787145634066, 1.7754591772271195, 0.0, 5.11450740345539, 6.957747605367703], [6.890624253287942, 6.711722205961745, 5.704421739317667, 6.2681224820515435, 5.9683712233740955, 4.479762402181615, 3.9336666622885064, 4.356025539410897, 2.902861887861701, 2.1548090797098474, 1.0852220694401675, 2.1548897930056654, 3.3671035119223762, 4.8560950577598865, 3.8470630109214485, 3.3703813597277086, 7.756704638569139, 7.270736519088008, 6.079316757662822, 7.680731351896119, 6.73035434059753, 7.346746963112314, 6.2109384194338935, 6.694821614501763, 4.965608761269861, 6.328003490043285, 4.865912359465591, 5.11450740345539, 0.0, 2.496198000960661], [7.411317986701151, 7.6442226478563535, 6.684532263367423, 6.915184212296878, 6.065460617298575, 5.814087933631551, 5.311994737384442, 5.988387191890652, 4.909460778945077, 3.3829107511136027, 2.158571092181122, 1.083536746031255, 2.1512509151654067, 2.889203660180431, 3.3720452829106553, 3.8438188940167306, 8.304266808695395, 7.490838587901891, 6.533899189611056, 8.588082399464971, 7.938968054476602, 7.940604174746403, 7.031938147481106, 6.598253595459938, 5.014829625221579, 6.215423558374763, 6.205018365001026, 6.957747605367703, 2.496198000960661, 0.0]]}