{"total energy": -75.188437, "HOMO-LUMO gap/eV": 3.72673521, "electronic energy": -76.18968502, "dipole": [-1.15610626, 1.46945901, 0.89347283], "partial charges": [-0.43994878, 0.33055417, -0.09627798, 0.15558401, -0.25893772, 0.35710534, -0.4015659, -0.08619133, -0.04641796, -0.10304688, 0.27450757, -0.38484668, 0.05426509, -0.20753545, 0.00525074, -0.02845897, -0.02580289, -0.02750722, -0.02790029, -0.03537308, 0.00743844, -0.03198833, -0.02673606, -0.0263322, -0.02557871, -0.029873, 0.08490223, 0.08761819, 0.06951548, 0.06491798, 0.04592688, 0.04890019, 0.04023063, 0.043051, 0.03730259, 0.19508753, 0.04843311, 0.04213964, 0.0385036, 0.03972178, 0.03752344, 0.03368066, 0.04069463, 0.03991358, 0.04250909, 0.04504183], "atomic dipole moments": [[-0.00817759, 0.02096732, 0.21547698], [0.06046915, -0.02716527, 0.10051817], [0.05541242, -0.0073917, -0.03284093], [0.02454528, 0.25058172, 0.01350538], [0.01128798, -0.23334053, -0.00436718], [-0.18870756, 0.01490699, 0.02881642], [-0.04314375, 0.17379528, 0.0115069], [-0.03104097, -0.07699044, 0.10434693], [-0.12762899, 0.00994768, -0.05566715], [0.06961411, -0.04519519, -0.08241317], [0.01077342, -0.03833733, -0.09232448], [-0.1054986, 0.02643296, -0.14812046], [0.00792992, -0.01862529, -0.1052849], [0.06980533, 0.0235468, 0.03554223], [0.09245326, 0.06199273, -0.08132805], [-0.00435765, -0.00794492, -0.02612989], [0.00586108, 0.00257427, -0.00590607], [0.0058962, 0.00372782, -0.00221884], [0.00625988, 0.0032258, -0.00346279], [0.01718385, 0.00704757, 0.0116397], [-0.00559578, -0.13202815, -0.03292494], [0.01811388, -0.01005985, 0.00187406], [0.00143832, -0.00590613, 0.00098453], [-0.00162641, -0.00694254, -0.00119567], [-0.00177842, -0.01108674, -0.00069775], [-0.01984302, -0.00746551, -0.00130652], [0.03747215, -0.07766556, 0.09944745], [-0.01372554, -0.06239871, -0.1169402], [0.08108136, -0.02723925, -0.0929609], [-0.0592093, 0.10492339, -0.04933077], [0.09255065, 0.07711673, -0.01797493], [0.05243996, -0.10660879, 0.04843651], [0.06626653, 0.02637134, 0.10313567], [-0.09342201, -0.08134707, 0.0370415], [-0.05364285, 0.1079292, -0.03802548], [-0.10242667, 0.07731064, -0.07959403], [0.11557157, 0.07481614, 0.07250141], [0.01673653, 0.00270816, 0.15144369], [-0.09715238, -0.07390777, 0.08888182], [-0.11503632, -0.07922625, -0.06021378], [-0.02727854, -0.01367325, -0.14963872], [-0.13794687, -0.0586515, -0.02681687], [-0.12832382, 0.08197627, 0.00151607], [0.00399002, 0.14812957, 0.03001428], [0.13226461, 0.06942572, 0.03018244], [0.14006228, -0.06830506, 0.00403876]], "atomic quadrupole moments": [[-0.05780391, 0.1086059, 0.0881062, -0.02320162, -0.00040273, -0.03030229], [-0.07633083, 0.25133349, 0.25880445, 0.0245986, -0.04180102, -0.18247362], [0.04257495, -0.03634694, -0.04033978, 0.01904566, -0.00794578, -0.00223517], [0.34591331, 0.14388058, 0.06435651, -0.18591826, 0.00350263, -0.41026982], [0.0505969, 0.06839898, 0.03705515, -0.02629179, -0.00976612, -0.08765205], [-0.05394422, -0.05640662, -0.42651928, 0.08465928, -0.02822119, 0.4804635], [-0.10405351, -0.00582046, -0.10062799, 0.05176488, -0.00666698, 0.2046815], [0.02058971, 0.17975911, -0.0042539, 0.08631324, 0.02937186, -0.01633581], [-0.01334457, -0.04416538, -0.18174573, 0.02394527, 0.14873203, 0.1950903], [0.01427513, -0.0919112, -0.07623302, -0.14323995, 0.10547622, 0.06195789], [-0.11691818, 0.33390637, 0.29244536, -0.04613786, -0.11099578, -0.17552718], [-0.04522214, 0.13500703, 0.13452067, -0.01621195, -0.05410168, -0.08929852], [-0.01632713, -0.04204498, -0.17235777, 0.09866317, 0.05004138, 0.18868489], [-0.04671353, 0.01446462, -0.06214561, -0.02437279, 0.05706567, 0.10885914], [0.02631965, -0.26948415, 0.2126389, -0.14657136, -0.05609919, -0.23895855], [0.00165702, -0.37976486, 0.27497793, -0.0220351, 0.02967445, -0.27663495], [0.00797004, -0.37220455, 0.27632767, -0.01903749, 0.03180445, -0.28429772], [-0.00192556, -0.37945662, 0.26767669, -0.0120797, 0.03347207, -0.26575113], [-0.00960656, -0.3825626, 0.26151849, -0.02270345, 0.02226971, -0.25191193], [-0.01703285, -0.37862753, 0.25239695, -0.0258796, 0.01740866, -0.23536409], [-0.36860295, 0.02981931, -0.04675271, -0.08900613, -0.06273907, 0.41535567], [-0.24615365, 0.03634919, -0.23805459, -0.08933906, -0.14491351, 0.48420823], [-0.25673673, 0.03446629, -0.23876179, -0.08821576, -0.15112326, 0.49549852], [-0.24804027, 0.02002367, -0.2505537, -0.09125861, -0.15507358, 0.49859397], [-0.26280326, 0.00238582, -0.23341243, -0.09629398, -0.15337193, 0.49621569], [-0.27309459, -0.00730854, -0.22529367, -0.09581641, -0.15297877, 0.49838826], [0.01321212, -0.00015628, -0.00903322, 0.00941108, -0.03090748, -0.0041789], [0.00128239, 0.01846797, -0.01627902, -0.00523184, 0.02388541, 0.01499663], [0.02311051, -0.01442156, -0.02527991, -0.04369852, 0.02539751, 0.00216939], [-0.0009007, -0.03995302, 0.03649289, 0.01246163, -0.00707712, -0.03559219], [0.00125119, 0.04910705, 0.00504137, -0.02010071, -0.00021313, -0.00629256], [-0.03141963, -0.02456842, 0.04023745, 0.00224236, -0.01790191, -0.00881782], [0.00989257, 0.00921119, -0.04801373, 0.05271582, 0.0243745, 0.03812115], [0.01615311, 0.05404206, 0.02401699, -0.01987019, -0.00429837, -0.0401701], [-0.0250242, -0.04391968, 0.03908064, 0.00916724, -0.04401831, -0.01405644], [0.01577167, -0.03307102, -0.01794393, 0.00614687, 0.002217, 0.00217226], [0.00074978, 0.04608848, -0.02990194, -0.00841207, -0.00945134, 0.02915217], [0.00586917, 0.05196637, -0.03142392, 0.00212095, -0.00328918, 0.02555474], [-0.00019657, 0.04760384, -0.03525857, 0.00676602, -0.00046265, 0.03545514], [-0.00467281, 0.04490616, -0.0368737, -0.00076387, -0.00628079, 0.04154652], [-0.00067533, 0.04808941, -0.03115077, -0.00895721, -0.01263654, 0.03182611], [0.02118286, -0.00021521, 0.03954587, 0.01141036, 0.02161886, -0.06072873], [0.03117371, 0.00570427, 0.03128181, 0.01363721, 0.02037524, -0.06245552], [0.03841032, -0.00289458, 0.02481245, 0.01234771, 0.01840233, -0.06322276], [0.02996945, -0.01055604, 0.03371109, 0.00939414, 0.01886347, -0.06368054], [0.00977327, -0.0024031, 0.05055644, 0.00783358, 0.02097543, -0.06032971]], "number of molecular orbitals": 124, "number of electrons": 134, "number of unpaired electrons": 0, "orbital energies/eV": [-20.60002466, -20.07493527, -19.93358025, -19.66272356, -19.44777984, -19.32321895, -18.56673743, -18.14275135, -17.98342489, -17.81961179, -17.73776641, -17.71222864, -17.34071511, -17.25811323, -17.15479385, -17.04083603, -16.99810153, -16.9247594, -16.66954388, -16.3757311, -16.26606176, -16.20434213, -16.07442928, -15.91939572, -15.84006376, -15.76615783, -15.67065665, -15.52459159, -15.26835826, -15.14701014, -14.95790549, -14.78091907, -14.74695872, -14.68923176, -14.44006855, -14.31948404, -14.16205753, -14.0805387, -13.94821072, -13.79848763, -13.77565121, -13.71472211, -13.60221817, -13.5929895, -13.51996322, -13.40637295, -13.33525317, -13.26095341, -13.23237774, -13.21110091, -12.63504221, -12.43276693, -12.32585075, -12.2958251, -12.24862316, -12.19599352, -12.11670838, -12.05798728, -11.92033049, -11.80457981, -11.70841547, -11.45356638, -11.41710194, -11.38150873, -11.32338988, -11.31576922, -11.13904878, -7.41231357, -6.79707278, -6.74904534, -6.65962018, -6.54909599, -6.51321527, -5.37579817, -3.33458573, -3.19210094, -1.39650603, -0.33672209, 0.27766597, 0.86774716, 1.06373077, 2.36523103, 2.44221919, 2.58283224, 2.66199534, 2.8027725, 3.05212021, 3.35285855, 3.4370007, 3.62962203, 3.73374244, 3.84050175, 4.00799788, 4.07198269, 4.26147053, 4.30597767, 4.41879718, 4.57909494, 4.69584973, 4.87121787, 5.04514394, 5.30706792, 5.36696014, 5.6205997, 6.7188672, 6.76151812, 7.11372626, 7.80717051, 9.49278203, 9.65054957, 9.82250304, 10.05107357, 10.20869269, 10.78850497, 10.98132064, 11.09874013, 11.25541173, 15.23265602, 15.63006666, 15.78988582, 15.87271196, 16.48208047, 16.61846492, 17.70631576], "fractional occupation": [2.0, 2.0, 2.0, 2.0, 2.0, 2.0, 2.0, 2.0, 2.0, 2.0, 2.0, 2.0, 2.0, 2.0, 2.0, 2.0, 2.0, 2.0, 2.0, 2.0, 2.0, 2.0, 2.0, 2.0, 2.0, 2.0, 2.0, 2.0, 2.0, 2.0, 2.0, 2.0, 2.0, 2.0, 2.0, 2.0, 2.0, 2.0, 2.0, 2.0, 2.0, 2.0, 2.0, 2.0, 2.0, 2.0, 2.0, 2.0, 2.0, 2.0, 2.0, 2.0, 2.0, 2.0, 2.0, 2.0, 2.0, 2.0, 2.0, 2.0, 2.0, 2.0, 2.0, 2.0, 2.0, 2.0, 2.0, 0.0, 0.0, 0.0, 0.0, 0.0, 0.0, 0.0, 0.0, 0.0, 0.0, 0.0, 0.0, 0.0, 0.0, 0.0, 0.0, 0.0, 0.0, 0.0, 0.0, 0.0, 0.0, 0.0, 0.0, 0.0, 0.0, 0.0, 0.0, 0.0, 0.0, 0.0, 0.0, 0.0, 0.0, 0.0, 0.0, 0.0, 0.0, 0.0, 0.0, 0.0, 0.0, 0.0, 0.0, 0.0, 0.0, 0.0, 0.0, 0.0, 0.0, 0.0, 0.0, 0.0, 0.0, 0.0, 0.0, 0.0], "program call": "xtb /home/svss/Project-DBcg-Debug/aqme2_20220329/End-to-End-workflows-final/example-3/QDESCP/mol_717_rdkit_conf_4/mol_717_rdkit_conf_4.xyz --pop --wbo --acc 0.2 --gfn 2 --chrg 0 --uhf 0 --etemp 300 --input /home/svss/Project-DBcg-Debug/aqme2_20220329/End-to-End-workflows-final/example-3/QDESCP/mol_717_rdkit_conf_4/mol_717_rdkit_conf_4_xtb.inp", "method": "GFN2-xTB", "xtb version": "6.3.3 (7355c4f)", "Dipole module/D": 5.267, "Total charge": 0, "Transition dipole module/D": NaN, "HOMO": -11.139, "LUMO": -7.4123, "HOMO occupancy": 2.0, "LUMO occupancy": 0, "mulliken charges": [-0.55599, 0.56692, -0.25161, 0.33076, -0.41179, 0.5771, -0.52891, -0.07663, -0.02747, -0.08846, 0.46723, -0.51575, 0.10747, -0.37741, -0.00832, -0.02681, -0.02116, -0.02545, -0.0234, -0.03555, -0.00444, -0.03546, -0.02232, -0.02389, -0.02073, -0.02975, 0.0753, 0.07648, 0.05632, 0.05041, 0.0306, 0.03999, 0.03331, 0.04298, 0.02834, 0.2554, 0.04389, 0.03696, 0.03454, 0.03541, 0.03376, 0.03071, 0.03578, 0.0354, 0.03726, 0.04896], "cm5 charges": [-0.59188, 0.7393, -0.49858, 0.31929, -0.48754, 0.62688, -0.5778, -0.17512, -0.13761, -0.23793, 0.57709, -0.55879, 0.16532, -0.71785, -0.01106, -0.07806, -0.07646, -0.08083, -0.0787, -0.08601, -0.00673, -0.08672, -0.07764, -0.07928, -0.07608, -0.08088, 0.15478, 0.15488, 0.11418, 0.11008, 0.085, 0.09617, 0.08416, 0.09759, 0.08023, 0.45309, 0.10239, 0.09233, 0.08994, 0.09075, 0.0947, 0.08872, 0.09114, 0.0908, 0.0926, 0.11015], "FUKUI+": [-0.067, -0.015, -0.028, 0.016, -0.024, -0.033, -0.069, 0.006, 0.004, 0.004, -0.039, -0.086, -0.004, -0.014, -0.016, -0.007, -0.014, -0.027, -0.014, -0.01, -0.015, -0.013, -0.014, -0.023, -0.018, -0.006, -0.02, -0.027, -0.027, -0.018, -0.023, -0.012, -0.016, 0.011, -0.003, -0.027, -0.019, -0.036, -0.042, -0.038, -0.025, -0.026, -0.038, -0.042, -0.036, -0.013], "FUKUI-": [-0.052, -0.001, -0.02, 0.011, -0.019, -0.01, -0.074, -0.001, 0.005, 0.01, -0.004, -0.044, -0.007, -0.015, -0.022, -0.013, -0.014, -0.031, -0.018, -0.011, -0.012, -0.012, -0.013, -0.021, -0.015, -0.006, -0.014, -0.021, -0.029, -0.029, -0.056, -0.037, -0.027, -0.021, -0.019, -0.021, -0.025, -0.037, -0.043, -0.039, -0.028, -0.022, -0.036, -0.038, -0.031, -0.016], "FUKUIrad": [-0.06, -0.008, -0.024, 0.013, -0.021, -0.021, -0.072, 0.003, 0.005, 0.007, -0.022, -0.065, -0.005, -0.014, -0.019, -0.01, -0.014, -0.029, -0.016, -0.01, -0.014, -0.012, -0.014, -0.022, -0.017, -0.006, -0.017, -0.024, -0.028, -0.023, -0.04, -0.024, -0.022, -0.005, -0.011, -0.024, -0.022, -0.036, -0.043, -0.038, -0.027, -0.024, -0.037, -0.04, -0.033, -0.014], "s proportion": [1.718, 0.935, 1.426, 0.972, 1.697, 0.989, 1.73, 1.038, 1.026, 1.009, 1.015, 1.73, 1.081, 1.427, 1.092, 1.064, 1.061, 1.061, 1.061, 1.063, 1.092, 1.064, 1.06, 1.061, 1.062, 1.066, 0.925, 0.924, 0.944, 0.95, 0.969, 0.96, 0.967, 0.957, 0.972, 0.745, 0.956, 0.963, 0.965, 0.965, 0.966, 0.969, 0.964, 0.965, 0.963, 0.951], "p proportion": [4.838, 2.498, 3.826, 2.697, 4.715, 2.434, 4.798, 3.038, 3.001, 3.079, 2.518, 4.786, 2.812, 3.95, 2.916, 2.963, 2.96, 2.964, 2.963, 2.973, 2.913, 2.972, 2.962, 2.962, 2.959, 2.963, 0.0, 0.0, 0.0, 0.0, 0.0, 0.0, 0.0, 0.0, 0.0, 0.0, 0.0, 0.0, 0.0, 0.0, 0.0, 0.0, 0.0, 0.0, 0.0, 0.0], "d proportion": [0.0, 0.0, 0.0, 0.0, 0.0, 0.0, 0.0, 0.0, 0.0, 0.0, 0.0, 0.0, 0.0, 0.0, 0.0, 0.0, 0.0, 0.0, 0.0, 0.0, 0.0, 0.0, 0.0, 0.0, 0.0, 0.0, 0.0, 0.0, 0.0, 0.0, 0.0, 0.0, 0.0, 0.0, 0.0, 0.0, 0.0, 0.0, 0.0, 0.0, 0.0, 0.0, 0.0, 0.0, 0.0, 0.0], "Fermi-level/eV": -9.2757, "Coordination numbers": [0.858, 2.815, 2.773, 3.658, 1.704, 2.731, 0.856, 3.803, 3.801, 3.749, 2.88, 0.857, 3.869, 2.751, 2.958, 2.914, 2.909, 2.912, 2.91, 2.913, 2.959, 2.915, 2.909, 2.912, 2.91, 2.913, 0.924, 0.924, 0.924, 0.924, 0.924, 0.924, 0.924, 0.924, 0.924, 0.86, 0.925, 0.925, 0.925, 0.925, 0.925, 0.925, 0.925, 0.925, 0.925, 0.925], "Dispersion coefficient C6": [22.495, 21.391, 23.121, 18.344, 18.291, 20.939, 21.713, 22.142, 21.405, 22.533, 22.373, 21.381, 19.625, 25.51, 27.904, 28.711, 28.647, 28.688, 28.698, 28.88, 27.852, 28.797, 28.669, 28.66, 28.641, 28.746, 1.929, 1.902, 2.091, 2.142, 2.372, 2.334, 2.446, 2.409, 2.485, 1.131, 2.34, 2.421, 2.469, 2.453, 2.482, 2.535, 2.44, 2.45, 2.416, 2.383], "Total dispersion C6": 25215.803697, "Total dispersion C8": 599197.18412, "Polarizability alpha": [6.359, 7.578, 7.142, 6.147, 5.774, 7.492, 6.247, 6.699, 6.587, 6.77, 7.754, 6.199, 6.299, 7.501, 8.664, 8.787, 8.776, 8.783, 8.784, 8.812, 8.656, 8.8, 8.78, 8.779, 8.776, 8.792, 2.172, 2.157, 2.261, 2.289, 2.408, 2.389, 2.446, 2.427, 2.465, 1.666, 2.392, 2.433, 2.457, 2.449, 2.464, 2.49, 2.443, 2.448, 2.431, 2.414], "Total polarizability alpha": 246.837978, "Wiberg matrix": [[0.0, 1.6378182210412051, 0.0, 0.0, 0.0, 0.0, 0.0, 0.0, 0.0, 0.0, 0.0, 0.0, 0.0, 0.17326759631775784, 0.0, 0.0, 0.0, 0.0, 0.0, 0.0, 0.0, 0.0, 0.0, 0.0, 0.0, 0.0, 0.0, 0.0, 0.0, 0.0, 0.0, 0.0, 0.0, 0.0, 0.0, 0.0, 0.0, 0.0, 0.0, 0.0, 0.0, 0.0, 0.0, 0.0, 0.0, 0.0], [1.6378182210412051, 0.0, 1.0758866012061181, 0.0, 0.0, 0.0, 0.0, 0.0, 0.0, 0.0, 0.0, 0.0, 0.0, 1.1858758768764266, 0.0, 0.0, 0.0, 0.0, 0.0, 0.0, 0.0, 0.0, 0.0, 0.0, 0.0, 0.0, 0.0, 0.0, 0.0, 0.0, 0.0, 0.0, 0.0, 0.0, 0.0, 0.0, 0.0, 0.0, 0.0, 0.0, 0.0, 0.0, 0.0, 0.0, 0.0, 0.0], [0.0, 1.0758866012061181, 0.0, 0.9871458438595996, 0.0, 0.0, 0.0, 0.0, 0.0, 0.0, 1.156844122775039, 0.14741702166712442, 0.0, 0.0, 0.0, 0.0, 0.0, 0.0, 0.0, 0.0, 0.0, 0.0, 0.0, 0.0, 0.0, 0.0, 0.0, 0.0, 0.0, 0.0, 0.0, 0.0, 0.0, 0.0, 0.0, 0.0, 0.0, 0.0, 0.0, 0.0, 0.0, 0.0, 0.0, 0.0, 0.0, 0.0], [0.0, 0.0, 0.9871458438595996, 0.0, 0.9484150370702908, 0.0, 0.0, 0.0, 0.0, 0.0, 0.0, 0.0, 0.0, 0.0, 0.0, 0.0, 0.0, 0.0, 0.0, 0.0, 0.0, 0.0, 0.0, 0.0, 0.0, 0.0, 0.9580046787823177, 0.957896869118609, 0.0, 0.0, 0.0, 0.0, 0.0, 0.0, 0.0, 0.0, 0.0, 0.0, 0.0, 0.0, 0.0, 0.0, 0.0, 0.0, 0.0, 0.0], [0.0, 0.0, 0.0, 0.9484150370702908, 0.0, 1.102525861173929, 0.167052154257415, 0.0, 0.0, 0.0, 0.0, 0.0, 0.0, 0.0, 0.0, 0.0, 0.0, 0.0, 0.0, 0.0, 0.0, 0.0, 0.0, 0.0, 0.0, 0.0, 0.0, 0.0, 0.0, 0.0, 0.0, 0.0, 0.0, 0.0, 0.0, 0.0, 0.0, 0.0, 0.0, 0.0, 0.0, 0.0, 0.0, 0.0, 0.0, 0.0], [0.0, 0.0, 0.0, 0.0, 1.102525861173929, 0.0, 1.7648674423406168, 0.9786721272247673, 0.0, 0.0, 0.0, 0.0, 0.0, 0.0, 0.0, 0.0, 0.0, 0.0, 0.0, 0.0, 0.0, 0.0, 0.0, 0.0, 0.0, 0.0, 0.0, 0.0, 0.0, 0.0, 0.0, 0.0, 0.0, 0.0, 0.0, 0.0, 0.0, 0.0, 0.0, 0.0, 0.0, 0.0, 0.0, 0.0, 0.0, 0.0], [0.0, 0.0, 0.0, 0.0, 0.167052154257415, 1.7648674423406168, 0.0, 0.0, 0.0, 0.0, 0.0, 0.0, 0.0, 0.0, 0.0, 0.0, 0.0, 0.0, 0.0, 0.0, 0.0, 0.0, 0.0, 0.0, 0.0, 0.0, 0.0, 0.0, 0.0, 0.0, 0.0, 0.0, 0.0, 0.0, 0.0, 0.0, 0.0, 0.0, 0.0, 0.0, 0.0, 0.0, 0.0, 0.0, 0.0, 0.0], [0.0, 0.0, 0.0, 0.0, 0.0, 0.9786721272247673, 0.0, 0.0, 0.9815003863065013, 0.0, 0.0, 0.0, 0.0, 0.0, 0.0, 0.0, 0.0, 0.0, 0.0, 0.0, 0.0, 0.0, 0.0, 0.0, 0.0, 0.0, 0.0, 0.0, 0.962163267170573, 0.9695626644969698, 0.0, 0.0, 0.0, 0.0, 0.0, 0.0, 0.0, 0.0, 0.0, 0.0, 0.0, 0.0, 0.0, 0.0, 0.0, 0.0], [0.0, 0.0, 0.0, 0.0, 0.0, 0.0, 0.0, 0.9815003863065013, 0.0, 1.0210149649533575, 0.0, 0.0, 0.0, 0.0, 0.0, 0.0, 0.0, 0.0, 0.0, 0.0, 0.0, 0.0, 0.0, 0.0, 0.0, 0.0, 0.0, 0.0, 0.0, 0.0, 0.9743278135560793, 0.9762794216327525, 0.0, 0.0, 0.0, 0.0, 0.0, 0.0, 0.0, 0.0, 0.0, 0.0, 0.0, 0.0, 0.0, 0.0], [0.0, 0.0, 0.0, 0.0, 0.0, 0.0, 0.0, 0.0, 1.0210149649533575, 0.0, 0.0, 0.0, 0.0, 0.0, 0.0, 0.0, 0.0, 0.0, 0.0, 0.0, 0.0, 0.0, 0.0, 0.0, 0.0, 0.0, 0.0, 0.0, 0.0, 0.0, 0.0, 0.0, 0.9860155512689772, 0.9868126710637859, 0.9869591327884731, 0.0, 0.0, 0.0, 0.0, 0.0, 0.0, 0.0, 0.0, 0.0, 0.0, 0.0], [0.0, 0.0, 1.156844122775039, 0.0, 0.0, 0.0, 0.0, 0.0, 0.0, 0.0, 0.0, 1.7455012042683742, 0.9174747254162012, 0.0, 0.0, 0.0, 0.0, 0.0, 0.0, 0.0, 0.0, 0.0, 0.0, 0.0, 0.0, 0.0, 0.0, 0.0, 0.0, 0.0, 0.0, 0.0, 0.0, 0.0, 0.0, 0.0, 0.0, 0.0, 0.0, 0.0, 0.0, 0.0, 0.0, 0.0, 0.0, 0.0], [0.0, 0.0, 0.14741702166712442, 0.0, 0.0, 0.0, 0.0, 0.0, 0.0, 0.0, 1.7455012042683742, 0.0, 0.0, 0.0, 0.0, 0.0, 0.0, 0.0, 0.0, 0.0, 0.0, 0.0, 0.0, 0.0, 0.0, 0.0, 0.0, 0.0, 0.0, 0.0, 0.0, 0.0, 0.0, 0.0, 0.0, 0.0, 0.0, 0.0, 0.0, 0.0, 0.0, 0.0, 0.0, 0.0, 0.0, 0.0], [0.0, 0.0, 0.0, 0.0, 0.0, 0.0, 0.0, 0.0, 0.0, 0.0, 0.9174747254162012, 0.0, 0.0, 0.9743830585319901, 0.9503885808327736, 0.0, 0.0, 0.0, 0.0, 0.0, 0.9459585840511094, 0.0, 0.0, 0.0, 0.0, 0.0, 0.0, 0.0, 0.0, 0.0, 0.0, 0.0, 0.0, 0.0, 0.0, 0.0, 0.0, 0.0, 0.0, 0.0, 0.0, 0.0, 0.0, 0.0, 0.0, 0.0], [0.17326759631775784, 1.1858758768764266, 0.0, 0.0, 0.0, 0.0, 0.0, 0.0, 0.0, 0.0, 0.0, 0.0, 0.9743830585319901, 0.0, 0.0, 0.0, 0.0, 0.0, 0.0, 0.0, 0.0, 0.0, 0.0, 0.0, 0.0, 0.0, 0.0, 0.0, 0.0, 0.0, 0.0, 0.0, 0.0, 0.0, 0.0, 0.93232564855425, 0.0, 0.0, 0.0, 0.0, 0.0, 0.0, 0.0, 0.0, 0.0, 0.0], [0.0, 0.0, 0.0, 0.0, 0.0, 0.0, 0.0, 0.0, 0.0, 0.0, 0.0, 0.0, 0.9503885808327736, 0.0, 0.0, 1.4065895097232821, 0.0, 0.10864226799794098, 0.0, 1.413212167838233, 0.0, 0.0, 0.0, 0.0, 0.0, 0.0, 0.0, 0.0, 0.0, 0.0, 0.0, 0.0, 0.0, 0.0, 0.0, 0.0, 0.0, 0.0, 0.0, 0.0, 0.0, 0.0, 0.0, 0.0, 0.0, 0.0], [0.0, 0.0, 0.0, 0.0, 0.0, 0.0, 0.0, 0.0, 0.0, 0.0, 0.0, 0.0, 0.0, 0.0, 1.4065895097232821, 0.0, 1.4457470475172784, 0.0, 0.11250406164064661, 0.0, 0.0, 0.0, 0.0, 0.0, 0.0, 0.0, 0.0, 0.0, 0.0, 0.0, 0.0, 0.0, 0.0, 0.0, 0.0, 0.0, 0.9686189402783109, 0.0, 0.0, 0.0, 0.0, 0.0, 0.0, 0.0, 0.0, 0.0], [0.0, 0.0, 0.0, 0.0, 0.0, 0.0, 0.0, 0.0, 0.0, 0.0, 0.0, 0.0, 0.0, 0.0, 0.0, 1.4457470475172784, 0.0, 1.4370498329498638, 0.0, 0.11025582628121401, 0.0, 0.0, 0.0, 0.0, 0.0, 0.0, 0.0, 0.0, 0.0, 0.0, 0.0, 0.0, 0.0, 0.0, 0.0, 0.0, 0.0, 0.9700859400858894, 0.0, 0.0, 0.0, 0.0, 0.0, 0.0, 0.0, 0.0], [0.0, 0.0, 0.0, 0.0, 0.0, 0.0, 0.0, 0.0, 0.0, 0.0, 0.0, 0.0, 0.0, 0.0, 0.10864226799794098, 0.0, 1.4370498329498638, 0.0, 1.4404809554898474, 0.0, 0.0, 0.0, 0.0, 0.0, 0.0, 0.0, 0.0, 0.0, 0.0, 0.0, 0.0, 0.0, 0.0, 0.0, 0.0, 0.0, 0.0, 0.0, 0.9705207254787052, 0.0, 0.0, 0.0, 0.0, 0.0, 0.0, 0.0], [0.0, 0.0, 0.0, 0.0, 0.0, 0.0, 0.0, 0.0, 0.0, 0.0, 0.0, 0.0, 0.0, 0.0, 0.0, 0.11250406164064661, 0.0, 1.4404809554898474, 0.0, 1.4392371909103472, 0.0, 0.0, 0.0, 0.0, 0.0, 0.0, 0.0, 0.0, 0.0, 0.0, 0.0, 0.0, 0.0, 0.0, 0.0, 0.0, 0.0, 0.0, 0.0, 0.9703161318982283, 0.0, 0.0, 0.0, 0.0, 0.0, 0.0], [0.0, 0.0, 0.0, 0.0, 0.0, 0.0, 0.0, 0.0, 0.0, 0.0, 0.0, 0.0, 0.0, 0.0, 1.413212167838233, 0.0, 0.11025582628121401, 0.0, 1.4392371909103472, 0.0, 0.0, 0.0, 0.0, 0.0, 0.0, 0.0, 0.0, 0.0, 0.0, 0.0, 0.0, 0.0, 0.0, 0.0, 0.0, 0.0, 0.0, 0.0, 0.0, 0.0, 0.9680795874545052, 0.0, 0.0, 0.0, 0.0, 0.0], [0.0, 0.0, 0.0, 0.0, 0.0, 0.0, 0.0, 0.0, 0.0, 0.0, 0.0, 0.0, 0.9459585840511094, 0.0, 0.0, 0.0, 0.0, 0.0, 0.0, 0.0, 0.0, 1.4059140624902031, 0.0, 0.10975287957152723, 0.0, 1.4196169484011683, 0.0, 0.0, 0.0, 0.0, 0.0, 0.0, 0.0, 0.0, 0.0, 0.0, 0.0, 0.0, 0.0, 0.0, 0.0, 0.0, 0.0, 0.0, 0.0, 0.0], [0.0, 0.0, 0.0, 0.0, 0.0, 0.0, 0.0, 0.0, 0.0, 0.0, 0.0, 0.0, 0.0, 0.0, 0.0, 0.0, 0.0, 0.0, 0.0, 0.0, 1.4059140624902031, 0.0, 1.446691807255587, 0.0, 0.11302360501813122, 0.0, 0.0, 0.0, 0.0, 0.0, 0.0, 0.0, 0.0, 0.0, 0.0, 0.0, 0.0, 0.0, 0.0, 0.0, 0.0, 0.9695665137319917, 0.0, 0.0, 0.0, 0.0], [0.0, 0.0, 0.0, 0.0, 0.0, 0.0, 0.0, 0.0, 0.0, 0.0, 0.0, 0.0, 0.0, 0.0, 0.0, 0.0, 0.0, 0.0, 0.0, 0.0, 0.0, 1.446691807255587, 0.0, 1.435856532580781, 0.0, 0.11017275410707843, 0.0, 0.0, 0.0, 0.0, 0.0, 0.0, 0.0, 0.0, 0.0, 0.0, 0.0, 0.0, 0.0, 0.0, 0.0, 0.0, 0.9700326748100431, 0.0, 0.0, 0.0], [0.0, 0.0, 0.0, 0.0, 0.0, 0.0, 0.0, 0.0, 0.0, 0.0, 0.0, 0.0, 0.0, 0.0, 0.0, 0.0, 0.0, 0.0, 0.0, 0.0, 0.10975287957152723, 0.0, 1.435856532580781, 0.0, 1.4427583809953808, 0.0, 0.0, 0.0, 0.0, 0.0, 0.0, 0.0, 0.0, 0.0, 0.0, 0.0, 0.0, 0.0, 0.0, 0.0, 0.0, 0.0, 0.0, 0.9704011445243896, 0.0, 0.0], [0.0, 0.0, 0.0, 0.0, 0.0, 0.0, 0.0, 0.0, 0.0, 0.0, 0.0, 0.0, 0.0, 0.0, 0.0, 0.0, 0.0, 0.0, 0.0, 0.0, 0.0, 0.11302360501813122, 0.0, 1.4427583809953808, 0.0, 1.43686325210068, 0.0, 0.0, 0.0, 0.0, 0.0, 0.0, 0.0, 0.0, 0.0, 0.0, 0.0, 0.0, 0.0, 0.0, 0.0, 0.0, 0.0, 0.0, 0.9701893107339783, 0.0], [0.0, 0.0, 0.0, 0.0, 0.0, 0.0, 0.0, 0.0, 0.0, 0.0, 0.0, 0.0, 0.0, 0.0, 0.0, 0.0, 0.0, 0.0, 0.0, 0.0, 1.4196169484011683, 0.0, 0.11017275410707843, 0.0, 1.43686325210068, 0.0, 0.0, 0.0, 0.0, 0.0, 0.0, 0.0, 0.0, 0.0, 0.0, 0.0, 0.0, 0.0, 0.0, 0.0, 0.0, 0.0, 0.0, 0.0, 0.0, 0.9676224820432747], [0.0, 0.0, 0.0, 0.9580046787823177, 0.0, 0.0, 0.0, 0.0, 0.0, 0.0, 0.0, 0.0, 0.0, 0.0, 0.0, 0.0, 0.0, 0.0, 0.0, 0.0, 0.0, 0.0, 0.0, 0.0, 0.0, 0.0, 0.0, 0.0, 0.0, 0.0, 0.0, 0.0, 0.0, 0.0, 0.0, 0.0, 0.0, 0.0, 0.0, 0.0, 0.0, 0.0, 0.0, 0.0, 0.0, 0.0], [0.0, 0.0, 0.0, 0.957896869118609, 0.0, 0.0, 0.0, 0.0, 0.0, 0.0, 0.0, 0.0, 0.0, 0.0, 0.0, 0.0, 0.0, 0.0, 0.0, 0.0, 0.0, 0.0, 0.0, 0.0, 0.0, 0.0, 0.0, 0.0, 0.0, 0.0, 0.0, 0.0, 0.0, 0.0, 0.0, 0.0, 0.0, 0.0, 0.0, 0.0, 0.0, 0.0, 0.0, 0.0, 0.0, 0.0], [0.0, 0.0, 0.0, 0.0, 0.0, 0.0, 0.0, 0.962163267170573, 0.0, 0.0, 0.0, 0.0, 0.0, 0.0, 0.0, 0.0, 0.0, 0.0, 0.0, 0.0, 0.0, 0.0, 0.0, 0.0, 0.0, 0.0, 0.0, 0.0, 0.0, 0.0, 0.0, 0.0, 0.0, 0.0, 0.0, 0.0, 0.0, 0.0, 0.0, 0.0, 0.0, 0.0, 0.0, 0.0, 0.0, 0.0], [0.0, 0.0, 0.0, 0.0, 0.0, 0.0, 0.0, 0.9695626644969698, 0.0, 0.0, 0.0, 0.0, 0.0, 0.0, 0.0, 0.0, 0.0, 0.0, 0.0, 0.0, 0.0, 0.0, 0.0, 0.0, 0.0, 0.0, 0.0, 0.0, 0.0, 0.0, 0.0, 0.0, 0.0, 0.0, 0.0, 0.0, 0.0, 0.0, 0.0, 0.0, 0.0, 0.0, 0.0, 0.0, 0.0, 0.0], [0.0, 0.0, 0.0, 0.0, 0.0, 0.0, 0.0, 0.0, 0.9743278135560793, 0.0, 0.0, 0.0, 0.0, 0.0, 0.0, 0.0, 0.0, 0.0, 0.0, 0.0, 0.0, 0.0, 0.0, 0.0, 0.0, 0.0, 0.0, 0.0, 0.0, 0.0, 0.0, 0.0, 0.0, 0.0, 0.0, 0.0, 0.0, 0.0, 0.0, 0.0, 0.0, 0.0, 0.0, 0.0, 0.0, 0.0], [0.0, 0.0, 0.0, 0.0, 0.0, 0.0, 0.0, 0.0, 0.9762794216327525, 0.0, 0.0, 0.0, 0.0, 0.0, 0.0, 0.0, 0.0, 0.0, 0.0, 0.0, 0.0, 0.0, 0.0, 0.0, 0.0, 0.0, 0.0, 0.0, 0.0, 0.0, 0.0, 0.0, 0.0, 0.0, 0.0, 0.0, 0.0, 0.0, 0.0, 0.0, 0.0, 0.0, 0.0, 0.0, 0.0, 0.0], [0.0, 0.0, 0.0, 0.0, 0.0, 0.0, 0.0, 0.0, 0.0, 0.9860155512689772, 0.0, 0.0, 0.0, 0.0, 0.0, 0.0, 0.0, 0.0, 0.0, 0.0, 0.0, 0.0, 0.0, 0.0, 0.0, 0.0, 0.0, 0.0, 0.0, 0.0, 0.0, 0.0, 0.0, 0.0, 0.0, 0.0, 0.0, 0.0, 0.0, 0.0, 0.0, 0.0, 0.0, 0.0, 0.0, 0.0], [0.0, 0.0, 0.0, 0.0, 0.0, 0.0, 0.0, 0.0, 0.0, 0.9868126710637859, 0.0, 0.0, 0.0, 0.0, 0.0, 0.0, 0.0, 0.0, 0.0, 0.0, 0.0, 0.0, 0.0, 0.0, 0.0, 0.0, 0.0, 0.0, 0.0, 0.0, 0.0, 0.0, 0.0, 0.0, 0.0, 0.0, 0.0, 0.0, 0.0, 0.0, 0.0, 0.0, 0.0, 0.0, 0.0, 0.0], [0.0, 0.0, 0.0, 0.0, 0.0, 0.0, 0.0, 0.0, 0.0, 0.9869591327884731, 0.0, 0.0, 0.0, 0.0, 0.0, 0.0, 0.0, 0.0, 0.0, 0.0, 0.0, 0.0, 0.0, 0.0, 0.0, 0.0, 0.0, 0.0, 0.0, 0.0, 0.0, 0.0, 0.0, 0.0, 0.0, 0.0, 0.0, 0.0, 0.0, 0.0, 0.0, 0.0, 0.0, 0.0, 0.0, 0.0], [0.0, 0.0, 0.0, 0.0, 0.0, 0.0, 0.0, 0.0, 0.0, 0.0, 0.0, 0.0, 0.0, 0.93232564855425, 0.0, 0.0, 0.0, 0.0, 0.0, 0.0, 0.0, 0.0, 0.0, 0.0, 0.0, 0.0, 0.0, 0.0, 0.0, 0.0, 0.0, 0.0, 0.0, 0.0, 0.0, 0.0, 0.0, 0.0, 0.0, 0.0, 0.0, 0.0, 0.0, 0.0, 0.0, 0.0], [0.0, 0.0, 0.0, 0.0, 0.0, 0.0, 0.0, 0.0, 0.0, 0.0, 0.0, 0.0, 0.0, 0.0, 0.0, 0.9686189402783109, 0.0, 0.0, 0.0, 0.0, 0.0, 0.0, 0.0, 0.0, 0.0, 0.0, 0.0, 0.0, 0.0, 0.0, 0.0, 0.0, 0.0, 0.0, 0.0, 0.0, 0.0, 0.0, 0.0, 0.0, 0.0, 0.0, 0.0, 0.0, 0.0, 0.0], [0.0, 0.0, 0.0, 0.0, 0.0, 0.0, 0.0, 0.0, 0.0, 0.0, 0.0, 0.0, 0.0, 0.0, 0.0, 0.0, 0.9700859400858894, 0.0, 0.0, 0.0, 0.0, 0.0, 0.0, 0.0, 0.0, 0.0, 0.0, 0.0, 0.0, 0.0, 0.0, 0.0, 0.0, 0.0, 0.0, 0.0, 0.0, 0.0, 0.0, 0.0, 0.0, 0.0, 0.0, 0.0, 0.0, 0.0], [0.0, 0.0, 0.0, 0.0, 0.0, 0.0, 0.0, 0.0, 0.0, 0.0, 0.0, 0.0, 0.0, 0.0, 0.0, 0.0, 0.0, 0.9705207254787052, 0.0, 0.0, 0.0, 0.0, 0.0, 0.0, 0.0, 0.0, 0.0, 0.0, 0.0, 0.0, 0.0, 0.0, 0.0, 0.0, 0.0, 0.0, 0.0, 0.0, 0.0, 0.0, 0.0, 0.0, 0.0, 0.0, 0.0, 0.0], [0.0, 0.0, 0.0, 0.0, 0.0, 0.0, 0.0, 0.0, 0.0, 0.0, 0.0, 0.0, 0.0, 0.0, 0.0, 0.0, 0.0, 0.0, 0.9703161318982283, 0.0, 0.0, 0.0, 0.0, 0.0, 0.0, 0.0, 0.0, 0.0, 0.0, 0.0, 0.0, 0.0, 0.0, 0.0, 0.0, 0.0, 0.0, 0.0, 0.0, 0.0, 0.0, 0.0, 0.0, 0.0, 0.0, 0.0], [0.0, 0.0, 0.0, 0.0, 0.0, 0.0, 0.0, 0.0, 0.0, 0.0, 0.0, 0.0, 0.0, 0.0, 0.0, 0.0, 0.0, 0.0, 0.0, 0.9680795874545052, 0.0, 0.0, 0.0, 0.0, 0.0, 0.0, 0.0, 0.0, 0.0, 0.0, 0.0, 0.0, 0.0, 0.0, 0.0, 0.0, 0.0, 0.0, 0.0, 0.0, 0.0, 0.0, 0.0, 0.0, 0.0, 0.0], [0.0, 0.0, 0.0, 0.0, 0.0, 0.0, 0.0, 0.0, 0.0, 0.0, 0.0, 0.0, 0.0, 0.0, 0.0, 0.0, 0.0, 0.0, 0.0, 0.0, 0.0, 0.9695665137319917, 0.0, 0.0, 0.0, 0.0, 0.0, 0.0, 0.0, 0.0, 0.0, 0.0, 0.0, 0.0, 0.0, 0.0, 0.0, 0.0, 0.0, 0.0, 0.0, 0.0, 0.0, 0.0, 0.0, 0.0], [0.0, 0.0, 0.0, 0.0, 0.0, 0.0, 0.0, 0.0, 0.0, 0.0, 0.0, 0.0, 0.0, 0.0, 0.0, 0.0, 0.0, 0.0, 0.0, 0.0, 0.0, 0.0, 0.9700326748100431, 0.0, 0.0, 0.0, 0.0, 0.0, 0.0, 0.0, 0.0, 0.0, 0.0, 0.0, 0.0, 0.0, 0.0, 0.0, 0.0, 0.0, 0.0, 0.0, 0.0, 0.0, 0.0, 0.0], [0.0, 0.0, 0.0, 0.0, 0.0, 0.0, 0.0, 0.0, 0.0, 0.0, 0.0, 0.0, 0.0, 0.0, 0.0, 0.0, 0.0, 0.0, 0.0, 0.0, 0.0, 0.0, 0.0, 0.9704011445243896, 0.0, 0.0, 0.0, 0.0, 0.0, 0.0, 0.0, 0.0, 0.0, 0.0, 0.0, 0.0, 0.0, 0.0, 0.0, 0.0, 0.0, 0.0, 0.0, 0.0, 0.0, 0.0], [0.0, 0.0, 0.0, 0.0, 0.0, 0.0, 0.0, 0.0, 0.0, 0.0, 0.0, 0.0, 0.0, 0.0, 0.0, 0.0, 0.0, 0.0, 0.0, 0.0, 0.0, 0.0, 0.0, 0.0, 0.9701893107339783, 0.0, 0.0, 0.0, 0.0, 0.0, 0.0, 0.0, 0.0, 0.0, 0.0, 0.0, 0.0, 0.0, 0.0, 0.0, 0.0, 0.0, 0.0, 0.0, 0.0, 0.0], [0.0, 0.0, 0.0, 0.0, 0.0, 0.0, 0.0, 0.0, 0.0, 0.0, 0.0, 0.0, 0.0, 0.0, 0.0, 0.0, 0.0, 0.0, 0.0, 0.0, 0.0, 0.0, 0.0, 0.0, 0.0, 0.9676224820432747, 0.0, 0.0, 0.0, 0.0, 0.0, 0.0, 0.0, 0.0, 0.0, 0.0, 0.0, 0.0, 0.0, 0.0, 0.0, 0.0, 0.0, 0.0, 0.0, 0.0]], "Born radii": [], "Atomic SASAs": [], "Solvent H bonds": [], "Total SASA": NaN, "Total FOD": 0.0, "FOD": [0.0, 0.0, 0.0, 0.0, 0.0, 0.0, 0.0, 0.0, 0.0, 0.0, 0.0, 0.0, 0.0, 0.0, 0.0, 0.0, 0.0, 0.0, 0.0, 0.0, 0.0, 0.0, 0.0, 0.0, 0.0, 0.0, 0.0, 0.0, 0.0, 0.0, 0.0, 0.0, 0.0, 0.0, 0.0, 0.0, 0.0, 0.0, 0.0, 0.0, 0.0, 0.0, 0.0, 0.0, 0.0, 0.0], "FOD s proportion": [0.0, 0.0, 0.0, 0.0, 0.0, 0.0, 0.0, 0.0, 0.0, 0.0, 0.0, 0.0, 0.0, 0.0, 0.0, 0.0, 0.0, 0.0, 0.0, 0.0, 0.0, 0.0, 0.0, 0.0, 0.0, 0.0, 0.0, 0.0, 0.0, 0.0, 0.0, 0.0, 0.0, 0.0, 0.0, 0.0, 0.0, 0.0, 0.0, 0.0, 0.0, 0.0, 0.0, 0.0, 0.0, 0.0], "FOD p proportion": [0.0, 0.0, 0.0, 0.0, 0.0, 0.0, 0.0, 0.0, 0.0, 0.0, 0.0, 0.0, 0.0, 0.0, 0.0, 0.0, 0.0, 0.0, 0.0, 0.0, 0.0, 0.0, 0.0, 0.0, 0.0, 0.0, 0.0, 0.0, 0.0, 0.0, 0.0, 0.0, 0.0, 0.0, 0.0, 0.0, 0.0, 0.0, 0.0, 0.0, 0.0, 0.0, 0.0, 0.0, 0.0, 0.0], "FOD d proportion": [0.0, 0.0, 0.0, 0.0, 0.0, 0.0, 0.0, 0.0, 0.0, 0.0, 0.0, 0.0, 0.0, 0.0, 0.0, 0.0, 0.0, 0.0, 0.0, 0.0, 0.0, 0.0, 0.0, 0.0, 0.0, 0.0, 0.0, 0.0, 0.0, 0.0, 0.0, 0.0, 0.0, 0.0, 0.0, 0.0, 0.0, 0.0, 0.0, 0.0, 0.0, 0.0, 0.0, 0.0, 0.0, 0.0], "coordinates": [["-0.77070", "-0.97100", "-3.32550"], ["-0.79120", "-0.87760", "-2.10980"], ["0.15000", "-1.29980", "-1.23470"], ["1.39520", "-1.90750", "-1.60830"], ["2.34890", "-0.86000", "-1.78040"], ["3.60570", "-1.31710", "-2.01210"], ["3.92290", "-2.49530", "-2.09430"], ["4.57340", "-0.16650", "-2.11820"], ["5.29760", "0.08610", "-0.80120"], ["4.39170", "0.68390", "0.26640"], ["-0.16290", "-0.90340", "0.03500"], ["0.54440", "-1.08470", "1.02120"], ["-1.53480", "-0.15880", "0.00610"], ["-1.81260", "-0.28610", "-1.41390"], ["-2.54890", "-0.91740", "0.87490"], ["-2.41440", "-0.90120", "2.27730"], ["-3.31770", "-1.58060", "3.09690"], ["-4.37170", "-2.29220", "2.53220"], ["-4.52160", "-2.32740", "1.14870"], ["-3.61880", "-1.64830", "0.32590"], ["-1.45260", "1.33990", "0.33750"], ["-2.63230", "2.11440", "0.34280"], ["-2.59890", "3.48280", "0.61840"], ["-1.38640", "4.10830", "0.88900"], ["-0.20870", "3.36650", "0.88410"], ["-0.23890", "1.99610", "0.60890"], ["1.71270", "-2.58360", "-0.80620"], ["1.26840", "-2.45190", "-2.55050"], ["5.29570", "-0.42250", "-2.90230"], ["4.04980", "0.73120", "-2.46690"], ["6.12680", "0.77970", "-0.98300"], ["5.73320", "-0.84580", "-0.42220"], ["4.97160", "0.91350", "1.16600"], ["3.59650", "-0.01170", "0.55150"], ["3.92910", "1.61190", "-0.08460"], ["-2.53250", "0.22780", "-1.90050"], ["-1.59410", "-0.35730", "2.74570"], ["-3.19410", "-1.55550", "4.17670"], ["-5.07350", "-2.82290", "3.17030"], ["-5.34190", "-2.88820", "0.70710"], ["-3.76720", "-1.70710", "-0.75010"], ["-3.59650", "1.65090", "0.13900"], ["-3.52080", "4.05900", "0.62370"], ["-1.35850", "5.17310", "1.10510"], ["0.73970", "3.85460", "1.09630"], ["0.70910", "1.46200", "0.61810"]], "bond_dist": [[0.0, 1.2194549192159585, 2.308082011107924, 2.9183781283445778, 3.483038783878239, 4.582322743980393, 5.086179793322293, 5.537526374655023, 6.656862308174925, 6.50313873295042, 3.415691855246899, 4.542710269211542, 3.5132714398406506, 2.282292308184909, 4.561603704838903, 5.839348385736203, 6.935851996690817, 7.001815459579037, 5.993958409098282, 4.680078082681955, 4.384383128787903, 5.142146692773359, 6.223583926484803, 6.628754425229524, 6.070459818662833, 4.956409689482903, 3.887753439970184, 2.6365922362018743, 6.105829955870045, 5.1838112475282125, 7.491846433957385, 7.12359046689238, 7.529868643608599, 5.918092710493812, 6.26601350620951, 2.5635299257079094, 6.157441407760206, 7.905536835028979, 8.008685228550315, 6.390100784807702, 4.019146752732475, 5.1828819685576475, 6.9613310975703495, 7.597742428511249, 6.717145134653561, 4.864285970211866], [1.2194549192159585, 0.0, 1.352741767670386, 2.4683073593051574, 3.157378996889667, 4.41989085272476, 4.983967530993756, 5.411530922945928, 6.301955021261259, 5.911603936327264, 2.2350824526178, 3.410260806741913, 2.3551321003289813, 1.3701850313005173, 3.464033403418622, 4.677818039428212, 5.829848723594806, 6.0306912879039, 5.1609714637847, 3.8107656369816287, 3.3680904827513167, 4.2845023013180885, 5.451966864352717, 5.848612082366208, 5.226387688451747, 3.9943105375020607, 3.2983820533710158, 2.6295606363040958, 6.155121759153104, 5.113808644249412, 7.202433306182016, 6.739198792141392, 6.8664960999042295, 5.2042493973675015, 5.70791357502897, 2.0731235708466587, 4.948862571338993, 6.764137718142646, 7.071190945661134, 5.717194107252263, 3.3754155803397006, 4.395466048100019, 6.268393571721546, 6.875200490894793, 5.917469802204317, 3.8943634473428386], [2.308082011107924, 1.352741767670386, 0.0, 1.4350607269380624, 2.3078937887173234, 3.5421056647141405, 4.05005022437994, 4.650957826082709, 5.348497622697424, 4.917355568799149, 1.3664470205609873, 2.3001965524711143, 2.383278556946292, 2.21619021972393, 3.446839585765488, 4.366826458653927, 5.555767317841883, 5.968263085689169, 5.34419347329417, 4.093992922563497, 3.4652785876463095, 4.678296824700203, 5.819251977702977, 6.009839620156265, 5.137347060497275, 3.7964537373712326, 2.0673137110753173, 2.07592933646596, 5.479851598355561, 4.566368127954645, 6.333230722151215, 5.660246857690925, 5.823219379346789, 4.089996858189502, 4.907374421215484, 3.1579514958276356, 4.44677132535506, 6.366446203338249, 7.000629318854127, 6.037761788113207, 3.9680204497960943, 4.96285647888391, 6.756120235756614, 7.046181284923061, 5.68763100508463, 3.3723878617383263], [2.9183781283445778, 2.4683073593051574, 1.4350607269380624, 0.0, 1.4270313065942175, 2.3233460461153865, 2.640259860316783, 3.659512843262065, 4.455847520954908, 4.382792066708162, 2.4771611392882784, 2.8835968390189364, 3.7748031802996027, 3.599543048777164, 4.764714583267292, 5.533857534306427, 6.667623044233979, 7.109772847988886, 6.541092206199207, 5.380381982722044, 4.737268119918905, 6.016911755211305, 7.068688831035074, 7.082630548743877, 6.049762720140353, 4.777483815775832, 1.0960300497705344, 1.0955320351317894, 4.369617975292577, 3.8401605187804324, 5.4772331053187795, 4.620853178797179, 5.333424645572486, 3.6200159350478005, 4.596573425933714, 4.480146673938254, 5.504212071677472, 7.392685810312785, 8.094260609221822, 7.191061539160961, 5.23708326838518, 6.374349907245444, 8.046614334613036, 8.067236181617593, 6.398932553168536, 4.096476586043182], [3.483038783878239, 3.157378996889667, 2.3078937887173234, 1.4270313065942175, 0.0, 1.3572662008611283, 2.291334829308017, 2.3544535119640826, 3.2478869346084083, 3.2781167291602054, 3.099467689781586, 3.3400109131558238, 4.3320190881389244, 4.2168430976264695, 5.571566897202259, 6.2574478519600945, 7.511170029362935, 8.112717174905088, 7.611613483355549, 6.377410122455666, 4.876111429202577, 6.1779759662853975, 7.006773731183276, 6.764774005094331, 5.612858474966209, 4.534619117412178, 2.079570397942806, 2.0723609410524997, 3.1833466823454843, 2.428221674394659, 4.194876787225103, 3.6466965009443824, 4.324942831992117, 2.7773865881436093, 3.3886662995933965, 5.002579215764604, 6.0237477951853196, 8.166738006082968, 9.135339548150359, 8.333646028599967, 6.259854288240262, 6.733238175647731, 8.026807329193844, 7.6465168946390225, 5.752597734067627, 3.71933196824376], [4.582322743980393, 4.41989085272476, 3.5421056647141405, 2.3233460461153865, 1.3572662008611283, 0.0, 1.2229177895508756, 1.507176452841538, 2.5095367421099857, 3.132628169764168, 4.308609063259279, 4.31584016617854, 5.642652778613974, 5.547862573099662, 6.809818664986609, 7.403615953032681, 8.608413373554967, 9.232572407514603, 8.778631329541069, 7.600614296884167, 6.177917776241443, 7.4988926022446805, 8.27379184050457, 7.922904062274136, 6.698785767585048, 5.712082317334022, 2.5771430034051277, 2.6534160793211456, 2.1092333204271165, 2.1446679789655083, 3.436795347413052, 2.69743618089474, 4.1160149149389635, 2.876838327052808, 3.521205022431952, 6.330613699318574, 7.113072256064886, 9.197573595247825, 10.220235615679318, 9.482718471514378, 7.4902869377614625, 8.081332813960826, 9.307894235540067, 8.745451018672508, 6.680014030673887, 4.799129130373552], [5.086179793322293, 4.983967530993756, 4.05005022437994, 2.640259860316783, 2.291334829308017, 1.2229177895508756, 0.0, 2.4180634607056946, 3.1977388354898526, 3.987479225024251, 4.874610316733021, 4.807327205422989, 6.297412301890357, 6.183807002971552, 7.293155167004196, 7.862150638343175, 8.956088537414088, 9.499796893618305, 9.047365343568258, 7.965677367932999, 7.036931897496237, 8.376123061416898, 9.253663930573662, 8.983110727359426, 7.7654159167426435, 6.693320808089211, 2.5596840703493076, 2.6937654407910125, 2.614181263799433, 3.2504209911948325, 4.10094963392627, 2.9654602931079688, 4.832105671443868, 3.6434960628495263, 4.572529318659422, 7.0089243975092215, 7.644209115402325, 9.532069766844975, 10.428736638730502, 9.687039352144698, 7.846385848911586, 8.872428060570567, 10.28372705686027, 9.84549160174341, 7.786778577178113, 5.774586347956016], [5.537526374655023, 5.411530922945928, 4.650957826082709, 3.659512843262065, 2.3544535119640826, 1.507176452841538, 2.4180634607056946, 0.0, 1.524060825557825, 2.5382104345384757, 5.2546959512420885, 5.189582314599124, 6.467056287059824, 6.4258336929926845, 7.76206517042984, 8.287916093928558, 9.563807088706882, 10.303379768794315, 9.902582967084902, 8.676491047076578, 6.679249916719691, 7.948656383314101, 8.499897489970099, 7.926940325245297, 6.660658728684424, 5.939035650675958, 3.968289417368648, 4.0414058754349345, 1.0963877507524424, 1.096181526937943, 2.1440674056568274, 2.1640241518984946, 3.4800765623761785, 2.847032620115196, 2.777293288437503, 7.120160151990965, 7.856970414860934, 10.09401521992116, 11.317569209861276, 10.663167684604796, 8.591318544321354, 8.668630838258139, 9.533569085080362, 8.607463543925121, 6.418684534232852, 5.007211242797732], [6.656862308174925, 6.301955021261259, 5.348497622697424, 4.455847520954908, 3.2478869346084083, 2.5095367421099857, 3.1977388354898526, 1.524060825557825, 0.0, 1.5224287865118684, 5.612076348375885, 5.223487784995768, 6.884286387128299, 7.146249237886963, 8.086030281293784, 8.362228622801458, 9.601899113717035, 10.500629930627971, 10.29775610994939, 9.153179050472026, 6.959443380759699, 8.264747479505951, 8.712493747486995, 7.981899828988084, 6.627261873504018, 6.024061276248774, 4.469768573427489, 5.073060923150835, 2.161781390427811, 2.178925271779645, 1.0962229882647054, 1.0962782356682996, 2.1588753090440402, 2.175569658733087, 2.171260797324909, 7.908160683117155, 7.76354507039149, 9.979143643619928, 11.480192004491911, 11.14990536417238, 9.240604768628511, 9.079514848823147, 9.776423322463078, 8.591578196117405, 6.211002407824361, 4.996183098126008], [6.50313873295042, 5.911603936327264, 4.917355568799149, 4.382792066708162, 3.2781167291602054, 3.132628169764168, 3.987479225024251, 2.5382104345384757, 1.5224287865118684, 0.0, 4.828814389682005, 4.301091290591261, 5.9917694907264245, 6.500588171850298, 7.148871400437973, 7.271812568404112, 8.519069131072948, 9.528284232221456, 9.44951310227146, 8.343309136068255, 5.88143126288151, 7.168594228298879, 7.538317688317468, 6.7454121986725175, 5.3611170673657185, 4.825104294209608, 4.359365551315926, 5.246252961876696, 3.47591666327028, 2.755006676942907, 2.1402686770590273, 2.1479698089125927, 1.094659915224815, 1.094296308135964, 1.0947071571886249, 7.269664948262747, 6.562074943948751, 8.823248839854854, 10.503346728067202, 10.377720552221474, 8.562581530122792, 8.047525023260256, 8.609681733374353, 7.343101141207304, 4.907053749450887, 3.7803009483373144], [3.415691855246899, 2.2350824526178, 1.3664470205609873, 2.4771611392882784, 3.099467689781586, 4.308609063259279, 4.874610316733021, 5.2546959512420885, 5.612076348375885, 4.828814389682005, 0.0, 1.227083297906055, 1.5612091403780595, 2.2807631595586595, 2.529550159613365, 3.1776038739905887, 4.448212505040648, 5.087118115396968, 4.7187253978166614, 3.5472163212863124, 2.605230744099263, 3.91149511568147, 5.051059492819304, 5.229092190810944, 4.353747174561242, 2.9567274916704784, 2.654913339451968, 3.3363576232172716, 6.21733946797181, 5.16510039205435, 6.590104377018622, 5.914080216737004, 5.562677130662896, 3.8980751018932405, 4.804737479821347, 3.2620205164897413, 3.113591678431839, 5.173691790201655, 6.13421378010255, 5.586876627418937, 3.7753535185463094, 4.280756177359322, 6.020587501232749, 6.284777292792482, 4.957782614233907, 2.5875677324468245], [4.542710269211542, 3.410260806741913, 2.3001965524711143, 2.8835968390189364, 3.3400109131558238, 4.31584016617854, 4.807327205422989, 5.189582314599124, 5.223487784995768, 4.301091290591261, 1.227083297906055, 0.0, 2.492145954794783, 3.481798812395685, 3.101273588382683, 3.2196206142960384, 4.4125121767537365, 5.282917419381075, 5.217750045757271, 4.258323765286054, 3.2146756990402623, 4.5591545553973045, 5.559194094470888, 5.541905311352766, 4.5165404304622365, 3.205445182810026, 2.636478116730727, 3.892358247900622, 6.197355305289507, 5.268032230349393, 6.217394531473775, 5.391115117487291, 4.859410470417167, 3.2691377303503137, 4.466613850558384, 4.4414300343470465, 2.8418643985946974, 4.914795533895586, 6.2610518653018685, 6.1643976794168625, 4.702635432393202, 5.040717906211376, 6.568219468014144, 6.541263521675304, 4.943730028025398, 2.5836595344588265], [3.5132714398406506, 2.3551321003289813, 2.383278556946292, 3.7748031802996027, 4.3320190881389244, 5.642652778613974, 6.297412301890357, 6.467056287059824, 6.884286387128299, 5.9917694907264245, 1.5612091403780595, 2.492145954794783, 0.0, 1.4525075318221246, 1.535801487823215, 2.546213533857677, 3.841001469669076, 4.356670561334653, 3.863849758983908, 2.5814604955334874, 1.5371026283238216, 2.5466274521413608, 3.8429767967033053, 4.360008873844181, 3.8674494566833055, 2.585791689212416, 4.1334903628773585, 4.433107421437022, 7.428597344048201, 6.1721621948876235, 7.7819801863021985, 7.312949739332275, 6.695404114764096, 5.16229980338221, 5.744371870796667, 2.186318460334633, 2.7474218642210735, 4.700845853673571, 5.443527178218182, 4.736563709061666, 2.820049838212084, 2.7465038485318023, 4.702708007095486, 5.446837642155309, 4.740175719316742, 2.834893975089721], [2.282292308184909, 1.3701850313005173, 2.21619021972393, 3.599543048777164, 4.2168430976264695, 5.547862573099662, 6.183807002971552, 6.4258336929926845, 7.146249237886963, 6.500588171850298, 2.2807631595586595, 3.481798812395685, 1.4525075318221246, 0.0, 2.48