{"total energy": -61.12610008, "HOMO-LUMO gap/eV": 3.53532331, "electronic energy": -61.6588928, "dipole": [-1.06126775, -0.49051862, -0.09330968], "partial charges": [-0.20737094, 0.47837561, -0.20857826, -0.2051292, -0.02052588, -0.02633242, -0.02213015, -0.03709868, 0.07856746, -0.04273334, -0.08103435, -0.00893261, -0.03121737, 0.01870095, -0.18263274, 0.03758219, -0.15287287, 0.26392642, -0.38241192, 0.06236366, 0.06292062, 0.08681071, 0.05859169, 0.07042015, 0.07977693, 0.08606538, 0.07072678, 0.07414285, 0.0800293], "atomic dipole moments": [[-0.01019918, 0.13329664, -0.23123134], [0.13821933, 0.0832391, 0.13691659], [0.06470895, -0.25270746, -0.05964897], [-0.24838772, -0.00579864, 0.09691171], [0.11157035, 0.08005974, 0.11596157], [-0.02450015, 0.02565662, 0.02334947], [0.00050527, 0.01281798, 0.01235481], [0.00314056, 0.04929456, 0.04660534], [-0.15538602, 0.04817513, 0.01469045], [0.00717388, -0.03493145, -0.03129266], [-0.00283145, 0.04599257, 0.02578699], [-0.05114199, -0.12511479, -0.12900304], [0.0639701, -0.11407276, -0.04781342], [0.0600805, 0.13252474, 0.13361579], [-0.05695162, -0.05195842, -0.04024339], [0.04800278, 0.16322321, -0.04511067], [-0.00059575, -0.12095425, -0.07607727], [0.01168247, 0.01649485, 0.02797727], [-0.01018621, 0.1102798, 0.14420743], [0.14946004, -0.04287876, -0.01336505], [0.04617683, -0.10336479, -0.10535206], [-0.08730333, -0.07757616, -0.104652], [-0.0374094, 0.10709449, 0.10703513], [0.03150242, 0.11618914, -0.0411633], [0.052886, -0.02749012, 0.11809091], [-0.06344408, 0.11344215, 0.0388437], [0.06625542, -0.11557863, -0.01804906], [-0.12706117, -0.02925055, -0.01538142], [-0.11079429, -0.08545162, -0.01912498]], "atomic quadrupole moments": [[-0.04325422, -0.00405415, -0.00214933, -0.00751683, -0.06173005, 0.04540355], [-0.03525155, -0.15030567, 0.07673123, -0.21398242, -0.10857818, -0.04147968], [-0.02920238, -0.03973287, 0.06866243, -0.01315246, 0.01624684, -0.03946005], [0.05521786, -0.00722638, -0.03687089, -0.05440429, -0.00183832, -0.01834697], [-0.20154792, 0.17810592, 0.09551294, 0.08264719, -0.2408784, 0.10603498], [-0.2652249, 0.09325851, 0.17612167, -0.08759727, -0.38336299, 0.08910322], [-0.23689802, 0.11366571, 0.16040196, -0.05743106, -0.41273937, 0.07649606], [-0.23207535, 0.07768351, 0.16064111, -0.08063496, -0.40747087, 0.07143424], [-0.05649521, 0.01111424, 0.07665653, -0.08501183, -0.35536178, -0.02016132], [-0.2245915, 0.06215534, 0.15335977, -0.09600654, -0.35783421, 0.07123173], [-0.05077638, -0.0217294, 0.03718318, -0.03774393, 0.05476119, 0.01359319], [0.15863202, -0.06905935, -0.11056131, -0.09433234, 0.26598701, -0.04807071], [0.0234526, 0.1339755, -0.13203809, 0.03461765, -0.04684409, 0.10858549], [-0.30967266, 0.10718535, -0.11722768, 0.03663437, 0.03691326, 0.42690034], [-0.29141324, 0.02871023, -0.23806553, 0.09449334, 0.19872436, 0.52947877], [-0.2190034, -0.15758505, 0.09948774, 0.01275656, -0.13700948, 0.11951565], [-0.29775256, -0.0921776, 0.33564477, 0.0516474, -0.39393926, -0.03789221], [-0.18999851, 0.1072992, 0.21914327, -0.14354127, -0.33511115, -0.02914476], [-0.09285758, 0.05534044, 0.09699947, -0.04727796, -0.13778149, -0.00414188], [0.02505307, -0.00208074, -0.01872791, 0.01765496, 0.04748937, -0.00632516], [0.04055608, -0.00821595, -0.02602793, 0.01583891, 0.04379645, -0.01452815], [0.05143459, -0.01762507, -0.02863245, 0.00734141, 0.03342025, -0.02280215], [0.04408884, -0.01585898, -0.02643758, 0.00437868, 0.04087818, -0.01765126], [-0.02093807, 0.00528647, 0.03941865, -0.01541631, -0.00644558, -0.01848058], [-0.01027383, -0.00543717, -0.0197378, 0.02029116, -0.0157878, 0.03001163], [-0.00430567, -0.01285491, 0.01789222, -0.02290196, 0.00049329, -0.01358654], [-0.00046527, -0.03923355, 0.00125379, -0.00734256, 0.00787095, -0.00078852], [0.04047974, 0.00736924, -0.04075296, 0.00783664, -0.00182, 0.00027321], [0.01139784, 0.01379595, -0.00709927, 0.01501192, -0.01461673, -0.00429857]], "number of molecular orbitals": 96, "number of electrons": 104, "number of unpaired electrons": 0, "orbital energies/eV": [-29.28348328, -29.2333978, -23.83344747, -23.50130391, -23.48546183, -20.06062101, -19.59389543, -19.05342519, -18.94855614, -18.49540482, -18.29329392, -18.09644568, -17.84826301, -17.64978247, -17.31289115, -17.21520064, -16.95047544, -16.86062754, -16.82368339, -16.39955951, -16.22889942, -16.17933532, -15.7837183, -15.46787683, -15.31554795, -14.98263124, -14.97094893, -14.92033432, -14.87058166, -14.80160894, -14.72355301, -14.5598147, -14.50865259, -14.48297933, -14.47204137, -14.29997932, -14.13613755, -14.051119, -13.89192549, -13.80109138, -13.7211274, -13.58248288, -12.89484735, -12.84418952, -12.68789579, -12.27373387, -12.07767724, -12.05263277, -11.91614294, -11.88933449, -11.52270764, -11.28880232, -7.75347901, -7.47376452, -6.63969287, -5.26996671, -4.48622089, -3.81207323, -1.76949982, -0.75666373, -0.49274624, -0.29162478, -0.14050449, -0.05256115, -0.03424239, 0.04182239, 0.05139481, 0.06892639, 0.16774204, 0.4541656, 0.90079224, 1.2551856, 1.52369467, 1.90758714, 2.21857303, 2.48303338, 2.75883858, 3.04558873, 3.37847218, 3.52206928, 3.70977733, 3.8060115, 4.04721276, 4.48935463, 4.73954159, 4.97172658, 5.60309651, 6.17577944, 6.66471179, 8.98553926, 9.65707861, 10.51859706, 10.77468463, 15.17631474, 15.45374586, 16.22710698], "fractional occupation": [2.0, 2.0, 2.0, 2.0, 2.0, 2.0, 2.0, 2.0, 2.0, 2.0, 2.0, 2.0, 2.0, 2.0, 2.0, 2.0, 2.0, 2.0, 2.0, 2.0, 2.0, 2.0, 2.0, 2.0, 2.0, 2.0, 2.0, 2.0, 2.0, 2.0, 2.0, 2.0, 2.0, 2.0, 2.0, 2.0, 2.0, 2.0, 2.0, 2.0, 2.0, 2.0, 2.0, 2.0, 2.0, 2.0, 2.0, 2.0, 2.0, 2.0, 2.0, 2.0, 0.0, 0.0, 0.0, 0.0, 0.0, 0.0, 0.0, 0.0, 0.0, 0.0, 0.0, 0.0, 0.0, 0.0, 0.0, 0.0, 0.0, 0.0, 0.0, 0.0, 0.0, 0.0, 0.0, 0.0, 0.0, 0.0, 0.0, 0.0, 0.0, 0.0, 0.0, 0.0, 0.0, 0.0, 0.0, 0.0, 0.0, 0.0, 0.0, 0.0, 0.0, 0.0, 0.0, 0.0], "program call": "xtb /home/svss/Project-DBcg-Debug/aqme2_20220329/End-to-End-workflows-final/example-3/QDESCP/mol_657_rdkit_conf_3/mol_657_rdkit_conf_3.xyz --pop --wbo --acc 0.2 --gfn 2 --chrg 0 --uhf 0 --etemp 300 --input /home/svss/Project-DBcg-Debug/aqme2_20220329/End-to-End-workflows-final/example-3/QDESCP/mol_657_rdkit_conf_3/mol_657_rdkit_conf_3_xtb.inp", "method": "GFN2-xTB", "xtb version": "6.3.3 (7355c4f)", "Dipole module/D": 2.981, "Total charge": 0, "Transition dipole module/D": NaN, "HOMO": -11.2888, "LUMO": -7.7535, "HOMO occupancy": 2.0, "LUMO occupancy": 0, "mulliken charges": [-0.24943, 0.63368, -0.25092, -0.24704, -0.0232, -0.02377, -0.01531, -0.0392, 0.15309, -0.05467, -0.26092, 0.07691, -0.04101, 0.05593, -0.13405, 0.04634, -0.10234, 0.46174, -0.51265, 0.05339, 0.04792, 0.07365, 0.05114, 0.04928, 0.0489, 0.05277, 0.04356, 0.04517, 0.06105], "cm5 charges": [-0.2694, 0.68527, -0.27192, -0.26807, -0.02601, -0.07468, -0.07035, -0.08614, 0.2063, -0.09883, -0.50267, 0.03426, -0.09773, -0.04354, -0.14398, 0.0011, -0.10629, 0.55467, -0.55885, 0.11075, 0.10323, 0.13966, 0.11291, 0.11582, 0.116, 0.11297, 0.1017, 0.10086, 0.12299], "FUKUI+": [-0.027, -0.003, -0.023, -0.025, -0.046, -0.042, -0.022, -0.032, -0.029, -0.021, -0.047, 0.026, 0.011, 0.014, -0.041, 0.005, -0.117, -0.058, -0.121, -0.063, -0.057, -0.041, -0.05, -0.03, -0.035, -0.039, -0.01, -0.024, -0.053], "FUKUI-": [-0.02, -0.001, -0.016, -0.021, -0.027, -0.036, -0.017, -0.018, -0.016, -0.018, -0.068, 0.025, 0.007, 0.023, -0.161, 0.011, -0.14, -0.01, -0.097, -0.05, -0.045, -0.031, -0.033, -0.049, -0.041, -0.034, -0.033, -0.04, -0.046], "FUKUIrad": [-0.023, -0.002, -0.02, -0.023, -0.036, -0.039, -0.02, -0.025, -0.022, -0.02, -0.057, 0.025, 0.009, 0.019, -0.101, 0.008, -0.128, -0.034, -0.109, -0.056, -0.051, -0.036, -0.041, -0.04, -0.038, -0.036, -0.021, -0.032, -0.05], "s proportion": [1.826, 1.03, 1.826, 1.825, 1.074, 1.061, 1.064, 1.068, 1.041, 1.062, 1.45, 1.015, 1.069, 1.05, 1.949, 1.081, 1.952, 1.007, 1.728, 0.947, 0.952, 0.926, 0.949, 0.951, 0.951, 0.947, 0.956, 0.955, 0.939], "p proportion": [5.424, 2.336, 5.425, 5.422, 2.949, 2.963, 2.952, 2.971, 2.806, 2.993, 3.811, 2.908, 2.972, 2.894, 5.201, 2.873, 5.165, 2.531, 4.785, 0.0, 0.0, 0.0, 0.0, 0.0, 0.0, 0.0, 0.0, 0.0, 0.0], "d proportion": [0.0, 0.0, 0.0, 0.0, 0.0, 0.0, 0.0, 0.0, 0.0, 0.0, 0.0, 0.0, 0.0, 0.0, -0.016, 0.0, -0.015, 0.0, 0.0, 0.0, 0.0, 0.0, 0.0, 0.0, 0.0, 0.0, 0.0, 0.0, 0.0], "Fermi-level/eV": -9.5211, "Coordination numbers": [0.788, 3.331, 0.788, 0.788, 2.96, 2.913, 2.908, 2.917, 2.891, 2.92, 2.752, 3.789, 3.928, 3.715, 0.913, 3.798, 0.958, 2.839, 0.856, 0.925, 0.925, 0.925, 0.925, 0.924, 0.924, 0.924, 0.924, 0.924, 0.924], "Dispersion coefficient C6": [11.312, 17.454, 11.324, 11.288, 28.517, 28.66, 28.558, 28.923, 26.245, 29.061, 22.816, 20.749, 21.065, 20.382, 104.873, 19.945, 103.937, 22.558, 21.333, 2.172, 2.165, 1.91, 2.216, 2.081, 1.981, 1.918, 2.078, 2.041, 1.979], "Total dispersion C6": 12724.370955, "Total dispersion C8": 338777.981017, "Polarizability alpha": [3.973, 6.627, 3.975, 3.969, 8.759, 8.779, 8.763, 8.819, 8.399, 8.84, 7.094, 6.488, 6.523, 6.45, 15.667, 6.359, 15.597, 7.784, 6.193, 2.304, 2.301, 2.161, 2.328, 2.256, 2.201, 2.166, 2.254, 2.234, 2.2], "Total polarizability alpha": 171.461291, "Wiberg matrix": [[0.0, 0.9407272464205623, 0.0, 0.0, 0.0, 0.0, 0.0, 0.0, 0.0, 0.0, 0.0, 0.0, 0.0, 0.0, 0.0, 0.0, 0.0, 0.0, 0.0, 0.0, 0.0, 0.0, 0.0, 0.0, 0.0, 0.0, 0.0, 0.0, 0.0], [0.9407272464205623, 0.0, 0.9436184465793372, 0.9480157827932757, 0.9550859520785763, 0.0, 0.0, 0.0, 0.0, 0.0, 0.0, 0.0, 0.0, 0.0, 0.0, 0.0, 0.0, 0.0, 0.0, 0.0, 0.0, 0.0, 0.0, 0.0, 0.0, 0.0, 0.0, 0.0, 0.0], [0.0, 0.9436184465793372, 0.0, 0.0, 0.0, 0.0, 0.0, 0.0, 0.0, 0.0, 0.0, 0.0, 0.0, 0.0, 0.0, 0.0, 0.0, 0.0, 0.0, 0.0, 0.0, 0.0, 0.0, 0.0, 0.0, 0.0, 0.0, 0.0, 0.0], [0.0, 0.9480157827932757, 0.0, 0.0, 0.0, 0.0, 0.0, 0.0, 0.0, 0.0, 0.0, 0.0, 0.0, 0.0, 0.0, 0.0, 0.0, 0.0, 0.0, 0.0, 0.0, 0.0, 0.0, 0.0, 0.0, 0.0, 0.0, 0.0, 0.0], [0.0, 0.9550859520785763, 0.0, 0.0, 0.0, 1.4092458621497452, 0.0, 0.10558875421913247, 0.0, 1.4127840089986927, 0.0, 0.0, 0.0, 0.0, 0.0, 0.0, 0.0, 0.0, 0.0, 0.0, 0.0, 0.0, 0.0, 0.0, 0.0, 0.0, 0.0, 0.0, 0.0], [0.0, 0.0, 0.0, 0.0, 1.4092458621497452, 0.0, 1.4340886208929597, 0.0, 0.0, 0.0, 0.0, 0.0, 0.0, 0.0, 0.0, 0.0, 0.0, 0.0, 0.0, 0.9667153979873069, 0.0, 0.0, 0.0, 0.0, 0.0, 0.0, 0.0, 0.0, 0.0], [0.0, 0.0, 0.0, 0.0, 0.0, 1.4340886208929597, 0.0, 1.4483469474924093, 0.0, 0.10625122308208287, 0.0, 0.0, 0.0, 0.0, 0.0, 0.0, 0.0, 0.0, 0.0, 0.0, 0.9681036140072001, 0.0, 0.0, 0.0, 0.0, 0.0, 0.0, 0.0, 0.0], [0.0, 0.0, 0.0, 0.0, 0.10558875421913247, 0.0, 1.4483469474924093, 0.0, 1.3691018647877131, 0.0, 0.0, 0.0, 0.0, 0.0, 0.0, 0.0, 0.0, 0.0, 0.0, 0.0, 0.0, 0.959332306255239, 0.0, 0.0, 0.0, 0.0, 0.0, 0.0, 0.0], [0.0, 0.0, 0.0, 0.0, 0.0, 0.0, 0.0, 1.3691018647877131, 0.0, 1.372568161191797, 1.0667291588408085, 0.0, 0.0, 0.0, 0.0, 0.0, 0.0, 0.0, 0.0, 0.0, 0.0, 0.0, 0.0, 0.0, 0.0, 0.0, 0.0, 0.0, 0.0], [0.0, 0.0, 0.0, 0.0, 1.4127840089986927, 0.0, 0.10625122308208287, 0.0, 1.372568161191797, 0.0, 0.0, 0.0, 0.0, 0.0, 0.0, 0.0, 0.0, 0.0, 0.0, 0.0, 0.0, 0.0, 0.9631233506949546, 0.0, 0.0, 0.0, 0.0, 0.0, 0.0], [0.0, 0.0, 0.0, 0.0, 0.0, 0.0, 0.0, 0.0, 1.0667291588408085, 0.0, 0.0, 0.9865730793610775, 0.0, 0.0, 0.0, 0.0, 0.0, 1.167547558516137, 0.17625312842485447, 0.0, 0.0, 0.0, 0.0, 0.0, 0.0, 0.0, 0.0, 0.0, 0.0], [0.0, 0.0, 0.0, 0.0, 0.0, 0.0, 0.0, 0.0, 0.0, 0.0, 0.9865730793610775, 0.0, 0.9927311630034645, 0.0, 0.0, 0.0, 0.0, 0.0, 0.0, 0.0, 0.0, 0.0, 0.0, 0.9627179515136177, 0.9624251924470146, 0.0, 0.0, 0.0, 0.0], [0.0, 0.0, 0.0, 0.0, 0.0, 0.0, 0.0, 0.0, 0.0, 0.0, 0.0, 0.9927311630034645, 0.0, 0.9979550063412732, 0.0, 0.9856407245872261, 0.0, 0.0, 0.0, 0.0, 0.0, 0.0, 0.0, 0.0, 0.0, 0.9604185367840709, 0.0, 0.0, 0.0], [0.0, 0.0, 0.0, 0.0, 0.0, 0.0, 0.0, 0.0, 0.0, 0.0, 0.0, 0.0, 0.9979550063412732, 0.0, 0.9605449461133341, 0.0, 0.0, 0.0, 0.0, 0.0, 0.0, 0.0, 0.0, 0.0, 0.0, 0.0, 0.9767587975909102, 0.9753862109525531, 0.0], [0.0, 0.0, 0.0, 0.0, 0.0, 0.0, 0.0, 0.0, 0.0, 0.0, 0.0, 0.0, 0.0, 0.9605449461133341, 0.0, 0.0, 0.0, 0.0, 0.0, 0.0, 0.0, 0.0, 0.0, 0.0, 0.0, 0.0, 0.0, 0.0, 0.0], [0.0, 0.0, 0.0, 0.0, 0.0, 0.0, 0.0, 0.0, 0.0, 0.0, 0.0, 0.0, 0.9856407245872261, 0.0, 0.0, 0.0, 0.9368329711044652, 0.9549743894541955, 0.0, 0.0, 0.0, 0.0, 0.0, 0.0, 0.0, 0.0, 0.0, 0.0, 0.9606536836413242], [0.0, 0.0, 0.0, 0.0, 0.0, 0.0, 0.0, 0.0, 0.0, 0.0, 0.0, 0.0, 0.0, 0.0, 0.0, 0.9368329711044652, 0.0, 0.0, 0.0, 0.0, 0.0, 0.0, 0.0, 0.0, 0.0, 0.0, 0.0, 0.0, 0.0], [0.0, 0.0, 0.0, 0.0, 0.0, 0.0, 0.0, 0.0, 0.0, 0.0, 1.167547558516137, 0.0, 0.0, 0.0, 0.0, 0.9549743894541955, 0.0, 0.0, 1.7338340389381188, 0.0, 0.0, 0.0, 0.0, 0.0, 0.0, 0.0, 0.0, 0.0, 0.0], [0.0, 0.0, 0.0, 0.0, 0.0, 0.0, 0.0, 0.0, 0.0, 0.0, 0.17625312842485447, 0.0, 0.0, 0.0, 0.0, 0.0, 0.0, 1.7338340389381188, 0.0, 0.0, 0.0, 0.0, 0.0, 0.0, 0.0, 0.0, 0.0, 0.0, 0.0], [0.0, 0.0, 0.0, 0.0, 0.0, 0.9667153979873069, 0.0, 0.0, 0.0, 0.0, 0.0, 0.0, 0.0, 0.0, 0.0, 0.0, 0.0, 0.0, 0.0, 0.0, 0.0, 0.0, 0.0, 0.0, 0.0, 0.0, 0.0, 0.0, 0.0], [0.0, 0.0, 0.0, 0.0, 0.0, 0.0, 0.9681036140072001, 0.0, 0.0, 0.0, 0.0, 0.0, 0.0, 0.0, 0.0, 0.0, 0.0, 0.0, 0.0, 0.0, 0.0, 0.0, 0.0, 0.0, 0.0, 0.0, 0.0, 0.0, 0.0], [0.0, 0.0, 0.0, 0.0, 0.0, 0.0, 0.0, 0.959332306255239, 0.0, 0.0, 0.0, 0.0, 0.0, 0.0, 0.0, 0.0, 0.0, 0.0, 0.0, 0.0, 0.0, 0.0, 0.0, 0.0, 0.0, 0.0, 0.0, 0.0, 0.0], [0.0, 0.0, 0.0, 0.0, 0.0, 0.0, 0.0, 0.0, 0.0, 0.9631233506949546, 0.0, 0.0, 0.0, 0.0, 0.0, 0.0, 0.0, 0.0, 0.0, 0.0, 0.0, 0.0, 0.0, 0.0, 0.0, 0.0, 0.0, 0.0, 0.0], [0.0, 0.0, 0.0, 0.0, 0.0, 0.0, 0.0, 0.0, 0.0, 0.0, 0.0, 0.9627179515136177, 0.0, 0.0, 0.0, 0.0, 0.0, 0.0, 0.0, 0.0, 0.0, 0.0, 0.0, 0.0, 0.0, 0.0, 0.0, 0.0, 0.0], [0.0, 0.0, 0.0, 0.0, 0.0, 0.0, 0.0, 0.0, 0.0, 0.0, 0.0, 0.9624251924470146, 0.0, 0.0, 0.0, 0.0, 0.0, 0.0, 0.0, 0.0, 0.0, 0.0, 0.0, 0.0, 0.0, 0.0, 0.0, 0.0, 0.0], [0.0, 0.0, 0.0, 0.0, 0.0, 0.0, 0.0, 0.0, 0.0, 0.0, 0.0, 0.0, 0.9604185367840709, 0.0, 0.0, 0.0, 0.0, 0.0, 0.0, 0.0, 0.0, 0.0, 0.0, 0.0, 0.0, 0.0, 0.0, 0.0, 0.0], [0.0, 0.0, 0.0, 0.0, 0.0, 0.0, 0.0, 0.0, 0.0, 0.0, 0.0, 0.0, 0.0, 0.9767587975909102, 0.0, 0.0, 0.0, 0.0, 0.0, 0.0, 0.0, 0.0, 0.0, 0.0, 0.0, 0.0, 0.0, 0.0, 0.0], [0.0, 0.0, 0.0, 0.0, 0.0, 0.0, 0.0, 0.0, 0.0, 0.0, 0.0, 0.0, 0.0, 0.9753862109525531, 0.0, 0.0, 0.0, 0.0, 0.0, 0.0, 0.0, 0.0, 0.0, 0.0, 0.0, 0.0, 0.0, 0.0, 0.0], [0.0, 0.0, 0.0, 0.0, 0.0, 0.0, 0.0, 0.0, 0.0, 0.0, 0.0, 0.0, 0.0, 0.0, 0.0, 0.9606536836413242, 0.0, 0.0, 0.0, 0.0, 0.0, 0.0, 0.0, 0.0, 0.0, 0.0, 0.0, 0.0, 0.0]], "Born radii": [], "Atomic SASAs": [], "Solvent H bonds": [], "Total SASA": NaN, "Total FOD": 0.0, "FOD": [0.0, 0.0, 0.0, 0.0, 0.0, 0.0, 0.0, 0.0, 0.0, 0.0, 0.0, 0.0, 0.0, 0.0, 0.0, 0.0, 0.0, 0.0, 0.0, 0.0, 0.0, 0.0, 0.0, 0.0, 0.0, 0.0, 0.0, 0.0, 0.0], "FOD s proportion": [0.0, 0.0, 0.0, 0.0, 0.0, 0.0, 0.0, 0.0, 0.0, 0.0, 0.0, 0.0, 0.0, 0.0, 0.0, 0.0, 0.0, 0.0, 0.0, 0.0, 0.0, 0.0, 0.0, 0.0, 0.0, 0.0, 0.0, 0.0, 0.0], "FOD p proportion": [0.0, 0.0, 0.0, 0.0, 0.0, 0.0, 0.0, 0.0, 0.0, 0.0, 0.0, 0.0, 0.0, 0.0, 0.0, 0.0, 0.0, 0.0, 0.0, 0.0, 0.0, 0.0, 0.0, 0.0, 0.0, 0.0, 0.0, 0.0, 0.0], "FOD d proportion": [0.0, 0.0, 0.0, 0.0, 0.0, 0.0, 0.0, 0.0, 0.0, 0.0, 0.0, 0.0, 0.0, 0.0, 0.0, 0.0, 0.0, 0.0, 0.0, 0.0, 0.0, 0.0, 0.0, 0.0, 0.0, 0.0, 0.0, 0.0, 0.0], "coordinates": [["3.95660", "-0.07200", "2.35610"], ["3.89270", "0.59560", "1.17160"], ["3.57680", "1.88340", "1.48610"], ["5.16650", "0.63250", "0.69150"], ["2.91000", "-0.03180", "0.21430"], ["3.33460", "-0.97100", "-0.73020"], ["2.41270", "-1.55100", "-1.59460"], ["1.05890", "-1.20500", "-1.51900"], ["0.59410", "-0.27710", "-0.57940"], ["1.54140", "0.29870", "0.28430"], ["-0.78170", "0.07650", "-0.48850"], ["-1.29380", "0.98040", "0.52080"], ["-2.80530", "0.77500", "0.49540"], ["-3.25090", "-0.38660", "1.39120"], ["-3.06770", "0.02100", "3.11560"], ["-3.06760", "0.43670", "-0.96930"], ["-3.25080", "1.90770", "-1.95820"], ["-1.79530", "-0.27060", "-1.40210"], ["-1.73060", "-0.98650", "-2.39040"], ["4.38460", "-1.25140", "-0.79940"], ["2.74040", "-2.27870", "-2.33400"], ["0.38820", "-1.69870", "-2.21590"], ["1.24550", "1.03580", "1.02730"], ["-1.03120", "2.00370", "0.22750"], ["-0.86570", "0.76380", "1.50300"], ["-3.33280", "1.68310", "0.81170"], ["-2.67660", "-1.29980", "1.20520"], ["-4.31010", "-0.61200", "1.23180"], ["-3.94270", "-0.20180", "-1.11820"]], "bond_dist": [[0.0, 1.361180818260381, 2.1736460613448547, 2.175102622866333, 2.3841759247169656, 3.2741919140453573, 4.492115169939435, 4.969582910063982, 4.4682919007155295, 3.2035862357676588, 5.528588273691576, 5.660615868436932, 7.064198829308246, 7.278602985463625, 7.065853079423602, 7.788224861288996, 8.630122324741405, 6.873708082978212, 7.46390087956693, 3.3957839463075388, 5.324068495051505, 6.023521847723307, 3.2160524700321664, 5.806687290529774, 4.967989386059516, 7.655122450359629, 6.843347564606082, 8.360261920538136, 8.630559021291726], [1.361180818260381, 0.0, 1.362766267560215, 1.3617723965479696, 1.5085600220077424, 2.5263717877620464, 3.801335817840881, 4.302547054943153, 3.835149051862261, 2.5306249406026176, 4.987525657076864, 5.241316049428808, 6.734436487190298, 7.2141501204230565, 7.249584079104125, 7.283850500250537, 7.908656440888047, 6.302981685678612, 6.8419578557602945, 2.7455811060684403, 4.67745947497143, 5.387066826205148, 2.6874274632071464, 5.207577328278477, 4.772890922700832, 7.3157388218825865, 6.837351286134128, 8.291432303287532, 8.201982928536244], [2.1736460613448547, 1.362766267560215, 0.0, 2.1733122325151535, 2.3937603305260113, 3.6219119108559226, 4.7582501678663345, 4.990857739908041, 4.222623567167691, 2.8457776599727533, 5.114729222549323, 5.0467769368181905, 6.552956390820864, 7.19578997053138, 7.090358542415186, 7.229798158316732, 7.647216143146472, 6.468452183482536, 7.171615788649026, 3.9627038912843338, 5.711024897511829, 6.05833429005036, 2.5226737581383762, 4.778306190482146, 4.581440387039866, 6.945322714604412, 7.022583471202033, 8.276163438453835, 8.226379384638177], [2.175102622866333, 1.3617723965479696, 2.1733122325151535, 0.0, 2.4001680316177865, 2.819273088936224, 4.192533828128284, 5.013491224685648, 4.832121762745636, 3.6631385846020073, 6.0895500030790455, 6.471912313219332, 7.975484731350189, 8.50768873784179, 8.605361276553124, 8.402201919140005, 8.916164221233254, 7.325667874671907, 7.725882281008428, 2.526505418557419, 4.849195489975631, 6.0596715331773545, 3.955964298372775, 6.364508679387593, 6.0879560428767885, 8.564829764215983, 8.093941474337456, 9.573225783402375, 9.324623060478102], [2.3841759247169656, 1.5085600220077424, 2.3937603305260113, 2.4001680316177865, 0.0, 1.3980207616484097, 2.4139998218724044, 2.7941543157098536, 2.4603911457327268, 1.4096794706599085, 3.759561892029442, 4.334792443704774, 5.7788058922237555, 6.282329620451318, 6.644789448883991, 6.111636685045996, 6.81446059053833, 4.9809258667440535, 5.4065777105300175, 2.165515414399075, 3.4016402896249924, 3.87864704375121, 2.1380596366799502, 4.435819194917665, 4.0681245728222235, 6.501562935940866, 5.813760088789355, 7.3144912536689795, 6.983119184146867], [3.2741919140453573, 2.5263717877620464, 3.6219119108559226, 2.819273088936224, 1.3980207616484097, 0.0, 1.3904988205676407, 2.419870229991683, 2.8310030201326173, 2.4201063158464753, 4.25436256447426, 5.176393485816162, 6.499921797221871, 6.943390495283985, 7.534167965342955, 6.559493344763756, 7.2912544085362985, 5.220908329017088, 5.330361650957654, 1.088996235071545, 2.1529810426476126, 3.379071579591057, 3.3882726129991374, 5.369007265780146, 5.063519859741838, 7.340022151192734, 6.323638829028742, 7.900617892924578, 7.328117625284136], [4.492115169939435, 3.801335817840881, 4.7582501678663345, 4.192533828128284, 2.4139998218724044, 1.3904988205676407, 0.0, 1.3993590675734375, 2.4414664056668895, 2.7768361474887207, 3.7518535179295047, 4.961959831558494, 6.083247487978769, 6.507472163597782, 7.395400746409893, 5.863074233710503, 6.6460546868047965, 4.402697401593709, 4.256629274437698, 2.1472058145413073, 1.087955394306219, 2.1228351867255264, 3.8637093174823596, 5.2741243548100005, 5.069648050900575, 7.018579111900071, 5.814030957089926, 7.352978838538841, 6.51447670653599], [4.969582910063982, 4.302547054943153, 4.990857739908041, 5.013491224685648, 2.7941543157098536, 2.419870229991683, 1.3993590675734375, 0.0, 1.3999591458324774, 2.3970421001726274, 2.468193845709854, 3.8042022146568395, 4.786465188424543, 5.264353582349878, 6.325458143091296, 4.474969411068639, 5.334352071245392, 3.0055326666000486, 2.930595581106339, 3.4029777563187213, 2.1551099600716435, 1.0859317612078578, 3.397005724163561, 4.208863973805758, 4.088122136140259, 5.749809822072379, 4.6243067512871585, 6.061741551732473, 5.1169378968285315], [4.4682919007155295, 3.835149051862261, 4.222623567167691, 4.832121762745636, 2.4603911457327268, 2.8310030201326173, 2.4414664056668895, 1.3999591458324774, 0.0, 1.4053115739934687, 1.4234189158501442, 2.5210935524093507, 3.717261062933299, 4.321953217007329, 5.210630273776868, 3.750943793233911, 4.6322452968296055, 2.5270753649228586, 3.0310393349476676, 3.9198916745236723, 3.4193021817324074, 2.177492507449796, 2.1747444125689803, 2.9145730973849324, 2.7478862076148642, 4.604138014873143, 3.8637017146772603, 5.238681235769171, 4.569302985138981], [3.2035862357676588, 2.5306249406026176, 2.8457776599727533, 3.6631385846020073, 1.4096794706599085, 2.4201063158464753, 2.7768361474887207, 2.3970421001726274, 1.4053115739934687, 0.0, 2.4583299798847187, 2.925577922394138, 4.377810616049991, 4.965984594216942, 5.4163806910149885, 4.7784346767534664, 5.530177943791682, 3.781747524624033, 4.417209880682601, 3.4148209235624636, 3.864723360086722, 3.401540392234083, 1.0876222781830098, 3.0868304132232467, 2.7378236082698977, 5.09436352844985, 4.6037792149493875, 5.997264625643928, 5.68268064473097], [5.528588273691576, 4.987525657076864, 5.114729222549323, 6.0895500030790455, 3.759561892029442, 4.25436256447426, 3.7518535179295047, 2.468193845709854, 1.4234189158501442, 2.4583299798847187, 0.0, 1.4484364362995015, 2.3560387136038323, 3.137623677243656, 4.268303299907354, 2.3635252251668484, 3.407310719614517, 1.4080228442749072, 2.3764687710971506, 5.343279228151941, 4.621474407588989, 2.7393268899494267, 2.706925556789473, 2.07099157168734, 2.1084377012375772, 3.283259784116999, 2.8902365629823454, 3.9853570605404984, 3.2351033955655883], [5.660615868436932, 5.241316049428808, 5.0467769368181905, 6.471912313219332, 4.334792443704774, 5.176393485816162, 4.961959831558494, 3.8042022146568395, 2.5210935524093507, 2.925577922394138, 1.4484364362995015, 0.0, 1.525603673959918, 2.5409694154003506, 3.2863591723973204, 2.37957436109906, 3.2916827444333085, 2.3482009411462212, 3.540420213759943, 6.242442297690865, 5.919998774493117, 4.182849232281747, 2.5899142649902522, 1.0964153136471597, 1.0931157349521594, 2.1762194512502644, 2.75315296342212, 3.4841533333078214, 3.3317546503306636], [7.064198829308246, 6.734436487190298, 6.552956390820864, 7.975484731350189, 5.7788058922237555, 6.499921797221871, 6.083247487978769, 4.786465188424543, 3.717261062933299, 4.377810616049991, 2.3560387136038323, 1.525603673959918, 0.0, 1.5330791108093542, 2.73912719675447, 1.525973220603822, 2.7389108236669553, 2.390373529388242, 3.5476335746522643, 7.581389451149439, 6.934362013913033, 4.865057207268996, 4.093887503339582, 2.174604541060282, 2.1857335976737877, 1.0967896562240183, 2.1966280454369147, 2.1749659767453835, 2.2026170706684356], [7.278602985463625, 7.2141501204230565, 7.19578997053138, 8.50768873784179, 6.282329620451318, 6.943390495283985, 6.507472163597782, 5.264353582349878, 4.321953217007329, 4.965984594216942, 3.137623677243656, 2.5409694154003506, 1.5330791108093542, 0.0, 1.7813633430605897, 2.5066675148491475, 4.059839018975999, 3.151944201600022, 4.119671183480546, 7.990461041141494, 7.304302371890146, 5.2892178656205875, 4.730037836000892, 3.4633509596920726, 2.650490226354363, 2.1508570268616185, 1.0946920708582848, 1.0945858394845058, 2.6095644540804126], [7.065853079423602, 7.249584079104125, 7.090358542415186, 8.605361276553124, 6.644789448883991, 7.534167965342955, 7.395400746409893, 6.325458143091296, 5.210630273776868, 5.4163806910149885, 4.268303299907354, 3.2863591723973204, 2.73912719675447, 1.7813633430605897, 0.0, 4.105997383097072, 5.4163279941303415, 4.702514817626841, 5.754904748125724, 8.513694970457891, 8.289800109773456, 6.582211265980453, 4.898419150093222, 4.052104780234588, 2.8286100120023616, 2.853210407593523, 2.355228228855964, 2.343704162218432, 4.329009965338496], [7.788224861288996, 7.283850500250537, 7.229798158316732, 8.402201919140005, 6.111636685045996, 6.559493344763756, 5.863074233710503, 4.474969411068639, 3.750943793233911, 4.7784346767534664, 2.3635252251668484, 2.37957436109906, 1.525973220603822, 2.5066675148491475, 4.105997383097072, 0.0, 1.781944569844977, 1.5186627077794466, 2.4150760754063216, 7.64289424629178, 6.555048989138068, 4.249293866044098, 4.790424196248178, 2.834562435368112, 3.3268040684717217, 2.189932647366124, 2.8101180580182037, 2.7364976064305266, 1.0934594048248887], [8.630122324741405, 7.908656440888047, 7.647216143146472, 8.916164221233254, 6.81446059053833, 7.2912544085362985, 6.6460546868047965, 5.334352071245392, 4.6322452968296055, 5.530177943791682, 3.407310719614517, 3.2916827444333085, 2.7389108236669553, 4.059839018975999, 5.4163279941303415, 1.781944569844977, 0.0, 2.678193112902802, 3.2976049672451673, 8.34398366549216, 7.31858237912234, 5.129800312877685, 5.467186986924812, 3.1165886238000673, 4.356273024042455, 2.7802005629090862, 4.541460277267655, 4.20084569818983, 2.3736713883770855], [6.873708082978212, 6.302981685678612, 6.468452183482536, 7.325667874671907, 4.9809258667440535, 5.220908329017088, 4.402697401593709, 3.0055326666000486, 2.5270753649228586, 3.781747524624033, 1.4080228442749072, 2.3482009411462212, 2.390373529388242, 3.151944201600022, 4.702514817626841, 1.5186627077794466, 2.678193112902802, 0.0, 1.2220621056231145, 6.286205527979498, 5.047125687953492, 2.733022557535887, 4.105499964681525, 2.9003250610922904, 3.2208299442845476, 3.328927812374429, 2.9383593415373825, 3.6576224805192785, 2.167177752285216], [7.46390087956693, 6.8419578557602945, 7.171615788649026, 7.725882281008428, 5.4065777105300175, 5.330361650957654, 4.256629274437698, 2.930595581106339, 3.0310393349476676, 4.417209880682601, 2.3764687710971506, 3.540420213759943, 3.5476335746522643, 4.119671183480546, 5.754904748125724, 2.4150760754063216, 3.2976049672451673, 1.2220621056231145, 0.0, 6.324327952438899, 4.654331616891947, 2.2420955666518765, 4.962614410771806, 4.035326109498463, 4.3554753655599985, 4.466234813576197, 3.7311408778013195, 4.462555696010976, 2.6697627872153737], [3.3957839463075388, 2.7455811060684403, 3.9627038912843338, 2.526505418557419, 2.165515414399075, 1.088996235071545, 2.1472058145413073, 3.4029777563187213, 3.9198916745236723, 3.4148209235624636, 5.343279228151941, 6.242442297690865, 7.581389451149439, 7.990461041141494, 8.513694970457891, 7.64289424629178, 8.34398366549216, 6.286205527979498, 6.324327952438899, 0.0, 2.472597033485238, 4.263538729740824, 4.2920933750327475, 6.401647386415468, 6.076818813326591, 8.412205193645718, 7.340388897054433, 8.951671011045928, 8.399239185188144], [5.324068495051505, 4.67745947497143, 5.711024897511829, 4.849195489975631, 3.4016402896249924, 2.1529810426476126, 1.087955394306219, 2.1551099600716435, 3.4193021817324074, 3.864723360086722, 4.621474407588989, 5.919998774493117, 6.934362013913033, 7.304302371890146, 8.289800109773456, 6.555048989138068, 7.31858237912234, 5.047125687953492, 4.654331616891947, 2.472597033485238, 0.0, 2.425529313366466, 4.9516637557491725, 6.255013874485012, 6.081392312620523, 7.904115761424551, 6.544315919177497, 8.07479837395337, 7.1032041263080705], [6.023521847723307, 5.387066826205148, 6.05833429005036, 6.0596715331773545, 3.87864704375121, 3.379071579591057, 2.1228351867255264, 1.0859317612078578, 2.177492507449796, 3.401540392234083, 2.7393268899494267, 4.182849232281747, 4.865057207268996, 5.2892178656205875, 6.582211265980453, 4.249293866044098, 5.129800312877685, 2.733022557535887, 2.2420955666518765, 4.263538729740824, 2.425529313366466, 0.0, 4.327909400622891, 4.6575385859915315, 4.6331834271912875, 5.869307795643367, 4.61042790421887, 5.928032984894736, 4.711936938245247], [3.2160524700321664, 2.6874274632071464, 2.5226737581383762, 3.955964298372775, 2.1380596366799502, 3.3882726129991374, 3.8637093174823596, 3.397005724163561, 2.1747444125689803, 1.0876222781830098, 2.706925556789473, 2.5899142649902522, 4.093887503339582, 4.730037836000892, 4.898419150093222, 4.790424196248178, 5.467186986924812, 4.105499964681525, 4.962614410771806, 4.2920933750327475, 4.9516637557491725, 4.327909400622891, 0.0, 2.5999756421935953, 2.1811556409389956, 4.628856396562763, 4.568319623231282, 5.79842706688633, 5.749108039513608], [5.806687290529774, 5.207577328278477, 4.778306190482146, 6.364508679387593, 4.435819194917665, 5.369007265780146, 5.2741243548100005, 4.208863973805758, 2.9145730973849324, 3.0868304132232467, 2.07099157168734, 1.0964153136471597, 2.174604541060282, 3.4633509596920726, 4.052104780234588, 2.834562435368112, 3.1165886238000673, 2.9003250610922904, 4.035326109498463, 6.401647386415468, 6.255013874485012, 4.6575385859915315, 2.5999756421935953, 0.0, 1.7865168652996253, 2.3961294956658756, 3.8178987283583097, 4.31296767782927, 3.892553273880783], [4.967989386059516, 4.772890922700832, 4.581440387039866, 6.0879560428767885, 4.0681245728222235, 5.063519859741838, 5.069648050900575, 4.088122136140259, 2.7478862076148642, 2.7378236082698977, 2.1084377012375772, 1.0931157349521594, 2.1857335976737877, 2.650490226354363, 2.8286100120023616, 3.3268040684717217, 4.356273024042455, 3.2208299442845476, 4.3554753655599985, 6.076818813326591, 6.081392312620523, 4.6331834271912875, 2.1811556409389956, 1.7865168652996253, 0.0, 2.7220563164637137, 2.7616097859762885, 3.7189066188867934, 4.15583948198195], [7.655122450359629, 7.3157388218825865, 6.945322714604412, 8.564829764215983, 6.501562935940866, 7.340022151192734, 7.018579111900071, 5.749809822072379, 4.604138014873143, 5.09436352844985, 3.283259784116999, 2.1762194512502644, 1.0967896562240183, 2.1508570268616185, 2.853210407593523, 2.189932647366124, 2.7802005629090862, 3.328927812374429, 4.466234813576197, 8.412205193645718, 7.904115761424551, 5.869307795643367, 4.628856396562763, 2.3961294956658756, 2.7220563164637137, 0.0, 3.079469613423714, 2.5296409448773556, 2.7657440282860595], [6.843347564606082, 6.837351286134128, 7.022583471202033, 8.093941474337456, 5.813760088789355, 6.323638829028742, 5.814030957089926, 4.6243067512871585, 3.8637017146772603, 4.6037792149493875, 2.8902365629823454, 2.75315296342212, 2.1966280454369147, 1.0946920708582848, 2.355228228855964, 2.8101180580182037, 4.541460277267655, 2.9383593415373825, 3.7311408778013195, 7.340388897054433, 6.544315919177497, 4.61042790421887, 4.568319623231282, 3.8178987283583097, 2.7616097859762885, 3.079469613423714, 0.0, 1.77259658411044, 2.8647514324981147], [8.360261920538136, 8.291432303287532, 8.276163438453835, 9.573225783402375, 7.3144912536689795, 7.900617892924578, 7.352978838538841, 6.061741551732473, 5.238681235769171, 5.997264625643928, 3.9853570605404984, 3.4841533333078214, 2.1749659767453835, 1.0945858394845058, 2.343704162218432, 2.7364976064305266, 4.20084569818983, 3.6576224805192785, 4.462555696010976, 8.951671011045928, 8.07479837395337, 5.928032984894736, 5.79842706688633, 4.31296767782927, 3.7189066188867934, 2.5296409448773556, 1.77259658411044, 0.0, 2.4136583851075533], [8.630559021291726, 8.201982928536244, 8.226379384638177, 9.324623060478102, 6.983119184146867, 7.328117625284136, 6.51447670653599, 5.1169378968285315, 4.569302985138981, 5.68268064473097, 3.2351033955655883, 3.3317546503306636, 2.2026170706684356, 2.6095644540804126, 4.329009965338496, 1.0934594048248887, 2.3736713883770855, 2.167177752285216, 2.6697627872153737, 8.399239185188144, 7.1032041263080705, 4.711936938245247, 5.749108039513608, 3.892553273880783, 4.15583948198195, 2.7657440282860595, 2.8647514324981147, 2.4136583851075533, 0.0]]}