{"total energy": -49.36117691, "HOMO-LUMO gap/eV": 11.94790065, "electronic energy": -50.02359835, "dipole": [0.38649761, -0.26671058, 0.48310494], "partial charges": [-0.098373, -0.05051581, -0.05624722, -0.05629137, -0.05736476, -0.0576074, -0.05749069, -0.05783506, -0.05784504, -0.05814341, -0.05900155, -0.05842685, -0.05956283, 0.08635044, -0.44366466, 0.03483024, 0.02823351, 0.03163452, 0.02976484, 0.02564046, 0.02767542, 0.02607819, 0.03154548, 0.02604443, 0.03210848, 0.02826808, 0.02780531, 0.02754314, 0.02876258, 0.02822487, 0.02925311, 0.0285584, 0.02928861, 0.02838038, 0.0289498, 0.03108128, 0.02746079, 0.03058502, 0.04876239, 0.0297916, 0.04857524, 0.0316759, 0.01726989, 0.01560237, 0.28262491], "atomic dipole moments": [[0.01135816, 0.00507282, -0.10024796], [0.01434857, 0.08631947, 0.06798434], [0.06058846, -0.05846866, 0.07165341], [-0.00464084, -0.09132332, -0.06112078], [0.00777145, 0.09827878, 0.05206119], [-0.00209379, -0.09460778, -0.05068893], [0.00594069, 0.09508515, 0.05195001], [-0.00421596, -0.09556653, -0.05179032], [0.00537845, 0.09555545, 0.05229111], [-0.00371283, -0.09719355, -0.05201286], [0.00636448, 0.0960179, 0.05283323], [0.00328081, -0.11071254, -0.05332233], [0.02744593, 0.09151307, 0.07047552], [-0.0264895, 0.15285644, -0.12255712], [0.07450916, -0.1623456, 0.1656998], [0.10771865, 0.01241789, 0.06417964], [-0.04558225, -0.11202893, 0.02908885], [-0.08262567, 0.08595247, 0.04185002], [0.07858183, -0.08833792, -0.03741424], [-0.10349374, -0.03003098, -0.05413459], [-0.08811466, 0.08055566, 0.02188858], [0.0058459, -0.00035422, -0.12141916], [-0.01120317, 0.0192969, 0.12247326], [0.01622686, 0.11227575, -0.0434899], [-0.01210427, -0.11248051, 0.05128199], [0.0084203, -0.01922456, -0.122637], [0.01474683, 0.11225648, -0.05046167], [-0.00805344, 0.01946348, 0.12203722], [0.0079824, -0.01950826, -0.1221924], [-0.01467002, -0.11211499, 0.05030615], [0.01474277, 0.11242347, -0.05041096], [-0.00799537, 0.01950772, 0.12209474], [0.00797213, -0.01955065, -0.12222242], [-0.01470536, -0.11212894, 0.05032968], [-0.00801821, 0.01948193, 0.12202134], [0.01473164, 0.1126567, -0.05051908], [-0.01467117, -0.11157408, 0.0501939], [0.00794146, -0.01953624, -0.12241827], [0.01363091, 0.11606187, -0.05187458], [-0.0082181, 0.01925473, 0.12186274], [0.00702644, -0.01419617, -0.12583966], [-0.01572246, -0.11241352, 0.04820077], [-0.00250056, 0.02691854, 0.11493078], [0.09129628, -0.06583305, -0.02518996], [0.06813025, 0.01713873, 0.03707092]], "atomic quadrupole moments": [[-0.116773, 0.01362115, -0.1014817, -0.04744505, -0.01716465, 0.2182547], [-0.18087205, 0.07725164, 0.04385447, -0.05761335, -0.10235846, 0.13701758], [0.03452415, 0.15466637, 0.08520958, 0.08220079, -0.04533098, -0.11973374], [0.21327895, -0.04934171, -0.05874809, 0.06014174, 0.08151682, -0.15453086], [0.21959049, -0.02645642, -0.03977925, 0.04176533, 0.105582, -0.17981124], [0.22693295, -0.03579559, -0.04418364, 0.04254545, 0.10015276, -0.18274931], [0.22921785, -0.03429721, -0.04631768, 0.0434739, 0.1002939, -0.18290017], [0.22969807, -0.03533831, -0.04713755, 0.04325407, 0.10089724, -0.18256052], [0.22946222, -0.0348272, -0.04636432, 0.04341434, 0.10042894, -0.18309791], [0.22983487, -0.03558557, -0.04734876, 0.04328008, 0.10195627, -0.1824861], [0.2282306, -0.03255817, -0.0439871, 0.04399562, 0.09990257, -0.18424351], [0.23373178, -0.04226362, -0.05604351, 0.03779365, 0.11562643, -0.17768827], [0.23063418, -0.01234047, -0.04734434, 0.06206484, 0.09570739, -0.18328983], [-0.09548558, 0.19963354, 0.24708946, 0.0388609, -0.25665765, -0.15160388], [-0.06882038, 0.04551239, 0.10288217, 0.0110941, -0.12424494, -0.03406179], [0.06111322, 0.0204936, -0.04912694, 0.03719968, 0.00865556, -0.01198628], [-0.03718361, 0.04687959, 0.0603451, -0.00680905, -0.01756372, -0.02316148], [0.00340135, -0.0638254, 0.01979078, -0.01627984, 0.01751435, -0.02319213], [0.02052579, -0.04497963, -0.00270206, -0.02212641, -0.00219889, -0.01782373], [0.03939773, 0.01978862, -0.03115941, 0.03220179, -0.01036559, -0.00823832], [0.02678767, -0.02688573, 0.01328041, -0.02337069, 0.02670527, -0.04006808], [-0.03168116, 0.01976281, -0.02373292, -0.01926129, 0.01064286, 0.05541409], [-0.01584705, -0.00600465, -0.04180873, -0.00926227, -0.00909902, 0.05765578], [-0.01164685, 0.013653, 0.03268744, -0.00447743, -0.04187517, -0.02104059], [-0.01620731, 0.01166121, 0.02913081, -0.00572172, -0.04097514, -0.01292349], [-0.02022822, -0.00138474, -0.03719318, -0.00537662, 0.00185283, 0.0574214], [-0.01853884, 0.00840977, 0.02944895, -0.00470118, -0.04204191, -0.01091011], [-0.01994129, -0.00175321, -0.0371942, -0.00604102, 0.00174321, 0.05713549], [-0.01962485, -0.00178943, -0.03723199, -0.0060512, 0.00171222, 0.05685684], [-0.01885465, 0.00816567, 0.02985182, -0.00475017, -0.04239841, -0.01099717], [-0.01871519, 0.00810714, 0.02952542, -0.00473403, -0.04215776, -0.01081023], [-0.01962395, -0.00178223, -0.03733816, -0.00600325, 0.00179619, 0.0569621], [-0.01961578, -0.00178435, -0.0371711, -0.00608242, 0.00168154, 0.05678688], [-0.01885152, 0.00812575, 0.02979295, -0.00473628, -0.04232511, -0.01094143], [-0.0196637, -0.00175887, -0.03742055, -0.00593814, 0.00188533, 0.05708425], [-0.01866358, 0.00817695, 0.02935465, -0.00473788, -0.04196671, -0.01069107], [-0.01915362, 0.00845621, 0.03005847, -0.0046261, -0.04239933, -0.01090485], [-0.01991981, -0.001822, -0.03669371, -0.00616837, 0.00157214, 0.05661351], [-0.01643678, 0.00914151, 0.02619042, -0.00506187, -0.03888579, -0.00975364], [-0.02039758, -0.00210395, -0.03797154, -0.00585253, 0.00238686, 0.05836913], [-0.01575656, -0.01182511, -0.04076499, -0.00727331, 0.0023576, 0.05652155], [-0.01683145, 0.01089486, 0.03941063, -0.0106051, -0.0451662, -0.02257918], [-0.03617142, 0.01502617, -0.00607689, -0.01849685, 0.00519828, 0.04224831], [0.01395691, -0.02462054, 0.02612025, -0.02061429, 0.00094363, -0.04007716], [0.07378573, 0.07199202, -0.02702027, 0.07076636, 0.00730756, -0.04676546]], "number of molecular orbitals": 90, "number of electrons": 92, "number of unpaired electrons": 0, "orbital energies/eV": [-18.58343991, -17.09475009, -16.9020936, -16.85177885, -16.74636438, -16.57376, -16.35754506, -16.11505822, -15.82111946, -15.52256398, -15.41107923, -15.26791056, -15.10134724, -14.97769474, -14.92217631, -14.66738659, -14.29554052, -14.18368744, -13.99520878, -13.82753173, -13.7748059, -13.69898358, -13.37268364, -13.33923039, -13.22254586, -12.99064414, -12.96592166, -12.80412826, -12.63986013, -12.50071929, -12.40310912, -12.29178095, -12.09127104, -12.03779933, -11.8509319, -11.7728567, -11.74554577, -11.63757242, -11.47604696, -11.45676084, -11.40367551, -11.32601538, -11.29500357, -11.24799903, -11.1014653, -10.97274892, 0.97515173, 1.19880294, 2.0124507, 2.473807, 2.66685194, 2.85353958, 2.91747789, 3.04421275, 3.12117656, 3.13504223, 3.45933581, 3.58728053, 3.62134909, 3.69262003, 3.75826559, 3.85962407, 3.94629085, 4.20663146, 4.45315501, 4.50746199, 4.70496322, 4.83451463, 5.07901249, 5.1238539, 5.14713949, 5.40464014, 5.61500714, 5.68130527, 5.99440335, 6.20116928, 6.3173835, 6.57317349, 6.76054151, 6.90475729, 7.17457394, 7.22965428, 7.39737994, 7.50826421, 7.56253315, 7.68364086, 8.01664111, 8.1110324, 8.46457811, 8.69789118], "fractional occupation": [2.0, 2.0, 2.0, 2.0, 2.0, 2.0, 2.0, 2.0, 2.0, 2.0, 2.0, 2.0, 2.0, 2.0, 2.0, 2.0, 2.0, 2.0, 2.0, 2.0, 2.0, 2.0, 2.0, 2.0, 2.0, 2.0, 2.0, 2.0, 2.0, 2.0, 2.0, 2.0, 2.0, 2.0, 2.0, 2.0, 2.0, 2.0, 2.0, 2.0, 2.0, 2.0, 2.0, 2.0, 2.0, 2.0, 0.0, 0.0, 0.0, 0.0, 0.0, 0.0, 0.0, 0.0, 0.0, 0.0, 0.0, 0.0, 0.0, 0.0, 0.0, 0.0, 0.0, 0.0, 0.0, 0.0, 0.0, 0.0, 0.0, 0.0, 0.0, 0.0, 0.0, 0.0, 0.0, 0.0, 0.0, 0.0, 0.0, 0.0, 0.0, 0.0, 0.0, 0.0, 0.0, 0.0, 0.0, 0.0, 0.0, 0.0], "program call": "xtb /home/svss/Project-DBcg-Debug/aqme2_20220329/End-to-End-workflows-final/example-3/QDESCP/mol_784_rdkit_conf_2/mol_784_rdkit_conf_2.xyz --pop --wbo --acc 0.2 --gfn 2 --chrg 0 --uhf 0 --etemp 300 --input /home/svss/Project-DBcg-Debug/aqme2_20220329/End-to-End-workflows-final/example-3/QDESCP/mol_784_rdkit_conf_2/mol_784_rdkit_conf_2_xtb.inp", "method": "GFN2-xTB", "xtb version": "6.3.3 (7355c4f)", "Dipole module/D": 1.712, "Total charge": 0, "Transition dipole module/D": NaN, "HOMO": -10.9727, "LUMO": 0.9752, "HOMO occupancy": 2.0, "LUMO occupancy": 0, "mulliken charges": [-0.08473, -0.03992, -0.04706, -0.04647, -0.04668, -0.04526, -0.04534, -0.0453, -0.04539, -0.04504, -0.04679, -0.04154, -0.05053, 0.19946, -0.56921, 0.02714, 0.02745, 0.02662, 0.02222, 0.02274, 0.02369, 0.02323, 0.02303, 0.02337, 0.02331, 0.02256, 0.02244, 0.0223, 0.02261, 0.0222, 0.02296, 0.02226, 0.02278, 0.02178, 0.02184, 0.02422, 0.01975, 0.02365, 0.03826, 0.01903, 0.03708, 0.01967, 0.00774, 0.00858, 0.3353], "cm5 charges": [-0.23523, -0.15247, -0.15748, -0.15715, -0.15757, -0.15608, -0.15607, -0.156, -0.15609, -0.15576, -0.15749, -0.15117, -0.15794, 0.11243, -0.78397, 0.07907, 0.07823, 0.07807, 0.07729, 0.07696, 0.07839, 0.07794, 0.07873, 0.07829, 0.07947, 0.07806, 0.07779, 0.07767, 0.07797, 0.07756, 0.07832, 0.0776, 0.07814, 0.07712, 0.07719, 0.07958, 0.07511, 0.07901, 0.09606, 0.07482, 0.09439, 0.07487, 0.07017, 0.07069, 0.50346], "FUKUI+": [0.006, 0.006, -0.004, -0.012, -0.01, -0.012, -0.011, -0.01, -0.01, -0.008, -0.006, -0.007, 0.002, -0.006, -0.057, 0.001, -0.016, -0.012, -0.006, -0.024, -0.033, -0.022, -0.026, -0.025, -0.028, -0.028, -0.03, -0.03, -0.03, -0.03, -0.03, -0.03, -0.029, -0.03, -0.028, -0.028, -0.028, -0.027, -0.026, -0.026, -0.031, -0.048, -0.041, -0.058, -0.061], "FUKUI-": [0.014, 0.006, 0.003, -0.002, -0.004, -0.003, -0.005, -0.005, -0.004, -0.004, -0.002, -0.003, 0.003, 0.012, -0.069, -0.027, -0.028, -0.035, -0.05, -0.055, -0.058, -0.028, -0.027, -0.031, -0.025, -0.027, -0.027, -0.024, -0.022, -0.021, -0.022, -0.022, -0.023, -0.023, -0.024, -0.024, -0.028, -0.026, -0.024, -0.022, -0.027, -0.028, -0.053, -0.073, -0.035], "FUKUIrad": [0.01, 0.006, -0.0, -0.007, -0.007, -0.008, -0.008, -0.008, -0.007, -0.006, -0.004, -0.005, 0.002, 0.003, -0.063, -0.013, -0.022, -0.023, -0.028, -0.039, -0.045, -0.025, -0.026, -0.028, -0.026, -0.027, -0.028, -0.027, -0.026, -0.026, -0.026, -0.026, -0.026, -0.026, -0.026, -0.026, -0.028, -0.026, -0.025, -0.024, -0.029, -0.038, -0.047, -0.065, -0.048], "s proportion": [1.007, 1.026, 1.031, 1.031, 1.032, 1.033, 1.032, 1.032, 1.032, 1.032, 1.033, 1.031, 1.032, 0.99, 1.694, 0.973, 0.973, 0.973, 0.978, 0.977, 0.976, 0.977, 0.977, 0.977, 0.977, 0.977, 0.978, 0.978, 0.977, 0.978, 0.977, 0.978, 0.977, 0.978, 0.978, 0.976, 0.98, 0.976, 0.962, 0.981, 0.963, 0.98, 0.992, 0.991, 0.665], "p proportion": [3.078, 3.014, 3.016, 3.015, 3.015, 3.013, 3.013, 3.013, 3.013, 3.013, 3.014, 3.011, 3.019, 2.811, 4.875, 0.0, 0.0, 0.0, 0.0, 0.0, 0.0, 0.0, 0.0, 0.0, 0.0, 0.0, 0.0, 0.0, 0.0, 0.0, 0.0, 0.0, 0.0, 0.0, 0.0, 0.0, 0.0, 0.0, 0.0, 0.0, 0.0, 0.0, 0.0, 0.0, 0.0], "d proportion": [0.0, 0.0, 0.0, 0.0, 0.0, 0.0, 0.0, 0.0, 0.0, 0.0, 0.0, 0.0, 0.0, 0.0, 0.0, 0.0, 0.0, 0.0, 0.0, 0.0, 0.0, 0.0, 0.0, 0.0, 0.0, 0.0, 0.0, 0.0, 0.0, 0.0, 0.0, 0.0, 0.0, 0.0, 0.0, 0.0, 0.0, 0.0, 0.0, 0.0, 0.0, 0.0, 0.0, 0.0, 0.0], "Fermi-level/eV": -4.9988, "Coordination numbers": [3.749, 3.798, 3.799, 3.8, 3.801, 3.802, 3.802, 3.802, 3.802, 3.802, 3.802, 3.801, 3.8, 3.674, 1.653, 0.924, 0.924, 0.924, 0.924, 0.924, 0.924, 0.924, 0.924, 0.924, 0.924, 0.924, 0.924, 0.924, 0.924, 0.924, 0.924, 0.924, 0.924, 0.924, 0.924, 0.924, 0.924, 0.924, 0.924, 0.924, 0.924, 0.924, 0.924, 0.924, 0.804], "Dispersion coefficient C6": [22.444, 21.483, 21.587, 21.587, 21.606, 21.609, 21.607, 21.614, 21.614, 21.619, 21.635, 21.625, 21.647, 19.366, 21.716, 2.519, 2.612, 2.563, 2.59, 2.649, 2.62, 2.643, 2.565, 2.644, 2.557, 2.611, 2.618, 2.622, 2.604, 2.612, 2.597, 2.607, 2.597, 2.61, 2.602, 2.571, 2.623, 2.578, 2.336, 2.59, 2.338, 2.563, 2.775, 2.801, 0.776], "Total dispersion C6": 13675.250562, "Total dispersion C8": 285802.038341, "Polarizability alpha": [6.757, 6.599, 6.615, 6.615, 6.618, 6.618, 6.618, 6.619, 6.619, 6.62, 6.622, 6.621, 6.624, 6.306, 6.291, 2.482, 2.527, 2.504, 2.517, 2.545, 2.531, 2.542, 2.504, 2.543, 2.501, 2.527, 2.53, 2.532, 2.524, 2.527, 2.52, 2.525, 2.52, 2.526, 2.522, 2.508, 2.533, 2.511, 2.39, 2.517, 2.391, 2.504, 2.605, 2.617, 1.384], "Total polarizability alpha": 173.17347, "Wiberg matrix": [[0.0, 1.0210100801604944, 0.0, 0.0, 0.0, 0.0, 0.0, 0.0, 0.0, 0.0, 0.0, 0.0, 0.0, 0.0, 0.0, 0.9860378768371073, 0.9874557141146622, 0.9875175461913077, 0.0, 0.0, 0.0, 0.0, 0.0, 0.0, 0.0, 0.0, 0.0, 0.0, 0.0, 0.0, 0.0, 0.0, 0.0, 0.0, 0.0, 0.0, 0.0, 0.0, 0.0, 0.0, 0.0, 0.0, 0.0, 0.0, 0.0], [1.0210100801604944, 0.0, 1.0075054428572723, 0.0, 0.0, 0.0, 0.0, 0.0, 0.0, 0.0, 0.0, 0.0, 0.0, 0.0, 0.0, 0.0, 0.0, 0.0, 0.9764113740148446, 0.9779244759388747, 0.0, 0.0, 0.0, 0.0, 0.0, 0.0, 0.0, 0.0, 0.0, 0.0, 0.0, 0.0, 0.0, 0.0, 0.0, 0.0, 0.0, 0.0, 0.0, 0.0, 0.0, 0.0, 0.0, 0.0, 0.0], [0.0, 1.0075054428572723, 0.0, 1.00668936448624, 0.0, 0.0, 0.0, 0.0, 0.0, 0.0, 0.0, 0.0, 0.0, 0.0, 0.0, 0.0, 0.0, 0.0, 0.0, 0.0, 0.9773242536870514, 0.9776444330318302, 0.0, 0.0, 0.0, 0.0, 0.0, 0.0, 0.0, 0.0, 0.0, 0.0, 0.0, 0.0, 0.0, 0.0, 0.0, 0.0, 0.0, 0.0, 0.0, 0.0, 0.0, 0.0, 0.0], [0.0, 0.0, 1.00668936448624, 0.0, 1.007975498278922, 0.0, 0.0, 0.0, 0.0, 0.0, 0.0, 0.0, 0.0, 0.0, 0.0, 0.0, 0.0, 0.0, 0.0, 0.0, 0.0, 0.0, 0.9759093212326264, 0.9767814370780017, 0.0, 0.0, 0.0, 0.0, 0.0, 0.0, 0.0, 0.0, 0.0, 0.0, 0.0, 0.0, 0.0, 0.0, 0.0, 0.0, 0.0, 0.0, 0.0, 0.0, 0.0], [0.0, 0.0, 0.0, 1.007975498278922, 0.0, 1.0065359229362423, 0.0, 0.0, 0.0, 0.0, 0.0, 0.0, 0.0, 0.0, 0.0, 0.0, 0.0, 0.0, 0.0, 0.0, 0.0, 0.0, 0.0, 0.0, 0.9754655007636733, 0.9773159093049919, 0.0, 0.0, 0.0, 0.0, 0.0, 0.0, 0.0, 0.0, 0.0, 0.0, 0.0, 0.0, 0.0, 0.0, 0.0, 0.0, 0.0, 0.0, 0.0], [0.0, 0.0, 0.0, 0.0, 1.0065359229362423, 0.0, 1.0069038250834927, 0.0, 0.0, 0.0, 0.0, 0.0, 0.0, 0.0, 0.0, 0.0, 0.0, 0.0, 0.0, 0.0, 0.0, 0.0, 0.0, 0.0, 0.0, 0.0, 0.9772747686817015, 0.9774837907643492, 0.0, 0.0, 0.0, 0.0, 0.0, 0.0, 0.0, 0.0, 0.0, 0.0, 0.0, 0.0, 0.0, 0.0, 0.0, 0.0, 0.0], [0.0, 0.0, 0.0, 0.0, 0.0, 1.0069038250834927, 0.0, 1.0068126733289844, 0.0, 0.0, 0.0, 0.0, 0.0, 0.0, 0.0, 0.0, 0.0, 0.0, 0.0, 0.0, 0.0, 0.0, 0.0, 0.0, 0.0, 0.0, 0.0, 0.0, 0.9773445067809066, 0.9773356650201505, 0.0, 0.0, 0.0, 0.0, 0.0, 0.0, 0.0, 0.0, 0.0, 0.0, 0.0, 0.0, 0.0, 0.0, 0.0], [0.0, 0.0, 0.0, 0.0, 0.0, 0.0, 1.0068126733289844, 0.0, 1.0068381949799914, 0.0, 0.0, 0.0, 0.0, 0.0, 0.0, 0.0, 0.0, 0.0, 0.0, 0.0, 0.0, 0.0, 0.0, 0.0, 0.0, 0.0, 0.0, 0.0, 0.0, 0.0, 0.9772954978686841, 0.9773221377157058, 0.0, 0.0, 0.0, 0.0, 0.0, 0.0, 0.0, 0.0, 0.0, 0.0, 0.0, 0.0, 0.0], [0.0, 0.0, 0.0, 0.0, 0.0, 0.0, 0.0, 1.0068381949799914, 0.0, 1.0068561242399052, 0.0, 0.0, 0.0, 0.0, 0.0, 0.0, 0.0, 0.0, 0.0, 0.0, 0.0, 0.0, 0.0, 0.0, 0.0, 0.0, 0.0, 0.0, 0.0, 0.0, 0.0, 0.0, 0.9772876155510067, 0.9773169168781323, 0.0, 0.0, 0.0, 0.0, 0.0, 0.0, 0.0, 0.0, 0.0, 0.0, 0.0], [0.0, 0.0, 0.0, 0.0, 0.0, 0.0, 0.0, 0.0, 1.0068561242399052, 0.0, 1.0069987122351536, 0.0, 0.0, 0.0, 0.0, 0.0, 0.0, 0.0, 0.0, 0.0, 0.0, 0.0, 0.0, 0.0, 0.0, 0.0, 0.0, 0.0, 0.0, 0.0, 0.0, 0.0, 0.0, 0.0, 0.9772844420670332, 0.9771861233456243, 0.0, 0.0, 0.0, 0.0, 0.0, 0.0, 0.0, 0.0, 0.0], [0.0, 0.0, 0.0, 0.0, 0.0, 0.0, 0.0, 0.0, 0.0, 1.0069987122351536, 0.0, 1.0071127712578527, 0.0, 0.0, 0.0, 0.0, 0.0, 0.0, 0.0, 0.0, 0.0, 0.0, 0.0, 0.0, 0.0, 0.0, 0.0, 0.0, 0.0, 0.0, 0.0, 0.0, 0.0, 0.0, 0.0, 0.0, 0.9772342129260246, 0.9772569965448815, 0.0, 0.0, 0.0, 0.0, 0.0, 0.0, 0.0], [0.0, 0.0, 0.0, 0.0, 0.0, 0.0, 0.0, 0.0, 0.0, 0.0, 1.0071127712578527, 0.0, 1.0071348061865781, 0.0, 0.0, 0.0, 0.0, 0.0, 0.0, 0.0, 0.0, 0.0, 0.0, 0.0, 0.0, 0.0, 0.0, 0.0, 0.0, 0.0, 0.0, 0.0, 0.0, 0.0, 0.0, 0.0, 0.0, 0.0, 0.9760855881509856, 0.9772282510622489, 0.0, 0.0, 0.0, 0.0, 0.0], [0.0, 0.0, 0.0, 0.0, 0.0, 0.0, 0.0, 0.0, 0.0, 0.0, 0.0, 1.0071348061865781, 0.0, 1.00650243252613, 0.0, 0.0, 0.0, 0.0, 0.0, 0.0, 0.0, 0.0, 0.0, 0.0, 0.0, 0.0, 0.0, 0.0, 0.0, 0.0, 0.0, 0.0, 0.0, 0.0, 0.0, 0.0, 0.0, 0.0, 0.0, 0.0, 0.9753248858939214, 0.9754622221991015, 0.0, 0.0, 0.0], [0.0, 0.0, 0.0, 0.0, 0.0, 0.0, 0.0, 0.0, 0.0, 0.0, 0.0, 0.0, 1.00650243252613, 0.0, 0.9896332713895675, 0.0, 0.0, 0.0, 0.0, 0.0, 0.0, 0.0, 0.0, 0.0, 0.0, 0.0, 0.0, 0.0, 0.0, 0.0, 0.0, 0.0, 0.0, 0.0, 0.0, 0.0, 0.0, 0.0, 0.0, 0.0, 0.0, 0.0, 0.9727909891884993, 0.9733938917489449, 0.0], [0.0, 0.0, 0.0, 0.0, 0.0, 0.0, 0.0, 0.0, 0.0, 0.0, 0.0, 0.0, 0.0, 0.9896332713895675, 0.0, 0.0, 0.0, 0.0, 0.0, 0.0, 0.0, 0.0, 0.0, 0.0, 0.0, 0.0, 0.0, 0.0, 0.0, 0.0, 0.0, 0.0, 0.0, 0.0, 0.0, 0.0, 0.0, 0.0, 0.0, 0.0, 0.0, 0.0, 0.0, 0.0, 0.9073870094777038], [0.9860378768371073, 0.0, 0.0, 0.0, 0.0, 0.0, 0.0, 0.0, 0.0, 0.0, 0.0, 0.0, 0.0, 0.0, 0.0, 0.0, 0.0, 0.0, 0.0, 0.0, 0.0, 0.0, 0.0, 0.0, 0.0, 0.0, 0.0, 0.0, 0.0, 0.0, 0.0, 0.0, 0.0, 0.0, 0.0, 0.0, 0.0, 0.0, 0.0, 0.0, 0.0, 0.0, 0.0, 0.0, 0.0], [0.9874557141146622, 0.0, 0.0, 0.0, 0.0, 0.0, 0.0, 0.0, 0.0, 0.0, 0.0, 0.0, 0.0, 0.0, 0.0, 0.0, 0.0, 0.0, 0.0, 0.0, 0.0, 0.0, 0.0, 0.0, 0.0, 0.0, 0.0, 0.0, 0.0, 0.0, 0.0, 0.0, 0.0, 0.0, 0.0, 0.0, 0.0, 0.0, 0.0, 0.0, 0.0, 0.0, 0.0, 0.0, 0.0], [0.9875175461913077, 0.0, 0.0, 0.0, 0.0, 0.0, 0.0, 0.0, 0.0, 0.0, 0.0, 0.0, 0.0, 0.0, 0.0, 0.0, 0.0, 0.0, 0.0, 0.0, 0.0, 0.0, 0.0, 0.0, 0.0, 0.0, 0.0, 0.0, 0.0, 0.0, 0.0, 0.0, 0.0, 0.0, 0.0, 0.0, 0.0, 0.0, 0.0, 0.0, 0.0, 0.0, 0.0, 0.0, 0.0], [0.0, 0.9764113740148446, 0.0, 0.0, 0.0, 0.0, 0.0, 0.0, 0.0, 0.0, 0.0, 0.0, 0.0, 0.0, 0.0, 0.0, 0.0, 0.0, 0.0, 0.0, 0.0, 0.0, 0.0, 0.0, 0.0, 0.0, 0.0, 0.0, 0.0, 0.0, 0.0, 0.0, 0.0, 0.0, 0.0, 0.0, 0.0, 0.0, 0.0, 0.0, 0.0, 0.0, 0.0, 0.0, 0.0], [0.0, 0.9779244759388747, 0.0, 0.0, 0.0, 0.0, 0.0, 0.0, 0.0, 0.0, 0.0, 0.0, 0.0, 0.0, 0.0, 0.0, 0.0, 0.0, 0.0, 0.0, 0.0, 0.0, 0.0, 0.0, 0.0, 0.0, 0.0, 0.0, 0.0, 0.0, 0.0, 0.0, 0.0, 0.0, 0.0, 0.0, 0.0, 0.0, 0.0, 0.0, 0.0, 0.0, 0.0, 0.0, 0.0], [0.0, 0.0, 0.9773242536870514, 0.0, 0.0, 0.0, 0.0, 0.0, 0.0, 0.0, 0.0, 0.0, 0.0, 0.0, 0.0, 0.0, 0.0, 0.0, 0.0, 0.0, 0.0, 0.0, 0.0, 0.0, 0.0, 0.0, 0.0, 0.0, 0.0, 0.0, 0.0, 0.0, 0.0, 0.0, 0.0, 0.0, 0.0, 0.0, 0.0, 0.0, 0.0, 0.0, 0.0, 0.0, 0.0], [0.0, 0.0, 0.9776444330318302, 0.0, 0.0, 0.0, 0.0, 0.0, 0.0, 0.0, 0.0, 0.0, 0.0, 0.0, 0.0, 0.0, 0.0, 0.0, 0.0, 0.0, 0.0, 0.0, 0.0, 0.0, 0.0, 0.0, 0.0, 0.0, 0.0, 0.0, 0.0, 0.0, 0.0, 0.0, 0.0, 0.0, 0.0, 0.0, 0.0, 0.0, 0.0, 0.0, 0.0, 0.0, 0.0], [0.0, 0.0, 0.0, 0.9759093212326264, 0.0, 0.0, 0.0, 0.0, 0.0, 0.0, 0.0, 0.0, 0.0, 0.0, 0.0, 0.0, 0.0, 0.0, 0.0, 0.0, 0.0, 0.0, 0.0, 0.0, 0.0, 0.0, 0.0, 0.0, 0.0, 0.0, 0.0, 0.0, 0.0, 0.0, 0.0, 0.0, 0.0, 0.0, 0.0, 0.0, 0.0, 0.0, 0.0, 0.0, 0.0], [0.0, 0.0, 0.0, 0.9767814370780017, 0.0, 0.0, 0.0, 0.0, 0.0, 0.0, 0.0, 0.0, 0.0, 0.0, 0.0, 0.0, 0.0, 0.0, 0.0, 0.0, 0.0, 0.0, 0.0, 0.0, 0.0, 0.0, 0.0, 0.0, 0.0, 0.0, 0.0, 0.0, 0.0, 0.0, 0.0, 0.0, 0.0, 0.0, 0.0, 0.0, 0.0, 0.0, 0.0, 0.0, 0.0], [0.0, 0.0, 0.0, 0.0, 0.9754655007636733, 0.0, 0.0, 0.0, 0.0, 0.0, 0.0, 0.0, 0.0, 0.0, 0.0, 0.0, 0.0, 0.0, 0.0, 0.0, 0.0, 0.0, 0.0, 0.0, 0.0, 0.0, 0.0, 0.0, 0.0, 0.0, 0.0, 0.0, 0.0, 0.0, 0.0, 0.0, 0.0, 0.0, 0.0, 0.0, 0.0, 0.0, 0.0, 0.0, 0.0], [0.0, 0.0, 0.0, 0.0, 0.9773159093049919, 0.0, 0.0, 0.0, 0.0, 0.0, 0.0, 0.0, 0.0, 0.0, 0.0, 0.0, 0.0, 0.0, 0.0, 0.0, 0.0, 0.0, 0.0, 0.0, 0.0, 0.0, 0.0, 0.0, 0.0, 0.0, 0.0, 0.0, 0.0, 0.0, 0.0, 0.0, 0.0, 0.0, 0.0, 0.0, 0.0, 0.0, 0.0, 0.0, 0.0], [0.0, 0.0, 0.0, 0.0, 0.0, 0.9772747686817015, 0.0, 0.0, 0.0, 0.0, 0.0, 0.0, 0.0, 0.0, 0.0, 0.0, 0.0, 0.0, 0.0, 0.0, 0.0, 0.0, 0.0, 0.0, 0.0, 0.0, 0.0, 0.0, 0.0, 0.0, 0.0, 0.0, 0.0, 0.0, 0.0, 0.0, 0.0, 0.0, 0.0, 0.0, 0.0, 0.0, 0.0, 0.0, 0.0], [0.0, 0.0, 0.0, 0.0, 0.0, 0.9774837907643492, 0.0, 0.0, 0.0, 0.0, 0.0, 0.0, 0.0, 0.0, 0.0, 0.0, 0.0, 0.0, 0.0, 0.0, 0.0, 0.0, 0.0, 0.0, 0.0, 0.0, 0.0, 0.0, 0.0, 0.0, 0.0, 0.0, 0.0, 0.0, 0.0, 0.0, 0.0, 0.0, 0.0, 0.0, 0.0, 0.0, 0.0, 0.0, 0.0], [0.0, 0.0, 0.0, 0.0, 0.0, 0.0, 0.9773445067809066, 0.0, 0.0, 0.0, 0.0, 0.0, 0.0, 0.0, 0.0, 0.0, 0.0, 0.0, 0.0, 0.0, 0.0, 0.0, 0.0, 0.0, 0.0, 0.0, 0.0, 0.0, 0.0, 0.0, 0.0, 0.0, 0.0, 0.0, 0.0, 0.0, 0.0, 0.0, 0.0, 0.0, 0.0, 0.0, 0.0, 0.0, 0.0], [0.0, 0.0, 0.0, 0.0, 0.0, 0.0, 0.9773356650201505, 0.0, 0.0, 0.0, 0.0, 0.0, 0.0, 0.0, 0.0, 0.0, 0.0, 0.0, 0.0, 0.0, 0.0, 0.0, 0.0, 0.0, 0.0, 0.0, 0.0, 0.0, 0.0, 0.0, 0.0, 0.0, 0.0, 0.0, 0.0, 0.0, 0.0, 0.0, 0.0, 0.0, 0.0, 0.0, 0.0, 0.0, 0.0], [0.0, 0.0, 0.0, 0.0, 0.0, 0.0, 0.0, 0.9772954978686841, 0.0, 0.0, 0.0, 0.0, 0.0, 0.0, 0.0, 0.0, 0.0, 0.0, 0.0, 0.0, 0.0, 0.0, 0.0, 0.0, 0.0, 0.0, 0.0, 0.0, 0.0, 0.0, 0.0, 0.0, 0.0, 0.0, 0.0, 0.0, 0.0, 0.0, 0.0, 0.0, 0.0, 0.0, 0.0, 0.0, 0.0], [0.0, 0.0, 0.0, 0.0, 0.0, 0.0, 0.0, 0.9773221377157058, 0.0, 0.0, 0.0, 0.0, 0.0, 0.0, 0.0, 0.0, 0.0, 0.0, 0.0, 0.0, 0.0, 0.0, 0.0, 0.0, 0.0, 0.0, 0.0, 0.0, 0.0, 0.0, 0.0, 0.0, 0.0, 0.0, 0.0, 0.0, 0.0, 0.0, 0.0, 0.0, 0.0, 0.0, 0.0, 0.0, 0.0], [0.0, 0.0, 0.0, 0.0, 0.0, 0.0, 0.0, 0.0, 0.9772876155510067, 0.0, 0.0, 0.0, 0.0, 0.0, 0.0, 0.0, 0.0, 0.0, 0.0, 0.0, 0.0, 0.0, 0.0, 0.0, 0.0, 0.0, 0.0, 0.0, 0.0, 0.0, 0.0, 0.0, 0.0, 0.0, 0.0, 0.0, 0.0, 0.0, 0.0, 0.0, 0.0, 0.0, 0.0, 0.0, 0.0], [0.0, 0.0, 0.0, 0.0, 0.0, 0.0, 0.0, 0.0, 0.9773169168781323, 0.0, 0.0, 0.0, 0.0, 0.0, 0.0, 0.0, 0.0, 0.0, 0.0, 0.0, 0.0, 0.0, 0.0, 0.0, 0.0, 0.0, 0.0, 0.0, 0.0, 0.0, 0.0, 0.0, 0.0, 0.0, 0.0, 0.0, 0.0, 0.0, 0.0, 0.0, 0.0, 0.0, 0.0, 0.0, 0.0], [0.0, 0.0, 0.0, 0.0, 0.0, 0.0, 0.0, 0.0, 0.0, 0.9772844420670332, 0.0, 0.0, 0.0, 0.0, 0.0, 0.0, 0.0, 0.0, 0.0, 0.0, 0.0, 0.0, 0.0, 0.0, 0.0, 0.0, 0.0, 0.0, 0.0, 0.0, 0.0, 0.0, 0.0, 0.0, 0.0, 0.0, 0.0, 0.0, 0.0, 0.0, 0.0, 0.0, 0.0, 0.0, 0.0], [0.0, 0.0, 0.0, 0.0, 0.0, 0.0, 0.0, 0.0, 0.0, 0.9771861233456243, 0.0, 0.0, 0.0, 0.0, 0.0, 0.0, 0.0, 0.0, 0.0, 0.0, 0.0, 0.0, 0.0, 0.0, 0.0, 0.0, 0.0, 0.0, 0.0, 0.0, 0.0, 0.0, 0.0, 0.0, 0.0, 0.0, 0.0, 0.0, 0.0, 0.0, 0.0, 0.0, 0.0, 0.0, 0.0], [0.0, 0.0, 0.0, 0.0, 0.0, 0.0, 0.0, 0.0, 0.0, 0.0, 0.9772342129260246, 0.0, 0.0, 0.0, 0.0, 0.0, 0.0, 0.0, 0.0, 0.0, 0.0, 0.0, 0.0, 0.0, 0.0, 0.0, 0.0, 0.0, 0.0, 0.0, 0.0, 0.0, 0.0, 0.0, 0.0, 0.0, 0.0, 0.0, 0.0, 0.0, 0.0, 0.0, 0.0, 0.0, 0.0], [0.0, 0.0, 0.0, 0.0, 0.0, 0.0, 0.0, 0.0, 0.0, 0.0, 0.9772569965448815, 0.0, 0.0, 0.0, 0.0, 0.0, 0.0, 0.0, 0.0, 0.0, 0.0, 0.0, 0.0, 0.0, 0.0, 0.0, 0.0, 0.0, 0.0, 0.0, 0.0, 0.0, 0.0, 0.0, 0.0, 0.0, 0.0, 0.0, 0.0, 0.0, 0.0, 0.0, 0.0, 0.0, 0.0], [0.0, 0.0, 0.0, 0.0, 0.0, 0.0, 0.0, 0.0, 0.0, 0.0, 0.0, 0.9760855881509856, 0.0, 0.0, 0.0, 0.0, 0.0, 0.0, 0.0, 0.0, 0.0, 0.0, 0.0, 0.0, 0.0, 0.0, 0.0, 0.0, 0.0, 0.0, 0.0, 0.0, 0.0, 0.0, 0.0, 0.0, 0.0, 0.0, 0.0, 0.0, 0.0, 0.0, 0.0, 0.0, 0.0], [0.0, 0.0, 0.0, 0.0, 0.0, 0.0, 0.0, 0.0, 0.0, 0.0, 0.0, 0.9772282510622489, 0.0, 0.0, 0.0, 0.0, 0.0, 0.0, 0.0, 0.0, 0.0, 0.0, 0.0, 0.0, 0.0, 0.0, 0.0, 0.0, 0.0, 0.0, 0.0, 0.0, 0.0, 0.0, 0.0, 0.0, 0.0, 0.0, 0.0, 0.0, 0.0, 0.0, 0.0, 0.0, 0.0], [0.0, 0.0, 0.0, 0.0, 0.0, 0.0, 0.0, 0.0, 0.0, 0.0, 0.0, 0.0, 0.9753248858939214, 0.0, 0.0, 0.0, 0.0, 0.0, 0.0, 0.0, 0.0, 0.0, 0.0, 0.0, 0.0, 0.0, 0.0, 0.0, 0.0, 0.0, 0.0, 0.0, 0.0, 0.0, 0.0, 0.0, 0.0, 0.0, 0.0, 0.0, 0.0, 0.0, 0.0, 0.0, 0.0], [0.0, 0.0, 0.0, 0.0, 0.0, 0.0, 0.0, 0.0, 0.0, 0.0, 0.0, 0.0, 0.9754622221991015, 0.0, 0.0, 0.0, 0.0, 0.0, 0.0, 0.0, 0.0, 0.0, 0.0, 0.0, 0.0, 0.0, 0.0, 0.0, 0.0, 0.0, 0.0, 0.0, 0.0, 0.0, 0.0, 0.0, 0.0, 0.0, 0.0, 0.0, 0.0, 0.0, 0.0, 0.0, 0.0], [0.0, 0.0, 0.0, 0.0, 0.0, 0.0, 0.0, 0.0, 0.0, 0.0, 0.0, 0.0, 0.0, 0.9727909891884993, 0.0, 0.0, 0.0, 0.0, 0.0, 0.0, 0.0, 0.0, 0.0, 0.0, 0.0, 0.0, 0.0, 0.0, 0.0, 0.0, 0.0, 0.0, 0.0, 0.0, 0.0, 0.0, 0.0, 0.0, 0.0, 0.0, 0.0, 0.0, 0.0, 0.0, 0.0], [0.0, 0.0, 0.0, 0.0, 0.0, 0.0, 0.0, 0.0, 0.0, 0.0, 0.0, 0.0, 0.0, 0.9733938917489449, 0.0, 0.0, 0.0, 0.0, 0.0, 0.0, 0.0, 0.0, 0.0, 0.0, 0.0, 0.0, 0.0, 0.0, 0.0, 0.0, 0.0, 0.0, 0.0, 0.0, 0.0, 0.0, 0.0, 0.0, 0.0, 0.0, 0.0, 0.0, 0.0, 0.0, 0.0], [0.0, 0.0, 0.0, 0.0, 0.0, 0.0, 0.0, 0.0, 0.0, 0.0, 0.0, 0.0, 0.0, 0.0, 0.9073870094777038, 0.0, 0.0, 0.0, 0.0, 0.0, 0.0, 0.0, 0.0, 0.0, 0.0, 0.0, 0.0, 0.0, 0.0, 0.0, 0.0, 0.0, 0.0, 0.0, 0.0, 0.0, 0.0, 0.0, 0.0, 0.0, 0.0, 0.0, 0.0, 0.0, 0.0]], "Born radii": [], "Atomic SASAs": [], "Solvent H bonds": [], "Total SASA": NaN, "Total FOD": 0.0, "FOD": [0.0, 0.0, 0.0, 0.0, 0.0, 0.0, 0.0, 0.0, 0.0, 0.0, 0.0, 0.0, 0.0, 0.0, 0.0, 0.0, 0.0, 0.0, 0.0, 0.0, 0.0, 0.0, 0.0, 0.0, 0.0, 0.0, 0.0, 0.0, 0.0, 0.0, 0.0, 0.0, 0.0, 0.0, 0.0, 0.0, 0.0, 0.0, 0.0, 0.0, 0.0, 0.0, 0.0, 0.0, 0.0], "FOD s proportion": [0.0, 0.0, 0.0, 0.0, 0.0, 0.0, 0.0, 0.0, 0.0, 0.0, 0.0, 0.0, 0.0, 0.0, 0.0, 0.0, 0.0, 0.0, 0.0, 0.0, 0.0, 0.0, 0.0, 0.0, 0.0, 0.0, 0.0, 0.0, 0.0, 0.0, 0.0, 0.0, 0.0, 0.0, 0.0, 0.0, 0.0, 0.0, 0.0, 0.0, 0.0, 0.0, 0.0, 0.0, 0.0], "FOD p proportion": [0.0, 0.0, 0.0, 0.0, 0.0, 0.0, 0.0, 0.0, 0.0, 0.0, 0.0, 0.0, 0.0, 0.0, 0.0, 0.0, 0.0, 0.0, 0.0, 0.0, 0.0, 0.0, 0.0, 0.0, 0.0, 0.0, 0.0, 0.0, 0.0, 0.0, 0.0, 0.0, 0.0, 0.0, 0.0, 0.0, 0.0, 0.0, 0.0, 0.0, 0.0, 0.0, 0.0, 0.0, 0.0], "FOD d proportion": [0.0, 0.0, 0.0, 0.0, 0.0, 0.0, 0.0, 0.0, 0.0, 0.0, 0.0, 0.0, 0.0, 0.0, 0.0, 0.0, 0.0, 0.0, 0.0, 0.0, 0.0, 0.0, 0.0, 0.0, 0.0, 0.0, 0.0, 0.0, 0.0, 0.0, 0.0, 0.0, 0.0, 0.0, 0.0, 0.0, 0.0, 0.0, 0.0, 0.0, 0.0, 0.0, 0.0, 0.0, 0.0], "coordinates": [["-6.72910", "-0.97080", "1.11330"], ["-6.52210", "-0.87800", "-0.39020"], ["-6.09660", "0.51350", "-0.86490"], ["-4.78850", "1.04750", "-0.27310"], ["-3.57470", "0.17160", "-0.58990"], ["-2.28200", "0.80980", "-0.07610"], ["-1.06730", "-0.06620", "-0.38740"], ["0.22470", "0.57170", "0.12580"], ["1.43940", "-0.30420", "-0.18530"], ["2.73140", "0.33360", "0.32800"], ["3.94620", "-0.54240", "0.01690"], ["5.23850", "0.09550", "0.53040"], ["6.45350", "-0.78350", "0.21940"], ["7.74960", "-0.18460", "0.75180"], ["8.01970", "1.04640", "0.09700"], ["-5.78840", "-0.84020", "1.65630"], ["-7.12930", "-1.95510", "1.37710"], ["-7.43850", "-0.21290", "1.46010"], ["-5.79090", "-1.62980", "-0.70650"], ["-7.46450", "-1.13720", "-0.88780"], ["-6.89710", "1.22680", "-0.63200"], ["-6.01020", "0.49540", "-1.95850"], ["-4.88800", "1.16750", "0.81180"], ["-4.61980", "2.05300", "-0.67890"], ["-3.69350", "-0.81550", "-0.12910"], ["-3.50360", "0.01950", "-1.67360"], ["-2.15060", "1.79640", "-0.53680"], ["-2.35500", "0.96550", "1.00710"], ["-0.99490", "-0.22220", "-1.47060"], ["-1.19800", "-1.05280", "0.07350"], ["0.35560", "1.55830", "-0.33510"], ["0.15220", "0.72790", "1.20910"], ["1.51190", "-0.46040", "-1.26850"], ["1.30850", "-1.29090", "0.27570"], ["2.65890", "0.48980", "1.41120"], ["2.86230", "1.32020", "-0.13290"], ["3.81500", "-1.52900", "0.47770"], ["4.01890", "-0.69830", "-1.06640"], ["5.36460", "1.08310", "0.07090"], ["5.16610", "0.24970", "1.61390"], ["6.53190", "-0.90770", "-0.86750"], ["6.31170", "-1.77750", "0.65890"], ["7.68470", "-0.00470", "1.82970"], ["8.58370", "-0.86670", "0.55910"], ["8.85330", "1.38760", "0.46320"]], "bond_dist": [[0.0, 1.5205173757639205, 2.552739309056058, 3.12435084617589, 3.762473569342381, 4.935778269938795, 5.926751293077851, 7.1909524362215045, 8.297897912724643, 9.582234379308408, 10.740002309590068, 12.029140362469798, 13.214199985621528, 14.504535372772201, 14.920759463579591, 1.0939935328876491, 1.0948045350655067, 1.094500347190443, 2.15085384905623, 2.1384347850706136, 2.8113594309515104, 3.4788668974250796, 2.8377593890250807, 4.099328453539677, 3.283678304889199, 4.376226222443259, 5.598471943307388, 4.7846929828359945, 6.333876444169084, 5.628585546120802, 7.660756063209427, 7.088515290242379, 8.59346032748159, 8.087462613823943, 9.505611015079461, 9.939650366084312, 10.57797803977679, 10.970180141638515, 12.311079670768116, 11.968124483393376, 13.408268764087332, 13.073626462844961, 14.463893272905466, 15.323179118250886, 15.773264415776463], [1.5205173757639205, 0.0, 1.5305759014175024, 2.5935750654261005, 3.135076874655548, 4.574469986785354, 5.514877162729919, 6.92005753805559, 7.98478006585028, 9.360077352778662, 10.481586838833135, 11.83667685501298, 12.990255492868492, 14.334098801459405, 14.676669460064842, 2.174375032049439, 2.1568925657065074, 2.1692756993983036, 1.0954005523095194, 1.0967716991242982, 2.151575069571127, 2.1465866066851342, 2.8808257600903255, 3.506116652366262, 2.8413126227150722, 3.4005829000334633, 5.126784486400808, 4.766095042065359, 5.669856932939314, 5.347112635806356, 7.2966671151971845, 7.048613749525504, 8.092648308804726, 7.869701746572103, 9.45551055205376, 9.641848883383311, 10.39387741990447, 10.564195167167256, 12.05620849645526, 11.912268605937326, 13.062756729725926, 12.907987197855443, 14.405685514407152, 15.135603450804332, 15.564837296933112], [2.552739309056058, 1.5305759014175024, 0.0, 1.5318318608776875, 2.5597851902063966, 3.9065550412095815, 5.085068026093652, 6.398727015586772, 7.610636336732954, 8.910048171586952, 10.1365836399647, 11.42830162797605, 12.663448404759267, 13.957733230721956, 14.159066343159777, 2.8781835191662117, 3.490991155818072, 2.7810029791425976, 2.1707781876552934, 2.143941536049899, 1.0971962221954652, 1.0971570215789532, 2.1678913372214943, 2.1414001237508136, 2.8429794670380577, 2.760739156457922, 4.162258764180814, 4.208118173245613, 5.189939293479259, 5.2278267195843435, 6.557680986446352, 6.587483950644585, 7.6811878261112705, 7.706642182559145, 9.04654481832705, 9.024881057387958, 10.20853542727849, 10.189818533222269, 11.51343872350915, 11.535269878507393, 12.708218933036996, 12.70970323532379, 14.051819458347733, 14.813640205229772, 15.034208008072788], [3.12435084617589, 2.5935750654261005, 1.5318318608776875, 0.0, 1.5299913365767794, 2.5254410585083944, 3.885964696185492, 5.051502854596838, 6.373502972463416, 7.577590014641858, 8.882953681068026, 10.104090520675278, 11.400775467046092, 12.64011242157284, 12.813546053298438, 2.878505803363961, 4.149471224144108, 3.4080919001693606, 2.891466169610151, 3.5088097953579647, 2.1464276507723246, 2.153587346731031, 1.0960420886079147, 1.0973438749999926, 2.1657631449445254, 2.1608221259511393, 2.7547967819786634, 2.7509195353554055, 4.175828696199115, 4.174096536976594, 5.169770347897477, 5.168130947450925, 6.554359139534544, 6.553068365277444, 7.6558253990017295, 7.656942076965191, 9.012339604120564, 9.013736033965053, 10.15898828476537, 10.16323349136484, 11.503372312500364, 11.491896668522566, 12.692896080879258, 13.534121741731157, 13.665888662651984], [3.762473569342381, 3.135076874655548, 2.5597851902063966, 1.5299913365767794, 0.0, 1.5304780200969892, 2.5267785518323524, 3.8868685159135494, 5.052849256607602, 6.3746122721307525, 7.579046051450011, 8.88444469508365, 10.106036697934556, 11.409066912767232, 11.647627140752748, 3.3120418732256396, 4.585534107385965, 4.390818908814164, 2.85835266543511, 4.114881029871945, 3.4861958077537754, 2.812396246975166, 2.1636396626980194, 2.154024366157449, 1.095817726631578, 1.0966290667313172, 2.161216199272993, 2.1606374753761908, 2.7542837489990024, 2.7546248038526047, 4.1755380515569485, 4.175602267936926, 5.170437265841255, 5.170475012027425, 6.554648839564177, 6.5546243187538975, 7.657641687229822, 7.658102847311468, 9.009915281510697, 9.014677958196843, 10.1678568936625, 10.153787333305736, 11.517796412942884, 12.256629163436413, 12.531674254065177], [4.935778269938795, 4.574469986785354, 3.9065550412095815, 2.5254410585083944, 1.5304780200969892, 0.0, 1.529633871225399, 2.526064153975508, 3.8860955469468323, 5.052152294814557, 6.37397592402105, 7.578653375765381, 8.884530679219921, 10.114704559699211, 10.305870465904372, 4.244826347449328, 5.766522308983118, 5.476798150379472, 4.319887907110553, 5.595352727040539, 4.667125648619287, 4.188287521171391, 2.7762477735245463, 2.7155520470062804, 2.1533093925397715, 2.160760722523436, 1.0967634248095621, 1.0967651207072553, 2.1601575544390275, 2.1602580679168866, 2.7539547944728504, 2.753865699339748, 4.1747937685591126, 4.174732803425867, 5.169811805085365, 5.1698701037840396, 6.553631732100912, 6.5541132512339155, 7.6528944491610496, 7.657937425965297, 9.014485754606305, 9.004777952842591, 10.17991123635172, 11.012609490034594, 11.1633150730417], [5.926751293077851, 5.514877162729919, 5.085068026093652, 3.885964696185492, 2.5267785518323524, 1.529633871225399, 0.0, 1.5295602799497636, 2.526070723475493, 3.886098157535396, 5.05226752854597, 6.374293480065065, 7.579258418209528, 8.890979744100196, 9.16766552182179, 5.20236205006918, 6.590087060122954, 6.63528195180883, 4.9858867546305135, 6.5055060525680855, 5.976474395494388, 5.216896604304133, 4.19020820723744, 4.146834592794846, 2.7431908099875226, 2.7563041595585926, 2.1598930552228737, 2.1603718267927863, 1.0967679791095288, 1.0967638123132983, 2.160180536436712, 2.1602285318919385, 2.7539069501346627, 2.7539094647428044, 4.1747651910017645, 4.174761235088781, 5.169626208924587, 5.1701084949931175, 6.549829539003287, 6.554408444703457, 7.660708772691989, 7.646759599987435, 9.028666494006742, 9.730285889941774, 10.062572194026734], [7.1909524362215045, 6.92005753805559, 6.398727015586772, 5.051502854596838, 3.8868685159135494, 2.526064153975508, 1.5295602799497636, 0.0, 1.5295359132756576, 2.5260881496891594, 3.886211557545472, 5.052589241171303, 6.375208031115533, 7.58867483161586, 7.809493871564277, 6.3634317368853734, 7.876026023953958, 7.817965713022795, 6.459626065028842, 7.941758042776172, 7.1919018409597335, 6.574504254314542, 5.192809926234544, 5.129422192606103, 4.164323365205925, 4.176480107698347, 2.7533577573573687, 2.7543820032813167, 2.160137572007857, 2.160048802689421, 1.096787664044413, 1.0969018096438716, 2.160135815174592, 2.1601785134567004, 2.753959042905323, 2.753926596697886, 4.174569222087472, 4.174948440400193, 5.165570247320232, 5.170644018881981, 6.554085831754112, 6.546335253407054, 7.6737938576691, 8.492916133460874, 8.6736537589415], [8.297897912724643, 7.98478006585028, 7.610636336732954, 6.373502972463416, 5.052849256607602, 3.8860955469468323, 2.526070723475493, 1.5295359132756576, 0.0, 1.5295521337960336, 2.5261968094350844, 3.886534110232406, 5.053188042216517, 6.380523850750815, 6.7234040292102035, 7.477959574643339, 8.865054103613806, 9.029550667668907, 7.369267459524046, 8.970330565815287, 8.487681317061805, 7.699359620124261, 6.572374004878298, 6.520271270430395, 5.158609167207765, 5.172336762044791, 4.174227187156923, 4.175096071948524, 2.754003736380908, 2.7537716245179085, 2.1600853524803134, 2.160200363392248, 1.0968030497769414, 1.0969196415417128, 2.1601917738941605, 2.160107758886116, 2.753757324093755, 2.7541736092701203, 4.171023228177949, 4.175190862703165, 5.173312801290871, 5.159708695265654, 6.569147383032292, 7.204967737609933, 7.632080496168788], [9.582234379308408, 9.360077352778662, 8.910048171586952, 7.577590014641858, 6.3746122721307525, 5.052152294814557, 3.886098157535396, 2.5260881496891594, 1.5295521337960336, 0.0, 1.5296725956883717, 2.52650109439913, 3.887638715210044, 5.0626543354252425, 5.341119894741177, 8.70225139662145, 10.17704097417319, 10.24730104320157, 8.806516172698487, 10.37293589539625, 9.717377140463366, 9.037136274838396, 7.68015025959779, 7.616450972073541, 6.542836634824377, 6.555935201784715, 5.169292686625512, 5.17029393555144, 4.174827815611082, 4.1745729805574125, 2.7539094647428044, 2.7539212661221817, 2.1601917738941605, 2.160180536436712, 1.0968030497769414, 1.096787664044413, 2.1600643069131067, 2.160283597123304, 2.7498350677813392, 2.754694558385739, 4.172990077869824, 4.169506698639541, 5.186977026168518, 5.97859035141228, 6.213441449792539], [10.740002309590068, 10.481586838833135, 10.1365836399647, 8.882953681068026, 7.579046051450011, 6.37397592402105, 5.05226752854597, 3.886211557545472, 2.5261968094350844, 1.5296725956883717, 0.0, 1.529914360348317, 2.5269920359985307, 3.8902378346317077, 4.37311144381206, 9.876171037401084, 11.24778047349787, 11.48053964672393, 9.824299605060913, 11.46195199867806, 11.005830034122823, 10.203388405818922, 9.033200632112628, 8.977560626361706, 7.645973822869131, 7.659833020373225, 6.553437217979585, 6.554340538147221, 5.170072871826856, 5.169768404870763, 4.174835667424528, 4.174857953272183, 2.754050408035409, 2.7540317681537374, 2.1602431853844606, 2.1602217501914014, 1.0967814914557958, 1.0968723672333076, 2.1580140893886677, 2.1600896786939194, 2.757073074838605, 2.7446723411001175, 4.189480562074492, 4.680337336132942, 5.291853559954206], [12.029140362469798, 11.83667685501298, 11.42830162797605, 10.104090520675278, 8.88444469508365, 7.578653375765381, 6.374293480065065, 5.052589241171303, 3.886534110232406, 2.52650109439913, 1.529914360348317, 0.0, 1.5315309334127076, 2.5363550973789137, 2.9710469215412942, 11.123655375370097, 12.56520346393165, 12.714785945897791, 11.231840724476108, 12.841224611772818, 12.243520768553463, 11.527696860604896, 10.186970708213508, 10.123254991849212, 9.00252660368188, 9.015969410440565, 7.657073557175744, 7.658027496686076, 6.554403851610001, 6.554073752255158, 5.17025980971943, 5.170204168115608, 4.175238146501346, 4.175149943415207, 2.7541999364606777, 2.754302710306186, 2.160585520177343, 2.160396454357394, 1.0965378333646312, 1.0968097601680975, 2.152537621041732, 2.162498436993655, 2.771662852873704, 3.480950383156876, 3.839377200797026], [13.214199985621528, 12.990255492868492, 12.663448404759267, 11.400775467046092, 10.106036697934556, 8.884530679219921, 7.579258418209528, 6.375208031115533, 5.053188042216517, 3.887638715210044, 2.5269920359985307, 1.5315309334127076, 0.0, 1.5238130397132057, 2.4117417378318105, 12.326070424510808, 13.682301403272769, 13.95896073674541, 12.308486741269212, 13.966449782604023, 13.527923285190525, 12.717022108575575, 11.523322481385305, 11.466065063045821, 10.153033302910023, 10.167207011269122, 9.014336318332036, 9.014940074121403, 7.658317063820223, 7.65762767115247, 6.555599278479429, 6.5551672549218765, 5.170846215079307, 5.170265897417656, 4.1762027357397296, 4.176887168693931, 2.753937433929827, 2.754599397371603, 2.166091184599577, 2.160909819960102, 1.0967788336761428, 1.0960399125944276, 2.1715084549685733, 2.158719613567265, 3.2453279788027594], [14.504535372772201, 14.334098801459405, 13.957733230721956, 12.64011242157284, 11.409066912767232, 10.114704559699211, 8.890979744100196, 7.58867483161586, 6.380523850750815, 5.0626543354252425, 3.8902378346317077, 2.5363550973789137, 1.5238130397132057, 0.0, 1.420238729932401, 13.584011764202797, 14.996910866908559, 15.204633221159924, 13.69526860561705, 15.331815734934985, 14.779471346770153, 14.04066316560582, 12.70986656774964, 12.651316635433641, 11.494283676245336, 11.513415314753482, 10.178350111879627, 10.17304523041159, 9.022569244400401, 9.015176531272141, 7.674000783163891, 7.665654981800317, 6.56251316341537, 6.5527353151184125, 5.177340070924451, 5.189683845861904, 4.166967642062991, 4.181849043186518, 2.785482561424501, 2.7579530724796606, 2.1512320632604935, 2.1479099678524705, 1.0947348674450814, 1.0945850857745143, 1.9424871917209654], [14.920759463579591, 14.676669460064842, 14.159066343159777, 12.813546053298438, 11.647627140752748, 10.305870465904372, 9.16766552182179, 7.809493871564277, 6.7234040292102035, 5.341119894741177, 4.37311144381206, 2.9710469215412942, 2.4117417378318105, 1.420238729932401, 0.0, 14.02334844678688, 15.496446665606927, 15.569194755670571, 14.09043402631729, 15.66838822725554, 14.935692397743065, 14.190376149348545, 12.92804407248057, 12.703236777294203, 11.862413205583424, 11.703674246150223, 10.21759289314269, 10.414856067656432, 9.237409208214174, 9.453739269728143, 7.693320533423783, 7.952091857492594, 6.8181007128085165, 7.1088051330726465, 5.547531148177539, 5.169777094807861, 4.945414010980275, 4.517065229770321, 2.6554818978859562, 3.3284755459519304, 2.638620074963427, 3.347746528636838, 2.0540899444766287, 2.047335834688584, 0.9723213666273106], [1.0939935328876491, 2.174375032049439, 2.8781835191662117, 2.878505803363961, 3.3120418732256396, 4.244826347449328, 5.20236205006918, 6.3634317368853734, 7.477959574643339, 8.70225139662145, 9.876171037401084, 11.123655375370097, 12.326070424510808, 13.584011764202797, 14.02334844678688, 0.0, 1.766059868747376, 1.7761840388878627, 2.49124431760516, 3.0610398592635155, 3.27689206108471, 3.8600261190826153, 2.3568537714504054, 3.897356955681632, 2.7526113528792986, 4.128877467302705, 4.999493575353408, 3.9332237020