{"total energy": -44.13752711, "HOMO-LUMO gap/eV": 3.23232939, "electronic energy": -44.53704574, "dipole": [-0.2132512, -0.8280386, 1.40629476], "partial charges": [-0.11152807, 0.09165877, -0.2554705, 0.36453499, -0.38134866, -0.25015336, 0.09163333, -0.11486638, -0.12409226, 0.05026978, -0.17142922, 0.00177474, -0.1037559, 0.06070077, 0.05533122, 0.05316858, 0.04722546, 0.0529864, 0.0461418, 0.05917431, 0.05876647, 0.06045035, 0.05748982, 0.05344336, 0.0632491, 0.0428551, 0.04586137, 0.05308523, 0.04860146, 0.05424196], "atomic dipole moments": [[0.03555886, 0.14069357, -0.00466616], [0.09150976, -0.01592581, -0.26343064], [0.01800708, 0.0887711, 0.16581352], [0.01300165, -0.00616043, 0.30448507], [-0.09155688, -0.09932569, 0.41678539], [0.13040333, 0.08416806, -0.08321453], [-0.10541359, -0.25776974, 0.06426131], [0.05341706, -0.06301428, -0.12438927], [-0.24581542, -0.22549499, -0.4021704], [0.04030424, 0.08819635, 0.13773405], [-0.23794269, -0.05831425, -0.35122341], [0.03785467, 0.0741094, 0.12241422], [-0.10770974, 0.06715586, -0.0382256], [-0.08968315, -0.03464337, -0.08676324], [-0.04341745, -0.02544272, 0.11888447], [0.09765769, -0.07749458, -0.02590687], [0.09017098, 0.02913106, 0.07540664], [-0.09702569, 0.07560916, 0.01245342], [0.12333244, -0.00651828, -0.00212105], [-0.04704384, 0.05041302, -0.10228252], [0.03997802, 0.12347493, 0.00192295], [-0.12820187, -0.00309416, 0.00874446], [0.03862476, -0.05832016, 0.10744636], [-0.09087132, -0.08601367, 0.00642916], [0.02894198, 0.0390283, -0.11746578], [-0.09734015, -0.07739777, -8.021e-05], [0.02082961, 0.04713624, -0.11402054], [-0.01448143, -0.05386706, 0.11688231], [0.02342488, -0.0950342, -0.07992296], [0.10689307, 0.07383457, 0.00091279]], "atomic quadrupole moments": [[-0.11693133, 0.10423092, 0.25015205, -0.02289808, -0.04830283, -0.13322072], [-0.26855582, 0.13993739, -0.05912335, -0.27630052, -0.14600827, 0.32767916], [-0.05071926, 0.06975615, -0.03079742, -0.06475654, -0.02523322, 0.08151668], [0.29718753, 0.00218229, 0.54740191, 0.04884708, 0.16593535, -0.84458944], [-0.3322571, 0.00116659, -0.31234307, 0.05880131, -0.1966937, 0.64460018], [-0.05766243, 0.03519187, 0.12158286, -0.05306757, 0.03184311, -0.06392043], [-0.27120879, 0.20172351, 0.4460381, -0.10808572, 0.11051451, -0.1748293], [-0.10653606, -0.06490421, -0.03306868, -0.11332089, 0.17064893, 0.13960475], [0.21216572, -0.36222664, -0.0417649, 0.26930398, 0.30371179, -0.17040083], [0.02219737, -0.30209058, 0.07821694, 0.11810955, 0.20089103, -0.10041431], [0.0832845, -0.51187859, 0.01406549, 0.30200986, 0.31048428, -0.09735], [-0.08269252, -0.2022368, 0.09904992, 0.02916367, 0.25534899, -0.0163574], [0.11824941, -0.1751753, -0.01857652, 0.08722589, -0.03862861, -0.09967289], [0.02111899, 0.00965544, -0.02517217, 0.06405162, 0.00987869, 0.00405318], [-0.03636054, 0.0091318, -0.03339793, -0.04248773, -0.01333414, 0.06975847], [0.05116849, -0.04745353, -0.00113378, -0.01533872, 0.01360739, -0.05003471], [0.0074464, 0.02089665, -0.0267833, 0.01830958, -0.01311249, 0.0193369], [0.01553645, -0.02309753, -0.00358451, -0.02315116, -0.01706045, -0.01195195], [0.0280346, 0.00297465, 0.01226112, 0.00376859, 0.01472007, -0.04029572], [-0.0284044, -0.00776479, 0.01488826, 0.02762569, -0.01197078, 0.01351614], [-0.03226789, 0.04180241, 0.0708405, -0.0092483, -0.0027248, -0.0385726], [0.08003948, 0.00233374, -0.0518059, 0.00829556, 0.00543698, -0.02823358], [-0.01861502, -0.03442475, -0.01671548, 0.03248979, -0.0434799, 0.03533049], [0.01952686, 0.01622094, 0.01757426, 0.0053194, 0.00539104, -0.03710112], [-0.01662091, -0.0156454, -0.01382586, -0.01240917, -0.01041396, 0.03044678], [0.01781073, 0.03214845, 0.01025974, -0.00881999, 0.01497394, -0.02807047], [-0.03596212, -0.0018367, -0.00112353, -0.01716778, -0.0155006, 0.03708564], [-0.02232802, -0.00104062, -0.03172054, -0.02313456, -0.03981751, 0.05404857], [-0.03707749, -0.01613546, 0.02032275, -0.00067403, 0.06425951, 0.01675475], [0.02896584, 0.04976036, 0.01866126, 0.00525467, -0.00676293, -0.04762711]], "number of molecular orbitals": 89, "number of electrons": 80, "number of unpaired electrons": 0, "orbital energies/eV": [-20.5545276, -20.28747024, -20.08610743, -19.80402573, -18.97542033, -18.50800987, -18.09860048, -17.36021019, -17.24070105, -17.04352534, -16.84732079, -16.67511185, -16.18492563, -16.0572212, -15.96751548, -15.52811707, -15.33538238, -14.89356742, -14.75672751, -14.7351585, -14.33459179, -14.3146115, -14.07693583, -13.78213219, -13.65415674, -13.466767, -13.30983304, -13.29879384, -13.15579655, -13.01345821, -12.91373593, -12.66142442, -12.63667082, -12.35250571, -12.31897269, -11.95352994, -11.12258838, -10.15658409, -10.0893876, -10.01444146, -6.78211207, -6.24024268, -5.80808415, -4.44966033, -4.12758576, -3.72533098, -3.31384492, -1.01807017, -0.91428606, -0.74960211, -0.42990684, -0.29223035, 0.05518939, 0.20373339, 0.65654184, 0.73074886, 1.20976364, 2.13872944, 2.21989283, 2.50503105, 2.70431239, 2.80227682, 3.36139481, 3.44185446, 3.52890279, 3.65141004, 3.72061804, 3.8881476, 4.06431183, 4.20985434, 4.38854491, 4.49399952, 4.52135275, 5.34050542, 5.47371166, 5.74364224, 5.96334682, 6.11808712, 6.37588593, 6.6201358, 6.87083613, 7.31353833, 9.09991778, 10.61893361, 11.03477242, 12.59649892, 25.86171732, 26.97543913, 35.78292417], "fractional occupation": [2.0, 2.0, 2.0, 2.0, 2.0, 2.0, 2.0, 2.0, 2.0, 2.0, 2.0, 2.0, 2.0, 2.0, 2.0, 2.0, 2.0, 2.0, 2.0, 2.0, 2.0, 2.0, 2.0, 2.0, 2.0, 2.0, 2.0, 2.0, 2.0, 2.0, 2.0, 2.0, 2.0, 2.0, 2.0, 2.0, 2.0, 2.0, 2.0, 2.0, 0.0, 0.0, 0.0, 0.0, 0.0, 0.0, 0.0, 0.0, 0.0, 0.0, 0.0, 0.0, 0.0, 0.0, 0.0, 0.0, 0.0, 0.0, 0.0, 0.0, 0.0, 0.0, 0.0, 0.0, 0.0, 0.0, 0.0, 0.0, 0.0, 0.0, 0.0, 0.0, 0.0, 0.0, 0.0, 0.0, 0.0, 0.0, 0.0, 0.0, 0.0, 0.0, 0.0, 0.0, 0.0, 0.0, 0.0, 0.0, 0.0], "program call": "xtb /home/svss/Project-DBcg-Debug/aqme2_20220329/End-to-End-workflows-final/example-3/QDESCP/mol_23_rdkit_conf_30/mol_23_rdkit_conf_30.xyz --pop --wbo --acc 0.2 --gfn 2 --chrg 0 --uhf 0 --etemp 300 --input /home/svss/Project-DBcg-Debug/aqme2_20220329/End-to-End-workflows-final/example-3/QDESCP/mol_23_rdkit_conf_30/mol_23_rdkit_conf_30_xtb.inp", "method": "GFN2-xTB", "xtb version": "6.3.3 (7355c4f)", "Dipole module/D": 4.183, "Total charge": 0, "Transition dipole module/D": NaN, "HOMO": -10.0144, "LUMO": -6.7821, "HOMO occupancy": 2.0, "LUMO occupancy": 0, "mulliken charges": [-0.098, 0.20964, -0.37113, 0.37533, -0.21706, -0.37244, 0.20669, -0.0966, -0.08909, 0.08393, -0.12943, 0.02131, -0.08079, 0.04329, 0.03028, 0.03742, 0.0221, 0.03474, 0.02431, 0.03134, 0.03289, 0.04341, 0.03982, 0.03695, 0.03212, 0.02391, 0.02467, 0.03376, 0.03236, 0.03428], "cm5 charges": [-0.24447, 0.1318, -0.43219, 0.31441, -0.18689, -0.4363, 0.1285, -0.24307, -0.09056, 0.01254, -0.17402, -0.07316, -0.22809, 0.09661, 0.08151, 0.0908, 0.08931, 0.10063, 0.09004, 0.09535, 0.08411, 0.09673, 0.09318, 0.09734, 0.09101, 0.07982, 0.08058, 0.08538, 0.08318, 0.08591], "FUKUI+": [0.012, 0.016, -0.01, -0.14, -0.17, 0.006, 0.013, 0.01, -0.269, 0.045, -0.154, 0.017, 0.013, -0.019, -0.025, -0.005, -0.005, -0.029, 0.002, -0.019, -0.023, -0.019, -0.007, -0.063, -0.06, -0.029, -0.028, -0.015, -0.029, -0.015], "FUKUI-": [0.009, 0.01, 0.006, -0.104, -0.29, -0.005, 0.011, 0.008, -0.093, 0.066, -0.304, 0.038, 0.019, -0.015, -0.023, -0.003, -0.005, -0.021, -0.003, -0.011, -0.021, -0.016, -0.01, -0.045, -0.04, -0.043, -0.042, -0.02, -0.034, -0.019], "FUKUIrad": [0.01, 0.013, -0.002, -0.122, -0.23, 0.001, 0.012, 0.009, -0.181, 0.056, -0.229, 0.027, 0.016, -0.017, -0.024, -0.004, -0.005, -0.025, -0.001, -0.015, -0.022, -0.017, -0.009, -0.054, -0.05, -0.036, -0.035, -0.017, -0.032, -0.017], "s proportion": [1.012, 0.993, 1.657, 1.516, 1.89, 1.66, 0.993, 1.012, 1.909, 1.041, 1.931, 1.034, 1.007, 0.957, 0.97, 0.963, 0.978, 0.965, 0.976, 0.969, 0.967, 0.957, 0.96, 0.963, 0.968, 0.976, 0.975, 0.966, 0.968, 0.966], "p proportion": [3.086, 2.798, 4.714, 2.021, 4.341, 4.712, 2.801, 3.084, 4.184, 2.875, 4.199, 2.945, 3.074, 0.0, 0.0, 0.0, 0.0, 0.0, 0.0, 0.0, 0.0, 0.0, 0.0, 0.0, 0.0, 0.0, 0.0, 0.0, 0.0, 0.0], "d proportion": [0.0, 0.0, 0.0, 1.088, -0.014, 0.0, 0.0, 0.0, -0.004, 0.0, -0.001, 0.0, 0.0, 0.0, 0.0, 0.0, 0.0, 0.0, 0.0, 0.0, 0.0, 0.0, 0.0, 0.0, 0.0, 0.0, 0.0, 0.0, 0.0, 0.0], "Fermi-level/eV": -8.3983, "Coordination numbers": [3.749, 3.893, 1.658, 3.918, 0.926, 1.658, 3.904, 3.749, 2.059, 3.795, 2.147, 3.793, 3.79, 0.924, 0.924, 0.924, 0.924, 0.924, 0.924, 0.924, 0.924, 0.924, 0.924, 0.924, 0.924, 0.924, 0.924, 0.924, 0.924, 0.924], "Dispersion coefficient C6": [22.7, 19.017, 18.249, 145.049, 155.749, 18.16, 19.014, 22.765, 146.26, 19.738, 148.309, 20.559, 22.491, 2.191, 2.255, 2.281, 2.355, 2.283, 2.369, 2.209, 2.214, 2.194, 2.229, 2.277, 2.161, 2.411, 2.372, 2.282, 2.338, 2.268], "Total dispersion C6": 13105.785509, "Total dispersion C8": 414279.490021, "Polarizability alpha": [6.795, 6.199, 5.767, 21.634, 21.109, 5.753, 6.198, 6.805, 20.355, 6.326, 20.497, 6.457, 6.754, 2.315, 2.348, 2.362, 2.4, 2.363, 2.407, 2.324, 2.327, 2.316, 2.335, 2.36, 2.299, 2.428, 2.409, 2.362, 2.391, 2.355], "Total polarizability alpha": 180.749589, "Wiberg matrix": [[0.0, 1.0164538128421612, 0.0, 0.0, 0.0, 0.0, 0.0, 0.0, 0.0, 0.0, 0.0, 0.0, 0.0, 0.9842625504656499, 0.9815575190298975, 0.985066346568454, 0.0, 0.0, 0.0, 0.0, 0.0, 0.0, 0.0, 0.0, 0.0, 0.0, 0.0, 0.0, 0.0, 0.0], [1.0164538128421612, 0.0, 0.9169013261971553, 0.0, 0.0, 0.0, 0.0, 0.0, 0.0, 0.0, 0.0, 0.0, 0.0, 0.0, 0.0, 0.0, 0.9654825023764995, 0.9710792047159751, 0.0, 0.0, 0.0, 0.0, 0.0, 0.0, 0.0, 0.0, 0.0, 0.0, 0.0, 0.0], [0.0, 0.9169013261971553, 0.0, 1.259580145040334, 0.0, 0.0, 0.0, 0.0, 0.0, 0.0, 0.0, 0.0, 0.0, 0.0, 0.0, 0.0, 0.0, 0.0, 0.0, 0.0, 0.0, 0.0, 0.0, 0.0, 0.0, 0.0, 0.0, 0.0, 0.0, 0.0], [0.0, 0.0, 1.259580145040334, 0.0, 1.5940350411436162, 1.2681627035272616, 0.0, 0.0, 0.9909555916478276, 0.0, 0.0, 0.0, 0.0, 0.0, 0.0, 0.0, 0.0, 0.0, 0.0, 0.0, 0.0, 0.0, 0.0, 0.0, 0.0, 0.0, 0.0, 0.0, 0.0, 0.0], [0.0, 0.0, 0.0, 1.5940350411436162, 0.0, 0.0, 0.0, 0.0, 0.14490521720032473, 0.0, 0.0, 0.0, 0.0, 0.0, 0.0, 0.0, 0.0, 0.0, 0.0, 0.0, 0.0, 0.0, 0.0, 0.0, 0.0, 0.0, 0.0, 0.0, 0.0, 0.0], [0.0, 0.0, 0.0, 1.2681627035272616, 0.0, 0.0, 0.919850813299623, 0.0, 0.0, 0.0, 0.0, 0.0, 0.0, 0.0, 0.0, 0.0, 0.0, 0.0, 0.0, 0.0, 0.0, 0.0, 0.0, 0.0, 0.0, 0.0, 0.0, 0.0, 0.0, 0.0], [0.0, 0.0, 0.0, 0.0, 0.0, 0.919850813299623, 0.0, 1.0165419697025888, 0.0, 0.0, 0.0, 0.0, 0.0, 0.0, 0.0, 0.0, 0.0, 0.0, 0.9688812092807277, 0.970009773414602, 0.0, 0.0, 0.0, 0.0, 0.0, 0.0, 0.0, 0.0, 0.0, 0.0], [0.0, 0.0, 0.0, 0.0, 0.0, 0.0, 1.0165419697025888, 0.0, 0.0, 0.0, 0.0, 0.0, 0.0, 0.0, 0.0, 0.0, 0.0, 0.0, 0.0, 0.0, 0.9814724779559263, 0.9840977001545818, 0.9847501363029347, 0.0, 0.0, 0.0, 0.0, 0.0, 0.0, 0.0], [0.0, 0.0, 0.0, 0.9909555916478276, 0.14490521720032473, 0.0, 0.0, 0.0, 0.0, 0.9759146546210326, 0.0, 0.0, 0.0, 0.0, 0.0, 0.0, 0.0, 0.0, 0.0, 0.0, 0.0, 0.0, 0.0, 0.0, 0.0, 0.0, 0.0, 0.0, 0.0, 0.0], [0.0, 0.0, 0.0, 0.0, 0.0, 0.0, 0.0, 0.0, 0.9759146546210326, 0.0, 0.9958145651312859, 0.0, 0.0, 0.0, 0.0, 0.0, 0.0, 0.0, 0.0, 0.0, 0.0, 0.0, 0.0, 0.9712161166028944, 0.9710742889713934, 0.0, 0.0, 0.0, 0.0, 0.0], [0.0, 0.0, 0.0, 0.0, 0.0, 0.0, 0.0, 0.0, 0.0, 0.9958145651312859, 0.0, 0.9798782140841031, 0.0, 0.0, 0.0, 0.0, 0.0, 0.0, 0.0, 0.0, 0.0, 0.0, 0.0, 0.0, 0.0, 0.0, 0.0, 0.0, 0.0, 0.0], [0.0, 0.0, 0.0, 0.0, 0.0, 0.0, 0.0, 0.0, 0.0, 0.0, 0.9798782140841031, 0.0, 1.0233416062248397, 0.0, 0.0, 0.0, 0.0, 0.0, 0.0, 0.0, 0.0, 0.0, 0.0, 0.0, 0.0, 0.9754772399618579, 0.9750980646414806, 0.0, 0.0, 0.0], [0.0, 0.0, 0.0, 0.0, 0.0, 0.0, 0.0, 0.0, 0.0, 0.0, 0.0, 1.0233416062248397, 0.0, 0.0, 0.0, 0.0, 0.0, 0.0, 0.0, 0.0, 0.0, 0.0, 0.0, 0.0, 0.0, 0.0, 0.0, 0.9855935085528772, 0.9794289703460535, 0.9854756288896307], [0.9842625504656499, 0.0, 0.0, 0.0, 0.0, 0.0, 0.0, 0.0, 0.0, 0.0, 0.0, 0.0, 0.0, 0.0, 0.0, 0.0, 0.0, 0.0, 0.0, 0.0, 0.0, 0.0, 0.0, 0.0, 0.0, 0.0, 0.0, 0.0, 0.0, 0.0], [0.9815575190298975, 0.0, 0.0, 0.0, 0.0, 0.0, 0.0, 0.0, 0.0, 0.0, 0.0, 0.0, 0.0, 0.0, 0.0, 0.0, 0.0, 0.0, 0.0, 0.0, 0.0, 0.0, 0.0, 0.0, 0.0, 0.0, 0.0, 0.0, 0.0, 0.0], [0.985066346568454, 0.0, 0.0, 0.0, 0.0, 0.0, 0.0, 0.0, 0.0, 0.0, 0.0, 0.0, 0.0, 0.0, 0.0, 0.0, 0.0, 0.0, 0.0, 0.0, 0.0, 0.0, 0.0, 0.0, 0.0, 0.0, 0.0, 0.0, 0.0, 0.0], [0.0, 0.9654825023764995, 0.0, 0.0, 0.0, 0.0, 0.0, 0.0, 0.0, 0.0, 0.0, 0.0, 0.0, 0.0, 0.0, 0.0, 0.0, 0.0, 0.0, 0.0, 0.0, 0.0, 0.0, 0.0, 0.0, 0.0, 0.0, 0.0, 0.0, 0.0], [0.0, 0.9710792047159751, 0.0, 0.0, 0.0, 0.0, 0.0, 0.0, 0.0, 0.0, 0.0, 0.0, 0.0, 0.0, 0.0, 0.0, 0.0, 0.0, 0.0, 0.0, 0.0, 0.0, 0.0, 0.0, 0.0, 0.0, 0.0, 0.0, 0.0, 0.0], [0.0, 0.0, 0.0, 0.0, 0.0, 0.0, 0.9688812092807277, 0.0, 0.0, 0.0, 0.0, 0.0, 0.0, 0.0, 0.0, 0.0, 0.0, 0.0, 0.0, 0.0, 0.0, 0.0, 0.0, 0.0, 0.0, 0.0, 0.0, 0.0, 0.0, 0.0], [0.0, 0.0, 0.0, 0.0, 0.0, 0.0, 0.970009773414602, 0.0, 0.0, 0.0, 0.0, 0.0, 0.0, 0.0, 0.0, 0.0, 0.0, 0.0, 0.0, 0.0, 0.0, 0.0, 0.0, 0.0, 0.0, 0.0, 0.0, 0.0, 0.0, 0.0], [0.0, 0.0, 0.0, 0.0, 0.0, 0.0, 0.0, 0.9814724779559263, 0.0, 0.0, 0.0, 0.0, 0.0, 0.0, 0.0, 0.0, 0.0, 0.0, 0.0, 0.0, 0.0, 0.0, 0.0, 0.0, 0.0, 0.0, 0.0, 0.0, 0.0, 0.0], [0.0, 0.0, 0.0, 0.0, 0.0, 0.0, 0.0, 0.9840977001545818, 0.0, 0.0, 0.0, 0.0, 0.0, 0.0, 0.0, 0.0, 0.0, 0.0, 0.0, 0.0, 0.0, 0.0, 0.0, 0.0, 0.0, 0.0, 0.0, 0.0, 0.0, 0.0], [0.0, 0.0, 0.0, 0.0, 0.0, 0.0, 0.0, 0.9847501363029347, 0.0, 0.0, 0.0, 0.0, 0.0, 0.0, 0.0, 0.0, 0.0, 0.0, 0.0, 0.0, 0.0, 0.0, 0.0, 0.0, 0.0, 0.0, 0.0, 0.0, 0.0, 0.0], [0.0, 0.0, 0.0, 0.0, 0.0, 0.0, 0.0, 0.0, 0.0, 0.9712161166028944, 0.0, 0.0, 0.0, 0.0, 0.0, 0.0, 0.0, 0.0, 0.0, 0.0, 0.0, 0.0, 0.0, 0.0, 0.0, 0.0, 0.0, 0.0, 0.0, 0.0], [0.0, 0.0, 0.0, 0.0, 0.0, 0.0, 0.0, 0.0, 0.0, 0.9710742889713934, 0.0, 0.0, 0.0, 0.0, 0.0, 0.0, 0.0, 0.0, 0.0, 0.0, 0.0, 0.0, 0.0, 0.0, 0.0, 0.0, 0.0, 0.0, 0.0, 0.0], [0.0, 0.0, 0.0, 0.0, 0.0, 0.0, 0.0, 0.0, 0.0, 0.0, 0.0, 0.9754772399618579, 0.0, 0.0, 0.0, 0.0, 0.0, 0.0, 0.0, 0.0, 0.0, 0.0, 0.0, 0.0, 0.0, 0.0, 0.0, 0.0, 0.0, 0.0], [0.0, 0.0, 0.0, 0.0, 0.0, 0.0, 0.0, 0.0, 0.0, 0.0, 0.0, 0.9750980646414806, 0.0, 0.0, 0.0, 0.0, 0.0, 0.0, 0.0, 0.0, 0.0, 0.0, 0.0, 0.0, 0.0, 0.0, 0.0, 0.0, 0.0, 0.0], [0.0, 0.0, 0.0, 0.0, 0.0, 0.0, 0.0, 0.0, 0.0, 0.0, 0.0, 0.0, 0.9855935085528772, 0.0, 0.0, 0.0, 0.0, 0.0, 0.0, 0.0, 0.0, 0.0, 0.0, 0.0, 0.0, 0.0, 0.0, 0.0, 0.0, 0.0], [0.0, 0.0, 0.0, 0.0, 0.0, 0.0, 0.0, 0.0, 0.0, 0.0, 0.0, 0.0, 0.9794289703460535, 0.0, 0.0, 0.0, 0.0, 0.0, 0.0, 0.0, 0.0, 0.0, 0.0, 0.0, 0.0, 0.0, 0.0, 0.0, 0.0, 0.0], [0.0, 0.0, 0.0, 0.0, 0.0, 0.0, 0.0, 0.0, 0.0, 0.0, 0.0, 0.0, 0.9854756288896307, 0.0, 0.0, 0.0, 0.0, 0.0, 0.0, 0.0, 0.0, 0.0, 0.0, 0.0, 0.0, 0.0, 0.0, 0.0, 0.0, 0.0]], "Born radii": [], "Atomic SASAs": [], "Solvent H bonds": [], "Total SASA": NaN, "Total FOD": 0.0, "FOD": [0.0, 0.0, 0.0, 0.0, 0.0, 0.0, 0.0, 0.0, 0.0, 0.0, 0.0, 0.0, 0.0, 0.0, 0.0, 0.0, 0.0, 0.0, 0.0, 0.0, 0.0, 0.0, 0.0, 0.0, 0.0, 0.0, 0.0, 0.0, 0.0, 0.0], "FOD s proportion": [0.0, 0.0, 0.0, 0.0, 0.0, 0.0, 0.0, 0.0, 0.0, 0.0, 0.0, 0.0, 0.0, 0.0, 0.0, 0.0, 0.0, 0.0, 0.0, 0.0, 0.0, 0.0, 0.0, 0.0, 0.0, 0.0, 0.0, 0.0, 0.0, 0.0], "FOD p proportion": [0.0, 0.0, 0.0, 0.0, 0.0, 0.0, 0.0, 0.0, 0.0, 0.0, 0.0, 0.0, 0.0, 0.0, 0.0, 0.0, 0.0, 0.0, 0.0, 0.0, 0.0, 0.0, 0.0, 0.0, 0.0, 0.0, 0.0, 0.0, 0.0, 0.0], "FOD d proportion": [0.0, 0.0, 0.0, 0.0, 0.0, 0.0, 0.0, 0.0, 0.0, 0.0, 0.0, 0.0, 0.0, 0.0, 0.0, 0.0, 0.0, 0.0, 0.0, 0.0, 0.0, 0.0, 0.0, 0.0, 0.0, 0.0, 0.0, 0.0, 0.0, 0.0], "coordinates": [["-2.79260", "-1.77660", "1.20960"], ["-2.40240", "-0.32140", "1.05180"], ["-1.95050", "-0.11830", "-0.27700"], ["-1.00280", "1.16030", "-0.61540"], ["-1.02200", "1.51770", "-2.53110"], ["-1.76720", "2.30560", "0.24950"], ["-1.28210", "3.63800", "0.20450"], ["-1.77310", "4.36940", "1.43700"], ["0.84350", "0.78360", "0.31540"], ["1.41640", "-0.66740", "-0.58910"], ["2.90120", "-1.35000", "0.19470"], ["3.21710", "-2.70950", "-0.97000"], ["4.44810", "-3.48740", "-0.54120"], ["-3.57230", "-2.04770", "0.49010"], ["-3.16020", "-1.97500", "2.22020"], ["-1.93520", "-2.42820", "1.01090"], ["-1.62010", "-0.06600", "1.77210"], ["-3.26990", "0.32090", "1.23190"], ["-0.18860", "3.64990", "0.17460"], ["-1.66540", "4.12650", "-0.69640"], ["-1.42970", "5.40760", "1.43760"], ["-2.86710", "4.35880", "1.48210"], ["-1.41200", "3.87690", "2.34600"], ["0.62840", "-1.42520", "-0.59060"], ["1.64520", "-0.38190", "-1.61900"], ["2.34840", "-3.37470", "-0.99280"], ["3.37020", "-2.29810", "-1.97250"], ["4.31880", "-3.92960", "0.45260"], ["4.63520", "-4.30530", "-1.24490"], ["5.34070", "-2.85270", "-0.52720"]], "bond_dist": [[0.0, 1.51484782073976, 2.3809810709033368, 3.8935062154823896, 5.289638299543741, 4.3171279816563235, 5.710492922681894, 6.234132418388303, 4.536015971091813, 4.70970565216129, 5.799255815188705, 6.460452976378669, 7.643289460042712, 1.0950376934151624, 1.0935285455807728, 1.0950794537384037, 2.1487938151437422, 2.151236581596734, 6.107286078938827, 6.304760538672346, 7.315887509386678, 6.141900329702525, 5.929546658050682, 3.881680435069327, 5.444284607733141, 5.816731932107582, 6.955417061542752, 7.468632268360788, 8.22138107497761, 8.386002285952467], [1.51484782073976, 0.0, 1.4181581928684828, 2.6332244283387625, 4.257342525566859, 2.8192717729938703, 4.20117099628187, 4.748473667400925, 3.507018216376984, 4.170791561562385, 5.4699918948751645, 6.431910843598502, 7.713012073762105, 2.1596954854793764, 2.1619001734585246, 2.1583685713983143, 1.09364278445935, 1.09432241592686, 4.630509040051645, 4.835616470523691, 5.8237812398818685, 4.722856785887117, 4.503506266233011, 3.6196133550422207, 4.84973181217271, 6.006091132342233, 6.8100399514246615, 7.651972119656476, 8.406789152821665, 8.297970733860177], [2.3809810709033368, 1.4181581928684828, 0.0, 1.6271041177503056, 2.935911282719558, 2.4871856283759763, 3.8455676434045465, 4.8071528007751105, 2.995128940463165, 3.425628822566742, 5.027780690324509, 5.822255250330408, 7.2362088423427915, 2.6346274897981306, 3.338669917796607, 2.644722766189303, 2.0762250022577033, 2.05194839360058, 4.184204274411086, 4.274986012842615, 5.809187258988989, 4.896837017912684, 4.809546162581247, 2.9081020924307315, 3.847012795663669, 5.440317252697676, 5.994672366359984, 7.373089334871781, 7.863793225918393, 7.791093687024948], [3.8935062154823896, 2.6332244283387625, 1.6271041177503056, 0.0, 1.948848349667054, 1.6260601034402142, 2.624736518205208, 3.886390441013357, 2.101693417223359, 3.0321127320731334, 4.71159040027887, 5.736606070665824, 7.16372331542753, 4.256257099847235, 4.746062390023966, 4.048648379397746, 2.7540928143401415, 3.0425075283390837, 2.7358965258211065, 3.040385205857968, 4.736729874079796, 4.255058517811476, 4.039461617592127, 3.0571618750076026, 3.224515126340703, 5.651477435149149, 5.738064130872014, 7.440909391331143, 7.877569270403149, 7.506792956382904], [5.289638299543741, 4.257342525566859, 2.935911282719558, 1.948848349667054, 0.0, 2.9846014491050554, 3.4708545720038457, 4.943901466453392, 3.4816024055023855, 3.806812389650953, 5.571820812804375, 6.186777986965429, 7.676765075863662, 5.323885488062267, 6.272615421018573, 5.38050416318025, 4.624214478157345, 4.543737850052531, 3.544241088018703, 3.253601864088475, 5.572084079588175, 5.251858476768009, 5.431761137053065, 3.8923027657159452, 3.399170841543567, 6.136899934820512, 5.844979421691748, 8.191439899065365, 8.219826718368218, 7.974958473873077], [4.3171279816563235, 2.8192717729938703, 2.4871856283759763, 1.6260601034402142, 2.9846014491050554, 0.0, 1.418674300183097, 2.3810631029017264, 3.022677835959367, 4.435908917009005, 5.929618281137497, 7.17507175922304, 8.533112537638303, 4.7188446954736705, 4.914025218698008, 4.797584433858356, 2.8221331878563065, 2.676238244252555, 2.0747844369958055, 2.05445050074223, 3.3388458874287688, 2.6352823397123877, 2.643948369389993, 4.512597479279534, 4.7284693358422025, 7.123712567194159, 7.247359274246034, 8.715409608847997, 9.323516285715385, 8.816664005733688], [5.710492922681894, 4.20117099628187, 3.8455676434045465, 2.624736518205208, 3.4708545720038457, 1.418674300183097, 0.0, 1.514953203897731, 3.5606282493402763, 5.142778662357539, 6.5100106704981675, 7.868481882803061, 9.174016878663348, 6.136266608451755, 6.252685431076794, 6.154315803564194, 4.036239556815229, 4.001256303962544, 1.0939734320357146, 1.0941535312742907, 2.161898593829045, 2.1596387197862517, 2.15869624310601, 5.469752142464959, 5.296586971814962, 7.986990599093002, 7.849873088146075, 9.418078582173756, 10.010555156433632, 9.301938035699873], [6.234132418388303, 4.748473667400925, 4.8071528007751105, 3.886390441013357, 4.943901466453392, 2.3810631029017264, 1.514953203897731, 0.0, 4.57848706015426, 6.296613828082519, 7.4902554122005744, 8.98924747962809, 10.214984626518046, 6.731486660463645, 6.541319439532058, 6.812870421489021, 4.450671204436472, 4.321206833744481, 2.1498777314070674, 2.1498826154001986, 1.0935187058299467, 1.0949805340735517, 1.0950938133329033, 6.592097782193465, 6.602935906095106, 9.102844341193581, 9.084810476284026, 10.34184171073992, 11.113474550742446, 10.325839456915839], [4.536015971091813, 3.507018216376984, 2.995128940463165, 2.101693417223359, 3.4816024055023855, 3.022677835959367, 3.5606282493402763, 4.57848706015426, 0.0, 1.803256958949556, 2.966638963541064, 4.414518969264941, 5.654055687734248, 5.248434949582589, 5.221853185412244, 4.303551228927105, 2.9854848869153567, 4.239589968381376, 3.0497099435847996, 4.300383571264312, 5.273343064887777, 5.283161580909674, 4.333488375431507, 2.3970610025612618, 2.396459158842479, 4.611677584133565, 4.595168570357348, 5.857541136859391, 6.535168566303397, 5.844438406724807], [4.70970565216129, 4.170791561562385, 3.425628822566742, 3.0321127320731334, 3.806812389650953, 4.435908917009005, 5.142778662357539, 6.296613828082519, 1.803256958949556, 0.0, 1.8124337891354814, 2.7491412677416194, 4.140760715134358, 5.2874406303995505, 5.526956830842811, 4.11018724634292, 3.893235113629795, 5.123883837481096, 4.668869454161253, 5.700042257738095, 7.008096967080292, 6.921049640769816, 6.104532828972255, 1.0932552721116877, 1.0929564035221169, 2.8915516561182164, 2.896603612854199, 4.488988025156672, 4.9015368498053755, 4.492159635409231], [5.799255815188705, 5.4699918948751645, 5.027780690324509, 4.71159040027887, 5.571820812804375, 5.929618281137497, 6.5100106704981675, 7.4902554122005744, 2.966638963541064, 1.8124337891354814, 0.0, 1.8178446440771552, 2.73914716289578, 6.51768737360116, 6.421358517478992, 5.021898310400162, 4.957721296119821, 6.476894769872365, 5.877607341427292, 7.1860940030033005, 8.121985778121013, 8.217121216703573, 7.110011922634167, 2.4058202281134804, 2.4092034575767984, 2.411463078713833, 2.4115576812508546, 2.95473151572186, 3.7165847561975496, 2.954726239434036], [6.460452976378669, 6.431910843598502, 5.822255250330408, 5.736606070665824, 6.186777986965429, 7.17507175922304, 7.868481882803061, 8.98924747962809, 4.414518969264941, 2.7491412677416194, 1.8178446440771552, 0.0, 1.5180114788762307, 6.976089421015186, 7.168460195885864, 5.527141195048305, 6.156761202125677, 7.490851538376662, 7.304167988895108, 8.405031779237959, 9.657981176726326, 9.643191843990245, 8.706611727302418, 2.914573474798671, 2.8826710478304665, 1.0943722264385185, 1.0943929001962687, 2.1739773825870414, 2.1524765411032942, 2.17399517938748], [7.643289460042712, 7.713012073762105, 7.2362088423427915, 7.16372331542753, 7.676765075863662, 8.533112537638303, 9.174016878663348, 10.214984626518046, 5.654055687734248, 4.140760715134358, 2.73914716289578, 1.5180114788762307, 0.0, 8.213594337438392, 8.234009509953216, 6.654129390085528, 7.340326020688726, 8.787181374024323, 8.54121816955872, 9.7657791547833, 10.843671300809518, 10.916443943427732, 9.844267892535228, 4.341107841323456, 4.319957349326495, 2.150670579145026, 2.1505633192259186, 1.0953984526189546, 1.0950618749641499, 1.0953423437446395], [1.0950376934151624, 2.1596954854793764, 2.6346274897981306, 4.256257099847235, 5.323885488062267, 4.7188446954736705, 6.136266608451755, 6.731486660463645, 5.248434949582589, 5.2874406303995505, 6.51768737360116, 6.976089421015186, 8.213594337438392, 0.0, 1.7799881207468773, 1.7595764547185777, 3.0629632270074674, 2.5003957606746976, 6.634124787792282, 6.5699920471793565, 7.81472898442422, 6.521089885134232, 6.573594607214534, 4.381928711195561, 5.869028769736948, 6.24616761702726, 7.370576990304084, 8.112485012004644, 8.687349366176084, 9.006913638422432], [1.0935285455807728, 2.1619001734585246, 3.338669917796607, 4.746062390023966, 6.272615421018573, 4.914025218698008, 6.252685431076794, 6.541319439532058, 5.221853185412244, 5.526956830842811, 6.421358517478992, 7.168460195885864, 8.234009509953216, 1.7799881207468773, 0.0, 1.7800061039221189, 2.4933877797085637, 2.5019847701375, 6.682393727550031, 6.92598620053491, 7.622983390379386, 6.383394211546079, 6.10874475567608, 4.7493543392760245, 6.353683452140184, 6.528951144709232, 7.767190680033548, 7.929710708468501, 8.843386074349576, 8.976851611784612], [1.0950794537384037, 2.1583685713983143, 2.644722766189303, 4.048648379397746, 5.38050416318025, 4.797584433858356, 6.154315803564194, 6.812870421489021, 4.303551228927105, 4.11018724634292, 5.021898310400162, 5.527141195048305, 6.654129390085528, 1.7595764547185777, 1.7800061039221189, 0.0, 2.5017398525825985, 3.0639542914345177, 6.379130729182465, 6.7787725599845885, 7.863673745775572, 6.866865081680285, 6.466105184730604, 3.184785112060153, 4.8911125380632985, 4.822852361414353, 6.088092536254685, 6.455882344807719, 7.195991537654836, 7.448803438808142], [2.1487938151437422, 1.09364278445935, 2.0762250022577033, 2.7540928143401415, 4.624214478157345, 2.8221331878563065, 4.036239556815229, 4.450671204436472, 2.9854848869153567, 3.893235113629795, 4.957721296119821, 6.156761202125677, 7.340326020688726, 3.0629632270074674, 2.4933877797085637, 2.5017398525825985, 0.0, 1.7785802455891606, 4.290584029010503, 4.8654496801426275, 5.487115760579505, 4.606296130298181, 3.9898780971352994, 3.5334866888103598, 4.718213232782087, 5.860133100024265, 6.626265438389863, 7.206872998742243, 8.136506103973622, 7.842525997406702], [2.151236581596734, 1.09432241592686, 2.05194839360058, 3.0425075283390837, 4.543737850052531, 2.676238244252555, 4.001256303962544, 4.321206833744481, 4.239589968381376, 5.123883837481096, 6.476894769872365, 7.490851538376662, 8.787181374024323, 2.5003957606746976, 2.5019847701375, 3.0639542914345177, 1.7785802455891606, 0.0, 4.657739148986341, 4.557998738481616, 5.413239826573363, 4.065646847673811, 4.163910087886144, 4.644040735178795, 5.725361705604285, 7.083222736862084, 7.824210399139328, 8.732836104611147, 9.488249084525552, 9.34390721968064], [6.107286078938827, 4.630509040051645, 4.184204274411086, 2.7358965258211065, 3.544241088018703, 2.0747844369958055, 1.0939734320357146, 2.1498777314070674, 3.0497099435847996, 4.668869454161253, 5.877607341427292, 7.304167988895108, 8.54121816955872, 6.634124787792282, 6.682393727550031, 6.379130729182465, 4.290584029010503, 4.657739148986341, 0.0, 1.7795299379330485, 2.4949964929835073, 3.0637326433616887, 2.502641508486583, 5.197081878323642, 4.778622671858493, 7.55937807759342, 7.256293809514608, 8.822854357292771, 9.41112287296261, 8.564431591763693], [6.304760538672346, 4.835616470523691, 4.274986012842615, 3.040385205857968, 3.253601864088475, 2.05445050074223, 1.0941535312742907, 2.1498826154001986, 4.300383571264312, 5.700042257738095, 7.1860940030033005, 8.405031779237959, 9.7657791547833, 6.5699920471793565, 6.92598620053491, 6.7787725599845885, 4.8654496801426275, 4.557998738481616, 1.7795299379330485, 0.0, 2.500145535763868, 2.498781388997445, 3.0631208725742445, 6.007835298175209, 5.66894467074781, 8.512722528075258, 8.262032663334127, 10.101069143907491, 10.540097905143007, 9.890566135970175], [7.315887509386678, 5.8237812398818685, 5.809187258988989, 4.736729874079796, 5.572084079588175, 3.3388458874287688, 2.161898593829045, 1.0935187058299467, 5.273343064887777, 7.008096967080292, 8.121985778121013, 9.657981176726326, 10.843671300809518, 7.81472898442422, 7.622983390379386, 7.863673745775572, 5.487115760579505, 5.413239826573363, 2.4949964929835073, 2.500145535763868, 0.0, 1.779910236500707, 1.7800411062669315, 7.418660707297511, 7.232988581492439, 9.864566744667503, 9.697712849430014, 11.00903179621169, 11.760920230577199, 10.859618376812328], [6.141900329702525, 4.722856785887117, 4.896837017912684, 4.255058517811476, 5.251858476768009, 2.6352823397123877, 2.1596387197862517, 1.0949805340735517, 5.283161580909674, 6.921049640769816, 8.217121216703573, 9.643191843990245, 10.916443943427732, 6.521089885134232, 6.383394211546079, 6.866865081680285, 4.606296130298181, 4.065646847673811, 3.0637326433616887, 2.498781388997445, 1.779910236500707, 0.0, 1.75950755326597, 7.068893940355875, 7.242369017800736, 9.65057472433637, 9.754613783230988, 11.017921928385588, 11.780817590473083, 11.109050345551594], [5.929546658050682, 4.503506266233011, 4.809546162581247, 4.039461617592127, 5.431761137053065, 2.643948369389993, 2.15869624310601, 1.0950938133329033, 4.333488375431507, 6.104532828972255, 7.110011922634167, 8.706611727302418, 9.844267892535228, 6.573594607214534, 6.10874475567608, 6.466105184730604, 3.9898780971352994, 4.163910087886144, 2.502641508486583, 3.0631208725742445, 1.7800411062669315, 1.75950755326597, 0.0, 6.395241678779622, 6.573056692285561, 8.824618754371205, 8.924657085289047, 9.867546526366116, 10.789420164679843, 9.9569951134868], [3.881680435069327, 3.6196133550422207, 2.9081020924307315, 3.0571618750076026, 3.8923027657159452, 4.512597479279534, 5.469752142464959, 6.592097782193465, 2.3970610025612618, 1.0932552721116877, 2.4058202281134804, 2.914573474798671, 4.341107841323456, 4.381928711195561, 4.7493543392760245, 3.184785112060153, 3.5334866888103598, 4.644040735178795, 5.197081878323642, 6.007835298175209, 7.418660707297511, 7.068893940355875, 6.395241678779622, 0.0, 1.7832452691651812, 2.630725202296887, 3.19203215209371, 4.58032070492886, 4.977703359984401, 4.924179840338896], [5.444284607733141, 4.84973181217271, 3.847012795663669, 3.224515126340703, 3.399170841543567, 4.7284693358422025, 5.296586971814962, 6.602935906095106, 2.396459158842479, 1.0929564035221169, 2.4092034575767984, 2.8826710478304665, 4.319957349326495, 5.869028769736948, 6.353683452140184, 4.8911125380632985, 4.718213232782087, 5.725361705604285, 4.778622671858493, 5.66894467074781, 7.232988581492439, 7.242369017800736, 6.573056692285561, 1.7832452691651812, 0.0, 3.1374302414555766, 2.6023853846039025, 4.901615938647173, 4.947031268346704, 4.577510254494249], [5.816731932107582, 6.006091132342233, 5.440317252697676, 5.651477435149149, 6.136899934820512, 7.123712567194159, 7.986990599093002, 9.102844341193581, 4.611677584133565, 2.8915516561182164, 2.411463078713833, 1.0943722264385185, 2.150670579145026, 6.24616761702726, 6.528951144709232, 4.822852361414353, 5.860133100024265, 7.083222736862084, 7.55937807759342, 8.512722528075258, 9.864566744667503, 9.65057472433637, 8.824618754371205, 2.630725202296887, 3.1374302414555766, 0.0, 1.7784698170056192, 2.5059072867925507, 2.481738304092517, 3.0729670759707144], [6.955417061542752, 6.8100399514246615, 5.994672366359984, 5.738064130872014, 5.844979421691748, 7.247359274246034, 7.849873088146075, 9.084810476284026, 4.595168570357348, 2.896603612854199, 2.4115576812508546, 1.0943929001962687, 2.1505633192259186, 7.370576990304084, 7.767190680033548, 6.088092536254685, 6.626265438389863, 7.824210399139328, 7.256293809514608, 8.262032663334127, 9.697712849430014, 9.754613783230988, 8.924657085289047, 3.19203215209371, 2.6023853846039025, 1.7784698170056192, 0.0, 3.0729048504631575, 2.481628215506908, 2.5058618277949805], [7.468632268360788, 7.651972119656476, 7.373089334871781, 7.440909391331143, 8.191439899065365, 8.715409608847997, 9.418078582173756, 10.34184171073992, 5.857541136859391, 4.488988025156672, 2.95473151572186, 2.1739773825870414, 1.0953984526189546, 8.112485012004644, 7.929710708468501, 6.455882344807719, 7.206872998742243, 8.732836104611147, 8.822854357292771, 10.101069143907491, 11.00903179621169, 11.017921928385588, 9.867546526366116, 4.58032070492886, 4.901615938647173, 2.5059072867925507, 3.0729048504631575, 0.0, 1.7671348844952384, 1.7787639697272934], [8.22138107497761, 8.406789152821665, 7.863793225918393, 7.877569270403149, 8.219826718368218, 9.323516285715385, 10.010555156433632, 11.113474550742446, 6.535168566303397, 4.9015368498053755, 3.7165847561975496, 2.1524765411032942, 1.0950618749641499, 8.687349366176084, 8.843386074349576, 7.195991537654836, 8.136506103973622, 9.488249084525552, 9.41112287296261, 10.540097905143007, 11.760920230577199, 11.780817590473083, 10.789420164679843, 4.977703359984401, 4.947031268346704, 2.481738304092517, 2.481628215506908, 1.7671348844952384, 0.0, 1.7671644801772128], [8.386002285952467, 8.297970733860177, 7.791093687024948, 7.506792956382904, 7.974958473873077, 8.816664005733688, 9.301938035699873, 10.325839456915839, 5.844438406724807, 4.492159635409231, 2.954726239434036, 2.17399517938748, 1.0953423437446395, 9.006913638422432, 8.976851611784612, 7.448803438808142, 7.842525997406702, 9.34390721968064, 8.564431591763693, 9.890566135970175, 10.859618376812328, 11.109050345551594, 9.9569951134868, 4.924179840338896, 4.577510254494249, 3.0729670759707144, 2.5058618277949805, 1.7787639697272934, 1.7671644801772128, 0.0]]}