{"total energy": -65.28911644, "HOMO-LUMO gap/eV": 4.16066742, "electronic energy": -66.10153439, "dipole": [-0.0457647, 2.08397685, 0.37013425], "partial charges": [-0.10253572, -0.05430981, -0.06273599, 0.08441455, -0.32242462, 0.15569616, -0.10432617, 0.26643326, -0.40389158, 0.00587876, -0.16627376, 0.04123651, 0.0002228, -0.05515439, -0.0970749, -0.04133128, -0.03420304, -0.03990696, 0.00422237, -0.05372612, -0.09410579, 0.03679219, 0.0362003, 0.03815514, 0.0309673, 0.03418424, 0.05301388, 0.04673702, 0.02874242, 0.01731834, 0.05156296, 0.02914912, 0.08453664, 0.07319914, 0.03375921, 0.04154303, 0.03780561, 0.0390843, 0.04121326, 0.04069479, 0.03901078, 0.04216448, 0.03593003, 0.04471351, 0.0389864, 0.04519443, 0.03323717], "atomic dipole moments": [[-0.05383118, 0.00024559, -0.09864714], [-0.06706649, -0.01788858, 0.09418649], [0.03698775, 0.01903841, -0.1347616], [-0.18862521, -0.03499361, 0.08686102], [0.09965488, 0.04568919, -0.258003], [-0.02307359, -0.03985563, 0.20022656], [0.06226161, 0.02650147, 0.02395193], [-0.02036589, 0.02929727, 0.00802584], [-0.1323708, 0.12720719, 0.0450619], [0.02361244, -0.14422693, -0.11037387], [0.17122382, 0.04897338, 0.04383419], [0.13598036, -0.1323001, -0.05357051], [0.03847446, -0.02707749, -0.06399279], [-0.07976515, -0.06116948, 0.04531422], [0.07607777, 0.0716389, 0.04521704], [0.01454399, -0.01484431, -0.00334708], [0.00151091, -0.00065185, -0.00141804], [0.01701219, -0.01440995, -0.00920271], [0.04858082, -0.05060326, 0.02874361], [0.0146037, 0.10892497, -0.01004497], [-0.06999813, -0.07442702, -0.0597293], [0.12204146, 0.02125117, -0.01717462], [-0.043913, 0.0903702, 0.07628839], [-0.01137401, -0.11117643, 0.0595066], [0.0212169, 0.10818494, -0.05496292], [0.05293712, -0.08600518, -0.07186951], [-0.02298238, -0.10821556, 0.06177176], [-0.05257287, 0.08275152, 0.07691762], [0.04220116, -0.08816302, -0.0693266], [0.00928891, 0.10506862, -0.05214998], [0.05328283, -0.0740049, -0.08317495], [0.00163284, 0.11252962, -0.0426819], [-0.00386099, -0.03436005, 0.13381781], [-0.1015741, 0.08377789, -0.02866389], [0.11769094, -0.03396297, -0.03426595], [-0.00563509, 0.10849025, -0.05895624], [-0.12044141, 0.03586684, 0.01778073], [0.01033459, -0.11856996, 0.04725654], [0.01744923, -0.00912647, -0.12499291], [-0.08091612, 0.08312955, -0.09752597], [-0.10403769, 0.10044506, 0.04321293], [-0.03488147, 0.02717551, 0.14501986], [-0.07988125, -0.05446316, 0.07577691], [0.06944042, -0.10229456, -0.03484741], [0.06503484, -0.06560329, 0.08617725], [0.08490156, 0.06307187, -0.07406724], [-0.0613393, 0.08788685, 0.06275384]], "atomic quadrupole moments": [[-0.02770847, 0.00380007, -0.13321645, 0.15081054, 0.00047255, 0.16092493], [0.17555827, 0.05931071, -0.22633292, 0.09689057, -0.01012095, 0.05077465], [0.17110614, 0.05618542, -0.25085102, 0.1311937, -0.00368979, 0.07974488], [0.41949973, 0.13470634, -0.34959744, 0.02300447, -0.02586351, -0.06990229], [0.10973353, 0.0431412, -0.16793137, 0.04338637, -0.02331857, 0.05819784], [0.22047546, 0.12981639, -0.31829688, 0.20022882, -0.05356123, 0.09782142], [0.07032724, -0.03916717, -0.05399738, -0.01588479, 0.00536054, -0.01632986], [-0.18233389, 0.01445372, -0.27777757, 0.19155939, -0.02542461, 0.46011146], [-0.08731236, -0.0190587, -0.08528124, 0.07945377, -0.01196156, 0.1725936], [-0.06561201, 0.17932357, 0.21453792, -0.00650793, 0.29631395, -0.14892591], [-0.21300475, 0.20678753, 0.28698176, 0.1239837, 0.37351197, -0.07397702], [0.22282874, 0.16067069, 0.18312925, -0.09066904, 0.10896731, -0.40595799], [0.05477483, 0.3860388, 0.04790965, -0.03349522, 0.05483979, -0.10268448], [-0.03866315, 0.10037183, -0.0569022, 0.04367206, 0.10863198, 0.09556535], [0.03799143, 0.15757011, 0.02494618, 0.09379072, 0.09451236, -0.06293761], [0.10413295, 0.38796144, 0.12180821, 0.01110795, 0.030352, -0.22594115], [0.11597173, 0.40794725, 0.1317678, 0.03151408, 0.01976029, -0.24773953], [0.11595247, 0.37882092, 0.13824591, 0.04261505, 0.00604237, -0.25419838], [0.09407538, 0.335121, 0.14537433, 0.10323745, -0.07596991, -0.23944971], [-0.02926705, 0.04151016, -0.01205805, 0.1636502, 0.01117266, 0.0413251], [0.01138367, 0.12003569, 0.01830653, 0.1171305, 0.12112608, -0.0296902], [0.07446171, 0.02252083, -0.05056078, -0.02003769, -0.00575175, -0.02390093], [-0.02156145, -0.04559841, 0.02086613, -0.0195149, 0.04585635, 0.00069532], [-0.04450527, 0.02270875, 0.05866782, 0.0007779, -0.04017404, -0.01416255], [-0.02266506, 0.00744511, 0.04264913, 0.00728379, -0.03294782, -0.01998407], [-0.01198203, -0.0232186, 0.0193808, -0.00732352, 0.04007116, -0.00739877], [-0.02724996, 0.00557139, 0.04923481, 0.00249865, -0.02771375, -0.02198485], [-0.01825439, -0.02550073, 0.02818929, -0.01127153, 0.03731905, -0.0099349], [0.00164763, -0.01778555, 0.01200625, -0.01566322, 0.03110393, -0.01365387], [-0.01229921, 0.0117002, 0.0347538, -0.00116798, -0.02741429, -0.02245459], [-0.00056648, -0.01198487, -0.00182375, -0.00056913, 0.03054418, 0.00239024], [-0.01750311, -0.00937261, 0.03559623, 0.02370351, -0.01927141, -0.01809312], [-0.03796527, 0.00893619, -0.00512832, 0.00897361, -0.01265843, 0.04309359], [0.0022204, -0.02648694, 0.03397755, 0.02637059, 0.00195009, -0.03619796], [0.04339117, -0.04056359, -0.01652852, 0.00744911, 0.01009487, -0.02686265], [-0.03718713, -0.02264568, 0.04671545, 0.0121393, -0.02163067, -0.00952832], [0.05810976, -0.03863844, -0.01461684, -0.02243265, 0.01825999, -0.04349291], [-0.02993889, -0.01388364, 0.04991246, 0.02021968, -0.04937177, -0.01997358], [-0.03279376, 0.01388174, -0.04161453, -0.02391587, 0.00480687, 0.07440829], [-0.02060608, -0.04701601, -0.02221278, -0.00790311, -0.00028896, 0.04281886], [-0.01844549, -0.04922465, -0.02146802, -0.00120206, -0.00640865, 0.03991352], [-0.01466329, -0.05232304, -0.01768386, 0.00450767, -0.01106019, 0.03234715], [0.02444479, 0.01692046, -0.03356799, -0.04023963, -0.0167792, 0.00912319], [0.00332052, -0.03281076, -0.00634392, -0.01632542, 0.03901422, 0.0030234], [-0.01881673, -0.02906464, 0.01309645, 0.04701637, -0.04150564, 0.00572028], [-0.00135161, 0.03519199, -0.02207009, -0.04737729, -0.02575835, 0.0234217], [0.01562868, -0.04461098, 0.01206007, -0.03153937, 0.04300599, -0.02768875]], "number of molecular orbitals": 115, "number of electrons": 118, "number of unpaired electrons": 0, "orbital energies/eV": [-28.51630335, -19.20191091, -19.11389534, -18.42031039, -18.06413725, -17.85722311, -17.45608647, -17.37944056, -17.24547218, -17.0390328, -16.9887047, -16.77699052, -16.61895689, -16.39389084, -16.15184472, -16.10716565, -15.80758481, -15.7450916, -15.48122071, -15.38235381, -15.29606327, -15.19844661, -15.11505377, -14.94254297, -14.81052659, -14.31964665, -14.29702377, -14.12949924, -14.04488381, -13.83874509, -13.81235015, -13.76187243, -13.65146795, -13.55431337, -13.49698824, -13.36801924, -13.34139611, -13.30051938, -13.19294808, -13.10262752, -12.79969909, -12.69378918, -12.58641697, -12.45398965, -12.38556437, -12.2297159, -12.16935559, -12.06210582, -11.95487052, -11.85801676, -11.7374497, -11.69057129, -11.52255234, -11.3167785, -11.18248298, -11.09048869, -10.96980844, -10.92337133, -10.80226604, -6.64159862, -6.49896684, -6.33651232, -4.26857522, -3.27013174, -0.84528425, 0.35067915, 0.52203122, 0.61184456, 0.78821922, 0.79902793, 1.32446451, 1.84086114, 2.13607061, 2.61589496, 2.67558112, 2.86702605, 2.92182468, 3.04657936, 3.36329189, 3.41370546, 3.45999608, 3.54086862, 3.73676101, 3.85830069, 3.95490322, 4.0896656, 4.23763654, 4.30484961, 4.33864501, 4.61428307, 4.7258975, 4.76443292, 4.79092798, 4.9193667, 4.99013961, 5.06649252, 5.28065832, 5.5702692, 5.99211175, 6.32133294, 6.60496863, 6.68409028, 6.76558693, 7.00622879, 7.06159112, 7.16441956, 8.04748081, 8.10438417, 9.68851508, 10.3982732, 11.37674896, 11.54259154, 14.79762946, 15.88437805, 16.30815663], "fractional occupation": [2.0, 2.0, 2.0, 2.0, 2.0, 2.0, 2.0, 2.0, 2.0, 2.0, 2.0, 2.0, 2.0, 2.0, 2.0, 2.0, 2.0, 2.0, 2.0, 2.0, 2.0, 2.0, 2.0, 2.0, 2.0, 2.0, 2.0, 2.0, 2.0, 2.0, 2.0, 2.0, 2.0, 2.0, 2.0, 2.0, 2.0, 2.0, 2.0, 2.0, 2.0, 2.0, 2.0, 2.0, 2.0, 2.0, 2.0, 2.0, 2.0, 2.0, 2.0, 2.0, 2.0, 2.0, 2.0, 2.0, 2.0, 2.0, 2.0, 0.0, 0.0, 0.0, 0.0, 0.0, 0.0, 0.0, 0.0, 0.0, 0.0, 0.0, 0.0, 0.0, 0.0, 0.0, 0.0, 0.0, 0.0, 0.0, 0.0, 0.0, 0.0, 0.0, 0.0, 0.0, 0.0, 0.0, 0.0, 0.0, 0.0, 0.0, 0.0, 0.0, 0.0, 0.0, 0.0, 0.0, 0.0, 0.0, 0.0, 0.0, 0.0, 0.0, 0.0, 0.0, 0.0, 0.0, 0.0, 0.0, 0.0, 0.0, 0.0, 0.0, 0.0, 0.0, 0.0], "program call": "xtb /home/svss/Project-DBcg-Debug/aqme2_20220329/End-to-End-workflows-final/example-3/QDESCP/mol_376_rdkit_conf_9/mol_376_rdkit_conf_9.xyz --pop --wbo --acc 0.2 --gfn 2 --chrg 0 --uhf 0 --etemp 300 --input /home/svss/Project-DBcg-Debug/aqme2_20220329/End-to-End-workflows-final/example-3/QDESCP/mol_376_rdkit_conf_9/mol_376_rdkit_conf_9_xtb.inp", "method": "GFN2-xTB", "xtb version": "6.3.3 (7355c4f)", "Dipole module/D": 5.381, "Total charge": 0, "Transition dipole module/D": NaN, "HOMO": -10.8023, "LUMO": -6.6416, "HOMO occupancy": 2.0, "LUMO occupancy": 0, "mulliken charges": [-0.08189, -0.04302, -0.05298, 0.19666, -0.46612, 0.32153, -0.27599, 0.46251, -0.53533, 0.02993, -0.11863, 0.1039, -0.01556, -0.03942, -0.07841, -0.04293, -0.02628, -0.04265, -0.00582, -0.03735, -0.07298, 0.02999, 0.028, 0.0303, 0.02102, 0.02458, 0.04147, 0.03282, 0.02125, 0.00818, 0.0483, 0.02023, 0.05721, 0.03519, 0.02895, 0.03174, 0.02988, 0.0321, 0.03575, 0.03423, 0.03417, 0.03553, 0.02625, 0.04392, 0.0323, 0.03535, 0.02214], "cm5 charges": [-0.23219, -0.15523, -0.16022, 0.11344, -0.56296, 0.30271, -0.52231, 0.55313, -0.57781, -0.06018, -0.12507, 0.16035, -0.02349, -0.14353, -0.22728, -0.09607, -0.08163, -0.09577, -0.01373, -0.1414, -0.22192, 0.08078, 0.0793, 0.08159, 0.0758, 0.07936, 0.09887, 0.0903, 0.08461, 0.07144, 0.12571, 0.094, 0.11532, 0.09662, 0.0887, 0.08708, 0.08159, 0.08545, 0.08661, 0.09057, 0.08955, 0.09204, 0.08165, 0.10746, 0.08335, 0.08958, 0.07384], "FUKUI+": [0.004, 0.002, 0.001, 0.006, -0.003, 0.015, -0.039, -0.049, -0.116, 0.019, -0.088, -0.037, -0.044, 0.012, 0.011, -0.026, -0.043, -0.03, -0.037, 0.01, 0.012, -0.011, -0.003, -0.004, -0.006, -0.006, -0.003, -0.001, -0.01, -0.01, -0.026, -0.023, -0.046, -0.031, -0.023, -0.035, -0.016, -0.004, -0.032, -0.06, -0.065, -0.061, -0.031, -0.015, -0.03, -0.013, -0.017], "FUKUI-": [0.011, 0.005, 0.006, 0.012, -0.034, 0.015, -0.026, -0.006, -0.07, 0.017, -0.141, -0.009, -0.021, 0.007, 0.007, -0.019, -0.019, -0.018, -0.018, 0.007, 0.008, -0.026, -0.027, -0.028, -0.038, -0.038, -0.031, -0.03, -0.035, -0.035, -0.026, -0.028, -0.035, -0.031, -0.014, -0.029, -0.016, -0.004, -0.026, -0.038, -0.04, -0.037, -0.035, -0.011, -0.022, -0.01, -0.021], "FUKUIrad": [0.007, 0.004, 0.004, 0.009, -0.018, 0.015, -0.033, -0.027, -0.093, 0.018, -0.115, -0.023, -0.033, 0.01, 0.009, -0.022, -0.031, -0.024, -0.027, 0.009, 0.01, -0.019, -0.015, -0.016, -0.022, -0.022, -0.017, -0.016, -0.022, -0.022, -0.026, -0.026, -0.041, -0.031, -0.019, -0.032, -0.016, -0.004, -0.029, -0.049, -0.053, -0.049, -0.033, -0.013, -0.026, -0.012, -0.019], "s proportion": [1.007, 1.027, 1.034, 0.996, 1.694, 0.974, 1.437, 1.01, 1.732, 1.051, 1.949, 1.05, 1.097, 1.026, 1.008, 1.062, 1.06, 1.063, 1.098, 1.025, 1.007, 0.97, 0.972, 0.97, 0.979, 0.975, 0.959, 0.967, 0.979, 0.992, 0.952, 0.98, 0.943, 0.965, 0.971, 0.968, 0.97, 0.968, 0.964, 0.966, 0.966, 0.964, 0.974, 0.956, 0.968, 0.965, 0.978], "p proportion": [3.075, 3.016, 3.019, 2.807, 4.772, 2.704, 3.839, 2.528, 4.803, 2.919, 5.185, 2.846, 2.919, 3.014, 3.07, 2.981, 2.966, 2.979, 2.908, 3.012, 3.066, 0.0, 0.0, 0.0, 0.0, 0.0, 0.0, 0.0, 0.0, 0.0, 0.0, 0.0, 0.0, 0.0, 0.0, 0.0, 0.0, 0.0, 0.0, 0.0, 0.0, 0.0, 0.0, 0.0, 0.0, 0.0, 0.0], "d proportion": [0.0, 0.0, 0.0, 0.0, 0.0, 0.0, 0.0, 0.0, 0.0, 0.0, -0.015, 0.0, 0.0, 0.0, 0.0, 0.0, 0.0, 0.0, 0.0, 0.0, 0.0, 0.0, 0.0, 0.0, 0.0, 0.0, 0.0, 0.0, 0.0, 0.0, 0.0, 0.0, 0.0, 0.0, 0.0, 0.0, 0.0, 0.0, 0.0, 0.0, 0.0, 0.0, 0.0, 0.0, 0.0, 0.0, 0.0], "Fermi-level/eV": -8.7219, "Coordination numbers": [3.75, 3.801, 3.801, 3.703, 1.698, 3.65, 2.734, 2.783, 0.857, 3.713, 0.918, 2.907, 2.96, 3.804, 3.75, 2.915, 2.906, 2.915, 2.958, 3.804, 3.75, 0.924, 0.924, 0.924, 0.924, 0.924, 0.924, 0.924, 0.924, 0.924, 0.924, 0.924, 0.924, 0.925, 0.924, 0.924, 0.924, 0.924, 0.924, 0.925, 0.925, 0.925, 0.924, 0.924, 0.924, 0.924, 0.924], "Dispersion coefficient C6": [22.522, 21.55, 21.705, 19.322, 19.39, 18.373, 23.287, 22.506, 21.759, 20.608, 104.35, 27.075, 28.022, 21.562, 22.417, 29.027, 28.851, 28.992, 27.928, 21.536, 22.361, 2.492, 2.5, 2.474, 2.573, 2.528, 2.283, 2.361, 2.605, 2.775, 2.301, 2.599, 1.933, 2.051, 2.534, 2.429, 2.478, 2.461, 2.433, 2.44, 2.462, 2.42, 2.504, 2.387, 2.462, 2.381, 2.541], "Total dispersion C6": 21636.244617, "Total dispersion C8": 509589.598504, "Polarizability alpha": [6.768, 6.609, 6.633, 6.285, 5.945, 6.157, 7.167, 7.771, 6.254, 6.486, 15.628, 8.532, 8.683, 6.611, 6.752, 8.835, 8.807, 8.829, 8.668, 6.607, 6.744, 2.469, 2.473, 2.46, 2.508, 2.486, 2.363, 2.403, 2.524, 2.605, 2.372, 2.521, 2.174, 2.239, 2.489, 2.437, 2.462, 2.453, 2.439, 2.443, 2.454, 2.433, 2.475, 2.416, 2.454, 2.413, 2.493], "Total polarizability alpha": 224.230266, "Wiberg matrix": [[0.0, 1.0204347020694438, 0.0, 0.0, 0.0, 0.0, 0.0, 0.0, 0.0, 0.0, 0.0, 0.0, 0.0, 0.0, 0.0, 0.0, 0.0, 0.0, 0.0, 0.0, 0.0, 0.9869481500162275, 0.9874520706680938, 0.9873291438362406, 0.0, 0.0, 0.0, 0.0, 0.0, 0.0, 0.0, 0.0, 0.0, 0.0, 0.0, 0.0, 0.0, 0.0, 0.0, 0.0, 0.0, 0.0, 0.0, 0.0, 0.0, 0.0, 0.0], [1.0204347020694438, 0.0, 1.0070970062820064, 0.0, 0.0, 0.0, 0.0, 0.0, 0.0, 0.0, 0.0, 0.0, 0.0, 0.0, 0.0, 0.0, 0.0, 0.0, 0.0, 0.0, 0.0, 0.0, 0.0, 0.0, 0.9776681950750767, 0.9774758517304117, 0.0, 0.0, 0.0, 0.0, 0.0, 0.0, 0.0, 0.0, 0.0, 0.0, 0.0, 0.0, 0.0, 0.0, 0.0, 0.0, 0.0, 0.0, 0.0, 0.0, 0.0], [0.0, 1.0070970062820064, 0.0, 1.0023718959674093, 0.0, 0.0, 0.0, 0.0, 0.0, 0.0, 0.0, 0.0, 0.0, 0.0, 0.0, 0.0, 0.0, 0.0, 0.0, 0.0, 0.0, 0.0, 0.0, 0.0, 0.0, 0.0, 0.9747454751488746, 0.9744855563354602, 0.0, 0.0, 0.0, 0.0, 0.0, 0.0, 0.0, 0.0, 0.0, 0.0, 0.0, 0.0, 0.0, 0.0, 0.0, 0.0, 0.0, 0.0, 0.0], [0.0, 0.0, 1.0023718959674093, 0.0, 0.9679591068283143, 0.0, 0.0, 0.0, 0.0, 0.0, 0.0, 0.0, 0.0, 0.0, 0.0, 0.0, 0.0, 0.0, 0.0, 0.0, 0.0, 0.0, 0.0, 0.0, 0.0, 0.0, 0.0, 0.0, 0.968629941337517, 0.9699132963304414, 0.0, 0.0, 0.0, 0.0, 0.0, 0.0, 0.0, 0.0, 0.0, 0.0, 0.0, 0.0, 0.0, 0.0, 0.0, 0.0, 0.0], [0.0, 0.0, 0.0, 0.9679591068283143, 0.0, 0.976014316335668, 0.0, 0.0, 0.0, 0.0, 0.0, 0.0, 0.0, 0.0, 0.0, 0.0, 0.0, 0.0, 0.0, 0.0, 0.0, 0.0, 0.0, 0.0, 0.0, 0.0, 0.0, 0.0, 0.0, 0.0, 0.0, 0.0, 0.0, 0.0, 0.0, 0.0, 0.0, 0.0, 0.0, 0.0, 0.0, 0.0, 0.0, 0.0, 0.0, 0.0, 0.0], [0.0, 0.0, 0.0, 0.0, 0.976014316335668, 0.0, 0.9850299647409491, 0.0, 0.0, 0.0, 0.0, 0.0, 0.0, 0.0, 0.0, 0.0, 0.0, 0.0, 0.0, 0.0, 0.0, 0.0, 0.0, 0.0, 0.0, 0.0, 0.0, 0.0, 0.0, 0.0, 0.9585869532092492, 0.9614293848206743, 0.0, 0.0, 0.0, 0.0, 0.0, 0.0, 0.0, 0.0, 0.0, 0.0, 0.0, 0.0, 0.0, 0.0, 0.0], [0.0, 0.0, 0.0, 0.0, 0.0, 0.9850299647409491, 0.0, 1.1934847452106387, 0.1906752915245391, 0.0, 0.0, 0.991765777341182, 0.0, 0.0, 0.0, 0.0, 0.0, 0.0, 0.0, 0.0, 0.0, 0.0, 0.0, 0.0, 0.0, 0.0, 0.0, 0.0, 0.0, 0.0, 0.0, 0.0, 0.0, 0.0, 0.0, 0.0, 0.0, 0.0, 0.0, 0.0, 0.0, 0.0, 0.0, 0.0, 0.0, 0.0, 0.0], [0.0, 0.0, 0.0, 0.0, 0.0, 0.0, 1.1934847452106387, 0.0, 1.7129897141048793, 0.9712757426051493, 0.0, 0.0, 0.0, 0.0, 0.0, 0.0, 0.0, 0.0, 0.0, 0.0, 0.0, 0.0, 0.0, 0.0, 0.0, 0.0, 0.0, 0.0, 0.0, 0.0, 0.0, 0.0, 0.0, 0.0, 0.0, 0.0, 0.0, 0.0, 0.0, 0.0, 0.0, 0.0, 0.0, 0.0, 0.0, 0.0, 0.0], [0.0, 0.0, 0.0, 0.0, 0.0, 0.0, 0.1906752915245391, 1.7129897141048793, 0.0, 0.0, 0.0, 0.0, 0.0, 0.0, 0.0, 0.0, 0.0, 0.0, 0.0, 0.0, 0.0, 0.0, 0.0, 0.0, 0.0, 0.0, 0.0, 0.0, 0.0, 0.0, 0.0, 0.0, 0.0, 0.0, 0.0, 0.0, 0.0, 0.0, 0.0, 0.0, 0.0, 0.0, 0.0, 0.0, 0.0, 0.0, 0.0], [0.0, 0.0, 0.0, 0.0, 0.0, 0.0, 0.0, 0.9712757426051493, 0.0, 0.0, 0.964904997121334, 0.0, 0.0, 0.0, 0.0, 0.0, 0.0, 0.0, 0.0, 0.0, 0.0, 0.0, 0.0, 0.0, 0.0, 0.0, 0.0, 0.0, 0.0, 0.0, 0.0, 0.0, 0.9579764662511059, 0.9708112688444969, 0.0, 0.0, 0.0, 0.0, 0.0, 0.0, 0.0, 0.0, 0.0, 0.0, 0.0, 0.0, 0.0], [0.0, 0.0, 0.0, 0.0, 0.0, 0.0, 0.0, 0.0, 0.0, 0.964904997121334, 0.0, 0.0, 0.0, 0.0, 0.0, 0.0, 0.0, 0.0, 0.0, 0.0, 0.0, 0.0, 0.0, 0.0, 0.0, 0.0, 0.0, 0.0, 0.0, 0.0, 0.0, 0.0, 0.0, 0.0, 0.0, 0.0, 0.0, 0.0, 0.0, 0.0, 0.0, 0.0, 0.0, 0.0, 0.0, 0.0, 0.0], [0.0, 0.0, 0.0, 0.0, 0.0, 0.0, 0.991765777341182, 0.0, 0.0, 0.0, 0.0, 0.0, 1.3717734475809813, 0.0, 0.0, 0.0, 0.0, 0.0, 1.3739732185594695, 0.0, 0.0, 0.0, 0.0, 0.0, 0.0, 0.0, 0.0, 0.0, 0.0, 0.0, 0.0, 0.0, 0.0, 0.0, 0.0, 0.0, 0.0, 0.0, 0.0, 0.0, 0.0, 0.0, 0.0, 0.0, 0.0, 0.0, 0.0], [0.0, 0.0, 0.0, 0.0, 0.0, 0.0, 0.0, 0.0, 0.0, 0.0, 0.0, 1.3717734475809813, 0.0, 1.0103141350548168, 0.0, 1.412151108234637, 0.0, 0.10739839234315897, 0.0, 0.0, 0.0, 0.0, 0.0, 0.0, 0.0, 0.0, 0.0, 0.0, 0.0, 0.0, 0.0, 0.0, 0.0, 0.0, 0.0, 0.0, 0.0, 0.0, 0.0, 0.0, 0.0, 0.0, 0.0, 0.0, 0.0, 0.0, 0.0], [0.0, 0.0, 0.0, 0.0, 0.0, 0.0, 0.0, 0.0, 0.0, 0.0, 0.0, 0.0, 1.0103141350548168, 0.0, 1.0035841710198754, 0.0, 0.0, 0.0, 0.0, 0.0, 0.0, 0.0, 0.0, 0.0, 0.0, 0.0, 0.0, 0.0, 0.0, 0.0, 0.0, 0.0, 0.0, 0.0, 0.9722788459113907, 0.9711443409244372, 0.0, 0.0, 0.0, 0.0, 0.0, 0.0, 0.0, 0.0, 0.0, 0.0, 0.0], [0.0, 0.0, 0.0, 0.0, 0.0, 0.0, 0.0, 0.0, 0.0, 0.0, 0.0, 0.0, 0.0, 1.0035841710198754, 0.0, 0.0, 0.0, 0.0, 0.0, 0.0, 0.0, 0.0, 0.0, 0.0, 0.0, 0.0, 0.0, 0.0, 0.0, 0.0, 0.0, 0.0, 0.0, 0.0, 0.0, 0.0, 0.9872030116692119, 0.9859889664950149, 0.9850192519733418, 0.0, 0.0, 0.0, 0.0, 0.0, 0.0, 0.0, 0.0], [0.0, 0.0, 0.0, 0.0, 0.0, 0.0, 0.0, 0.0, 0.0, 0.0, 0.0, 0.0, 1.412151108234637, 0.0, 0.0, 0.0, 1.4398448732154512, 0.0, 0.10642743775670616, 0.0, 0.0, 0.0, 0.0, 0.0, 0.0, 0.0, 0.0, 0.0, 0.0, 0.0, 0.0, 0.0, 0.0, 0.0, 0.0, 0.0, 0.0, 0.0, 0.0, 0.9683617569785945, 0.0, 0.0, 0.0, 0.0, 0.0, 0.0, 0.0], [0.0, 0.0, 0.0, 0.0, 0.0, 0.0, 0.0, 0.0, 0.0, 0.0, 0.0, 0.0, 0.0, 0.0, 0.0, 1.4398448732154512, 0.0, 1.4443957937843792, 0.0, 0.0, 0.0, 0.0, 0.0, 0.0, 0.0, 0.0, 0.0, 0.0, 0.0, 0.0, 0.0, 0.0, 0.0, 0.0, 0.0, 0.0, 0.0, 0.0, 0.0, 0.0, 0.9700270895313384, 0.0, 0.0, 0.0, 0.0, 0.0, 0.0], [0.0, 0.0, 0.0, 0.0, 0.0, 0.0, 0.0, 0.0, 0.0, 0.0, 0.0, 0.0, 0.10739839234315897, 0.0, 0.0, 0.0, 1.4443957937843792, 0.0, 1.4072673486330296, 0.0, 0.0, 0.0, 0.0, 0.0, 0.0, 0.0, 0.0, 0.0, 0.0, 0.0, 0.0, 0.0, 0.0, 0.0, 0.0, 0.0, 0.0, 0.0, 0.0, 0.0, 0.0, 0.9679812710556956, 0.0, 0.0, 0.0, 0.0, 0.0], [0.0, 0.0, 0.0, 0.0, 0.0, 0.0, 0.0, 0.0, 0.0, 0.0, 0.0, 1.3739732185594695, 0.0, 0.0, 0.0, 0.10642743775670616, 0.0, 1.4072673486330296, 0.0, 1.0116013699506987, 0.0, 0.0, 0.0, 0.0, 0.0, 0.0, 0.0, 0.0, 0.0, 0.0, 0.0, 0.0, 0.0, 0.0, 0.0, 0.0, 0.0, 0.0, 0.0, 0.0, 0.0, 0.0, 0.0, 0.0, 0.0, 0.0, 0.0], [0.0, 0.0, 0.0, 0.0, 0.0, 0.0, 0.0, 0.0, 0.0, 0.0, 0.0, 0.0, 0.0, 0.0, 0.0, 0.0, 0.0, 0.0, 1.0116013699506987, 0.0, 1.0042714307637368, 0.0, 0.0, 0.0, 0.0, 0.0, 0.0, 0.0, 0.0, 0.0, 0.0, 0.0, 0.0, 0.0, 0.0, 0.0, 0.0, 0.0, 0.0, 0.0, 0.0, 0.0, 0.9665018251224962, 0.9733633335708414, 0.0, 0.0, 0.0], [0.0, 0.0, 0.0, 0.0, 0.0, 0.0, 0.0, 0.0, 0.0, 0.0, 0.0, 0.0, 0.0, 0.0, 0.0, 0.0, 0.0, 0.0, 0.0, 1.0042714307637368, 0.0, 0.0, 0.0, 0.0, 0.0, 0.0, 0.0, 0.0, 0.0, 0.0, 0.0, 0.0, 0.0, 0.0, 0.0, 0.0, 0.0, 0.0, 0.0, 0.0, 0.0, 0.0, 0.0, 0.0, 0.9856086049844395, 0.9853862596274159, 0.9869395992961312], [0.9869481500162275, 0.0, 0.0, 0.0, 0.0, 0.0, 0.0, 0.0, 0.0, 0.0, 0.0, 0.0, 0.0, 0.0, 0.0, 0.0, 0.0, 0.0, 0.0, 0.0, 0.0, 0.0, 0.0, 0.0, 0.0, 0.0, 0.0, 0.0, 0.0, 0.0, 0.0, 0.0, 0.0, 0.0, 0.0, 0.0, 0.0, 0.0, 0.0, 0.0, 0.0, 0.0, 0.0, 0.0, 0.0, 0.0, 0.0], [0.9874520706680938, 0.0, 0.0, 0.0, 0.0, 0.0, 0.0, 0.0, 0.0, 0.0, 0.0, 0.0, 0.0, 0.0, 0.0, 0.0, 0.0, 0.0, 0.0, 0.0, 0.0, 0.0, 0.0, 0.0, 0.0, 0.0, 0.0, 0.0, 0.0, 0.0, 0.0, 0.0, 0.0, 0.0, 0.0, 0.0, 0.0, 0.0, 0.0, 0.0, 0.0, 0.0, 0.0, 0.0, 0.0, 0.0, 0.0], [0.9873291438362406, 0.0, 0.0, 0.0, 0.0, 0.0, 0.0, 0.0, 0.0, 0.0, 0.0, 0.0, 0.0, 0.0, 0.0, 0.0, 0.0, 0.0, 0.0, 0.0, 0.0, 0.0, 0.0, 0.0, 0.0, 0.0, 0.0, 0.0, 0.0, 0.0, 0.0, 0.0, 0.0, 0.0, 0.0, 0.0, 0.0, 0.0, 0.0, 0.0, 0.0, 0.0, 0.0, 0.0, 0.0, 0.0, 0.0], [0.0, 0.9776681950750767, 0.0, 0.0, 0.0, 0.0, 0.0, 0.0, 0.0, 0.0, 0.0, 0.0, 0.0, 0.0, 0.0, 0.0, 0.0, 0.0, 0.0, 0.0, 0.0, 0.0, 0.0, 0.0, 0.0, 0.0, 0.0, 0.0, 0.0, 0.0, 0.0, 0.0, 0.0, 0.0, 0.0, 0.0, 0.0, 0.0, 0.0, 0.0, 0.0, 0.0, 0.0, 0.0, 0.0, 0.0, 0.0], [0.0, 0.9774758517304117, 0.0, 0.0, 0.0, 0.0, 0.0, 0.0, 0.0, 0.0, 0.0, 0.0, 0.0, 0.0, 0.0, 0.0, 0.0, 0.0, 0.0, 0.0, 0.0, 0.0, 0.0, 0.0, 0.0, 0.0, 0.0, 0.0, 0.0, 0.0, 0.0, 0.0, 0.0, 0.0, 0.0, 0.0, 0.0, 0.0, 0.0, 0.0, 0.0, 0.0, 0.0, 0.0, 0.0, 0.0, 0.0], [0.0, 0.0, 0.9747454751488746, 0.0, 0.0, 0.0, 0.0, 0.0, 0.0, 0.0, 0.0, 0.0, 0.0, 0.0, 0.0, 0.0, 0.0, 0.0, 0.0, 0.0, 0.0, 0.0, 0.0, 0.0, 0.0, 0.0, 0.0, 0.0, 0.0, 0.0, 0.0, 0.0, 0.0, 0.0, 0.0, 0.0, 0.0, 0.0, 0.0, 0.0, 0.0, 0.0, 0.0, 0.0, 0.0, 0.0, 0.0], [0.0, 0.0, 0.9744855563354602, 0.0, 0.0, 0.0, 0.0, 0.0, 0.0, 0.0, 0.0, 0.0, 0.0, 0.0, 0.0, 0.0, 0.0, 0.0, 0.0, 0.0, 0.0, 0.0, 0.0, 0.0, 0.0, 0.0, 0.0, 0.0, 0.0, 0.0, 0.0, 0.0, 0.0, 0.0, 0.0, 0.0, 0.0, 0.0, 0.0, 0.0, 0.0, 0.0, 0.0, 0.0, 0.0, 0.0, 0.0], [0.0, 0.0, 0.0, 0.968629941337517, 0.0, 0.0, 0.0, 0.0, 0.0, 0.0, 0.0, 0.0, 0.0, 0.0, 0.0, 0.0, 0.0, 0.0, 0.0, 0.0, 0.0, 0.0, 0.0, 0.0, 0.0, 0.0, 0.0, 0.0, 0.0, 0.0, 0.0, 0.0, 0.0, 0.0, 0.0, 0.0, 0.0, 0.0, 0.0, 0.0, 0.0, 0.0, 0.0, 0.0, 0.0, 0.0, 0.0], [0.0, 0.0, 0.0, 0.9699132963304414, 0.0, 0.0, 0.0, 0.0, 0.0, 0.0, 0.0, 0.0, 0.0, 0.0, 0.0, 0.0, 0.0, 0.0, 0.0, 0.0, 0.0, 0.0, 0.0, 0.0, 0.0, 0.0, 0.0, 0.0, 0.0, 0.0, 0.0, 0.0, 0.0, 0.0, 0.0, 0.0, 0.0, 0.0, 0.0, 0.0, 0.0, 0.0, 0.0, 0.0, 0.0, 0.0, 0.0], [0.0, 0.0, 0.0, 0.0, 0.0, 0.9585869532092492, 0.0, 0.0, 0.0, 0.0, 0.0, 0.0, 0.0, 0.0, 0.0, 0.0, 0.0, 0.0, 0.0, 0.0, 0.0, 0.0, 0.0, 0.0, 0.0, 0.0, 0.0, 0.0, 0.0, 0.0, 0.0, 0.0, 0.0, 0.0, 0.0, 0.0, 0.0, 0.0, 0.0, 0.0, 0.0, 0.0, 0.0, 0.0, 0.0, 0.0, 0.0], [0.0, 0.0, 0.0, 0.0, 0.0, 0.9614293848206743, 0.0, 0.0, 0.0, 0.0, 0.0, 0.0, 0.0, 0.0, 0.0, 0.0, 0.0, 0.0, 0.0, 0.0, 0.0, 0.0, 0.0, 0.0, 0.0, 0.0, 0.0, 0.0, 0.0, 0.0, 0.0, 0.0, 0.0, 0.0, 0.0, 0.0, 0.0, 0.0, 0.0, 0.0, 0.0, 0.0, 0.0, 0.0, 0.0, 0.0, 0.0], [0.0, 0.0, 0.0, 0.0, 0.0, 0.0, 0.0, 0.0, 0.0, 0.9579764662511059, 0.0, 0.0, 0.0, 0.0, 0.0, 0.0, 0.0, 0.0, 0.0, 0.0, 0.0, 0.0, 0.0, 0.0, 0.0, 0.0, 0.0, 0.0, 0.0, 0.0, 0.0, 0.0, 0.0, 0.0, 0.0, 0.0, 0.0, 0.0, 0.0, 0.0, 0.0, 0.0, 0.0, 0.0, 0.0, 0.0, 0.0], [0.0, 0.0, 0.0, 0.0, 0.0, 0.0, 0.0, 0.0, 0.0, 0.9708112688444969, 0.0, 0.0, 0.0, 0.0, 0.0, 0.0, 0.0, 0.0, 0.0, 0.0, 0.0, 0.0, 0.0, 0.0, 0.0, 0.0, 0.0, 0.0, 0.0, 0.0, 0.0, 0.0, 0.0, 0.0, 0.0, 0.0, 0.0, 0.0, 0.0, 0.0, 0.0, 0.0, 0.0, 0.0, 0.0, 0.0, 0.0], [0.0, 0.0, 0.0, 0.0, 0.0, 0.0, 0.0, 0.0, 0.0, 0.0, 0.0, 0.0, 0.0, 0.9722788459113907, 0.0, 0.0, 0.0, 0.0, 0.0, 0.0, 0.0, 0.0, 0.0, 0.0, 0.0, 0.0, 0.0, 0.0, 0.0, 0.0, 0.0, 0.0, 0.0, 0.0, 0.0, 0.0, 0.0, 0.0, 0.0, 0.0, 0.0, 0.0, 0.0, 0.0, 0.0, 0.0, 0.0], [0.0, 0.0, 0.0, 0.0, 0.0, 0.0, 0.0, 0.0, 0.0, 0.0, 0.0, 0.0, 0.0, 0.9711443409244372, 0.0, 0.0, 0.0, 0.0, 0.0, 0.0, 0.0, 0.0, 0.0, 0.0, 0.0, 0.0, 0.0, 0.0, 0.0, 0.0, 0.0, 0.0, 0.0, 0.0, 0.0, 0.0, 0.0, 0.0, 0.0, 0.0, 0.0, 0.0, 0.0, 0.0, 0.0, 0.0, 0.0], [0.0, 0.0, 0.0, 0.0, 0.0, 0.0, 0.0, 0.0, 0.0, 0.0, 0.0, 0.0, 0.0, 0.0, 0.9872030116692119, 0.0, 0.0, 0.0, 0.0, 0.0, 0.0, 0.0, 0.0, 0.0, 0.0, 0.0, 0.0, 0.0, 0.0, 0.0, 0.0, 0.0, 0.0, 0.0, 0.0, 0.0, 0.0, 0.0, 0.0, 0.0, 0.0, 0.0, 0.0, 0.0, 0.0, 0.0, 0.0], [0.0, 0.0, 0.0, 0.0, 0.0, 0.0, 0.0, 0.0, 0.0, 0.0, 0.0, 0.0, 0.0, 0.0, 0.9859889664950149, 0.0, 0.0, 0.0, 0.0, 0.0, 0.0, 0.0, 0.0, 0.0, 0.0, 0.0, 0.0, 0.0, 0.0, 0.0, 0.0, 0.0, 0.0, 0.0, 0.0, 0.0, 0.0, 0.0, 0.0, 0.0, 0.0, 0.0, 0.0, 0.0, 0.0, 0.0, 0.0], [0.0, 0.0, 0.0, 0.0, 0.0, 0.0, 0.0, 0.0, 0.0, 0.0, 0.0, 0.0, 0.0, 0.0, 0.9850192519733418, 0.0, 0.0, 0.0, 0.0, 0.0, 0.0, 0.0, 0.0, 0.0, 0.0, 0.0, 0.0, 0.0, 0.0, 0.0, 0.0, 0.0, 0.0, 0.0, 0.0, 0.0, 0.0, 0.0, 0.0, 0.0, 0.0, 0.0, 0.0, 0.0, 0.0, 0.0, 0.0], [0.0, 0.0, 0.0, 0.0, 0.0, 0.0, 0.0, 0.0, 0.0, 0.0, 0.0, 0.0, 0.0, 0.0, 0.0, 0.9683617569785945, 0.0, 0.0, 0.0, 0.0, 0.0, 0.0, 0.0, 0.0, 0.0, 0.0, 0.0, 0.0, 0.0, 0.0, 0.0, 0.0, 0.0, 0.0, 0.0, 0.0, 0.0, 0.0, 0.0, 0.0, 0.0, 0.0, 0.0, 0.0, 0.0, 0.0, 0.0], [0.0, 0.0, 0.0, 0.0, 0.0, 0.0, 0.0, 0.0, 0.0, 0.0, 0.0, 0.0, 0.0, 0.0, 0.0, 0.0, 0.9700270895313384, 0.0, 0.0, 0.0, 0.0, 0.0, 0.0, 0.0, 0.0, 0.0, 0.0, 0.0, 0.0, 0.0, 0.0, 0.0, 0.0, 0.0, 0.0, 0.0, 0.0, 0.0, 0.0, 0.0, 0.0, 0.0, 0.0, 0.0, 0.0, 0.0, 0.0], [0.0, 0.0, 0.0, 0.0, 0.0, 0.0, 0.0, 0.0, 0.0, 0.0, 0.0, 0.0, 0.0, 0.0, 0.0, 0.0, 0.0, 0.9679812710556956, 0.0, 0.0, 0.0, 0.0, 0.0, 0.0, 0.0, 0.0, 0.0, 0.0, 0.0, 0.0, 0.0, 0.0, 0.0, 0.0, 0.0, 0.0, 0.0, 0.0, 0.0, 0.0, 0.0, 0.0, 0.0, 0.0, 0.0, 0.0, 0.0], [0.0, 0.0, 0.0, 0.0, 0.0, 0.0, 0.0, 0.0, 0.0, 0.0, 0.0, 0.0, 0.0, 0.0, 0.0, 0.0, 0.0, 0.0, 0.0, 0.9665018251224962, 0.0, 0.0, 0.0, 0.0, 0.0, 0.0, 0.0, 0.0, 0.0, 0.0, 0.0, 0.0, 0.0, 0.0, 0.0, 0.0, 0.0, 0.0, 0.0, 0.0, 0.0, 0.0, 0.0, 0.0, 0.0, 0.0, 0.0], [0.0, 0.0, 0.0, 0.0, 0.0, 0.0, 0.0, 0.0, 0.0, 0.0, 0.0, 0.0, 0.0, 0.0, 0.0, 0.0, 0.0, 0.0, 0.0, 0.9733633335708414, 0.0, 0.0, 0.0, 0.0, 0.0, 0.0, 0.0, 0.0, 0.0, 0.0, 0.0, 0.0, 0.0, 0.0, 0.0, 0.0, 0.0, 0.0, 0.0, 0.0, 0.0, 0.0, 0.0, 0.0, 0.0, 0.0, 0.0], [0.0, 0.0, 0.0, 0.0, 0.0, 0.0, 0.0, 0.0, 0.0, 0.0, 0.0, 0.0, 0.0, 0.0, 0.0, 0.0, 0.0, 0.0, 0.0, 0.0, 0.9856086049844395, 0.0, 0.0, 0.0, 0.0, 0.0, 0.0, 0.0, 0.0, 0.0, 0.0, 0.0, 0.0, 0.0, 0.0, 0.0, 0.0, 0.0, 0.0, 0.0, 0.0, 0.0, 0.0, 0.0, 0.0, 0.0, 0.0], [0.0, 0.0, 0.0, 0.0, 0.0, 0.0, 0.0, 0.0, 0.0, 0.0, 0.0, 0.0, 0.0, 0.0, 0.0, 0.0, 0.0, 0.0, 0.0, 0.0, 0.9853862596274159, 0.0, 0.0, 0.0, 0.0, 0.0, 0.0, 0.0, 0.0, 0.0, 0.0, 0.0, 0.0, 0.0, 0.0, 0.0, 0.0, 0.0, 0.0, 0.0, 0.0, 0.0, 0.0, 0.0, 0.0, 0.0, 0.0], [0.0, 0.0, 0.0, 0.0, 0.0, 0.0, 0.0, 0.0, 0.0, 0.0, 0.0, 0.0, 0.0, 0.0, 0.0, 0.0, 0.0, 0.0, 0.0, 0.0, 0.9869395992961312, 0.0, 0.0, 0.0, 0.0, 0.0, 0.0, 0.0, 0.0, 0.0, 0.0, 0.0, 0.0, 0.0, 0.0, 0.0, 0.0, 0.0, 0.0, 0.0, 0.0, 0.0, 0.0, 0.0, 0.0, 0.0, 0.0]], "Born radii": [], "Atomic SASAs": [], "Solvent H bonds": [], "Total SASA": NaN, "Total FOD": 0.0, "FOD": [0.0, 0.0, 0.0, 0.0, 0.0, 0.0, 0.0, 0.0, 0.0, 0.0, 0.0, 0.0, 0.0, 0.0, 0.0, 0.0, 0.0, 0.0, 0.0, 0.0, 0.0, 0.0, 0.0, 0.0, 0.0, 0.0, 0.0, 0.0, 0.0, 0.0, 0.0, 0.0, 0.0, 0.0, 0.0, 0.0, 0.0, 0.0, 0.0, 0.0, 0.0, 0.0, 0.0, 0.0, 0.0, 0.0, 0.0], "FOD s proportion": [0.0, 0.0, 0.0, 0.0, 0.0, 0.0, 0.0, 0.0, 0.0, 0.0, 0.0, 0.0, 0.0, 0.0, 0.0, 0.0, 0.0, 0.0, 0.0, 0.0, 0.0, 0.0, 0.0, 0.0, 0.0, 0.0, 0.0, 0.0, 0.0, 0.0, 0.0, 0.0, 0.0, 0.0, 0.0, 0.0, 0.0, 0.0, 0.0, 0.0, 0.0, 0.0, 0.0, 0.0, 0.0, 0.0, 0.0], "FOD p proportion": [0.0, 0.0, 0.0, 0.0, 0.0, 0.0, 0.0, 0.0, 0.0, 0.0, 0.0, 0.0, 0.0, 0.0, 0.0, 0.0, 0.0, 0.0, 0.0, 0.0, 0.0, 0.0, 0.0, 0.0, 0.0, 0.0, 0.0, 0.0, 0.0, 0.0, 0.0, 0.0, 0.0, 0.0, 0.0, 0.0, 0.0, 0.0, 0.0, 0.0, 0.0, 0.0, 0.0, 0.0, 0.0, 0.0, 0.0], "FOD d proportion": [0.0, 0.0, 0.0, 0.0, 0.0, 0.0, 0.0, 0.0, 0.0, 0.0, 0.0, 0.0, 0.0, 0.0, 0.0, 0.0, 0.0, 0.0, 0.0, 0.0, 0.0, 0.0, 0.0, 0.0, 0.0, 0.0, 0.0, 0.0, 0.0, 0.0, 0.0, 0.0, 0.0, 0.0, 0.0, 0.0, 0.0, 0.0, 0.0, 0.0, 0.0, 0.0, 0.0, 0.0, 0.0, 0.0, 0.0], "coordinates": [["5.72470", "0.21930", "2.29450"], ["5.00750", "0.21670", "0.95410"], ["3.51250", "-0.03950", "1.12080"], ["2.78810", "-0.04170", "-0.22030"], ["1.40730", "-0.29520", "0.02070"], ["0.65450", "-0.28310", "-1.18760"], ["-0.69210", "-0.74670", "-0.89700"], ["-0.93260", "-2.12090", "-0.87070"], ["-0.04850", "-2.93440", "-1.15760"], ["-2.33130", "-2.57860", "-0.46560"], ["-2.79670", "-4.03620", "-1.37790"], ["-1.63040", "0.22490", "-0.46590"], ["-2.32620", "0.98020", "-1.44050"], ["-2.12850", "0.80050", "-2.93140"], ["-3.13550", "-0.16790", "-3.53440"], ["-3.29220", "1.90930", "-1.01940"], ["-3.56550", "2.09230", "0.33190"], ["-2.87300", "1.35350", "1.28630"], ["-1.89260", "0.41800", "0.91060"], ["-1.15370", "-0.30700", "2.01690"], ["-0.23640", "0.61780", "2.80800"], ["6.79390", "0.40450", "2.15200"], ["5.32870", "1.00170", "2.94980"], ["5.61140", "-0.74410", "2.80190"], ["5.16710", "1.18160", "0.45890"], ["5.44820", "-0.55460", "0.31180"], ["3.34500", "-0.99930", "1.62540"], ["3.06770", "0.72300", "1.77230"], ["3.19690", "-0.82470", "-0.86930"], ["2.90220", "0.92970", "-0.71500"], ["1.11650", "-0.94360", "-1.93060"], ["0.62880", "0.73600", "-1.59020"], ["-2.33420", "-2.82540", "0.59920"], ["-3.10030", "-1.83510", "-0.67350"], ["-1.11410", "0.46200", "-3.16180"], ["-2.22360", "1.77640", "-3.42470"], ["-4.16430", "0.16520", "-3.36200"], ["-3.03020", "-1.16940", "-3.10760"], ["-2.98240", "-0.24570", "-4.61550"], ["-3.84810", "2.49220", "-1.75160"], ["-4.31780", "2.81300", "0.64270"], ["-3.09750", "1.51720", "2.33900"], ["-1.89140", "-0.75750", "2.69310"], ["-0.56300", "-1.14240", "1.63280"], ["0.32670", "0.04440", "3.55120"], ["0.47900", "1.12660", "2.15450"], ["-0.80440", "1.38700", "3.34170"]], "bond_dist": [[0.0, 1.5202153663214961, 2.5176135465952676, 3.875043173953034, 4.906609771522492, 6.1712522400239, 7.2314694557883605, 7.7339944640528415, 7.429176020259582, 8.963566947370897, 10.208332869278902, 7.8560381573666, 8.907647535685278, 9.450956273838115, 10.612687835322399, 9.75410266605801, 9.678209741475952, 8.730596896547222, 7.7445413156622775, 6.904088644419335, 5.996432081663229, 1.0944377232168119, 1.0947071982955077, 1.0947288294367696, 2.1462447227657897, 2.146269496125778, 2.75602120093442, 2.754279493805958, 4.182025738801712, 4.18667704271538, 6.359191274053644, 6.428535586741354, 8.780097345132344, 9.53468449189589, 8.752102514253362, 9.91510372815131, 11.392595843792582, 10.38072473914996, 11.125552364264886, 10.638397410324547, 10.502739127484793, 8.917271864197032, 7.688823018512001, 6.4673986323714425, 5.545113966367148, 5.325425971694659, 6.71485650926362], [1.5202153663214961, 0.0, 1.5259267118705275, 2.524227065856002, 3.754293170491618, 4.877016293800955, 6.069608795466146, 6.6392060376222695, 6.320747115650175, 7.98042828549947, 9.188629933238143, 6.788091311259742, 7.752431689476535, 8.146191054106207, 9.30607320033536, 8.697391396275092, 8.797802975743434, 7.968999393273914, 6.9031727451947775, 6.274088855762246, 5.576406874502613, 2.159041039443206, 2.168458653052901, 2.1684549084544043, 1.0962331914332824, 1.0962068554793842, 2.166380839095472, 2.1653209854430364, 2.7726474496408664, 2.77966758803998, 4.980729984650845, 5.090790574164292, 7.954928366113677, 8.520292591220095, 7.380703994877454, 8.596241082007879, 10.136729586015404, 9.111712319317373, 9.750526136060556, 9.535217045248631, 9.684986512122771, 8.324678567968856, 7.181086815378297, 5.773929056543733, 5.355791663237098, 4.772440719380389, 6.391276669023178], [2.5176135465952676, 1.5259267118705275, 0.0, 1.5242406010863245, 2.3890310881191983, 3.6818766301982473, 4.717023408888279, 5.296905910057305, 5.1236972558885645, 6.566101751419939, 7.875475682141365, 5.38859394090889, 6.456815273027408, 6.996199385380608, 8.11685145853982, 7.394742698025403, 7.434044555287519, 6.537770988647431, 5.428498530901524, 4.758988747622755, 4.163284561497088, 3.4681544659948464, 2.779913826002526, 2.7799171894141015, 2.1603004374392, 2.1602646828571723, 1.0972207845278907, 1.0971351512006167, 2.162554140362733, 2.1637875057408014, 3.9836233218013977, 4.033193144395641, 6.497476914926286, 7.083277185738251, 6.324364993420288, 7.540683408683858, 8.89216824908301, 7.87165572544938, 8.667836070208066, 8.296904182283896, 8.347390846845498, 6.899233734988257, 5.6736043658330635, 4.253026294299155, 4.0078928391362965, 3.410344139526098, 5.059933267346517], [3.875043173953034, 2.524227065856002, 1.5242406010863245, 0.0, 1.4244128228852757, 2.3550355007939903, 3.614794590291404, 4.311577587148351, 4.1584304899805655, 5.718766480631991, 6.963193164777206, 4.433343791090422, 5.356233017709368, 5.677351460848623, 6.788830695340694, 6.435449471482158, 6.725110690538855, 6.021999652108924, 4.8372731357656455, 4.540180081230258, 4.330489740202602, 4.6768937736493434, 4.194385047894388, 4.195006733010091, 2.7599667624810262, 2.76085653919214, 2.152613262989894, 2.1525326966157796, 1.0960873322869853, 1.096067908480127, 2.5559335398245393, 2.6728299216373643, 5.8871489899611, 6.172108907010633, 4.912565600579803, 6.220193233332868, 7.63210012119862, 6.592482345065476, 7.256587992300513, 7.266682829186919, 7.706354254769242, 6.6045797035087705, 5.558595996292588, 3.9843934682709237, 4.504455063600924, 3.5123414896618463, 5.256908211106601], [4.906609771522492, 3.754293170491618, 2.3890310881191983, 1.4244128228852757, 0.0, 1.4236724131625225, 2.3352742665477217, 3.0988556694367033, 3.236220198008782, 4.407667547581147, 5.798687692918114, 3.1200809060022787, 4.207228642467628, 4.734694767353012, 5.769919682283281, 5.294046515662664, 5.525010545691293, 4.758247906530302, 3.491406057736625, 3.2471025053114664, 3.3621957081645317, 5.8350217943037705, 5.063492310648847, 5.06073526871343, 4.063133460766456, 4.059667520869165, 2.6125658250080512, 2.6194965088734135, 2.0676407835985438, 2.0679362925390135, 2.0766701447268896, 2.065050725769224, 4.553613569463268, 4.813695400625178, 4.130268278211477, 5.417171081847055, 6.5343212355989975, 5.499262930611701, 6.384846652817904, 6.207243769178072, 6.544047772594574, 5.380755680199576, 4.270464230034014, 2.6830386393043244, 3.7077560289209965, 2.726968751196097, 4.3301795263014204], [6.1712522400239, 4.877016293800955, 3.6818766301982473, 2.3550355007939903, 1.4236724131625225, 0.0, 1.4535146645287071, 2.448840717564129, 2.743082333798969, 3.834788897710016, 5.102230408360642, 2.449425014161487, 3.24722308904085, 3.45834012208169, 4.459242231590475, 4.517892195482314, 5.075411846343112, 4.608893253265908, 3.3736779425428267, 3.679535120093298, 4.191675438294334, 7.0226742968758, 6.373141724455844, 6.379615102809886, 5.021938579871323, 5.0300568883462935, 3.9578657998977174, 3.9492758146272844, 2.6188629612868253, 2.597381352439414, 1.0962450684039589, 1.0960438221166158, 4.311411743269251, 4.0953053427064505, 2.753286329098374, 4.18683845759542, 5.305640554164972, 4.248404615852873, 4.99789343423807, 5.319190995818819, 6.136741854600045, 5.4548594528181935, 4.665457604565709, 3.1898838380104064, 4.761400479900845, 3.631485474292855, 5.043032987201254], [7.2314694557883605, 6.069608795466146, 4.717023408888279, 3.614794590291404, 2.3352742665477217, 1.4535146645287071, 0.0, 1.3953342180280677, 2.2952482676172528, 2.4957844878915325, 3.9346430867360764, 1.4178366125897581, 2.43882321417523, 2.9318690557390177, 3.641578196331915, 3.7188489845649824, 4.222149188505778, 3.7328224897522255, 2.462751327276061, 2.982821459625098, 3.974487104017322, 8.164671361420496, 7.355596878568048, 7.308623688492929, 6.315617969763529, 6.261100856878126, 4.767020550616496, 4.839553349225525, 3.8898807552417334, 3.9701931250255322, 2.092398750238587, 2.1032599316299447, 3.042384022440297, 2.6521678020065016, 2.6016069514821027, 3.8859738998094158, 4.354762846585333, 3.2453257556060535, 4.395875036895385, 4.6022983790710486, 5.3092222283494594, 4.624163531926612, 3.785136079456061, 2.5638122669181533, 4.63144425530525, 3.7672775780396113, 4.746774133029715], [7.7339944640528415, 6.6392060376222695, 5.296905910057305, 4.311577587148351, 3.0988556694367033, 2.448840717564129, 1.3953342180280677, 0.0, 1.2352030885647916, 1.5264196637884355, 2.720385035247768, 2.4806381275792724, 3.4472618423902754, 3.7697797362710728, 3.9701731826206275, 4.672508522196615, 5.1116986814560965, 4.52650599469392, 3.2466356278461554, 3.417214096307107, 4.638750458905933, 8.672552259859838, 7.971871091531774, 7.629384313298157, 7.0626257510928605, 6.675792880250254, 5.07802752355676, 5.574550771138424, 4.328152798827694, 4.902661918794728, 2.590025889831992, 3.3342957007440113, 2.1497462222318244, 2.195334318503676, 3.4573767324374707, 4.835136429305796, 4.677254941736659, 3.210763089983439, 4.662786947738444, 5.527822054842214, 6.171979245752532, 5.312695898505767, 3.934314100322952, 2.7132229285482605, 5.082082269109779, 4.657328187920624, 5.483257372219546], [7.429176020259582, 6.320747115650175, 5.1236972558885645, 4.1584304899805655, 3.236220198008782, 2.743082333798969, 2.2952482676172528, 1.2352030885647916, 0.0, 2.411769781716323, 2.9690231676428525, 3.6002823486498943, 4.5378456187931295, 4.628417056618818, 4.778312410255319, 5.8311335621815426, 6.313130138053547, 5.686522124286514, 4.349338088721088, 4.266397549455513, 5.327233297876112, 8.301815652614794, 7.828020044046898, 7.246345447879227, 6.837909886068988, 6.16735723709921, 4.796409413300745, 5.627751878858911, 3.8815682578050845, 4.881986691911399, 2.4327019217322947, 3.7573546824860706, 2.8849006447363137, 3.279679334935048, 4.085076983362737, 5.66237044531705, 5.604168908946268, 3.9759602475376936, 5.271996709976212, 6.651149052607376, 7.382452799713657, 6.429568812914284, 4.79197918505496, 3.355935996111964, 5.584516265532764, 5.266876081701562, 6.284073779006737], [8.963566947370897, 7.98042828549947, 6.566101751419939, 5.718766480631991, 4.407667547581147, 3.834788897710016, 2.4957844878915325, 1.5264196637884355, 2.411769781716323, 0.0, 1.7814281377591408, 2.8897877344192597, 3.6899205221793054, 4.188032269455429, 3.9844379239737195, 4.622907057253044, 4.896586841872612, 4.338663724005353, 3.326559136705674, 3.565068662732879, 5.032100548478736, 9.950878876260127, 9.119161433487182, 8.782279304941287, 8.439182830701085, 8.075985822795877, 6.2519477908888526, 6.712522623425563, 5.813788277878719, 6.305544504640341, 4.0873921808409825, 4.584047374318899, 1.0930314222381716, 1.0896676832869732, 4.242206812497477, 5.266298235003407, 4.390610481470657, 3.074812164994799, 4.804999857440164, 5.4467872071524885, 5.851825501499511, 5.022790184747915, 3.672506352615336, 3.097230680785659, 5.484503189897878, 5.337716472425264, 5.70551840414173], [10.208332869278902, 9.188629933238143, 7.875475682141365, 6.963193164777206, 5.798687692918114, 5.102230408360642, 3.9346430867360764, 2.720385035247768, 2.9690231676428525, 1.7814281377591408, 0.0, 4.51098358454118, 5.038805212547912, 5.123818925371974, 4.441736437475776, 5.976873158265951, 6.408820619271537, 6.012707328649881, 5.088666495261799, 5.303871103260335, 6.76288480605725, 11.142693519073385, 10.494357953681588, 9.950115379230533, 9.696462319836034, 9.107963584687852, 7.480845633349214, 8.183210374907882, 6.818771676042541, 7.587954957035525, 5.018245339757712, 5.8781812136068075, 2.364078530844523, 2.3309211762734496, 5.1232065359499215, 6.18903486902441, 4.8434228114010445, 3.356326351831717, 4.988429462265654, 6.623073320596715, 7.301240319973038, 6.689250915461312, 5.30494889513556, 4.735800736939847, 7.120600447293754, 7.061342938138608, 7.46022665138265], [7.8560381573666, 6.788091311259742, 5.38859394090889, 4.433343791090422, 3.1200809060022787, 2.449425014161487, 1.4178366125897581, 2.4806381275792724, 3.6002823486498943, 2.8897877344192597, 4.51098358454118, 0.0, 1.4157898466933572, 2.580331222924685, 3.4402485520671324, 2.4300503801361817, 2.8050453846595778, 2.4265196393188333, 1.4144923824467914, 2.5834969208419816, 3.5799479912423307, 8.823518972609513, 7.7909882261494925, 8.003820655162132, 6.926509667935215, 7.163729161547077, 5.534149120686937, 5.227789825538131, 4.956532760912612, 4.593828099744265, 3.325086156778498, 2.5747346154506876, 3.306675451265213, 2.5391541445922496, 2.7551150447848816, 3.393160168633364, 3.848585260845861, 3.298801512670927, 4.38959548477989, 3.4222605204747345, 3.8922197175904656, 3.419047485777289, 3.318510473088792, 2.7227548071759973, 4.472126235919554, 3.4826896804050747, 4.065780388806065], [8.907647535685278, 7.752431689476535, 6.456815273027408, 5.356233017709368, 4.207228642467628, 3.24722308904085, 2.43882321417523, 3.4472618423902754, 4.5378456187931295, 3.6899205221793054, 5.038805212547912, 1.4157898466933572, 0.0, 1.5146485367899711, 2.5214117692277083, 1.4048871912007737, 2.4318784221255796, 2.8060259033016783, 2.4559619317082255, 3.871079287485597, 4.748510297977672, 9.819048362748807, 8.824550433308204, 9.163878109730616, 7.7329054830639175, 8.115877136206535, 6.743935979826618, 6.283501642396539, 5.838541518221824, 5.278737259989363, 3.9740895485632937, 2.9688497317984957, 4.317757687