{"total energy": -46.12560314, "HOMO-LUMO gap/eV": 3.57212288, "electronic energy": -46.75072535, "dipole": [1.72941406, 0.92855273, 0.0498561], "partial charges": [-0.09966881, -0.0515556, -0.0522847, -0.0518231, -0.05745736, 0.09346569, -0.11405334, -0.31510704, 0.22027583, -0.20412247, 0.0152806, -0.11425527, -0.16297563, 0.26555756, -0.46236941, 0.03042983, 0.03073369, 0.03442972, 0.02534842, 0.03325779, 0.02641547, 0.04316223, 0.03115064, 0.05323854, 0.05822617, 0.05512368, 0.04815565, 0.19097407, 0.047217, 0.03514656, 0.04722742, 0.05269535, 0.05482212, 0.1933387], "atomic dipole moments": [[0.06678952, -0.00369193, 0.07624216], [0.02839432, 0.03295705, -0.10385978], [-0.01998358, -0.02647053, 0.11265517], [0.01373025, 0.0346923, -0.10543208], [-0.06961933, -0.08488444, -0.00660373], [0.07642446, 0.07944474, -3.994e-05], [0.04517481, -0.07763539, -0.024274], [-0.0938997, -0.26982414, -0.04681846], [0.04019967, -0.11343985, -0.04602133], [0.00872452, -0.0779063, 0.1442533], [-0.06703445, 0.14170564, -0.04401201], [-0.10943942, -0.05531791, 0.04796096], [-0.01815597, 0.02601935, 0.00176686], [0.13056153, -0.01747365, -0.04832825], [0.06764503, 0.19578745, 0.03497642], [-0.00880289, 0.11618954, -0.04632193], [-0.11280807, -0.03306493, 0.04019482], [0.03156684, -0.07821159, -0.09433955], [-0.04002904, 0.07242932, 0.08986463], [-0.00152974, -0.11578034, 0.04555964], [-0.00260551, 0.11361025, -0.04830558], [0.03665057, -0.07515001, -0.09712266], [-0.03904187, 0.06287566, 0.0972525], [-0.00220991, -0.11545137, 0.05590168], [0.01615857, 0.10445084, -0.07679592], [0.04143021, 0.03039367, 0.12106734], [-0.12927181, -0.00741535, 0.00415674], [0.01562815, 0.12094263, 0.04452314], [-0.01053158, -0.10830881, -0.06110481], [0.01001003, -0.02315719, 0.11847132], [0.02820107, 0.10895325, 0.06056797], [0.10033165, -0.07945978, 0.01628972], [-0.00693425, 0.02928613, -0.12565744], [0.06872269, -0.09802473, -0.06171025]], "atomic quadrupole moments": [[0.04561465, -0.0045229, -0.1249067, 0.16991032, -0.0178961, 0.07929205], [0.19567357, 0.06888056, -0.21421008, 0.07885876, -0.04106657, 0.01853651], [0.20111865, 0.0733689, -0.21262942, 0.08122375, -0.05541725, 0.01151077], [0.17061719, 0.04294765, -0.16151208, 0.07497237, -0.00569684, -0.00910511], [-0.04609323, -0.09182478, -0.20750993, 0.11968858, -0.09829547, 0.25360316], [-0.06086966, -0.19188866, -0.30648795, 0.12677211, -0.11707154, 0.36735761], [-0.02006184, -0.08007637, 0.10228285, -0.06859189, 0.09489928, -0.08222102], [-0.01716031, -0.0439995, -0.1278683, 0.05739399, -0.06176046, 0.14502861], [-0.07889503, 0.0684519, -0.19572544, 0.17758015, -0.17515823, 0.27462047], [0.09787859, -0.06619515, -0.04016587, -0.01532292, -0.0400146, -0.05771272], [0.24379095, -0.11283927, 0.00644322, -0.0457439, -0.08858848, -0.25023417], [0.16122752, 0.13191348, -0.05854931, -0.11503019, -0.05635929, -0.10267821], [-0.0020345, 0.05033178, 0.00038705, 0.02687246, -0.027462, 0.00164744], [-0.10868713, 0.04913374, -0.21648032, 0.18561651, -0.2139075, 0.32516746], [-0.08404448, 0.00603416, -0.02890516, 0.08183517, -0.05592843, 0.11294964], [-0.04443906, 0.00552579, 0.07011158, 0.01100696, -0.03450765, -0.02567252], [0.05860457, 0.03220685, -0.04419443, -0.03518156, -0.01746243, -0.01441013], [-0.02441599, -0.03466829, 0.00368282, -0.02014655, 0.05296731, 0.02073317], [-0.01307095, -0.01536414, 0.00648009, -0.01146211, 0.04674662, 0.00659085], [-0.01879073, -0.00450213, 0.04861784, 0.00822865, -0.02361803, -0.0298271], [-0.02235954, -0.00171902, 0.05343186, 0.00516778, -0.02273692, -0.03107233], [-0.01158924, -0.01722085, 0.00918402, -0.01376841, 0.03965292, 0.00240522], [-0.01673629, -0.01762661, 0.02027231, -0.01345302, 0.05256203, -0.00353601], [-0.01944744, -0.00780828, 0.05346702, 0.00415691, -0.01496959, -0.03401958], [-0.02791542, 0.01706991, 0.02804194, -0.0307537, -0.05908052, -0.00012652], [-0.01934194, 0.0013639, -0.0421196, 0.04472269, 0.02118578, 0.06146153], [0.07372263, 0.03826201, -0.01804408, -0.0061902, 0.00602916, -0.05567855], [0.02622681, 0.02519202, 0.04025093, -0.00233439, 0.00542333, -0.06647774], [-0.01038233, 0.01644151, 0.01844176, 0.01091385, 0.03823944, -0.00805943], [-0.00436808, -0.0141509, -0.03462092, -0.00042169, -0.00685943, 0.038989], [-0.0391483, 0.01813038, 0.04049112, -0.00335379, 0.05554089, -0.00134282], [0.03014658, -0.05609484, 0.01594637, 0.01005435, -0.01873392, -0.04609295], [-0.03212814, 0.00776481, -0.0392654, 0.02077015, -0.02063634, 0.07139354], [0.01876345, -0.00721145, 0.01785022, -0.0265425, 0.02188165, -0.03661367]], "number of molecular orbitals": 79, "number of electrons": 84, "number of unpaired electrons": 0, "orbital energies/eV": [-18.98942807, -18.70959507, -18.30965385, -17.92692063, -17.71185535, -17.04270975, -16.81492489, -16.74633984, -16.57505437, -16.42906497, -16.07023647, -15.73186859, -15.70298907, -15.3684799, -15.20609914, -15.00221452, -14.88068651, -14.78287071, -14.61059885, -14.30368328, -13.74851208, -13.64298559, -13.56469518, -13.41539857, -13.27726569, -13.20286683, -13.19012004, -13.07651988, -12.81238211, -12.77669004, -12.50510755, -12.49311256, -12.22086483, -11.92475816, -11.66153837, -11.61112685, -11.49283828, -11.25327122, -11.17154309, -10.43785628, -10.3122288, -9.99969513, -6.42757225, -5.86395543, -3.09448266, -0.10310015, 0.67591316, 1.86214145, 2.15171999, 2.70957081, 2.9502394, 3.04366097, 3.34455173, 3.55923189, 3.75261526, 3.93653641, 3.95203686, 4.42534982, 4.47277008, 4.65638973, 4.79654549, 5.01800745, 5.25259653, 5.61275616, 5.66113264, 5.96212879, 6.01734834, 6.48066332, 6.69221641, 6.96803402, 7.16335259, 7.64638594, 8.36584347, 9.23692171, 10.08783698, 11.45361016, 13.10678275, 16.45489037, 19.13446682], "fractional occupation": [2.0, 2.0, 2.0, 2.0, 2.0, 2.0, 2.0, 2.0, 2.0, 2.0, 2.0, 2.0, 2.0, 2.0, 2.0, 2.0, 2.0, 2.0, 2.0, 2.0, 2.0, 2.0, 2.0, 2.0, 2.0, 2.0, 2.0, 2.0, 2.0, 2.0, 2.0, 2.0, 2.0, 2.0, 2.0, 2.0, 2.0, 2.0, 2.0, 2.0, 2.0, 2.0, 0.0, 0.0, 0.0, 0.0, 0.0, 0.0, 0.0, 0.0, 0.0, 0.0, 0.0, 0.0, 0.0, 0.0, 0.0, 0.0, 0.0, 0.0, 0.0, 0.0, 0.0, 0.0, 0.0, 0.0, 0.0, 0.0, 0.0, 0.0, 0.0, 0.0, 0.0, 0.0, 0.0, 0.0, 0.0, 0.0, 0.0], "program call": "xtb /home/svss/Project-DBcg-Debug/aqme2_20220329/End-to-End-workflows-final/example-3/QDESCP/mol_571_rdkit_conf_7/mol_571_rdkit_conf_7.xyz --pop --wbo --acc 0.2 --gfn 2 --chrg 0 --uhf 0 --etemp 300 --input /home/svss/Project-DBcg-Debug/aqme2_20220329/End-to-End-workflows-final/example-3/QDESCP/mol_571_rdkit_conf_7/mol_571_rdkit_conf_7_xtb.inp", "method": "GFN2-xTB", "xtb version": "6.3.3 (7355c4f)", "Dipole module/D": 4.991, "Total charge": 0, "Transition dipole module/D": NaN, "HOMO": -9.9997, "LUMO": -6.4276, "HOMO occupancy": 2.0, "LUMO occupancy": 0, "mulliken charges": [-0.08309, -0.03886, -0.04175, -0.02753, -0.1039, 0.17237, -0.0938, -0.43563, 0.41881, -0.36781, 0.09968, -0.09293, -0.30612, 0.46051, -0.57536, 0.02419, 0.02638, 0.02881, 0.01781, 0.02623, 0.01635, 0.03756, 0.01941, 0.04598, 0.04355, 0.04312, 0.03374, 0.22698, 0.02846, 0.02983, 0.03641, 0.03987, 0.0414, 0.24935], "cm5 charges": [-0.23344, -0.15139, -0.15068, -0.12973, -0.10136, 0.23217, -0.2311, -0.61568, 0.63273, -0.71604, 0.04893, -0.23771, -0.65268, 0.56253, -0.61895, 0.07548, 0.07716, 0.08011, 0.07253, 0.08099, 0.07218, 0.09475, 0.07606, 0.10519, 0.09822, 0.09653, 0.08708, 0.4262, 0.09466, 0.09484, 0.08973, 0.09106, 0.0948, 0.45482], "FUKUI+": [0.008, 0.004, 0.002, 0.016, -0.073, -0.083, 0.029, -0.06, -0.062, -0.049, 0.013, 0.013, -0.064, -0.027, -0.115, -0.009, -0.021, -0.009, -0.014, -0.013, -0.013, -0.01, -0.04, -0.04, -0.055, -0.06, -0.048, -0.043, -0.021, -0.028, -0.018, -0.029, -0.018, -0.063], "FUKUI-": [0.01, 0.003, -0.005, 0.006, -0.06, -0.029, 0.02, -0.075, -0.012, -0.073, 0.016, 0.013, -0.023, -0.009, -0.099, -0.034, -0.048, -0.032, -0.039, -0.039, -0.031, -0.03, -0.046, -0.044, -0.043, -0.05, -0.03, -0.04, -0.031, -0.046, -0.019, -0.028, -0.021, -0.034], "FUKUIrad": [0.009, 0.004, -0.002, 0.011, -0.067, -0.056, 0.024, -0.067, -0.037, -0.061, 0.014, 0.013, -0.043, -0.018, -0.107, -0.021, -0.034, -0.021, -0.026, -0.026, -0.022, -0.02, -0.043, -0.042, -0.049, -0.055, -0.039, -0.042, -0.026, -0.037, -0.018, -0.029, -0.019, -0.049], "s proportion": [1.007, 1.027, 1.033, 1.025, 1.093, 1.055, 1.01, 1.526, 0.96, 1.437, 1.002, 1.012, 1.421, 0.985, 1.728, 0.976, 0.974, 0.971, 0.982, 0.974, 0.984, 0.962, 0.981, 0.954, 0.956, 0.957, 0.966, 0.773, 0.972, 0.97, 0.964, 0.96, 0.959, 0.751], "p proportion": [3.076, 3.012, 3.009, 3.003, 3.011, 2.773, 3.084, 3.909, 2.621, 3.93, 2.899, 3.081, 3.885, 2.555, 4.848, 0.0, 0.0, 0.0, 0.0, 0.0, 0.0, 0.0, 0.0, 0.0, 0.0, 0.0, 0.0, 0.0, 0.0, 0.0, 0.0, 0.0, 0.0, 0.0], "d proportion": [0.0, 0.0, 0.0, 0.0, 0.0, 0.0, 0.0, 0.0, 0.0, 0.0, 0.0, 0.0, 0.0, 0.0, 0.0, 0.0, 0.0, 0.0, 0.0, 0.0, 0.0, 0.0, 0.0, 0.0, 0.0, 0.0, 0.0, 0.0, 0.0, 0.0, 0.0, 0.0, 0.0, 0.0], "Fermi-level/eV": -8.2136, "Coordination numbers": [3.75, 3.8, 3.802, 3.805, 2.953, 2.938, 3.757, 1.852, 2.809, 2.699, 3.736, 3.751, 2.701, 2.779, 0.859, 0.924, 0.924, 0.924, 0.924, 0.924, 0.924, 0.924, 0.924, 0.924, 0.924, 0.924, 0.924, 0.86, 0.924, 0.924, 0.924, 0.924, 0.924, 0.86], "Dispersion coefficient C6": [22.467, 21.5, 21.511, 21.501, 29.427, 25.924, 22.735, 29.019, 23.361, 25.437, 20.401, 22.749, 24.525, 22.521, 22.967, 2.58, 2.576, 2.524, 2.654, 2.541, 2.638, 2.407, 2.57, 2.28, 2.22, 2.257, 2.343, 1.153, 2.355, 2.515, 2.355, 2.287, 2.261, 1.141], "Total dispersion C6": 10288.633575, "Total dispersion C8": 227045.291631, "Polarizability alpha": [6.76, 6.602, 6.603, 6.601, 8.897, 8.35, 6.798, 7.984, 7.919, 7.491, 6.446, 6.802, 7.355, 7.773, 6.425, 2.512, 2.51, 2.485, 2.548, 2.493, 2.54, 2.426, 2.507, 2.361, 2.33, 2.349, 2.394, 1.682, 2.4, 2.48, 2.4, 2.365, 2.351, 1.673], "Total polarizability alpha": 153.612831, "Wiberg matrix": [[0.0, 1.0198415424118805, 0.0, 0.0, 0.0, 0.0, 0.0, 0.0, 0.0, 0.0, 0.0, 0.0, 0.0, 0.0, 0.0, 0.9877713881947873, 0.9872491494299585, 0.98758654456366, 0.0, 0.0, 0.0, 0.0, 0.0, 0.0, 0.0, 0.0, 0.0, 0.0, 0.0, 0.0, 0.0, 0.0, 0.0, 0.0], [1.0198415424118805, 0.0, 1.006566134332555, 0.0, 0.0, 0.0, 0.0, 0.0, 0.0, 0.0, 0.0, 0.0, 0.0, 0.0, 0.0, 0.0, 0.0, 0.0, 0.9781128176907715, 0.9778058509019687, 0.0, 0.0, 0.0, 0.0, 0.0, 0.0, 0.0, 0.0, 0.0, 0.0, 0.0, 0.0, 0.0, 0.0], [0.0, 1.006566134332555, 0.0, 0.9897128379586384, 0.0, 0.0, 0.0, 0.0, 0.0, 0.0, 0.0, 0.0, 0.0, 0.0, 0.0, 0.0, 0.0, 0.0, 0.0, 0.0, 0.9773756069028426, 0.9765478279091331, 0.0, 0.0, 0.0, 0.0, 0.0, 0.0, 0.0, 0.0, 0.0, 0.0, 0.0, 0.0], [0.0, 0.0, 0.9897128379586384, 0.0, 1.0130232568945543, 0.0, 0.0, 0.0, 0.0, 0.0, 0.0, 0.0, 0.0, 0.0, 0.0, 0.0, 0.0, 0.0, 0.0, 0.0, 0.0, 0.0, 0.9698561218198354, 0.9667961841452413, 0.0, 0.0, 0.0, 0.0, 0.0, 0.0, 0.0, 0.0, 0.0, 0.0], [0.0, 0.0, 0.0, 1.0130232568945543, 0.0, 1.6027075130972483, 0.0, 0.0, 0.0, 0.0, 0.0, 0.0, 0.0, 1.0798779569634138, 0.0, 0.0, 0.0, 0.0, 0.0, 0.0, 0.0, 0.0, 0.0, 0.0, 0.0, 0.0, 0.0, 0.0, 0.0, 0.0, 0.0, 0.0, 0.0, 0.0], [0.0, 0.0, 0.0, 0.0, 1.6027075130972483, 0.0, 1.0190850317587972, 1.1968999254924613, 0.0, 0.0, 0.0, 0.0, 0.0, 0.0, 0.0, 0.0, 0.0, 0.0, 0.0, 0.0, 0.0, 0.0, 0.0, 0.0, 0.0, 0.0, 0.0, 0.0, 0.0, 0.0, 0.0, 0.0, 0.0, 0.0], [0.0, 0.0, 0.0, 0.0, 0.0, 1.0190850317587972, 0.0, 0.0, 0.0, 0.0, 0.0, 0.0, 0.0, 0.0, 0.0, 0.0, 0.0, 0.0, 0.0, 0.0, 0.0, 0.0, 0.0, 0.0, 0.9738592252827174, 0.9664933413001581, 0.9810476840057908, 0.0, 0.0, 0.0, 0.0, 0.0, 0.0, 0.0], [0.0, 0.0, 0.0, 0.0, 0.0, 1.1968999254924613, 0.0, 0.0, 1.4921934659429434, 0.0, 0.0, 0.0, 0.0, 0.0, 0.0, 0.0, 0.0, 0.0, 0.0, 0.0, 0.0, 0.0, 0.0, 0.0, 0.0, 0.0, 0.0, 0.0, 0.0, 0.0, 0.0, 0.0, 0.0, 0.0], [0.0, 0.0, 0.0, 0.0, 0.0, 0.0, 0.0, 1.4921934659429434, 0.0, 1.178224876391784, 0.0, 0.0, 1.1639947001109003, 0.0, 0.0, 0.0, 0.0, 0.0, 0.0, 0.0, 0.0, 0.0, 0.0, 0.0, 0.0, 0.0, 0.0, 0.0, 0.0, 0.0, 0.0, 0.0, 0.0, 0.0], [0.0, 0.0, 0.0, 0.0, 0.0, 0.0, 0.0, 0.0, 1.178224876391784, 0.0, 0.9866504673374286, 0.0, 0.0, 0.0, 0.0, 0.0, 0.0, 0.0, 0.0, 0.0, 0.0, 0.0, 0.0, 0.0, 0.0, 0.0, 0.0, 0.930209717960437, 0.0, 0.0, 0.0, 0.0, 0.0, 0.0], [0.0, 0.0, 0.0, 0.0, 0.0, 0.0, 0.0, 0.0, 0.0, 0.9866504673374286, 0.0, 1.0195502046208178, 0.0, 0.0, 0.0, 0.0, 0.0, 0.0, 0.0, 0.0, 0.0, 0.0, 0.0, 0.0, 0.0, 0.0, 0.0, 0.0, 0.9687934908749707, 0.9683378270251225, 0.0, 0.0, 0.0, 0.0], [0.0, 0.0, 0.0, 0.0, 0.0, 0.0, 0.0, 0.0, 0.0, 0.0, 1.0195502046208178, 0.0, 0.0, 0.0, 0.0, 0.0, 0.0, 0.0, 0.0, 0.0, 0.0, 0.0, 0.0, 0.0, 0.0, 0.0, 0.0, 0.0, 0.0, 0.0, 0.9851073333298899, 0.9836698318436243, 0.9856248810261146, 0.0], [0.0, 0.0, 0.0, 0.0, 0.0, 0.0, 0.0, 0.0, 1.1639947001109003, 0.0, 0.0, 0.0, 0.0, 1.1260305854125978, 0.13841107532729094, 0.0, 0.0, 0.0, 0.0, 0.0, 0.0, 0.0, 0.0, 0.0, 0.0, 0.0, 0.0, 0.0, 0.0, 0.0, 0.0, 0.0, 0.0, 0.9213280558578107], [0.0, 0.0, 0.0, 0.0, 1.0798779569634138, 0.0, 0.0, 0.0, 0.0, 0.0, 0.0, 0.0, 1.1260305854125978, 0.0, 1.6382069150826055, 0.0, 0.0, 0.0, 0.0, 0.0, 0.0, 0.0, 0.0, 0.0, 0.0, 0.0, 0.0, 0.0, 0.0, 0.0, 0.0, 0.0, 0.0, 0.0], [0.0, 0.0, 0.0, 0.0, 0.0, 0.0, 0.0, 0.0, 0.0, 0.0, 0.0, 0.0, 0.13841107532729094, 1.6382069150826055, 0.0, 0.0, 0.0, 0.0, 0.0, 0.0, 0.0, 0.0, 0.0, 0.0, 0.0, 0.0, 0.0, 0.0, 0.0, 0.0, 0.0, 0.0, 0.0, 0.0], [0.9877713881947873, 0.0, 0.0, 0.0, 0.0, 0.0, 0.0, 0.0, 0.0, 0.0, 0.0, 0.0, 0.0, 0.0, 0.0, 0.0, 0.0, 0.0, 0.0, 0.0, 0.0, 0.0, 0.0, 0.0, 0.0, 0.0, 0.0, 0.0, 0.0, 0.0, 0.0, 0.0, 0.0, 0.0], [0.9872491494299585, 0.0, 0.0, 0.0, 0.0, 0.0, 0.0, 0.0, 0.0, 0.0, 0.0, 0.0, 0.0, 0.0, 0.0, 0.0, 0.0, 0.0, 0.0, 0.0, 0.0, 0.0, 0.0, 0.0, 0.0, 0.0, 0.0, 0.0, 0.0, 0.0, 0.0, 0.0, 0.0, 0.0], [0.98758654456366, 0.0, 0.0, 0.0, 0.0, 0.0, 0.0, 0.0, 0.0, 0.0, 0.0, 0.0, 0.0, 0.0, 0.0, 0.0, 0.0, 0.0, 0.0, 0.0, 0.0, 0.0, 0.0, 0.0, 0.0, 0.0, 0.0, 0.0, 0.0, 0.0, 0.0, 0.0, 0.0, 0.0], [0.0, 0.9781128176907715, 0.0, 0.0, 0.0, 0.0, 0.0, 0.0, 0.0, 0.0, 0.0, 0.0, 0.0, 0.0, 0.0, 0.0, 0.0, 0.0, 0.0, 0.0, 0.0, 0.0, 0.0, 0.0, 0.0, 0.0, 0.0, 0.0, 0.0, 0.0, 0.0, 0.0, 0.0, 0.0], [0.0, 0.9778058509019687, 0.0, 0.0, 0.0, 0.0, 0.0, 0.0, 0.0, 0.0, 0.0, 0.0, 0.0, 0.0, 0.0, 0.0, 0.0, 0.0, 0.0, 0.0, 0.0, 0.0, 0.0, 0.0, 0.0, 0.0, 0.0, 0.0, 0.0, 0.0, 0.0, 0.0, 0.0, 0.0], [0.0, 0.0, 0.9773756069028426, 0.0, 0.0, 0.0, 0.0, 0.0, 0.0, 0.0, 0.0, 0.0, 0.0, 0.0, 0.0, 0.0, 0.0, 0.0, 0.0, 0.0, 0.0, 0.0, 0.0, 0.0, 0.0, 0.0, 0.0, 0.0, 0.0, 0.0, 0.0, 0.0, 0.0, 0.0], [0.0, 0.0, 0.9765478279091331, 0.0, 0.0, 0.0, 0.0, 0.0, 0.0, 0.0, 0.0, 0.0, 0.0, 0.0, 0.0, 0.0, 0.0, 0.0, 0.0, 0.0, 0.0, 0.0, 0.0, 0.0, 0.0, 0.0, 0.0, 0.0, 0.0, 0.0, 0.0, 0.0, 0.0, 0.0], [0.0, 0.0, 0.0, 0.9698561218198354, 0.0, 0.0, 0.0, 0.0, 0.0, 0.0, 0.0, 0.0, 0.0, 0.0, 0.0, 0.0, 0.0, 0.0, 0.0, 0.0, 0.0, 0.0, 0.0, 0.0, 0.0, 0.0, 0.0, 0.0, 0.0, 0.0, 0.0, 0.0, 0.0, 0.0], [0.0, 0.0, 0.0, 0.9667961841452413, 0.0, 0.0, 0.0, 0.0, 0.0, 0.0, 0.0, 0.0, 0.0, 0.0, 0.0, 0.0, 0.0, 0.0, 0.0, 0.0, 0.0, 0.0, 0.0, 0.0, 0.0, 0.0, 0.0, 0.0, 0.0, 0.0, 0.0, 0.0, 0.0, 0.0], [0.0, 0.0, 0.0, 0.0, 0.0, 0.0, 0.9738592252827174, 0.0, 0.0, 0.0, 0.0, 0.0, 0.0, 0.0, 0.0, 0.0, 0.0, 0.0, 0.0, 0.0, 0.0, 0.0, 0.0, 0.0, 0.0, 0.0, 0.0, 0.0, 0.0, 0.0, 0.0, 0.0, 0.0, 0.0], [0.0, 0.0, 0.0, 0.0, 0.0, 0.0, 0.9664933413001581, 0.0, 0.0, 0.0, 0.0, 0.0, 0.0, 0.0, 0.0, 0.0, 0.0, 0.0, 0.0, 0.0, 0.0, 0.0, 0.0, 0.0, 0.0, 0.0, 0.0, 0.0, 0.0, 0.0, 0.0, 0.0, 0.0, 0.0], [0.0, 0.0, 0.0, 0.0, 0.0, 0.0, 0.9810476840057908, 0.0, 0.0, 0.0, 0.0, 0.0, 0.0, 0.0, 0.0, 0.0, 0.0, 0.0, 0.0, 0.0, 0.0, 0.0, 0.0, 0.0, 0.0, 0.0, 0.0, 0.0, 0.0, 0.0, 0.0, 0.0, 0.0, 0.0], [0.0, 0.0, 0.0, 0.0, 0.0, 0.0, 0.0, 0.0, 0.0, 0.930209717960437, 0.0, 0.0, 0.0, 0.0, 0.0, 0.0, 0.0, 0.0, 0.0, 0.0, 0.0, 0.0, 0.0, 0.0, 0.0, 0.0, 0.0, 0.0, 0.0, 0.0, 0.0, 0.0, 0.0, 0.0], [0.0, 0.0, 0.0, 0.0, 0.0, 0.0, 0.0, 0.0, 0.0, 0.0, 0.9687934908749707, 0.0, 0.0, 0.0, 0.0, 0.0, 0.0, 0.0, 0.0, 0.0, 0.0, 0.0, 0.0, 0.0, 0.0, 0.0, 0.0, 0.0, 0.0, 0.0, 0.0, 0.0, 0.0, 0.0], [0.0, 0.0, 0.0, 0.0, 0.0, 0.0, 0.0, 0.0, 0.0, 0.0, 0.9683378270251225, 0.0, 0.0, 0.0, 0.0, 0.0, 0.0, 0.0, 0.0, 0.0, 0.0, 0.0, 0.0, 0.0, 0.0, 0.0, 0.0, 0.0, 0.0, 0.0, 0.0, 0.0, 0.0, 0.0], [0.0, 0.0, 0.0, 0.0, 0.0, 0.0, 0.0, 0.0, 0.0, 0.0, 0.0, 0.9851073333298899, 0.0, 0.0, 0.0, 0.0, 0.0, 0.0, 0.0, 0.0, 0.0, 0.0, 0.0, 0.0, 0.0, 0.0, 0.0, 0.0, 0.0, 0.0, 0.0, 0.0, 0.0, 0.0], [0.0, 0.0, 0.0, 0.0, 0.0, 0.0, 0.0, 0.0, 0.0, 0.0, 0.0, 0.9836698318436243, 0.0, 0.0, 0.0, 0.0, 0.0, 0.0, 0.0, 0.0, 0.0, 0.0, 0.0, 0.0, 0.0, 0.0, 0.0, 0.0, 0.0, 0.0, 0.0, 0.0, 0.0, 0.0], [0.0, 0.0, 0.0, 0.0, 0.0, 0.0, 0.0, 0.0, 0.0, 0.0, 0.0, 0.9856248810261146, 0.0, 0.0, 0.0, 0.0, 0.0, 0.0, 0.0, 0.0, 0.0, 0.0, 0.0, 0.0, 0.0, 0.0, 0.0, 0.0, 0.0, 0.0, 0.0, 0.0, 0.0, 0.0], [0.0, 0.0, 0.0, 0.0, 0.0, 0.0, 0.0, 0.0, 0.0, 0.0, 0.0, 0.0, 0.9213280558578107, 0.0, 0.0, 0.0, 0.0, 0.0, 0.0, 0.0, 0.0, 0.0, 0.0, 0.0, 0.0, 0.0, 0.0, 0.0, 0.0, 0.0, 0.0, 0.0, 0.0, 0.0]], "Born radii": [], "Atomic SASAs": [], "Solvent H bonds": [], "Total SASA": NaN, "Total FOD": 0.0, "FOD": [0.0, 0.0, 0.0, 0.0, 0.0, 0.0, 0.0, 0.0, 0.0, 0.0, 0.0, 0.0, 0.0, 0.0, 0.0, 0.0, 0.0, 0.0, 0.0, 0.0, 0.0, 0.0, 0.0, 0.0, 0.0, 0.0, 0.0, 0.0, 0.0, 0.0, 0.0, 0.0, 0.0, 0.0], "FOD s proportion": [0.0, 0.0, 0.0, 0.0, 0.0, 0.0, 0.0, 0.0, 0.0, 0.0, 0.0, 0.0, 0.0, 0.0, 0.0, 0.0, 0.0, 0.0, 0.0, 0.0, 0.0, 0.0, 0.0, 0.0, 0.0, 0.0, 0.0, 0.0, 0.0, 0.0, 0.0, 0.0, 0.0, 0.0], "FOD p proportion": [0.0, 0.0, 0.0, 0.0, 0.0, 0.0, 0.0, 0.0, 0.0, 0.0, 0.0, 0.0, 0.0, 0.0, 0.0, 0.0, 0.0, 0.0, 0.0, 0.0, 0.0, 0.0, 0.0, 0.0, 0.0, 0.0, 0.0, 0.0, 0.0, 0.0, 0.0, 0.0, 0.0, 0.0], "FOD d proportion": [0.0, 0.0, 0.0, 0.0, 0.0, 0.0, 0.0, 0.0, 0.0, 0.0, 0.0, 0.0, 0.0, 0.0, 0.0, 0.0, 0.0, 0.0, 0.0, 0.0, 0.0, 0.0, 0.0, 0.0, 0.0, 0.0, 0.0, 0.0, 0.0, 0.0, 0.0, 0.0, 0.0, 0.0], "coordinates": [["-5.25270", "-0.79860", "-0.81990"], ["-4.25770", "-0.87150", "0.32720"], ["-2.85270", "-0.47080", "-0.12350"], ["-1.85570", "-0.54560", "1.03640"], ["-0.46740", "-0.15100", "0.60940"], ["0.10220", "1.06520", "0.72600"], ["-0.62630", "2.26850", "1.26820"], ["1.39470", "1.34810", "0.34380"], ["2.12520", "0.39250", "-0.13720"], ["3.40660", "0.67050", "-0.51420"], ["4.52120", "-0.23470", "-0.30880"], ["5.80320", "0.40190", "-0.81810"], ["1.65160", "-0.87230", "-0.28520"], ["0.37540", "-1.22470", "0.02690"], ["-0.04300", "-2.36180", "-0.16770"], ["-5.31440", "0.21780", "-1.22180"], ["-6.25020", "-1.08880", "-0.47550"], ["-4.96450", "-1.47280", "-1.63270"], ["-4.59200", "-0.21070", "1.13550"], ["-4.24360", "-1.89220", "0.72670"], ["-2.87630", "0.54880", "-0.52830"], ["-2.52990", "-1.13040", "-0.93870"], ["-2.19970", "0.08650", "1.86330"], ["-1.84220", "-1.56200", "1.45060"], ["-0.44700", "3.13880", "0.62670"], ["-0.26310", "2.50490", "2.27370"], ["-1.70990", "2.13570", "1.31610"], ["3.62120", "1.63370", "-0.26490"], ["4.35560", "-1.17490", "-0.84510"], ["4.62250", "-0.46370", "0.75770"], ["6.01950", "1.33320", "-0.28400"], ["6.64910", "-0.27770", "-0.67610"], ["5.72720", "0.63770", "-1.88490"], ["2.21300", "-1.57960", "-0.72470"]], "bond_dist": [[0.0, 1.520255840311097, 2.5204019123941324, 3.8793643409713408, 5.036008373702332, 5.876947444039295, 5.930500904645408, 7.0816979136362495, 7.504545749743952, 8.788355010466976, 9.803485483745055, 11.120887028470348, 6.925366002602318, 5.7073760223065735, 5.478132270217651, 1.0947143280326608, 1.094455869370712, 1.0946454768554064, 2.1460988001487724, 2.146209526118082, 2.747324931638047, 2.7455135257361234, 4.159780432907487, 4.167668420112137, 6.3789123532150835, 6.7364368452469, 5.071887649583732, 9.217928699008253, 9.615698914795534, 10.006025924911448, 11.484522318755795, 11.91406137679339, 11.124539842168755, 7.507043394706067], [1.520255840311097, 0.0, 1.5289591165233947, 2.5256245663201806, 3.868479181797415, 4.787334993501081, 4.892049361974999, 6.072604505481976, 6.523402162215663, 7.863028198474173, 8.824913339517844, 10.205634152760915, 5.940947810745353, 4.656237315687421, 4.497734561976729, 2.168545683171097, 2.159074530904388, 2.168487016331894, 1.0962490684146555, 1.096187734833774, 2.1581006232333095, 2.1575043128577978, 2.740936192252567, 2.7519916533303657, 5.540184187371391, 5.580839396542423, 4.063552619322161, 8.288767982034482, 8.698004123935558, 8.899976580306264, 10.528775207496835, 10.968933201091161, 10.33776083395239, 6.593774162799329], [2.5204019123941324, 1.5289591165233947, 0.0, 1.5313301570856626, 2.5157644047088352, 3.436914351565951, 3.7943972301275997, 4.644047077711422, 5.052223568885288, 6.3744841885442, 7.380005454605031, 8.72746694407948, 4.5250489091279436, 3.3183753524880215, 3.3870708185687524, 2.782157389509084, 3.471143075414784, 2.782334969050276, 2.1628447702042783, 2.1628270411662602, 1.097271233560782, 1.0971886984470811, 2.1643397445872496, 2.1655527008133513, 4.402204526143691, 4.615992470747758, 3.1894015504479833, 6.808839506112625, 7.278464965911424, 7.526963457464104, 9.055170296024256, 9.519813948287014, 8.828702408621552, 5.220363528529407], [3.8793643409713408, 2.5256245663201806, 1.5313301570856626, 0.0, 1.5051295791392842, 2.5542899620050967, 3.079661411584072, 3.825035242974893, 4.254989233828918, 5.6191690542285695, 6.524651366931416, 7.936981523854015, 3.7622483623493013, 2.541274143023535, 2.834487703271969, 4.200577637658897, 4.678946259575975, 4.2010037003078216, 2.7584989595792853, 2.7588606452664477, 2.165091640092862, 2.1673847581820813, 1.0961979839426819, 1.0976396722057744, 3.9657399233938673, 3.6568888826432775, 2.6997887732191197, 6.036486046534026, 6.520453084717349, 6.4847094414476265, 8.203177472175035, 8.679634191600472, 8.211855149112166, 4.552466243696926], [5.036008373702332, 3.868479181797415, 2.5157644047088352, 1.5051295791392842, 0.0, 1.3480289907861773, 2.512617539539195, 2.405256863621846, 2.7521588925786973, 4.116456632833632, 5.073088496172721, 6.454756309884982, 2.4105484541904563, 1.4840652883212382, 2.3815197689710663, 5.19448899122907, 5.957957090312082, 5.195967288195722, 4.158445678375515, 4.15995470768613, 2.754429258485322, 2.758576484348404, 2.151635366413185, 2.142104918065406, 3.2899087358162378, 3.140929446835761, 2.6967068861854453, 4.546009738220982, 5.14055157157284, 5.10165229999066, 6.714230023614025, 7.232781995193826, 6.724332631570213, 3.3174184134655067], [5.876947444039295, 4.787334993501081, 3.436914351565951, 2.5542899620050967, 1.3480289907861773, 0.0, 1.5075224641775657, 1.3771947937746498, 2.3000366366647294, 3.551470609479966, 4.721028706754494, 5.943535370467648, 2.6790057950665207, 2.409776143130311, 3.544589077735246, 5.818209961835341, 6.814418831419155, 6.138107084435722, 4.881713295555157, 5.25663322764676, 3.2728274778851394, 3.810490238801301, 2.7477351746483865, 3.347822629710242, 2.1473933244750483, 2.145123649116759, 2.1858395801156134, 3.6997886507204707, 5.057451411531306, 4.7719652335280065, 6.008857070192301, 6.828701518590486, 6.2161225904899915, 3.6817080506199837], [5.930500904645408, 4.892049361974999, 3.7943972301275997, 3.079661411584072, 2.512617539539195, 1.5075224641775657, 0.0, 2.405429799432941, 3.61459228821177, 4.6898652613907785, 5.937145399095428, 7.012511212112249, 4.179294750313741, 3.8401399479706466, 4.882798970877257, 5.690672376793449, 6.777920344028838, 6.421255775936667, 4.678762488094475, 5.539811010314342, 3.3536965187685066, 4.477345394315699, 2.755150734533412, 4.0229855605010565, 1.0959438078660784, 1.0949107041215735, 1.0927576172235087, 4.560112158708379, 6.414231681191442, 5.939312125995737, 6.888451826789528, 7.94952087172554, 7.27794686020721, 5.180844381951653], [7.0816979136362495, 6.072604505481976, 4.644047077711422, 3.825035242974893, 2.405256863621846, 1.3771947937746498, 2.405429799432941, 0.0, 1.2954391571972803, 2.289770156587774, 3.5645679752250485, 4.65619783729171, 2.322028158743989, 2.785443939482538, 4.011479970035997, 6.981454308380167, 8.065620255752188, 7.2321126719652264, 6.236763841929563, 6.514336757491127, 4.431803233447983, 4.815625988384065, 4.1012469042963025, 4.491237007774139, 2.5842789690743526, 2.7948168258402912, 3.3472708599693575, 2.325808526082919, 4.067670220162888, 3.7245973325985178, 4.667240072034007, 5.593937880420196, 4.923649875854293, 3.222225074385711], [7.504545749743952, 6.523402162215663, 5.052223568885288, 4.254989233828918, 2.7521588925786973, 2.3000366366647294, 3.61459228821177, 1.2954391571972803, 0.0, 1.3643309569162463, 2.482668403150127, 3.740507608600737, 1.3586463851937338, 2.38831838120465, 3.5054514659313147, 7.520274290875301, 8.51211029886244, 7.481958996813602, 6.863263900652516, 6.821128260046134, 5.019202242388725, 4.963021526247896, 4.774976048107466, 4.699089470312307, 3.8395207695752864, 3.9973302915821205, 4.456323500375618, 1.9480504947254318, 2.8164781785059154, 2.787549414808641, 4.008994789220859, 4.604916118671435, 4.011107369542731, 2.0596221740892187], [8.788355010466976, 7.863028198474173, 6.3744841885442, 5.6191690542285695, 4.116456632833632, 3.551470609479966, 4.6898652613907785, 2.289770156587774, 1.3643309569162463, 0.0, 1.450485904791908, 2.4306774220369105, 2.3479135077766387, 3.6156252142610135, 4.60593592009268, 8.761362682254399, 9.815824999458782, 8.713213663740836, 8.214354843199798, 8.162893123151864, 6.284094374689165, 6.21815674537077, 6.117529071447065, 6.032776867247786, 4.716395939698024, 4.960252802025316, 5.628088608044475, 1.0178201658446346, 2.1013321893503654, 2.093454575575978, 2.705440766307775, 3.382174019768941, 2.69538099162252, 2.5557662686560363], [9.803485483745055, 8.824913339517844, 7.380005454605031, 6.524651366931416, 5.073088496172721, 4.721028706754494, 5.937145399095428, 3.5645679752250485, 2.482668403150127, 1.450485904791908, 0.0, 1.5192662867318554, 2.9396759821449714, 4.275564539332789, 5.03749791662488, 9.888243150833215, 10.806494975707896, 9.657334379113111, 9.226970940129808, 8.98004930610072, 7.442113863009623, 7.135619364147726, 7.070479804086848, 6.734246298584572, 6.077719452228772, 6.088040809652971, 6.861902314956109, 2.074330197919319, 1.094996388121897, 1.0955021405729886, 2.168831099924565, 2.1597955227289454, 2.1678581526474465, 2.7036116696004995], [11.120887028470348, 10.205634152760915, 8.72746694407948, 7.936981523854015, 6.454756309884982, 5.943535370467648, 7.012511212112249, 4.65619783729171, 3.740507608600737, 2.4306774220369105, 1.5192662867318554, 0.0, 4.375311487197226, 5.72894976413653, 6.499162429882793, 11.126450299174484, 12.15006225539606, 10.959992542880677, 10.594905132184996, 10.420532236407123, 8.685579076837653, 8.47366763922211, 8.446051830885246, 8.213162853614921, 6.974458307997834, 7.126137237662491, 8.000471466732446, 2.566025229805818, 2.1406945134698696, 2.1509210794448044, 1.095156696550772, 1.0943340303581897, 1.095189426537711, 4.101780326882462], [6.925366002602318, 5.940947810745353, 4.5250489091279436, 3.7622483623493013, 2.4105484541904563, 2.6790057950665207, 4.179294750313741, 2.322028158743989, 1.3586463851937338, 2.3479135077766387, 2.9396759821449714, 4.375311487197226, 0.0, 1.3602494660906874, 2.2592223573610455, 7.112713516654527, 7.90705568337545, 6.778579180772325, 6.437285453512217, 6.067744281032286, 4.751894488517185, 4.240120294284114, 4.51307670885395, 3.9617327231907002, 4.617857379781234, 4.649680111577569, 4.786638480186277, 3.1874397641367276, 2.777889625237115, 3.17503404391197, 4.893136223323442, 5.047906320446131, 4.631377273554811, 1.0042925370627822], [5.7073760223065735, 4.656237315687421, 3.3183753524880215, 2.541274143023535, 1.4840652883212382, 2.409776143130311, 3.8401399479706466, 2.785443939482538, 2.38831838120465, 3.6156252142610135, 4.275564539332789, 5.72894976413653, 1.3602494660906874, 0.0, 1.2271610041066334, 6.001156720166538, 6.646010075977918, 5.597352747504842, 5.189629343219032, 4.719156417200006, 3.745277316835163, 3.0630122330803706, 3.4238502318296575, 2.656772993689901, 4.480651074341764, 4.400648662413304, 4.1596635549044105, 4.334837417943146, 4.074905652895536, 4.376191043590305, 6.2044642016857505, 6.383598490663396, 5.9804076984767525, 2.016836713767379], [5.478132270217651, 4.497734561976729, 3.3870708185687524, 2.834487703271969, 2.3815197689710663, 3.544589077735246, 4.882798970877257, 4.011479970035997, 3.5054514659313147, 4.60593592009268, 5.03749791662488, 6.499162429882793, 2.2592223573610455, 1.2271610041066334, 0.0, 5.962643786945519, 6.343863308741764, 5.211305810447128, 5.197976765050032, 4.320360619207614, 4.077893280849807, 2.8801837736505633, 3.843239360227255, 2.5486654488182636, 5.5723323411297, 5.449187724789815, 5.020729458953151, 5.4221609834087365, 4.606005246414728, 5.121136496911599, 7.100736366039793, 7.027527714637631, 6.7261418458132445, 2.4518608932808568], [1.0947143280326608, 2.168545683171097, 2.782157389509084, 4.200577637658897, 5.19448899122907, 5.818209961835341, 5.690672376793449, 6.981454308380167, 7.520274290875301, 8.761362682254399, 9.888243150833215, 11.126450299174484, 7.112713516654527, 6.001156720166538, 5.962643786945519, 0.0, 1.7719731628893256, 1.7746541015082349, 2.5024662435285716, 3.065185947051174, 2.556332306254412, 3.1066427377476153, 4.385936364107441, 4.729226431457898, 5.969989615568858, 6.554767604576077, 4.807462643640614, 9.097547899296822, 9.777035142618645, 10.155040330299038, 11.427198922308126, 11.98618542281071, 11.06946015756866, 7.754966533132171], [1.094455869370712, 2.159074530904388, 3.471143075414784, 4.678946259575975, 5.957957090312082, 6.814418831419155, 6.777920344028838, 8.065620255752188, 8.51211029886244, 9.815824999458782, 10.806494975707896, 12.15006225539606, 7.90705568337545, 6.646010075977918, 6.343863308741764, 1.7719731628893256, 0.0, 1.771889480187746, 2.4730563782493924, 2.4732933428932364, 3.7506963100203143, 3.74925551143157, 4.8226409549125675, 4.833657357529597, 7.26392296489989, 7.504541740839344, 5.849919221664518, 10.242113872145731, 10.61258738527038, 10.960252622088598, 12.507929258674276, 12.926332196721544, 12.182993120329668, 8.48108127068713], [1.0946454768554064, 2.168487016331894, 2.782334969050276, 4.2010037003078216, 5.195967288195722, 6.138107084435722, 6.421255775936667, 7.2321126719652264, 7.481958996813602, 8.713213663740836, 9.657334379113111, 10.959992542880677, 6.778579180772325, 5.597352747504842, 5.211305810447128, 1.7746541015082349, 1.771889480187746, 0.0, 3.0650585475647936, 2.5024710847480334, 3.1092032998824637, 2.5546332261207283, 4.7220283279539945, 4.389015017062484, 6.839557673563402, 7.2928197708431, 5.684110735198604, 9.232305431472682, 9.358061881607751, 9.931911395597526, 11.41669320293753, 11.714053633563404, 10.900929500735247, 7.235494211869705], [2.1460988001487724, 1.0962490684146555, 2.1628447702042783, 2.7584989595792853, 4.158445678375515, 4.881713295555157, 4.678762488094475, 6.236763841929563, 6.863263900652516, 8.214354843199798, 9.226970940129808, 10.594905132184996, 6.437285453512217, 5.189629343219032, 5.197976765050032, 2.5024662435285716, 2.4730563782493924, 3.0650585475647936, 0.0, 1.7652031752747332, 2.5077274931698614, 3.0660088290805683, 2.5181580510365107, 3.0800486587065468, 5.353415049293301, 5.235394713868287, 3.7208479853388257, 8.533439269134105, 9.21477095537377, 9.225711467957362, 10.816771223891166, 11.386338865939306, 10.7855684764411, 7.186254674724519], [2.146209526118082, 1.096187734833774, 2.1628270411662602, 2.7588606452664477, 4.15995470768613, 5.25663322764676, 5.539811010314342, 6.514336757491127, 6.821128260046134, 8.162893123151864, 8.98004930610072, 10.420532236407123, 6.067744281032286, 4.719156417200006, 4.320360619207614, 3.065185947051174, 2.4732933428932364, 2.5024710847480334, 1.7652031752747332, 0.0, 3.0664336435018447, 2.5081196323142163, 3.0634360544982817, 2.529779676177354, 6.3035809315023466, 6.129606648064784, 4.794893790273147, 8.675846956349565, 8.77104983283073, 8.980495668948345, 10.805366317714546, 11.100692382910175, 10.613091029949759, 6.625101076964788], [2.747324931638047, 2.1581006232333095, 1.097271233560782, 2.165091640092862, 2.754429258485322, 3.2728274778851394, 3.3536965187685066, 4.431803233447983, 5.019202242388725, 6.284094374689165, 7.442113863009623, 8.685579076837653, 4.751894488517185, 3.745277316835163, 4.077893280849807, 2.556332306254412, 3.7506963100203143, 3.1092032998824637, 2.5077274931698614, 3.0664336435018447, 0.0, 1.762990005643821, 2.528094027127947, 3.0726022619271762, 3.7341161591466325, 4.301900213858987, 2.6982497901417504, 6.5927152084706355, 7.441228496693271, 7.67534713807786, 8.933656781520096, 9.562331946235709, 8.710251375247445, 5.519930616411767], [2.7455135257361234, 2.1575043128577978, 1.0971886984470811, 2.1673847581820813, 2.758576484348404, 3.810490238801301, 4.477345394315699, 4.815625988384065, 4.963021526247896, 6.21815674537077, 7.135619364147726, 8.47366763922211, 4.240120294284114, 3.0630122330803706, 2.8801837736505633, 3.1066427377476153, 3.74925551143157, 2.5546332261207283, 3.0660088290805683, 2.5081196323142163, 1.762990005643821, 0.0, 3.072634317649922, 2.5234825816716073, 5.001501595521089, 5.3547457540017716, 4.052645093022581, 6.777188684107887, 6.886279943481822, 7.380995028449756, 8.921333835811772, 9.222260951090032, 8.49712730633124, 4.768928291555662], [4.159780432907487, 2.740936192252567, 2.1643397445872496, 1.0961979839426819, 2.151635366413185, 2.7477351746483865, 2.755150734533412, 4.1012469042963025, 4.774976048107466, 6.117529071447065, 7.070479804086848, 8.446051830885246, 4.51307670885395, 3.4238502318296575, 3.843239360227255, 4.385936364107441, 4.8226409549125675, 4.7220283279539945, 2.5181580510365107, 3.0634360544982817, 2.528094027127947, 3.072634317649922, 0.0, 1.7365712740915646, 3.7306396422061456, 3.1253009903047735, 2.17682165553359, 6.387952715072333, 7.204062646174033, 6.933071775194599, 8.586058864228686, 9.213167503090348, 8.785702492686626, 5.380107294469135], [4.167668420112137, 2.7519916533303657, 2.1655527008133513, 1.0976396722057744, 2.142104918065406, 3.347822629710242, 4.0229855605010565, 4.491237007774139, 4.699089470312307, 6.032776867247786, 6.734246298584572, 8.213162853614921, 3.9617327231907002, 2.656772993689901, 2.5486654488182636, 4.729226431457898, 4.833657357529597, 4.389015017062484, 3.0800486587065468, 2.529779676177354, 3.0726022619271762, 2.5234825816716073, 1.7365712740915646, 0.0, 4.972214284400865, 4.4396763429331205, 3.7025098014725097, 6.5577571089512, 6.620635146268068, 6.593839502899657, 8.555544815498308, 8.847285180777208, 8.559208882834907, 4.601835165453017], [6.3789123532150835, 5.540184187371391, 4.402204526143691, 3.9657399233938673, 3.2899087358162378, 2.1473933244750483, 1.0959438078660784, 2.5842789690743526, 3.8395207695752864, 4.716395939698024, 6.077719452228772, 6.974458307997834, 4.617857379781234, 4.480651074341764, 5.5723323411297, 5.969989615568858, 7.26392296489989, 6.839557673563402, 5.353415049293301, 6.3035809315023466, 3.7341161591466325, 5.001501595521089, 3.7306396422061456, 4.972214284400865, 0.0, 1.7743329507169727, 1.7539664706031297, 4.428377559558354, 6.62111544152494, 6.220530323051243, 6.775336751778467, 7.98275612179152, 7.119296412567747, 5.58257830397389], [6.7364368452469, 5.580839396542423, 4.615992470747758, 3.6568888826432775, 3.140929446835761, 2.145123649116759, 1.0949107041215735, 2.7948168258402912, 3.9973302915821205, 4.960252802025316, 6.088040809652971, 7.126137237662491, 4.649680111577569, 4.400648662413304, 5.449187724789815, 6.554767604576077, 7.504541740839344, 7.2928197708431, 5.235394713868287, 6.129606648064784, 4.301900213858987, 5.3547457540017716, 3.1253009903047735, 4.4396763429331205, 1.7743329507169727, 0.0, 1.7738479754477272, 4.721362715360894, 6.678340450291524, 5.914383257787747, 6.883732486086308, 8.013906141202304, 7.527554974226358, 5.639557963174065], [5.071887649583732, 4.063552619322161, 3.1894015504479833, 2.6997887732191197, 2.6967068861854453, 2.1858395801156134, 1.0927576172235087, 3.3472708599693575, 4.456323500375618, 5.628088608044475, 6.861902314956109, 8.000471466732446, 4.786638480186277, 4.1596635549044105, 5.020729458953151, 4.807462643640614, 5.849919221664518, 5.684110735198604, 3.7208479853388257, 4.794893790273147, 2.6982497901417504, 4.052645093022581, 2.17682165553359, 3.7025098014725097, 1.7539664706031297, 1.7738479754477272, 0.0, 5.583206266116272, 7.240245026931063, 6.867894923482741, 7.933974452946013, 8.925594736486751, 8.234127847562242, 5.775592016408361], [9.217928699008253, 8.288767982034482, 6.808839506112625, 6.036486046534026, 4.546009738220982, 3.6997886507204707, 4.560112158708379, 2.325808526082919, 1.9480504947254318, 1.0178201658446346, 2.074330197919319, 2.566025229805818, 3.1874397641367276, 4.334837417943146, 5.4221609834087365, 9.097547899296822, 10.242113872145731, 9.232305431472682, 8.533439269134105, 8.675846956349565, 6.5927152084706355, 6.777188684107887, 6.387952715072333, 6.5577571089512, 4.428377559558354, 4.721362715360894, 5.583206266116272, 0.0, 2.9604407374578536, 2.5391729381828245, 2.417128037568552, 3.6042632825585867, 2.8375433036343254, 3.5383244862505188], [9.615698914795534, 8.698004123935558, 7.278464965911424, 6.520453084717349, 5.14055157157284, 5.057451411531306, 6.414231681191442, 4.067670220162888, 2.8164781785059154, 2.1013321893503654, 1.094996388121897, 2.1406945134698696, 2.777889625237115, 4.074905652895536, 4.606005246414728, 9.777035142618645, 10.61258738527038, 9.358061881607751, 9.21477095537377, 8.77104983283073, 7.441228496693271, 6.886279943481822, 7.204062646174033, 6.620635146268068, 6.62111544152494, 6.678340450291524, 7.240245026931063, 2.9604407374578536, 0.0, 1.7736992106893434, 3.0616926739958727, 2.468536224162003, 2.4995978396534113, 2.1838069992561153], [10.006025924911448, 8.899976580306264, 7.526963457464104, 6.4847094414476265, 5.10165229999066, 4.7719652335280065, 5.939312125995737, 3.7245973325985178, 2.787549414808641, 2.093454575575978, 1.0955021405729886, 2.1509210794448044, 3.17503404391197, 4.376191043590305, 5.121136496911599, 10.155040330299038, 10.960252622088598, 9.931911395597526, 9.225711467957362, 8.980495668948345, 7.67534713807786, 7.380995028449756, 6.933071775194599, 6.593839502899657, 6.220530323051243, 5.914383257787747, 6.867894923482741, 2.5391729381828245, 1.7736992106893434, 0.0, 2.503117556168707, 2.4894750450647223, 3.06867704556866, 3.0411236114304856], [11.484522318755795, 10.528775207496835, 9.055170296024256, 8.203177472175035, 6.714230023614025, 6.008857070192301, 6.888451826789528, 4.667240072034007, 4.008994789220859, 2.705440766307775, 2.168831099924565, 1.095156696550772, 4.893136223323442, 6.2044642016857505, 7.100736366039793, 11.427198922308126, 12.507929258674276, 11.41669320293753, 10.816771223891166, 10.805366317714546, 8.933656781520096, 8.921333835811772, 8.586058864228686, 8.555544815498308, 6.775336751778467, 6.883732486086308, 7.933974452946013, 2.417128037568552, 3.0616926739958727, 2.503117556168707, 0.0, 1.773453517857178, 1.769757144356253, 4.813321366790295], [11.91406137679339, 10.968933201091161, 9.519813948287014, 8.679634191600472, 7.232781995193826, 6.828701518590486, 7.94952087172554, 5.593937880420196, 4.604916118671435, 3.382174019768941, 2.1597955227289454, 1.0943340303581897, 5.047906320446131, 6.383598490663396, 7.027527714637631, 11.98618542281071, 12.926332196721544, 11.714053633563404, 11.386338865939306, 11.100692382910175, 9.562331946235709, 9.222260951090032, 9.213167503090348, 8.847285180777208, 7.98275612179152, 8.013906141202304, 8.925594736486751, 3.6042632825585867, 2.468536224162003, 2.4894750450647223, 1.773453517857178, 0.0, 1.7745574687791883, 4.623449878607964], [11.124539842168755, 10.33776083395239, 8.828702408621552, 8.211855149112166, 6.724332631570213, 6.2161225904899915, 7.27794686020721, 4.923649875854293, 4.011107369542731, 2.69538099162252, 2.1678581526474465, 1.095189426537711, 4.631377273554811, 5.9804076984767525, 6.7261418458132445, 11.06946015756866, 12.182993120329668, 10.900929500735247, 10.7855684764411, 10.613091029949759, 8.710251375247445, 8.49712730633124, 8.785702492686626, 8.559208882834907, 7.119296412567747, 7.527554974226358, 8.234127847562242, 2.8375433036343254, 2.4995978396534113, 3.06867704556866, 1.7