{"total energy": -69.45568166, "HOMO-LUMO gap/eV": 1.67146369, "electronic energy": -70.25763437, "dipole": [-2.7911826, 1.30199913, 0.56613463], "partial charges": [-0.11111944, 0.09428286, -0.2793449, 0.40062558, -0.42411837, -0.25204781, 0.06100271, -0.11428199, -0.11164916, -0.24750594, 0.16505758, -0.04447751, -0.01964313, -0.03393826, -0.02242462, -0.03534401, 0.3603709, -0.42319105, -0.27112816, 0.12499626, -0.11518886, -0.10963314, 0.05161045, 0.05425511, 0.05564157, 0.05309804, 0.04391991, 0.23549047, 0.05094958, 0.04508345, 0.04677818, 0.04459563, 0.04190582, 0.04555494, 0.0466306, 0.07207207, 0.05591573, 0.0506268, 0.06540332, 0.04685501, 0.05076878, 0.05067757, 0.0550796, 0.04892121, 0.04815987, 0.04870675], "atomic dipole moments": [[0.11146375, -0.00440127, -0.09045474], [-0.16130604, -0.06011691, -0.21949171], [0.1673045, 0.06273251, 0.05335549], [-0.25263897, 0.07274935, 0.02577443], [-0.41885142, 0.2820896, -0.01214838], [-0.004665, -0.08005376, -0.15397287], [-0.15381519, -0.02715571, 0.06946228], [-0.0109457, -0.12514821, -0.02256777], [0.03975422, 0.01182086, 0.10852432], [-0.04216381, -0.06424157, 0.12723806], [0.21648068, 0.19564082, -0.01573933], [-0.00788225, 0.05560799, 0.01126537], [0.01001805, 0.01953409, 0.0019002], [0.01690176, 0.0127823, -0.00341138], [0.04161344, 0.03061232, -0.00777813], [0.02825752, 0.07324248, 0.00331235], [-0.12587614, 0.09435345, 0.05325271], [-0.1280247, -0.13365901, 0.03119546], [0.13903598, 0.16896123, -0.0328437], [0.02441604, -0.23102197, 0.02053099], [0.13403885, 0.0004393, 0.00387127], [-0.04950068, -0.02693473, -0.11359772], [-0.08887561, 0.08222831, -0.03363848], [0.04377411, 0.03105961, 0.11633693], [-0.06390779, -0.11135178, 0.00672569], [0.07894952, -0.08868916, 0.02847461], [0.0527706, 0.10822787, -0.01505998], [-0.10083023, 0.02677246, -0.02167208], [0.11801699, -0.04596503, 0.00708475], [0.0493646, 0.02420549, 0.11524729], [0.07763954, 0.05661996, -0.08285467], [-0.11013743, 0.06411455, -0.00672667], [0.06881035, 0.05655873, -0.08739427], [-0.12017425, 0.04272148, -0.01860862], [-0.00010494, -0.1240591, -0.03593573], [0.13582379, -0.06316587, -0.0500636], [0.01812294, -0.14852223, -0.02255474], [-0.11507779, -0.09561213, 0.02315124], [-0.14052398, 0.04444201, 0.04643311], [0.04514156, 0.07718409, -0.09441099], [-0.04042354, 0.1218791, 0.02166219], [-0.04694929, -0.03947906, -0.11234596], [-0.05951991, -0.07824443, 0.0836594], [0.12746227, -0.00985988, 0.00597607], [-0.03054624, 0.12179705, 0.03210654], [-0.0381743, -0.07843526, 0.09545378]], "atomic quadrupole moments": [[0.08437382, -0.01760148, -0.14549754, -0.20358211, 0.01449055, 0.06112372], [-0.07349469, 0.07020843, -0.35249247, 0.11126943, 0.18545479, 0.42598716], [-0.00352299, 0.03157748, -0.11006083, 0.01785941, 0.03672594, 0.11358381], [-0.25090695, 0.89464992, -0.41752347, 0.06148029, -0.00290912, 0.66843042], [0.35005363, -0.48447492, -0.00643286, 0.02207559, 0.00588841, -0.34362077], [-0.0444255, 0.07463551, 0.07760851, -0.09369773, -0.06271204, -0.03318301], [-0.13314495, 0.17126576, 0.04108306, -0.11692065, -0.05981144, 0.09206189], [-0.13353169, 0.03589087, 0.23461892, -0.00273933, 0.05964839, -0.10108723], [-0.08261662, 0.04294294, -0.10389792, 0.10650942, 0.03573683, 0.18651454], [0.03953501, 0.08806944, -0.00848269, 0.03261709, -0.00239582, -0.03105232], [-0.0102717, 0.32800753, -0.25569237, 0.15348633, -0.14990076, 0.26596407], [-0.2139958, 0.01189075, -0.20687642, 0.22761776, -0.08687753, 0.42087221], [-0.19432852, -0.01294436, -0.29013186, 0.22802776, -0.09351501, 0.48446038], [-0.19479141, -0.04135761, -0.25802304, 0.20968919, -0.07545501, 0.45281445], [-0.21561767, -0.01596333, -0.26592569, 0.22309883, -0.08500821, 0.48154336], [-0.20366771, -0.03768333, -0.08158028, 0.15066527, -0.02259417, 0.28524799], [-0.01172673, -0.10941118, -0.3947778, 0.17299302, -0.05366419, 0.40650453], [-0.05041569, -0.00103955, -0.10013871, 0.08606635, -0.03055897, 0.15055439], [-0.01481717, -0.02591623, 0.07432246, -0.01621765, 0.02813379, -0.05950529], [-0.04117777, -0.16734081, 0.24754217, 0.05537766, 0.19701305, -0.2063644], [0.26218091, -0.03680192, -0.13521034, 0.01341988, 0.00909903, -0.12697057], [-0.06853769, 0.02703861, -0.10160076, 0.11959097, 0.09800033, 0.17013845], [0.00890996, -0.05236085, 0.02105606, 0.01507617, -0.03629392, -0.02996602], [-0.01518397, 0.01406494, -0.04479776, 0.04341134, 0.0298693, 0.05998173], [-0.01713884, 0.03838797, 0.06502106, -0.01060935, 0.00015671, -0.04788222], [-0.01110843, -0.03505658, 0.0019939, 0.01503237, -0.00456406, 0.00911453], [-0.03060883, 0.02768594, 0.02246396, 7.536e-05, 0.00634921, 0.00814487], [0.02983659, -0.06817942, 0.02486041, -0.01617805, -0.02513929, -0.054697], [0.01303197, -0.01301332, 9.333e-05, 0.00128042, -0.00418227, -0.0131253], [-0.0329108, -0.00146421, -0.03014676, 0.04554012, 0.0084906, 0.06305756], [-0.00126608, 0.02737694, -0.01840359, -0.06061015, -0.02647902, 0.01966967], [0.0695291, -0.03730907, -0.02179179, 0.01264791, 0.00248422, -0.04773731], [0.00305276, 0.04882552, -0.01504991, -0.04553247, -0.03762824, 0.01199715], [0.0635345, -0.04505054, -0.02855565, -0.00367934, 0.00742162, -0.03497885], [-0.04105426, -0.0024176, 0.07471123, 0.00725169, 0.01206377, -0.03365698], [0.02658483, 0.0139038, 0.02426199, -0.02151953, 0.00616918, -0.05084683], [0.03092967, 0.00474146, 0.0272826, -0.02979754, 0.00962924, -0.05821227], [0.02603678, -0.00290234, 0.0329386, -0.0288345, 0.01191805, -0.05897537], [0.0115816, -0.00039427, 0.04684772, -0.02263912, 0.01215874, -0.05842932], [0.00134133, 0.00301692, -0.00129552, -0.01035942, -0.00322655, -4.581e-05], [-0.02828174, -0.02268244, 0.07494677, -0.0030068, 0.02456663, -0.04666503], [-0.02226579, 0.01049172, -0.04382025, 0.02631937, 0.0316174, 0.06608605], [-0.02137637, 0.02233559, -0.00494277, -0.0245399, -0.05922789, 0.02631915], [0.07955504, -0.00848295, -0.05103543, -0.0136799, 0.00457455, -0.0285196], [-0.03343089, -0.03907418, 0.06940877, 0.00258353, 0.02102543, -0.03597788], [-0.01608912, 0.04264717, 0.00499434, -0.0298433, -0.0488972, 0.01109478]], "number of molecular orbitals": 122, "number of electrons": 124, "number of unpaired electrons": 0, "orbital energies/eV": [-20.28933236, -20.05418684, -19.70159277, -19.62511266, -18.76552029, -18.6490368, -18.20776147, -18.01383948, -17.72189597, -17.58631851, -17.51758532, -17.15113416, -17.1300294, -16.83322733, -16.62227831, -16.55851544, -16.51448915, -16.43777452, -16.2481461, -16.14748298, -15.8580782, -15.78095355, -15.65991009, -15.53781387, -15.37504235, -15.18555436, -15.15115581, -14.87336338, -14.76395528, -14.50281756, -14.4054536, -14.31404853, -14.16925506, -13.97099842, -13.79739077, -13.67757399, -13.56802036, -13.51365345, -13.36333762, -13.31192086, -13.24419921, -13.21822516, -13.14527915, -13.0722899, -12.96233151, -12.86543474, -12.72904481, -12.66460435, -12.49279404, -12.44903585, -12.32463333, -12.23604666, -12.19323198, -12.08192996, -11.93561032, -11.73856946, -11.6375821, -11.41193715, -11.25735344, -10.8487814, -9.51902995, -9.46493896, -7.79347527, -6.71154611, -5.59848342, -4.15659702, -3.55734505, -3.21849668, -2.67751919, -0.91450308, -0.56802579, 0.77966299, 0.98962683, 1.26314832, 1.40770085, 1.82169542, 2.29007192, 2.35563923, 2.65086087, 2.73260943, 2.90054934, 3.01542515, 3.1401614, 3.31175845, 3.32429968, 3.61259158, 3.63596425, 3.79390954, 3.84860102, 3.93275623, 4.13194943, 4.22250042, 4.36283603, 4.53734459, 4.83137725, 4.86337777, 4.94009873, 5.20061149, 5.28589766, 5.5649498, 5.75576327, 5.92826154, 6.10765698, 6.15081457, 6.34877221, 6.69302389, 6.78012289, 7.00545057, 7.34696362, 7.48992858, 9.20364747, 9.9477488, 10.55897027, 11.04206019, 11.91765395, 12.13488627, 14.87304222, 16.58957138, 17.69774379, 26.95403508, 28.3054843, 38.24920718], "fractional occupation": [2.0, 2.0, 2.0, 2.0, 2.0, 2.0, 2.0, 2.0, 2.0, 2.0, 2.0, 2.0, 2.0, 2.0, 2.0, 2.0, 2.0, 2.0, 2.0, 2.0, 2.0, 2.0, 2.0, 2.0, 2.0, 2.0, 2.0, 2.0, 2.0, 2.0, 2.0, 2.0, 2.0, 2.0, 2.0, 2.0, 2.0, 2.0, 2.0, 2.0, 2.0, 2.0, 2.0, 2.0, 2.0, 2.0, 2.0, 2.0, 2.0, 2.0, 2.0, 2.0, 2.0, 2.0, 2.0, 2.0, 2.0, 2.0, 2.0, 2.0, 2.0, 2.0, 0.0, 0.0, 0.0, 0.0, 0.0, 0.0, 0.0, 0.0, 0.0, 0.0, 0.0, 0.0, 0.0, 0.0, 0.0, 0.0, 0.0, 0.0, 0.0, 0.0, 0.0, 0.0, 0.0, 0.0, 0.0, 0.0, 0.0, 0.0, 0.0, 0.0, 0.0, 0.0, 0.0, 0.0, 0.0, 0.0, 0.0, 0.0, 0.0, 0.0, 0.0, 0.0, 0.0, 0.0, 0.0, 0.0, 0.0, 0.0, 0.0, 0.0, 0.0, 0.0, 0.0, 0.0, 0.0, 0.0, 0.0, 0.0, 0.0, 0.0], "program call": "xtb /home/svss/Project-DBcg-Debug/aqme2_20220329/End-to-End-workflows-final/example-3/QDESCP/mol_306_rdkit_conf_1/mol_306_rdkit_conf_1.xyz --pop --wbo --acc 0.2 --gfn 2 --chrg 0 --uhf 0 --etemp 300 --input /home/svss/Project-DBcg-Debug/aqme2_20220329/End-to-End-workflows-final/example-3/QDESCP/mol_306_rdkit_conf_1/mol_306_rdkit_conf_1_xtb.inp", "method": "GFN2-xTB", "xtb version": "6.3.3 (7355c4f)", "Dipole module/D": 7.96, "Total charge": 0, "Transition dipole module/D": NaN, "HOMO": -9.4649, "LUMO": -7.7935, "HOMO occupancy": 2.0, "LUMO occupancy": 0, "mulliken charges": [-0.09591, 0.21029, -0.3825, 0.41174, -0.22864, -0.3504, 0.13441, -0.10049, -0.10248, -0.3464, 0.28626, -0.06112, -0.01154, -0.0428, -0.0099, -0.06187, 0.58267, -0.52924, -0.4254, 0.23349, -0.0995, -0.10266, 0.03832, 0.03025, 0.03978, 0.02538, 0.02651, 0.2521, 0.02351, 0.03116, 0.02782, 0.0308, 0.0241, 0.03884, 0.04424, 0.05749, 0.03835, 0.03627, 0.04905, 0.03967, 0.03326, 0.0425, 0.04113, 0.05047, 0.03274, 0.03825], "cm5 charges": [-0.24248, 0.13277, -0.4432, 0.4031, -0.19752, -0.67326, 0.12291, -0.24271, -0.2444, -0.39135, 0.31324, -0.10994, -0.06653, -0.09791, -0.06046, -0.05882, 0.64141, -0.58949, -0.50488, 0.18823, -0.24421, -0.24737, 0.0922, 0.0815, 0.09318, 0.08995, 0.09365, 0.46792, 0.09302, 0.08478, 0.07956, 0.08472, 0.07599, 0.09428, 0.10157, 0.11665, 0.09367, 0.09154, 0.11053, 0.10914, 0.08501, 0.09593, 0.09495, 0.10633, 0.08459, 0.09218], "FUKUI+": [0.005, 0.006, 0.021, -0.021, -0.063, -0.008, 0.005, 0.006, 0.005, -0.009, -0.043, -0.022, -0.06, -0.022, -0.035, -0.05, -0.064, -0.142, -0.063, 0.009, 0.011, 0.012, 0.005, -0.02, -0.001, -0.013, -0.011, 0.008, -0.013, -0.01, -0.016, -0.002, -0.019, 0.005, 0.003, -0.065, -0.076, -0.068, -0.062, -0.018, -0.029, -0.012, -0.015, -0.002, -0.032, -0.016], "FUKUI-": [0.009, 0.013, 0.005, -0.145, -0.37, -0.013, 0.007, 0.011, 0.011, -0.003, 0.002, -0.005, -0.011, -0.021, -0.011, -0.013, -0.002, -0.011, -0.025, 0.002, 0.007, 0.005, -0.012, -0.025, -0.013, -0.007, -0.012, -0.03, -0.011, -0.02, -0.029, -0.022, -0.034, -0.021, -0.006, -0.012, -0.035, -0.038, -0.033, -0.011, -0.019, -0.012, -0.013, 0.003, -0.018, -0.01], "FUKUIrad": [0.007, 0.01, 0.013, -0.083, -0.216, -0.01, 0.006, 0.008, 0.008, -0.006, -0.021, -0.013, -0.036, -0.022, -0.023, -0.032, -0.033, -0.077, -0.044, 0.006, 0.009, 0.009, -0.004, -0.022, -0.007, -0.01, -0.012, -0.011, -0.012, -0.015, -0.023, -0.012, -0.027, -0.008, -0.002, -0.038, -0.056, -0.053, -0.048, -0.015, -0.024, -0.012, -0.014, 0.0, -0.025, -0.013], "s proportion": [1.012, 0.992, 1.652, 1.467, 1.889, 1.449, 1.03, 1.017, 1.018, 1.642, 1.024, 1.065, 1.066, 1.059, 1.069, 1.082, 0.977, 1.725, 1.698, 1.017, 1.015, 1.017, 0.962, 0.97, 0.96, 0.975, 0.973, 0.748, 0.976, 0.969, 0.972, 0.969, 0.976, 0.961, 0.956, 0.943, 0.962, 0.964, 0.951, 0.96, 0.967, 0.957, 0.959, 0.95, 0.967, 0.962], "p proportion": [3.084, 2.798, 4.73, 2.008, 4.354, 3.902, 2.835, 3.084, 3.084, 4.704, 2.69, 2.996, 2.946, 2.983, 2.941, 2.98, 2.44, 4.805, 4.727, 2.749, 3.084, 3.086, 0.0, 0.0, 0.0, 0.0, 0.0, 0.0, 0.0, 0.0, 0.0, 0.0, 0.0, 0.0, 0.0, 0.0, 0.0, 0.0, 0.0, 0.0, 0.0, 0.0, 0.0, 0.0, 0.0, 0.0], "d proportion": [0.0, 0.0, 0.0, 1.113, -0.014, 0.0, 0.0, 0.0, 0.0, 0.0, 0.0, 0.0, 0.0, 0.0, 0.0, 0.0, 0.0, 0.0, 0.0, 0.0, 0.0, 0.0, 0.0, 0.0, 0.0, 0.0, 0.0, 0.0, 0.0, 0.0, 0.0, 0.0, 0.0, 0.0, 0.0, 0.0, 0.0, 0.0, 0.0, 0.0, 0.0, 0.0, 0.0, 0.0, 0.0, 0.0], "Fermi-level/eV": -8.6292, "Coordination numbers": [3.749, 3.907, 1.658, 4.058, 0.924, 2.633, 3.913, 3.754, 3.752, 1.662, 3.082, 2.91, 2.912, 2.91, 2.915, 2.96, 2.713, 0.856, 1.703, 3.742, 3.751, 3.751, 0.924, 0.924, 0.924, 0.924, 0.924, 0.913, 0.924, 0.924, 0.924, 0.924, 0.924, 0.924, 0.924, 0.925, 0.925, 0.925, 0.925, 0.924, 0.924, 0.924, 0.924, 0.924, 0.924, 0.924], "Dispersion coefficient C6": [22.691, 18.971, 18.652, 143.651, 157.763, 26.56, 19.5, 22.744, 22.696, 18.115, 24.362, 29.104, 28.498, 28.845, 28.565, 28.877, 20.885, 22.15, 18.497, 18.615, 22.767, 22.659, 2.3, 2.268, 2.251, 2.282, 2.397, 0.936, 2.308, 2.382, 2.361, 2.389, 2.424, 2.376, 2.363, 2.063, 2.247, 2.312, 2.137, 2.36, 2.31, 2.312, 2.258, 2.334, 2.343, 2.336], "Total dispersion C6": 24297.605742, "Total dispersion C8": 633523.538258, "Polarizability alpha": [6.794, 6.191, 5.83, 21.53, 21.245, 7.654, 6.276, 6.8, 6.794, 5.746, 8.092, 8.846, 8.754, 8.807, 8.764, 8.814, 7.481, 6.31, 5.807, 6.155, 6.805, 6.789, 2.372, 2.355, 2.346, 2.362, 2.421, 1.514, 2.376, 2.414, 2.403, 2.417, 2.435, 2.411, 2.404, 2.246, 2.344, 2.378, 2.286, 2.402, 2.377, 2.378, 2.35, 2.389, 2.394, 2.39], "Total polarizability alpha": 242.444711, "Wiberg matrix": [[0.0, 1.016235508876269, 0.0, 0.0, 0.0, 0.0, 0.0, 0.0, 0.0, 0.0, 0.0, 0.0, 0.0, 0.0, 0.0, 0.0, 0.0, 0.0, 0.0, 0.0, 0.0, 0.0, 0.9841062464777685, 0.9825513880514589, 0.9849703539237434, 0.0, 0.0, 0.0, 0.0, 0.0, 0.0, 0.0, 0.0, 0.0, 0.0, 0.0, 0.0, 0.0, 0.0, 0.0, 0.0, 0.0, 0.0, 0.0, 0.0, 0.0], [1.016235508876269, 0.0, 0.9263088784782441, 0.0, 0.0, 0.0, 0.0, 0.0, 0.0, 0.0, 0.0, 0.0, 0.0, 0.0, 0.0, 0.0, 0.0, 0.0, 0.0, 0.0, 0.0, 0.0, 0.0, 0.0, 0.0, 0.9696910122428665, 0.9698335008085872, 0.0, 0.0, 0.0, 0.0, 0.0, 0.0, 0.0, 0.0, 0.0, 0.0, 0.0, 0.0, 0.0, 0.0, 0.0, 0.0, 0.0, 0.0, 0.0], [0.0, 0.9263088784782441, 0.0, 1.222393500647332, 0.0, 0.0, 0.0, 0.0, 0.0, 0.0, 0.0, 0.0, 0.0, 0.0, 0.0, 0.0, 0.0, 0.0, 0.0, 0.0, 0.0, 0.0, 0.0, 0.0, 0.0, 0.0, 0.0, 0.0, 0.0, 0.0, 0.0, 0.0, 0.0, 0.0, 0.0, 0.0, 0.0, 0.0, 0.0, 0.0, 0.0, 0.0, 0.0, 0.0, 0.0, 0.0], [0.0, 0.0, 1.222393500647332, 0.0, 1.5933387650330124, 1.2120698562873164, 0.0, 0.0, 0.0, 1.1559032738606336, 0.0, 0.0, 0.0, 0.0, 0.0, 0.0, 0.0, 0.0, 0.0, 0.0, 0.0, 0.0, 0.0, 0.0, 0.0, 0.0, 0.0, 0.0, 0.0, 0.0, 0.0, 0.0, 0.0, 0.0, 0.0, 0.0, 0.0, 0.0, 0.0, 0.0, 0.0, 0.0, 0.0, 0.0, 0.0, 0.0], [0.0, 0.0, 0.0, 1.5933387650330124, 0.0, 0.0, 0.0, 0.0, 0.0, 0.0, 0.0, 0.0, 0.0, 0.0, 0.0, 0.0, 0.0, 0.0, 0.0, 0.0, 0.0, 0.0, 0.0, 0.0, 0.0, 0.0, 0.0, 0.0, 0.0, 0.0, 0.0, 0.0, 0.0, 0.0, 0.0, 0.0, 0.0, 0.0, 0.0, 0.0, 0.0, 0.0, 0.0, 0.0, 0.0, 0.0], [0.0, 0.0, 0.0, 1.2120698562873164, 0.0, 0.0, 0.9694213562423094, 0.0, 0.0, 0.0, 0.0, 0.0, 0.0, 0.0, 0.0, 0.0, 0.0, 0.0, 0.0, 0.0, 0.0, 0.0, 0.0, 0.0, 0.0, 0.0, 0.0, 0.867072311181123, 0.0, 0.0, 0.0, 0.0, 0.0, 0.0, 0.0, 0.0, 0.0, 0.0, 0.0, 0.0, 0.0, 0.0, 0.0, 0.0, 0.0, 0.0], [0.0, 0.0, 0.0, 0.0, 0.0, 0.9694213562423094, 0.0, 1.0036651047970597, 1.0043286820013413, 0.0, 0.0, 0.0, 0.0, 0.0, 0.0, 0.0, 0.0, 0.0, 0.0, 0.0, 0.0, 0.0, 0.0, 0.0, 0.0, 0.0, 0.0, 0.0, 0.9617360621650003, 0.0, 0.0, 0.0, 0.0, 0.0, 0.0, 0.0, 0.0, 0.0, 0.0, 0.0, 0.0, 0.0, 0.0, 0.0, 0.0, 0.0], [0.0, 0.0, 0.0, 0.0, 0.0, 0.0, 1.0036651047970597, 0.0, 0.0, 0.0, 0.0, 0.0, 0.0, 0.0, 0.0, 0.0, 0.0, 0.0, 0.0, 0.0, 0.0, 0.0, 0.0, 0.0, 0.0, 0.0, 0.0, 0.0, 0.0, 0.9859979013786853, 0.9841647601195769, 0.9851136709213023, 0.0, 0.0, 0.0, 0.0, 0.0, 0.0, 0.0, 0.0, 0.0, 0.0, 0.0, 0.0, 0.0, 0.0], [0.0, 0.0, 0.0, 0.0, 0.0, 0.0, 1.0043286820013413, 0.0, 0.0, 0.0, 0.0, 0.0, 0.0, 0.0, 0.0, 0.0, 0.0, 0.0, 0.0, 0.0, 0.0, 0.0, 0.0, 0.0, 0.0, 0.0, 0.0, 0.0, 0.0, 0.0, 0.0, 0.0, 0.9840966557079003, 0.9840904918380141, 0.9781484284634169, 0.0, 0.0, 0.0, 0.0, 0.0, 0.0, 0.0, 0.0, 0.0, 0.0, 0.0], [0.0, 0.0, 0.0, 1.1559032738606336, 0.0, 0.0, 0.0, 0.0, 0.0, 0.0, 0.9910563847273913, 0.0, 0.0, 0.0, 0.0, 0.0, 0.0, 0.0, 0.0, 0.0, 0.0, 0.0, 0.0, 0.0, 0.0, 0.0, 0.0, 0.0, 0.0, 0.0, 0.0, 0.0, 0.0, 0.0, 0.0, 0.0, 0.0, 0.0, 0.0, 0.0, 0.0, 0.0, 0.0, 0.0, 0.0, 0.0], [0.0, 0.0, 0.0, 0.0, 0.0, 0.0, 0.0, 0.0, 0.0, 0.9910563847273913, 0.0, 1.3862189827391544, 0.0, 0.0, 0.0, 1.3340525901524822, 0.0, 0.0, 0.0, 0.0, 0.0, 0.0, 0.0, 0.0, 0.0, 0.0, 0.0, 0.0, 0.0, 0.0, 0.0, 0.0, 0.0, 0.0, 0.0, 0.0, 0.0, 0.0, 0.0, 0.0, 0.0, 0.0, 0.0, 0.0, 0.0, 0.0], [0.0, 0.0, 0.0, 0.0, 0.0, 0.0, 0.0, 0.0, 0.0, 0.0, 1.3862189827391544, 0.0, 1.4455351760548236, 0.0, 0.10930467462895291, 0.0, 0.0, 0.0, 0.0, 0.0, 0.0, 0.0, 0.0, 0.0, 0.0, 0.0, 0.0, 0.0, 0.0, 0.0, 0.0, 0.0, 0.0, 0.0, 0.0, 0.9638384184289631, 0.0, 0.0, 0.0, 0.0, 0.0, 0.0, 0.0, 0.0, 0.0, 0.0], [0.0, 0.0, 0.0, 0.0, 0.0, 0.0, 0.0, 0.0, 0.0, 0.0, 0.0, 1.4455351760548236, 0.0, 1.4232871028423804, 0.0, 0.0, 0.0, 0.0, 0.0, 0.0, 0.0, 0.0, 0.0, 0.0, 0.0, 0.0, 0.0, 0.0, 0.0, 0.0, 0.0, 0.0, 0.0, 0.0, 0.0, 0.0, 0.9689187517319131, 0.0, 0.0, 0.0, 0.0, 0.0, 0.0, 0.0, 0.0, 0.0], [0.0, 0.0, 0.0, 0.0, 0.0, 0.0, 0.0, 0.0, 0.0, 0.0, 0.0, 0.0, 1.4232871028423804, 0.0, 1.4554483693870437, 0.0, 0.0, 0.0, 0.0, 0.0, 0.0, 0.0, 0.0, 0.0, 0.0, 0.0, 0.0, 0.0, 0.0, 0.0, 0.0, 0.0, 0.0, 0.0, 0.0, 0.0, 0.0, 0.9695517428023475, 0.0, 0.0, 0.0, 0.0, 0.0, 0.0, 0.0, 0.0], [0.0, 0.0, 0.0, 0.0, 0.0, 0.0, 0.0, 0.0, 0.0, 0.0, 0.0, 0.10930467462895291, 0.0, 1.4554483693870437, 0.0, 1.3799651728091278, 0.0, 0.0, 0.0, 0.0, 0.0, 0.0, 0.0, 0.0, 0.0, 0.0, 0.0, 0.0, 0.0, 0.0, 0.0, 0.0, 0.0, 0.0, 0.0, 0.0, 0.0, 0.0, 0.9655959891861328, 0.0, 0.0, 0.0, 0.0, 0.0, 0.0, 0.0], [0.0, 0.0, 0.0, 0.0, 0.0, 0.0, 0.0, 0.0, 0.0, 0.0, 1.3340525901524822, 0.0, 0.0, 0.0, 1.3799651728091278, 0.0, 1.0138882638501259, 0.0, 0.0, 0.0, 0.0, 0.0, 0.0, 0.0, 0.0, 0.0, 0.0, 0.0, 0.0, 0.0, 0.0, 0.0, 0.0, 0.0, 0.0, 0.0, 0.0, 0.0, 0.0, 0.0, 0.0, 0.0, 0.0, 0.0, 0.0, 0.0], [0.0, 0.0, 0.0, 0.0, 0.0, 0.0, 0.0, 0.0, 0.0, 0.0, 0.0, 0.0, 0.0, 0.0, 0.0, 1.0138882638501259, 0.0, 1.6928887076685681, 1.1265316244141133, 0.0, 0.0, 0.0, 0.0, 0.0, 0.0, 0.0, 0.0, 0.0, 0.0, 0.0, 0.0, 0.0, 0.0, 0.0, 0.0, 0.0, 0.0, 0.0, 0.0, 0.0, 0.0, 0.0, 0.0, 0.0, 0.0, 0.0], [0.0, 0.0, 0.0, 0.0, 0.0, 0.0, 0.0, 0.0, 0.0, 0.0, 0.0, 0.0, 0.0, 0.0, 0.0, 0.0, 1.6928887076685681, 0.0, 0.1650774750451395, 0.0, 0.0, 0.0, 0.0, 0.0, 0.0, 0.0, 0.0, 0.0, 0.0, 0.0, 0.0, 0.0, 0.0, 0.0, 0.0, 0.0, 0.0, 0.0, 0.0, 0.0, 0.0, 0.0, 0.0, 0.0, 0.0, 0.0], [0.0, 0.0, 0.0, 0.0, 0.0, 0.0, 0.0, 0.0, 0.0, 0.0, 0.0, 0.0, 0.0, 0.0, 0.0, 0.0, 1.1265316244141133, 0.1650774750451395, 0.0, 0.9234362549684608, 0.0, 0.0, 0.0, 0.0, 0.0, 0.0, 0.0, 0.0, 0.0, 0.0, 0.0, 0.0, 0.0, 0.0, 0.0, 0.0, 0.0, 0.0, 0.0, 0.0, 0.0, 0.0, 0.0, 0.0, 0.0, 0.0], [0.0, 0.0, 0.0, 0.0, 0.0, 0.0, 0.0, 0.0, 0.0, 0.0, 0.0, 0.0, 0.0, 0.0, 0.0, 0.0, 0.0, 0.0, 0.9234362549684608, 0.0, 1.0061736422206404, 1.0023417041053924, 0.0, 0.0, 0.0, 0.0, 0.0, 0.0, 0.0, 0.0, 0.0, 0.0, 0.0, 0.0, 0.0, 0.0, 0.0, 0.0, 0.0, 0.9612176998088395, 0.0, 0.0, 0.0, 0.0, 0.0, 0.0], [0.0, 0.0, 0.0, 0.0, 0.0, 0.0, 0.0, 0.0, 0.0, 0.0, 0.0, 0.0, 0.0, 0.0, 0.0, 0.0, 0.0, 0.0, 0.0, 1.0061736422206404, 0.0, 0.0, 0.0, 0.0, 0.0, 0.0, 0.0, 0.0, 0.0, 0.0, 0.0, 0.0, 0.0, 0.0, 0.0, 0.0, 0.0, 0.0, 0.0, 0.0, 0.9837835833785171, 0.9850771669891821, 0.9847279500157862, 0.0, 0.0, 0.0], [0.0, 0.0, 0.0, 0.0, 0.0, 0.0, 0.0, 0.0, 0.0, 0.0, 0.0, 0.0, 0.0, 0.0, 0.0, 0.0, 0.0, 0.0, 0.0, 1.0023417041053924, 0.0, 0.0, 0.0, 0.0, 0.0, 0.0, 0.0, 0.0, 0.0, 0.0, 0.0, 0.0, 0.0, 0.0, 0.0, 0.0, 0.0, 0.0, 0.0, 0.0, 0.0, 0.0, 0.0, 0.9830805367805537, 0.9836741267599857, 0.985021107150986], [0.9841062464777685, 0.0, 0.0, 0.0, 0.0, 0.0, 0.0, 0.0, 0.0, 0.0, 0.0, 0.0, 0.0, 0.0, 0.0, 0.0, 0.0, 0.0, 0.0, 0.0, 0.0, 0.0, 0.0, 0.0, 0.0, 0.0, 0.0, 0.0, 0.0, 0.0, 0.0, 0.0, 0.0, 0.0, 0.0, 0.0, 0.0, 0.0, 0.0, 0.0, 0.0, 0.0, 0.0, 0.0, 0.0, 0.0], [0.9825513880514589, 0.0, 0.0, 0.0, 0.0, 0.0, 0.0, 0.0, 0.0, 0.0, 0.0, 0.0, 0.0, 0.0, 0.0, 0.0, 0.0, 0.0, 0.0, 0.0, 0.0, 0.0, 0.0, 0.0, 0.0, 0.0, 0.0, 0.0, 0.0, 0.0, 0.0, 0.0, 0.0, 0.0, 0.0, 0.0, 0.0, 0.0, 0.0, 0.0, 0.0, 0.0, 0.0, 0.0, 0.0, 0.0], [0.9849703539237434, 0.0, 0.0, 0.0, 0.0, 0.0, 0.0, 0.0, 0.0, 0.0, 0.0, 0.0, 0.0, 0.0, 0.0, 0.0, 0.0, 0.0, 0.0, 0.0, 0.0, 0.0, 0.0, 0.0, 0.0, 0.0, 0.0, 0.0, 0.0, 0.0, 0.0, 0.0, 0.0, 0.0, 0.0, 0.0, 0.0, 0.0, 0.0, 0.0, 0.0, 0.0, 0.0, 0.0, 0.0, 0.0], [0.0, 0.9696910122428665, 0.0, 0.0, 0.0, 0.0, 0.0, 0.0, 0.0, 0.0, 0.0, 0.0, 0.0, 0.0, 0.0, 0.0, 0.0, 0.0, 0.0, 0.0, 0.0, 0.0, 0.0, 0.0, 0.0, 0.0, 0.0, 0.0, 0.0, 0.0, 0.0, 0.0, 0.0, 0.0, 0.0, 0.0, 0.0, 0.0, 0.0, 0.0, 0.0, 0.0, 0.0, 0.0, 0.0, 0.0], [0.0, 0.9698335008085872, 0.0, 0.0, 0.0, 0.0, 0.0, 0.0, 0.0, 0.0, 0.0, 0.0, 0.0, 0.0, 0.0, 0.0, 0.0, 0.0, 0.0, 0.0, 0.0, 0.0, 0.0, 0.0, 0.0, 0.0, 0.0, 0.0, 0.0, 0.0, 0.0, 0.0, 0.0, 0.0, 0.0, 0.0, 0.0, 0.0, 0.0, 0.0, 0.0, 0.0, 0.0, 0.0, 0.0, 0.0], [0.0, 0.0, 0.0, 0.0, 0.0, 0.867072311181123, 0.0, 0.0, 0.0, 0.0, 0.0, 0.0, 0.0, 0.0, 0.0, 0.0, 0.0, 0.0, 0.0, 0.0, 0.0, 0.0, 0.0, 0.0, 0.0, 0.0, 0.0, 0.0, 0.0, 0.0, 0.0, 0.0, 0.0, 0.0, 0.0, 0.0, 0.0, 0.0, 0.0, 0.0, 0.0, 0.0, 0.0, 0.0, 0.0, 0.0], [0.0, 0.0, 0.0, 0.0, 0.0, 0.0, 0.9617360621650003, 0.0, 0.0, 0.0, 0.0, 0.0, 0.0, 0.0, 0.0, 0.0, 0.0, 0.0, 0.0, 0.0, 0.0, 0.0, 0.0, 0.0, 0.0, 0.0, 0.0, 0.0, 0.0, 0.0, 0.0, 0.0, 0.0, 0.0, 0.0, 0.0, 0.0, 0.0, 0.0, 0.0, 0.0, 0.0, 0.0, 0.0, 0.0, 0.0], [0.0, 0.0, 0.0, 0.0, 0.0, 0.0, 0.0, 0.9859979013786853, 0.0, 0.0, 0.0, 0.0, 0.0, 0.0, 0.0, 0.0, 0.0, 0.0, 0.0, 0.0, 0.0, 0.0, 0.0, 0.0, 0.0, 0.0, 0.0, 0.0, 0.0, 0.0, 0.0, 0.0, 0.0, 0.0, 0.0, 0.0, 0.0, 0.0, 0.0, 0.0, 0.0, 0.0, 0.0, 0.0, 0.0, 0.0], [0.0, 0.0, 0.0, 0.0, 0.0, 0.0, 0.0, 0.9841647601195769, 0.0, 0.0, 0.0, 0.0, 0.0, 0.0, 0.0, 0.0, 0.0, 0.0, 0.0, 0.0, 0.0, 0.0, 0.0, 0.0, 0.0, 0.0, 0.0, 0.0, 0.0, 0.0, 0.0, 0.0, 0.0, 0.0, 0.0, 0.0, 0.0, 0.0, 0.0, 0.0, 0.0, 0.0, 0.0, 0.0, 0.0, 0.0], [0.0, 0.0, 0.0, 0.0, 0.0, 0.0, 0.0, 0.9851136709213023, 0.0, 0.0, 0.0, 0.0, 0.0, 0.0, 0.0, 0.0, 0.0, 0.0, 0.0, 0.0, 0.0, 0.0, 0.0, 0.0, 0.0, 0.0, 0.0, 0.0, 0.0, 0.0, 0.0, 0.0, 0.0, 0.0, 0.0, 0.0, 0.0, 0.0, 0.0, 0.0, 0.0, 0.0, 0.0, 0.0, 0.0, 0.0], [0.0, 0.0, 0.0, 0.0, 0.0, 0.0, 0.0, 0.0, 0.9840966557079003, 0.0, 0.0, 0.0, 0.0, 0.0, 0.0, 0.0, 0.0, 0.0, 0.0, 0.0, 0.0, 0.0, 0.0, 0.0, 0.0, 0.0, 0.0, 0.0, 0.0, 0.0, 0.0, 0.0, 0.0, 0.0, 0.0, 0.0, 0.0, 0.0, 0.0, 0.0, 0.0, 0.0, 0.0, 0.0, 0.0, 0.0], [0.0, 0.0, 0.0, 0.0, 0.0, 0.0, 0.0, 0.0, 0.9840904918380141, 0.0, 0.0, 0.0, 0.0, 0.0, 0.0, 0.0, 0.0, 0.0, 0.0, 0.0, 0.0, 0.0, 0.0, 0.0, 0.0, 0.0, 0.0, 0.0, 0.0, 0.0, 0.0, 0.0, 0.0, 0.0, 0.0, 0.0, 0.0, 0.0, 0.0, 0.0, 0.0, 0.0, 0.0, 0.0, 0.0, 0.0], [0.0, 0.0, 0.0, 0.0, 0.0, 0.0, 0.0, 0.0, 0.9781484284634169, 0.0, 0.0, 0.0, 0.0, 0.0, 0.0, 0.0, 0.0, 0.0, 0.0, 0.0, 0.0, 0.0, 0.0, 0.0, 0.0, 0.0, 0.0, 0.0, 0.0, 0.0, 0.0, 0.0, 0.0, 0.0, 0.0, 0.0, 0.0, 0.0, 0.0, 0.0, 0.0, 0.0, 0.0, 0.0, 0.0, 0.0], [0.0, 0.0, 0.0, 0.0, 0.0, 0.0, 0.0, 0.0, 0.0, 0.0, 0.0, 0.9638384184289631, 0.0, 0.0, 0.0, 0.0, 0.0, 0.0, 0.0, 0.0, 0.0, 0.0, 0.0, 0.0, 0.0, 0.0, 0.0, 0.0, 0.0, 0.0, 0.0, 0.0, 0.0, 0.0, 0.0, 0.0, 0.0, 0.0, 0.0, 0.0, 0.0, 0.0, 0.0, 0.0, 0.0, 0.0], [0.0, 0.0, 0.0, 0.0, 0.0, 0.0, 0.0, 0.0, 0.0, 0.0, 0.0, 0.0, 0.9689187517319131, 0.0, 0.0, 0.0, 0.0, 0.0, 0.0, 0.0, 0.0, 0.0, 0.0, 0.0, 0.0, 0.0, 0.0, 0.0, 0.0, 0.0, 0.0, 0.0, 0.0, 0.0, 0.0, 0.0, 0.0, 0.0, 0.0, 0.0, 0.0, 0.0, 0.0, 0.0, 0.0, 0.0], [0.0, 0.0, 0.0, 0.0, 0.0, 0.0, 0.0, 0.0, 0.0, 0.0, 0.0, 0.0, 0.0, 0.9695517428023475, 0.0, 0.0, 0.0, 0.0, 0.0, 0.0, 0.0, 0.0, 0.0, 0.0, 0.0, 0.0, 0.0, 0.0, 0.0, 0.0, 0.0, 0.0, 0.0, 0.0, 0.0, 0.0, 0.0, 0.0, 0.0, 0.0, 0.0, 0.0, 0.0, 0.0, 0.0, 0.0], [0.0, 0.0, 0.0, 0.0, 0.0, 0.0, 0.0, 0.0, 0.0, 0.0, 0.0, 0.0, 0.0, 0.0, 0.9655959891861328, 0.0, 0.0, 0.0, 0.0, 0.0, 0.0, 0.0, 0.0, 0.0, 0.0, 0.0, 0.0, 0.0, 0.0, 0.0, 0.0, 0.0, 0.0, 0.0, 0.0, 0.0, 0.0, 0.0, 0.0, 0.0, 0.0, 0.0, 0.0, 0.0, 0.0, 0.0], [0.0, 0.0, 0.0, 0.0, 0.0, 0.0, 0.0, 0.0, 0.0, 0.0, 0.0, 0.0, 0.0, 0.0, 0.0, 0.0, 0.0, 0.0, 0.0, 0.9612176998088395, 0.0, 0.0, 0.0, 0.0, 0.0, 0.0, 0.0, 0.0, 0.0, 0.0, 0.0, 0.0, 0.0, 0.0, 0.0, 0.0, 0.0, 0.0, 0.0, 0.0, 0.0, 0.0, 0.0, 0.0, 0.0, 0.0], [0.0, 0.0, 0.0, 0.0, 0.0, 0.0, 0.0, 0.0, 0.0, 0.0, 0.0, 0.0, 0.0, 0.0, 0.0, 0.0, 0.0, 0.0, 0.0, 0.0, 0.9837835833785171, 0.0, 0.0, 0.0, 0.0, 0.0, 0.0, 0.0, 0.0, 0.0, 0.0, 0.0, 0.0, 0.0, 0.0, 0.0, 0.0, 0.0, 0.0, 0.0, 0.0, 0.0, 0.0, 0.0, 0.0, 0.0], [0.0, 0.0, 0.0, 0.0, 0.0, 0.0, 0.0, 0.0, 0.0, 0.0, 0.0, 0.0, 0.0, 0.0, 0.0, 0.0, 0.0, 0.0, 0.0, 0.0, 0.9850771669891821, 0.0, 0.0, 0.0, 0.0, 0.0, 0.0, 0.0, 0.0, 0.0, 0.0, 0.0, 0.0, 0.0, 0.0, 0.0, 0.0, 0.0, 0.0, 0.0, 0.0, 0.0, 0.0, 0.0, 0.0, 0.0], [0.0, 0.0, 0.0, 0.0, 0.0, 0.0, 0.0, 0.0, 0.0, 0.0, 0.0, 0.0, 0.0, 0.0, 0.0, 0.0, 0.0, 0.0, 0.0, 0.0, 0.9847279500157862, 0.0, 0.0, 0.0, 0.0, 0.0, 0.0, 0.0, 0.0, 0.0, 0.0, 0.0, 0.0, 0.0, 0.0, 0.0, 0.0, 0.0, 0.0, 0.0, 0.0, 0.0, 0.0, 0.0, 0.0, 0.0], [0.0, 0.0, 0.0, 0.0, 0.0, 0.0, 0.0, 0.0, 0.0, 0.0, 0.0, 0.0, 0.0, 0.0, 0.0, 0.0, 0.0, 0.0, 0.0, 0.0, 0.0, 0.9830805367805537, 0.0, 0.0, 0.0, 0.0, 0.0, 0.0, 0.0, 0.0, 0.0, 0.0, 0.0, 0.0, 0.0, 0.0, 0.0, 0.0, 0.0, 0.0, 0.0, 0.0, 0.0, 0.0, 0.0, 0.0], [0.0, 0.0, 0.0, 0.0, 0.0, 0.0, 0.0, 0.0, 0.0, 0.0, 0.0, 0.0, 0.0, 0.0, 0.0, 0.0, 0.0, 0.0, 0.0, 0.0, 0.0, 0.9836741267599857, 0.0, 0.0, 0.0, 0.0, 0.0, 0.0, 0.0, 0.0, 0.0, 0.0, 0.0, 0.0, 0.0, 0.0, 0.0, 0.0, 0.0, 0.0, 0.0, 0.0, 0.0, 0.0, 0.0, 0.0], [0.0, 0.0, 0.0, 0.0, 0.0, 0.0, 0.0, 0.0, 0.0, 0.0, 0.0, 0.0, 0.0, 0.0, 0.0, 0.0, 0.0, 0.0, 0.0, 0.0, 0.0, 0.985021107150986, 0.0, 0.0, 0.0, 0.0, 0.0, 0.0, 0.0, 0.0, 0.0, 0.0, 0.0, 0.0, 0.0, 0.0, 0.0, 0.0, 0.0, 0.0, 0.0, 0.0, 0.0, 0.0, 0.0, 0.0]], "Born radii": [], "Atomic SASAs": [], "Solvent H bonds": [], "Total SASA": NaN, "Total FOD": 0.0, "FOD": [0.0, 0.0, 0.0, 0.0, 0.0, 0.0, 0.0, 0.0, 0.0, 0.0, 0.0, 0.0, 0.0, 0.0, 0.0, 0.0, 0.0, 0.0, 0.0, 0.0, 0.0, 0.0, 0.0, 0.0, 0.0, 0.0, 0.0, 0.0, 0.0, 0.0, 0.0, 0.0, 0.0, 0.0, 0.0, 0.0, 0.0, 0.0, 0.0, 0.0, 0.0, 0.0, 0.0, 0.0, 0.0, 0.0], "FOD s proportion": [0.0, 0.0, 0.0, 0.0, 0.0, 0.0, 0.0, 0.0, 0.0, 0.0, 0.0, 0.0, 0.0, 0.0, 0.0, 0.0, 0.0, 0.0, 0.0, 0.0, 0.0, 0.0, 0.0, 0.0, 0.0, 0.0, 0.0, 0.0, 0.0, 0.0, 0.0, 0.0, 0.0, 0.0, 0.0, 0.0, 0.0, 0.0, 0.0, 0.0, 0.0, 0.0, 0.0, 0.0, 0.0, 0.0], "FOD p proportion": [0.0, 0.0, 0.0, 0.0, 0.0, 0.0, 0.0, 0.0, 0.0, 0.0, 0.0, 0.0, 0.0, 0.0, 0.0, 0.0, 0.0, 0.0, 0.0, 0.0, 0.0, 0.0, 0.0, 0.0, 0.0, 0.0, 0.0, 0.0, 0.0, 0.0, 0.0, 0.0, 0.0, 0.0, 0.0, 0.0, 0.0, 0.0, 0.0, 0.0, 0.0, 0.0, 0.0, 0.0, 0.0, 0.0], "FOD d proportion": [0.0, 0.0, 0.0, 0.0, 0.0, 0.0, 0.0, 0.0, 0.0, 0.0, 0.0, 0.0, 0.0, 0.0, 0.0, 0.0, 0.0, 0.0, 0.0, 0.0, 0.0, 0.0, 0.0, 0.0, 0.0, 0.0, 0.0, 0.0, 0.0, 0.0, 0.0, 0.0, 0.0, 0.0, 0.0, 0.0, 0.0, 0.0, 0.0, 0.0, 0.0, 0.0, 0.0, 0.0, 0.0, 0.0], "coordinates": [["0.66550", "-0.53890", "3.44520"], ["1.78210", "-0.60470", "2.42310"], ["1.21960", "-0.96020", "1.17150"], ["2.13240", "-0.82750", "-0.16630"], ["3.70700", "-1.96780", "-0.15310"], ["2.30330", "0.80250", "-0.33760"], ["3.15920", "1.37960", "-1.36820"], ["3.28210", "2.87950", "-1.09780"], ["2.60790", "1.14370", "-2.77280"], ["1.06890", "-1.21870", "-1.33430"], ["-0.00480", "-2.02820", "-1.08780"], ["0.16140", "-3.39770", "-1.30580"], ["-0.90310", "-4.26940", "-1.08740"], ["-2.13330", "-3.77190", "-0.66300"], ["-2.30360", "-2.39890", "-0.46020"], ["-1.24030", "-1.50580", "-0.67520"], ["-1.41180", "-0.03440", "-0.47000"], ["-0.55340", "0.80670", "-0.69160"], ["-2.65460", "0.22940", "0.01010"], ["-2.96100", "1.61320", "0.26650"], ["-4.47840", "1.74850", "0.23210"], ["-2.41450", "2.01640", "1.63140"], ["-0.08380", "0.20270", "3.15010"], ["1.05450", "-0.27430", "4.43230"], ["0.14890", "-1.50200", "3.51480"], ["2.51350", "-1.36110", "2.72200"], ["2.28170", "0.36620", "2.35420"], ["1.36090", "1.19230", "-0.43570"], ["4.16280", "0.94640", "-1.29970"], ["3.69570", "3.06610", "-0.10020"], ["3.95180", "3.34990", "-1.82600"], ["2.31040", "3.38280", "-1.16140"], ["3.22590", "1.65300", "-3.52040"], ["1.58410", "1.52110", "-2.87300"], ["2.60570", "0.07900", "-3.02600"], ["1.11840", "-3.78870", "-1.64390"], ["-0.77270", "-5.33680", "-1.25010"], ["-2.96430", "-4.45290", "-0.49280"], ["-3.27830", "-2.04210", "-0.13530"], ["-2.53730", "2.24980", "-0.51980"], ["-4.79060", "2.78070", "0.41750"], ["-4.86590", "1.43660", "-0.74390"], ["-4.94860", "1.09890", "0.97880"], ["-1.32270", "1.93910", "1.65320"], ["-2.68930", "3.04600", "1.87990"], ["-2.79160", "1.35150", "2.41630"]], "bond_dist": [[0.0, 1.515194248273138, 2.377862946008453, 3.9087105060364857, 4.923437858854319, 4.334895458947078, 5.750478371405286, 6.258666241300937, 6.728118943657283, 4.844427711298827, 4.818236770853005, 5.567661560296207, 6.076314587807316, 5.929829481528116, 5.246646926371166, 4.641623143901279, 4.460771971307208, 4.51768423088644, 4.838725132718328, 5.280830460259068, 6.481968650032179, 4.393839838910836, 1.0947625587313443, 1.093480941763504, 1.095117039407204, 2.14805378889822, 2.1497882337569902, 4.3060445202064495, 6.078758046673679, 5.894743268370557, 7.32857984673702, 6.269464926132054, 7.73819469450078, 6.7087314151037525, 6.783996306750174, 6.055184329151343, 6.8654282998222325, 6.633452196254979, 5.534722118589153, 5.8099914397527295, 7.067937369558392, 7.214398451707529, 6.3469391528515535, 3.647559079713446, 5.153285858556655, 4.072319705032992], [1.515194248273138, 0.0, 1.4174939364949677, 2.6224687395658313, 3.492862445044179, 3.1421848720277423, 4.495309398695489, 5.175556631899607, 5.544026065054168, 3.8734616301184652, 4.188768634097615, 4.9327692729338155, 5.741422766179128, 5.9063970582750365, 5.312769242118464, 4.421124954126495, 4.34698365651402, 4.141010299431771, 5.118847399561741, 5.662773311726331, 7.037889704307676, 5.010828839623242, 2.159168027273468, 2.162279019923192, 2.159698687317284, 1.0938135718667967, 1.094072291944184, 3.4028452624237846, 4.68325565605808, 4.848059456112312, 6.19687905804204, 5.3877543921377855, 6.5197361894481585, 5.710245603299389, 5.5532381058261855, 5.207575509774198, 6.512462797590478, 6.770482184453335, 5.8497160170387765, 5.955337691516745, 7.660531953461195, 7.641511544845038, 7.0915850090089165, 4.086985134546001, 5.797938831170953, 4.974484533094861], [2.377862946008453, 1.4174939364949677, 0.0, 1.6249682981523057, 2.992821691982334, 2.561034906048725, 3.9606550329459393, 4.913952058170694, 4.680948043932981, 2.5236018663806696, 2.782843123497981, 3.6329339080142926, 4.534235232098132, 4.744785089969829, 4.140681202411023, 3.12395394652354, 3.2366485521291932, 3.120353540866804, 4.2158538589472005, 4.9918762925377065, 6.378615214135431, 4.719993472453114, 2.6393267948475043, 3.3362454136349142, 2.632679361411108, 2.058870629738547, 2.0703073829748084, 2.690039735765998, 4.290032545331096, 4.894832355658362, 5.918351552586244, 5.049150032431201, 5.7330602246967555, 4.758958939726209, 4.540948810546095, 3.9921336212606913, 5.384053622504144, 5.698584647963036, 4.8072173094213255, 5.222919997472678, 7.119364638083935, 6.815182877223472, 6.5056680932860385, 3.88603456881176, 5.641894026831769, 4.794080659521698], [3.9087105060364857, 2.6224687395658313, 1.6249682981523057, 0.0, 1.9441768155185886, 1.6478624032363867, 2.7148061183075303, 3.9914096933289125, 3.302358542012057, 1.6273578862684142, 2.6188674231430653, 3.433544712101475, 4.6807436449777935, 5.206956763792072, 4.715269999692488, 3.4776680965842615, 3.6445294538527193, 3.1874866854623876, 4.9054585483928, 5.664543749500043, 7.106136446762052, 5.656305517738589, 4.119631468954475, 4.755525271723408, 4.235530629094778, 2.961797268551648, 2.792871359371928, 2.178848468801812, 2.9246950148690716, 4.1962360586601894, 4.849277390498505, 4.3299577480617515, 4.312610498294507, 3.6252971933346374, 3.037044489302058, 3.461243013716315, 5.47247795244531, 6.2631045257124685, 5.5454385444255, 5.603644852236802, 7.828656249957588, 7.378073831292284, 7.427168502868371, 4.785642257837499, 6.5145780815030525, 5.971904198829717], [4.923437858854319, 3.492862445044179, 2.992821691982334, 1.9441768155185886, 0.0, 3.1111052746572234, 3.6030042478465107, 4.9567444346062475, 4.213345600588682, 2.9859597887446507, 3.828155102657153, 3.9930703299591404, 5.236726177680097, 6.133830688077395, 6.033860288405757, 4.996179510385911, 5.48092826170896, 5.112615833406613, 6.732330698948173, 7.580359434749779, 8.997779608881292, 7.51871346308662, 5.476528565615266, 5.561437912986173, 5.131328839589215, 3.1715496448897023, 3.710200719637686, 3.945919408705657, 3.164649560377894, 5.034190631074671, 5.580004905015766, 5.621039121906198, 4.96793308529815, 4.906830303770449, 3.6953763461926306, 3.498429849232366, 5.711504363125358, 7.127226795184787, 6.98571781708938, 7.54413024410369, 9.751053397966807, 9.243029720281116, 9.252310947001295, 6.620005240934482, 8.377585161011496, 7.736366770648869], [4.334895458947078, 3.1421848720277423, 2.561034906048725, 1.6478624032363867, 3.1111052746572234, 0.0, 1.4586793958920514, 2.4186530300975373, 2.477780789335489, 2.5695142906782986, 3.7286710957122517, 4.813193003609973, 6.047096047690991, 6.380786791611204, 5.611374192655485, 4.2425609730444656, 3.8104985736777284, 2.8785532008284993, 5.003010224854633, 5.36050611323222, 6.871020956160736, 5.254345920283513, 4.268730225722868, 5.046874843900926, 4.979271570219885, 3.75319879036536, 2.7270151246371923, 1.0245415608944326, 2.0985909248826937, 2.6681494485879163, 3.3796647126601176, 2.7086241784345058, 3.421221543542598, 2.731645613911146, 2.800427212051761, 4.918284776220262, 6.927152137783607, 7.442508042320142, 6.267928925091604, 5.0556189027655165, 7.403166110523254, 7.208646970132468, 7.376368722481272, 4.289874147338125, 5.905645880003304, 5.81750566995856], [5.750478371405286, 4.495309398695489, 3.9606550329459393, 2.7148061183075303, 3.6030042478465107, 1.4586793958920514, 0.0, 1.5290260233233446, 1.5272464306718807, 3.3349162193374515, 4.658607195289167, 5.640327463011346, 6.963643509686578, 7.419286727172634, 6.704007017448594, 5.306729916813178, 4.868285143661986, 3.8169884372368745, 6.084648007074854, 6.339058375658012, 7.812168780818806, 6.361544316437636, 5.684819917992126, 6.388344664308587, 6.419440291022263, 4.965692400864154, 3.956418528164077, 2.034335377955169, 1.0952476660554908, 2.177139981719136, 2.1725279491873057, 2.185414816459337, 2.170520972024919, 2.1829762481529658, 2.1785828995014165, 5.563470141916824, 7.783560507890974, 8.501860599892238, 7.393881223687598, 5.824701095335279, 8.267473963672337, 8.049548403482023, 8.44533139255056, 5.434089235557326, 6.894345133513407, 7.052322347992893], [6.258666241300937, 5.175556631899607, 4.913952058170694, 3.9914096933289125, 4.9567444346062475, 2.4186530300975373, 1.5290260233233446, 0.0, 2.5046301683082874, 4.66362838678212, 5.90671913163306, 7.01322125203533, 8.283886672933182, 8.588173854784264, 7.711555278282066, 6.313600289058533, 5.560363590629663, 4.378648025361253, 6.595064769204318, 6.514685548052185, 7.95444248580628, 6.375321624043763, 6.044765955767022, 6.744676583054224, 7.091583973274236, 5.758845922578586, 4.385633483318003, 2.6412174635951504, 2.133839663611116, 1.0959426444846465, 1.0954677037685774, 1.096155436058226, 2.7159623432588313, 2.807096293325186, 3.4667380128876193, 7.031693547076693, 9.163633778147183, 9.65130186658774, 8.257566286140245, 5.881838356330442, 8.214279080966268, 8.282337207576132, 8.673363039213795, 5.445781504981631, 6.674731267998734, 7.181470218555528], [6.728118943657283, 5.544026065054168, 4.680948043932981, 3.302358542012057, 4.213345600588682, 2.477780789335489, 1.5272464306718807, 2.5046301683082874, 0.0, 3.1652388551261024, 4.441438494451994, 5.36299964665298, 6.668534004562022, 7.147961726254555, 6.482358040867536, 5.121368884390187, 4.780041374297926, 3.7998394873994346, 6.0228218593944804, 6.361636735149218, 7.720806612006286, 6.736696867901953, 6.573543511683786, 7.505813851275557, 7.251229085472339, 6.039516656157179, 5.195867751396297, 2.64941642064814, 2.1509683656437164, 3.467235405910594, 2.751329840277243, 2.77465043203644, 1.0955438147331216, 1.0957359353420877, 1.0943953444710917, 5.274618016501289, 7.466187239816585, 8.22008177574895, 7.193961240512769, 5.724731369243451, 8.221653443194988, 7.749833034330481, 8.436658215786627, 5.97258348790538, 7.302512610054159, 7.491631324351192], [4.844427711298827, 3.8734616301184652, 2.5236018663806696, 1.6273578862684142, 2.9859597887446507, 2.5695142906782986, 3.3349162193374515, 4.66362838678212, 3.1652388551261024, 0.0, 1.3670713916983268, 2.36059515800571, 3.640949615141632, 4.150127560690153, 3.678407141685107, 2.4185210067311798, 2.881571354313476, 2.6734183623219168, 4.215312232800792, 5.179026188387156, 6.483087388736943, 5.603153046276712, 4.843442846777486, 5.843438566460676, 4.943726297035466, 4.308215014364999, 4.193783983468868, 2.5895302585604205, 3.7763835054189077, 5.175190053514943, 5.424480367740306, 4.769173818388254, 4.204562176969202, 3.1842633009850174, 2.6282367511318308, 2.5890543466679103, 4.511909552506566, 5.237831052067258, 4.584074214058931, 5.069376780236403, 7.307375989368551, 6.528479247880015, 6.850693951710293, 4.961512637291172, 6.5301466269908515, 5.964594592258556], [4.818236770853005, 4.188768634097615, 2.782843123497981, 2.6188674231430653, 3.828155102657153, 3.7286710957122517, 4.658607195289167, 5.90671913163306, 4.441438494451994, 1.3670713916983268, 0.0, 1.3966662772473601, 2.4145228286350906, 2.7841438504502602, 2.4115931850127623, 1.4034246577568745, 2.5172533205857532, 2.9145487489489694, 3.650148244934718, 4.88190955364804, 6.0015577861085365, 5.43686415960524, 4.789880188480709, 5.888105443179494, 4.6351307306267, 4.6153475860437645, 4.775834755307181, 3.558369169999088, 5.124649893407354, 6.373456401357116, 6.717408905969622, 5.885956931544776, 5.4686560222782346, 4.278910228083781, 3.874483362978863, 2.1610612439262336, 3.400418453661255, 3.8719291496617028, 3.4092890329216736, 5.003745022480662, 6.949484077253505, 5.979414641919391, 6.204091263835502, 4.998940957842971, 6.462297515589946, 5.609576021411957], [5.567661560296207, 4.9327692729338155, 3.6329339080142926, 3.433544712101475, 3.9930703299591404, 4.813193003609973, 5.640327463011346, 7.01322125203533, 5.36299964665298, 2.36059515800571, 1.3966662772473601, 0.0, 1.3930971610049316, 2.4122324867226212, 2.790853955333385, 2.4375612525637176, 3.805956748309155, 4.308730676196877, 4.776746091221512, 6.109879529090569, 7.097623185968666, 6.676442425423887, 5.733938263532317, 6.593864328297936, 5.179963233460254, 5.089527169590511, 5.661997465559305, 4.823274226083356, 5.906136129484318, 7.464948646172993, 7.756793535991531, 7.114368040100259, 6.309134956553078, 5.354884178952893, 4.584880960286755, 1.0876771625808828, 2.153080144815794, 3.397707540386606, 3.8780481817532904, 6.308330519241997, 8.103375435582384, 6.997137514012427, 7.17989614966679, 6.280100958583389, 7.732816089239417, 6.717822418760412], [6.076314587807316, 5.741422766179128, 4.534235232098132, 4.6807436449777935, 5.236726177680097, 6.047096047690991, 6.963643509686578, 8.283886672933182, 6.668534004562022, 3.640949615141632, 2.4145228286350906, 1.3930971610049316, 0.0, 1.393202659342854, 2.4194111556327087, 2.814444463832961, 4.309893670382136, 5.103502614871477, 4.950904961721645, 6.377537171981046, 7.123129280730486, 7.013379003019871, 6.215089472405044, 7.08943649805822, 5.472243744571325, 5.885821336907875, 6.593659754643093, 5.948157343245049, 7.27413113299451, 8.713959233895922, 9.064729254644067, 8.299892956538658, 7.6185925051809935, 6.5501466739302865, 5.91425650103206, 2.15109901910628, 1.087574461818592, 2.153083103365962, 3.392482091330771, 6.744831209155645, 8.190316860170917, 6.955588550942329, 7.03234652018798, 6.799442974979641, 8.093853031158893, 6.887442395403391], [5.929829481528116, 5.9063970582750365, 4.744785089969829, 5.206956763792072, 6.133830688077395, 6.380786791611204, 7.419286727172634, 8.588173854784264, 7.147961726254555, 4.150127560690153, 2.7841438504502602, 2.4122324867226212, 1.393202659342854, 0.0, 1.3983057355242452, 2.43573542282408, 3.8113931180081644, 4.843601958253795, 4.090870199603014, 5.527057042405117, 6.064281835469061, 6.232797260460186, 5.876872214026778, 6.953945404588679, 5.273982905736423, 6.234014106496713, 6.761626464838176, 6.074897576914363, 7.893580745770579, 9.002901134634325, 9.439335053381674, 8.437096914223519, 8.14342062096758, 6.835130705407176, 6.547619476573146, 3.396468745