{"total energy": -30.38259304, "HOMO-LUMO gap/eV": 11.81302693, "electronic energy": -30.77248501, "dipole": [-0.2627764, -0.65229652, 0.15503445], "partial charges": [-0.10002474, -0.05186879, -0.05972282, -0.05527791, -0.06960394, 0.10763036, -0.44471146, -0.06488152, -0.09962586, 0.03332684, 0.03145361, 0.03084136, 0.02667068, 0.03016761, 0.03805261, 0.02823581, 0.02677355, 0.04020468, 0.02940051, 0.02575703, 0.04582035, 0.28240937, 0.02790652, 0.02913549, 0.0353841, 0.04525876, 0.03128783], "atomic dipole moments": [[-0.05769524, -0.03248335, 0.07640558], [-0.03799333, 0.01406208, -0.10306524], [0.03605054, -0.01820611, 0.10624062], [-0.04539995, -0.00058059, -0.10584941], [0.02878724, 0.10167676, -0.01517726], [-0.04643757, 0.061795, 0.16636554], [-0.04993831, -0.22382391, -0.04405466], [0.04528814, 0.09607277, -0.01587803], [0.06037159, -0.08410066, 0.04264684], [-0.04268952, 0.10850039, -0.04812188], [0.00509998, -0.08495126, -0.09242119], [0.1163935, 0.01949669, 0.03980782], [0.05100497, -0.1017268, 0.04623682], [0.00499264, 0.08498722, 0.09009028], [-0.0462774, 0.10599333, -0.0489846], [-0.00179046, -0.08338208, -0.09132536], [0.05011384, -0.09661136, 0.05261021], [-0.0009025, 0.08590764, 0.0927561], [0.00438223, -0.095359, -0.08052383], [-0.0481792, -0.04851474, 0.09968424], [0.05391553, 0.04581753, -0.1098857], [-0.03396067, -0.03376483, 0.06215958], [-0.06367154, -0.03767299, 0.09858466], [0.00039624, -0.0955702, -0.07967056], [0.0519777, 0.04395457, -0.10747672], [-0.01732605, 0.09901373, 0.08008069], [-0.11274602, -0.04321899, -0.0282521]], "atomic quadrupole moments": [[0.00850731, 0.06823159, -0.09262207, -0.14725592, -0.08457693, 0.08411476], [0.17288111, 0.11237899, -0.18989204, -0.05473579, -0.07557736, 0.01701093], [0.1807675, 0.11158073, -0.20373361, -0.04178226, -0.06643557, 0.02296612], [0.17776029, 0.13498876, -0.1699119, -0.04377545, -0.06535102, -0.00784838], [0.13361097, -0.04484234, 0.0149364, 0.12936681, -0.06163489, -0.14854737], [-0.08301954, -0.05036395, 0.13300625, 0.0830459, 0.26886937, -0.04998671], [-0.09860125, 0.01099237, 0.07151312, -0.01882184, 0.1119864, 0.02708813], [0.1433579, -0.02459732, 0.00941572, 0.13795818, -0.06923164, -0.15277362], [0.00045591, -0.13569558, 0.0675548, 0.09008479, -0.11829053, -0.06801071], [-0.01852892, -0.04774481, 0.0429005, 0.00547511, -0.03610262, -0.02437158], [-0.04676906, 0.01090517, 0.02717654, -0.00486924, 0.05732467, 0.01959252], [0.06429796, 0.02065375, -0.04993798, 0.03841402, 0.00022228, -0.01435998], [-0.00929963, -0.02415167, 0.03946802, 0.00345513, -0.02699151, -0.03016839], [-0.02083086, 0.0016282, 0.01612028, -0.01003748, 0.04523154, 0.00471058], [-0.00627048, -0.02766849, 0.03475426, 0.00502705, -0.02237499, -0.02848378], [-0.02368274, 0.00209092, 0.01959597, -0.00625587, 0.04667575, 0.00408678], [0.00139744, -0.02915432, 0.03210189, 0.00641379, -0.03099868, -0.03349934], [-0.02318283, 0.00127577, 0.02676882, -0.01616571, 0.0419364, -0.003586], [-0.02013824, -0.0154729, 0.00273891, 0.00374048, 0.05210976, 0.01739934], [0.01194387, 0.01110671, -0.04501697, -0.03121672, -0.02992965, 0.0330731], [-0.00413949, 0.00816712, -0.00665247, -0.01771635, -0.01247056, 0.01079196], [-0.05087137, 0.03593002, -0.0316907, -0.08167208, -0.04610504, 0.08256206], [-0.00846661, -0.00363148, -0.03247798, -0.02965042, -0.03053263, 0.04094459], [-0.02439484, -0.01731973, 0.0147551, 0.00614247, 0.04838623, 0.00963974], [-0.00906348, 0.00619053, -0.02759355, -0.05207693, -0.033819, 0.03665703], [-0.04653031, -0.00919475, 0.02357955, 0.00415678, 0.05449858, 0.02295076], [0.05833265, 0.04192845, -0.01104118, 0.02886826, 0.00387521, -0.04729147]], "number of molecular orbitals": 54, "number of electrons": 56, "number of unpaired electrons": 0, "orbital energies/eV": [-18.42307761, -17.14469786, -16.86151318, -16.64469739, -16.25938138, -15.99336193, -15.62593314, -15.15476499, -15.03046422, -14.54197063, -14.32959713, -14.19357378, -13.78084605, -13.56208534, -13.26985172, -13.15882379, -12.96415404, -12.68247467, -12.50051337, -12.48429259, -12.12747159, -11.98140809, -11.83907972, -11.66896764, -11.62919352, -11.45903128, -11.28020806, -10.87695437, 0.93607257, 1.70973129, 1.96936638, 2.87128418, 3.04685617, 3.11341882, 3.34152555, 3.8355251, 4.07392064, 4.30096176, 4.59694894, 4.6487246, 4.73958373, 4.80366355, 4.9124979, 5.08793296, 5.48246667, 5.85070546, 6.35193424, 6.96615406, 7.07512372, 7.27443384, 7.39319724, 7.45849629, 8.05317605, 8.48445543], "fractional occupation": [2.0, 2.0, 2.0, 2.0, 2.0, 2.0, 2.0, 2.0, 2.0, 2.0, 2.0, 2.0, 2.0, 2.0, 2.0, 2.0, 2.0, 2.0, 2.0, 2.0, 2.0, 2.0, 2.0, 2.0, 2.0, 2.0, 2.0, 2.0, 0.0, 0.0, 0.0, 0.0, 0.0, 0.0, 0.0, 0.0, 0.0, 0.0, 0.0, 0.0, 0.0, 0.0, 0.0, 0.0, 0.0, 0.0, 0.0, 0.0, 0.0, 0.0, 0.0, 0.0, 0.0, 0.0], "program call": "xtb /home/svss/Project-DBcg-Debug/aqme2_20220329/End-to-End-workflows-final/example-3/QDESCP/mol_893_rdkit_conf_9/mol_893_rdkit_conf_9.xyz --pop --wbo --acc 0.2 --gfn 2 --chrg 0 --uhf 0 --etemp 300 --input /home/svss/Project-DBcg-Debug/aqme2_20220329/End-to-End-workflows-final/example-3/QDESCP/mol_893_rdkit_conf_9/mol_893_rdkit_conf_9_xtb.inp", "method": "GFN2-xTB", "xtb version": "6.3.3 (7355c4f)", "Dipole module/D": 1.83, "Total charge": 0, "Transition dipole module/D": NaN, "HOMO": -10.877, "LUMO": 0.9361, "HOMO occupancy": 2.0, "LUMO occupancy": 0, "mulliken charges": [-0.0835, -0.03784, -0.04885, -0.03871, -0.07178, 0.21498, -0.56389, -0.0642, -0.07705, 0.0277, 0.0255, 0.0276, 0.02018, 0.024, 0.02961, 0.01904, 0.02082, 0.03134, 0.02473, 0.02294, 0.02902, 0.33302, 0.02209, 0.02372, 0.02792, 0.03635, 0.02524], "cm5 charges": [-0.23386, -0.15044, -0.15944, -0.14836, -0.17816, 0.1672, -0.77569, -0.17259, -0.22645, 0.07899, 0.0768, 0.07839, 0.07489, 0.07873, 0.08619, 0.07456, 0.07584, 0.08908, 0.08038, 0.08008, 0.09655, 0.50352, 0.07914, 0.07889, 0.07968, 0.09001, 0.0761], "FUKUI+": [0.006, -0.01, -0.001, -0.015, -0.011, -0.032, -0.081, -0.003, 0.012, -0.026, -0.028, -0.05, -0.033, -0.031, -0.024, -0.037, -0.062, -0.044, -0.077, -0.057, -0.061, -0.076, -0.046, -0.068, -0.038, -0.036, -0.07], "FUKUI-": [0.019, 0.007, 0.012, 0.011, 0.001, -0.012, -0.091, -0.003, 0.013, -0.057, -0.061, -0.051, -0.078, -0.074, -0.057, -0.057, -0.068, -0.037, -0.046, -0.043, -0.04, -0.045, -0.04, -0.049, -0.038, -0.034, -0.08], "FUKUIrad": [0.013, -0.002, 0.005, -0.002, -0.005, -0.022, -0.086, -0.003, 0.013, -0.042, -0.044, -0.05, -0.055, -0.053, -0.041, -0.047, -0.065, -0.041, -0.062, -0.05, -0.051, -0.061, -0.043, -0.059, -0.038, -0.035, -0.075], "s proportion": [1.007, 1.027, 1.032, 1.03, 1.042, 1.019, 1.699, 1.037, 1.006, 0.972, 0.974, 0.972, 0.98, 0.976, 0.97, 0.981, 0.979, 0.969, 0.975, 0.977, 0.971, 0.667, 0.978, 0.976, 0.972, 0.964, 0.975], "p proportion": [3.076, 3.011, 3.017, 3.008, 3.03, 2.766, 4.865, 3.027, 3.071, 0.0, 0.0, 0.0, 0.0, 0.0, 0.0, 0.0, 0.0, 0.0, 0.0, 0.0, 0.0, 0.0, 0.0, 0.0, 0.0, 0.0, 0.0], "d proportion": [0.0, 0.0, 0.0, 0.0, 0.0, 0.0, 0.0, 0.0, 0.0, 0.0, 0.0, 0.0, 0.0, 0.0, 0.0, 0.0, 0.0, 0.0, 0.0, 0.0, 0.0, 0.0, 0.0, 0.0, 0.0, 0.0, 0.0], "Fermi-level/eV": -4.9704, "Coordination numbers": [3.75, 3.8, 3.801, 3.8, 3.8, 3.724, 1.653, 3.8, 3.749, 0.924, 0.924, 0.924, 0.924, 0.924, 0.924, 0.924, 0.924, 0.924, 0.924, 0.924, 0.924, 0.804, 0.924, 0.924, 0.924, 0.924, 0.924], "Dispersion coefficient C6": [22.474, 21.506, 21.649, 21.569, 21.833, 18.913, 21.737, 21.746, 22.467, 2.54, 2.566, 2.575, 2.634, 2.584, 2.475, 2.612, 2.633, 2.446, 2.595, 2.648, 2.373, 0.777, 2.617, 2.599, 2.511, 2.38, 2.568], "Total dispersion C6": 4851.4832, "Total dispersion C8": 100718.481811, "Polarizability alpha": [6.761, 6.603, 6.625, 6.612, 6.653, 6.21, 6.294, 6.639, 6.76, 2.492, 2.505, 2.509, 2.538, 2.514, 2.46, 2.527, 2.538, 2.446, 2.519, 2.545, 2.409, 1.384, 2.53, 2.521, 2.478, 2.413, 2.506], "Total polarizability alpha": 102.991809, "Wiberg matrix": [[0.0, 1.0202026837971194, 0.0, 0.0, 0.0, 0.0, 0.0, 0.0, 0.0, 0.9876395281975904, 0.9877612689104671, 0.9874198480468062, 0.0, 0.0, 0.0, 0.0, 0.0, 0.0, 0.0, 0.0, 0.0, 0.0, 0.0, 0.0, 0.0, 0.0, 0.0], [1.0202026837971194, 0.0, 1.0074878501248712, 0.0, 0.0, 0.0, 0.0, 0.0, 0.0, 0.0, 0.0, 0.0, 0.978053171891914, 0.9781418011759484, 0.0, 0.0, 0.0, 0.0, 0.0, 0.0, 0.0, 0.0, 0.0, 0.0, 0.0, 0.0, 0.0], [0.0, 1.0074878501248712, 0.0, 1.0086582122598946, 0.0, 0.0, 0.0, 0.0, 0.0, 0.0, 0.0, 0.0, 0.0, 0.0, 0.9749075866346639, 0.9772260412974891, 0.0, 0.0, 0.0, 0.0, 0.0, 0.0, 0.0, 0.0, 0.0, 0.0, 0.0], [0.0, 0.0, 1.0086582122598946, 0.0, 1.005490185389477, 0.0, 0.0, 0.0, 0.0, 0.0, 0.0, 0.0, 0.0, 0.0, 0.0, 0.0, 0.9766410332936194, 0.9762922984414193, 0.0, 0.0, 0.0, 0.0, 0.0, 0.0, 0.0, 0.0, 0.0], [0.0, 0.0, 0.0, 1.005490185389477, 0.0, 0.9882788629667016, 0.0, 0.0, 0.0, 0.0, 0.0, 0.0, 0.0, 0.0, 0.0, 0.0, 0.0, 0.0, 0.9759374439591766, 0.975112148058792, 0.0, 0.0, 0.0, 0.0, 0.0, 0.0, 0.0], [0.0, 0.0, 0.0, 0.0, 0.9882788629667016, 0.0, 0.9869265941702773, 0.9877951947253285, 0.0, 0.0, 0.0, 0.0, 0.0, 0.0, 0.0, 0.0, 0.0, 0.0, 0.0, 0.0, 0.9602892792268042, 0.0, 0.0, 0.0, 0.0, 0.0, 0.0], [0.0, 0.0, 0.0, 0.0, 0.0, 0.9869265941702773, 0.0, 0.0, 0.0, 0.0, 0.0, 0.0, 0.0, 0.0, 0.0, 0.0, 0.0, 0.0, 0.0, 0.0, 0.0, 0.9021494585076834, 0.0, 0.0, 0.0, 0.0, 0.0], [0.0, 0.0, 0.0, 0.0, 0.0, 0.9877951947253285, 0.0, 0.0, 1.019733990709672, 0.0, 0.0, 0.0, 0.0, 0.0, 0.0, 0.0, 0.0, 0.0, 0.0, 0.0, 0.0, 0.0, 0.9757248823108142, 0.976735220158383, 0.0, 0.0, 0.0], [0.0, 0.0, 0.0, 0.0, 0.0, 0.0, 0.0, 1.019733990709672, 0.0, 0.0, 0.0, 0.0, 0.0, 0.0, 0.0, 0.0, 0.0, 0.0, 0.0, 0.0, 0.0, 0.0, 0.0, 0.0, 0.9875571433593178, 0.9866042244642432, 0.987217222925224], [0.9876395281975904, 0.0, 0.0, 0.0, 0.0, 0.0, 0.0, 0.0, 0.0, 0.0, 0.0, 0.0, 0.0, 0.0, 0.0, 0.0, 0.0, 0.0, 0.0, 0.0, 0.0, 0.0, 0.0, 0.0, 0.0, 0.0, 0.0], [0.9877612689104671, 0.0, 0.0, 0.0, 0.0, 0.0, 0.0, 0.0, 0.0, 0.0, 0.0, 0.0, 0.0, 0.0, 0.0, 0.0, 0.0, 0.0, 0.0, 0.0, 0.0, 0.0, 0.0, 0.0, 0.0, 0.0, 0.0], [0.9874198480468062, 0.0, 0.0, 0.0, 0.0, 0.0, 0.0, 0.0, 0.0, 0.0, 0.0, 0.0, 0.0, 0.0, 0.0, 0.0, 0.0, 0.0, 0.0, 0.0, 0.0, 0.0, 0.0, 0.0, 0.0, 0.0, 0.0], [0.0, 0.978053171891914, 0.0, 0.0, 0.0, 0.0, 0.0, 0.0, 0.0, 0.0, 0.0, 0.0, 0.0, 0.0, 0.0, 0.0, 0.0, 0.0, 0.0, 0.0, 0.0, 0.0, 0.0, 0.0, 0.0, 0.0, 0.0], [0.0, 0.9781418011759484, 0.0, 0.0, 0.0, 0.0, 0.0, 0.0, 0.0, 0.0, 0.0, 0.0, 0.0, 0.0, 0.0, 0.0, 0.0, 0.0, 0.0, 0.0, 0.0, 0.0, 0.0, 0.0, 0.0, 0.0, 0.0], [0.0, 0.0, 0.9749075866346639, 0.0, 0.0, 0.0, 0.0, 0.0, 0.0, 0.0, 0.0, 0.0, 0.0, 0.0, 0.0, 0.0, 0.0, 0.0, 0.0, 0.0, 0.0, 0.0, 0.0, 0.0, 0.0, 0.0, 0.0], [0.0, 0.0, 0.9772260412974891, 0.0, 0.0, 0.0, 0.0, 0.0, 0.0, 0.0, 0.0, 0.0, 0.0, 0.0, 0.0, 0.0, 0.0, 0.0, 0.0, 0.0, 0.0, 0.0, 0.0, 0.0, 0.0, 0.0, 0.0], [0.0, 0.0, 0.0, 0.9766410332936194, 0.0, 0.0, 0.0, 0.0, 0.0, 0.0, 0.0, 0.0, 0.0, 0.0, 0.0, 0.0, 0.0, 0.0, 0.0, 0.0, 0.0, 0.0, 0.0, 0.0, 0.0, 0.0, 0.0], [0.0, 0.0, 0.0, 0.9762922984414193, 0.0, 0.0, 0.0, 0.0, 0.0, 0.0, 0.0, 0.0, 0.0, 0.0, 0.0, 0.0, 0.0, 0.0, 0.0, 0.0, 0.0, 0.0, 0.0, 0.0, 0.0, 0.0, 0.0], [0.0, 0.0, 0.0, 0.0, 0.9759374439591766, 0.0, 0.0, 0.0, 0.0, 0.0, 0.0, 0.0, 0.0, 0.0, 0.0, 0.0, 0.0, 0.0, 0.0, 0.0, 0.0, 0.0, 0.0, 0.0, 0.0, 0.0, 0.0], [0.0, 0.0, 0.0, 0.0, 0.975112148058792, 0.0, 0.0, 0.0, 0.0, 0.0, 0.0, 0.0, 0.0, 0.0, 0.0, 0.0, 0.0, 0.0, 0.0, 0.0, 0.0, 0.0, 0.0, 0.0, 0.0, 0.0, 0.0], [0.0, 0.0, 0.0, 0.0, 0.0, 0.9602892792268042, 0.0, 0.0, 0.0, 0.0, 0.0, 0.0, 0.0, 0.0, 0.0, 0.0, 0.0, 0.0, 0.0, 0.0, 0.0, 0.0, 0.0, 0.0, 0.0, 0.0, 0.0], [0.0, 0.0, 0.0, 0.0, 0.0, 0.0, 0.9021494585076834, 0.0, 0.0, 0.0, 0.0, 0.0, 0.0, 0.0, 0.0, 0.0, 0.0, 0.0, 0.0, 0.0, 0.0, 0.0, 0.0, 0.0, 0.0, 0.0, 0.0], [0.0, 0.0, 0.0, 0.0, 0.0, 0.0, 0.0, 0.9757248823108142, 0.0, 0.0, 0.0, 0.0, 0.0, 0.0, 0.0, 0.0, 0.0, 0.0, 0.0, 0.0, 0.0, 0.0, 0.0, 0.0, 0.0, 0.0, 0.0], [0.0, 0.0, 0.0, 0.0, 0.0, 0.0, 0.0, 0.976735220158383, 0.0, 0.0, 0.0, 0.0, 0.0, 0.0, 0.0, 0.0, 0.0, 0.0, 0.0, 0.0, 0.0, 0.0, 0.0, 0.0, 0.0, 0.0, 0.0], [0.0, 0.0, 0.0, 0.0, 0.0, 0.0, 0.0, 0.0, 0.9875571433593178, 0.0, 0.0, 0.0, 0.0, 0.0, 0.0, 0.0, 0.0, 0.0, 0.0, 0.0, 0.0, 0.0, 0.0, 0.0, 0.0, 0.0, 0.0], [0.0, 0.0, 0.0, 0.0, 0.0, 0.0, 0.0, 0.0, 0.9866042244642432, 0.0, 0.0, 0.0, 0.0, 0.0, 0.0, 0.0, 0.0, 0.0, 0.0, 0.0, 0.0, 0.0, 0.0, 0.0, 0.0, 0.0, 0.0], [0.0, 0.0, 0.0, 0.0, 0.0, 0.0, 0.0, 0.0, 0.987217222925224, 0.0, 0.0, 0.0, 0.0, 0.0, 0.0, 0.0, 0.0, 0.0, 0.0, 0.0, 0.0, 0.0, 0.0, 0.0, 0.0, 0.0, 0.0]], "Born radii": [], "Atomic SASAs": [], "Solvent H bonds": [], "Total SASA": NaN, "Total FOD": 0.0, "FOD": [0.0, 0.0, 0.0, 0.0, 0.0, 0.0, 0.0, 0.0, 0.0, 0.0, 0.0, 0.0, 0.0, 0.0, 0.0, 0.0, 0.0, 0.0, 0.0, 0.0, 0.0, 0.0, 0.0, 0.0, 0.0, 0.0, 0.0], "FOD s proportion": [0.0, 0.0, 0.0, 0.0, 0.0, 0.0, 0.0, 0.0, 0.0, 0.0, 0.0, 0.0, 0.0, 0.0, 0.0, 0.0, 0.0, 0.0, 0.0, 0.0, 0.0, 0.0, 0.0, 0.0, 0.0, 0.0, 0.0], "FOD p proportion": [0.0, 0.0, 0.0, 0.0, 0.0, 0.0, 0.0, 0.0, 0.0, 0.0, 0.0, 0.0, 0.0, 0.0, 0.0, 0.0, 0.0, 0.0, 0.0, 0.0, 0.0, 0.0, 0.0, 0.0, 0.0, 0.0, 0.0], "FOD d proportion": [0.0, 0.0, 0.0, 0.0, 0.0, 0.0, 0.0, 0.0, 0.0, 0.0, 0.0, 0.0, 0.0, 0.0, 0.0, 0.0, 0.0, 0.0, 0.0, 0.0, 0.0, 0.0, 0.0, 0.0, 0.0, 0.0, 0.0], "coordinates": [["3.93910", "0.55210", "-0.97380"], ["3.07650", "0.07240", "0.18270"], ["1.63520", "-0.18190", "-0.26110"], ["0.77200", "-0.65990", "0.90830"], ["-0.65280", "-1.04920", "0.49440"], ["-1.49330", "0.10870", "-0.06060"], ["-1.54730", "1.16440", "0.89540"], ["-2.91630", "-0.35570", "-0.39490"], ["-3.75640", "0.75490", "-1.01170"], ["3.55400", "1.48930", "-1.38820"], ["3.96880", "-0.19210", "-1.77600"], ["4.96480", "0.72690", "-0.63440"], ["3.50760", "-0.84740", "0.59460"], ["3.09320", "0.82440", "0.98010"], ["1.22220", "0.74270", "-0.67960"], ["1.62400", "-0.93440", "-1.05870"], ["1.24380", "-1.53900", "1.36510"], ["0.73850", "0.11350", "1.68490"], ["-0.60840", "-1.85960", "-0.24320"], ["-1.14960", "-1.45510", "1.38530"], ["-1.02760", "0.50920", "-0.96690"], ["-1.96300", "0.81480", "1.70210"], ["-3.42090", "-0.69990", "0.51610"], ["-2.87750", "-1.20140", "-1.09120"], ["-3.29480", "1.13030", "-1.93050"], ["-3.87860", "1.59380", "-0.31950"], ["-4.75320", "0.37830", "-1.26230"]], "bond_dist": [[0.0, 1.520422013784331, 2.5208436087944843, 3.8783716712042953, 5.079893555971424, 5.526437148832871, 5.828327795345762, 6.9394333493448865, 7.698265031810739, 1.0947023385377417, 1.0946417541826183, 1.0944441009023718, 2.1458497291283005, 2.1464899976473215, 2.739421035547475, 2.752558495291244, 4.13615697356858, 4.183885276868858, 5.199021975333437, 5.95727054446917, 4.9668900642152325, 6.48569475923744, 7.612943321081538, 7.039501443284175, 7.3197608799741545, 7.913891626121753, 8.698822792769144], [1.520422013784331, 0.0, 1.529370007552129, 2.524574993934623, 3.9067661742162145, 4.576416132739679, 4.804157754487252, 6.0357719647117225, 6.970001436154802, 2.1687182089888952, 2.168562941212452, 2.159096929273904, 1.0961481925360277, 1.096188692698479, 2.152043649650257, 2.1597399033216935, 2.7117280486803983, 2.7793053178807106, 4.1824039522743375, 4.651819452644309, 4.284391579909568, 5.315664997909481, 6.551626485843038, 6.220571006748496, 6.795456595402548, 7.137245884092827, 7.967797807424582], [2.5208436087944843, 1.529370007552129, 0.0, 1.5300635934496318, 2.5608462546587996, 3.1483584389328985, 3.643943219919872, 4.556781883083719, 5.523617035964749, 2.782994302904697, 2.782214048199742, 3.4715279762663585, 2.1635606069625135, 2.1630952660481695, 1.0957173038699353, 1.0966072450973503, 2.153936120222696, 2.16292580778907, 2.801560040406059, 3.4766049876280163, 2.8401191330646673, 4.21836560411731, 5.1416447806125225, 4.7003093036522605, 5.3678361748473655, 5.792970869079181, 6.49059935907309], [3.8783716712042953, 2.524574993934623, 1.5300635934496318, 0.0, 1.5339239681287988, 2.5809101611640806, 2.950828593802087, 3.923572959688656, 5.118052911019972, 4.1991066776160855, 4.200456352588371, 4.677895827185552, 2.7599042193525483, 2.756133373042749, 2.165962421188327, 2.1610976956167436, 1.0973050122914776, 1.0965296940803748, 2.161188677556867, 2.133639754035343, 2.849864910833494, 3.2070365651173987, 4.211393029628082, 4.19643571975075, 5.272804160975448, 5.3117545961762955, 6.026375248853991], [5.079893555971424, 3.9067661742162145, 2.5608462546587996, 1.5339239681287988, 0.0, 1.5346653250790545, 2.4209411826808185, 2.5288789986869675, 3.8929997405599712, 5.261685210082412, 5.220011794047979, 5.9988457564768245, 4.166496302650465, 4.216491130074863, 2.846894204216237, 2.758462776620341, 2.1436217226926955, 2.1690728964237236, 1.0967102078489104, 1.0978469201122716, 2.1689820861408697, 2.5786933377197063, 2.790136016397767, 2.736161963407868, 4.196489516250457, 4.248960796477181, 4.683698463821085], [5.526437148832871, 4.576416132739679, 3.1483584389328985, 2.5809101611640806, 1.5346653250790545, 0.0, 1.4252559384194825, 1.5337381947385935, 2.538461593170163, 5.3985012188569526, 5.733028362916059, 6.512946590445832, 5.133460339770825, 4.7572329383792, 2.856406352394561, 3.4353777827191, 3.498464261643957, 2.833323936651085, 2.1657783035204687, 2.1573657408979128, 1.0948316902611104, 1.9560947293012165, 2.168423069882812, 2.1666813355913694, 2.7902678760291098, 2.821738348961505, 3.4847833591200468], [5.828327795345762, 4.804157754487252, 3.643943219919872, 2.950828593802087, 2.4209411826808185, 1.4252559384194825, 0.0, 2.418623389451115, 2.947005848314523, 5.598540047190875, 6.277246961845615, 6.70366621334923, 5.448837847651552, 4.653709739551877, 3.213811777313662, 4.275583228052051, 3.913978648383254, 2.636775056769159, 3.364895120208058, 2.6944289840335376, 2.0414544863895445, 0.972518143789616, 2.6701797579938322, 3.363483497804025, 3.3227443281119298, 2.6637053252940723, 3.9435285354616108], [6.9394333493448865, 6.0357719647117225, 4.556781883083719, 3.923572959688656, 2.5288789986869675, 1.5337381947385935, 2.418623389451115, 0.0, 1.5230372976391617, 6.801136080097207, 7.0241586101112485, 7.958713477692233, 6.518233683291816, 6.276730937359033, 4.291237455559877, 4.624916023021392, 4.669500069600598, 4.2312267393747645, 2.758827741994777, 2.738434094514601, 2.154628436645168, 2.583845997732837, 1.0968207693146588, 1.096151276056366, 2.1701441449820793, 2.1753750711084283, 2.159939899626839], [7.698265031810739, 6.970001436154802, 5.523617035964749, 5.118052911019972, 3.8929997405599712, 2.538461593170163, 2.947005848314523, 1.5230372976391617, 0.0, 7.356836532776843, 7.820465365309151, 8.72940254141141, 7.610076279512578, 7.133660886949982, 4.9896790688379955, 5.63956094478994, 5.99275858766228, 5.280830571983919, 4.163665032156165, 4.17434009635056, 2.740205278806681, 3.25339545859399, 2.1361592005279006, 2.146134932850216, 1.0946200984816605, 1.0944527810737201, 1.0946406533652946], [1.0947023385377417, 2.1687182089888952, 2.782994302904697, 4.1991066776160855, 5.261685210082412, 5.3985012188569526, 5.598540047190875, 6.801136080097207, 7.356836532776843, 0.0, 1.7746982391381358, 1.7719550897243423, 3.0649332276576597, 2.5026532999998223, 2.5488853956190343, 3.1157329699446326, 4.699817636887627, 4.389055650137054, 5.4636736697939785, 6.203680082821808, 4.704162864952701, 6.359417688751069, 7.554348756841982, 6.977984504138713, 6.879609853036726, 7.509765821914821, 8.382108544393827], [1.0946417541826183, 2.168562941212452, 2.782214048199742, 4.200456352588371, 5.220011794047979, 5.733028362916059, 6.277246961845615, 7.0241586101112485, 7.820465365309151, 1.7746982391381358, 0.0, 1.7719558572379845, 2.5023724522940225, 3.0652952255859467, 3.101573078294303, 2.561955428964368, 4.371072387870052, 4.744055043947108, 5.106935669263907, 6.147113570611819, 5.109841236281221, 6.94962433948771, 7.753660383328637, 6.954096722076851, 7.384612174650745, 8.178784617533342, 8.755714011432762], [1.0944441009023718, 2.159096929273904, 3.4715279762663585, 4.677895827185552, 5.9988457564768245, 6.512946590445832, 6.70366621334923, 7.958713477692233, 8.72940254141141, 1.7719550897243423, 1.7719558572379845, 0.0, 2.472305266345562, 2.4736618726091084, 3.7429062825563775, 3.755115553481677, 4.793552342470039, 4.859734945447128, 6.156588172843787, 6.7989851779511925, 6.00556469451458, 7.311728352448551, 8.583668969618994, 8.088799442438908, 8.370400165464016, 8.891366665479499, 9.744501237621144], [2.1458497291283005, 1.0961481925360277, 2.1635606069625135, 2.7599042193525483, 4.166496302650465, 5.133460339770825, 5.448837847651552, 6.518233683291816, 7.610076279512578, 3.0649332276576597, 2.5023724522940225, 2.472305266345562, 0.0, 1.765007889500781, 3.061871455499071, 2.5077716901663916, 2.4893314865642138, 3.1272987880917293, 4.320638110279545, 4.762774151689328, 4.984644907112241, 5.823824297658713, 6.930514465030717, 6.613375813455636, 7.520643128084194, 7.832687067028786, 8.555187592332501], [2.1464899976473215, 1.096188692698479, 2.1630952660481695, 2.756133373042749, 4.216491130074863, 4.7572329383792, 4.653709739551877, 6.276730937359033, 7.133660886949982, 2.5026532999998223, 3.0652952255859467, 2.4736618726091084, 1.765007889500781, 0.0, 2.5023828603952674, 3.067349266060192, 3.0255850541672102, 2.558658621231054, 4.733092165804507, 4.833390024610056, 4.568495669254815, 5.107497880567354, 6.706137882566985, 6.636520761664203, 7.026500634739884, 7.133507675751109, 8.172720228296084], [2.739421035547475, 2.152043649650257, 1.0957173038699353, 2.165962421188327, 2.846894204216237, 2.856406352394561, 3.213811777313662, 4.291237455559877, 4.9896790688379955, 2.5488853956190343, 3.101573078294303, 3.7429062825563775, 3.061871455499071, 2.5023828603952674, 0.0, 1.7657362373808836, 3.063889609630216, 2.49413684067254, 3.211464869806301, 3.836609452368067, 2.2800578018988906, 3.9778376462595855, 5.006912307999812, 4.55592794719144, 4.703006864762159, 5.183840647627973, 6.014792748715453], [2.752558495291244, 2.1597399033216935, 1.0966072450973503, 2.1610976956167436, 2.758462776620341, 3.4353777827191, 4.275583228052051, 4.624916023021392, 5.63956094478994, 3.1157329699446326, 2.561955428964368, 3.755115553481677, 2.5077716901663916, 3.067349266060192, 1.7657362373808836, 0.0, 2.526835894948463, 3.067498267318174, 2.55042056335813, 3.733245431256831, 3.020495118353943, 4.852657651225769, 5.290179703942012, 4.509528523027657, 5.4053320684302095, 6.100558879315894, 6.514085821510184], [4.13615697356858, 2.7117280486803983, 2.153936120222696, 1.0973050122914776, 2.1436217226926955, 3.498464261643957, 3.913978648383254, 4.669500069600598, 5.99275858766228, 4.699817636887627, 4.371072387870052, 4.793552342470039, 2.4893314865642138, 3.0255850541672102, 3.063889609630216, 2.526835894948463, 0.0, 1.7573720095642809, 2.4738751160881183, 2.3949552835073975, 3.846115598886752, 3.9921810680378713, 4.8150094392430836, 4.809625467746943, 6.211685102289072, 6.236288540470205, 6.8222634843576655], [4.183885276868858, 2.7793053178807106, 2.16292580778907, 1.0965296940803748, 2.1690728964237236, 2.833323936651085, 2.636775056769159, 4.2312267393747645, 5.280830571983919, 4.389055650137054, 4.744055043947108, 4.859734945447128, 3.1272987880917293, 2.558658621231054, 2.49413684067254, 3.067498267318174, 1.7573720095642809, 0.0, 3.069989060241095, 2.472890561670694, 3.2105655171636043, 2.7910965192912984, 4.396398680738588, 4.744591575678564, 5.511125864104358, 5.2465722009708395, 6.2381788824944735], [5.199021975333437, 4.1824039522743375, 2.801560040406059, 2.161188677556867, 1.0967102078489104, 2.1657783035204687, 3.364895120208058, 2.758827741994777, 4.163665032156165, 5.4636736697939785, 5.106935669263907, 6.156588172843787, 4.320638110279545, 4.733092165804507, 3.211464869806301, 2.55042056335813, 2.4738751160881183, 3.069989060241095, 0.0, 1.763102362314792, 2.5121074359987072, 3.5737303493688493, 3.1355377258135486, 2.510208367845187, 4.35926923463096, 4.756679649713653, 4.819349360650253], [5.95727054446917, 4.651819452644309, 3.4766049876280163, 2.133639754035343, 1.0978469201122716, 2.1573657408979128, 2.6944289840335376, 2.738434094514601, 4.17434009635056, 6.203680082821808, 6.147113570611819, 6.7989851779511925, 4.762774151689328, 4.833390024610056, 3.836609452368067, 3.733245431256831, 2.3949552835073975, 2.472890561670694, 1.763102362314792, 0.0, 3.0669534280780986, 2.4319596645503805, 2.5464955075554325, 3.0303554824475625, 4.720244256391824, 4.432784142048877, 4.8329157120727855], [4.9668900642152325, 4.284391579909568, 2.8401191330646673, 2.849864910833494, 2.1689820861408697, 1.0948316902611104, 2.0414544863895445, 2.154628436645168, 2.740205278806681, 4.704162864952701, 5.109841236281221, 6.00556469451458, 4.984644907112241, 4.568495669254815, 2.2800578018988906, 3.020495118353943, 3.846115598886752, 3.2105655171636043, 2.5121074359987072, 3.0669534280780986, 0.0, 2.844630998917083, 3.0641632952569613, 2.522644021656643, 2.5405680486851754, 3.118282366944982, 3.7395843793127597], [6.48569475923744, 5.315664997909481, 4.21836560411731, 3.2070365651173987, 2.5786933377197063, 1.9560947293012165, 0.972518143789616, 2.583845997732837, 3.25339545859399, 6.359417688751069, 6.94962433948771, 7.311728352448551, 5.823824297658713, 5.107497880567354, 3.9778376462595855, 4.852657651225769, 3.9921810680378713, 2.7910965192912984, 3.5737303493688493, 2.4319596645503805, 2.844630998917083, 0.0, 2.4137904838655735, 3.5642527379522346, 3.8818828228064794, 2.891925123512018, 4.094315040394425], [7.612943321081538, 6.551626485843038, 5.1416447806125225, 4.211393029628082, 2.790136016397767, 2.168423069882812, 2.6701797579938322, 1.0968207693146588, 2.1361592005279006, 7.554348756841982, 7.753660383328637, 8.583668969618994, 6.930514465030717, 6.706137882566985, 5.006912307999812, 5.290179703942012, 4.8150094392430836, 4.396398680738588, 3.1355377258135486, 2.5464955075554325, 3.0641632952569613, 2.4137904838655735, 0.0, 1.769236869387477, 3.058003402548794, 2.4837021439778164, 2.4698674235675075], [7.039501443284175, 6.220571006748496, 4.7003093036522605, 4.19643571975075, 2.736161963407868, 2.1666813355913694, 3.363483497804025, 1.096151276056366, 2.146134932850216, 6.977984504138713, 6.954096722076851, 8.088799442438908, 6.613375813455636, 6.636520761664203, 4.55592794719144, 4.509528523027657, 4.809625467746943, 4.744591575678564, 2.510208367845187, 3.0303554824475625, 2.522644021656643, 3.5642527379522346, 1.769236869387477, 0.0, 2.5130437063449573, 3.067713340584482, 2.4582468936215496], [7.3197608799741545, 6.795456595402548, 5.3678361748473655, 5.272804160975448, 4.196489516250457, 2.7902678760291098, 3.3227443281119298, 2.1701441449820793, 1.0946200984816605, 6.879609853036726, 7.384612174650745, 8.370400165464016, 7.520643128084194, 7.026500634739884, 4.703006864762159, 5.4053320684302095, 6.211685102289072, 5.511125864104358, 4.35926923463096, 4.720244256391824, 2.5405680486851754, 3.8818828228064794, 3.058003402548794, 2.5130437063449573, 0.0, 1.7750987831667286, 1.7717013856742334], [7.913891626121753, 7.137245884092827, 5.792970869079181, 5.3117545961762955, 4.248960796477181, 2.821738348961505, 2.6637053252940723, 2.1753750711084283, 1.0944527810737201, 7.509765821914821, 8.178784617533342, 8.891366665479499, 7.832687067028786, 7.133507675751109, 5.183840647627973, 6.100558879315894, 6.236288540470205, 5.2465722009708395, 4.756679649713653, 4.432784142048877, 3.118282366944982, 2.891925123512018, 2.4837021439778164, 3.067713340584482, 1.7750987831667286, 0.0, 1.7695302342712316], [8.698822792769144, 7.967797807424582, 6.49059935907309, 6.026375248853991, 4.683698463821085, 3.4847833591200468, 3.9435285354616108, 2.159939899626839, 1.0946406533652946, 8.382108544393827, 8.755714011432762, 9.744501237621144, 8.555187592332501, 8.172720228296084, 6.014792748715453, 6.514085821510184, 6.8222634843576655, 6.2381788824944735, 4.819349360650253, 4.8329157120727855, 3.7395843793127597, 4.094315040394425, 2.4698674235675075, 2.4582468936215496, 1.7717013856742334, 1.7695302342712316, 0.0]]}