{"total energy": -61.20100554, "HOMO-LUMO gap/eV": 2.5587674, "electronic energy": -62.02552676, "dipole": [0.05881137, 1.60209231, -0.20644352], "partial charges": [-0.44171369, 0.25843611, -0.0672697, -0.01455561, -0.0340562, -0.03154395, 0.00726948, -0.04605382, -0.05933799, 0.12444651, -0.28210594, 0.21277505, -0.28295206, 0.12405384, -0.0640905, -0.12191262, 0.00875542, -0.06062758, -0.05523906, -0.05836071, 0.00693891, 0.04126098, 0.06415709, 0.04150209, 0.0507556, 0.04920406, 0.05573214, 0.05382748, 0.05339466, 0.05595838, 0.03474695, 0.06677045, 0.04166361, 0.03849145, 0.03404334, 0.03497336, 0.03745302, 0.0426685, 0.03363327, 0.04690767], "atomic dipole moments": [[-0.02388645, 0.19357128, 0.01156639], [0.06347726, -0.01089892, -0.00610899], [0.09553147, -0.00195051, 0.0098016], [-0.07302771, -0.0002447, -0.00624824], [0.07847122, 0.00465715, 0.00943501], [-0.09526319, -0.00156739, -0.00605433], [0.0219361, -0.00478154, -0.01850623], [-0.02494803, -0.00431773, -0.01800977], [-0.03336399, -0.00442723, -0.03595841], [-0.26468887, 0.05709494, -0.04120944], [0.11399576, -0.09895846, -0.1721538], [0.28880362, -0.03273235, 0.12241513], [-0.02618519, 0.08865399, 0.20978023], [-0.22346314, -0.0007983, -0.16291862], [-0.0293429, 0.01913634, 0.01205144], [0.03543104, 0.00626822, -0.11735896], [-0.08641199, 0.1291817, 0.04948463], [-0.08195122, 0.0187973, -0.08599592], [-0.08944892, -0.05086444, 0.06456167], [0.00100135, -0.10453304, -0.06696659], [0.07187556, -0.09362713, 0.09180503], [-0.01173073, 0.12829114, 0.07970753], [0.02198751, -0.13660422, -0.0700734], [-0.01882778, 0.13251031, 0.07066846], [0.01556541, -0.13270289, -0.07339563], [0.09081238, 0.01609986, 0.1219992], [-0.04920152, 0.06384931, 0.13364837], [-0.09079758, -0.08256348, 0.00721171], [-0.0406045, 0.09743473, -0.06278604], [0.04292952, -0.06453903, -0.13594409], [0.00747468, -0.0259264, -0.11810474], [0.01122993, -0.11519306, 0.06147829], [-0.00480582, 0.00830732, 0.12475026], [0.11353941, -0.04809647, -0.02553676], [0.08639257, 0.07325098, 0.04967688], [0.02526354, -0.00342367, -0.12185069], [-0.00636615, 0.11276059, -0.05445425], [-0.01450263, 0.02174511, 0.12247939], [-0.00097779, -0.01307976, -0.11935619], [-0.11031349, 0.05914671, 0.02286513]], "atomic quadrupole moments": [[-0.1066614, -0.00568741, -0.06524492, 0.04347251, 0.00079882, 0.17190632], [-0.22447348, 0.00840247, -0.26818482, 0.09916303, -0.0257716, 0.4926583], [-0.18583967, -0.08658264, -0.06214752, -0.09495133, -0.37675007, 0.24798719], [-0.20709699, -0.04471906, -0.13468784, -0.08374894, -0.40961992, 0.34178482], [-0.1903033, -0.04796354, -0.13542991, -0.07758356, -0.35987104, 0.32573321], [-0.1999162, -0.07154414, -0.14301048, -0.08175454, -0.38902041, 0.34292668], [-0.06725265, 0.13154125, 0.31007567, -0.04933261, -0.22483483, -0.24282303], [-0.17025541, 0.17741428, 0.37617957, -0.04787883, -0.22488487, -0.20592416], [-0.19140765, 0.18238194, 0.33692024, -0.00853883, -0.23161502, -0.14551259], [0.19438692, -0.01700034, 0.12482946, -0.04387858, -0.18498128, -0.31921638], [0.04468395, -0.02538613, -0.10000731, 0.05925112, 0.05495315, 0.05532335], [0.15641604, -0.183101, -0.36969807, 0.02179122, 0.28308101, 0.21328203], [0.09380363, -0.06124312, -0.09386091, 0.00324699, 0.04946887, 5.729e-05], [-0.06171586, 0.16438016, 0.08831406, 0.2411331, -0.15445603, -0.0265982], [-0.12455117, 0.14052404, 0.32694356, -0.06326892, -0.23430167, -0.20239239], [-0.00179253, -0.05580947, 0.04063266, -0.01547153, -0.01754877, -0.03884013], [0.29132681, -0.01646778, -0.04895989, 0.00813221, 0.09563441, -0.24236693], [-0.04068235, 0.12309703, 0.1844794, 0.09507997, -0.05305403, -0.14379705], [0.06059193, -0.13603485, 0.10642881, -0.04105677, -0.10041953, -0.16702075], [0.22396689, 0.03176357, -0.03859822, 0.04340976, 0.08951993, -0.18536868], [-0.04200486, 0.09354982, 0.21147348, 0.07828634, -0.09882299, -0.16946862], [0.02854742, 0.00668851, 0.01713432, -0.00156028, 0.03682921, -0.04568174], [0.03660485, 0.0057258, 2.252e-05, 0.00740036, 0.03852698, -0.03662737], [0.03442188, -0.00027511, 0.00616936, 0.00704666, 0.04045852, -0.04059124], [0.0363839, -0.00283657, -0.00054946, 0.0107414, 0.04254551, -0.03583444], [0.03408139, -0.02492565, -0.04841336, 0.00719575, 0.02906286, 0.01433197], [0.02361529, -0.02133245, -0.04116311, 0.00456724, 0.02651307, 0.01754782], [0.00278608, 0.03185362, 0.01172303, -0.01108919, 0.00117962, -0.01450911], [-0.02482883, -0.01617519, 0.02308797, 0.00236358, -0.02206435, 0.00174086], [0.02074204, -0.01937647, -0.0390302, 0.00402216, 0.02811056, 0.01828816], [0.00760278, -0.00665914, -0.05308145, -0.01337508, 0.00794376, 0.04547867], [-0.00741454, 0.0079463, 0.01613001, 0.0034247, -0.03833506, -0.00871547], [-0.04295944, 0.01271547, -0.00905974, -0.01852825, 0.00870936, 0.05201918], [0.03663742, -0.03004653, -0.00717252, -0.02661333, 0.01053027, -0.0294649], [0.01032883, 0.0298694, 0.00550671, 0.03164896, 0.02459724, -0.01583554], [-0.0340754, -0.01934257, -0.02254037, -0.00518082, 0.00771987, 0.05661577], [-0.02078451, -0.00670961, 0.0323819, 0.00470075, -0.04522574, -0.01159739], [-0.00493165, 0.00187542, -0.05046234, -0.00818005, 0.00408681, 0.05539399], [-0.04643783, 0.01325887, 0.00309251, -0.01782094, 1.948e-05, 0.04334532], [0.04265049, -0.01023224, -0.01579734, -0.034054, 0.01202317, -0.02685315]], "number of molecular orbitals": 103, "number of electrons": 110, "number of unpaired electrons": 0, "orbital energies/eV": [-20.43653409, -19.97328723, -18.59600166, -18.48784098, -17.99402093, -17.91816222, -17.88914182, -17.44793086, -17.40520709, -17.33335578, -17.21459485, -17.02461402, -16.76277933, -16.60828731, -16.41472257, -16.36959893, -16.23837911, -15.87348317, -15.58124181, -15.29421312, -15.25987739, -15.07059321, -14.94879482, -14.90739935, -14.61838683, -14.50649417, -14.39394283, -14.26689629, -14.24959707, -14.0439855, -13.9056262, -13.87164952, -13.81978825, -13.64960155, -13.5669916, -13.51766702, -13.4038118, -13.25224986, -13.17840281, -12.90851732, -12.77958181, -12.44949201, -12.36550485, -12.18839683, -12.12436969, -12.08820879, -12.00973369, -11.94684927, -11.84293682, -11.78247801, -11.20472185, -10.73331573, -10.44155307, -10.26110761, -10.10042741, -7.54166001, -6.30865684, -6.0697122, -5.03451088, -3.72683274, -2.53108899, -0.43828577, -0.29277961, -0.02818361, 1.60225984, 1.93020008, 2.09784399, 2.26074389, 2.50555707, 2.5603701, 2.76363668, 2.95015808, 3.25130646, 3.32996928, 3.6793124, 3.8770452, 4.15236556, 4.36471368, 4.36565584, 4.49366654, 4.68744596, 4.8673866, 4.93672243, 5.02440729, 5.30944996, 5.63397537, 6.32092194, 6.59114542, 6.64297818, 7.4504711, 7.59191059, 8.13244554, 8.93901791, 10.06214218, 10.88602715, 11.15530862, 11.95749027, 12.28347586, 14.13993854, 16.03980048, 16.94821056, 17.85734986, 18.54924565], "fractional occupation": [2.0, 2.0, 2.0, 2.0, 2.0, 2.0, 2.0, 2.0, 2.0, 2.0, 2.0, 2.0, 2.0, 2.0, 2.0, 2.0, 2.0, 2.0, 2.0, 2.0, 2.0, 2.0, 2.0, 2.0, 2.0, 2.0, 2.0, 2.0, 2.0, 2.0, 2.0, 2.0, 2.0, 2.0, 2.0, 2.0, 2.0, 2.0, 2.0, 2.0, 2.0, 2.0, 2.0, 2.0, 2.0, 2.0, 2.0, 2.0, 2.0, 2.0, 2.0, 2.0, 2.0, 2.0, 2.0, 0.0, 0.0, 0.0, 0.0, 0.0, 0.0, 0.0, 0.0, 0.0, 0.0, 0.0, 0.0, 0.0, 0.0, 0.0, 0.0, 0.0, 0.0, 0.0, 0.0, 0.0, 0.0, 0.0, 0.0, 0.0, 0.0, 0.0, 0.0, 0.0, 0.0, 0.0, 0.0, 0.0, 0.0, 0.0, 0.0, 0.0, 0.0, 0.0, 0.0, 0.0, 0.0, 0.0, 0.0, 0.0, 0.0, 0.0, 0.0], "program call": "xtb /home/svss/Project-DBcg-Debug/aqme2_20220329/End-to-End-workflows-final/example-3/QDESCP/mol_1091_rdkit_conf_2/mol_1091_rdkit_conf_2.xyz --pop --wbo --acc 0.2 --gfn 2 --chrg 0 --uhf 0 --etemp 300 --input /home/svss/Project-DBcg-Debug/aqme2_20220329/End-to-End-workflows-final/example-3/QDESCP/mol_1091_rdkit_conf_2/mol_1091_rdkit_conf_2_xtb.inp", "method": "GFN2-xTB", "xtb version": "6.3.3 (7355c4f)", "Dipole module/D": 4.109, "Total charge": 0, "Transition dipole module/D": NaN, "HOMO": -10.1004, "LUMO": -7.5417, "HOMO occupancy": 2.0, "LUMO occupancy": 0, "mulliken charges": [-0.5582, 0.46153, -0.083, 0.00838, -0.03593, -0.02219, -0.00278, -0.05051, -0.07014, 0.21903, -0.42419, 0.39132, -0.42481, 0.22003, -0.08058, -0.29601, 0.09463, -0.05656, -0.04385, -0.05241, 0.08712, 0.03452, 0.05165, 0.02913, 0.03871, 0.03745, 0.05235, 0.04796, 0.04741, 0.05311, 0.03029, 0.05544, 0.03226, 0.03128, 0.02955, 0.02451, 0.03003, 0.03268, 0.03024, 0.03054], "cm5 charges": [-0.60364, 0.5543, -0.13142, -0.04654, -0.09244, -0.07664, -0.01345, -0.10261, -0.12041, 0.24202, -0.49802, 0.33821, -0.49864, 0.24299, -0.12825, -0.5491, 0.04785, -0.16083, -0.1517, -0.1568, 0.03794, 0.09515, 0.11204, 0.08676, 0.09578, 0.094, 0.11013, 0.11744, 0.1169, 0.11178, 0.09694, 0.12452, 0.08931, 0.08586, 0.08387, 0.08028, 0.08461, 0.08969, 0.09615, 0.09597], "FUKUI+": [-0.076, -0.024, -0.052, -0.033, -0.03, -0.051, -0.021, -0.017, -0.015, -0.039, -0.041, 0.015, -0.033, -0.019, -0.021, -0.043, 0.011, 0.004, 0.007, 0.004, 0.008, -0.058, -0.052, -0.051, -0.056, -0.03, -0.044, -0.031, -0.03, -0.037, -0.021, -0.012, -0.011, -0.021, -0.019, -0.011, -0.018, -0.01, -0.02, -0.0], "FUKUI-": [-0.067, -0.005, -0.021, -0.012, -0.021, -0.017, -0.025, -0.024, -0.015, -0.029, -0.069, 0.018, -0.059, -0.021, -0.01, -0.069, 0.012, 0.005, 0.009, 0.005, 0.012, -0.031, -0.028, -0.028, -0.035, -0.035, -0.04, -0.052, -0.051, -0.034, -0.046, -0.025, -0.022, -0.026, -0.028, -0.018, -0.023, -0.018, -0.039, -0.017], "FUKUIrad": [-0.072, -0.014, -0.037, -0.023, -0.026, -0.034, -0.023, -0.02, -0.015, -0.034, -0.055, 0.016, -0.046, -0.02, -0.016, -0.056, 0.012, 0.004, 0.008, 0.005, 0.01, -0.044, -0.04, -0.039, -0.046, -0.033, -0.042, -0.041, -0.041, -0.035, -0.034, -0.019, -0.016, -0.023, -0.024, -0.014, -0.021, -0.014, -0.029, -0.009], "s proportion": [1.732, 0.998, 1.075, 1.069, 1.063, 1.071, 1.079, 1.062, 1.052, 1.014, 1.706, 0.972, 1.706, 1.015, 1.054, 1.458, 1.006, 1.032, 1.027, 1.031, 1.007, 0.965, 0.948, 0.971, 0.961, 0.963, 0.948, 0.952, 0.953, 0.947, 0.97, 0.945, 0.968, 0.969, 0.97, 0.975, 0.97, 0.967, 0.97, 0.969], "p proportion": [4.826, 2.54, 3.008, 2.922, 2.973, 2.951, 2.924, 2.988, 3.018, 2.767, 4.718, 2.636, 4.719, 2.765, 3.026, 3.838, 2.9, 3.025, 3.017, 3.022, 2.906, 0.0, 0.0, 0.0, 0.0, 0.0, 0.0, 0.0, 0.0, 0.0, 0.0, 0.0, 0.0, 0.0, 0.0, 0.0, 0.0, 0.0, 0.0, 0.0], "d proportion": [0.0, 0.0, 0.0, 0.0, 0.0, 0.0, 0.0, 0.0, 0.0, 0.0, 0.0, 0.0, 0.0, 0.0, 0.0, 0.0, 0.0, 0.0, 0.0, 0.0, 0.0, 0.0, 0.0, 0.0, 0.0, 0.0, 0.0, 0.0, 0.0, 0.0, 0.0, 0.0, 0.0, 0.0, 0.0, 0.0, 0.0, 0.0, 0.0, 0.0], "Fermi-level/eV": -8.821, "Coordination numbers": [0.858, 2.767, 2.896, 2.902, 2.898, 2.902, 2.972, 2.921, 2.91, 3.051, 1.705, 3.927, 1.705, 3.048, 2.918, 2.729, 3.75, 3.803, 3.804, 3.803, 3.742, 0.926, 0.925, 0.925, 0.925, 0.925, 0.925, 0.924, 0.924, 0.925, 0.924, 0.924, 0.924, 0.924, 0.924, 0.924, 0.924, 0.924, 0.924, 0.924], "Dispersion coefficient C6": [22.532, 22.649, 29.674, 28.375, 28.847, 28.786, 27.854, 29.144, 29.475, 25.225, 18.683, 17.216, 18.698, 25.236, 29.595, 23.65, 20.49, 21.664, 21.564, 21.622, 20.535, 2.432, 2.151, 2.429, 2.31, 2.33, 2.25, 2.273, 2.278, 2.247, 2.52, 2.122, 2.427, 2.469, 2.53, 2.517, 2.483, 2.414, 2.536, 2.359], "Total dispersion C6": 17487.824091, "Total dispersion C8": 410381.026198, "Polarizability alpha": [6.364, 7.794, 8.931, 8.734, 8.806, 8.797, 8.657, 8.853, 8.902, 8.237, 5.836, 5.897, 5.838, 8.239, 8.921, 7.223, 6.456, 6.626, 6.611, 6.62, 6.465, 2.439, 2.294, 2.437, 2.377, 2.387, 2.345, 2.358, 2.36, 2.344, 2.483, 2.278, 2.436, 2.457, 2.487, 2.481, 2.464, 2.43, 2.49, 2.402], "Total polarizability alpha": 204.55785, "Wiberg matrix": [[0.0, 1.6632471152478927, 0.0, 0.0, 0.0, 0.0, 0.0, 0.0, 0.0, 0.0, 0.0, 0.0, 0.0, 0.0, 0.0, 0.18599524531191863, 0.0, 0.0, 0.0, 0.0, 0.0, 0.0, 0.0, 0.0, 0.0, 0.0, 0.0, 0.0, 0.0, 0.0, 0.0, 0.0, 0.0, 0.0, 0.0, 0.0, 0.0, 0.0, 0.0, 0.0], [1.6632471152478927, 0.0, 1.0248860210226856, 0.0, 0.0, 0.0, 0.0, 0.0, 0.0, 0.0, 0.0, 0.0, 0.0, 0.0, 0.0, 1.1869624631771831, 0.0, 0.0, 0.0, 0.0, 0.0, 0.0, 0.0, 0.0, 0.0, 0.0, 0.0, 0.0, 0.0, 0.0, 0.0, 0.0, 0.0, 0.0, 0.0, 0.0, 0.0, 0.0, 0.0, 0.0], [0.0, 1.0248860210226856, 0.0, 1.773153714804235, 0.0, 0.11990473005270752, 0.0, 0.0, 0.0, 0.0, 0.0, 0.0, 0.0, 0.0, 0.0, 0.0, 0.0, 0.0, 0.0, 0.0, 0.0, 0.9584964459332244, 0.0, 0.0, 0.0, 0.0, 0.0, 0.0, 0.0, 0.0, 0.0, 0.0, 0.0, 0.0, 0.0, 0.0, 0.0, 0.0, 0.0, 0.0], [0.0, 0.0, 1.773153714804235, 0.0, 1.1485351507032802, 0.0, 0.0, 0.0, 0.0, 0.0, 0.0, 0.0, 0.0, 0.0, 0.0, 0.0, 0.0, 0.0, 0.0, 0.0, 0.0, 0.0, 0.9586537186075826, 0.0, 0.0, 0.0, 0.0, 0.0, 0.0, 0.0, 0.0, 0.0, 0.0, 0.0, 0.0, 0.0, 0.0, 0.0, 0.0, 0.0], [0.0, 0.0, 0.0, 1.1485351507032802, 0.0, 1.7633429573959039, 0.0, 0.0, 0.0, 0.0, 0.0, 0.0, 0.0, 0.0, 0.0, 0.0, 0.0, 0.0, 0.0, 0.0, 0.0, 0.0, 0.0, 0.9615714239774258, 0.0, 0.0, 0.0, 0.0, 0.0, 0.0, 0.0, 0.0, 0.0, 0.0, 0.0, 0.0, 0.0, 0.0, 0.0, 0.0], [0.0, 0.0, 0.11990473005270752, 0.0, 1.7633429573959039, 0.0, 1.0831407951484906, 0.0, 0.0, 0.0, 0.0, 0.0, 0.0, 0.0, 0.0, 0.0, 0.0, 0.0, 0.0, 0.0, 0.0, 0.0, 0.0, 0.0, 0.9579755127857952, 0.0, 0.0, 0.0, 0.0, 0.0, 0.0, 0.0, 0.0, 0.0, 0.0, 0.0, 0.0, 0.0, 0.0, 0.0], [0.0, 0.0, 0.0, 0.0, 0.0, 1.0831407951484906, 0.0, 1.3815442678366354, 0.0, 0.0, 0.0, 0.0, 0.0, 0.0, 1.3626368326658926, 0.0, 0.0, 0.0, 0.0, 0.0, 0.0, 0.0, 0.0, 0.0, 0.0, 0.0, 0.0, 0.0, 0.0, 0.0, 0.0, 0.0, 0.0, 0.0, 0.0, 0.0, 0.0, 0.0, 0.0, 0.0], [0.0, 0.0, 0.0, 0.0, 0.0, 0.0, 1.3815442678366354, 0.0, 1.4318732690150098, 0.0, 0.0, 0.0, 0.0, 0.0, 0.0, 0.0, 0.0, 0.0, 0.0, 0.0, 0.0, 0.0, 0.0, 0.0, 0.0, 0.9690918740731385, 0.0, 0.0, 0.0, 0.0, 0.0, 0.0, 0.0, 0.0, 0.0, 0.0, 0.0, 0.0, 0.0, 0.0], [0.0, 0.0, 0.0, 0.0, 0.0, 0.0, 0.0, 1.4318732690150098, 0.0, 1.392533325454456, 0.0, 0.0, 0.0, 0.0, 0.0, 0.0, 0.0, 0.0, 0.0, 0.0, 0.0, 0.0, 0.0, 0.0, 0.0, 0.0, 0.9672870456667402, 0.0, 0.0, 0.0, 0.0, 0.0, 0.0, 0.0, 0.0, 0.0, 0.0, 0.0, 0.0, 0.0], [0.0, 0.0, 0.0, 0.0, 0.0, 0.0, 0.0, 0.0, 1.392533325454456, 0.0, 1.0305922889938155, 0.0, 0.0, 1.3083004927084068, 0.0, 0.0, 0.0, 0.0, 0.0, 0.0, 0.0, 0.0, 0.0, 0.0, 0.0, 0.0, 0.0, 0.0, 0.0, 0.0, 0.0, 0.0, 0.0, 0.0, 0.0, 0.0, 0.0, 0.0, 0.0, 0.0], [0.0, 0.0, 0.0, 0.0, 0.0, 0.0, 0.0, 0.0, 0.0, 1.0305922889938155, 0.0, 0.9710240208184264, 0.0, 0.0, 0.0, 0.0, 0.0, 0.0, 0.0, 0.0, 0.0, 0.0, 0.0, 0.0, 0.0, 0.0, 0.0, 0.0, 0.0, 0.0, 0.0, 0.0, 0.0, 0.0, 0.0, 0.0, 0.0, 0.0, 0.0, 0.0], [0.0, 0.0, 0.0, 0.0, 0.0, 0.0, 0.0, 0.0, 0.0, 0.0, 0.9710240208184264, 0.0, 0.9715001606432552, 0.0, 0.0, 0.0, 0.0, 0.0, 0.0, 0.0, 0.0, 0.0, 0.0, 0.0, 0.0, 0.0, 0.0, 0.9670813304096736, 0.9672296390660415, 0.0, 0.0, 0.0, 0.0, 0.0, 0.0, 0.0, 0.0, 0.0, 0.0, 0.0], [0.0, 0.0, 0.0, 0.0, 0.0, 0.0, 0.0, 0.0, 0.0, 0.0, 0.0, 0.9715001606432552, 0.0, 1.029191970398088, 0.0, 0.0, 0.0, 0.0, 0.0, 0.0, 0.0, 0.0, 0.0, 0.0, 0.0, 0.0, 0.0, 0.0, 0.0, 0.0, 0.0, 0.0, 0.0, 0.0, 0.0, 0.0, 0.0, 0.0, 0.0, 0.0], [0.0, 0.0, 0.0, 0.0, 0.0, 0.0, 0.0, 0.0, 0.0, 1.3083004927084068, 0.0, 0.0, 1.029191970398088, 0.0, 1.4083794165817352, 0.0, 0.0, 0.0, 0.0, 0.0, 0.0, 0.0, 0.0, 0.0, 0.0, 0.0, 0.0, 0.0, 0.0, 0.0, 0.0, 0.0, 0.0, 0.0, 0.0, 0.0, 0.0, 0.0, 0.0, 0.0], [0.0, 0.0, 0.0, 0.0, 0.0, 0.0, 1.3626368326658926, 0.0, 0.0, 0.0, 0.0, 0.0, 0.0, 1.4083794165817352, 0.0, 0.0, 0.0, 0.0, 0.0, 0.0, 0.0, 0.0, 0.0, 0.0, 0.0, 0.0, 0.0, 0.0, 0.0, 0.9665029977181582, 0.0, 0.0, 0.0, 0.0, 0.0, 0.0, 0.0, 0.0, 0.0, 0.0], [0.18599524531191863, 1.1869624631771831, 0.0, 0.0, 0.0, 0.0, 0.0, 0.0, 0.0, 0.0, 0.0, 0.0, 0.0, 0.0, 0.0, 0.0, 0.9847001674294449, 0.0, 0.0, 0.0, 0.9848128117458876, 0.0, 0.0, 0.0, 0.0, 0.0, 0.0, 0.0, 0.0, 0.0, 0.0, 0.0, 0.0, 0.0, 0.0, 0.0, 0.0, 0.0, 0.0, 0.0], [0.0, 0.0, 0.0, 0.0, 0.0, 0.0, 0.0, 0.0, 0.0, 0.0, 0.0, 0.0, 0.0, 0.0, 0.0, 0.9847001674294449, 0.0, 1.0052984617467373, 0.0, 0.0, 0.0, 0.0, 0.0, 0.0, 0.0, 0.0, 0.0, 0.0, 0.0, 0.0, 0.966112908518383, 0.9687540203671662, 0.0, 0.0, 0.0, 0.0, 0.0, 0.0, 0.0, 0.0], [0.0, 0.0, 0.0, 0.0, 0.0, 0.0, 0.0, 0.0, 0.0, 0.0, 0.0, 0.0, 0.0, 0.0, 0.0, 0.0, 1.0052984617467373, 0.0, 1.0092106117469455, 0.0, 0.0, 0.0, 0.0, 0.0, 0.0, 0.0, 0.0, 0.0, 0.0, 0.0, 0.0, 0.0, 0.9767240356543284, 0.9751274808563324, 0.0, 0.0, 0.0, 0.0, 0.0, 0.0], [0.0, 0.0, 0.0, 0.0, 0.0, 0.0, 0.0, 0.0, 0.0, 0.0, 0.0, 0.0, 0.0, 0.0, 0.0, 0.0, 0.0, 1.0092106117469455, 0.0, 1.0091474191069436, 0.0, 0.0, 0.0, 0.0, 0.0, 0.0, 0.0, 0.0, 0.0, 0.0, 0.0, 0.0, 0.0, 0.0, 0.9769037092687246, 0.977124771521157, 0.0, 0.0, 0.0, 0.0], [0.0, 0.0, 0.0, 0.0, 0.0, 0.0, 0.0, 0.0, 0.0, 0.0, 0.0, 0.0, 0.0, 0.0, 0.0, 0.0, 0.0, 0.0, 1.0091474191069436, 0.0, 1.0052960636815245, 0.0, 0.0, 0.0, 0.0, 0.0, 0.0, 0.0, 0.0, 0.0, 0.0, 0.0, 0.0, 0.0, 0.0, 0.0, 0.9749424721000222, 0.9765006019164657, 0.0, 0.0], [0.0, 0.0, 0.0, 0.0, 0.0, 0.0, 0.0, 0.0, 0.0, 0.0, 0.0, 0.0, 0.0, 0.0, 0.0, 0.9848128117458876, 0.0, 0.0, 0.0, 1.0052960636815245, 0.0, 0.0, 0.0, 0.0, 0.0, 0.0, 0.0, 0.0, 0.0, 0.0, 0.0, 0.0, 0.0, 0.0, 0.0, 0.0, 0.0, 0.0, 0.9655952342421827, 0.9662768579103631], [0.0, 0.0, 0.9584964459332244, 0.0, 0.0, 0.0, 0.0, 0.0, 0.0, 0.0, 0.0, 0.0, 0.0, 0.0, 0.0, 0.0, 0.0, 0.0, 0.0, 0.0, 0.0, 0.0, 0.0, 0.0, 0.0, 0.0, 0.0, 0.0, 0.0, 0.0, 0.0, 0.0, 0.0, 0.0, 0.0, 0.0, 0.0, 0.0, 0.0, 0.0], [0.0, 0.0, 0.0, 0.9586537186075826, 0.0, 0.0, 0.0, 0.0, 0.0, 0.0, 0.0, 0.0, 0.0, 0.0, 0.0, 0.0, 0.0, 0.0, 0.0, 0.0, 0.0, 0.0, 0.0, 0.0, 0.0, 0.0, 0.0, 0.0, 0.0, 0.0, 0.0, 0.0, 0.0, 0.0, 0.0, 0.0, 0.0, 0.0, 0.0, 0.0], [0.0, 0.0, 0.0, 0.0, 0.9615714239774258, 0.0, 0.0, 0.0, 0.0, 0.0, 0.0, 0.0, 0.0, 0.0, 0.0, 0.0, 0.0, 0.0, 0.0, 0.0, 0.0, 0.0, 0.0, 0.0, 0.0, 0.0, 0.0, 0.0, 0.0, 0.0, 0.0, 0.0, 0.0, 0.0, 0.0, 0.0, 0.0, 0.0, 0.0, 0.0], [0.0, 0.0, 0.0, 0.0, 0.0, 0.9579755127857952, 0.0, 0.0, 0.0, 0.0, 0.0, 0.0, 0.0, 0.0, 0.0, 0.0, 0.0, 0.0, 0.0, 0.0, 0.0, 0.0, 0.0, 0.0, 0.0, 0.0, 0.0, 0.0, 0.0, 0.0, 0.0, 0.0, 0.0, 0.0, 0.0, 0.0, 0.0, 0.0, 0.0, 0.0], [0.0, 0.0, 0.0, 0.0, 0.0, 0.0, 0.0, 0.9690918740731385, 0.0, 0.0, 0.0, 0.0, 0.0, 0.0, 0.0, 0.0, 0.0, 0.0, 0.0, 0.0, 0.0, 0.0, 0.0, 0.0, 0.0, 0.0, 0.0, 0.0, 0.0, 0.0, 0.0, 0.0, 0.0, 0.0, 0.0, 0.0, 0.0, 0.0, 0.0, 0.0], [0.0, 0.0, 0.0, 0.0, 0.0, 0.0, 0.0, 0.0, 0.9672870456667402, 0.0, 0.0, 0.0, 0.0, 0.0, 0.0, 0.0, 0.0, 0.0, 0.0, 0.0, 0.0, 0.0, 0.0, 0.0, 0.0, 0.0, 0.0, 0.0, 0.0, 0.0, 0.0, 0.0, 0.0, 0.0, 0.0, 0.0, 0.0, 0.0, 0.0, 0.0], [0.0, 0.0, 0.0, 0.0, 0.0, 0.0, 0.0, 0.0, 0.0, 0.0, 0.0, 0.9670813304096736, 0.0, 0.0, 0.0, 0.0, 0.0, 0.0, 0.0, 0.0, 0.0, 0.0, 0.0, 0.0, 0.0, 0.0, 0.0, 0.0, 0.0, 0.0, 0.0, 0.0, 0.0, 0.0, 0.0, 0.0, 0.0, 0.0, 0.0, 0.0], [0.0, 0.0, 0.0, 0.0, 0.0, 0.0, 0.0, 0.0, 0.0, 0.0, 0.0, 0.9672296390660415, 0.0, 0.0, 0.0, 0.0, 0.0, 0.0, 0.0, 0.0, 0.0, 0.0, 0.0, 0.0, 0.0, 0.0, 0.0, 0.0, 0.0, 0.0, 0.0, 0.0, 0.0, 0.0, 0.0, 0.0, 0.0, 0.0, 0.0, 0.0], [0.0, 0.0, 0.0, 0.0, 0.0, 0.0, 0.0, 0.0, 0.0, 0.0, 0.0, 0.0, 0.0, 0.0, 0.9665029977181582, 0.0, 0.0, 0.0, 0.0, 0.0, 0.0, 0.0, 0.0, 0.0, 0.0, 0.0, 0.0, 0.0, 0.0, 0.0, 0.0, 0.0, 0.0, 0.0, 0.0, 0.0, 0.0, 0.0, 0.0, 0.0], [0.0, 0.0, 0.0, 0.0, 0.0, 0.0, 0.0, 0.0, 0.0, 0.0, 0.0, 0.0, 0.0, 0.0, 0.0, 0.0, 0.966112908518383, 0.0, 0.0, 0.0, 0.0, 0.0, 0.0, 0.0, 0.0, 0.0, 0.0, 0.0, 0.0, 0.0, 0.0, 0.0, 0.0, 0.0, 0.0, 0.0, 0.0, 0.0, 0.0, 0.0], [0.0, 0.0, 0.0, 0.0, 0.0, 0.0, 0.0, 0.0, 0.0, 0.0, 0.0, 0.0, 0.0, 0.0, 0.0, 0.0, 0.9687540203671662, 0.0, 0.0, 0.0, 0.0, 0.0, 0.0, 0.0, 0.0, 0.0, 0.0, 0.0, 0.0, 0.0, 0.0, 0.0, 0.0, 0.0, 0.0, 0.0, 0.0, 0.0, 0.0, 0.0], [0.0, 0.0, 0.0, 0.0, 0.0, 0.0, 0.0, 0.0, 0.0, 0.0, 0.0, 0.0, 0.0, 0.0, 0.0, 0.0, 0.0, 0.9767240356543284, 0.0, 0.0, 0.0, 0.0, 0.0, 0.0, 0.0, 0.0, 0.0, 0.0, 0.0, 0.0, 0.0, 0.0, 0.0, 0.0, 0.0, 0.0, 0.0, 0.0, 0.0, 0.0], [0.0, 0.0, 0.0, 0.0, 0.0, 0.0, 0.0, 0.0, 0.0, 0.0, 0.0, 0.0, 0.0, 0.0, 0.0, 0.0, 0.0, 0.9751274808563324, 0.0, 0.0, 0.0, 0.0, 0.0, 0.0, 0.0, 0.0, 0.0, 0.0, 0.0, 0.0, 0.0, 0.0, 0.0, 0.0, 0.0, 0.0, 0.0, 0.0, 0.0, 0.0], [0.0, 0.0, 0.0, 0.0, 0.0, 0.0, 0.0, 0.0, 0.0, 0.0, 0.0, 0.0, 0.0, 0.0, 0.0, 0.0, 0.0, 0.0, 0.9769037092687246, 0.0, 0.0, 0.0, 0.0, 0.0, 0.0, 0.0, 0.0, 0.0, 0.0, 0.0, 0.0, 0.0, 0.0, 0.0, 0.0, 0.0, 0.0, 0.0, 0.0, 0.0], [0.0, 0.0, 0.0, 0.0, 0.0, 0.0, 0.0, 0.0, 0.0, 0.0, 0.0, 0.0, 0.0, 0.0, 0.0, 0.0, 0.0, 0.0, 0.977124771521157, 0.0, 0.0, 0.0, 0.0, 0.0, 0.0, 0.0, 0.0, 0.0, 0.0, 0.0, 0.0, 0.0, 0.0, 0.0, 0.0, 0.0, 0.0, 0.0, 0.0, 0.0], [0.0, 0.0, 0.0, 0.0, 0.0, 0.0, 0.0, 0.0, 0.0, 0.0, 0.0, 0.0, 0.0, 0.0, 0.0, 0.0, 0.0, 0.0, 0.0, 0.9749424721000222, 0.0, 0.0, 0.0, 0.0, 0.0, 0.0, 0.0, 0.0, 0.0, 0.0, 0.0, 0.0, 0.0, 0.0, 0.0, 0.0, 0.0, 0.0, 0.0, 0.0], [0.0, 0.0, 0.0, 0.0, 0.0, 0.0, 0.0, 0.0, 0.0, 0.0, 0.0, 0.0, 0.0, 0.0, 0.0, 0.0, 0.0, 0.0, 0.0, 0.9765006019164657, 0.0, 0.0, 0.0, 0.0, 0.0, 0.0, 0.0, 0.0, 0.0, 0.0, 0.0, 0.0, 0.0, 0.0, 0.0, 0.0, 0.0, 0.0, 0.0, 0.0], [0.0, 0.0, 0.0, 0.0, 0.0, 0.0, 0.0, 0.0, 0.0, 0.0, 0.0, 0.0, 0.0, 0.0, 0.0, 0.0, 0.0, 0.0, 0.0, 0.0, 0.9655952342421827, 0.0, 0.0, 0.0, 0.0, 0.0, 0.0, 0.0, 0.0, 0.0, 0.0, 0.0, 0.0, 0.0, 0.0, 0.0, 0.0, 0.0, 0.0, 0.0], [0.0, 0.0, 0.0, 0.0, 0.0, 0.0, 0.0, 0.0, 0.0, 0.0, 0.0, 0.0, 0.0, 0.0, 0.0, 0.0, 0.0, 0.0, 0.0, 0.0, 0.9662768579103631, 0.0, 0.0, 0.0, 0.0, 0.0, 0.0, 0.0, 0.0, 0.0, 0.0, 0.0, 0.0, 0.0, 0.0, 0.0, 0.0, 0.0, 0.0, 0.0]], "Born radii": [], "Atomic SASAs": [], "Solvent H bonds": [], "Total SASA": NaN, "Total FOD": 0.0, "FOD": [0.0, 0.0, 0.0, 0.0, 0.0, 0.0, 0.0, 0.0, 0.0, 0.0, 0.0, 0.0, 0.0, 0.0, 0.0, 0.0, 0.0, 0.0, 0.0, 0.0, 0.0, 0.0, 0.0, 0.0, 0.0, 0.0, 0.0, 0.0, 0.0, 0.0, 0.0, 0.0, 0.0, 0.0, 0.0, 0.0, 0.0, 0.0, 0.0, 0.0], "FOD s proportion": [0.0, 0.0, 0.0, 0.0, 0.0, 0.0, 0.0, 0.0, 0.0, 0.0, 0.0, 0.0, 0.0, 0.0, 0.0, 0.0, 0.0, 0.0, 0.0, 0.0, 0.0, 0.0, 0.0, 0.0, 0.0, 0.0, 0.0, 0.0, 0.0, 0.0, 0.0, 0.0, 0.0, 0.0, 0.0, 0.0, 0.0, 0.0, 0.0, 0.0], "FOD p proportion": [0.0, 0.0, 0.0, 0.0, 0.0, 0.0, 0.0, 0.0, 0.0, 0.0, 0.0, 0.0, 0.0, 0.0, 0.0, 0.0, 0.0, 0.0, 0.0, 0.0, 0.0, 0.0, 0.0, 0.0, 0.0, 0.0, 0.0, 0.0, 0.0, 0.0, 0.0, 0.0, 0.0, 0.0, 0.0, 0.0, 0.0, 0.0, 0.0, 0.0], "FOD d proportion": [0.0, 0.0, 0.0, 0.0, 0.0, 0.0, 0.0, 0.0, 0.0, 0.0, 0.0, 0.0, 0.0, 0.0, 0.0, 0.0, 0.0, 0.0, 0.0, 0.0, 0.0, 0.0, 0.0, 0.0, 0.0, 0.0, 0.0, 0.0, 0.0, 0.0, 0.0, 0.0, 0.0, 0.0, 0.0, 0.0, 0.0, 0.0, 0.0, 0.0], "coordinates": [["2.75500", "-2.25710", "0.27520"], ["2.62110", "-1.03660", "0.33330"], ["1.27030", "-0.44560", "0.52070"], ["0.18930", "-1.10620", "0.08020"], ["-1.15910", "-0.61270", "0.25420"], ["-2.23430", "-1.27260", "-0.20370"], ["-3.61490", "-0.79250", "-0.04900"], ["-4.07190", "-0.21380", "1.15700"], ["-5.39770", "0.21310", "1.29690"], ["-6.24220", "0.03970", "0.22340"], ["-7.55500", "0.38960", "0.17910"], ["-7.90300", "-0.03250", "-1.15600"], ["-6.80080", "-0.62000", "-1.87820"], ["-5.81170", "-0.53540", "-0.94810"], ["-4.51130", "-0.96600", "-1.11410"], ["3.68980", "-0.14320", "0.26860"], ["5.01420", "-0.74090", "0.09780"], ["6.12820", "0.16710", "0.60890"], ["6.02980", "1.56220", "0.00290"], ["4.64460", "2.14850", "0.25090"], ["3.54800", "1.21820", "-0.25870"], ["1.19240", "0.48660", "1.06220"], ["0.31440", "-2.06000", "-0.43170"], ["-1.27780", "0.33760", "0.77020"], ["-2.12030", "-2.20990", "-0.74450"], ["-3.39700", "-0.10420", "2.00330"], ["-5.75070", "0.65780", "2.22020"], ["-8.71190", "-0.76940", "-1.09090"], ["-8.26460", "0.83780", "-1.71570"], ["-4.20280", "-1.41720", "-2.05110"], ["5.14680", "-0.94920", "-0.97110"], ["5.06550", "-1.69980", "0.62600"], ["6.06030", "0.24450", "1.70130"], ["7.10380", "-0.27390", "0.37650"], ["6.79460", "2.21370", "0.43970"], ["6.22340", "1.51230", "-1.07540"], ["4.56040", "3.12540", "-0.23790"], ["4.51010", "2.31230", "1.32750"], ["3.58900", "1.14390", "-1.35270"], ["2.57590", "1.64860", "-0.01030"]], "bond_dist": [[0.0, 1.2291969207576139, 2.355023692025199, 2.81876077381533, 4.245547216790787, 5.108003518988608, 6.544141258408165, 7.1804742002182556, 8.579759683114672, 9.285880750903491, 10.644733726120158, 10.981354315383872, 9.931291034402324, 8.823211584791562, 7.509740966904252, 2.3113779028968846, 2.72659454998355, 4.167322830067284, 5.038403995314389, 4.793797034710585, 3.6043873681944896, 3.2540709042674534, 2.548545542069044, 4.8208888112048385, 4.981020580162262, 6.7430269182319, 9.199271683127964, 11.64342201030264, 11.61781704882634, 7.3843134101959675, 2.9974277872869597, 2.402509975005307, 4.3836938602051125, 4.780732723129374, 6.0277260264547525, 5.29738570240076, 5.7003549907001405, 5.006708265916839, 3.861659670400798, 3.9202142224628487], [1.2291969207576139, 0.0, 1.4862908194562734, 2.445926206981724, 3.8047155031618334, 4.89070282883759, 6.252474238251606, 6.793506497384102, 8.172602308322608, 8.929086548466199, 10.276713253273149, 10.676278008276105, 9.686923527106014, 8.54431408832798, 7.278123444954751, 1.3944423042922929, 2.422772451139396, 3.7181446260198103, 4.299088425468822, 3.7744143943133746, 2.508730884331757, 2.211926115402592, 2.6369371342525407, 4.1570095573621195, 5.00191560204688, 6.31472860620312, 8.747480677886633, 11.425262818858917, 11.23433312885104, 7.238496455065789, 2.8439863941306043, 2.5496272060832736, 3.916725398850422, 4.5473263375306585, 5.290923671723114, 4.632266420446906, 4.627029060855356, 3.971383367291554, 2.921302219901255, 2.707471706223354], [2.355023692025199, 1.4862908194562734, 0.0, 1.3412656746521177, 2.449679370856521, 3.6729968037013045, 4.930524996387302, 5.384952160418884, 6.745264719045502, 7.534026787183597, 8.871311610466629, 9.334420570662111, 8.42186391364762, 7.233267690331942, 6.030778205173856, 2.451322177927659, 3.7792636465322182, 4.89718010083354, 5.191552554872193, 4.264744698103276, 2.9263649960317664, 1.080873489359416, 2.1040669975074464, 2.6773991297526036, 4.026121445013799, 4.909006621507044, 7.307546292018956, 10.116640640054387, 9.877394318847456, 6.12478451947495, 4.184056936754088, 3.9984557981800926, 4.9813807694252805, 5.837807531942108, 6.131584459175295, 5.560045614021525, 4.914496207140666, 4.330501436323512, 3.378240296367326, 2.524326840961764], [2.81876077381533, 2.445926206981724, 1.3412656746521177, 0.0, 1.4463750585515502, 2.445838328671787, 3.8192980991276393, 4.484830146170533, 5.868175217220427, 6.534354237413213, 7.888053076646987, 8.256291020791357, 7.275521906365206, 6.115162674042286, 4.851973710769671, 3.6354317226431307, 4.838740937475367, 6.0968311269051885, 6.4216644337741595, 5.520136653199809, 4.098603940367989, 2.123098078280888, 1.0896908093583244, 2.1709539032416143, 2.6893374537234997, 4.190926544333603, 6.555524082786975, 8.98422344390432, 8.858488472645883, 4.891799576842861, 5.070176223761853, 4.942427039421017, 6.23866946551907, 6.970712103508507, 7.401416374586691, 6.678496568839427, 6.092137669160144, 5.649000989555587, 4.321355401954345, 3.645952941276122], [4.245547216790787, 3.8047155031618334, 2.449679370856521, 1.4463750585515502, 0.0, 1.3420862341891449, 2.4809699554811218, 3.0754792943539715, 4.4423978761475205, 5.124888292441114, 6.474394343102681, 6.914150944982326, 6.031248787771899, 4.806057359208273, 3.637899204211134, 4.8715981792426195, 6.176611456939799, 7.337481953640499, 7.514893539498747, 6.4270654283273005, 5.076618129227371, 2.7186166960423086, 2.176313017467846, 1.0878491531457843, 2.1147943091468733, 2.885501597642947, 5.153844856997541, 7.673241605736131, 7.514824449712713, 3.902017174488088, 6.432648533069407, 6.329744608592041, 7.412734084668086, 8.270747193573264, 8.443002481345127, 7.7964586454364015, 6.850418547067033, 6.468958689773803, 5.311518123851222, 4.374204263634701], [5.108003518988608, 4.89070282883759, 3.6729968037013045, 2.445838328671787, 1.3420862341891449, 0.0, 1.4698586530683826, 2.51978881853222, 3.8034463858453433, 4.2388451387140815, 5.587422766356596, 5.880381194276438, 4.907418798105578, 3.7276515341431793, 2.4713479560757934, 6.049262141782252, 7.274225690064888, 8.524345200659111, 8.739228994024586, 7.696093267366242, 6.296197497696526, 4.054572769108972, 2.6772849026579153, 2.1109517995444613, 1.0881139324537668, 2.7546104715549165, 4.686875753633758, 6.557410757303526, 6.565397950619596, 2.703477051872273, 7.427928885631579, 7.3592106893334694, 8.64470974469357, 9.4092584904444, 9.699963219517898, 8.946966982726602, 8.093918811675838, 7.789930218557802, 6.408626696882882, 5.631060028094177], [6.544141258408165, 6.252474238251606, 4.930524996387302, 3.8192980991276393, 2.4809699554811218, 1.4698586530683826, 0.0, 1.413569485380892, 2.4497048822256122, 2.7693796940831357, 4.119924517512426, 4.493423039287532, 3.677728606082836, 2.3875534465221926, 1.4028803298927535, 7.3403748092314745, 8.630502859625272, 9.812321956601302, 9.928118844474012, 8.772614277397587, 7.442716237369258, 5.097155632311025, 4.146373599906308, 2.7221776319704047, 2.174068115308258, 2.175585574046675, 3.4371907671818276, 5.202451174206251, 5.201487966918696, 2.1781370273699494, 8.81148172499949, 8.753751335855961, 9.886779765424128, 10.739670660686016, 10.845909661250179, 10.156660223222987, 9.067588086696484, 8.806256883034925, 7.572678116756317, 6.654808152005585], [7.1804742002182556, 6.793506497384102, 5.384952160418884, 4.484830146170533, 3.0754792943539715, 2.51978881853222, 1.413569485380892, 0.0, 1.3998432983730715, 2.3761467336846014, 3.6677466624618438, 4.478857655697488, 4.101747516608013, 2.7498684714000414, 2.432441656032062, 7.8126964493700894, 9.162802642205058, 10.221914616645943, 10.321359682716228, 9.076279565438693, 7.881478700091754, 5.311534777256006, 5.017175482280842, 2.8741348280830534, 3.3777004041211236, 1.0879916635710039, 2.1698963661889477, 5.185686624739293, 5.19008681430282, 3.4288791142296047, 9.489681367675102, 9.272660662398899, 10.157154041364148, 11.203082734229895, 11.15742343867974, 10.67502848052407, 9.360160572340625, 8.947679892575506, 8.175043253096586, 7.001740347227967], [8.579759683114672, 8.172602308322608, 6.745264719045502, 5.868175217220427, 4.4423978761475205, 3.8034463858453433, 2.4497048822256122, 1.3998432983730715, 0.0, 1.3768260819725924, 2.43609777718383, 3.514763983541426, 3.56987467987323, 2.4024306961908395, 2.8264647123217372, 9.152431744077637, 10.524049525729152, 11.546507299179263, 11.579389580629888, 10.280451276573418, 9.13540726295221, 6.599947299032016, 6.386166923906703, 4.155296517698828, 4.558463964977677, 2.1453393064967607, 1.0839049681591095, 4.2012875086097115, 4.20536852844076, 3.9108526052511876, 10.848098706224976, 10.657759964457822, 11.465177247648638, 12.544792043314228, 12.38504628533943, 11.931709564852808, 10.488129382306456, 10.127787410881018, 9.415282560284636, 8.206566215537409], [9.285880750903491, 8.929086548466199, 7.534026787183597, 6.534354237413213, 5.124888292441114, 4.2388451387140815, 2.7693796940831357, 2.3761467336846014, 1.3768260819725924, 0.0, 1.3593514409452758, 2.1601420879192177, 2.272434951764296, 1.3742206918832216, 2.4075617437565335, 9.93378676286138, 11.284132783692328, 12.377060926164983, 12.368047966433506, 11.089193294825373, 9.872654085908207, 7.495103882535585, 6.91569950619603, 5.003299112585615, 4.794537535571079, 3.359153801182673, 2.1472843547141123, 2.9122921196198703, 2.9132755070538723, 3.384532496520014, 11.494088674618792, 11.447795696115476, 12.392644499863618, 13.35056180727987, 13.218593568530656, 12.619295367016338, 11.244132200396791, 11.04516649308647, 10.017776314631906, 8.966719718492378], [10.644733726120158, 10.276713253273149, 8.871311610466629, 7.888053076646987, 6.474394343102681, 5.587422766356596, 4.119924517512426, 3.6677466624618438, 2.43609777718383, 1.3593514409452758, 0.0, 1.4428320830921386, 2.4125905350887873, 2.272729576962468, 3.5740911138357956, 11.257771232797369, 12.62019922901378, 13.691756517335532, 13.636452186694308, 12.325953294167554, 11.142479786833809, 8.792399067944993, 8.264446331122247, 6.305183823648601, 6.094784762401376, 4.56733052011785, 2.7374292575334254, 2.072341335301692, 2.0723615611181363, 4.413112633958032, 12.82384765661227, 12.800091102019547, 13.70089562546916, 14.675135994259133, 14.467421101564714, 13.880869284738617, 12.427445747216119, 12.271195372089878, 11.274046111755974, 10.21058706294599], [10.981354315383872, 10.676278008276105, 9.334420570662111, 8.256291020791357, 6.914150944982326, 5.880381194276438, 4.493423039287532, 4.478857655697488, 3.514763983541426, 2.1601420879192177, 1.4428320830921386, 0.0, 1.4427660690493105, 2.160941116735946, 3.5180686107578962, 11.680528733323676, 12.997226659560877, 14.143170988501835, 14.071568254462614, 12.81321171174503, 11.553994927296793, 9.376362685498039, 8.494764828999093, 6.909449724109728, 6.192739482652246, 5.503667266468787, 4.062958998070249, 1.096165512137652, 1.096102522577154, 4.05093546480316, 13.083264383937212, 13.196113273990944, 14.255337217337232, 15.086778199801307, 14.953632290851612, 14.210843759608364, 12.889979813017552, 12.874428565959734, 11.553729780897594, 10.674552492259336], [9.931291034402324, 9.686923527106014, 8.42186391364762, 7.275521906365206, 6.031248787771899, 4.907418798105578, 3.677728606082836, 4.101747516608013, 3.56987467987323, 2.272434951764296, 2.4125905350887873, 1.4427660690493105, 0.0, 1.3603536231436293, 2.438313978961692, 10.718618233709046, 11.979708586188563, 13.189550175043877, 13.150088608446712, 11.966404648849212, 10.634821151763674, 8.58846679914407, 7.402164095046799, 6.199560413448682, 5.071502533766497, 5.188250796752215, 4.419543574850236, 2.0723090647873934, 2.072268691555224, 2.723054580797087, 11.986506947814279, 12.17563392066302, 13.37789496557661, 14.090470483983136, 14.079681007039897, 13.221988381858457, 12.074579524356118, 12.116573549894376, 10.551560903487218, 9.826398081698095], [8.823211584791562, 8.54431408832798, 7.233267690331942, 6.115162674042286, 4.806057359208273, 3.7276515341431793, 2.3875534465221926, 2.7498684714000414, 2.4024306961908395, 1.3742206918832216, 2.272729576962468, 2.160941116735946, 1.3603536231436293, 0.0, 1.379859601553723, 9.587110199637845, 10.87824654390587, 12.06146621518296, 12.063392931095299, 10.861635691736303, 9.547479741272038, 7.358206772033523, 6.334048889138763, 4.926553876697179, 4.058551117085998, 3.8376387909755136, 3.386085074241343, 2.913126821818782, 2.9140361030707904, 2.140733390686472, 10.96633401324253, 11.052017825266118, 12.18900932684851, 12.985880319023428, 12.976992692453827, 12.208722807484818, 11.02208233910453, 10.946565940513034, 9.55808088164146, 8.71786433709541], [7.509740966904252, 7.278123444954751, 6.030778205173856, 4.851973710769671, 3.637899204211134, 2.4713479560757934, 1.4028803298927535, 2.432441656032062, 2.8264647123217372, 2.4075617437565335, 3.5740911138357956, 3.5180686107578962, 2.438313978961692, 1.379859601553723, 0.0, 8.357445802396805, 9.60492175241423, 10.837509163087244, 10.897443436421222, 9.766977017480894, 8.39373309618551, 6.27523084356265, 4.994986111091802, 3.963014219000482, 2.7204360624723387, 3.4208984916246785, 3.910293504329311, 4.205262198721977, 4.207478804462358, 1.084768496039593, 9.65917319701847, 9.761224753584973, 11.006839417834714, 11.730790202710132, 11.84686293243912, 11.017134503581229, 9.990146209640779, 9.904257640530158, 8.373975642429349, 7.634324556894343], [2.3113779028968846, 1.3944423042922929, 2.451322177927659, 3.6354317226431307, 4.8715981792426195, 6.049262141782252, 7.3403748092314745, 7.8126964493700894, 9.152431744077637, 9.93378676286138, 11.257771232797369, 11.680528733323676, 10.718618233709046, 9.587110199637845, 8.357445802396805, 0.0, 1.4630288069617767, 2.481508561339251, 2.907677019546703, 2.4827092499928374, 1.4668205377618626, 2.6950799171824196, 3.9443462690286206, 5.015956634581284, 6.249390571087712, 7.296124953014442, 9.67333364512979, 12.491698426555134, 12.157610244205067, 8.32449511081603, 2.0758952502474686, 2.1079110061859825, 2.796821558483844, 3.4182043385379988, 3.901799054282524, 3.3115170556710107, 3.420267909097181, 2.797077322849692, 2.0725348585729506, 2.128169556214918], [2.72659454998355, 2.422772451139396, 3.7792636465322182, 4.838740937475367, 6.176611456939799, 7.274225690064888, 8.630502859625272, 9.162802642205058, 10.524049525729152, 11.284132783692328, 12.62019922901378, 12.997226659560877, 11.979708586188563, 10.87824654390587, 9.60492175241423, 1.4630288069617767, 0.0, 1.5253469146394205, 2.5188725612861007, 2.9169635119418276, 2.472833900608773, 4.128314286727695, 4.910042270693808, 6.419076881452659, 7.332702130865537, 8.647809120233864, 11.060922902723807, 13.777504895662348, 13.494725094643462, 9.488321342576883, 1.0970500717834166, 1.0959544424838106, 2.1532651067622863, 2.1592107006959744, 3.46646519238258, 2.813445062552315, 3.9072886532735205, 3.329911281100444, 2.7726551047687122, 3.4156555373749264], [4.167322830067284, 3.7181446260198103, 4.89718010083354, 6.0968311269051885, 7.337481953640499, 8.524345200659111, 9.812321956601302, 10.221914616645943, 11.546507299179263, 12.377060926164983, 13.691756517335532, 14.143170988501835, 13.189550175043877, 12.06146621518296, 10.837509163087244, 2.481508561339251, 1.5253469146394205, 0.0, 1.5242121145037524, 2.501035569519154, 2.918042667611287, 4.96685844171142, 6.312138560741518, 7.409718209216866, 8.690199814158476, 9.63054464140009, 11.99772225841222, 14.96645984526735, 14.594735197666314, 10.784950972999367, 2.1692560130146004, 2.148240980430268, 1.0972415094226067, 1.095575702541819, 2.159001889762952, 2.1576590485987355, 3.453491851734994, 2.7814594388557956, 3.354034800057984, 3.898344030482687], [5.038403995314389, 4.299088425468822, 5.191552554872193, 6.4216644337741595, 7.514893539498747, 8.739228994024586, 9.928118844474012, 10.321359682716228, 11.579389580629888, 12.368047966433506, 13.636452186694308, 14.071568254462614, 13.150088608446712, 12.063392931095299, 10.897443436421222, 2.907677019546703, 2.5188725612861007, 1.5242121145037524, 0.0, 1.5244771989111545, 2.519147038185743, 5.067491550066956, 6.780487236180008, 7.449121573044703, 9.011740962766297, 9.779726343819647, 12.021420003477127, 14.964974971245358, 14.415554539454943, 10.853655749101312, 2.834694861885491, 3.4581457603750594, 2.1498432733573862, 2.159702796682914, 1.0955206661674621, 1.0966776463482784, 2.1588689724019847, 2.1509772802147396, 2.8231420244118075, 3.455005703323802], [4.793797034710585, 3.7744143943133746, 4.264744698103276, 5.520136653199809, 6.4270654283273005, 7.696093267366242, 8.772614277397587, 9.076279565438693, 10.280451276573418, 11.089193294825373, 12.325953294167554, 12.81321171174503, 11.966404648849212, 10.861635691736303, 9.766977017480894, 2.4827092499928374, 2.9169635119418276, 2.501035569519154, 1.5244771989111545, 0.0, 1.5256742148964828, 3.9163508703894236, 6.076845155999945, 6.214809173257051, 8.108658565385522, 8.533047146828617, 10.684689563576471, 13.737199856593774, 13.123753071816001, 9.812742086185697, 3.367674884842656, 3.88937909054903, 2.7808420757029695, 3.454194806318833, 2.1592583171079833, 2.1578766345646363, 1.0956042579325804, 1.0972639837340876, 2.1668053627402712, 2.1442120091073082], [3.6043873681944896, 2.508730884331757, 2.9263649960317664, 4.098603940367989, 5.076618129227371, 6.296197497696526, 7.442716237369258, 7.881478700091754, 9.13540726295221, 9.872654085908207, 11.142479786833809, 11.553994927296793, 10.634821151763674, 9.547479741272038, 8.39373309618551, 1.4668205377618626, 2.472833900608773, 2.918042667611287, 2.519147038185743, 1.5256742148964828, 0.0, 2.798011209770254, 4.607894660254289, 5.012228766726435, 6.642100280784685, 7.4228303739207195, 9.639751815269936, 12.447821440316375, 11.908193478441639, 8.380509027499462, 2.7859106159387093, 3.405910207272059, 3.331867791494734, 3.908139594487382, 3.4668709768319905, 2.8126960127251572, 2.15935134704846, 2.153769175190322, 1.0972864211316935, 1.0917532367710208], [3.2540709042674534, 2.211926115402592, 1.080873489359416, 2.123098078280888, 2.7186166960423086, 4.054572769108972, 5.097155632311025, 5.311534777256006, 6.599947299032016, 7.495103882535585, 8.792399067944993, 9.376362685498039, 8.58846679914407, 7.358206772033523, 6.27523084356265, 2.6950799171824196, 4.128314286727695, 4.96685844171142, 5.067491550066956, 3.9163508703894236, 2.798011209770254, 0.0, 3.080226090727757, 2.4918573474418637, 4.637807502473556, 4.722002351757143, 7.04108734855633, 10.213154953294305, 9.862804816582349, 6.513468689569329, 4.672591346351615, 4.46895