{"total energy": -42.37543495, "HOMO-LUMO gap/eV": 2.88856989, "electronic energy": -42.99065628, "dipole": [0.32167277, 0.61521577, 0.84324458], "partial charges": [-0.03801994, -0.1899519, 0.39593172, -0.45194532, -0.30657775, 0.14119108, -0.03904324, -0.0301544, -0.04008376, 0.0195837, -0.03382448, -0.0281049, -0.02839091, -0.02615477, 0.00788761, 0.08081041, 0.05476055, 0.05797552, 0.18289736, 0.04822435, 0.0419424, 0.04041882, 0.03616059, 0.03350049, 0.03405758, 0.03690919], "atomic dipole moments": [[-0.15688083, 0.00729051, 0.09117954], [0.05079535, -0.06337274, -0.03897744], [-0.1015771, 0.0285645, 0.10207538], [0.01773131, 0.10676864, 0.16286137], [-0.02519158, -0.11712947, -0.17122495], [0.23033938, 0.15776105, 0.02081864], [-0.00557405, 0.001454, -0.00476496], [0.04046909, 0.00758849, 0.00807116], [-0.00124517, 0.04312392, -0.0121769], [0.03540055, 0.01565832, 0.00510751], [0.03208512, -0.03601722, 0.01708632], [0.01498667, 0.02192416, -0.00072675], [-0.02350593, 0.00088197, -0.00855574], [0.00777969, -0.04783072, 0.01192607], [0.00814272, -0.02327329, 0.00769243], [-0.02498018, -0.00519691, -0.1323161], [0.04955453, -0.10544655, 0.04006459], [0.0657789, 0.10177042, 0.03315044], [-0.00810835, 0.05037686, 0.1300031], [0.11996313, -0.08194024, 0.05750593], [-0.01165933, -0.14793445, 0.02926116], [-0.1257058, -0.08021018, -0.02274727], [-0.13289867, -0.06688587, -0.02794381], [-0.12024222, 0.07280175, -0.05483434], [0.00852349, 0.14819723, -0.03057434], [0.12664835, 0.08380621, 0.02112214]], "atomic quadrupole moments": [[0.26353684, -0.01001035, -0.18705752, -0.24360112, 0.02071081, -0.07647932], [0.09272412, 0.00184415, -0.03057065, -0.04468011, -0.00263807, -0.06215346], [-0.0499351, -0.2083188, 0.12429125, -0.04147374, -0.29600851, -0.07435615], [-0.06827065, -0.05809969, 0.07654334, 0.04516877, -0.07718216, -0.00827269], [0.06919091, 0.05268962, -0.03948027, -0.02053125, 0.02925607, -0.02971064], [0.1421481, 0.24135604, -0.34479579, -0.11949512, 0.22381038, 0.20264769], [-0.16038646, -0.00938953, -0.23341936, -0.22138223, 0.17834847, 0.39380581], [-0.16927884, -0.01062216, -0.24839717, -0.2267768, 0.17613377, 0.41767602], [-0.20411874, -0.05054099, -0.20188253, -0.2209481, 0.14565541, 0.40600127], [-0.15052993, -0.03561154, -0.17444736, -0.16927426, 0.11830154, 0.3249773], [-0.1822087, -0.06752979, -0.23259165, -0.2061548, 0.14210491, 0.41480035], [-0.17225227, -0.0231147, -0.25431598, -0.22137321, 0.16554226, 0.42656825], [-0.17607759, -0.01742475, -0.24911314, -0.2225069, 0.16678584, 0.42519073], [-0.20952982, -0.0359912, -0.2119981, -0.22612858, 0.14948385, 0.42152792], [-0.13093787, -0.03388329, -0.18872601, -0.15629341, 0.11204405, 0.31966388], [-0.01080503, -0.00612307, -0.04732014, 0.01873822, 0.00223871, 0.05812517], [0.00535764, -0.04515352, 0.02842174, -0.00799617, -0.03393939, -0.03377938], [0.00932607, 0.05132008, 0.03088023, -0.00365507, 0.03064084, -0.0402063], [0.01812056, 0.03143501, -0.03113133, 0.00254335, 0.03812846, 0.01301077], [0.02826985, 0.01128295, 0.01776961, 0.02553696, -0.01543117, -0.04603946], [0.0308876, 0.0058314, 0.02309163, 0.03118976, -0.02026175, -0.05397923], [0.02824198, 0.00117049, 0.02482222, 0.03073894, -0.02077588, -0.0530642], [0.01739924, 0.00718412, 0.03721657, 0.02524129, -0.02092225, -0.0546158], [0.02327752, 0.01166252, 0.03335734, 0.02685734, -0.01872581, -0.05663486], [0.03186268, 0.00638996, 0.02334108, 0.03079344, -0.01774912, -0.05520376], [0.02845804, -0.00386561, 0.02334213, 0.03082635, -0.0203199, -0.05180017]], "number of molecular orbitals": 71, "number of electrons": 76, "number of unpaired electrons": 0, "orbital energies/eV": [-19.90741941, -19.12565024, -18.46126266, -17.94273972, -17.70785528, -17.42467976, -16.99458607, -16.88083061, -16.62096836, -16.39705945, -16.03415996, -15.97278186, -15.88669026, -15.67584047, -15.36788546, -14.99448995, -14.4687124, -14.42888858, -14.2728474, -14.07274956, -13.93726561, -13.7331481, -13.46371309, -13.37011303, -13.14263916, -13.10778643, -13.040105, -12.69121378, -12.36206456, -12.28526208, -12.13016612, -11.63767123, -11.51638842, -11.36381809, -11.34318298, -11.05686586, -10.96546125, -10.22636118, -7.3377913, -6.27257082, -5.49188006, -5.3353573, -4.17747939, -1.75997518, -0.45559184, 1.45138767, 2.78921329, 3.00648436, 3.26335376, 3.44636629, 3.7630044, 4.02072446, 4.3644271, 4.52714107, 4.92199708, 5.2516661, 5.44650422, 5.49976824, 6.06261012, 7.93917559, 8.90947392, 9.15123163, 10.55174004, 10.8707207, 11.88726292, 13.09238377, 14.17556291, 14.56184992, 16.91569232, 17.63906627, 18.54928939], "fractional occupation": [2.0, 2.0, 2.0, 2.0, 2.0, 2.0, 2.0, 2.0, 2.0, 2.0, 2.0, 2.0, 2.0, 2.0, 2.0, 2.0, 2.0, 2.0, 2.0, 2.0, 2.0, 2.0, 2.0, 2.0, 2.0, 2.0, 2.0, 2.0, 2.0, 2.0, 2.0, 2.0, 2.0, 2.0, 2.0, 2.0, 2.0, 2.0, 0.0, 0.0, 0.0, 0.0, 0.0, 0.0, 0.0, 0.0, 0.0, 0.0, 0.0, 0.0, 0.0, 0.0, 0.0, 0.0, 0.0, 0.0, 0.0, 0.0, 0.0, 0.0, 0.0, 0.0, 0.0, 0.0, 0.0, 0.0, 0.0, 0.0, 0.0, 0.0, 0.0], "program call": "xtb /home/svss/Project-DBcg-Debug/aqme2_20220329/End-to-End-workflows-final/example-3/QDESCP/mol_953_rdkit_conf_1/mol_953_rdkit_conf_1.xyz --pop --wbo --acc 0.2 --gfn 2 --chrg 0 --uhf 0 --etemp 300 --input /home/svss/Project-DBcg-Debug/aqme2_20220329/End-to-End-workflows-final/example-3/QDESCP/mol_953_rdkit_conf_1/mol_953_rdkit_conf_1_xtb.inp", "method": "GFN2-xTB", "xtb version": "6.3.3 (7355c4f)", "Dipole module/D": 2.776, "Total charge": 0, "Transition dipole module/D": NaN, "HOMO": -10.2264, "LUMO": -7.3378, "HOMO occupancy": 2.0, "LUMO occupancy": 0, "mulliken charges": [0.07219, -0.35113, 0.65, -0.56558, -0.43351, 0.24689, -0.04979, -0.02369, -0.04475, 0.01176, -0.03557, -0.02526, -0.02848, -0.02245, -0.01208, 0.05678, 0.03705, 0.03069, 0.23517, 0.0492, 0.035, 0.0338, 0.03239, 0.031, 0.03152, 0.03885], "cm5 charges": [-0.01414, -0.71087, 0.77178, -0.605, -0.49261, 0.26631, -0.09952, -0.07877, -0.09721, 0.00467, -0.08815, -0.08059, -0.0838, -0.07354, -0.01412, 0.12094, 0.09938, 0.09211, 0.43374, 0.10842, 0.09044, 0.08995, 0.08858, 0.08641, 0.08694, 0.09864], "FUKUI+": [0.013, -0.024, -0.002, -0.022, -0.019, -0.063, -0.033, -0.032, -0.053, -0.018, -0.052, -0.033, -0.033, -0.052, -0.017, -0.012, -0.019, -0.022, -0.016, -0.07, -0.071, -0.07, -0.069, -0.071, -0.071, -0.068], "FUKUI-": [0.021, -0.06, -0.0, -0.058, -0.037, -0.039, -0.026, -0.029, -0.043, -0.016, -0.042, -0.029, -0.029, -0.039, -0.014, -0.034, -0.056, -0.042, -0.034, -0.053, -0.059, -0.058, -0.058, -0.06, -0.058, -0.048], "FUKUIrad": [0.017, -0.042, -0.001, -0.04, -0.028, -0.051, -0.029, -0.031, -0.048, -0.017, -0.047, -0.031, -0.031, -0.045, -0.015, -0.023, -0.037, -0.032, -0.025, -0.061, -0.065, -0.064, -0.063, -0.066, -0.065, -0.058], "s proportion": [0.976, 1.413, 0.924, 1.723, 1.696, 1.025, 1.062, 1.06, 1.065, 1.071, 1.064, 1.06, 1.06, 1.063, 1.073, 0.943, 0.963, 0.969, 0.765, 0.951, 0.965, 0.966, 0.968, 0.969, 0.968, 0.961], "p proportion": [2.952, 3.938, 2.426, 4.842, 4.737, 2.728, 2.988, 2.964, 2.98, 2.917, 2.971, 2.965, 2.968, 2.96, 2.939, 0.0, 0.0, 0.0, 0.0, 0.0, 0.0, 0.0, 0.0, 0.0, 0.0, 0.0], "d proportion": [0.0, 0.0, 0.0, 0.0, 0.0, 0.0, 0.0, 0.0, 0.0, 0.0, 0.0, 0.0, 0.0, 0.0, 0.0, 0.0, 0.0, 0.0, 0.0, 0.0, 0.0, 0.0, 0.0, 0.0, 0.0, 0.0], "Fermi-level/eV": -8.7821, "Coordination numbers": [3.688, 2.682, 2.662, 0.857, 1.707, 2.881, 2.908, 2.91, 2.918, 2.983, 2.918, 2.91, 2.909, 2.915, 2.977, 0.924, 0.924, 0.924, 0.86, 0.925, 0.925, 0.925, 0.925, 0.925, 0.925, 0.925], "Dispersion coefficient C6": [21.449, 25.12, 20.313, 22.747, 19.107, 24.923, 28.97, 28.753, 28.996, 27.564, 28.842, 28.703, 28.71, 28.655, 27.838, 1.971, 2.261, 2.223, 1.198, 2.342, 2.423, 2.443, 2.501, 2.537, 2.529, 2.49], "Total dispersion C6": 8592.156223, "Total dispersion C8": 207748.406989, "Polarizability alpha": [6.629, 7.444, 7.374, 6.394, 5.902, 8.184, 8.826, 8.793, 8.83, 8.612, 8.807, 8.785, 8.786, 8.778, 8.655, 2.195, 2.352, 2.332, 1.714, 2.393, 2.434, 2.444, 2.473, 2.491, 2.487, 2.468], "Total polarizability alpha": 146.581999, "Wiberg matrix": [[0.0, 1.0053967878535313, 0.0, 0.0, 0.0, 0.0, 0.0, 0.0, 0.0, 0.0, 0.0, 0.0, 0.0, 0.0, 0.0, 0.9765911820127906, 0.9751148585832699, 0.9832103087841475, 0.0, 0.0, 0.0, 0.0, 0.0, 0.0, 0.0, 0.0], [1.0053967878535313, 0.0, 1.2097099004567584, 0.17239396230241358, 0.0, 0.0, 0.0, 0.0, 0.0, 0.0, 0.0, 0.0, 0.0, 0.0, 0.0, 0.0, 0.0, 0.0, 0.9395254144620245, 0.0, 0.0, 0.0, 0.0, 0.0, 0.0, 0.0], [0.0, 1.2097099004567584, 0.0, 1.6558641106375689, 1.0153447757025285, 0.0, 0.0, 0.0, 0.0, 0.0, 0.0, 0.0, 0.0, 0.0, 0.0, 0.0, 0.0, 0.0, 0.0, 0.0, 0.0, 0.0, 0.0, 0.0, 0.0, 0.0], [0.0, 0.17239396230241358, 1.6558641106375689, 0.0, 0.13093596948720163, 0.0, 0.0, 0.0, 0.0, 0.0, 0.0, 0.0, 0.0, 0.0, 0.0, 0.0, 0.0, 0.0, 0.0, 0.0, 0.0, 0.0, 0.0, 0.0, 0.0, 0.0], [0.0, 0.0, 1.0153447757025285, 0.13093596948720163, 0.0, 0.95918027015507, 0.0, 0.0, 0.0, 0.0, 0.0, 0.0, 0.0, 0.0, 0.0, 0.0, 0.0, 0.0, 0.0, 0.0, 0.0, 0.0, 0.0, 0.0, 0.0, 0.0], [0.0, 0.0, 0.0, 0.0, 0.95918027015507, 0.0, 1.4786600382409296, 0.0, 0.12277310836924489, 0.0, 0.0, 0.0, 0.0, 0.0, 1.2626240337820773, 0.0, 0.0, 0.0, 0.0, 0.0, 0.0, 0.0, 0.0, 0.0, 0.0, 0.0], [0.0, 0.0, 0.0, 0.0, 0.0, 1.4786600382409296, 0.0, 1.360819501841874, 0.0, 0.0, 0.0, 0.0, 0.0, 0.0, 0.0, 0.0, 0.0, 0.0, 0.0, 0.9681152992652284, 0.0, 0.0, 0.0, 0.0, 0.0, 0.0], [0.0, 0.0, 0.0, 0.0, 0.0, 0.0, 1.360819501841874, 0.0, 1.5183918505807599, 0.0, 0.0, 0.0, 0.0, 0.0, 0.0, 0.0, 0.0, 0.0, 0.0, 0.0, 0.970213723693704, 0.0, 0.0, 0.0, 0.0, 0.0], [0.0, 0.0, 0.0, 0.0, 0.0, 0.12277310836924489, 0.0, 1.5183918505807599, 0.0, 1.2940162885586914, 0.0, 0.0, 0.0, 0.0, 0.0, 0.0, 0.0, 0.0, 0.0, 0.0, 0.0, 0.9691567264831453, 0.0, 0.0, 0.0, 0.0], [0.0, 0.0, 0.0, 0.0, 0.0, 0.0, 0.0, 0.0, 1.2940162885586914, 0.0, 1.2972077385044722, 0.0, 0.0, 0.0, 1.2308043939447892, 0.0, 0.0, 0.0, 0.0, 0.0, 0.0, 0.0, 0.0, 0.0, 0.0, 0.0], [0.0, 0.0, 0.0, 0.0, 0.0, 0.0, 0.0, 0.0, 0.0, 1.2972077385044722, 0.0, 1.5187077815584615, 0.0, 0.13179360248674135, 0.0, 0.0, 0.0, 0.0, 0.0, 0.0, 0.0, 0.0, 0.969256383541369, 0.0, 0.0, 0.0], [0.0, 0.0, 0.0, 0.0, 0.0, 0.0, 0.0, 0.0, 0.0, 0.0, 1.5187077815584615, 0.0, 1.360977704748193, 0.0, 0.0, 0.0, 0.0, 0.0, 0.0, 0.0, 0.0, 0.0, 0.0, 0.9709738946508182, 0.0, 0.0], [0.0, 0.0, 0.0, 0.0, 0.0, 0.0, 0.0, 0.0, 0.0, 0.0, 0.0, 1.360977704748193, 0.0, 1.5191349883697853, 0.0, 0.0, 0.0, 0.0, 0.0, 0.0, 0.0, 0.0, 0.0, 0.0, 0.970876192922066, 0.0], [0.0, 0.0, 0.0, 0.0, 0.0, 0.0, 0.0, 0.0, 0.0, 0.0, 0.13179360248674135, 0.0, 1.5191349883697853, 0.0, 1.296682569043244, 0.0, 0.0, 0.0, 0.0, 0.0, 0.0, 0.0, 0.0, 0.0, 0.0, 0.9698132999985339], [0.0, 0.0, 0.0, 0.0, 0.0, 1.2626240337820773, 0.0, 0.0, 0.0, 1.2308043939447892, 0.0, 0.0, 0.0, 1.296682569043244, 0.0, 0.0, 0.0, 0.0, 0.0, 0.0, 0.0, 0.0, 0.0, 0.0, 0.0, 0.0], [0.9765911820127906, 0.0, 0.0, 0.0, 0.0, 0.0, 0.0, 0.0, 0.0, 0.0, 0.0, 0.0, 0.0, 0.0, 0.0, 0.0, 0.0, 0.0, 0.0, 0.0, 0.0, 0.0, 0.0, 0.0, 0.0, 0.0], [0.9751148585832699, 0.0, 0.0, 0.0, 0.0, 0.0, 0.0, 0.0, 0.0, 0.0, 0.0, 0.0, 0.0, 0.0, 0.0, 0.0, 0.0, 0.0, 0.0, 0.0, 0.0, 0.0, 0.0, 0.0, 0.0, 0.0], [0.9832103087841475, 0.0, 0.0, 0.0, 0.0, 0.0, 0.0, 0.0, 0.0, 0.0, 0.0, 0.0, 0.0, 0.0, 0.0, 0.0, 0.0, 0.0, 0.0, 0.0, 0.0, 0.0, 0.0, 0.0, 0.0, 0.0], [0.0, 0.9395254144620245, 0.0, 0.0, 0.0, 0.0, 0.0, 0.0, 0.0, 0.0, 0.0, 0.0, 0.0, 0.0, 0.0, 0.0, 0.0, 0.0, 0.0, 0.0, 0.0, 0.0, 0.0, 0.0, 0.0, 0.0], [0.0, 0.0, 0.0, 0.0, 0.0, 0.0, 0.9681152992652284, 0.0, 0.0, 0.0, 0.0, 0.0, 0.0, 0.0, 0.0, 0.0, 0.0, 0.0, 0.0, 0.0, 0.0, 0.0, 0.0, 0.0, 0.0, 0.0], [0.0, 0.0, 0.0, 0.0, 0.0, 0.0, 0.0, 0.970213723693704, 0.0, 0.0, 0.0, 0.0, 0.0, 0.0, 0.0, 0.0, 0.0, 0.0, 0.0, 0.0, 0.0, 0.0, 0.0, 0.0, 0.0, 0.0], [0.0, 0.0, 0.0, 0.0, 0.0, 0.0, 0.0, 0.0, 0.9691567264831453, 0.0, 0.0, 0.0, 0.0, 0.0, 0.0, 0.0, 0.0, 0.0, 0.0, 0.0, 0.0, 0.0, 0.0, 0.0, 0.0, 0.0], [0.0, 0.0, 0.0, 0.0, 0.0, 0.0, 0.0, 0.0, 0.0, 0.0, 0.969256383541369, 0.0, 0.0, 0.0, 0.0, 0.0, 0.0, 0.0, 0.0, 0.0, 0.0, 0.0, 0.0, 0.0, 0.0, 0.0], [0.0, 0.0, 0.0, 0.0, 0.0, 0.0, 0.0, 0.0, 0.0, 0.0, 0.0, 0.9709738946508182, 0.0, 0.0, 0.0, 0.0, 0.0, 0.0, 0.0, 0.0, 0.0, 0.0, 0.0, 0.0, 0.0, 0.0], [0.0, 0.0, 0.0, 0.0, 0.0, 0.0, 0.0, 0.0, 0.0, 0.0, 0.0, 0.0, 0.970876192922066, 0.0, 0.0, 0.0, 0.0, 0.0, 0.0, 0.0, 0.0, 0.0, 0.0, 0.0, 0.0, 0.0], [0.0, 0.0, 0.0, 0.0, 0.0, 0.0, 0.0, 0.0, 0.0, 0.0, 0.0, 0.0, 0.0, 0.9698132999985339, 0.0, 0.0, 0.0, 0.0, 0.0, 0.0, 0.0, 0.0, 0.0, 0.0, 0.0, 0.0]], "Born radii": [], "Atomic SASAs": [], "Solvent H bonds": [], "Total SASA": NaN, "Total FOD": 0.0, "FOD": [0.0, 0.0, 0.0, 0.0, 0.0, 0.0, 0.0, 0.0, 0.0, 0.0, 0.0, 0.0, 0.0, 0.0, 0.0, 0.0, 0.0, 0.0, 0.0, 0.0, 0.0, 0.0, 0.0, 0.0, 0.0, 0.0], "FOD s proportion": [0.0, 0.0, 0.0, 0.0, 0.0, 0.0, 0.0, 0.0, 0.0, 0.0, 0.0, 0.0, 0.0, 0.0, 0.0, 0.0, 0.0, 0.0, 0.0, 0.0, 0.0, 0.0, 0.0, 0.0, 0.0, 0.0], "FOD p proportion": [0.0, 0.0, 0.0, 0.0, 0.0, 0.0, 0.0, 0.0, 0.0, 0.0, 0.0, 0.0, 0.0, 0.0, 0.0, 0.0, 0.0, 0.0, 0.0, 0.0, 0.0, 0.0, 0.0, 0.0, 0.0, 0.0], "FOD d proportion": [0.0, 0.0, 0.0, 0.0, 0.0, 0.0, 0.0, 0.0, 0.0, 0.0, 0.0, 0.0, 0.0, 0.0, 0.0, 0.0, 0.0, 0.0, 0.0, 0.0, 0.0, 0.0, 0.0, 0.0, 0.0, 0.0], "coordinates": [["4.55870", "0.53660", "-0.40790"], ["3.32820", "0.62770", "0.32900"], ["2.20750", "-0.06220", "-0.04530"], ["2.11240", "-0.72730", "-1.06720"], ["1.23020", "0.10860", "0.92090"], ["0.02590", "-0.55070", "0.62970"], ["-0.06720", "-1.91180", "0.92980"], ["-1.26340", "-2.57960", "0.69500"], ["-2.35990", "-1.88430", "0.17950"], ["-2.28060", "-0.50900", "-0.10550"], ["-3.38940", "0.18830", "-0.61310"], ["-3.31270", "1.55400", "-0.88890"], ["-2.12640", "2.24240", "-0.66100"], ["-1.01440", "1.56490", "-0.15840"], ["-1.06910", "0.18350", "0.12530"], ["4.36010", "0.50340", "-1.48240"], ["5.07890", "-0.37630", "-0.10620"], ["5.17300", "1.40750", "-0.16840"], ["3.31810", "1.02510", "1.25780"], ["0.78740", "-2.44690", "1.33200"], ["-1.34590", "-3.64150", "0.91060"], ["-3.28610", "-2.42730", "0.00210"], ["-4.32700", "-0.33150", "-0.79830"], ["-4.17960", "2.07800", "-1.28260"], ["-2.06270", "3.30560", "-0.87660"], ["-0.09610", "2.12290", "0.00850"]], "bond_dist": [[0.0, 1.4371677250759567, 2.453198247186721, 2.8313430364404804, 3.609405171215889, 4.775469703599846, 5.402134268971848, 6.695068278964748, 7.3534224365257295, 6.925369998057865, 7.9583737999669255, 7.951440229291798, 6.903939111840428, 5.672662051453444, 5.6640193052284, 1.0932037550246523, 1.0931684865563955, 1.0923330764926968, 2.133606594477998, 5.113827133370857, 7.35250046038761, 8.39605206332119, 8.93653592059026, 8.916215617626122, 7.192355570326038, 4.935270984454653], [1.4371677250759567, 0.0, 1.3682218350837703, 2.2942469527058327, 2.2408512712806266, 3.519123802880484, 4.282378083495197, 5.6127996445624175, 6.219885518239063, 5.739295651907122, 6.797556511718016, 6.814900212769076, 5.774081507045081, 4.469236776005496, 4.424370533759576, 2.0884056263092186, 2.0645497160397954, 2.0636816227315684, 1.01029610016074, 4.1127653470627275, 6.357007000939986, 7.293068839658652, 7.79698383799787, 7.814581594045838, 6.138926826408668, 3.7502231640263757], [2.453198247186721, 1.3682218350837703, 0.0, 1.2229806335343172, 1.3848575269680272, 2.335302081102143, 3.089676400531292, 4.351148544924662, 4.92257312896416, 4.5106868534625635, 5.63120206527878, 5.813464667476702, 4.947014944388181, 3.611216641244333, 3.290224978629881, 2.649310576357555, 2.8891703964979287, 3.3120027098418867, 2.0282315597584017, 3.0984566141871346, 5.133398957805637, 5.981269575098584, 6.583253127443908, 6.848825719785839, 5.501612906230317, 3.1755518276356316], [2.8313430364404804, 2.2942469527058327, 1.2229806335343172, 0.0, 2.33013889285596, 2.695206749026872, 3.184604435404812, 4.234665248871509, 4.7848069114646625, 4.502329483722844, 5.595921140437918, 5.887939417996758, 5.191487452551532, 3.9820819328587405, 3.5176064504148266, 2.595990912927085, 3.1379681722413943, 3.838291916985992, 3.151228847608501, 3.235554017475214, 4.935999733589944, 5.759965689133921, 6.457153955884898, 6.892413891373617, 5.807931712752828, 3.762744049227903], [3.609405171215889, 2.2408512712806266, 1.3848575269680272, 2.33013889285596, 0.0, 1.4035000605628771, 2.401112685818806, 3.6736209671113325, 4.172546270564294, 3.7095341163008597, 4.868286377155724, 5.099264418521558, 4.2804525006125225, 2.8851217201359116, 2.434208261427111, 3.965853242367902, 4.012798787629402, 4.291781394712457, 2.3049512511113983, 2.625957977576945, 4.5496865067826375, 5.260413286045118, 5.833678812721866, 6.164404646841413, 4.928996415093036, 2.57855578570641], [4.775469703599846, 3.519123802880484, 2.335302081102143, 2.695206749026872, 1.4035000605628771, 0.0, 1.396896857323403, 2.4047856016701368, 2.7700560716346523, 2.42119808772434, 3.7087662274670268, 4.228730070600393, 3.7549579744652273, 2.4857773552754074, 1.4115572960386695, 4.9353199349181, 5.109283038744281, 5.564543939982863, 3.703543720546579, 2.1607133035180768, 3.39319682452993, 3.8580893354094328, 4.586389762111371, 5.315372539154711, 4.6370507157028165, 2.7475280526320383], [5.402134268971848, 4.282378083495197, 3.089676400531292, 3.184604435404812, 2.401112685818806, 1.396896857323403, 0.0, 1.3899576684201576, 2.4125048455909885, 2.8175935636638583, 4.22231846975095, 5.084555986514457, 4.9018697371513245, 3.764147973977644, 2.4579068228881256, 5.590427995243298, 5.469314532919093, 6.299483452633239, 4.493686871601091, 1.0855588468618365, 2.15111701680778, 3.389348720624657, 4.861025996638982, 6.142072252912692, 5.87080607497812, 4.138651107546999], [6.695068278964748, 5.6127996445624175, 4.351148544924662, 4.234665248871509, 3.6736209671113325, 2.4047856016701368, 1.3899576684201576, 0.0, 1.3969590509388599, 2.441900991031373, 3.727233829530957, 4.8780138027685, 5.0828327731689145, 4.238770200187785, 2.8279024364358825, 6.772718214277042, 6.761746935518956, 7.620345853699817, 5.8566840601145636, 2.151548031069723, 1.0867019922683496, 2.1435067039783195, 4.082835223224175, 5.840236464390804, 6.1436459932193355, 4.89360580656023], [7.3534224365257295, 6.219885518239063, 4.92257312896416, 4.7848069114646625, 4.172546270564294, 2.7700560716346523, 2.4125048455909885, 1.3969590509388599, 0.0, 1.4067564039306877, 2.4461716558737248, 3.724407777083492, 4.217892292365939, 3.7177314722825265, 2.43821638088173, 7.322665013504305, 7.595487734833098, 8.228096016697908, 6.470473185942431, 3.398569154806181, 2.1564913748958054, 1.0881940084378332, 2.69012324810593, 4.59878960053621, 5.304595843228775, 4.60561432167306], [6.925369998057865, 5.739295651907122, 4.5106868534625635, 4.502329483722844, 3.7095341163008597, 2.42119808772434, 2.8175935636638583, 2.441900991031373, 1.4067564039306877, 0.0, 1.4047499741946963, 2.4361680914912256, 2.8111492045069397, 2.430457170986562, 1.4144105273929493, 6.857091501504119, 7.360696300622653, 7.696303113833291, 5.963010262442955, 3.903138052900512, 3.42325569451071, 2.1685209014441154, 2.1677709865204857, 3.4182355697055167, 3.8978518160648434, 3.422270278630839], [7.9583737999669255, 6.797556511718016, 5.63120206527878, 5.595921140437918, 4.868286377155724, 3.7087662274670268, 4.22231846975095, 3.727233829530957, 2.4461716558737248, 1.4047499741946963, 0.0, 1.3953798837592581, 2.411802276307078, 2.7825176818845194, 2.434964001787296, 7.804467999165606, 8.50222474767634, 8.66019055737228, 7.013633673068476, 5.30785750468115, 4.600534966718545, 2.688959889994642, 1.087926854158863, 2.154904262374549, 3.398106006292329, 3.869740121765285], [7.951440229291798, 6.814900212769076, 5.813464667476702, 5.887939417996758, 5.099264418521558, 4.228730070600393, 5.084555986514457, 4.8780138027685, 3.724407777083492, 2.4361680914912256, 1.3953798837592581, 0.0, 1.390374287736939, 2.411624338490554, 2.8179093047860855, 7.767101290056671, 8.646249356802059, 8.517492999116582, 6.989675581885042, 6.14413684987566, 5.839496788251536, 4.079869881503575, 2.1429239603868355, 1.0867802445756913, 2.1519186439082683, 3.3875491922627488], [6.903939111840428, 5.774081507045081, 4.947014944388181, 5.191487452551532, 4.2804525006125225, 3.7549579744652273, 4.9018697371513245, 5.0828327731689145, 4.217892292365939, 2.8111492045069397, 2.411802276307078, 1.390374287736939, 0.0, 1.3957639521065157, 2.4444263519279934, 6.765611665621964, 7.686464780378558, 7.363487837295585, 5.899677362364827, 5.869566758288042, 6.139982574893842, 4.857026229082977, 3.3891669861486617, 2.1515213594105913, 1.0867084659649986, 2.1411745818592185], [5.672662051453444, 4.469236776005496, 3.611216641244333, 3.9820819328587405, 2.8851217201359116, 2.4857773552754074, 3.764147973977644, 4.238770200187785, 3.7177314722825265, 2.430457170986562, 2.7825176818845194, 2.411624338490554, 1.3957639521065157, 0.0, 1.4112915148898189, 5.636045466459617, 6.395255051207887, 6.189409787693816, 4.589941473483076, 4.643523946314911, 5.32534075998898, 4.596089857694255, 3.8702872929538445, 3.3978799699224216, 2.155175310734605, 1.0874256296409426], [5.6640193052284, 4.424370533759576, 3.290224978629881, 3.5176064504148266, 2.434208261427111, 1.4115572960386695, 2.4579068228881256, 2.8279024364358825, 2.43821638088173, 1.4144105273929493, 2.434964001787296, 2.8179093047860855, 2.4444263519279934, 1.4112915148898189, 0.0, 5.671265109303214, 6.1777724375376595, 6.367750631109858, 4.608510675912555, 3.4382730112659754, 3.914580351710768, 3.427323136209948, 3.425226177933364, 3.9046796168187727, 3.4261571738611174, 2.1729343294264556], [1.0932037550246523, 2.0884056263092186, 2.649310576357555, 2.595990912927085, 3.965853242367902, 4.9353199349181, 5.590427995243298, 6.772718214277042, 7.322665013504305, 6.857091501504119, 7.804467999165606, 7.767101290056671, 6.765611665621964, 5.636045466459617, 5.671265109303214, 0.0, 1.7845088876214652, 1.7901953021947075, 2.9776888571507936, 5.421190158996454, 7.447488234968888, 8.322086107461278, 8.753899544203144, 8.685951950707533, 7.033610617598901, 4.970239581750562], [1.0931684865563955, 2.0645497160397954, 2.8891703964979287, 3.1379681722413943, 4.012798787629402, 5.109283038744281, 5.469314532919093, 6.761746935518956, 7.595487734833098, 7.360696300622653, 8.50222474767634, 8.646249356802059, 7.686464780378558, 6.395255051207887, 6.1777724375376595, 1.7845088876214652, 0.0, 1.787362887048962, 2.6315080467291, 4.9772257182088895, 7.27828745791206, 8.613451972931642, 9.4314348993141, 9.650250136654488, 8.071700832538333, 5.7480241587870875], [1.0923330764926968, 2.0636816227315684, 3.3120027098418867, 3.838291916985992, 4.291781394712457, 5.564543939982863, 6.299483452633239, 7.620345853699817, 8.228096016697908, 7.696303113833291, 8.66019055737228, 8.517492999116582, 7.363487837295585, 6.189409787693816, 6.367750631109858, 1.7901953021947075, 1.787362887048962, 0.0, 2.370850102811226, 6.0283568971984405, 8.315810195645401, 9.28930213202262, 9.678372539327054, 9.442570553085636, 7.513966019353561, 5.320385848789541], [2.133606594477998, 1.01029610016074, 2.0282315597584017, 3.151228847608501, 2.3049512511113983, 3.703543720546579, 4.493686871601091, 5.8566840601145636, 6.470473185942431, 5.963010262442955, 7.013633673068476, 6.989675581885042, 5.899677362364827, 4.589941473483076, 4.608510675912555, 2.9776888571507936, 2.6315080467291, 2.370850102811226, 0.0, 4.297060871107133, 6.606860025761102, 7.557202252818168, 8.032151939548951, 7.986096409385501, 6.221684036496871, 3.7977199699293256], [5.113827133370857, 4.1127653470627275, 3.0984566141871346, 3.235554017475214, 2.625957977576945, 2.1607133035180768, 1.0855588468618365, 2.151548031069723, 3.398569154806181, 3.903138052900512, 5.30785750468115, 6.14413684987566, 5.869566758288042, 4.643523946314911, 3.4382730112659754, 5.421190158996454, 4.9772257182088895, 6.0283568971984405, 4.297060871107133, 0.0, 2.481051392051362, 4.285139486644513, 5.930445397269922, 7.209850356976904, 6.789126616877902, 4.838935475907898], [7.35250046038761, 6.357007000939986, 5.133398957805637, 4.935999733589944, 4.5496865067826375, 3.39319682452993, 2.15111701680778, 1.0867019922683496, 2.1564913748958054, 3.42325569451071, 4.600534966718545, 5.839496788251536, 6.139982574893842, 5.32534075998898, 3.914580351710768, 7.447488234968888, 7.27828745791206, 8.315810195645401, 6.606860025761102, 2.481051392051362, 0.0, 2.4625251125623064, 4.771100126805137, 6.74927123325178, 7.209027985103123, 5.9669164406752], [8.39605206332119, 7.293068839658652, 5.981269575098584, 5.759965689133921, 5.260413286045118, 3.8580893354094328, 3.389348720624657, 2.1435067039783195, 1.0881940084378332, 2.1685209014441154, 2.688959889994642, 4.079869881503575, 4.857026229082977, 4.596089857694255, 3.427323136209948, 8.322086107461278, 8.613451972931642, 9.28930213202262, 7.557202252818168, 4.285139486644513, 2.4625251125623064, 0.0, 2.473153980244659, 4.769331654435452, 5.927475319223185, 5.5570190750077515], [8.93653592059026, 7.79698383799787, 6.583253127443908, 6.457153955884898, 5.833678812721866, 4.586389762111371, 4.861025996638982, 4.082835223224175, 2.69012324810593, 2.1677709865204857, 1.087926854158863, 2.1429239603868355, 3.3891669861486617, 3.8702872929538445, 3.425226177933364, 8.753899544203144, 9.4314348993141, 9.678372539327054, 8.032151939548951, 5.930445397269922, 4.771100126805137, 2.473153980244659, 0.0, 2.4621055013950963, 4.2850533007186735, 4.957370311969846], [8.916215617626122, 7.814581594045838, 6.848825719785839, 6.892413891373617, 6.164404646841413, 5.315372539154711, 6.142072252912692, 5.840236464390804, 4.59878960053621, 3.4182355697055167, 2.154904262374549, 1.0867802445756913, 2.1515213594105913, 3.3978799699224216, 3.9046796168187727, 8.685951950707533, 9.650250136654488, 9.442570553085636, 7.986096409385501, 7.209850356976904, 6.74927123325178, 4.769331654435452, 2.4621055013950963, 0.0, 2.4805449743957477, 4.282981142848985], [7.192355570326038, 6.138926826408668, 5.501612906230317, 5.807931712752828, 4.928996415093036, 4.6370507157028165, 5.87080607497812, 6.1436459932193355, 5.304595843228775, 3.8978518160648434, 3.398106006292329, 2.1519186439082683, 1.0867084659649986, 2.155175310734605, 3.4261571738611174, 7.033610617598901, 8.071700832538333, 7.513966019353561, 6.221684036496871, 6.789126616877902, 7.209027985103123, 5.927475319223185, 4.2850533007186735, 2.4805449743957477, 0.0, 2.459613152509963], [4.935270984454653, 3.7502231640263757, 3.1755518276356316, 3.762744049227903, 2.57855578570641, 2.7475280526320383, 4.138651107546999, 4.89360580656023, 4.60561432167306, 3.422270278630839, 3.869740121765285, 3.3875491922627488, 2.1411745818592185, 1.0874256296409426, 2.1729343294264556, 4.970239581750562, 5.7480241587870875, 5.320385848789541, 3.7977199699293256, 4.838935475907898, 5.9669164406752, 5.5570190750077515, 4.957370311969846, 4.282981142848985, 2.459613152509963, 0.0]]}