{"total energy": -61.36773451, "HOMO-LUMO gap/eV": 3.88774791, "electronic energy": -61.95494861, "dipole": [-0.37603963, 0.05773118, -0.21401089], "partial charges": [-0.42418325, 0.13077665, -0.00318838, -0.03524002, -0.03842751, 0.10281836, -0.16196659, -0.03803315, -0.02613854, 0.00682022, -0.02013916, -0.03785452, 0.10315601, -0.16213547, -0.03730604, -0.03096415, 0.19630678, -0.10665085, -0.12155046, -0.11405309, 0.30395568, 0.06173898, 0.06489852, 0.06530274, 0.06298379, 0.07728552, 0.06580899, 0.06411966, 0.05185925], "atomic dipole moments": [[-0.13097636, -0.0114575, 0.18141243], [0.03287853, 0.13696664, -0.05857123], [0.11919338, 0.04255746, -0.00931096], [0.00092284, -0.0130447, -0.02511118], [0.00650805, -0.01829593, -0.03264896], [-0.22659255, -0.09564434, -0.0187848], [-0.03259816, -0.01398026, 0.00019609], [-0.02059082, 0.01094943, 0.03072961], [-0.01653046, 0.01127006, 0.02983145], [-0.08989119, 0.10061138, -0.0105346], [-0.01501587, -0.02534278, 0.0281763], [-0.01501845, -0.01964636, 0.02931351], [0.15559432, -0.18589657, 0.01892824], [0.0127051, -0.01051817, 0.00501759], [0.02222533, 0.01233913, -0.02647245], [0.01439404, 0.00844018, -0.01688218], [0.0444493, 0.10590429, 0.09889984], [0.04470867, -1.656e-05, -0.02577888], [0.10402681, 0.04381554, 0.07891474], [0.11309803, 0.03229973, -0.02450562], [-0.0692172, 0.04680884, -0.00787651], [0.01568213, 0.08638381, 0.12733358], [-0.10345766, 0.0323284, 0.11153189], [-0.03505608, -0.09083881, -0.12197618], [0.09939023, -0.03696824, -0.11356014], [0.03004026, 0.10743423, -0.11000897], [0.12147598, -0.00360997, -0.09678463], [-0.02458556, -0.11033412, 0.10652324], [-0.11830127, -0.00587546, 0.09882824]], "atomic quadrupole moments": [[-0.06059745, 0.00447778, -0.05329756, -0.05283898, -0.08829716, 0.113895], [-0.18594631, 0.02146927, -0.06436416, -0.08720705, -0.12223224, 0.25031047], [-0.04494989, -0.09199483, 0.185029, 0.08111641, -0.34860084, -0.14007911], [-0.19674064, -0.17370122, 0.27041272, 0.15141797, -0.3340846, -0.07367208], [-0.19596411, -0.17319372, 0.25320761, 0.13914721, -0.30698763, -0.0572435], [0.14895739, 0.04209371, 0.11953379, 0.15012735, -0.30068399, -0.26849119], [0.34727203, 0.23295241, -0.11709208, 0.04808583, 0.0006826, -0.23017994], [-0.17232424, -0.19445733, 0.23236996, 0.0925731, -0.33163685, -0.06004572], [-0.19040153, -0.19071476, 0.25673947, 0.11418502, -0.34861134, -0.06633794], [-0.00284694, 0.07210097, 0.01844684, 0.31090393, 0.22954927, -0.01559991], [-0.03084129, 0.22937575, -0.04208084, 0.31482687, 0.28723882, 0.07292212], [-0.04933854, 0.21762102, -0.02762504, 0.28985534, 0.25115218, 0.07696358], [0.02526848, -0.10254923, 0.11046652, 0.30279837, 0.23066712, -0.135735], [0.05565847, -0.327603, 0.16723457, 0.04433675, -0.02212263, -0.22289305], [-0.01334972, 0.20763353, -0.06094954, 0.26527853, 0.27905399, 0.07429925], [-0.02474585, 0.21741337, -0.06066451, 0.28874482, 0.29081394, 0.08541035], [0.07426081, -0.08521757, -0.08290741, -0.06688566, -0.16400011, 0.0086466], [0.43939909, 0.25938473, -0.17900016, -0.1085696, -0.0520527, -0.26039893], [0.04545179, -0.3921371, 0.2207263, 0.05656416, -0.09403354, -0.26617809], [-0.24814236, 0.01248748, -0.20479169, -0.05551063, -0.2374514, 0.45293405], [0.04783196, -0.09879094, -0.00247639, 0.01756642, -0.03989156, -0.04535556], [0.03926214, 0.03794113, -0.03003875, -0.0037419, 0.03379376, -0.00922338], [0.02562333, 0.02719496, -0.02833633, -0.00853405, 0.03795585, 0.00271301], [0.02925711, 0.02367064, -0.03077731, -0.01531197, 0.03385904, 0.0015202], [0.02990767, 0.02985621, -0.02898556, -0.00894272, 0.03691772, -0.00092211], [0.00875133, -0.03609603, 0.00910013, -0.02974668, -0.02602456, -0.01785146], [0.0022204, -0.03060347, 0.01023407, -0.02864709, -0.03222019, -0.01245447], [0.00716137, -0.03091766, 0.00622362, -0.03206378, -0.02837478, -0.01338499], [0.00472511, -0.03626266, 0.01179025, -0.02988975, -0.0276352, -0.01651536]], "number of molecular orbitals": 114, "number of electrons": 106, "number of unpaired electrons": 0, "orbital energies/eV": [-29.62211282, -29.51546553, -29.36422488, -29.01404881, -28.92642019, -19.54379677, -18.49319571, -18.41515757, -18.27776589, -17.74071368, -17.65494738, -17.49101663, -17.40054012, -17.04297726, -16.65835164, -16.44325684, -16.31450963, -16.12874449, -15.8637496, -15.57999202, -15.51420482, -14.9981768, -14.92494163, -14.81038582, -14.49492239, -14.37799262, -14.20977281, -14.1077329, -14.02842127, -13.93469656, -13.88514975, -13.71531844, -13.64124619, -13.48493095, -12.92424008, -12.87347443, -12.68624233, -12.66875849, -12.61452215, -12.5039246, -12.44302648, -12.38088342, -12.26045067, -12.19976117, -12.10602505, -12.06911175, -11.96755197, -11.79582558, -11.67859982, -11.64959374, -11.5659568, -11.208079, -11.0840517, -7.19630379, -7.08701974, -7.00335093, -6.88408003, -6.64001979, -5.61473597, -5.47151367, -3.97015377, -3.90095833, -3.78747127, -3.65569003, -1.97200435, -0.81484887, -0.4794103, -0.4685846, -0.44370729, -0.43121563, -0.40566215, -0.39739848, -0.38083102, -0.30904608, -0.27282164, -0.23220775, -0.22704137, 0.08966933, 0.12179728, 0.18400791, 0.25008072, 0.25586526, 0.33962571, 0.33998317, 0.6153501, 0.70742964, 0.84282797, 1.58472318, 2.30732678, 2.64736613, 2.74667691, 2.85721577, 3.15139349, 3.2176657, 3.28266608, 3.72301044, 3.85761774, 4.21234657, 4.36922667, 4.48823224, 4.77065427, 4.83827073, 8.64810425, 8.82664279, 9.64531468, 9.78063451, 10.61680442, 10.71186267, 10.75568492, 11.00303185, 15.26149372, 15.50237951, 15.81106172, 15.9197434], "fractional occupation": [2.0, 2.0, 2.0, 2.0, 2.0, 2.0, 2.0, 2.0, 2.0, 2.0, 2.0, 2.0, 2.0, 2.0, 2.0, 2.0, 2.0, 2.0, 2.0, 2.0, 2.0, 2.0, 2.0, 2.0, 2.0, 2.0, 2.0, 2.0, 2.0, 2.0, 2.0, 2.0, 2.0, 2.0, 2.0, 2.0, 2.0, 2.0, 2.0, 2.0, 2.0, 2.0, 2.0, 2.0, 2.0, 2.0, 2.0, 2.0, 2.0, 2.0, 2.0, 2.0, 2.0, 0.0, 0.0, 0.0, 0.0, 0.0, 0.0, 0.0, 0.0, 0.0, 0.0, 0.0, 0.0, 0.0, 0.0, 0.0, 0.0, 0.0, 0.0, 0.0, 0.0, 0.0, 0.0, 0.0, 0.0, 0.0, 0.0, 0.0, 0.0, 0.0, 0.0, 0.0, 0.0, 0.0, 0.0, 0.0, 0.0, 0.0, 0.0, 0.0, 0.0, 0.0, 0.0, 0.0, 0.0, 0.0, 0.0, 0.0, 0.0, 0.0, 0.0, 0.0, 0.0, 0.0, 0.0, 0.0, 0.0, 0.0, 0.0, 0.0, 0.0, 0.0], "program call": "xtb /home/svss/Project-DBcg-Debug/aqme2_20220329/End-to-End-workflows-final/example-3/QDESCP/mol_499_rdkit_conf_1/mol_499_rdkit_conf_1.xyz --pop --wbo --acc 0.2 --gfn 2 --chrg 0 --uhf 0 --etemp 300 --input /home/svss/Project-DBcg-Debug/aqme2_20220329/End-to-End-workflows-final/example-3/QDESCP/mol_499_rdkit_conf_1/mol_499_rdkit_conf_1_xtb.inp", "method": "GFN2-xTB", "xtb version": "6.3.3 (7355c4f)", "Dipole module/D": 1.109, "Total charge": 0, "Transition dipole module/D": NaN, "HOMO": -11.0841, "LUMO": -7.1963, "HOMO occupancy": 2.0, "LUMO occupancy": 0, "mulliken charges": [-0.55828, 0.22153, -0.02562, -0.03351, -0.04566, 0.11503, -0.10418, -0.04782, -0.01666, -0.01414, -0.00748, -0.04893, 0.11544, -0.10795, -0.046, -0.03297, 0.24823, -0.09117, -0.11085, -0.09953, 0.33921, 0.03273, 0.04607, 0.04659, 0.04797, 0.05611, 0.04578, 0.04447, 0.03158], "cm5 charges": [-0.7559, 0.23301, -0.03275, -0.08582, -0.09773, 0.1076, -0.1062, -0.09977, -0.06797, -0.01984, -0.05834, -0.10085, 0.10806, -0.10997, -0.09794, -0.08458, 0.24762, -0.09066, -0.11222, -0.10157, 0.51096, 0.0923, 0.10249, 0.10309, 0.10729, 0.11705, 0.10229, 0.10094, 0.08941], "FUKUI+": [-0.02, 0.008, -0.023, -0.01, -0.017, -0.029, -0.079, -0.016, -0.015, -0.026, -0.015, -0.013, -0.033, -0.082, -0.014, -0.01, -0.025, -0.088, -0.106, -0.086, -0.016, -0.027, -0.041, -0.041, -0.032, -0.035, -0.042, -0.04, -0.027], "FUKUI-": [-0.024, 0.004, -0.027, -0.009, -0.017, -0.014, -0.179, -0.013, -0.01, -0.031, -0.012, -0.017, -0.016, -0.188, -0.015, -0.01, 0.011, -0.051, -0.056, -0.038, -0.017, -0.033, -0.037, -0.035, -0.027, -0.036, -0.038, -0.036, -0.029], "FUKUIrad": [-0.022, 0.006, -0.025, -0.01, -0.017, -0.021, -0.129, -0.015, -0.013, -0.029, -0.013, -0.015, -0.024, -0.135, -0.015, -0.01, -0.007, -0.069, -0.081, -0.062, -0.017, -0.03, -0.039, -0.038, -0.03, -0.035, -0.04, -0.038, -0.028], "s proportion": [1.712, 1.08, 1.1, 1.065, 1.063, 1.079, 1.943, 1.062, 1.067, 1.092, 1.066, 1.063, 1.079, 1.943, 1.061, 1.065, 1.173, 1.959, 1.959, 1.956, 0.661, 0.967, 0.954, 0.953, 0.952, 0.944, 0.954, 0.956, 0.968], "p proportion": [4.847, 2.698, 2.926, 2.968, 2.983, 2.806, 5.172, 2.985, 2.95, 2.922, 2.942, 2.986, 2.805, 5.176, 2.985, 2.968, 2.579, 5.14, 5.16, 5.151, 0.0, 0.0, 0.0, 0.0, 0.0, 0.0, 0.0, 0.0, 0.0], "d proportion": [0.0, 0.0, 0.0, 0.0, 0.0, 0.0, -0.011, 0.0, 0.0, 0.0, 0.0, 0.0, 0.0, -0.011, 0.0, 0.0, 0.0, -0.009, -0.008, -0.008, 0.0, 0.0, 0.0, 0.0, 0.0, 0.0, 0.0, 0.0, 0.0], "Fermi-level/eV": -9.1402, "Coordination numbers": [1.648, 3.777, 2.951, 2.913, 2.947, 2.879, 0.967, 2.946, 2.917, 2.953, 2.914, 2.946, 2.879, 0.967, 2.946, 2.914, 3.617, 1.198, 1.175, 1.158, 0.804, 0.925, 0.925, 0.925, 0.924, 0.925, 0.925, 0.925, 0.925], "Dispersion coefficient C6": [21.327, 18.484, 28.104, 28.877, 28.955, 25.722, 104.23, 28.945, 28.655, 27.867, 28.51, 28.941, 25.715, 104.235, 28.927, 28.772, 17.908, 102.504, 102.972, 102.735, 0.709, 2.179, 2.142, 2.138, 2.164, 2.007, 2.132, 2.151, 2.297], "Total dispersion C6": 19627.59562, "Total dispersion C8": 609130.943601, "Polarizability alpha": [6.234, 6.125, 8.695, 8.812, 8.825, 8.314, 15.619, 8.824, 8.778, 8.658, 8.756, 8.823, 8.313, 15.619, 8.821, 8.796, 6.104, 15.49, 15.525, 15.507, 1.323, 2.308, 2.289, 2.287, 2.301, 2.216, 2.283, 2.294, 2.37], "Total polarizability alpha": 220.310395, "Wiberg matrix": [[0.0, 0.9819084274290473, 0.0, 0.0, 0.0, 0.0, 0.0, 0.0, 0.0, 0.0, 0.0, 0.0, 0.0, 0.0, 0.0, 0.0, 0.0, 0.0, 0.0, 0.0, 0.8876401424171154, 0.0, 0.0, 0.0, 0.0, 0.0, 0.0, 0.0, 0.0], [0.9819084274290473, 0.0, 0.9622253069608342, 0.0, 0.0, 0.0, 0.0, 0.0, 0.0, 0.9586814706808179, 0.0, 0.0, 0.0, 0.0, 0.0, 0.0, 0.9201406655459088, 0.0, 0.0, 0.0, 0.0, 0.0, 0.0, 0.0, 0.0, 0.0, 0.0, 0.0, 0.0], [0.0, 0.9622253069608342, 0.0, 1.421750434908113, 0.0, 0.0, 0.0, 0.0, 1.3957371687420126, 0.0, 0.0, 0.0, 0.0, 0.0, 0.0, 0.0, 0.0, 0.0, 0.0, 0.0, 0.0, 0.0, 0.0, 0.0, 0.0, 0.0, 0.0, 0.0, 0.0], [0.0, 0.0, 1.421750434908113, 0.0, 1.4325007943671064, 0.0, 0.0, 0.10537362615477337, 0.0, 0.0, 0.0, 0.0, 0.0, 0.0, 0.0, 0.0, 0.0, 0.0, 0.0, 0.0, 0.0, 0.9644160127740662, 0.0, 0.0, 0.0, 0.0, 0.0, 0.0, 0.0], [0.0, 0.0, 0.0, 1.4325007943671064, 0.0, 1.4054708819354451, 0.0, 0.0, 0.1117069139014964, 0.0, 0.0, 0.0, 0.0, 0.0, 0.0, 0.0, 0.0, 0.0, 0.0, 0.0, 0.0, 0.0, 0.9667128544637578, 0.0, 0.0, 0.0, 0.0, 0.0, 0.0], [0.0, 0.0, 0.0, 0.0, 1.4054708819354451, 0.0, 0.9865417125738445, 1.3951246308583172, 0.0, 0.0, 0.0, 0.0, 0.0, 0.0, 0.0, 0.0, 0.0, 0.0, 0.0, 0.0, 0.0, 0.0, 0.0, 0.0, 0.0, 0.0, 0.0, 0.0, 0.0], [0.0, 0.0, 0.0, 0.0, 0.0, 0.9865417125738445, 0.0, 0.0, 0.0, 0.0, 0.0, 0.0, 0.0, 0.0, 0.0, 0.0, 0.0, 0.0, 0.0, 0.0, 0.0, 0.0, 0.0, 0.0, 0.0, 0.0, 0.0, 0.0, 0.0], [0.0, 0.0, 0.0, 0.10537362615477337, 0.0, 1.3951246308583172, 0.0, 0.0, 1.452196628686233, 0.0, 0.0, 0.0, 0.0, 0.0, 0.0, 0.0, 0.0, 0.0, 0.0, 0.0, 0.0, 0.0, 0.0, 0.9658348715838718, 0.0, 0.0, 0.0, 0.0, 0.0], [0.0, 0.0, 1.3957371687420126, 0.0, 0.1117069139014964, 0.0, 0.0, 1.452196628686233, 0.0, 0.0, 0.0, 0.0, 0.0, 0.0, 0.0, 0.0, 0.0, 0.0, 0.0, 0.0, 0.0, 0.0, 0.0, 0.0, 0.9661916239946589, 0.0, 0.0, 0.0, 0.0], [0.0, 0.9586814706808179, 0.0, 0.0, 0.0, 0.0, 0.0, 0.0, 0.0, 0.0, 1.4106649036949235, 0.0, 0.0, 0.0, 0.0, 1.4081767471858782, 0.0, 0.0, 0.0, 0.0, 0.0, 0.0, 0.0, 0.0, 0.0, 0.0, 0.0, 0.0, 0.0], [0.0, 0.0, 0.0, 0.0, 0.0, 0.0, 0.0, 0.0, 0.0, 1.4106649036949235, 0.0, 1.4408339459707018, 0.0, 0.0, 0.10806653511953511, 0.0, 0.0, 0.0, 0.0, 0.0, 0.0, 0.0, 0.0, 0.0, 0.0, 0.9632356010720895, 0.0, 0.0, 0.0], [0.0, 0.0, 0.0, 0.0, 0.0, 0.0, 0.0, 0.0, 0.0, 0.0, 1.4408339459707018, 0.0, 1.4017933759938999, 0.0, 0.0, 0.10867187855622254, 0.0, 0.0, 0.0, 0.0, 0.0, 0.0, 0.0, 0.0, 0.0, 0.0, 0.9661082984635962, 0.0, 0.0], [0.0, 0.0, 0.0, 0.0, 0.0, 0.0, 0.0, 0.0, 0.0, 0.0, 0.0, 1.4017933759938999, 0.0, 0.9861406122888444, 1.3983577362964017, 0.0, 0.0, 0.0, 0.0, 0.0, 0.0, 0.0, 0.0, 0.0, 0.0, 0.0, 0.0, 0.0, 0.0], [0.0, 0.0, 0.0, 0.0, 0.0, 0.0, 0.0, 0.0, 0.0, 0.0, 0.0, 0.0, 0.9861406122888444, 0.0, 0.0, 0.0, 0.0, 0.0, 0.0, 0.0, 0.0, 0.0, 0.0, 0.0, 0.0, 0.0, 0.0, 0.0, 0.0], [0.0, 0.0, 0.0, 0.0, 0.0, 0.0, 0.0, 0.0, 0.0, 0.0, 0.10806653511953511, 0.0, 1.3983577362964017, 0.0, 0.0, 1.4456442403200622, 0.0, 0.0, 0.0, 0.0, 0.0, 0.0, 0.0, 0.0, 0.0, 0.0, 0.0, 0.966504881639171, 0.0], [0.0, 0.0, 0.0, 0.0, 0.0, 0.0, 0.0, 0.0, 0.0, 1.4081767471858782, 0.0, 0.10867187855622254, 0.0, 0.0, 1.4456442403200622, 0.0, 0.0, 0.0, 0.0, 0.0, 0.0, 0.0, 0.0, 0.0, 0.0, 0.0, 0.0, 0.0, 0.967368518042691], [0.0, 0.9201406655459088, 0.0, 0.0, 0.0, 0.0, 0.0, 0.0, 0.0, 0.0, 0.0, 0.0, 0.0, 0.0, 0.0, 0.0, 0.0, 0.96947347255485, 0.9563229383071085, 0.9707805633119088, 0.0, 0.0, 0.0, 0.0, 0.0, 0.0, 0.0, 0.0, 0.0], [0.0, 0.0, 0.0, 0.0, 0.0, 0.0, 0.0, 0.0, 0.0, 0.0, 0.0, 0.0, 0.0, 0.0, 0.0, 0.0, 0.96947347255485, 0.0, 0.0, 0.0, 0.0, 0.0, 0.0, 0.0, 0.0, 0.0, 0.0, 0.0, 0.0], [0.0, 0.0, 0.0, 0.0, 0.0, 0.0, 0.0, 0.0, 0.0, 0.0, 0.0, 0.0, 0.0, 0.0, 0.0, 0.0, 0.9563229383071085, 0.0, 0.0, 0.0, 0.0, 0.0, 0.0, 0.0, 0.0, 0.0, 0.0, 0.0, 0.0], [0.0, 0.0, 0.0, 0.0, 0.0, 0.0, 0.0, 0.0, 0.0, 0.0, 0.0, 0.0, 0.0, 0.0, 0.0, 0.0, 0.9707805633119088, 0.0, 0.0, 0.0, 0.0, 0.0, 0.0, 0.0, 0.0, 0.0, 0.0, 0.0, 0.0], [0.8876401424171154, 0.0, 0.0, 0.0, 0.0, 0.0, 0.0, 0.0, 0.0, 0.0, 0.0, 0.0, 0.0, 0.0, 0.0, 0.0, 0.0, 0.0, 0.0, 0.0, 0.0, 0.0, 0.0, 0.0, 0.0, 0.0, 0.0, 0.0, 0.0], [0.0, 0.0, 0.0, 0.9644160127740662, 0.0, 0.0, 0.0, 0.0, 0.0, 0.0, 0.0, 0.0, 0.0, 0.0, 0.0, 0.0, 0.0, 0.0, 0.0, 0.0, 0.0, 0.0, 0.0, 0.0, 0.0, 0.0, 0.0, 0.0, 0.0], [0.0, 0.0, 0.0, 0.0, 0.9667128544637578, 0.0, 0.0, 0.0, 0.0, 0.0, 0.0, 0.0, 0.0, 0.0, 0.0, 0.0, 0.0, 0.0, 0.0, 0.0, 0.0, 0.0, 0.0, 0.0, 0.0, 0.0, 0.0, 0.0, 0.0], [0.0, 0.0, 0.0, 0.0, 0.0, 0.0, 0.0, 0.9658348715838718, 0.0, 0.0, 0.0, 0.0, 0.0, 0.0, 0.0, 0.0, 0.0, 0.0, 0.0, 0.0, 0.0, 0.0, 0.0, 0.0, 0.0, 0.0, 0.0, 0.0, 0.0], [0.0, 0.0, 0.0, 0.0, 0.0, 0.0, 0.0, 0.0, 0.9661916239946589, 0.0, 0.0, 0.0, 0.0, 0.0, 0.0, 0.0, 0.0, 0.0, 0.0, 0.0, 0.0, 0.0, 0.0, 0.0, 0.0, 0.0, 0.0, 0.0, 0.0], [0.0, 0.0, 0.0, 0.0, 0.0, 0.0, 0.0, 0.0, 0.0, 0.0, 0.9632356010720895, 0.0, 0.0, 0.0, 0.0, 0.0, 0.0, 0.0, 0.0, 0.0, 0.0, 0.0, 0.0, 0.0, 0.0, 0.0, 0.0, 0.0, 0.0], [0.0, 0.0, 0.0, 0.0, 0.0, 0.0, 0.0, 0.0, 0.0, 0.0, 0.0, 0.9661082984635962, 0.0, 0.0, 0.0, 0.0, 0.0, 0.0, 0.0, 0.0, 0.0, 0.0, 0.0, 0.0, 0.0, 0.0, 0.0, 0.0, 0.0], [0.0, 0.0, 0.0, 0.0, 0.0, 0.0, 0.0, 0.0, 0.0, 0.0, 0.0, 0.0, 0.0, 0.0, 0.966504881639171, 0.0, 0.0, 0.0, 0.0, 0.0, 0.0, 0.0, 0.0, 0.0, 0.0, 0.0, 0.0, 0.0, 0.0], [0.0, 0.0, 0.0, 0.0, 0.0, 0.0, 0.0, 0.0, 0.0, 0.0, 0.0, 0.0, 0.0, 0.0, 0.0, 0.967368518042691, 0.0, 0.0, 0.0, 0.0, 0.0, 0.0, 0.0, 0.0, 0.0, 0.0, 0.0, 0.0, 0.0]], "Born radii": [], "Atomic SASAs": [], "Solvent H bonds": [], "Total SASA": NaN, "Total FOD": 0.0, "FOD": [0.0, 0.0, 0.0, 0.0, 0.0, 0.0, 0.0, 0.0, 0.0, 0.0, 0.0, 0.0, 0.0, 0.0, 0.0, 0.0, 0.0, 0.0, 0.0, 0.0, 0.0, 0.0, 0.0, 0.0, 0.0, 0.0, 0.0, 0.0, 0.0], "FOD s proportion": [0.0, 0.0, 0.0, 0.0, 0.0, 0.0, 0.0, 0.0, 0.0, 0.0, 0.0, 0.0, 0.0, 0.0, 0.0, 0.0, 0.0, 0.0, 0.0, 0.0, 0.0, 0.0, 0.0, 0.0, 0.0, 0.0, 0.0, 0.0, 0.0], "FOD p proportion": [0.0, 0.0, 0.0, 0.0, 0.0, 0.0, 0.0, 0.0, 0.0, 0.0, 0.0, 0.0, 0.0, 0.0, 0.0, 0.0, 0.0, 0.0, 0.0, 0.0, 0.0, 0.0, 0.0, 0.0, 0.0, 0.0, 0.0, 0.0, 0.0], "FOD d proportion": [0.0, 0.0, 0.0, 0.0, 0.0, 0.0, 0.0, 0.0, 0.0, 0.0, 0.0, 0.0, 0.0, 0.0, 0.0, 0.0, 0.0, 0.0, 0.0, 0.0, 0.0, 0.0, 0.0, 0.0, 0.0, 0.0, 0.0, 0.0, 0.0], "coordinates": [["0.46160", "1.70560", "-1.15590"], ["0.30300", "1.12800", "0.17820"], ["-1.15440", "0.58690", "0.14750"], ["-2.12610", "0.84520", "1.12800"], ["-3.41730", "0.30830", "1.02800"], ["-3.76110", "-0.49930", "-0.05080"], ["-5.34690", "-1.15330", "-0.16250"], ["-2.82390", "-0.77830", "-1.03580"], ["-1.53730", "-0.24200", "-0.93590"], ["1.30110", "-0.05730", "0.27680"], ["2.41850", "-0.14410", "-0.57710"], ["3.32260", "-1.20630", "-0.48150"], ["3.12330", "-2.20190", "0.46870"], ["4.23380", "-3.50980", "0.58620"], ["2.02720", "-2.14460", "1.32330"], ["1.12310", "-1.08190", "1.22850"], ["0.67570", "2.27440", "1.23630"], ["2.36100", "2.91800", "0.98160"], ["-0.40770", "3.72280", "1.02600"], ["0.58850", "1.76610", "2.96490"], ["-0.30280", "2.29210", "-1.30710"], ["-1.93220", "1.46300", "1.99890"], ["-4.15020", "0.52670", "1.80160"], ["-3.08070", "-1.41150", "-1.88100"], ["-0.81680", "-0.48160", "-1.71980"], ["2.60090", "0.62080", "-1.33150"], ["4.17710", "-1.24690", "-1.15190"], ["1.86740", "-2.92350", "2.06470"], ["0.27250", "-1.07580", "1.90840"]], "bond_dist": [[0.0, 1.462394792797075, 2.3583462956063093, 3.5570603958887173, 4.665590178101801, 4.890196858000708, 6.549719461167783, 4.120521019240164, 2.7994904839988295, 2.4218187277333536, 2.7542434787069934, 4.1375473374935545, 4.999252774165355, 6.6681933392786386, 4.83958428379959, 3.727345149030339, 2.468196323228766, 3.105888016332849, 3.0960403647239483, 4.123197363697256, 0.9752697319203544, 3.967605857440983, 5.604044137941813, 4.773884341916967, 2.595406251437335, 2.4050428041928904, 4.745757315750564, 5.811807361742129, 4.142689858051168], [1.462394792797075, 0.0, 1.5549104347196336, 2.6234753076787287, 3.903165410279201, 4.383771789224435, 6.1026040499118075, 3.858144541097443, 2.5504554299183506, 1.5526949668238121, 2.5814834398074296, 3.8732602210540925, 4.373410151129208, 6.093179915282331, 3.8722125987605587, 2.580572050922043, 1.603968160531873, 2.8433985932331054, 2.8207882533079296, 2.873043464690362, 1.9819784408514638, 2.902290910642832, 4.777863485910831, 4.705187624314253, 2.728950017864013, 2.795852345886671, 4.734761538873949, 4.73506936168838, 2.8020094093346657], [2.3583462956063093, 1.5549104347196336, 0.0, 1.4043859975092319, 2.4440979153871885, 2.830907667162601, 4.549884865576271, 2.4599187344300626, 1.4168426800460239, 2.541887562422854, 3.7182012546391294, 4.8636134961569475, 5.116570352296546, 6.782927673210145, 4.355017388024989, 3.0233194819601845, 2.7170586486125026, 4.299742687650042, 3.3411363261621037, 3.5165260997183, 2.3976636044282778, 2.1909372446512476, 3.422643494435259, 3.4378840149138252, 2.1777225029833347, 4.036194779739947, 5.78585819477111, 5.012967109407362, 2.8109400046959383], [3.5570603958887173, 2.6234753076787287, 1.4043859975092319, 0.0, 1.4019483050383847, 2.4229062487021653, 4.004116024792489, 2.793690664694286, 2.4059036742978717, 3.6448247598478587, 4.953732901560197, 6.040486254433496, 6.105382482695085, 7.727088730563406, 5.1212251483409705, 3.7790362924957472, 3.147129608071457, 4.944896278993119, 3.353190170568917, 3.404601530282215, 3.3686279862875925, 1.0852376974653988, 2.156886649780187, 3.880468663705455, 3.403620068397764, 5.333293973708931, 7.021763073473784, 5.5703275334579745, 3.1705752033345624], [4.665590178101801, 3.903165410279201, 2.4440979153871885, 1.4019483050383847, 0.0, 1.390764408517848, 2.6975768700817406, 2.406676870707823, 2.773830077708438, 4.791791247539901, 6.0693964617579566, 7.070986877374332, 7.028041611288311, 8.562266409076512, 5.978837742404455, 4.7526927577953115, 4.545501853481087, 6.340460388646869, 4.551538905688932, 4.682221277342625, 4.369011867688162, 2.1169555758210894, 1.087794985279855, 3.396070170064217, 3.864834679517353, 6.4717561557895555, 8.052671756007443, 6.2807111237502395, 4.038002106240164], [4.890196858000708, 4.383771789224435, 2.830907667162601, 2.4229062487021653, 1.390764408517848, 0.0, 1.7189981180908835, 1.38795167062834, 2.407258137383691, 5.092008896300163, 6.212134487436665, 7.131911187052178, 7.110815028532242, 8.566639087763647, 6.172485705937276, 5.082464056931441, 5.388435054818792, 7.086882069006086, 5.4982650181670945, 5.757213198240969, 4.618445900949799, 3.375909742573104, 2.1530119762788127, 2.1551531360903335, 3.3844906234173555, 6.5855797390966275, 8.048996596470893, 6.4832166507066535, 4.521144307584088], [6.549719461167783, 6.1026040499118075, 4.549884865576271, 4.004116024792489, 2.6975768700817406, 1.7189981180908835, 0.0, 2.6960724934615534, 3.9927017682266226, 6.752044467418739, 7.841671694224389, 8.675528816735033, 8.558169397715846, 9.894617548445215, 7.587333401136397, 6.618223247972223, 7.069475191978539, 8.791824094577871, 7.041631920229855, 7.316590755263, 6.214807730734716, 4.814234283871111, 2.8481888455648443, 2.8557961989609826, 4.837165511950154, 8.22687769752292, 9.575711426311885, 7.755008212116864, 5.989347996234648], [4.120521019240164, 3.858144541097443, 2.4599187344300626, 2.793690664694286, 2.406676870707823, 1.38795167062834, 2.6960724934615534, 0.0, 1.3974753164188625, 4.388437621751049, 5.300506871045448, 6.18626662374004, 6.297566597504151, 7.739709654760959, 5.5646473122741575, 4.560486426906674, 5.169972520236447, 6.6795003151433425, 5.508987465042919, 5.84157903395991, 3.9820729601553015, 3.876591114626354, 3.3930716835929062, 1.0868539552304164, 2.141106559702249, 5.61011357639041, 7.017625393963403, 6.018577820382487, 4.283049480218504], [2.7994904839988295, 2.5504554299183506, 1.4168426800460239, 2.4059036742978717, 2.773830077708438, 2.407258137383691, 3.9927017682266226, 1.3974753164188625, 0.0, 3.0921303239029236, 3.973244957210668, 4.975437856108746, 5.247409030178608, 6.804476501539262, 4.629204213469093, 3.53097543605163, 3.993506078623144, 5.372071215090135, 4.565598187532495, 4.875216086492988, 2.843139549863847, 3.417019468776846, 3.8616126618292514, 2.154768623309705, 1.0913421186777317, 4.245659246807262, 5.806104319593302, 5.271245080623743, 3.4728433552350157], [2.4218187277333536, 1.5526949668238121, 2.541887562422854, 3.6448247598478587, 4.791791247539901, 5.092008896300163, 6.752044467418739, 4.388437621751049, 3.0921303239029236, 0.0, 1.408993332134684, 2.4457477670438545, 2.8207352959822374, 4.540508110333027, 2.4452412457669697, 1.4096886358341691, 2.5978049002956323, 3.2361305814197303, 4.215501641560587, 3.3254274807910034, 3.2559046024108262, 3.966253823193871, 5.6905836897457185, 5.068543155582282, 2.9414184435404627, 2.176218863074208, 3.4245741122072393, 3.4252568575217834, 2.1811645444578454], [2.7542434787069934, 2.5814834398074296, 3.7182012546391294, 4.953732901560197, 6.0693964617579566, 6.212134487436665, 7.841671694224389, 5.300506871045448, 3.973244957210668, 1.408993332134684, 0.0, 1.3981434153905672, 2.4134998487673456, 3.9970636059487465, 2.7868685114299887, 2.4119953067947706, 3.4892568908006756, 3.4364674230959906, 5.050767432776924, 4.420806265829797, 3.7247072542684476, 5.305387535326707, 7.018262321971159, 5.792034064989604, 3.447729054029623, 1.0897069009600702, 2.1538887715014443, 3.8740008789364, 3.413369470186314], [4.1375473374935545, 3.8732602210540925, 4.8636134961569475, 6.040486254433496, 7.070986877374332, 7.131911187052178, 8.675528816735033, 6.18626662374004, 4.975437856108746, 2.4457477670438545, 1.3981434153905672, 0.0, 1.3906185278501075, 2.697476780252241, 2.4115909872944874, 2.7887946518164437, 4.698104824288193, 4.480534193597902, 6.362681914884635, 5.309250185289821, 5.105285798072425, 6.394565637320489, 8.003660065869864, 6.557664079533199, 4.381005517001776, 2.1404778204877526, 1.0868554503704715, 3.398458079776769, 3.877081669245568], [4.999252774165355, 4.373410151129208, 5.116570352296546, 6.105382482695085, 7.028041611288311, 7.110815028532242, 8.558169397715846, 6.297566597504151, 5.247409030178608, 2.8207352959822374, 2.4134998487673456, 1.3906185278501075, 0.0, 1.7197729239640906, 1.3910642185032291, 2.4150561235714587, 5.159187650202306, 5.2016866216641695, 6.919581951245321, 5.329282266872341, 5.923484012808678, 6.428925594529773, 7.8819846878816, 6.680975845638121, 4.824246298646038, 3.3884003733325256, 2.1561223991230185, 2.155274314327529, 3.3864284932654347], [6.6681933392786386, 6.093179915282331, 6.782927673210145, 7.727088730563406, 8.562266409076512, 8.566639087763647, 9.894617548445215, 7.739709654760959, 6.804476501539262, 4.540508110333027, 3.9970636059487465, 2.697476780252241, 1.7197729239640906, 0.0, 2.6974378602666635, 3.9979622546992606, 6.821999359425359, 6.70673794329255, 8.605082745098969, 6.839703691681387, 7.6044308176220525, 8.046366703674398, 9.3841347715173, 7.999490545028477, 6.324254232713925, 4.8379532924574615, 2.8539311326659584, 2.851238134565403, 4.833680433168912], [4.83958428379959, 3.8722125987605587, 4.355017388024989, 5.1212251483409705, 5.978837742404455, 6.172485705937276, 7.587333401136397, 5.5646473122741575, 4.629204213469093, 2.4452412457669697, 2.7868685114299887, 2.4115909872944874, 1.3910642185032291, 2.6974378602666635, 0.0, 1.3984688555702627, 4.621869994926296, 5.085086045486349, 6.359521055865764, 4.478647423050848, 5.659700614873547, 5.398894468314786, 6.747213153591637, 6.07417620011142, 4.484903857386466, 3.8761491057491586, 3.399198484937295, 1.0871500402428365, 2.136269538237158], [3.727345149030339, 2.580572050922043, 3.0233194819601845, 3.7790362924957472, 4.7526927577953115, 5.082464056931441, 6.618223247972223, 4.560486426906674, 3.53097543605163, 1.4096886358341691, 2.4119953067947706, 2.7887946518164437, 2.4150561235714587, 3.9979622546992606, 1.3984688555702627, 0.0, 3.3859972371518556, 4.194348105486716, 5.04673131640669, 3.3781631280919515, 4.454922465094089, 4.050295083077281, 5.542899102455321, 5.239232849377855, 3.5799504172544063, 3.4112578515849545, 3.875621906223568, 2.155157416524371, 1.0889543516603442], [2.468196323228766, 1.603968160531873, 2.7170586486125026, 3.147129608071457, 4.545501853481087, 5.388435054818792, 7.069475191978539, 5.169972520236447, 3.993506078623144, 2.5978049002956323, 3.4892568908006756, 4.698104824288193, 5.159187650202306, 6.821999359425359, 4.621869994926296, 3.3859972371518556, 0.0, 1.821902615399627, 1.8209459657002454, 1.803893203601588, 2.7251897365137716, 2.8356782486734984, 5.16365473187354, 6.116695109289003, 4.308319795465513, 3.6103164459642594, 5.510249984347353, 5.396717507893109, 3.440658176860933], [3.105888016332849, 2.8433985932331054, 4.299742687650042, 4.944896278993119, 6.340460388646869, 7.086882069006086, 8.791824094577871, 6.6795003151433425, 5.372071215090135, 3.2361305814197303, 3.4364674230959906, 4.480534193597902, 5.2016866216641695, 6.70673794329255, 5.085086045486349, 4.194348105486716, 1.821902615399627, 0.0, 2.8836390360098823, 2.89863912034596, 3.567313967118678, 4.645803539754991, 6.984729137912222, 7.520049727229203, 5.380822888741089, 3.2688088748043986, 5.019604911743553, 5.96153242212101, 4.601220373987754], [3.0960403647239483, 2.8207882533079296, 3.3411363261621037, 3.353190170568917, 4.551538905688932, 5.4982650181670945, 7.041631920229855, 5.508987465042919, 4.565598187532495, 4.215501641560587, 5.050767432776924, 6.362681914884635, 6.919581951245321, 8.605082745098969, 6.359521055865764, 5.04673131640669, 1.8209459657002454, 2.8836390360098823, 0.0, 2.9292358286761413, 2.738843206538118, 2.894361881313392, 4.982260211992143, 6.4773925687733325, 5.038229829017331, 4.922589177455295, 7.103629884784257, 7.101287305129965, 4.926242357010057], [4.123197363697256, 2.873043464690362, 3.5165260997183, 3.404601530282215, 4.682221277342625, 5.757213198240969, 7.316590755263, 5.84157903395991, 4.875216086492988, 3.3254274807910034, 4.420806265829797, 5.309250185289821, 5.329282266872341, 6.839703691681387, 4.478647423050848, 3.3781631280919515, 1.803893203601588, 2.89863912034596, 2.9292358286761413, 0.0, 4.395574557438424, 2.716423034065202, 5.034347717430729, 6.8587839454235615, 5.382697973135778, 4.880626886989007, 6.237328049734116, 4.943510231606687, 3.0483510066919783], [0.9752697319203544, 1.9819784408514638, 2.3976636044282778, 3.3686279862875925, 4.369011867688162, 4.618445900949799, 6.214807730734716, 3.9820729601553015, 2.843139549863847, 3.2559046024108262, 3.7247072542684476, 5.105285798072425, 5.923484012808678, 7.6044308176220525, 5.659700614873547, 4.454922465094089, 2.7251897365137716, 3.567313967118678, 2.738843206538118, 4.395574557438424, 0.0, 3.777828366932516, 5.2519653092913705, 4.665055474482592, 2.8509522935328113, 3.3504197856388087, 5.711226842807069, 6.578851468151565, 4.691818490734696], [3.967605857440983, 2.902290910642832, 2.1909372446512476, 1.0852376974653988, 2.1169555758210894, 3.375909742573104, 4.814234283871111, 3.876591114626354, 3.417019468776846, 3.966253823193871, 5.305387535326707, 6.394565637320489, 6.428925594529773, 8.046366703674398, 5.398894468314786, 4.050295083077281, 2.8356782486734984, 4.645803539754991, 2.894361881313392, 2.716423034065202, 3.777828366932516, 0.0, 2.4155970235119932, 4.963408759109006, 4.342155686983137, 5.687693786588727, 7.388818927271124, 5.803677459163285, 3.3636881216902377], [5.604044137941813, 4.777863485910831, 3.422643494435259, 2.156886649780187, 1.087794985279855, 2.1530119762788127, 2.8481888455648443, 3.3930716835929062, 3.8616126618292514, 5.6905836897457185, 7.018262321971159, 8.003660065869864, 7.8819846878816, 9.3841347715173, 6.747213153591637, 5.542899102455321, 5.16365473187354, 6.984729137912222, 4.982260211992143, 5.034347717430729, 5.2519653092913705, 2.4155970235119932, 0.0, 4.296742050670484, 4.952623790477125, 7.443287017843662, 9.011811388394678, 6.941513625283754, 4.705282964923576], [4.773884341916967, 4.705187624314253, 3.4378840149138252, 3.880468663705455, 3.396070170064217, 2.1551531360903335, 2.8557961989609826, 1.0868539552304164, 2.154768623309705, 5.068543155582282, 5.792034064989604, 6.557664079533199, 6.680975845638121, 7.999490545028477, 6.07417620011142, 5.239232849377855, 6.116695109289003, 7.520049727229203, 6.4773925687733325, 6.8587839454235615, 4.665055474482592, 4.963408759109006, 4.296742050670484, 0.0, 2.4527418657494318, 6.059106543047416, 7.296186730751893, 6.506795378679124, 5.0711139890560535], [2.595406251437335, 2.728950017864013, 2.1777225029833347, 3.403620068397764, 3.864834679517353, 3.3844906234173555, 4.837165511950154, 2.141106559702249, 1.0913421186777317, 2.9414184435404627, 3.447729054029623, 4.381005517001776, 4.824246298646038, 6.324254232713925, 4.484903857386466, 3.5799504172544063, 4.308319795465513, 5.380822888741089, 5.038229829017331, 5.382697973135778, 2.8509522935328113, 4.342155686983137, 4.952623790477125, 2.4527418657494318, 0.0, 3.612026569669719, 5.084017280655131, 5.2431141032787, 3.8345121423722213], [2.4050428041928904, 2.795852345886671, 4.036194779739947, 5.333293973708931, 6.4717561557895555, 6.5855797390966275, 8.22687769752292, 5.61011357639041, 4.245659246807262, 2.176218863074208, 1.0897069009600702, 2.1404778204877526, 3.3884003733325256, 4.8379532924574615, 3.8761491057491586, 3.4112578515849545, 3.6103164459642594, 3.2688088748043986, 4.922589177455295, 4.880626886989007, 3.3504197856388087, 5.687693786588727, 7.443287017843662, 6.059106543047416, 3.612026569669719, 0.0, 2.4505031911833943, 4.963291164136959, 4.335533430847928], [4.745757315750564, 4.734761538873949, 5.78585819477111, 7.021763073473784, 8.052671756007443, 8.048996596470893, 9.575711426311885, 7.017625393963403, 5.806104319593302, 3.4245741122072393, 2.1538887715014443, 1.0868554503704715, 2.1561223991230185, 2.8539311326659584, 3.399198484937295, 3.875621906223568, 5.510249984347353, 5.019604911743553, 7.103629884784257, 6.237328049734116, 5.711226842807069, 7.388818927271124, 9.011811388394678, 7.296186730751893, 5.084017280655131, 2.4505031911833943, 0.0, 4.3002578073878315, 4.963931149804558], [5.811807361742129, 4.73506936168838, 5.012967109407362, 5.5703275334579745, 6.2807111237502395, 6.4832166507066535, 7.755008212116864, 6.018577820382487, 5.271245080623743, 3.4252568575217834, 3.8740008789364, 3.398458079776769, 2.155274314327529, 2.851238134565403, 1.0871500402428365, 2.155157416524371, 5.396717507893109, 5.96153242212101, 7.101287305129965, 4.943510231606687, 6.578851468151565, 5.803677459163285, 6.941513625283754, 6.506795378679124, 5.2431141032787, 4.963291164136959, 4.3002578073878315, 0.0, 2.445839526624754], [4.142689858051168, 2.8020094093346657, 2.8109400046959383, 3.1705752033345624, 4.038002106240164, 4.521144307584088, 5.989347996234648, 4.283049480218504, 3.4728433552350157, 2.1811645444578454, 3.413369470186314, 3.877081669245568, 3.3864284932654347, 4.833680433168912, 2.136269538237158, 1.0889543516603442, 3.440658176860933, 4.601220373987754, 4.926242357010057, 3.0483510066919783, 4.691818490734696, 3.3636881216902377, 4.705282964923576, 5.0711139890560535, 3.8345121423722213, 4.335533430847928, 4.963931149804558, 2.445839526624754, 0.0]]}