{"total energy": -46.12574827, "HOMO-LUMO gap/eV": 3.59122164, "electronic energy": -46.75160907, "dipole": [-1.86882734, -0.11983792, -0.66488435], "partial charges": [-0.09991314, -0.04989298, -0.05115885, -0.05191601, -0.05871201, 0.09339865, -0.11402094, -0.3063726, 0.22081137, -0.18971956, 0.00836497, -0.11376481, -0.17165362, 0.26608862, -0.46411688, 0.03505249, 0.0389063, 0.0275389, 0.02636496, 0.02519608, 0.04209055, 0.02236184, 0.03181349, 0.05776028, 0.05741459, 0.04788325, 0.05594179, 0.16813886, 0.0715511, 0.04297079, 0.05087873, 0.04081731, 0.05239716, 0.18749937], "atomic dipole moments": [[-0.04266222, -0.02787262, -0.09112037], [-0.05981043, 0.03569284, 0.0853477], [0.0461665, -0.08307142, 0.06680085], [-0.04212518, 0.07086643, -0.08027075], [0.08456561, 0.05194746, 0.04465415], [-0.09328539, -0.04422218, -0.04247306], [-0.026897, 0.06368587, 0.06182954], [0.15172777, 0.18317656, 0.17252241], [-0.01602676, 0.1003761, 0.0817305], [0.03099363, 0.00107165, -0.12800726], [0.03584076, 0.11191673, 0.13238118], [0.12047511, -0.02372563, -0.03469908], [0.00299612, -0.0282583, -0.01044744], [-0.12888681, 0.05175862, 0.02621088], [-0.10695914, -0.13254483, -0.12399191], [-0.03121768, -0.07861533, 0.09406227], [-0.02883782, 0.11958404, 0.03469371], [0.12284223, -0.00619981, -0.01044666], [0.04851943, 0.06810552, -0.08717549], [0.03217486, -0.11460161, -0.02911061], [-0.02907466, 0.12260666, 0.02290139], [-0.03637639, -0.0162425, -0.11449491], [0.03815557, -0.11589066, -0.01232766], [0.03804211, 0.01583034, 0.12182796], [-0.05713667, 0.00312624, -0.1172889], [0.12495265, 0.0026101, -0.03415023], [-0.02376417, -0.11733266, 0.05493751], [-0.03564198, 0.12668198, 0.02635924], [0.01217856, -0.13034077, 0.00192873], [0.02175024, 0.03934963, -0.11329232], [-0.02750798, -0.03706191, 0.11975444], [-0.02631829, 0.12285168, -0.00566423], [-0.08198598, -0.06022033, -0.07984952], [-0.05144749, 0.09394706, 0.08054805]], "atomic quadrupole moments": [[-0.03461583, 0.03799263, -0.11175476, 0.12128586, 0.07953025, 0.14637059], [0.1527448, -0.00684759, -0.18932743, 0.10942832, 0.06572387, 0.03658262], [0.17479015, 0.05092121, -0.10304019, -0.08151046, -0.13273185, -0.07174995], [0.13817024, 0.05911136, -0.05381308, -0.07520112, -0.09743491, -0.08435716], [-0.12457139, -0.03434361, 0.01172963, -0.09082592, -0.24984666, 0.11284176], [-0.19184599, -0.12249788, 0.04596206, -0.14993137, -0.33884967, 0.14588393], [-0.03706971, -0.05959678, 0.06438692, -0.02921464, 0.14623289, -0.02731721], [-0.06693968, -0.01385952, 0.00054796, -0.0422522, -0.14652532, 0.06639173], [-0.09376654, 0.10197249, -0.04003781, 0.0264693, -0.31117262, 0.13380435], [0.06039738, 0.04135576, -0.07502775, 0.05585301, 0.0459065, 0.01463037], [0.23237374, 0.07313975, -0.16877003, 0.11519442, 0.18572371, -0.06360371], [0.22570118, -0.07159819, -0.11201855, -0.08576884, 0.0278253, -0.11368264], [0.0258742, 0.04322249, -0.01924216, 0.04329457, -0.02051969, -0.00663203], [-0.1173531, 0.09180282, -0.02005458, 0.00276675, -0.3733334, 0.13740768], [-0.09180213, 0.04682265, 0.0215516, 0.00553359, -0.10401609, 0.07025053], [-0.02970042, 0.03859296, 0.0110523, -0.02414994, -0.04737948, 0.01864812], [-0.03430676, -0.03879748, 0.06253225, 0.00221861, 0.02125484, -0.02822549], [0.08155498, -0.00815106, -0.05553798, -0.01549336, 0.00596107, -0.026017], [-0.00686214, 0.02806687, -0.0047839, -0.00642457, -0.04485795, 0.01164604], [-0.02446736, -0.01453505, 0.05599936, 0.01392773, 0.01319333, -0.031532], [-0.01953445, -0.00983549, 0.04037412, -0.01695795, 0.02848253, -0.02083967], [-0.00818107, 0.01962338, -0.03605484, 0.02175951, 0.02312351, 0.0442359], [-0.02228389, -0.01130491, 0.0512665, -0.0120051, 0.03748815, -0.02898261], [-0.01751074, 0.01011889, -0.02097143, 0.01275329, 0.03227963, 0.03848216], [0.00256388, -0.01669167, -0.04679878, 0.05641144, -0.00144845, 0.0442349], [0.08316788, 0.02334533, -0.03767988, -0.00586554, 0.01327627, -0.045488], [-0.03597635, 0.02124519, 0.04814112, -0.02093758, -0.05101415, -0.01216478], [0.01892589, -0.01673655, 0.01975489, 0.01247559, 0.04093119, -0.03868078], [-0.01193479, -0.01407723, 0.03931443, 0.00792533, -0.01223014, -0.02737964], [-0.00908287, 0.01929355, -0.02260881, -0.00239927, -0.02482699, 0.03169169], [-0.03297684, -0.00614701, -0.02912216, -0.01335447, -0.04165437, 0.06209901], [-0.03382069, -0.01063531, 0.08031534, -0.01072521, -0.01340681, -0.04649464], [0.0071499, 0.03162809, -0.01579104, 0.04296513, 0.04633001, 0.00864114], [0.02159307, -0.0175107, 4.56e-05, -0.00625473, 0.04148623, -0.02163866]], "number of molecular orbitals": 79, "number of electrons": 84, "number of unpaired electrons": 0, "orbital energies/eV": [-18.97580707, -18.67993465, -18.20212211, -17.81143706, -17.66853731, -17.06141645, -16.76466936, -16.70928091, -16.55350737, -16.17547576, -15.90480009, -15.87983416, -15.67627058, -15.38061988, -15.22791987, -14.90353493, -14.78128485, -14.66847264, -14.53530238, -14.28135646, -13.63821653, -13.56541332, -13.545584, -13.47946932, -13.30262674, -13.10681029, -13.03679469, -12.98891554, -12.69287577, -12.62547697, -12.49448451, -12.40170187, -12.25529044, -11.95085455, -11.71130639, -11.46952802, -11.33196735, -11.21171685, -11.17781859, -10.37098004, -10.24535888, -9.95455393, -6.3633323, -5.75491632, -3.00885934, -0.50066639, 1.34249755, 1.77454823, 2.19418473, 2.65992049, 2.9796702, 3.1985736, 3.44425553, 3.59737999, 3.76772365, 3.95279165, 4.08859829, 4.11420511, 4.24822995, 4.5834667, 4.93034853, 5.0730032, 5.20885756, 5.59620999, 5.96981298, 6.06282409, 6.36148182, 6.48309546, 6.83572691, 6.85887124, 7.6152191, 8.00136772, 8.16167637, 9.24719561, 10.04674961, 11.36293727, 13.58088353, 16.50546075, 19.23050674], "fractional occupation": [2.0, 2.0, 2.0, 2.0, 2.0, 2.0, 2.0, 2.0, 2.0, 2.0, 2.0, 2.0, 2.0, 2.0, 2.0, 2.0, 2.0, 2.0, 2.0, 2.0, 2.0, 2.0, 2.0, 2.0, 2.0, 2.0, 2.0, 2.0, 2.0, 2.0, 2.0, 2.0, 2.0, 2.0, 2.0, 2.0, 2.0, 2.0, 2.0, 2.0, 2.0, 2.0, 0.0, 0.0, 0.0, 0.0, 0.0, 0.0, 0.0, 0.0, 0.0, 0.0, 0.0, 0.0, 0.0, 0.0, 0.0, 0.0, 0.0, 0.0, 0.0, 0.0, 0.0, 0.0, 0.0, 0.0, 0.0, 0.0, 0.0, 0.0, 0.0, 0.0, 0.0, 0.0, 0.0, 0.0, 0.0, 0.0, 0.0], "program call": "xtb /home/svss/Project-DBcg-Debug/aqme2_20220329/End-to-End-workflows-final/example-3/QDESCP/mol_571_rdkit_conf_16/mol_571_rdkit_conf_16.xyz --pop --wbo --acc 0.2 --gfn 2 --chrg 0 --uhf 0 --etemp 300 --input /home/svss/Project-DBcg-Debug/aqme2_20220329/End-to-End-workflows-final/example-3/QDESCP/mol_571_rdkit_conf_16/mol_571_rdkit_conf_16_xtb.inp", "method": "GFN2-xTB", "xtb version": "6.3.3 (7355c4f)", "Dipole module/D": 5.051, "Total charge": 0, "Transition dipole module/D": NaN, "HOMO": -9.9546, "LUMO": -6.3633, "HOMO occupancy": 2.0, "LUMO occupancy": 0, "mulliken charges": [-0.08426, -0.03906, -0.04238, -0.02852, -0.10513, 0.17298, -0.09364, -0.43387, 0.42019, -0.36232, 0.10606, -0.09707, -0.31246, 0.46101, -0.57628, 0.02832, 0.03313, 0.02423, 0.02158, 0.01801, 0.03682, 0.0163, 0.01974, 0.04731, 0.04213, 0.03321, 0.04393, 0.21937, 0.04255, 0.0309, 0.03895, 0.03173, 0.04005, 0.24649], "cm5 charges": [-0.23472, -0.15147, -0.15117, -0.13088, -0.10267, 0.23289, -0.23092, -0.61368, 0.63483, -0.71362, 0.05642, -0.24183, -0.65873, 0.56293, -0.62, 0.08011, 0.08462, 0.07501, 0.07579, 0.07263, 0.09383, 0.07171, 0.07654, 0.1072, 0.09686, 0.08651, 0.09731, 0.41863, 0.10931, 0.09623, 0.09234, 0.08503, 0.09123, 0.45174], "FUKUI+": [0.01, 0.007, 0.002, 0.015, -0.071, -0.088, 0.029, -0.061, -0.058, -0.047, 0.014, 0.013, -0.061, -0.031, -0.119, -0.002, -0.007, -0.023, -0.024, -0.014, -0.011, -0.011, -0.04, -0.04, -0.056, -0.048, -0.061, -0.045, -0.02, -0.027, -0.016, -0.017, -0.028, -0.063], "FUKUI-": [0.014, 0.006, -0.003, 0.003, -0.058, -0.029, 0.02, -0.074, -0.012, -0.069, 0.015, 0.013, -0.021, -0.009, -0.093, -0.04, -0.026, -0.043, -0.069, -0.037, -0.028, -0.029, -0.042, -0.046, -0.042, -0.029, -0.05, -0.042, -0.031, -0.046, -0.021, -0.02, -0.028, -0.035], "FUKUIrad": [0.012, 0.006, -0.001, 0.009, -0.065, -0.058, 0.025, -0.067, -0.035, -0.058, 0.014, 0.013, -0.041, -0.02, -0.106, -0.021, -0.016, -0.033, -0.047, -0.025, -0.019, -0.02, -0.041, -0.043, -0.049, -0.039, -0.055, -0.043, -0.026, -0.036, -0.018, -0.018, -0.028, -0.049], "s proportion": [1.007, 1.027, 1.032, 1.024, 1.092, 1.055, 1.01, 1.521, 0.958, 1.426, 1.0, 1.013, 1.422, 0.984, 1.728, 0.972, 0.967, 0.976, 0.978, 0.982, 0.963, 0.984, 0.98, 0.953, 0.958, 0.967, 0.956, 0.781, 0.957, 0.969, 0.961, 0.968, 0.96, 0.754], "p proportion": [3.077, 3.012, 3.01, 3.005, 3.013, 2.772, 3.084, 3.913, 2.622, 3.937, 2.894, 3.084, 3.89, 2.555, 4.849, 0.0, 0.0, 0.0, 0.0, 0.0, 0.0, 0.0, 0.0, 0.0, 0.0, 0.0, 0.0, 0.0, 0.0, 0.0, 0.0, 0.0, 0.0, 0.0], "d proportion": [0.0, 0.0, 0.0, 0.0, 0.0, 0.0, 0.0, 0.0, 0.0, 0.0, 0.0, 0.0, 0.0, 0.0, 0.0, 0.0, 0.0, 0.0, 0.0, 0.0, 0.0, 0.0, 0.0, 0.0, 0.0, 0.0, 0.0, 0.0, 0.0, 0.0, 0.0, 0.0, 0.0, 0.0], "Fermi-level/eV": -8.1589, "Coordination numbers": [3.749, 3.799, 3.801, 3.804, 2.953, 2.937, 3.757, 1.846, 2.809, 2.698, 3.738, 3.751, 2.707, 2.779, 0.859, 0.924, 0.924, 0.924, 0.924, 0.924, 0.924, 0.924, 0.924, 0.924, 0.924, 0.924, 0.924, 0.86, 0.924, 0.924, 0.924, 0.924, 0.924, 0.86], "Dispersion coefficient C6": [22.473, 21.471, 21.492, 21.503, 29.458, 25.926, 22.734, 28.79, 23.35, 25.114, 20.517, 22.739, 24.713, 22.512, 23.004, 2.516, 2.464, 2.622, 2.639, 2.656, 2.421, 2.698, 2.561, 2.226, 2.23, 2.347, 2.247, 1.284, 2.069, 2.41, 2.309, 2.438, 2.29, 1.172], "Total dispersion C6": 10283.487279, "Total dispersion C8": 226940.092749, "Polarizability alpha": [6.761, 6.598, 6.6, 6.602, 8.902, 8.351, 6.798, 7.952, 7.917, 7.443, 6.463, 6.8, 7.383, 7.771, 6.431, 2.48, 2.455, 2.532, 2.54, 2.549, 2.433, 2.569, 2.503, 2.333, 2.335, 2.396, 2.344, 1.775, 2.249, 2.428, 2.376, 2.442, 2.367, 1.696], "Total polarizability alpha": 153.574185, "Wiberg matrix": [[0.0, 1.0212063103950588, 0.0, 0.0, 0.0, 0.0, 0.0, 0.0, 0.0, 0.0, 0.0, 0.0, 0.0, 0.0, 0.0, 0.9858702105063719, 0.9870213592531716, 0.9873689837226185, 0.0, 0.0, 0.0, 0.0, 0.0, 0.0, 0.0, 0.0, 0.0, 0.0, 0.0, 0.0, 0.0, 0.0, 0.0, 0.0], [1.0212063103950588, 0.0, 1.0058258808745069, 0.0, 0.0, 0.0, 0.0, 0.0, 0.0, 0.0, 0.0, 0.0, 0.0, 0.0, 0.0, 0.0, 0.0, 0.0, 0.9776702753187108, 0.9779271712801403, 0.0, 0.0, 0.0, 0.0, 0.0, 0.0, 0.0, 0.0, 0.0, 0.0, 0.0, 0.0, 0.0, 0.0], [0.0, 1.0058258808745069, 0.0, 0.991028483808107, 0.0, 0.0, 0.0, 0.0, 0.0, 0.0, 0.0, 0.0, 0.0, 0.0, 0.0, 0.0, 0.0, 0.0, 0.0, 0.0, 0.9765467147796798, 0.9777961784302476, 0.0, 0.0, 0.0, 0.0, 0.0, 0.0, 0.0, 0.0, 0.0, 0.0, 0.0, 0.0], [0.0, 0.0, 0.991028483808107, 0.0, 1.0125868523809802, 0.0, 0.0, 0.0, 0.0, 0.0, 0.0, 0.0, 0.0, 0.0, 0.0, 0.0, 0.0, 0.0, 0.0, 0.0, 0.0, 0.0, 0.9699820002738088, 0.9640407556804831, 0.0, 0.0, 0.0, 0.0, 0.0, 0.0, 0.0, 0.0, 0.0, 0.0], [0.0, 0.0, 0.0, 1.0125868523809802, 0.0, 1.6042566021648712, 0.0, 0.0, 0.0, 0.0, 0.0, 0.0, 0.0, 1.0798155646729253, 0.0, 0.0, 0.0, 0.0, 0.0, 0.0, 0.0, 0.0, 0.0, 0.0, 0.0, 0.0, 0.0, 0.0, 0.0, 0.0, 0.0, 0.0, 0.0, 0.0], [0.0, 0.0, 0.0, 0.0, 1.6042566021648712, 0.0, 1.0189816973354757, 1.1947180156980737, 0.0, 0.0, 0.0, 0.0, 0.0, 0.0, 0.0, 0.0, 0.0, 0.0, 0.0, 0.0, 0.0, 0.0, 0.0, 0.0, 0.0, 0.0, 0.0, 0.0, 0.0, 0.0, 0.0, 0.0, 0.0, 0.0], [0.0, 0.0, 0.0, 0.0, 0.0, 1.0189816973354757, 0.0, 0.0, 0.0, 0.0, 0.0, 0.0, 0.0, 0.0, 0.0, 0.0, 0.0, 0.0, 0.0, 0.0, 0.0, 0.0, 0.0, 0.0, 0.9742697591481824, 0.9809244133576012, 0.9662018184536112, 0.0, 0.0, 0.0, 0.0, 0.0, 0.0, 0.0], [0.0, 0.0, 0.0, 0.0, 0.0, 1.1947180156980737, 0.0, 0.0, 1.4938117150781607, 0.0, 0.0, 0.0, 0.0, 0.0, 0.0, 0.0, 0.0, 0.0, 0.0, 0.0, 0.0, 0.0, 0.0, 0.0, 0.0, 0.0, 0.0, 0.0, 0.0, 0.0, 0.0, 0.0, 0.0, 0.0], [0.0, 0.0, 0.0, 0.0, 0.0, 0.0, 0.0, 1.4938117150781607, 0.0, 1.1896473393453741, 0.0, 0.0, 1.150263634161894, 0.0, 0.0, 0.0, 0.0, 0.0, 0.0, 0.0, 0.0, 0.0, 0.0, 0.0, 0.0, 0.0, 0.0, 0.0, 0.0, 0.0, 0.0, 0.0, 0.0, 0.0], [0.0, 0.0, 0.0, 0.0, 0.0, 0.0, 0.0, 0.0, 1.1896473393453741, 0.0, 0.9883369168346682, 0.0, 0.0, 0.0, 0.0, 0.0, 0.0, 0.0, 0.0, 0.0, 0.0, 0.0, 0.0, 0.0, 0.0, 0.0, 0.0, 0.9373297954120596, 0.0, 0.0, 0.0, 0.0, 0.0, 0.0], [0.0, 0.0, 0.0, 0.0, 0.0, 0.0, 0.0, 0.0, 0.0, 0.9883369168346682, 0.0, 1.0208556308275887, 0.0, 0.0, 0.0, 0.0, 0.0, 0.0, 0.0, 0.0, 0.0, 0.0, 0.0, 0.0, 0.0, 0.0, 0.0, 0.0, 0.9692893163643098, 0.9673149460491586, 0.0, 0.0, 0.0, 0.0], [0.0, 0.0, 0.0, 0.0, 0.0, 0.0, 0.0, 0.0, 0.0, 0.0, 1.0208556308275887, 0.0, 0.0, 0.0, 0.0, 0.0, 0.0, 0.0, 0.0, 0.0, 0.0, 0.0, 0.0, 0.0, 0.0, 0.0, 0.0, 0.0, 0.0, 0.0, 0.9860243121160737, 0.9855343201937576, 0.9838821267462976, 0.0], [0.0, 0.0, 0.0, 0.0, 0.0, 0.0, 0.0, 0.0, 1.150263634161894, 0.0, 0.0, 0.0, 0.0, 1.1266572638168755, 0.139423391204778, 0.0, 0.0, 0.0, 0.0, 0.0, 0.0, 0.0, 0.0, 0.0, 0.0, 0.0, 0.0, 0.0, 0.0, 0.0, 0.0, 0.0, 0.0, 0.9250757119678503], [0.0, 0.0, 0.0, 0.0, 1.0798155646729253, 0.0, 0.0, 0.0, 0.0, 0.0, 0.0, 0.0, 1.1266572638168755, 0.0, 1.6367971034473705, 0.0, 0.0, 0.0, 0.0, 0.0, 0.0, 0.0, 0.0, 0.0, 0.0, 0.0, 0.0, 0.0, 0.0, 0.0, 0.0, 0.0, 0.0, 0.0], [0.0, 0.0, 0.0, 0.0, 0.0, 0.0, 0.0, 0.0, 0.0, 0.0, 0.0, 0.0, 0.139423391204778, 1.6367971034473705, 0.0, 0.0, 0.0, 0.0, 0.0, 0.0, 0.0, 0.0, 0.0, 0.0, 0.0, 0.0, 0.0, 0.0, 0.0, 0.0, 0.0, 0.0, 0.0, 0.0], [0.9858702105063719, 0.0, 0.0, 0.0, 0.0, 0.0, 0.0, 0.0, 0.0, 0.0, 0.0, 0.0, 0.0, 0.0, 0.0, 0.0, 0.0, 0.0, 0.0, 0.0, 0.0, 0.0, 0.0, 0.0, 0.0, 0.0, 0.0, 0.0, 0.0, 0.0, 0.0, 0.0, 0.0, 0.0], [0.9870213592531716, 0.0, 0.0, 0.0, 0.0, 0.0, 0.0, 0.0, 0.0, 0.0, 0.0, 0.0, 0.0, 0.0, 0.0, 0.0, 0.0, 0.0, 0.0, 0.0, 0.0, 0.0, 0.0, 0.0, 0.0, 0.0, 0.0, 0.0, 0.0, 0.0, 0.0, 0.0, 0.0, 0.0], [0.9873689837226185, 0.0, 0.0, 0.0, 0.0, 0.0, 0.0, 0.0, 0.0, 0.0, 0.0, 0.0, 0.0, 0.0, 0.0, 0.0, 0.0, 0.0, 0.0, 0.0, 0.0, 0.0, 0.0, 0.0, 0.0, 0.0, 0.0, 0.0, 0.0, 0.0, 0.0, 0.0, 0.0, 0.0], [0.0, 0.9776702753187108, 0.0, 0.0, 0.0, 0.0, 0.0, 0.0, 0.0, 0.0, 0.0, 0.0, 0.0, 0.0, 0.0, 0.0, 0.0, 0.0, 0.0, 0.0, 0.0, 0.0, 0.0, 0.0, 0.0, 0.0, 0.0, 0.0, 0.0, 0.0, 0.0, 0.0, 0.0, 0.0], [0.0, 0.9779271712801403, 0.0, 0.0, 0.0, 0.0, 0.0, 0.0, 0.0, 0.0, 0.0, 0.0, 0.0, 0.0, 0.0, 0.0, 0.0, 0.0, 0.0, 0.0, 0.0, 0.0, 0.0, 0.0, 0.0, 0.0, 0.0, 0.0, 0.0, 0.0, 0.0, 0.0, 0.0, 0.0], [0.0, 0.0, 0.9765467147796798, 0.0, 0.0, 0.0, 0.0, 0.0, 0.0, 0.0, 0.0, 0.0, 0.0, 0.0, 0.0, 0.0, 0.0, 0.0, 0.0, 0.0, 0.0, 0.0, 0.0, 0.0, 0.0, 0.0, 0.0, 0.0, 0.0, 0.0, 0.0, 0.0, 0.0, 0.0], [0.0, 0.0, 0.9777961784302476, 0.0, 0.0, 0.0, 0.0, 0.0, 0.0, 0.0, 0.0, 0.0, 0.0, 0.0, 0.0, 0.0, 0.0, 0.0, 0.0, 0.0, 0.0, 0.0, 0.0, 0.0, 0.0, 0.0, 0.0, 0.0, 0.0, 0.0, 0.0, 0.0, 0.0, 0.0], [0.0, 0.0, 0.0, 0.9699820002738088, 0.0, 0.0, 0.0, 0.0, 0.0, 0.0, 0.0, 0.0, 0.0, 0.0, 0.0, 0.0, 0.0, 0.0, 0.0, 0.0, 0.0, 0.0, 0.0, 0.0, 0.0, 0.0, 0.0, 0.0, 0.0, 0.0, 0.0, 0.0, 0.0, 0.0], [0.0, 0.0, 0.0, 0.9640407556804831, 0.0, 0.0, 0.0, 0.0, 0.0, 0.0, 0.0, 0.0, 0.0, 0.0, 0.0, 0.0, 0.0, 0.0, 0.0, 0.0, 0.0, 0.0, 0.0, 0.0, 0.0, 0.0, 0.0, 0.0, 0.0, 0.0, 0.0, 0.0, 0.0, 0.0], [0.0, 0.0, 0.0, 0.0, 0.0, 0.0, 0.9742697591481824, 0.0, 0.0, 0.0, 0.0, 0.0, 0.0, 0.0, 0.0, 0.0, 0.0, 0.0, 0.0, 0.0, 0.0, 0.0, 0.0, 0.0, 0.0, 0.0, 0.0, 0.0, 0.0, 0.0, 0.0, 0.0, 0.0, 0.0], [0.0, 0.0, 0.0, 0.0, 0.0, 0.0, 0.9809244133576012, 0.0, 0.0, 0.0, 0.0, 0.0, 0.0, 0.0, 0.0, 0.0, 0.0, 0.0, 0.0, 0.0, 0.0, 0.0, 0.0, 0.0, 0.0, 0.0, 0.0, 0.0, 0.0, 0.0, 0.0, 0.0, 0.0, 0.0], [0.0, 0.0, 0.0, 0.0, 0.0, 0.0, 0.9662018184536112, 0.0, 0.0, 0.0, 0.0, 0.0, 0.0, 0.0, 0.0, 0.0, 0.0, 0.0, 0.0, 0.0, 0.0, 0.0, 0.0, 0.0, 0.0, 0.0, 0.0, 0.0, 0.0, 0.0, 0.0, 0.0, 0.0, 0.0], [0.0, 0.0, 0.0, 0.0, 0.0, 0.0, 0.0, 0.0, 0.0, 0.9373297954120596, 0.0, 0.0, 0.0, 0.0, 0.0, 0.0, 0.0, 0.0, 0.0, 0.0, 0.0, 0.0, 0.0, 0.0, 0.0, 0.0, 0.0, 0.0, 0.0, 0.0, 0.0, 0.0, 0.0, 0.0], [0.0, 0.0, 0.0, 0.0, 0.0, 0.0, 0.0, 0.0, 0.0, 0.0, 0.9692893163643098, 0.0, 0.0, 0.0, 0.0, 0.0, 0.0, 0.0, 0.0, 0.0, 0.0, 0.0, 0.0, 0.0, 0.0, 0.0, 0.0, 0.0, 0.0, 0.0, 0.0, 0.0, 0.0, 0.0], [0.0, 0.0, 0.0, 0.0, 0.0, 0.0, 0.0, 0.0, 0.0, 0.0, 0.9673149460491586, 0.0, 0.0, 0.0, 0.0, 0.0, 0.0, 0.0, 0.0, 0.0, 0.0, 0.0, 0.0, 0.0, 0.0, 0.0, 0.0, 0.0, 0.0, 0.0, 0.0, 0.0, 0.0, 0.0], [0.0, 0.0, 0.0, 0.0, 0.0, 0.0, 0.0, 0.0, 0.0, 0.0, 0.0, 0.9860243121160737, 0.0, 0.0, 0.0, 0.0, 0.0, 0.0, 0.0, 0.0, 0.0, 0.0, 0.0, 0.0, 0.0, 0.0, 0.0, 0.0, 0.0, 0.0, 0.0, 0.0, 0.0, 0.0], [0.0, 0.0, 0.0, 0.0, 0.0, 0.0, 0.0, 0.0, 0.0, 0.0, 0.0, 0.9855343201937576, 0.0, 0.0, 0.0, 0.0, 0.0, 0.0, 0.0, 0.0, 0.0, 0.0, 0.0, 0.0, 0.0, 0.0, 0.0, 0.0, 0.0, 0.0, 0.0, 0.0, 0.0, 0.0], [0.0, 0.0, 0.0, 0.0, 0.0, 0.0, 0.0, 0.0, 0.0, 0.0, 0.0, 0.9838821267462976, 0.0, 0.0, 0.0, 0.0, 0.0, 0.0, 0.0, 0.0, 0.0, 0.0, 0.0, 0.0, 0.0, 0.0, 0.0, 0.0, 0.0, 0.0, 0.0, 0.0, 0.0, 0.0], [0.0, 0.0, 0.0, 0.0, 0.0, 0.0, 0.0, 0.0, 0.0, 0.0, 0.0, 0.0, 0.9250757119678503, 0.0, 0.0, 0.0, 0.0, 0.0, 0.0, 0.0, 0.0, 0.0, 0.0, 0.0, 0.0, 0.0, 0.0, 0.0, 0.0, 0.0, 0.0, 0.0, 0.0, 0.0]], "Born radii": [], "Atomic SASAs": [], "Solvent H bonds": [], "Total SASA": NaN, "Total FOD": 0.0, "FOD": [0.0, 0.0, 0.0, 0.0, 0.0, 0.0, 0.0, 0.0, 0.0, 0.0, 0.0, 0.0, 0.0, 0.0, 0.0, 0.0, 0.0, 0.0, 0.0, 0.0, 0.0, 0.0, 0.0, 0.0, 0.0, 0.0, 0.0, 0.0, 0.0, 0.0, 0.0, 0.0, 0.0, 0.0], "FOD s proportion": [0.0, 0.0, 0.0, 0.0, 0.0, 0.0, 0.0, 0.0, 0.0, 0.0, 0.0, 0.0, 0.0, 0.0, 0.0, 0.0, 0.0, 0.0, 0.0, 0.0, 0.0, 0.0, 0.0, 0.0, 0.0, 0.0, 0.0, 0.0, 0.0, 0.0, 0.0, 0.0, 0.0, 0.0], "FOD p proportion": [0.0, 0.0, 0.0, 0.0, 0.0, 0.0, 0.0, 0.0, 0.0, 0.0, 0.0, 0.0, 0.0, 0.0, 0.0, 0.0, 0.0, 0.0, 0.0, 0.0, 0.0, 0.0, 0.0, 0.0, 0.0, 0.0, 0.0, 0.0, 0.0, 0.0, 0.0, 0.0, 0.0, 0.0], "FOD d proportion": [0.0, 0.0, 0.0, 0.0, 0.0, 0.0, 0.0, 0.0, 0.0, 0.0, 0.0, 0.0, 0.0, 0.0, 0.0, 0.0, 0.0, 0.0, 0.0, 0.0, 0.0, 0.0, 0.0, 0.0, 0.0, 0.0, 0.0, 0.0, 0.0, 0.0, 0.0, 0.0, 0.0, 0.0], "coordinates": [["4.99390", "0.83610", "0.87030"], ["4.34750", "0.45130", "-0.45150"], ["2.82750", "0.63030", "-0.46280"], ["2.10030", "-0.31500", "0.49900"], ["0.60480", "-0.18340", "0.38400"], ["-0.22610", "-0.96450", "-0.33410"], ["0.25500", "-2.08940", "-1.21450"], ["-1.59360", "-0.80980", "-0.36120"], ["-2.13250", "0.14410", "0.32680"], ["-3.47880", "0.37350", "0.35600"], ["-4.38010", "-0.30300", "-0.56060"], ["-5.82060", "0.00090", "-0.18620"], ["-1.38150", "0.99450", "1.07690"], ["-0.02860", "0.89360", "1.18360"], ["0.61630", "1.65360", "1.89940"], ["4.69230", "0.16100", "1.67640"], ["4.72690", "1.85840", "1.15570"], ["6.08400", "0.78210", "0.78460"], ["4.77610", "1.07720", "-1.24340"], ["4.60340", "-0.58640", "-0.69510"], ["2.58240", "1.67290", "-0.22500"], ["2.47160", "0.45130", "-1.48560"], ["2.41400", "-1.34820", "0.31120"], ["2.40340", "-0.11410", "1.53340"], ["-0.26480", "-2.06300", "-2.17910"], ["1.32390", "-2.03930", "-1.43700"], ["0.04500", "-3.05340", "-0.74000"], ["-3.76590", "1.30700", "0.61760"], ["-4.22230", "-1.38660", "-0.52030"], ["-4.18760", "0.03310", "-1.58540"], ["-6.03830", "-0.32840", "0.83540"], ["-6.02350", "1.07570", "-0.24170"], ["-6.50790", "-0.51210", "-0.86600"], ["-1.81640", "1.70010", "1.64460"]], "bond_dist": [[0.0, 1.5208744984383162, 2.552018458005349, 3.1362104298021842, 4.532115041567237, 5.65164929202087, 5.946605292097333, 6.900777877167183, 7.180517614350654, 8.500891043884751, 9.550753877050752, 10.898034755863094, 6.380713069869229, 5.032590723474342, 4.570638338350563, 1.0938554657723294, 1.0944585190860365, 1.0947960997372976, 2.138526067178046, 2.150923908463523, 2.777633629548721, 3.4727990353603824, 3.4263162886692173, 2.837828729856684, 6.734801174496542, 5.201966786706736, 6.497144568962584, 8.77608683525864, 9.581884266155589, 9.538092772666872, 11.093543847662026, 11.075967448489545, 11.70998651450974, 6.908416792579903], [1.5208744984383162, 0.0, 1.5305452263817623, 2.5574545509158124, 3.886992105729056, 4.78916374328546, 4.877077171831506, 6.074141627423582, 6.533798491689196, 7.868232379639026, 8.76081463449604, 10.181527481669928, 5.954201357025139, 4.692486815112004, 4.57100749725922, 2.175113684385255, 2.1695544726971017, 2.157035952412476, 1.096610404838473, 1.0961966338207758, 2.158514957094345, 2.1420465961318396, 2.7492424029175746, 2.8353183207534216, 5.529884043992243, 4.039363262941326, 5.556767098772451, 8.228150269653563, 8.764934790972491, 8.62024085858394, 10.494231050439094, 10.391897439832633, 10.905946037368789, 6.629238256391152], [2.552018458005349, 1.5305452263817623, 0.0, 1.5321459362606424, 2.5138761345778358, 3.447379249516943, 3.8183212580923573, 4.650842480669497, 5.0459348588740225, 6.364416655908066, 7.268432533222001, 8.67538388372526, 4.496554095082144, 3.3071539214254906, 3.393602388318349, 2.876438452322594, 2.781275286626622, 3.4905360977935747, 2.14618217539891, 2.1652119965490675, 1.0971041928641057, 1.097645502883331, 2.164375314034052, 2.1722814297415516, 4.4454324727747245, 3.215064969794545, 4.6248018098076376, 6.715512684077069, 7.332862462913101, 7.129411378928839, 9.011483705250763, 8.86495726836853, 9.413678407508938, 5.210701873068541], [3.1362104298021842, 2.5574545509158124, 1.5321459362606424, 0.0, 1.5056771931592772, 2.5550034872774634, 3.0805372421056685, 3.824874937824765, 4.261105665200054, 5.623240885823762, 6.566466349567322, 7.956754907624087, 3.764530501935135, 2.541968986828911, 2.8352710840411715, 2.886401004711577, 3.4718798956761163, 4.141866905152796, 3.483401245908946, 2.7865825629254197, 2.1698716137135854, 2.159563969879105, 1.0959830153793446, 1.0964550971198048, 3.9776150668459613, 2.7063080848270027, 3.6411830014433493, 6.087466829478416, 6.493271117857316, 6.633519682642088, 8.145560415342828, 8.27519240984764, 8.717980307961243, 4.5512159100618375], [4.532115041567237, 3.886992105729056, 2.5138761345778358, 1.5056771931592772, 0.0, 1.3476570891736517, 2.512050614537852, 2.4043008464000506, 2.7574153441221, 4.121493730433179, 5.075017372384059, 6.453282861458964, 2.411005290330156, 1.4834030874984723, 2.3814152115916283, 4.300763347360559, 4.664351674134359, 5.578019653066848, 4.651589707831077, 4.161209892567305, 2.7798619480110878, 2.7172026957884463, 2.1529662143192123, 2.1356228154802994, 3.2952362479798016, 2.697686160397462, 3.132674901741322, 4.623730053755301, 5.056317151840853, 5.185798527710077, 6.659997340089559, 6.775779969125326, 7.229180104271854, 3.316458057928669], [5.65164929202087, 4.78916374328546, 3.447379249516943, 2.5550034872774634, 1.3476570891736517, 0.0, 1.5073026836040593, 1.3764892843752907, 2.30220410259386, 3.5842069276201114, 4.2124340350918255, 5.679111006134675, 2.676481115195846, 2.407271307933528, 3.542965935483998, 5.4313459713039824, 5.892408459195611, 6.642248358801408, 5.478811022475588, 4.857710454524846, 3.854277340825385, 3.256996650289957, 2.744770626117964, 3.335417014407644, 2.147609121791021, 2.184967608455558, 2.145169743866438, 4.312264970986824, 4.022742011364884, 4.272521468641204, 5.9627193712265205, 6.146608866684134, 6.320490060905088, 3.6802718568062334], [5.946605292097333, 4.877077171831506, 3.8183212580923573, 3.0805372421056685, 2.512050614537852, 1.5073026836040593, 0.0, 2.404749261357616, 3.614454895278125, 4.7406338289304735, 5.010285638563933, 6.506894062454068, 4.176013101033089, 3.8379163057575916, 4.882310917997747, 5.754236201269461, 6.4187897994871275, 6.79846703750191, 5.5198311550263925, 4.630050531041751, 4.533299273156362, 3.382597708862229, 2.7456181325887252, 4.008539267613578, 1.0960575532334058, 1.092960873041666, 1.0947813708681746, 5.573128401535353, 4.5849816542708215, 4.937536614547784, 6.849002547816725, 7.098151879186582, 6.9531391435811205, 5.17933017097771], [6.900777877167183, 6.074141627423582, 4.650842480669497, 3.824874937824765, 2.4043008464000506, 1.3764892843752907, 2.404749261357616, 0.0, 1.2937087848507483, 2.3384939106185416, 2.839223282871567, 4.307596602515143, 2.3170275160213354, 2.781582930635001, 4.007781172918501, 6.67883262329578, 7.0263075010989935, 7.924174721067172, 6.701650836174621, 6.210008516097219, 4.860177540995802, 4.402328884806313, 4.099128453708179, 4.477668662373311, 2.5770099126701087, 3.3437736376734595, 2.8039686802815753, 3.1871270715175446, 2.695936709197751, 2.989645806780462, 4.628061755205952, 4.8159531258100925, 4.94912040871911, 3.220632156890942], [7.180517614350654, 6.533798491689196, 5.0459348588740225, 4.261105665200054, 2.7574153441221, 2.30220410259386, 3.614454895278125, 1.2937087848507483, 0.0, 1.3660163578815594, 2.457454563160833, 3.726359731695264, 1.3600849863151934, 2.3921228438355753, 3.508213569610607, 6.956982162547206, 7.118796812664342, 8.253938277573925, 7.145974923689559, 6.852025880715862, 4.987183041557628, 4.957509698427225, 4.785171355343505, 4.700738198410969, 3.826111408466826, 4.452519170087872, 4.012925957452991, 2.0260544439871304, 2.7254146363443486, 2.8093176840649403, 3.9670144756479018, 4.041157236485609, 4.582302416907903, 2.0634078729131575], [8.500891043884751, 7.868232379639026, 6.364416655908066, 5.623240885823762, 4.121493730433179, 3.5842069276201114, 4.7406338289304735, 2.3384939106185416, 1.3660163578815594, 0.0, 1.4526353637441156, 2.4324553109975113, 2.3030425745087735, 3.585987424685145, 4.559669240197144, 8.279824129774738, 8.377228693905879, 9.581116623859662, 8.437810620060159, 8.20659345039097, 6.226085993623924, 6.229350171566855, 6.13932812040536, 6.01866275513091, 4.7637233609856064, 5.665896233606824, 5.036072482599908, 1.0110802243145693, 2.102057551543249, 2.094589114838516, 2.6969479453634246, 2.706626723432694, 3.3842308092090883, 2.4867511495925765], [9.550753877050752, 8.76081463449604, 7.268432533222001, 6.566466349567322, 5.075017372384059, 4.2124340350918255, 5.010285638563933, 2.839223282871567, 2.457454563160833, 1.4526353637441156, 0.0, 1.519069063604417, 3.6546565447385064, 4.838350695226628, 5.902871887479856, 9.355635027083943, 9.516027776861518, 10.605866011788002, 9.28478143630748, 8.988975362075479, 7.245220108457713, 6.954882197420744, 6.929088907641466, 7.101858310329769, 4.759499589242549, 6.026477466148861, 5.213290182792436, 2.087461827195889, 1.0957709112766227, 1.0955521438982263, 2.167738083809942, 2.1687034052631544, 2.1597510990852635, 3.930378396541483], [10.898034755863094, 10.181527481669928, 8.67538388372526, 7.956754907624087, 6.453282861458964, 5.679111006134675, 6.506894062454068, 4.307596602515143, 3.726359731695264, 2.4324553109975113, 1.519069063604417, 0.0, 4.7210455812245655, 6.018349385836618, 6.9652585206867945, 10.677826425822813, 10.79355169117191, 11.9696377238411, 10.703557559054838, 10.452926695428415, 8.567817600766253, 8.405467349291174, 8.359193425803713, 8.402643938665973, 6.252859126831501, 7.534639800946028, 6.636317223430478, 2.5639391061411736, 2.1427416899850527, 2.15069441808919, 1.0952161156593707, 1.095191170526863, 1.0943849094354328, 4.71939899987276], [6.380713069869229, 5.954201357025139, 4.496554095082144, 3.764530501935135, 2.411005290330156, 2.676481115195846, 4.176013101033089, 2.3170275160213354, 1.3600849863151934, 2.3030425745087735, 3.6546565447385064, 4.7210455812245655, 0.0, 1.360846835613766, 2.258788148543373, 6.159965011264268, 6.169690689977902, 7.474238643500754, 6.580780283522616, 6.438808649121357, 4.2270170782716265, 4.659168606092722, 4.52552317749009, 3.970246115796853, 4.604004902256296, 4.779416785550304, 4.660635393377174, 2.4482598105593287, 4.036189996766753, 3.985765730697177, 4.847078800679848, 4.826330220778517, 5.685479832872509, 1.0046355856727354], [5.032590723474342, 4.692486815112004, 3.3071539214254906, 2.541968986828911, 1.4834030874984723, 2.407271307933528, 3.8379163057575916, 2.781582930635001, 2.3921228438355753, 3.585987424685145, 4.838350695226628, 6.018349385836618, 1.360846835613766, 0.0, 1.2271371765210277, 4.802754564830479, 4.852463054985581, 6.126623214300027, 5.386017085936508, 5.212996996929885, 3.0673740316433533, 3.6839188332535233, 3.4282712494783723, 2.6556436752697077, 4.483862764403032, 4.159170953447333, 4.391407851703141, 3.8024553712042435, 5.068501449146483, 5.0700199457201345, 6.1425582072944165, 6.164695167646167, 6.939609581237262, 2.014743678486174], [4.570638338350563, 4.57100749725922, 3.393602388318349, 2.8352710840411715, 2.3814152115916283, 3.542965935483998, 4.882310917997747, 4.007781172918501, 3.508213569610607, 4.559669240197144, 5.902871887479856, 6.9652585206867945, 2.258788148543373, 1.2271371765210277, 0.0, 4.346419188251406, 4.1823516219944965, 5.647834503595161, 5.245318373559416, 5.257946049552049, 2.894649730105527, 4.0430048701429975, 3.842513210126935, 2.5401664709227227, 5.587809501047794, 5.026904925498393, 5.426662422705139, 4.57895398972298, 6.205627614512491, 6.1520164580404035, 7.024537077985993, 7.000372965778324, 7.943042193643441, 2.4464493822681064], [1.0938554657723294, 2.175113684385255, 2.876438452322594, 2.886401004711577, 4.300763347360559, 5.4313459713039824, 5.754236201269461, 6.67883262329578, 6.956982162547206, 8.279824129774738, 9.355635027083943, 10.677826425822813, 6.159965011264268, 4.802754564830479, 4.346419188251406, 0.0, 1.7758075374319144, 1.7657580072025718, 3.0613194736910425, 2.4880760076814377, 3.2175831892897504, 3.8747937467689813, 3.054849680426191, 2.3098035024650914, 6.662124035170765, 5.087307559996742, 6.145628821365638, 8.600902317780385, 9.310781374836377, 9.460883767386637, 10.774626198620535, 10.924474968619775, 11.504839912402085, 6.6882744964602034], [1.0944585190860365, 2.1695544726971017, 2.781275286626622, 3.4718798956761163, 4.664351674134359, 5.892408459195611, 6.4187897994871275, 7.0263075010989935, 7.118796812664342, 8.377228693905879, 9.516027776861518, 10.79355169117191, 6.169690689977902, 4.852463054985581, 4.1823516219944965, 1.7758075374319144, 0.0, 1.7713998165292895, 2.5235639262756946, 3.068836901824533, 2.5572686581585438, 3.7473689690234666, 4.042891319340652, 3.0711668450281238, 7.17044893224964, 5.787449142757109, 7.045540812457195, 8.527675264103342, 9.66577372174623, 9.503349912004714, 10.989732361163306, 10.869059122573582, 11.658785193149415, 6.563448559256025], [1.0947960997372976, 2.157035952412476, 3.4905360977935747, 4.141866905152796, 5.578019653066848, 6.642248358801408, 6.79846703750191, 7.924174721067172, 8.253938277573925, 9.581116623859662, 10.605866011788002, 11.9696377238411, 7.474238643500754, 6.126623214300027, 5.647834503595161, 1.7657580072025718, 1.7713998165292895, 0.0, 2.4311459067690695, 2.500895979444167, 3.7515356002575797, 4.27933060653182, 4.269799251721326, 3.8614365513368205, 7.56210110617413, 5.962747397802459, 7.314710275192039, 9.865289606494073, 10.612532374037782, 10.568049373465284, 12.173165084726321, 12.154466212055551, 12.765397745859703, 7.999915259551191], [2.138526067178046, 1.096610404838473, 2.14618217539891, 3.483401245908946, 4.651589707831077, 5.478811022475588, 5.5198311550263925, 6.701650836174621, 7.145974923689559, 8.437810620060159, 9.28478143630748, 10.703557559054838, 6.580780283522616, 5.386017085936508, 5.245318373559416, 3.0613194736910425, 2.5235639262756946, 2.4311459067690695, 0.0, 1.7601202061222978, 2.4908465910208117, 2.4002358009162346, 3.7254345692818167, 3.841811970932466, 6.012242787845481, 4.654861764864774, 6.30068052911747, 8.745392675003222, 9.357584443113511, 9.030782164353207, 11.101728160966651, 10.845956172694041, 11.401620992209834, 7.224237306456647], [2.150923908463523, 1.0961966338207758, 2.1652119965490675, 2.7865825629254197, 4.161209892567305, 4.857710454524846, 4.630050531041751, 6.210008516097219, 6.852025880715862, 8.20659345039097, 8.988975362075479, 10.452926695428415, 6.438808649121357, 5.212996996929885, 5.257946049552049, 2.4880760076814377, 3.068836901824533, 2.500895979444167, 1.7601202061222978, 0.0, 3.067551385062685, 2.4992564454253188, 2.5271429104821115, 3.1669037781404095, 5.299242851577949, 3.6628478360423324, 5.183349840595365, 8.680629432247411, 8.863625419093475, 8.857657440881308, 10.754290917582619, 10.7656468258995, 11.112862592059708, 7.205283504484747], [2.777633629548721, 2.158514957094345, 1.0971041928641057, 2.1698716137135854, 2.7798619480110878, 3.854277340825385, 4.533299273156362, 4.860177540995802, 4.987183041557628, 6.226085993623924, 7.245220108457713, 8.567817600766253, 4.2270170782716265, 3.0673740316433533, 2.894649730105527, 3.2175831892897504, 2.5572686581585438, 3.7515356002575797, 2.4908465910208117, 3.067551385062685, 0.0, 1.7588904343363745, 3.0729325098348643, 2.513439985358712, 5.087435843330115, 4.1028276944078454, 5.389019896975702, 6.41441894952302, 7.466705058457847, 7.097360932064819, 8.913255204469353, 8.626612402328043, 9.371161085479216, 4.77970558089094], [3.4727990353603824, 2.1420465961318396, 1.097645502883331, 2.159563969879105, 2.7172026957884463, 3.256996650289957, 3.382597708862229, 4.402328884806313, 4.957509698427225, 6.229350171566855, 6.954882197420744, 8.405467349291174, 4.659168606092722, 3.6839188332535233, 4.0430048701429975, 3.8747937467689813, 3.7473689690234666, 4.27933060653182, 2.4002358009162346, 2.4992564454253188, 1.7588904343363745, 0.0, 2.5436210900997027, 3.0722450097607776, 3.7802819603833786, 2.742747821072874, 4.327496852685164, 6.637927310539036, 7.0084219129558685, 6.673064956974419, 8.855132472188092, 8.60836143409418, 9.05226291984496, 5.453860786635464], [3.4263162886692173, 2.7492424029175746, 2.164375314034052, 1.0959830153793446, 2.1529662143192123, 2.744770626117964, 2.7456181325887252, 4.099128453708179, 4.785171355343505, 6.13932812040536, 6.929088907641466, 8.359193425803713, 4.52552317749009, 3.4282712494783723, 3.842513210126935, 3.054849680426191, 4.042891319340652, 4.269799251721326, 3.7254345692818167, 2.5271429104821115, 3.0729325098348643, 2.5436210900997027, 0.0, 1.7369191144091887, 3.7267281320214383, 2.1730486556908937, 3.1024005995357853, 6.73313686256265, 6.688299073755599, 7.006154709253857, 8.529721740478994, 8.796158017566533, 9.037984435702466, 5.38204167672455], [2.837828729856684, 2.8353183207534216, 2.1722814297415516, 1.0964550971198048, 2.1356228154802994, 3.335417014407644, 4.008539267613578, 4.477668662373311, 4.700738198410969, 6.01866275513091, 7.101858310329769, 8.402643938665973, 3.970246115796853, 2.6556436752697077, 2.5401664709227227, 2.3098035024650914, 3.0711668450281238, 3.8614365513368205, 3.841811970932466, 3.1669037781404095, 2.513439985358712, 3.0722450097607776, 1.7369191144091887, 0.0, 4.969925421975666, 3.7006744587980176, 4.4011228805839995, 6.396755219640657, 7.052435070952444, 7.293138026940118, 8.473218242202899, 8.693632592880837, 9.237250242902377, 4.594605436813916], [6.734801174496542, 5.529884043992243, 4.4454324727747245, 3.9776150668459613, 3.2952362479798016, 2.147609121791021, 1.0960575532334058, 2.5770099126701087, 3.826111408466826, 4.7637233609856064, 4.759499589242549, 6.252859126831501, 4.604004902256296, 4.483862764403032, 5.587809501047794, 6.662124035170765, 7.17044893224964, 7.56210110617413, 6.012242787845481, 5.299242851577949, 5.087435843330115, 3.7802819603833786, 3.7267281320214383, 4.969925421975666, 0.0, 1.7536367326216682, 1.7742257494467832, 5.606793388381633, 4.344069595436979, 4.487145500203888, 6.740129795486137, 6.8386827781379065, 6.565502267915227, 5.584717169203826], [5.201966786706736, 4.039363262941326, 3.215064969794545, 2.7063080848270027, 2.697686160397462, 2.184967608455558, 1.092960873041666, 3.3437736376734595, 4.452519170087872, 5.665896233606824, 6.026477466148861, 7.534639800946028, 4.779416785550304, 4.159170953447333, 5.026904925498393, 5.087307559996742, 5.787449142757109, 5.962747397802459, 4.654861764864774, 3.6628478360423324, 4.1028276944078454, 2.742747821072874, 2.1730486556908937, 3.7006744587980176, 1.7536367326216682, 0.0, 1.7747656239627814, 6.428465515968799, 5.659212897568, 5.890118553136261, 7.8925895249911475, 8.069464285192668, 7.999716999994438, 5.774154051460698], [6.497144568962584, 5.556767098772451, 4.6248018098076376, 3.6411830014433493, 3.132674901741322, 2.145169743866438, 1.0947813708681746, 2.8039686802815753, 4.012925957452991, 5.036072482599908, 5.213290182792436, 6.636317223430478, 4.660635393377174, 4.391407851703141, 5.426662422705139, 6.145628821365638, 7.045540812457195, 7.314710275192039, 6.30068052911747, 5.183349840595365, 5.389019896975702, 4.327496852685164, 3.1024005995357853, 4.4011228805839995, 1.7742257494467832, 1.7747656239627814, 0.0, 5.948035367245222, 4.586538958735661, 5.306230881708786, 6.849383114558565, 7.356932917323632, 7.02955049060749, 5.634437804253411], [8.77608683525864, 8.228150269653563, 6.715512684077069, 6.087466829478416, 4.623730053755301, 4.312264970986824, 5.573128401535353, 3.1871270715175446, 2.0260544439871304, 1.0110802243145693, 2.087461827195889, 2.5639391061411736, 2.4482598105593287, 3.8024553712042435, 4.57895398972298, 8.600902317780385, 8.527675264103342, 9.865289606494073, 8.745392675003222, 8.680629432247411, 6.41441894952302, 6.637927310539036, 6.73313686256265, 6.396755219640657, 5.606793388381633, 6.428465515968799, 5.948035367245222, 0.0, 2.959492917714114, 2.579507918189049, 2.80816163352468, 2.426654886876171, 3.6095370575740047, 2.2382597838499443], [9.581884266155589, 8.764934790972491, 7.332862462913101, 6.493271117857316, 5.056317151840853, 4.022742011364884, 4.5849816542708215, 2.695936709197751, 2.7254146363443486, 2.102057551543249, 1.0957709112766227, 2.1427416899850527, 4.036189996766753, 5.068501449146483, 6.205627614512491, 9.310781374836377, 9.66577372174623, 10.612532374037782, 9.357584443113511, 8.863625419093475, 7.466705058457847, 7.0084219129558685, 6.688299073755599, 7.052435070952444, 4.344069595436979, 5.659212897568, 4.586538958735661, 2.959492917714114, 0.0, 1.7751592013112512, 2.5011128982914785, 3.063471999219187, 2.4714825712515154, 4.472456116050777], [9.538092772666872, 8.62024085858394, 7.129411378928839, 6.633519682642088, 5.185798527710077, 4.272521468641204, 4.937536614547784, 2.989645806780462, 2.8093176840649403, 2.094589114838516, 1.0955521438982263, 2.15069441808919, 3.985765730697177, 5.0700199457201345, 6.1520164580404035, 9.460883767386637, 9.503349912004714, 10.568049373465284, 9.030782164353207, 8.857657440881308, 7.097360932064819, 6.673064956974419, 7.006154709253857, 7.293138026940118, 4.487145500203888, 5.890118553136261, 5.306230881708786, 2.579507918189049, 1.7751592013112512, 0.0, 3.0685575406043797, 2.502613286147103, 2.489693051361955, 4.339859264999269], [11.093543847662026, 10.494231050439094, 9.011483705250763, 8.145560415342828, 6.659997340089559, 5.9627193712265205, 6.849002547816725, 4.628061755205952, 3.9670144756479018, 2.6969479453634246, 2.167738083809942, 1.0952161156593707, 4.847078800679848, 6.1425582072944165, 7.024537077985993, 10.774626198620535, 10.989732361163306, 12.173165084726321, 11.101728160966651, 10.754290917582619, 8.913255204469353, 8.855132472188092, 8.529721740478994, 8.473218242202899, 6.740129795486137, 7.8925895249911475, 6.849383114558565, 2.80816163352468, 2.5011128982914785, 3.0685575406043797, 0.0, 1.7697062637624357, 1.7745511573352855, 4.753320576186715], [11.075967448489545, 10.391897439832633, 8.86495726836853, 8.27519240984764, 6.775779969125326, 6.146608866684134, 7.098151879186582, 4.8159531258100925, 4.041157236485609, 2.706626723432694, 2.1687034052631544, 1.095191170526863, 4.826330220778517, 6.164695167646167, 7.000372965778324, 10.924474968619775, 10.869059122573582, 12.154466212055551, 10.845956172694041, 10.7656468258995, 8.626612402328043, 8.60836143409418, 8.796158017566533, 8.693632592880837, 6.8386827781379065, 8.069464285192668, 7.356932917323632, 2.426654886876171, 3.063471999219187, 2.502613286147103, 1.7697062637624357, 0.0, 1.7735565088262624, 4.652708185562469], [11.70998651450974, 10.905946037368789, 9.413678407508938, 8.717980307961243, 7.229180104271854, 6.320490060905088, 6.9531391435811205, 4.94912040871911, 4.582302416907903, 3.3842308092090883, 2.1597510990852635, 1.0943849094354328, 5.685479832872509, 6.939609581237262, 7.943042193643441, 11.504839912402085, 11.658785193149415, 12.765397745859703, 11.401620992209834, 11.112862592059708, 9.371161085479216, 9.05226291984496, 9.037984435702466, 9.237250242902377, 6.565502267915227, 7.999716999994438, 7.02955049060749, 3.6095370575740047, 2.4714825712515154, 2.48969