{"total energy": -37.6062464, "HOMO-LUMO gap/eV": 3.45643867, "electronic energy": -38.23812801, "dipole": [-0.0116958, -0.06305463, 0.23484292], "partial charges": [-0.12252523, -0.12249624, 0.05714143, -0.05824585, -0.02946304, -0.0422425, -0.03098197, -0.05249716, 0.05714418, -0.05822698, -0.02945725, -0.04223086, -0.03098615, -0.05251299, 0.15303325, 0.15302694, 0.02173963, 0.02867131, 0.02472682, 0.02793918, 0.02267943, 0.02172549, 0.02866683, 0.02472304, 0.02794339, 0.02270529], "atomic dipole moments": [[-0.11605896, 0.11354258, -0.10257137], [0.12792034, -0.04994729, -0.13423562], [0.10720161, -0.03295952, 0.08307848], [0.02062388, -0.02969962, 0.00105759], [-0.00155538, 0.00621384, 0.00185318], [0.00373013, 0.00143996, 0.00364227], [-0.00027685, -0.00349018, -0.00728893], [0.00369619, 0.01340235, 0.02572997], [-0.11527317, -0.01034024, 0.07798745], [-0.0213521, 0.02572526, 0.01382468], [0.00151301, -0.00633683, -0.00133281], [-0.00402995, -0.00297963, 0.00206506], [0.00090572, 0.00664587, -0.00451177], [-0.00576599, -0.02434911, 0.01512984], [-0.05872811, -0.12786537, -0.00973561], [0.05617037, 0.11409789, 0.06102925], [0.0286922, 0.08655507, 0.11887656], [-0.07916888, 0.12455304, 0.03344679], [-0.11758735, 0.0404141, -0.08516147], [-0.04050827, -0.08466189, -0.11874626], [0.07083617, -0.12657107, -0.04013513], [-0.03749833, -0.1336501, 0.05640828], [0.07880233, -0.12654271, -0.0261002], [0.12599828, 0.00467034, -0.08256097], [0.04928706, 0.13162721, -0.05615078], [-0.06994624, 0.13139092, 0.02209637]], "atomic quadrupole moments": [[0.0269754, -0.13590737, 0.04458491, -0.03698663, 0.01254744, -0.07156031], [0.02597884, -0.13963812, 0.03324386, -0.02739173, 0.03198556, -0.0592227], [0.10141433, 0.17169541, -0.11082424, -0.12547154, -0.27059893, 0.0094099], [0.02407071, 0.22672529, -0.01658851, -0.23491499, -0.21117495, -0.0074822], [0.02623487, 0.2687627, -0.0339009, -0.28131059, -0.24212192, 0.00766602], [0.03000615, 0.24182299, -0.03684544, -0.26377545, -0.22700725, 0.00683929], [0.03644322, 0.25481276, -0.04022982, -0.29242713, -0.24600179, 0.0037866], [0.02789149, 0.21319544, -0.04079458, -0.25361494, -0.21185637, 0.01290309], [0.06985651, 0.06777177, -0.31916747, 0.18302809, 0.08497044, 0.24931096], [-0.03021456, 0.06415979, -0.20104246, 0.30018402, 0.10005936, 0.23125702], [-0.03848454, 0.07633599, -0.23766967, 0.35747364, 0.1010697, 0.2761542], [-0.03022331, 0.06271281, -0.22625619, 0.3307467, 0.09205738, 0.2564795], [-0.0297955, 0.0582297, -0.24581401, 0.36106791, 0.10020568, 0.2756095], [-0.02911083, 0.0445891, -0.21356753, 0.30833269, 0.07895274, 0.24267836], [0.0222094, 0.00120741, 0.01770284, -0.04794078, 0.00162931, -0.03991223], [0.01268883, -0.02541082, 0.00586629, 0.04641534, 0.02077255, -0.01855512], [-0.00146587, -0.02860139, 0.00034378, 0.04095293, 0.03002192, 0.00112209], [-0.00474777, -0.03020766, 0.00100345, 0.03982269, 0.03338728, 0.00374432], [-0.00759678, -0.03357631, 0.00801685, 0.03474981, 0.03460866, -0.00042008], [-0.00215424, -0.037714, 0.00753523, 0.03678538, 0.0288358, -0.00538099], [0.00208286, -0.03649639, 0.00356766, 0.03916907, 0.02465145, -0.00565052], [0.00745837, -0.00227031, 0.02672858, -0.04707602, -0.01434975, -0.03418695], [0.00407572, -0.00375967, 0.03089334, -0.04720497, -0.01706802, -0.03496906], [0.00044036, -0.00941286, 0.0364486, -0.04451023, -0.01338191, -0.03688896], [0.00639656, -0.01269658, 0.02999369, -0.04777063, -0.00876894, -0.03639025], [0.01098362, -0.01079805, 0.02323642, -0.04901285, -0.00805183, -0.03422005]], "number of molecular orbitals": 68, "number of electrons": 70, "number of unpaired electrons": 0, "orbital energies/eV": [-18.28629658, -17.62842967, -17.44700656, -17.08093277, -16.79828839, -16.59966683, -16.5246937, -16.2329321, -15.79119841, -15.76628757, -15.56219847, -15.21090002, -14.82465472, -14.75917763, -14.49359651, -13.87288336, -13.79641862, -13.34614339, -13.24090435, -13.20140473, -13.05074328, -12.96001909, -12.85873219, -12.85232311, -12.83818701, -11.97214504, -11.7914649, -11.65935777, -11.49416592, -11.38762822, -11.35169324, -10.79219413, -10.7865, -10.10897636, -9.47306087, -6.0166222, -6.00400366, -5.73456626, -5.60969052, -2.46012825, -2.44556901, -1.07461293, 1.51832111, 2.94598669, 3.1120026, 3.24782869, 3.63658313, 4.02383647, 4.49894806, 4.64365744, 4.77641485, 5.06007169, 5.13598784, 5.18262685, 5.87224973, 6.25064672, 10.64521052, 10.666321, 10.75997119, 10.8797655, 11.63187214, 11.6413461, 11.74955259, 12.31781133, 16.37008574, 16.58200336, 17.38401885, 17.46672631], "fractional occupation": [2.0, 2.0, 2.0, 2.0, 2.0, 2.0, 2.0, 2.0, 2.0, 2.0, 2.0, 2.0, 2.0, 2.0, 2.0, 2.0, 2.0, 2.0, 2.0, 2.0, 2.0, 2.0, 2.0, 2.0, 2.0, 2.0, 2.0, 2.0, 2.0, 2.0, 2.0, 2.0, 2.0, 2.0, 2.0, 0.0, 0.0, 0.0, 0.0, 0.0, 0.0, 0.0, 0.0, 0.0, 0.0, 0.0, 0.0, 0.0, 0.0, 0.0, 0.0, 0.0, 0.0, 0.0, 0.0, 0.0, 0.0, 0.0, 0.0, 0.0, 0.0, 0.0, 0.0, 0.0, 0.0, 0.0, 0.0, 0.0], "program call": "xtb /home/svss/Project-DBcg-Debug/aqme2_20220329/End-to-End-workflows-final/example-3/QDESCP/mol_1099_rdkit_conf_2/mol_1099_rdkit_conf_2.xyz --pop --wbo --acc 0.2 --gfn 2 --chrg 0 --uhf 0 --etemp 300 --input /home/svss/Project-DBcg-Debug/aqme2_20220329/End-to-End-workflows-final/example-3/QDESCP/mol_1099_rdkit_conf_2/mol_1099_rdkit_conf_2_xtb.inp", "method": "GFN2-xTB", "xtb version": "6.3.3 (7355c4f)", "Dipole module/D": 0.619, "Total charge": 0, "Transition dipole module/D": NaN, "HOMO": -9.4731, "LUMO": -6.0166, "HOMO occupancy": 2.0, "LUMO occupancy": 0, "mulliken charges": [-0.23234, -0.23231, 0.13126, -0.07907, -0.02224, -0.05129, -0.02332, -0.07191, 0.13126, -0.07906, -0.02224, -0.05127, -0.02332, -0.07191, 0.21164, 0.21163, 0.02647, 0.02771, 0.02651, 0.02763, 0.02892, 0.02646, 0.0277, 0.02651, 0.02764, 0.02894], "cm5 charges": [-0.51496, -0.5149, 0.18599, -0.12704, -0.0774, -0.10661, -0.07845, -0.11861, 0.18598, -0.12701, -0.07739, -0.10659, -0.07845, -0.11863, 0.4131, 0.41306, 0.08515, 0.08313, 0.08192, 0.08306, 0.09069, 0.08513, 0.08312, 0.08191, 0.08306, 0.09072], "FUKUI+": [-0.017, -0.017, -0.012, -0.041, -0.039, -0.016, -0.043, -0.031, -0.012, -0.041, -0.039, -0.016, -0.043, -0.031, -0.026, -0.026, -0.057, -0.061, -0.056, -0.059, -0.042, -0.057, -0.062, -0.056, -0.059, -0.042], "FUKUI-": [-0.074, -0.074, -0.015, -0.025, -0.019, -0.04, -0.019, -0.019, -0.015, -0.025, -0.019, -0.04, -0.019, -0.019, -0.051, -0.051, -0.045, -0.052, -0.057, -0.05, -0.032, -0.045, -0.052, -0.057, -0.05, -0.031], "FUKUIrad": [-0.046, -0.046, -0.014, -0.033, -0.029, -0.028, -0.031, -0.025, -0.014, -0.033, -0.029, -0.028, -0.031, -0.025, -0.039, -0.039, -0.051, -0.057, -0.057, -0.055, -0.037, -0.051, -0.057, -0.057, -0.054, -0.037], "s proportion": [1.398, 1.398, 1.051, 1.055, 1.059, 1.053, 1.06, 1.053, 1.051, 1.055, 1.059, 1.053, 1.06, 1.053, 0.788, 0.788, 0.974, 0.972, 0.973, 0.972, 0.971, 0.974, 0.972, 0.973, 0.972, 0.971], "p proportion": [3.834, 3.834, 2.818, 3.024, 2.964, 2.998, 2.964, 3.019, 2.818, 3.024, 2.964, 2.998, 2.964, 3.019, 0.0, 0.0, 0.0, 0.0, 0.0, 0.0, 0.0, 0.0, 0.0, 0.0, 0.0, 0.0], "d proportion": [0.0, 0.0, 0.0, 0.0, 0.0, 0.0, 0.0, 0.0, 0.0, 0.0, 0.0, 0.0, 0.0, 0.0, 0.0, 0.0, 0.0, 0.0, 0.0, 0.0, 0.0, 0.0, 0.0, 0.0, 0.0, 0.0], "Fermi-level/eV": -7.7448, "Coordination numbers": [2.757, 2.757, 2.892, 2.918, 2.91, 2.912, 2.911, 2.916, 2.892, 2.918, 2.91, 2.912, 2.911, 2.916, 0.86, 0.86, 0.925, 0.925, 0.925, 0.925, 0.925, 0.925, 0.925, 0.925, 0.925, 0.925], "Dispersion coefficient C6": [23.661, 23.66, 26.717, 29.448, 28.736, 29.049, 28.773, 29.304, 26.717, 29.447, 28.736, 29.049, 28.773, 29.304, 1.381, 1.381, 2.707, 2.605, 2.663, 2.616, 2.693, 2.707, 2.605, 2.663, 2.616, 2.693], "Total dispersion C6": 8567.859891, "Total dispersion C8": 207732.592462, "Polarizability alpha": [7.224, 7.224, 8.475, 8.899, 8.79, 8.838, 8.796, 8.877, 8.475, 8.899, 8.79, 8.838, 8.796, 8.877, 1.841, 1.841, 2.573, 2.524, 2.552, 2.529, 2.566, 2.573, 2.524, 2.552, 2.529, 2.566], "Total polarizability alpha": 148.966288, "Wiberg matrix": [[0.0, 1.0370696897278684, 0.0, 0.0, 0.0, 0.0, 0.0, 0.0, 1.0986739168786062, 0.0, 0.0, 0.0, 0.0, 0.0, 0.9398879775686438, 0.0, 0.0, 0.0, 0.0, 0.0, 0.0, 0.0, 0.0, 0.0, 0.0, 0.0], [1.0370696897278684, 0.0, 1.0987183867882715, 0.0, 0.0, 0.0, 0.0, 0.0, 0.0, 0.0, 0.0, 0.0, 0.0, 0.0, 0.0, 0.9398820687818292, 0.0, 0.0, 0.0, 0.0, 0.0, 0.0, 0.0, 0.0, 0.0, 0.0], [0.0, 1.0987183867882715, 0.0, 1.3513455514220158, 0.0, 0.0, 0.0, 1.3638796315790191, 0.0, 0.0, 0.0, 0.0, 0.0, 0.0, 0.0, 0.0, 0.0, 0.0, 0.0, 0.0, 0.0, 0.0, 0.0, 0.0, 0.0, 0.0], [0.0, 0.0, 1.3513455514220158, 0.0, 1.4581181379409551, 0.0, 0.10866092548825558, 0.0, 0.0, 0.0, 0.0, 0.0, 0.0, 0.0, 0.0, 0.0, 0.9690662974292032, 0.0, 0.0, 0.0, 0.0, 0.0, 0.0, 0.0, 0.0, 0.0], [0.0, 0.0, 0.0, 1.4581181379409551, 0.0, 1.4268719803615557, 0.0, 0.10500805597238959, 0.0, 0.0, 0.0, 0.0, 0.0, 0.0, 0.0, 0.0, 0.0, 0.9715756487260246, 0.0, 0.0, 0.0, 0.0, 0.0, 0.0, 0.0, 0.0], [0.0, 0.0, 0.0, 0.0, 1.4268719803615557, 0.0, 1.4360637470002602, 0.0, 0.0, 0.0, 0.0, 0.0, 0.0, 0.0, 0.0, 0.0, 0.0, 0.0, 0.9716585869812788, 0.0, 0.0, 0.0, 0.0, 0.0, 0.0, 0.0], [0.0, 0.0, 0.0, 0.10866092548825558, 0.0, 1.4360637470002602, 0.0, 1.4462022967129984, 0.0, 0.0, 0.0, 0.0, 0.0, 0.0, 0.0, 0.0, 0.0, 0.0, 0.0, 0.971859191724567, 0.0, 0.0, 0.0, 0.0, 0.0, 0.0], [0.0, 0.0, 1.3638796315790191, 0.0, 0.10500805597238959, 0.0, 1.4462022967129984, 0.0, 0.0, 0.0, 0.0, 0.0, 0.0, 0.0, 0.0, 0.0, 0.0, 0.0, 0.0, 0.0, 0.9690577366137662, 0.0, 0.0, 0.0, 0.0, 0.0], [1.0986739168786062, 0.0, 0.0, 0.0, 0.0, 0.0, 0.0, 0.0, 0.0, 1.3514903310524942, 0.0, 0.0, 0.0, 1.363799576379078, 0.0, 0.0, 0.0, 0.0, 0.0, 0.0, 0.0, 0.0, 0.0, 0.0, 0.0, 0.0], [0.0, 0.0, 0.0, 0.0, 0.0, 0.0, 0.0, 0.0, 1.3514903310524942, 0.0, 1.4580080848568189, 0.0, 0.10864937744306935, 0.0, 0.0, 0.0, 0.0, 0.0, 0.0, 0.0, 0.0, 0.969055661137361, 0.0, 0.0, 0.0, 0.0], [0.0, 0.0, 0.0, 0.0, 0.0, 0.0, 0.0, 0.0, 0.0, 1.4580080848568189, 0.0, 1.426933331502392, 0.0, 0.10504715889587218, 0.0, 0.0, 0.0, 0.0, 0.0, 0.0, 0.0, 0.0, 0.9715747164382202, 0.0, 0.0, 0.0], [0.0, 0.0, 0.0, 0.0, 0.0, 0.0, 0.0, 0.0, 0.0, 0.0, 1.426933331502392, 0.0, 1.4360436031724797, 0.0, 0.0, 0.0, 0.0, 0.0, 0.0, 0.0, 0.0, 0.0, 0.0, 0.971653156325333, 0.0, 0.0], [0.0, 0.0, 0.0, 0.0, 0.0, 0.0, 0.0, 0.0, 0.0, 0.10864937744306935, 0.0, 1.4360436031724797, 0.0, 1.4462357485113482, 0.0, 0.0, 0.0, 0.0, 0.0, 0.0, 0.0, 0.0, 0.0, 0.0, 0.9718606111515224, 0.0], [0.0, 0.0, 0.0, 0.0, 0.0, 0.0, 0.0, 0.0, 1.363799576379078, 0.0, 0.10504715889587218, 0.0, 1.4462357485113482, 0.0, 0.0, 0.0, 0.0, 0.0, 0.0, 0.0, 0.0, 0.0, 0.0, 0.0, 0.0, 0.9690699021618925], [0.9398879775686438, 0.0, 0.0, 0.0, 0.0, 0.0, 0.0, 0.0, 0.0, 0.0, 0.0, 0.0, 0.0, 0.0, 0.0, 0.0, 0.0, 0.0, 0.0, 0.0, 0.0, 0.0, 0.0, 0.0, 0.0, 0.0], [0.0, 0.9398820687818292, 0.0, 0.0, 0.0, 0.0, 0.0, 0.0, 0.0, 0.0, 0.0, 0.0, 0.0, 0.0, 0.0, 0.0, 0.0, 0.0, 0.0, 0.0, 0.0, 0.0, 0.0, 0.0, 0.0, 0.0], [0.0, 0.0, 0.0, 0.9690662974292032, 0.0, 0.0, 0.0, 0.0, 0.0, 0.0, 0.0, 0.0, 0.0, 0.0, 0.0, 0.0, 0.0, 0.0, 0.0, 0.0, 0.0, 0.0, 0.0, 0.0, 0.0, 0.0], [0.0, 0.0, 0.0, 0.0, 0.9715756487260246, 0.0, 0.0, 0.0, 0.0, 0.0, 0.0, 0.0, 0.0, 0.0, 0.0, 0.0, 0.0, 0.0, 0.0, 0.0, 0.0, 0.0, 0.0, 0.0, 0.0, 0.0], [0.0, 0.0, 0.0, 0.0, 0.0, 0.9716585869812788, 0.0, 0.0, 0.0, 0.0, 0.0, 0.0, 0.0, 0.0, 0.0, 0.0, 0.0, 0.0, 0.0, 0.0, 0.0, 0.0, 0.0, 0.0, 0.0, 0.0], [0.0, 0.0, 0.0, 0.0, 0.0, 0.0, 0.971859191724567, 0.0, 0.0, 0.0, 0.0, 0.0, 0.0, 0.0, 0.0, 0.0, 0.0, 0.0, 0.0, 0.0, 0.0, 0.0, 0.0, 0.0, 0.0, 0.0], [0.0, 0.0, 0.0, 0.0, 0.0, 0.0, 0.0, 0.9690577366137662, 0.0, 0.0, 0.0, 0.0, 0.0, 0.0, 0.0, 0.0, 0.0, 0.0, 0.0, 0.0, 0.0, 0.0, 0.0, 0.0, 0.0, 0.0], [0.0, 0.0, 0.0, 0.0, 0.0, 0.0, 0.0, 0.0, 0.0, 0.969055661137361, 0.0, 0.0, 0.0, 0.0, 0.0, 0.0, 0.0, 0.0, 0.0, 0.0, 0.0, 0.0, 0.0, 0.0, 0.0, 0.0], [0.0, 0.0, 0.0, 0.0, 0.0, 0.0, 0.0, 0.0, 0.0, 0.0, 0.9715747164382202, 0.0, 0.0, 0.0, 0.0, 0.0, 0.0, 0.0, 0.0, 0.0, 0.0, 0.0, 0.0, 0.0, 0.0, 0.0], [0.0, 0.0, 0.0, 0.0, 0.0, 0.0, 0.0, 0.0, 0.0, 0.0, 0.0, 0.971653156325333, 0.0, 0.0, 0.0, 0.0, 0.0, 0.0, 0.0, 0.0, 0.0, 0.0, 0.0, 0.0, 0.0, 0.0], [0.0, 0.0, 0.0, 0.0, 0.0, 0.0, 0.0, 0.0, 0.0, 0.0, 0.0, 0.0, 0.9718606111515224, 0.0, 0.0, 0.0, 0.0, 0.0, 0.0, 0.0, 0.0, 0.0, 0.0, 0.0, 0.0, 0.0], [0.0, 0.0, 0.0, 0.0, 0.0, 0.0, 0.0, 0.0, 0.0, 0.0, 0.0, 0.0, 0.0, 0.9690699021618925, 0.0, 0.0, 0.0, 0.0, 0.0, 0.0, 0.0, 0.0, 0.0, 0.0, 0.0, 0.0]], "Born radii": [], "Atomic SASAs": [], "Solvent H bonds": [], "Total SASA": NaN, "Total FOD": 0.0, "FOD": [0.0, 0.0, 0.0, 0.0, 0.0, 0.0, 0.0, 0.0, 0.0, 0.0, 0.0, 0.0, 0.0, 0.0, 0.0, 0.0, 0.0, 0.0, 0.0, 0.0, 0.0, 0.0, 0.0, 0.0, 0.0, 0.0], "FOD s proportion": [0.0, 0.0, 0.0, 0.0, 0.0, 0.0, 0.0, 0.0, 0.0, 0.0, 0.0, 0.0, 0.0, 0.0, 0.0, 0.0, 0.0, 0.0, 0.0, 0.0, 0.0, 0.0, 0.0, 0.0, 0.0, 0.0], "FOD p proportion": [0.0, 0.0, 0.0, 0.0, 0.0, 0.0, 0.0, 0.0, 0.0, 0.0, 0.0, 0.0, 0.0, 0.0, 0.0, 0.0, 0.0, 0.0, 0.0, 0.0, 0.0, 0.0, 0.0, 0.0, 0.0, 0.0], "FOD d proportion": [0.0, 0.0, 0.0, 0.0, 0.0, 0.0, 0.0, 0.0, 0.0, 0.0, 0.0, 0.0, 0.0, 0.0, 0.0, 0.0, 0.0, 0.0, 0.0, 0.0, 0.0, 0.0, 0.0, 0.0, 0.0, 0.0], "coordinates": [["0.35060", "-0.91310", "1.19070"], ["-0.49700", "0.12910", "1.42810"], ["-1.54970", "0.51250", "0.56800"], ["-2.29580", "1.65980", "0.87260"], ["-3.38330", "2.04160", "0.08200"], ["-3.75160", "1.26800", "-1.01550"], ["-3.03830", "0.11030", "-1.31570"], ["-1.95220", "-0.26940", "-0.52160"], ["1.48830", "-0.84150", "0.35670"], ["2.23120", "-2.00560", "0.11510"], ["3.39700", "-1.96820", "-0.65500"], ["3.84660", "-0.75910", "-1.17890"], ["3.13570", "0.41110", "-0.92520"], ["1.97100", "0.37010", "-0.15300"], ["-0.08410", "-1.83540", "1.19910"], ["-0.08820", "0.91250", "1.93700"], ["-2.03640", "2.26670", "1.73600"], ["-3.94520", "2.93830", "0.32880"], ["-4.59730", "1.56200", "-1.63130"], ["-3.32590", "-0.50200", "-2.16620"], ["-1.41270", "-1.17740", "-0.77410"], ["1.90760", "-2.95620", "0.53090"], ["3.95570", "-2.88200", "-0.83840"], ["4.75320", "-0.72690", "-1.77720"], ["3.48600", "1.35910", "-1.32460"], ["1.43480", "1.29580", "0.03310"]], "bond_dist": [[0.0, 1.3641720419360601, 2.455856416812677, 3.704650453146693, 4.888913681995215, 5.143205273951255, 4.337514464529196, 2.9409537262595613, 1.4124602118289917, 2.426340448082255, 3.7148886201338525, 4.22619641758402, 3.7399626281555274, 2.4653251489408046, 1.0196430453840204, 2.0204763027563577, 4.013259165566062, 5.833528195697694, 6.21059726757419, 4.995441228760479, 2.6532094564885, 2.652139259164194, 4.581545594010825, 5.312813530512811, 4.617397545154629, 2.719332015403783], [1.3641720419360601, 0.0, 1.412425169699266, 2.426376759697471, 3.7148848097888583, 4.2261915869965, 3.7399194603627497, 2.465307157333544, 2.4558864814970582, 3.7045901703157393, 4.888886263761921, 5.1431711229551755, 4.337517052416048, 2.940915199389469, 2.0204424416448985, 1.0197118269393564, 2.652147908771304, 4.581500667903476, 5.312776191408782, 4.617353669581744, 2.719399488857788, 4.013246203511566, 5.833548041286709, 6.210578405430527, 4.995452561079927, 2.65312365524112], [2.455856416812677, 1.412425169699266, 0.0, 1.4020498065332772, 2.436479380171316, 2.8154246766695783, 2.4343419008019396, 1.4002149906353665, 3.332777773869719, 4.565210929409505, 5.6674017309522, 5.812803098333884, 4.918627995691481, 3.596588279189043, 2.8388210545929096, 2.042092860278396, 2.1629421004733347, 3.417622350406785, 3.9020810473387146, 3.414666357054522, 2.1623513636779754, 4.897568722335604, 6.618913836121452, 6.83832024769241, 5.445818653793018, 3.131599774875455], [3.704650453146693, 2.426376759697471, 1.4020498065332772, 0.0, 1.3976680042127319, 2.41615034507375, 2.782249699433895, 2.404925620471452, 4.565311304829058, 5.873899250923528, 6.921265606809206, 6.912944902138307, 5.855982307008791, 4.573922134230096, 4.149053166687551, 2.562206551002475, 1.0867729891748323, 2.1565715963074354, 3.4023495264302284, 3.8689521436688774, 3.397232747398977, 6.252422446540221, 7.914336389742352, 7.899758093131712, 6.19252126116657, 3.841175941036807], [4.888913681995215, 3.7148848097888583, 2.436479380171316, 1.3976680042127319, 0.0, 1.3923390750819284, 2.4088399656266084, 2.7844391122809635, 5.667469652322807, 6.921237873386523, 7.911645412302046, 7.855268506550238, 6.79487623801935, 5.614059648774673, 5.211886611391311, 3.9463370129779842, 2.144883591246854, 1.0866060647723257, 2.15388232036943, 3.395231797683333, 3.870159243493735, 7.291991419358638, 8.885375294268668, 8.793398042850102, 7.044970709662319, 4.875725224005143], [5.143205273951255, 4.2261915869965, 2.8154246766695783, 2.41615034507375, 1.3923390750819284, 0.0, 1.3925466670815738, 2.4177213094151275, 5.812871502106338, 6.912930576824853, 7.855280558325082, 7.865651734598983, 6.940989337983455, 5.8564734627589665, 5.290189124218529, 4.718488747469893, 3.3926486673394285, 2.1527948206923946, 1.0866711232014954, 2.1536552602494208, 3.392448721793743, 7.2292297819338955, 8.755360512280463, 8.768776193973705, 7.244770236522343, 5.291415666908053], [4.337514464529196, 3.7399194603627497, 2.4343419008019396, 2.782249699433895, 2.4088399656266084, 1.3925466670815738, 0.0, 1.397991455624819, 4.918633200392158, 5.855924495756414, 6.794834275388915, 6.940923469539194, 6.193645686508068, 5.1490245503396075, 4.340191835622016, 4.463930122660972, 3.8686867875288122, 3.3947653615529894, 2.1534895518669224, 1.0867268746101753, 2.1433798566749664, 6.10534852567812, 7.62218542020594, 7.8499272824657425, 6.642745753075305, 4.820092872549242], [2.9409537262595613, 2.465307157333544, 1.4002149906353665, 2.404925620471452, 2.7844391122809635, 2.4177213094151275, 1.397991455624819, 0.0, 3.5966303048826136, 4.573905649442279, 5.614058927371532, 5.856443529993268, 5.149048418882852, 3.9920326213597, 2.9837831858229915, 3.3039518110892594, 3.396417319765049, 3.8709906290250817, 3.403235821978841, 2.1554265494328497, 1.0859468219024355, 4.81920185611684, 6.4675593085800145, 6.837267492938972, 5.733309732606465, 3.7721760470582493], [1.4124602118289917, 2.4558864814970582, 3.332777773869719, 4.565311304829058, 5.667469652322807, 5.812871502106338, 4.918633200392158, 3.5966303048826136, 0.0, 1.4019271664391126, 2.4364165222720024, 2.8153926919703403, 2.4343790029492123, 1.4002742374263693, 2.042037396817208, 2.8388758937297696, 4.89764084228315, 6.618956768252834, 6.838383113719206, 5.445806303937003, 3.131667040092225, 2.1628948703069226, 3.4175966731023135, 3.9020807756887863, 3.414705747205753, 2.1623206283990357], [2.426340448082255, 3.7045901703157393, 4.565210929409505, 5.873899250923528, 6.921237873386523, 6.912930576824853, 5.855924495756414, 4.573905649442279, 1.4019271664391126, 0.0, 1.3976918151008826, 2.416136463447377, 2.782226308192775, 2.404897532120651, 2.5621549777482233, 4.14900513135378, 6.2523814550937304, 7.9142739313218105, 7.899752842336271, 6.192455333710531, 3.841171577787173, 1.0868518574304413, 2.156650055062249, 3.4024045879348326, 3.868910081663827, 3.397089772143209], [3.7148886201338525, 4.888886263761921, 5.6674017309522, 6.921265606809206, 7.911645412302046, 7.855280558325082, 6.794834275388915, 5.614058927371532, 2.4364165222720024, 1.3976918151008826, 0.0, 1.3923125295708574, 2.4088076344947096, 2.78444373080154, 3.9463121848125495, 5.211862961552232, 7.291988382464689, 8.885353427410752, 8.793424032764483, 7.044916769558033, 4.875732102976946, 2.144951088020424, 1.0866515954987601, 2.1539352288311733, 3.395174583140019, 3.8700654322633876], [4.22619641758402, 5.1431711229551755, 5.812803098333884, 6.912944902138307, 7.855268506550238, 7.865651734598983, 6.940923469539194, 5.856443529993268, 2.8153926919703403, 2.416136463447377, 1.3923125295708574, 0.0, 1.3925194935798924, 2.4177342306382643, 4.718443406463619, 5.290154100780052, 7.229232092691451, 8.755345412375231, 8.768786585383406, 7.244695849378356, 5.291415162317166, 3.3926958970706464, 2.152799914065402, 1.086702944690958, 2.1536090847690996, 3.3923940292955357], [3.7399626281555274, 4.337517052416048, 4.918627995691481, 5.855982307008791, 6.79487623801935, 6.940989337983455, 6.193645686508068, 5.149048418882852, 2.4343790029492123, 2.782226308192775, 2.4088076344947096, 1.3925194935798924, 0.0, 1.3980343093071785, 4.4639136169957405, 4.340175343232114, 6.105395581778465, 7.622230687272591, 7.8499959885340065, 6.6427484650557105, 4.820176969780259, 3.86874218706804, 3.394766832935658, 2.153428487319697, 1.0867080794767288, 2.1433837243946776], [2.4653251489408046, 2.940915199389469, 3.596588279189043, 4.573922134230096, 5.614059648774673, 5.8564734627589665, 5.1490245503396075, 3.9920326213597, 1.4002742374263693, 2.404897532120651, 2.78444373080154, 2.4177342306382643, 1.3980343093071785, 0.0, 3.3039129331748436, 2.983722909386862, 4.819197788014102, 6.467550148240059, 6.837291963197125, 5.733295933405148, 3.7722602176944267, 3.396470294290824, 3.871041418016604, 3.403244258057302, 2.1554564620979937, 1.0858471991951724], [1.0196430453840204, 2.0204424416448985, 2.8388210545929096, 4.149053166687551, 5.211886611391311, 5.290189124218529, 4.340191835622016, 2.9837831858229915, 2.042037396817208, 2.5621549777482233, 3.9463121848125495, 4.718443406463619, 4.4639136169957405, 3.3039129331748436, 0.0, 2.8452535264893357, 4.5745995791981615, 6.2011069165109545, 6.318422679751649, 4.859266085531847, 2.4681288864238837, 2.3810822686333206, 4.644002783160235, 5.786761203816864, 5.414748927697387, 3.670289722896545], [2.0204763027563577, 1.0197118269393564, 2.042092860278396, 2.562206551002475, 3.9463370129779842, 4.718488747469893, 4.463930122660972, 3.3039518110892594, 2.8388758937297696, 4.14900513135378, 5.211862961552232, 5.290154100780052, 4.340175343232114, 2.983722909386862, 2.8452535264893357, 0.0, 2.3811219792358393, 4.643987713162041, 5.786760574794847, 5.414772551086518, 3.670428513130313, 4.5746228850037465, 6.201145266803545, 6.3183912477781865, 4.859258354934424, 2.4680524913380593], [4.013259165566062, 2.652147908771304, 2.1629421004733347, 1.0867729891748323, 2.144883591246854, 3.3926486673394285, 3.8686867875288122, 3.396417319765049, 4.89764084228315, 6.2523814550937304, 7.291988382464689, 7.229232092691451, 6.105395581778465, 4.819197788014102, 4.5745995791981615, 2.3811219792358393, 0.0, 2.4647060352098786, 4.2887667446481625, 4.9553682789475895, 4.307136927240647, 6.654779216472925, 8.309146133027147, 8.209925904659555, 6.378707696704717, 3.986445115638744], [5.833528195697694, 4.581500667903476, 3.417622350406785, 2.1565715963074354, 1.0866060647723257, 2.1527948206923946, 3.3947653615529894, 3.8709906290250817, 6.618956768252834, 7.9142739313218105, 8.885353427410752, 8.755345412375231, 7.622230687272591, 6.467550148240059, 6.2011069165109545, 4.643987713162041, 2.4647060352098786, 0.0, 2.48222241348353, 4.294673629043306, 4.956705675143522, 8.309105998842476, 9.882432329138409, 9.671147274237942, 7.774981520235274, 5.632907307953859], [6.21059726757419, 5.312776191408782, 3.9020810473387146, 3.4023495264302284, 2.15388232036943, 1.0866711232014954, 2.1534895518669224, 3.403235821978841, 6.838383113719206, 7.899752842336271, 8.793424032764483, 8.768786585383406, 7.8499959885340065, 6.837291963197125, 6.318422679751649, 5.786760574794847, 4.2887667446481625, 2.48222241348353, 0.0, 2.482472954535457, 4.28728134836052, 8.209930821267617, 9.671175492668924, 9.627678862010304, 8.091660657121007, 6.263171737227073], [4.995441228760479, 4.617353669581744, 3.414666357054522, 3.8689521436688774, 3.395231797683333, 2.1536552602494208, 1.0867268746101753, 2.1554265494328497, 5.445806303937003, 6.192455333710531, 7.044916769558033, 7.244695849378356, 6.6427484650557105, 5.733295933405148, 4.859266085531847, 5.414772551086518, 4.9553682789475895, 4.294673629043306, 2.482472954535457, 0.0, 2.4605775358642936, 6.37863373301838, 7.77490523414916, 8.09158561840632, 7.111537483554453, 5.543759538435988], [2.6532094564885, 2.719399488857788, 2.1623513636779754, 3.397232747398977, 3.870159243493735, 3.392448721793743, 2.1433798566749664, 1.0859468219024355, 3.131667040092225, 3.841171577787173, 4.875732102976946, 5.291415162317166, 4.820176969780259, 3.7722602176944267, 2.4681288864238837, 3.670428513130313, 4.307136927240647, 4.956705675143522, 4.28728134836052, 2.4605775358642936, 0.0, 3.986420265100006, 5.632895721562756, 6.263184706680779, 5.543838398618776, 3.857012617298523], [2.652139259164194, 4.013246203511566, 4.897568722335604, 6.252422446540221, 7.291991419358638, 7.2292297819338955, 6.10534852567812, 4.81920185611684, 2.1628948703069226, 1.0868518574304413, 2.144951088020424, 3.3926958970706464, 3.86874218706804, 3.396470294290824, 2.3810822686333206, 4.5746228850037465, 6.654779216472925, 8.309105998842476, 8.209930821267617, 6.37863373301838, 3.986420265100006, 0.0, 2.464792433451547, 4.288886039521218, 4.955405220564712, 4.307069616340093], [4.581545594010825, 5.833548041286709, 6.618913836121452, 7.914336389742352, 8.885375294268668, 8.755360512280463, 7.62218542020594, 6.4675593085800145, 3.4175966731023135, 2.156650055062249, 1.0866515954987601, 2.152799914065402, 3.394766832935658, 3.871041418016604, 4.644002783160235, 6.201145266803545, 8.309146133027147, 9.882432329138409, 9.671175492668924, 7.77490523414916, 5.632895721562756, 2.464792433451547, 0.0, 2.4822988740278635, 4.294640583331741, 4.956658340051289], [5.312813530512811, 6.210578405430527, 6.83832024769241, 7.899758093131712, 8.793398042850102, 8.768776193973705, 7.8499272824657425, 6.837267492938972, 3.9020807756887863, 3.4024045879348326, 2.1539352288311733, 1.086702944690958, 2.153428487319697, 3.403244258057302, 5.786761203816864, 6.3183912477781865, 8.209925904659555, 9.671147274237942, 9.627678862010304, 8.09158561840632, 6.263184706680779, 4.288886039521218, 2.4822988740278635, 0.0, 2.482345382899003, 4.287222870343925], [4.617397545154629, 4.995452561079927, 5.445818653793018, 6.19252126116657, 7.044970709662319, 7.244770236522343, 6.642745753075305, 5.733309732606465, 3.414705747205753, 3.868910081663827, 3.395174583140019, 2.1536090847690996, 1.0867080794767288, 2.1554564620979937, 5.414748927697387, 4.859258354934424, 6.378707696704717, 7.774981520235274, 8.091660657121007, 7.111537483554453, 5.543838398618776, 4.955405220564712, 4.294640583331741, 2.482345382899003, 0.0, 2.460645772962862], [2.719332015403783, 2.65312365524112, 3.131599774875455, 3.841175941036807, 4.875725224005143, 5.291415666908053, 4.820092872549242, 3.7721760470582493, 2.1623206283990357, 3.397089772143209, 3.8700654322633876, 3.3923940292955357, 2.1433837243946776, 1.0858471991951724, 3.670289722896545, 2.4680524913380593, 3.986445115638744, 5.632907307953859, 6.263171737227073, 5.543759538435988, 3.857012617298523, 4.307069616340093, 4.956658340051289, 4.287222870343925, 2.460645772962862, 0.0]]}