{"total energy": -28.10518701, "HOMO-LUMO gap/eV": 10.79741432, "electronic energy": -28.40343704, "dipole": [-0.73150709, -0.77188734, -0.27410987], "partial charges": [-0.10006493, -0.05126245, -0.05976542, 0.08619889, -0.33077988, 0.07175527, 0.07198945, -0.44372422, 0.03525555, 0.03342885, 0.03174009, 0.03099578, 0.04499535, 0.04325879, 0.03727988, 0.01813622, 0.02385971, 0.02357988, 0.03574068, 0.05136535, 0.04036156, 0.30565557], "atomic dipole moments": [[0.0362255, 0.03889269, 0.09116278], [0.0215188, -0.11914969, -0.01865625], [0.05654895, 0.00643465, -0.11085945], [0.08220311, 0.18444522, -0.01806956], [0.05397843, -0.27143222, -0.05332045], [-0.13556297, 0.12563478, 0.07091556], [-0.02174219, -0.0038393, 0.19348645], [-0.16214051, -0.09727241, -0.1511818], [0.09298506, -0.0307698, -0.07994466], [-0.0695806, 0.08556823, -0.05837252], [-0.07275333, -0.10075107, 0.0185662], [-0.09353359, 0.04312482, 0.06261994], [0.07053885, 0.10294275, -0.0247263], [0.02886149, 0.05793086, 0.10498142], [-0.07678825, -0.0919995, 0.03342366], [0.05285358, -0.07060235, 0.07652285], [-0.02507667, -0.06194686, -0.0996605], [-0.02920054, -0.05476506, -0.10370477], [0.05377306, -0.07436366, 0.08137303], [0.11057675, -0.03324153, -0.05685796], [-0.05372662, 0.08905436, -0.0629315], [-0.07633222, 0.00178559, 0.02836014]], "atomic quadrupole moments": [[-0.0774281, 0.03661112, -0.05623225, 0.10911092, 0.11264444, 0.13366036], [-0.10720618, -0.07827794, -0.02579924, 0.1836671, -0.01019189, 0.13300541], [0.08803453, -0.1996657, -0.04231223, -0.05310514, -0.05919647, -0.0457223], [0.14717932, 0.22328815, 0.10257574, -0.21575687, -0.06953331, -0.24975506], [0.07031785, 0.02031809, 0.04790167, -0.11105135, 0.008525, -0.11821952], [0.25234159, -0.01898181, -0.03175607, -0.29182969, 0.07519881, -0.22058552], [-0.20071156, 0.23194171, -0.00625785, 0.06890139, 0.2230772, 0.20696941], [-0.05301446, 0.04338293, -0.05751662, 0.05520777, 0.11619693, 0.11053108], [0.0463049, -0.02074824, -0.03980485, -0.04482204, 0.02458843, -0.00650005], [-0.01373478, -0.05314971, 0.02549626, 0.03438166, -0.0287052, -0.01176148], [-0.01330069, 0.05940698, 0.03454864, -0.01666667, -0.02252593, -0.02124795], [0.03102236, -0.02614496, -0.04124352, -0.02967741, 0.00914536, 0.01022116], [0.00986099, 0.04546628, 0.00030193, -0.00458901, -0.01828436, -0.01016292], [-0.01807248, -0.00694789, -0.00548804, 0.03573532, 0.03748395, 0.02356052], [0.01682683, 0.03875998, 0.03132738, -0.0070619, -0.01326482, -0.04815421], [-0.00470996, -0.01021779, -0.00031796, 0.01912978, -0.03799351, 0.00502792], [-0.01151441, 0.02467405, -0.01808832, 0.01429156, 0.02181103, 0.02960274], [-0.01010749, 0.00450807, -0.02184104, 0.00961119, 0.03852887, 0.03194854], [0.00944183, -0.03041508, -0.01298815, 0.01088777, -0.02905326, 0.00354632], [0.03904218, -0.02274617, -0.02352048, -0.02510791, 0.01860106, -0.0155217], [-0.01812108, -0.02372915, 0.00338264, 0.04047153, -0.00653973, 0.01473843], [0.07119162, -0.0167342, -0.07275565, -0.07863341, 0.03245313, 0.00156402]], "number of molecular orbitals": 46, "number of electrons": 50, "number of unpaired electrons": 0, "orbital energies/eV": [-19.06435668, -18.50902873, -17.70437288, -17.0617835, -16.69812216, -16.42539151, -16.12788128, -15.44937349, -15.25594474, -15.11735428, -14.90504332, -14.44274751, -14.03643115, -13.83784713, -13.62418078, -13.35730235, -13.01111108, -12.85179735, -12.71016471, -12.28018081, -11.94002763, -11.85966074, -11.64774866, -11.14743278, -11.05957094, -0.26215662, 1.50440482, 1.93210649, 2.17667227, 2.8172076, 3.11302205, 3.55217862, 3.6850044, 3.99924256, 4.03021482, 4.1217845, 4.46691536, 4.80774758, 5.06205507, 5.74732573, 6.22317432, 6.30949432, 6.94522691, 7.06538398, 7.37531465, 7.85025012], "fractional occupation": [2.0, 2.0, 2.0, 2.0, 2.0, 2.0, 2.0, 2.0, 2.0, 2.0, 2.0, 2.0, 2.0, 2.0, 2.0, 2.0, 2.0, 2.0, 2.0, 2.0, 2.0, 2.0, 2.0, 2.0, 2.0, 0.0, 0.0, 0.0, 0.0, 0.0, 0.0, 0.0, 0.0, 0.0, 0.0, 0.0, 0.0, 0.0, 0.0, 0.0, 0.0, 0.0, 0.0, 0.0, 0.0, 0.0], "program call": "xtb /home/svss/Project-DBcg-Debug/aqme2_20220329/End-to-End-workflows-final/example-3/QDESCP/mol_654_rdkit_conf_7/mol_654_rdkit_conf_7.xyz --pop --wbo --acc 0.2 --gfn 2 --chrg 0 --uhf 0 --etemp 300 --input /home/svss/Project-DBcg-Debug/aqme2_20220329/End-to-End-workflows-final/example-3/QDESCP/mol_654_rdkit_conf_7/mol_654_rdkit_conf_7_xtb.inp", "method": "GFN2-xTB", "xtb version": "6.3.3 (7355c4f)", "Dipole module/D": 2.791, "Total charge": 0, "Transition dipole module/D": NaN, "HOMO": -11.0596, "LUMO": -0.2622, "HOMO occupancy": 2.0, "LUMO occupancy": 0, "mulliken charges": [-0.08667, -0.03408, -0.05234, 0.19695, -0.47977, 0.17519, 0.19034, -0.5682, 0.02876, 0.02935, 0.0233, 0.02158, 0.03541, 0.03562, 0.02292, 0.01336, 0.0118, 0.01339, 0.02397, 0.02708, 0.02492, 0.34712], "cm5 charges": [-0.23686, -0.14532, -0.15952, 0.11337, -0.58501, 0.09314, 0.10616, -0.77702, 0.08112, 0.08016, 0.07477, 0.07587, 0.09252, 0.09232, 0.07792, 0.07603, 0.07526, 0.076, 0.08895, 0.08936, 0.08955, 0.52125], "FUKUI+": [0.015, 0.009, 0.01, -0.021, -0.152, -0.017, 0.001, -0.081, -0.0, -0.034, -0.022, -0.04, -0.012, -0.044, -0.084, -0.073, -0.072, -0.093, -0.076, -0.096, -0.064, -0.053], "FUKUI-": [0.018, 0.005, 0.013, 0.02, -0.084, 0.019, 0.015, -0.115, -0.056, -0.052, -0.073, -0.08, -0.069, -0.049, -0.052, -0.075, -0.072, -0.06, -0.072, -0.064, -0.083, -0.035], "FUKUIrad": [0.016, 0.007, 0.011, -0.001, -0.118, 0.001, 0.008, -0.098, -0.028, -0.043, -0.048, -0.06, -0.04, -0.046, -0.068, -0.074, -0.072, -0.076, -0.074, -0.08, -0.074, -0.044], "s proportion": [1.007, 1.025, 1.032, 0.994, 1.699, 1.003, 0.994, 1.703, 0.971, 0.971, 0.977, 0.978, 0.965, 0.964, 0.977, 0.987, 0.988, 0.987, 0.976, 0.973, 0.975, 0.653], "p proportion": [3.079, 3.009, 3.02, 2.809, 4.78, 2.821, 2.815, 4.865, 0.0, 0.0, 0.0, 0.0, 0.0, 0.0, 0.0, 0.0, 0.0, 0.0, 0.0, 0.0, 0.0, 0.0], "d proportion": [0.0, 0.0, 0.0, 0.0, 0.0, 0.0, 0.0, 0.0, 0.0, 0.0, 0.0, 0.0, 0.0, 0.0, 0.0, 0.0, 0.0, 0.0, 0.0, 0.0, 0.0, 0.0], "Fermi-level/eV": -5.6609, "Coordination numbers": [3.749, 3.799, 3.799, 3.698, 1.697, 3.697, 3.672, 1.652, 0.924, 0.924, 0.924, 0.924, 0.924, 0.924, 0.924, 0.924, 0.924, 0.924, 0.924, 0.924, 0.924, 0.803], "Dispersion coefficient C6": [22.476, 21.496, 21.652, 19.305, 19.541, 19.541, 19.605, 21.718, 2.513, 2.538, 2.562, 2.572, 2.384, 2.406, 2.486, 2.762, 2.676, 2.68, 2.506, 2.303, 2.444, 0.704], "Total dispersion C6": 3330.268709, "Total dispersion C8": 68458.465493, "Polarizability alpha": [6.762, 6.602, 6.625, 6.284, 5.968, 6.323, 6.346, 6.291, 2.479, 2.492, 2.503, 2.508, 2.414, 2.426, 2.465, 2.599, 2.558, 2.56, 2.476, 2.373, 2.445, 1.319], "Total polarizability alpha": 84.818117, "Wiberg matrix": [[0.0, 1.0215014594740606, 0.0, 0.0, 0.0, 0.0, 0.0, 0.0, 0.986132086622267, 0.9871162494693415, 0.9874298195635665, 0.0, 0.0, 0.0, 0.0, 0.0, 0.0, 0.0, 0.0, 0.0, 0.0, 0.0], [1.0215014594740606, 0.0, 1.0070217577679048, 0.0, 0.0, 0.0, 0.0, 0.0, 0.0, 0.0, 0.0, 0.9778096013445264, 0.9769815844985134, 0.0, 0.0, 0.0, 0.0, 0.0, 0.0, 0.0, 0.0, 0.0], [0.0, 1.0070217577679048, 0.0, 1.0036447274130993, 0.0, 0.0, 0.0, 0.0, 0.0, 0.0, 0.0, 0.0, 0.0, 0.9766012651285383, 0.9749789538855483, 0.0, 0.0, 0.0, 0.0, 0.0, 0.0, 0.0], [0.0, 0.0, 1.0036447274130993, 0.0, 0.9745725712045761, 0.0, 0.0, 0.0, 0.0, 0.0, 0.0, 0.0, 0.0, 0.0, 0.0, 0.9692930680984343, 0.9675576587605725, 0.0, 0.0, 0.0, 0.0, 0.0], [0.0, 0.0, 0.0, 0.9745725712045761, 0.0, 0.9778266422564529, 0.0, 0.0, 0.0, 0.0, 0.0, 0.0, 0.0, 0.0, 0.0, 0.0, 0.0, 0.0, 0.0, 0.0, 0.0, 0.0], [0.0, 0.0, 0.0, 0.0, 0.9778266422564529, 0.0, 0.9986366934725459, 0.0, 0.0, 0.0, 0.0, 0.0, 0.0, 0.0, 0.0, 0.0, 0.0, 0.9687189592224614, 0.9685795798816458, 0.0, 0.0, 0.0], [0.0, 0.0, 0.0, 0.0, 0.0, 0.9986366934725459, 0.0, 1.0026517594334363, 0.0, 0.0, 0.0, 0.0, 0.0, 0.0, 0.0, 0.0, 0.0, 0.0, 0.0, 0.9727653904482195, 0.9707110753059642, 0.0], [0.0, 0.0, 0.0, 0.0, 0.0, 0.0, 1.0026517594334363, 0.0, 0.0, 0.0, 0.0, 0.0, 0.0, 0.0, 0.0, 0.0, 0.0, 0.0, 0.0, 0.0, 0.0, 0.8892140994685729], [0.986132086622267, 0.0, 0.0, 0.0, 0.0, 0.0, 0.0, 0.0, 0.0, 0.0, 0.0, 0.0, 0.0, 0.0, 0.0, 0.0, 0.0, 0.0, 0.0, 0.0, 0.0, 0.0], [0.9871162494693415, 0.0, 0.0, 0.0, 0.0, 0.0, 0.0, 0.0, 0.0, 0.0, 0.0, 0.0, 0.0, 0.0, 0.0, 0.0, 0.0, 0.0, 0.0, 0.0, 0.0, 0.0], [0.9874298195635665, 0.0, 0.0, 0.0, 0.0, 0.0, 0.0, 0.0, 0.0, 0.0, 0.0, 0.0, 0.0, 0.0, 0.0, 0.0, 0.0, 0.0, 0.0, 0.0, 0.0, 0.0], [0.0, 0.9778096013445264, 0.0, 0.0, 0.0, 0.0, 0.0, 0.0, 0.0, 0.0, 0.0, 0.0, 0.0, 0.0, 0.0, 0.0, 0.0, 0.0, 0.0, 0.0, 0.0, 0.0], [0.0, 0.9769815844985134, 0.0, 0.0, 0.0, 0.0, 0.0, 0.0, 0.0, 0.0, 0.0, 0.0, 0.0, 0.0, 0.0, 0.0, 0.0, 0.0, 0.0, 0.0, 0.0, 0.0], [0.0, 0.0, 0.9766012651285383, 0.0, 0.0, 0.0, 0.0, 0.0, 0.0, 0.0, 0.0, 0.0, 0.0, 0.0, 0.0, 0.0, 0.0, 0.0, 0.0, 0.0, 0.0, 0.0], [0.0, 0.0, 0.9749789538855483, 0.0, 0.0, 0.0, 0.0, 0.0, 0.0, 0.0, 0.0, 0.0, 0.0, 0.0, 0.0, 0.0, 0.0, 0.0, 0.0, 0.0, 0.0, 0.0], [0.0, 0.0, 0.0, 0.9692930680984343, 0.0, 0.0, 0.0, 0.0, 0.0, 0.0, 0.0, 0.0, 0.0, 0.0, 0.0, 0.0, 0.0, 0.0, 0.0, 0.0, 0.0, 0.0], [0.0, 0.0, 0.0, 0.9675576587605725, 0.0, 0.0, 0.0, 0.0, 0.0, 0.0, 0.0, 0.0, 0.0, 0.0, 0.0, 0.0, 0.0, 0.0, 0.0, 0.0, 0.0, 0.0], [0.0, 0.0, 0.0, 0.0, 0.0, 0.9687189592224614, 0.0, 0.0, 0.0, 0.0, 0.0, 0.0, 0.0, 0.0, 0.0, 0.0, 0.0, 0.0, 0.0, 0.0, 0.0, 0.0], [0.0, 0.0, 0.0, 0.0, 0.0, 0.9685795798816458, 0.0, 0.0, 0.0, 0.0, 0.0, 0.0, 0.0, 0.0, 0.0, 0.0, 0.0, 0.0, 0.0, 0.0, 0.0, 0.0], [0.0, 0.0, 0.0, 0.0, 0.0, 0.0, 0.9727653904482195, 0.0, 0.0, 0.0, 0.0, 0.0, 0.0, 0.0, 0.0, 0.0, 0.0, 0.0, 0.0, 0.0, 0.0, 0.0], [0.0, 0.0, 0.0, 0.0, 0.0, 0.0, 0.9707110753059642, 0.0, 0.0, 0.0, 0.0, 0.0, 0.0, 0.0, 0.0, 0.0, 0.0, 0.0, 0.0, 0.0, 0.0, 0.0], [0.0, 0.0, 0.0, 0.0, 0.0, 0.0, 0.0, 0.8892140994685729, 0.0, 0.0, 0.0, 0.0, 0.0, 0.0, 0.0, 0.0, 0.0, 0.0, 0.0, 0.0, 0.0, 0.0]], "Born radii": [], "Atomic SASAs": [], "Solvent H bonds": [], "Total SASA": NaN, "Total FOD": 0.0, "FOD": [0.0, 0.0, 0.0, 0.0, 0.0, 0.0, 0.0, 0.0, 0.0, 0.0, 0.0, 0.0, 0.0, 0.0, 0.0, 0.0, 0.0, 0.0, 0.0, 0.0, 0.0, 0.0], "FOD s proportion": [0.0, 0.0, 0.0, 0.0, 0.0, 0.0, 0.0, 0.0, 0.0, 0.0, 0.0, 0.0, 0.0, 0.0, 0.0, 0.0, 0.0, 0.0, 0.0, 0.0, 0.0, 0.0], "FOD p proportion": [0.0, 0.0, 0.0, 0.0, 0.0, 0.0, 0.0, 0.0, 0.0, 0.0, 0.0, 0.0, 0.0, 0.0, 0.0, 0.0, 0.0, 0.0, 0.0, 0.0, 0.0, 0.0], "FOD d proportion": [0.0, 0.0, 0.0, 0.0, 0.0, 0.0, 0.0, 0.0, 0.0, 0.0, 0.0, 0.0, 0.0, 0.0, 0.0, 0.0, 0.0, 0.0, 0.0, 0.0, 0.0, 0.0], "coordinates": [["-2.62050", "0.00040", "-0.96860"], ["-2.09370", "0.57190", "0.33840"], ["-1.34250", "-0.45330", "1.19330"], ["-0.07900", "-1.01220", "0.54450"], ["0.81000", "0.06030", "0.23820"], ["2.01250", "-0.41250", "-0.38230"], ["2.89870", "0.79510", "-0.66660"], ["3.21130", "1.45970", "0.55680"], ["-1.80440", "-0.28190", "-1.64020"], ["-3.23120", "0.74730", "-1.48600"], ["-3.24370", "-0.88140", "-0.78950"], ["-2.94230", "0.95140", "0.92040"], ["-1.45030", "1.43340", "0.12580"], ["-1.06340", "0.04090", "2.13230"], ["-2.01290", "-1.28130", "1.45130"], ["0.41130", "-1.69900", "1.24420"], ["-0.32320", "-1.56700", "-0.36780"], ["1.77110", "-0.93300", "-1.31490"], ["2.52000", "-1.09640", "0.30690"], ["3.83370", "0.49180", "-1.14520"], ["2.38340", "1.51460", "-1.31060"], ["2.35510", "1.55130", "1.01980"]], "bond_dist": [[0.0, 1.5206510086144025, 2.5520461006807853, 3.126348128407967, 3.637070868157507, 4.688168416343423, 5.5842923213241615, 6.20212003189232, 1.0939648349010127, 1.0947679480145553, 1.0945438730357044, 2.139223513333752, 2.149550743760193, 3.4701270106438464, 2.804968566668796, 4.120225168604259, 2.845222432429493, 4.50303340094208, 5.408753159462908, 6.475288345703225, 5.239158410470139, 5.578137747492437], [1.5206510086144025, 0.0, 1.5317279425537682, 2.5711604597924262, 2.950126826087313, 4.283611827651988, 5.097440632317359, 5.383206516566125, 2.1742876741590567, 2.1571061100465134, 2.1695020857330376, 1.0967525746493598, 1.0960586526276777, 2.135780021444156, 2.1631979313044845, 3.5003550462774484, 2.8650099301747627, 4.4648408639054535, 4.906163962812494, 6.110773742334109, 4.863363928393597, 4.606012566200835], [2.5520461006807853, 1.5317279425537682, 0.0, 1.526349534018994, 2.410240075179234, 3.7067782507185405, 4.796405738675577, 4.980140127546614, 2.8760131814718792, 3.491028006189581, 2.7801667018364205, 2.1463961749872738, 2.1704409644125318, 1.097201645095376, 1.0961679433371514, 2.1517838506690214, 2.171712087271239, 4.0268702847248505, 4.014746420385726, 5.758024201060638, 4.901476964140503, 4.2096043959023035], [3.126348128407967, 2.5711604597924262, 1.526349534018994, 0.0, 1.426322873686039, 2.364946210804804, 3.687789824542608, 4.115399736356117, 2.8780648602837293, 4.141875823826687, 3.436857682535021, 3.492207419383906, 2.834913180328456, 2.144567977472386, 2.152828432551001, 1.0962063765550718, 1.0953209438333589, 2.624216265859199, 2.6111959711978727, 4.519549023962457, 3.9861670825493505, 3.5668312477603985], [3.637070868157507, 2.950126826087313, 2.410240075179234, 1.426322873686039, 0.0, 1.4333758544080475, 2.3919159203450273, 2.7975110384053896, 3.237371582009084, 4.44703632546441, 4.286659523451799, 3.916530523307587, 2.6470726208398587, 2.664135644069198, 3.3526506796861497, 2.0654622194559744, 2.073519599618002, 2.0790569280325153, 2.0656172394710497, 3.3530209513213602, 2.6437393006875696, 2.285019380661792], [4.688168416343423, 4.283611827651988, 3.7067782507185405, 2.364946210804804, 1.4333758544080475, 0.0, 1.5246228025318262, 2.4133302902835325, 4.020956898550394, 5.482670829075917, 5.2927608570574955, 5.30163121501298, 3.9568290663105476, 3.998742993741908, 4.50785398610026, 2.6200049503770027, 2.605489395487919, 1.0949598029151573, 1.0955693040606789, 2.171760654400019, 2.1709495871622626, 2.4371642558514597], [5.5842923213241615, 5.097440632317359, 4.796405738675577, 3.687789824542608, 2.3919159203450273, 1.5246228025318262, 0.0, 1.4269265853574946, 4.922090569057014, 6.184607926942499, 6.368267772322392, 6.054773297985647, 4.4664444080274865, 4.909266264932062, 5.737660841318525, 4.007349524311549, 4.0061749163010845, 2.1628925678359523, 2.160761021029397, 1.093285804353098, 1.0945091776682367, 1.9264694028195721], [6.20212003189232, 5.383206516566125, 4.980140127546614, 4.115399736356117, 2.7975110384053896, 2.4133302902835325, 1.4269265853574946, 0.0, 5.746061786127957, 6.796054138248165, 6.997163561043861, 6.18525398104233, 4.681556071436077, 4.771609139483242, 5.9670325028442734, 4.2766697850079565, 4.7443111512631635, 3.361911691285183, 2.6596978982583717, 2.054511175438089, 2.0434322058732457, 0.9776696783679034], [1.0939648349010127, 2.1742876741590567, 2.8760131814718792, 2.8780648602837293, 3.237371582009084, 4.020956898550394, 4.922090569057014, 5.746061786127957, 0.0, 1.7660092072240166, 1.7761405434255477, 3.0614567872174843, 2.4872468514403634, 3.8581131515288662, 3.25570957857116, 3.903493596766876, 2.337613571572513, 3.6488287915439384, 4.811968829907359, 5.7124257806994745, 4.5687763405533435, 5.2666557216131], [1.0947679480145553, 2.1571061100465134, 3.491028006189581, 4.141875823826687, 4.44703632546441, 5.482670829075917, 6.184607926942499, 6.796054138248165, 1.7660092072240166, 0.0, 1.7714209522301578, 2.4322584114357584, 2.498046688915161, 4.276733881129383, 3.7718966237159783, 5.167802432369101, 3.8810848650860494, 5.279743231446014, 6.300001709523578, 7.077728230159731, 5.669501530998999, 6.175127312857606], [1.0945438730357044, 2.1695020857330376, 2.7801667018364205, 3.436857682535021, 4.286659523451799, 5.2927608570574955, 6.368267772322392, 6.997163561043861, 1.7761405434255477, 1.7714209522301578, 0.0, 2.524629836233423, 3.067956435479487, 3.7604867530680117, 2.5876578773091317, 4.26185762901578, 3.0293891298411966, 5.042511949415688, 5.870992731216758, 7.21815707019458, 6.138128022451145, 6.366958239222243], [2.139223513333752, 1.0967525746493598, 2.1463961749872738, 3.492207419383906, 3.916530523307587, 5.30163121501298, 6.054773297985647, 6.18525398104233, 3.0614567872174843, 2.4322584114357584, 2.524629836233423, 0.0, 1.7577761973584691, 2.414120351183843, 2.4760025161538106, 4.2867353032348525, 3.8550593523316863, 5.546500609393278, 5.865712947289527, 7.098740136108661, 5.801520122347245, 5.332185961685882], [2.149550743760193, 1.0960586526276777, 2.1704409644125318, 2.834913180328456, 2.6470726208398587, 3.9568290663105476, 4.4664444080274865, 4.681556071436077, 2.4872468514403634, 2.498046688915161, 3.067956435479487, 1.7577761973584691, 0.0, 2.4728101645698564, 3.072957061203427, 3.811601091405028, 3.242899247586949, 4.248868485844202, 4.711259634110605, 5.515678340875218, 4.09476422886593, 3.910780685489791], [3.4701270106438464, 2.135780021444156, 1.097201645095376, 2.144567977472386, 2.664135644069198, 3.998742993741908, 4.909266264932062, 4.771609139483242, 3.8581131515288662, 4.276733881129383, 3.7604867530680117, 2.414120351183843, 2.4728101645698564, 0.0, 1.7645180900177817, 2.4475934527613035, 3.0632888306524406, 4.567938189161495, 4.179269315322955, 5.909898939068248, 5.089772326931726, 3.899372598252185], [2.804968566668796, 2.1631979313044845, 1.0961679433371514, 2.152828432551001, 3.3526506796861497, 4.50785398610026, 5.737660841318525, 5.9670325028442734, 3.25570957857116, 3.7718966237159783, 2.5876578773091317, 2.4760025161538106, 3.072957061203427, 1.7645180900177817, 0.0, 2.468624989746316, 2.4991669392019418, 4.700194818302747, 4.678784220286292, 6.638405487765869, 5.8968298355981075, 5.223910317951487], [4.120225168604259, 3.5003550462774484, 2.1517838506690214, 1.0962063765550718, 2.0654622194559744, 2.6200049503770027, 4.007349524311549, 4.2766697850079565, 3.903493596766876, 5.167802432369101, 4.26185762901578, 4.2867353032348525, 3.811601091405028, 2.4475934527613035, 2.468624989746316, 0.0, 1.77636095712555, 2.997466405149522, 2.3850102180074613, 4.713985443337728, 4.55449299154143, 3.7938323486943912], [2.845222432429493, 2.8650099301747627, 2.171712087271239, 1.0953209438333589, 2.073519599618002, 2.605489395487919, 4.0061749163010845, 4.7443111512631635, 2.337613571572513, 3.8810848650860494, 3.0293891298411966, 3.8550593523316863, 3.242899247586949, 3.0632888306524406, 2.4991669392019418, 1.77636095712555, 0.0, 2.3843336385665492, 2.959809232028308, 4.703490811089142, 4.208421789697415, 4.338492772841739], [4.50303340094208, 4.4648408639054535, 4.0268702847248505, 2.624216265859199, 2.0790569280325153, 1.0949598029151573, 2.1628925678359523, 3.361911691285183, 3.6488287915439384, 5.279743231446014, 5.042511949415688, 5.546500609393278, 4.248868485844202, 4.567938189161495, 4.700194818302747, 2.997466405149522, 2.3843336385665492, 0.0, 1.793818834219331, 2.5126026128299714, 2.5230290406572813, 3.458847579758322], [5.408753159462908, 4.906163962812494, 4.014746420385726, 2.6111959711978727, 2.0656172394710497, 1.0955693040606789, 2.160761021029397, 2.6596978982583717, 4.811968829907359, 6.300001709523578, 5.870992731216758, 5.865712947289527, 4.711259634110605, 4.179269315322955, 4.678784220286292, 2.3850102180074613, 2.959809232028308, 1.793818834219331, 0.0, 2.52126582097168, 3.074457156962835, 2.746949892153113], [6.475288345703225, 6.110773742334109, 5.758024201060638, 4.519549023962457, 3.3530209513213602, 2.171760654400019, 1.093285804353098, 2.054511175438089, 5.7124257806994745, 7.077728230159731, 7.21815707019458, 7.098740136108661, 5.515678340875218, 5.909898939068248, 6.638405487765869, 4.713985443337728, 4.703490811089142, 2.5126026128299714, 2.52126582097168, 0.0, 1.7823711987125466, 2.827724033564803], [5.239158410470139, 4.863363928393597, 4.901476964140503, 3.9861670825493505, 2.6437393006875696, 2.1709495871622626, 1.0945091776682367, 2.0434322058732457, 4.5687763405533435, 5.669501530998999, 6.138128022451145, 5.801520122347245, 4.09476422886593, 5.089772326931726, 5.8968298355981075, 4.55449299154143, 4.208421789697415, 2.5230290406572813, 3.074457156962835, 1.7823711987125466, 0.0, 2.3308607723328305], [5.578137747492437, 4.606012566200835, 4.2096043959023035, 3.5668312477603985, 2.285019380661792, 2.4371642558514597, 1.9264694028195721, 0.9776696783679034, 5.2666557216131, 6.175127312857606, 6.366958239222243, 5.332185961685882, 3.910780685489791, 3.899372598252185, 5.223910317951487, 3.7938323486943912, 4.338492772841739, 3.458847579758322, 2.746949892153113, 2.827724033564803, 2.3308607723328305, 0.0]]}