{"total energy": -33.54542625, "HOMO-LUMO gap/eV": 11.98011242, "electronic energy": -33.98088468, "dipole": [-0.29176404, 0.1373747, -0.60259351], "partial charges": [-0.09996355, -0.05163393, -0.05857, -0.05849716, -0.05872952, -0.05778578, -0.06364363, 0.1204318, -0.11581103, -0.44996523, 0.03218559, 0.03215688, 0.03067282, 0.02774286, 0.02801472, 0.02980556, 0.02940645, 0.0285409, 0.02920376, 0.03090727, 0.02958209, 0.04690675, 0.02773435, 0.04841088, 0.03401585, 0.0111222, 0.04765117, 0.03612966, 0.03180653, 0.28217175], "atomic dipole moments": [[-0.09411705, -0.01280393, -0.0333], [0.03229182, -0.02710601, 0.10156794], [-0.03296552, 0.02694017, -0.10064486], [0.03249564, -0.02628571, 0.10099763], [-0.03341999, 0.01938278, -0.10351618], [0.03732722, 0.11586409, -0.00035049], [-0.05717051, -0.10223304, -0.02270626], [-0.07436586, -0.000915, 0.16252046], [0.05287644, -0.08726176, 0.02402995], [-0.01459439, 0.06260594, -0.22947488], [0.00359966, 0.07763082, 0.09908514], [0.05214482, -0.10959611, 0.03364422], [0.07083446, 0.04965123, -0.08945245], [-0.04219314, 0.10958688, -0.0375278], [0.00461643, -0.07105512, -0.10073834], [-0.00119078, 0.07209312, 0.10123467], [0.04589516, -0.1089787, 0.03768369], [0.00162423, -0.07215714, -0.10091425], [-0.04292379, 0.10998699, -0.03733799], [-0.00549294, 0.07397363, 0.10009948], [0.04746164, -0.10369792, 0.04282313], [-0.05613347, -0.06587006, 0.09080764], [0.00528105, -0.07887926, -0.09521422], [0.00040658, 0.07745373, 0.10122706], [0.05614704, 0.0613973, -0.09238015], [-0.00437668, -0.08494901, -0.08354599], [-0.01531367, 0.08650339, 0.09434964], [0.0568022, 0.05671459, -0.10013245], [-0.11731613, -0.02638881, -0.03046737], [-0.06912086, -0.01625324, -0.03315545]], "atomic quadrupole moments": [[0.19243399, 0.04692198, -0.11935078, 0.10407001, 0.00746541, -0.07308321], [0.19184139, 0.11657151, -0.17630278, -0.01714624, -0.08166307, -0.01553861], [0.18844086, 0.12108056, -0.18002755, -0.02570579, -0.09090176, -0.00841331], [0.18388143, 0.1124951, -0.18106967, -0.01897165, -0.08817846, -0.00281176], [0.17162579, 0.13644736, -0.15449112, -0.02234489, -0.07432857, -0.01713466], [0.14614633, -0.06817184, 0.02861392, 0.14360908, -0.03216245, -0.17476024], [0.16905021, -0.04062727, 0.0277039, 0.13170949, -0.046394, -0.1967541], [0.0560037, 0.06686592, -0.10370033, -0.14125622, -0.26526323, 0.04769662], [-0.02159405, -0.13012329, 0.11509629, 0.05429694, -0.10775229, -0.09350224], [-0.01610426, 0.05269565, -0.07411903, -0.07107503, -0.09356053, 0.09022329], [-0.02826359, -0.0101235, -0.00222625, -0.00350993, 0.06368594, 0.03048984], [-0.02225252, -0.03013068, 0.0629534, 0.01883171, -0.02672151, -0.04070088], [0.00188713, 0.02938965, -0.03311161, -0.0418516, -0.04101901, 0.03122448], [-0.00617315, -0.02681581, 0.04224862, 0.00243986, -0.01706504, -0.03607547], [-0.02001979, 0.00440971, 0.00705976, -0.0064139, 0.04691076, 0.01296003], [-0.02258992, 0.00091218, 0.00827625, -0.00753358, 0.04581223, 0.01431367], [-0.0106114, -0.02593872, 0.04425394, 0.00258906, -0.01621879, -0.03364254], [-0.0225587, 0.00160579, 0.00855199, -0.00683759, 0.04674917, 0.0140067], [-0.00752612, -0.02804232, 0.0412313, 0.00265898, -0.01608736, -0.03370518], [-0.02289356, 0.00247285, 0.01510808, -0.01471903, 0.04643163, 0.00778547], [0.00267219, -0.0279119, 0.03762836, 0.00249175, -0.02412986, -0.04030055], [0.00880843, 0.00896322, -0.02525424, -0.02850694, -0.03328725, 0.01644581], [-0.02534401, -0.01631149, -0.01131766, -0.00141416, 0.03996392, 0.03666167], [-0.02875394, -0.01729252, -0.00197212, 0.0004775, 0.04098155, 0.03072606], [-0.00074797, 0.00773109, -0.02125337, -0.03496069, -0.03823465, 0.02200135], [-0.01298677, 0.00418614, -0.002795, -0.01320274, 0.01208594, 0.01578177], [-0.04186951, -0.00367974, 0.00505582, 0.00993096, 0.05921169, 0.03681369], [-0.00872495, 0.01761543, -0.02172466, -0.05122724, -0.04373125, 0.03044961], [0.06249041, 0.03483822, -0.01893218, 0.03715171, 0.01327508, -0.04355823], [0.11032585, 0.05807196, -0.07542404, 0.04688335, 0.00495579, -0.03490181]], "number of molecular orbitals": 60, "number of electrons": 62, "number of unpaired electrons": 0, "orbital energies/eV": [-18.48713491, -17.11585376, -16.85817279, -16.68604679, -16.40755672, -16.08195423, -15.6315878, -15.36658341, -15.15262807, -15.01691304, -14.83683638, -14.17510898, -14.05490919, -13.8203807, -13.56432022, -13.4006979, -13.21218519, -12.95869983, -12.85007953, -12.77401106, -12.5409027, -12.42505684, -12.20356129, -11.98016515, -11.8310787, -11.73502024, -11.47085139, -11.40608355, -11.27983267, -11.18631812, -10.98486936, 0.99524305, 1.46008222, 1.95544514, 2.82390749, 2.95884388, 3.0914764, 3.31548364, 3.67544675, 3.82952848, 3.92522584, 4.23010763, 4.40361429, 4.5389363, 4.61835932, 4.71864115, 5.03722674, 5.28506234, 5.36559237, 5.88291665, 5.96855829, 6.43253284, 6.59489164, 6.84365195, 7.13056953, 7.30216928, 7.44519332, 7.79708178, 8.31727841, 8.58467177], "fractional occupation": [2.0, 2.0, 2.0, 2.0, 2.0, 2.0, 2.0, 2.0, 2.0, 2.0, 2.0, 2.0, 2.0, 2.0, 2.0, 2.0, 2.0, 2.0, 2.0, 2.0, 2.0, 2.0, 2.0, 2.0, 2.0, 2.0, 2.0, 2.0, 2.0, 2.0, 2.0, 0.0, 0.0, 0.0, 0.0, 0.0, 0.0, 0.0, 0.0, 0.0, 0.0, 0.0, 0.0, 0.0, 0.0, 0.0, 0.0, 0.0, 0.0, 0.0, 0.0, 0.0, 0.0, 0.0, 0.0, 0.0, 0.0, 0.0, 0.0, 0.0], "program call": "xtb /home/svss/Project-DBcg-Debug/aqme2_20220329/End-to-End-workflows-final/example-3/QDESCP/mol_394_rdkit_conf_16/mol_394_rdkit_conf_16.xyz --pop --wbo --acc 0.2 --gfn 2 --chrg 0 --uhf 0 --etemp 300 --input /home/svss/Project-DBcg-Debug/aqme2_20220329/End-to-End-workflows-final/example-3/QDESCP/mol_394_rdkit_conf_16/mol_394_rdkit_conf_16_xtb.inp", "method": "GFN2-xTB", "xtb version": "6.3.3 (7355c4f)", "Dipole module/D": 1.737, "Total charge": 0, "Transition dipole module/D": NaN, "HOMO": -10.9849, "LUMO": 0.9952, "HOMO occupancy": 2.0, "LUMO occupancy": 0, "mulliken charges": [-0.08345, -0.03856, -0.04638, -0.04757, -0.04712, -0.04119, -0.05592, 0.22645, -0.11144, -0.57009, 0.02659, 0.02658, 0.02752, 0.02134, 0.02147, 0.02275, 0.02252, 0.02141, 0.02121, 0.02434, 0.02422, 0.03964, 0.01852, 0.03685, 0.01989, 0.0075, 0.04021, 0.03003, 0.02805, 0.33464], "cm5 charges": [-0.23378, -0.15109, -0.1571, -0.15844, -0.15771, -0.15069, -0.16155, 0.17693, -0.25745, -0.78112, 0.07788, 0.07787, 0.0783, 0.07605, 0.07617, 0.07809, 0.07785, 0.07687, 0.07717, 0.07957, 0.07917, 0.09739, 0.07414, 0.09484, 0.07641, 0.07346, 0.09385, 0.08177, 0.08121, 0.50395], "FUKUI+": [0.005, -0.011, -0.016, -0.013, -0.008, -0.005, 0.012, -0.029, 0.024, -0.095, -0.029, -0.03, -0.052, -0.029, -0.032, -0.036, -0.037, -0.035, -0.027, -0.036, -0.042, -0.039, -0.035, -0.04, -0.062, -0.059, -0.043, -0.065, -0.043, -0.092], "FUKUI-": [0.016, 0.005, 0.008, 0.005, 0.007, 0.004, 0.008, 0.001, 0.008, -0.092, -0.049, -0.053, -0.051, -0.064, -0.062, -0.054, -0.061, -0.04, -0.047, -0.035, -0.05, -0.059, -0.034, -0.035, -0.039, -0.073, -0.039, -0.038, -0.038, -0.047], "FUKUIrad": [0.011, -0.003, -0.004, -0.004, -0.001, -0.001, 0.01, -0.014, 0.016, -0.094, -0.039, -0.041, -0.052, -0.046, -0.047, -0.045, -0.049, -0.037, -0.037, -0.036, -0.046, -0.049, -0.034, -0.038, -0.051, -0.066, -0.041, -0.051, -0.04, -0.069], "s proportion": [1.007, 1.027, 1.032, 1.032, 1.033, 1.031, 1.035, 1.015, 1.02, 1.697, 0.973, 0.973, 0.972, 0.979, 0.979, 0.977, 0.977, 0.979, 0.979, 0.976, 0.976, 0.96, 0.981, 0.963, 0.98, 0.993, 0.96, 0.97, 0.972, 0.665], "p proportion": [3.076, 3.012, 3.014, 3.016, 3.014, 3.01, 3.021, 2.759, 3.092, 4.873, 0.0, 0.0, 0.0, 0.0, 0.0, 0.0, 0.0, 0.0, 0.0, 0.0, 0.0, 0.0, 0.0, 0.0, 0.0, 0.0, 0.0, 0.0, 0.0, 0.0], "d proportion": [0.0, 0.0, 0.0, 0.0, 0.0, 0.0, 0.0, 0.0, 0.0, 0.0, 0.0, 0.0, 0.0, 0.0, 0.0, 0.0, 0.0, 0.0, 0.0, 0.0, 0.0, 0.0, 0.0, 0.0, 0.0, 0.0, 0.0, 0.0, 0.0, 0.0], "Fermi-level/eV": -4.9948, "Coordination numbers": [3.75, 3.8, 3.802, 3.801, 3.8, 3.799, 3.801, 3.724, 3.75, 1.653, 0.924, 0.924, 0.924, 0.924, 0.924, 0.924, 0.924, 0.924, 0.924, 0.924, 0.924, 0.924, 0.924, 0.924, 0.924, 0.924, 0.924, 0.924, 0.924, 0.804], "Dispersion coefficient C6": [22.472, 21.501, 21.627, 21.627, 21.631, 21.615, 21.722, 18.715, 22.78, 21.844, 2.556, 2.556, 2.577, 2.619, 2.615, 2.589, 2.595, 2.607, 2.598, 2.574, 2.593, 2.359, 2.619, 2.34, 2.53, 2.872, 2.35, 2.501, 2.561, 0.777], "Total dispersion C6": 6010.679105, "Total dispersion C8": 125009.842517, "Polarizability alpha": [6.761, 6.602, 6.621, 6.621, 6.622, 6.62, 6.636, 6.177, 6.807, 6.309, 2.5, 2.5, 2.51, 2.531, 2.529, 2.516, 2.519, 2.525, 2.521, 2.509, 2.518, 2.402, 2.531, 2.392, 2.488, 2.65, 2.397, 2.473, 2.503, 1.385], "Total polarizability alpha": 114.675105, "Wiberg matrix": [[0.0, 1.020052386023409, 0.0, 0.0, 0.0, 0.0, 0.0, 0.0, 0.0, 0.0, 0.9877243062559975, 0.9877272360185182, 0.9874394512565575, 0.0, 0.0, 0.0, 0.0, 0.0, 0.0, 0.0, 0.0, 0.0, 0.0, 0.0, 0.0, 0.0, 0.0, 0.0, 0.0, 0.0], [1.020052386023409, 0.0, 1.0078012142273387, 0.0, 0.0, 0.0, 0.0, 0.0, 0.0, 0.0, 0.0, 0.0, 0.0, 0.9781222331994532, 0.9781358913608935, 0.0, 0.0, 0.0, 0.0, 0.0, 0.0, 0.0, 0.0, 0.0, 0.0, 0.0, 0.0, 0.0, 0.0, 0.0], [0.0, 1.0078012142273387, 0.0, 1.0067395031228858, 0.0, 0.0, 0.0, 0.0, 0.0, 0.0, 0.0, 0.0, 0.0, 0.0, 0.0, 0.9773290037621569, 0.9771235257483374, 0.0, 0.0, 0.0, 0.0, 0.0, 0.0, 0.0, 0.0, 0.0, 0.0, 0.0, 0.0, 0.0], [0.0, 0.0, 1.0067395031228858, 0.0, 1.0079190422367121, 0.0, 0.0, 0.0, 0.0, 0.0, 0.0, 0.0, 0.0, 0.0, 0.0, 0.0, 0.0, 0.9772308013587263, 0.9753387656848931, 0.0, 0.0, 0.0, 0.0, 0.0, 0.0, 0.0, 0.0, 0.0, 0.0, 0.0], [0.0, 0.0, 0.0, 1.0079190422367121, 0.0, 1.006206754088748, 0.0, 0.0, 0.0, 0.0, 0.0, 0.0, 0.0, 0.0, 0.0, 0.0, 0.0, 0.0, 0.0, 0.977178575437198, 0.9768106263644516, 0.0, 0.0, 0.0, 0.0, 0.0, 0.0, 0.0, 0.0, 0.0], [0.0, 0.0, 0.0, 0.0, 1.006206754088748, 0.0, 1.0075431372199342, 0.0, 0.0, 0.0, 0.0, 0.0, 0.0, 0.0, 0.0, 0.0, 0.0, 0.0, 0.0, 0.0, 0.0, 0.9757669890596221, 0.9773345114628613, 0.0, 0.0, 0.0, 0.0, 0.0, 0.0, 0.0], [0.0, 0.0, 0.0, 0.0, 0.0, 1.0075431372199342, 0.0, 0.9934825256899328, 0.0, 0.0, 0.0, 0.0, 0.0, 0.0, 0.0, 0.0, 0.0, 0.0, 0.0, 0.0, 0.0, 0.0, 0.0, 0.9748718984541671, 0.9734216725524112, 0.0, 0.0, 0.0, 0.0, 0.0], [0.0, 0.0, 0.0, 0.0, 0.0, 0.0, 0.9934825256899328, 0.0, 1.0026331947634983, 0.9793113653011059, 0.0, 0.0, 0.0, 0.0, 0.0, 0.0, 0.0, 0.0, 0.0, 0.0, 0.0, 0.0, 0.0, 0.0, 0.0, 0.9639066588660996, 0.0, 0.0, 0.0, 0.0], [0.0, 0.0, 0.0, 0.0, 0.0, 0.0, 0.0, 1.0026331947634983, 0.0, 0.0, 0.0, 0.0, 0.0, 0.0, 0.0, 0.0, 0.0, 0.0, 0.0, 0.0, 0.0, 0.0, 0.0, 0.0, 0.0, 0.0, 0.9855145448632147, 0.9855958401304188, 0.9846822760874885, 0.0], [0.0, 0.0, 0.0, 0.0, 0.0, 0.0, 0.0, 0.9793113653011059, 0.0, 0.0, 0.0, 0.0, 0.0, 0.0, 0.0, 0.0, 0.0, 0.0, 0.0, 0.0, 0.0, 0.0, 0.0, 0.0, 0.0, 0.0, 0.0, 0.0, 0.0, 0.904287771104739], [0.9877243062559975, 0.0, 0.0, 0.0, 0.0, 0.0, 0.0, 0.0, 0.0, 0.0, 0.0, 0.0, 0.0, 0.0, 0.0, 0.0, 0.0, 0.0, 0.0, 0.0, 0.0, 0.0, 0.0, 0.0, 0.0, 0.0, 0.0, 0.0, 0.0, 0.0], [0.9877272360185182, 0.0, 0.0, 0.0, 0.0, 0.0, 0.0, 0.0, 0.0, 0.0, 0.0, 0.0, 0.0, 0.0, 0.0, 0.0, 0.0, 0.0, 0.0, 0.0, 0.0, 0.0, 0.0, 0.0, 0.0, 0.0, 0.0, 0.0, 0.0, 0.0], [0.9874394512565575, 0.0, 0.0, 0.0, 0.0, 0.0, 0.0, 0.0, 0.0, 0.0, 0.0, 0.0, 0.0, 0.0, 0.0, 0.0, 0.0, 0.0, 0.0, 0.0, 0.0, 0.0, 0.0, 0.0, 0.0, 0.0, 0.0, 0.0, 0.0, 0.0], [0.0, 0.9781222331994532, 0.0, 0.0, 0.0, 0.0, 0.0, 0.0, 0.0, 0.0, 0.0, 0.0, 0.0, 0.0, 0.0, 0.0, 0.0, 0.0, 0.0, 0.0, 0.0, 0.0, 0.0, 0.0, 0.0, 0.0, 0.0, 0.0, 0.0, 0.0], [0.0, 0.9781358913608935, 0.0, 0.0, 0.0, 0.0, 0.0, 0.0, 0.0, 0.0, 0.0, 0.0, 0.0, 0.0, 0.0, 0.0, 0.0, 0.0, 0.0, 0.0, 0.0, 0.0, 0.0, 0.0, 0.0, 0.0, 0.0, 0.0, 0.0, 0.0], [0.0, 0.0, 0.9773290037621569, 0.0, 0.0, 0.0, 0.0, 0.0, 0.0, 0.0, 0.0, 0.0, 0.0, 0.0, 0.0, 0.0, 0.0, 0.0, 0.0, 0.0, 0.0, 0.0, 0.0, 0.0, 0.0, 0.0, 0.0, 0.0, 0.0, 0.0], [0.0, 0.0, 0.9771235257483374, 0.0, 0.0, 0.0, 0.0, 0.0, 0.0, 0.0, 0.0, 0.0, 0.0, 0.0, 0.0, 0.0, 0.0, 0.0, 0.0, 0.0, 0.0, 0.0, 0.0, 0.0, 0.0, 0.0, 0.0, 0.0, 0.0, 0.0], [0.0, 0.0, 0.0, 0.9772308013587263, 0.0, 0.0, 0.0, 0.0, 0.0, 0.0, 0.0, 0.0, 0.0, 0.0, 0.0, 0.0, 0.0, 0.0, 0.0, 0.0, 0.0, 0.0, 0.0, 0.0, 0.0, 0.0, 0.0, 0.0, 0.0, 0.0], [0.0, 0.0, 0.0, 0.9753387656848931, 0.0, 0.0, 0.0, 0.0, 0.0, 0.0, 0.0, 0.0, 0.0, 0.0, 0.0, 0.0, 0.0, 0.0, 0.0, 0.0, 0.0, 0.0, 0.0, 0.0, 0.0, 0.0, 0.0, 0.0, 0.0, 0.0], [0.0, 0.0, 0.0, 0.0, 0.977178575437198, 0.0, 0.0, 0.0, 0.0, 0.0, 0.0, 0.0, 0.0, 0.0, 0.0, 0.0, 0.0, 0.0, 0.0, 0.0, 0.0, 0.0, 0.0, 0.0, 0.0, 0.0, 0.0, 0.0, 0.0, 0.0], [0.0, 0.0, 0.0, 0.0, 0.9768106263644516, 0.0, 0.0, 0.0, 0.0, 0.0, 0.0, 0.0, 0.0, 0.0, 0.0, 0.0, 0.0, 0.0, 0.0, 0.0, 0.0, 0.0, 0.0, 0.0, 0.0, 0.0, 0.0, 0.0, 0.0, 0.0], [0.0, 0.0, 0.0, 0.0, 0.0, 0.9757669890596221, 0.0, 0.0, 0.0, 0.0, 0.0, 0.0, 0.0, 0.0, 0.0, 0.0, 0.0, 0.0, 0.0, 0.0, 0.0, 0.0, 0.0, 0.0, 0.0, 0.0, 0.0, 0.0, 0.0, 0.0], [0.0, 0.0, 0.0, 0.0, 0.0, 0.9773345114628613, 0.0, 0.0, 0.0, 0.0, 0.0, 0.0, 0.0, 0.0, 0.0, 0.0, 0.0, 0.0, 0.0, 0.0, 0.0, 0.0, 0.0, 0.0, 0.0, 0.0, 0.0, 0.0, 0.0, 0.0], [0.0, 0.0, 0.0, 0.0, 0.0, 0.0, 0.9748718984541671, 0.0, 0.0, 0.0, 0.0, 0.0, 0.0, 0.0, 0.0, 0.0, 0.0, 0.0, 0.0, 0.0, 0.0, 0.0, 0.0, 0.0, 0.0, 0.0, 0.0, 0.0, 0.0, 0.0], [0.0, 0.0, 0.0, 0.0, 0.0, 0.0, 0.9734216725524112, 0.0, 0.0, 0.0, 0.0, 0.0, 0.0, 0.0, 0.0, 0.0, 0.0, 0.0, 0.0, 0.0, 0.0, 0.0, 0.0, 0.0, 0.0, 0.0, 0.0, 0.0, 0.0, 0.0], [0.0, 0.0, 0.0, 0.0, 0.0, 0.0, 0.0, 0.9639066588660996, 0.0, 0.0, 0.0, 0.0, 0.0, 0.0, 0.0, 0.0, 0.0, 0.0, 0.0, 0.0, 0.0, 0.0, 0.0, 0.0, 0.0, 0.0, 0.0, 0.0, 0.0, 0.0], [0.0, 0.0, 0.0, 0.0, 0.0, 0.0, 0.0, 0.0, 0.9855145448632147, 0.0, 0.0, 0.0, 0.0, 0.0, 0.0, 0.0, 0.0, 0.0, 0.0, 0.0, 0.0, 0.0, 0.0, 0.0, 0.0, 0.0, 0.0, 0.0, 0.0, 0.0], [0.0, 0.0, 0.0, 0.0, 0.0, 0.0, 0.0, 0.0, 0.9855958401304188, 0.0, 0.0, 0.0, 0.0, 0.0, 0.0, 0.0, 0.0, 0.0, 0.0, 0.0, 0.0, 0.0, 0.0, 0.0, 0.0, 0.0, 0.0, 0.0, 0.0, 0.0], [0.0, 0.0, 0.0, 0.0, 0.0, 0.0, 0.0, 0.0, 0.9846822760874885, 0.0, 0.0, 0.0, 0.0, 0.0, 0.0, 0.0, 0.0, 0.0, 0.0, 0.0, 0.0, 0.0, 0.0, 0.0, 0.0, 0.0, 0.0, 0.0, 0.0, 0.0], [0.0, 0.0, 0.0, 0.0, 0.0, 0.0, 0.0, 0.0, 0.0, 0.904287771104739, 0.0, 0.0, 0.0, 0.0, 0.0, 0.0, 0.0, 0.0, 0.0, 0.0, 0.0, 0.0, 0.0, 0.0, 0.0, 0.0, 0.0, 0.0, 0.0, 0.0]], "Born radii": [], "Atomic SASAs": [], "Solvent H bonds": [], "Total SASA": NaN, "Total FOD": 0.0, "FOD": [0.0, 0.0, 0.0, 0.0, 0.0, 0.0, 0.0, 0.0, 0.0, 0.0, 0.0, 0.0, 0.0, 0.0, 0.0, 0.0, 0.0, 0.0, 0.0, 0.0, 0.0, 0.0, 0.0, 0.0, 0.0, 0.0, 0.0, 0.0, 0.0, 0.0], "FOD s proportion": [0.0, 0.0, 0.0, 0.0, 0.0, 0.0, 0.0, 0.0, 0.0, 0.0, 0.0, 0.0, 0.0, 0.0, 0.0, 0.0, 0.0, 0.0, 0.0, 0.0, 0.0, 0.0, 0.0, 0.0, 0.0, 0.0, 0.0, 0.0, 0.0, 0.0], "FOD p proportion": [0.0, 0.0, 0.0, 0.0, 0.0, 0.0, 0.0, 0.0, 0.0, 0.0, 0.0, 0.0, 0.0, 0.0, 0.0, 0.0, 0.0, 0.0, 0.0, 0.0, 0.0, 0.0, 0.0, 0.0, 0.0, 0.0, 0.0, 0.0, 0.0, 0.0], "FOD d proportion": [0.0, 0.0, 0.0, 0.0, 0.0, 0.0, 0.0, 0.0, 0.0, 0.0, 0.0, 0.0, 0.0, 0.0, 0.0, 0.0, 0.0, 0.0, 0.0, 0.0, 0.0, 0.0, 0.0, 0.0, 0.0, 0.0, 0.0, 0.0, 0.0, 0.0], "coordinates": [["4.88710", "0.75030", "-0.16080"], ["3.46920", "0.56300", "-0.67650"], ["2.56070", "-0.04580", "0.39150"], ["1.13470", "-0.23330", "-0.13170"], ["0.22680", "-0.83910", "0.94100"], ["-1.18410", "-1.15920", "0.43710"], ["-1.99440", "0.08750", "0.06210"], ["-3.42570", "-0.26230", "-0.35910"], ["-4.18560", "0.97780", "-0.81110"], ["-4.11130", "-0.84240", "0.74700"], ["4.90440", "1.41980", "0.70510"], ["5.32630", "-0.20740", "0.13620"], ["5.51940", "1.18680", "-0.94030"], ["3.07140", "1.53360", "-0.99490"], ["3.49080", "-0.08480", "-1.56060"], ["2.54530", "0.60400", "1.27500"], ["2.96630", "-1.01410", "0.70940"], ["1.15000", "-0.88640", "-1.01250"], ["0.74170", "0.73770", "-0.45270"], ["0.16530", "-0.16120", "1.80100"], ["0.67740", "-1.77070", "1.30540"], ["-1.70710", "-1.70950", "1.22850"], ["-1.12160", "-1.83240", "-0.42660"], ["-2.02100", "0.76110", "0.92780"], ["-1.50060", "0.61900", "-0.75870"], ["-3.40670", "-0.99860", "-1.17060"], ["-4.26540", "1.70690", "0.00270"], ["-3.69590", "1.45560", "-1.66500"], ["-5.20930", "0.71590", "-1.09970"], ["-5.00800", "-1.07190", "0.44900"]], "bond_dist": [[0.0, 1.5203513376848132, 2.5201086206749106, 3.879281058392135, 5.045646805911012, 6.392428654275306, 6.916937942471365, 8.376593907430394, 9.098820342769717, 9.183245433396628, 1.094674540674076, 1.0946665839423435, 1.0945116673658624, 2.1461705873485455, 2.1462725223046584, 2.7508094390560753, 2.7495141461720105, 4.167744736665143, 4.155683521395728, 5.1937353349973465, 5.121206647851656, 7.173858387924869, 6.545644706214966, 6.993354860866136, 6.416964655504969, 8.536127089611542, 9.203807476256769, 8.742308318173182, 10.140020193766873, 10.079944091610825], [1.5203513376848132, 0.0, 1.5286051452222706, 2.5260227592007163, 3.8852732748160714, 5.085201932077034, 5.533765008563337, 6.951367409366304, 7.667211960028235, 7.83999245280249, 2.1685764547278477, 2.1685981324348687, 2.1591750554320512, 1.096215197851225, 1.0962409452305637, 2.159542650655457, 2.1589051924528784, 2.755421020461301, 2.7422368205536154, 4.192639633929918, 4.1434563518878775, 5.965514474041615, 5.184190950379818, 5.7232262003174394, 4.970795195941993, 7.068290470828147, 7.848175393682279, 7.287834041743815, 8.690157587754092, 8.706467027445749], [2.5201086206749106, 1.5286051452222706, 0.0, 1.5304804768437918, 2.5255423872903027, 3.9070789549227185, 4.5689396209623965, 6.037156414240068, 6.928677176056047, 6.728784125679765, 2.7819521940536647, 2.7820560759984687, 3.470864400981404, 2.1627352611912536, 2.162706965818532, 1.0968361089971463, 1.0968940969847545, 2.1605320756702504, 2.1529762864462767, 2.7817168385728985, 2.712436563313509, 4.656456112753561, 4.173794491826353, 4.683020413152178, 4.273064096172676, 6.2416221457246195, 7.058240853073803, 6.754882513412058, 7.948381239598413, 7.638154695343634], [3.879281058392135, 2.5260227592007163, 1.5304804768437918, 0.0, 1.5303468038323862, 2.560792394943409, 3.151465990614527, 4.566158113775737, 5.498539775249425, 5.353842778789829, 4.200429970848223, 4.200232348335029, 4.679328163315756, 2.760046510477677, 2.759531603370398, 2.1609415864386525, 2.1614477578697104, 1.0966231531387616, 1.0955961847323128, 2.1633917953066195, 2.1535966335412025, 3.479243843136034, 2.7811825740141547, 3.4741637986715594, 2.8397799879568137, 4.7211557123229895, 5.7396445369029605, 5.342105246061706, 6.487244456624091, 6.226815055869252], [5.045646805911012, 3.8852732748160714, 2.5255423872903027, 1.5303468038323862, 0.0, 1.5319980515653404, 2.5621830945504267, 3.91965744676751, 5.083330972895627, 4.34243693103308, 5.199828822182515, 5.201119896714553, 5.971195463221749, 4.179612812211198, 4.18098876463451, 2.751278949870405, 2.754836439790936, 2.161179719505067, 2.1665225454631205, 1.0967819564526031, 1.0971354884425168, 2.1401452333895477, 2.1622111853378243, 2.7592424902498145, 2.828240877294577, 4.2055459883349275, 5.2480838150700295, 5.238745973990341, 6.011128404883729, 5.263021079190164], [6.392428654275306, 5.085201932077034, 3.9070789549227185, 2.560792394943409, 1.5319980515653404, 0.0, 1.5334510034559303, 2.5422695785459104, 3.89021522412321, 2.960557395153825, 6.617620210468412, 6.586484055245256, 7.234490929567885, 5.235558813536526, 5.196136127931985, 4.2094387998877, 4.161853128114926, 2.7611198470910314, 2.8458178595967802, 2.162662148834163, 2.143142410107177, 1.096664511142765, 1.096851029082801, 2.1514507175392144, 2.1661267576021492, 2.7478068363696893, 4.230560513690828, 4.191078941036544, 4.698934910168473, 3.824914915393544], [6.916937942471365, 5.533765008563337, 4.5689396209623965, 3.151465990614527, 2.5621830945504267, 1.5334510034559303, 0.0, 1.5324454867955335, 2.5212040318070255, 2.41144513311002, 7.05562993148025, 7.3270120315173495, 7.659664267446713, 5.3731539946292255, 5.722784428929679, 4.727237538986167, 5.122603277631404, 3.4627298089801926, 2.8590247095819232, 2.783869427613299, 3.483850939693029, 2.161536317067099, 2.1648610902318883, 1.097215115645059, 1.0954648921804844, 2.1665072790092355, 2.7898791586733642, 2.783823677965255, 3.475665088871481, 3.2520278181467024], [8.376593907430394, 6.951367409366304, 6.037156414240068, 4.566158113775737, 3.91965744676751, 2.5422695785459104, 1.5324454867955335, 0.0, 1.5230233156455617, 1.4247879070233578, 8.564610210628386, 8.766175910851892, 9.080335801059341, 6.7706577863602, 7.0223273029673, 6.250887896931123, 6.52415201309718, 4.664060769329661, 4.2867217917658245, 4.191841387743577, 4.677740952639425, 2.7510811620161264, 2.7890226011992088, 2.162554336889596, 2.1546182631733166, 1.0959155715656204, 2.171115835233118, 2.1747559081423367, 2.164853935026564, 1.9524730625542572], [9.098820342769717, 7.667211960028235, 6.928677176056047, 5.498539775249425, 5.083330972895627, 3.89021522412321, 2.5212040318070255, 1.5230233156455617, 0.0, 2.397149169325931, 9.22617615483251, 9.632150224119224, 9.70810994169308, 7.280573128538714, 7.785755324308618, 7.0566673763186545, 7.57820951610603, 5.655477960349593, 4.946148386370955, 5.201030495969044, 5.973490897289456, 4.186228816010897, 4.175303616505032, 2.7850000466786353, 2.709374134371257, 2.154549238239869, 1.095547940530217, 1.094186519748804, 1.0953735709793255, 2.5427276417264983], [9.183245433396628, 7.83999245280249, 6.728784125679765, 5.353842778789829, 4.34243693103308, 2.960557395153825, 2.41144513311002, 1.4247879070233578, 2.397149169325931, 0.0, 9.295275732327685, 9.478638900179709, 9.985740654553373, 7.763425204122211, 7.980657863234083, 6.832362733344886, 7.079782228995466, 5.547887340240427, 5.242862300308868, 4.456933587120186, 4.909704587854549, 2.6007464889911898, 3.3609140200249095, 2.6406921403298793, 3.3494144174765834, 2.048914190492125, 2.6601992011877607, 3.357246663562271, 2.6540918936615587, 0.9723914540965486], [1.094674540674076, 2.1685764547278477, 2.7819521940536647, 4.200429970848223, 5.199828822182515, 6.617620210468412, 7.05562993148025, 8.564610210628386, 9.22617615483251, 9.295275732327685, 0.0, 1.77466240733273, 1.7719636452252625, 2.502566570543129, 3.065205149741204, 2.560403964221271, 3.1112890110049243, 4.729083162728268, 4.3742236499749305, 5.114648240104103, 5.329838584797855, 7.333375641544622, 6.940477341653094, 6.9602188284564726, 6.618762428128086, 8.856708884230079, 9.201142549162032, 8.920976165196274, 10.297558251352598, 10.223983072169085], [1.0946665839423435, 2.1685981324348687, 2.7820560759984687, 4.200232348335029, 5.201119896714553, 6.586484055245256, 7.3270120315173495, 8.766175910851892, 9.632150224119224, 9.478638900179709, 1.77466240733273, 0.0, 1.7719857505070409, 3.0651333119458277, 2.5026428530655345, 3.112747403821903, 2.559086385802558, 4.384294057200087, 4.717899360944445, 5.42306320081188, 5.042143070163718, 7.274485497957914, 6.673288788146366, 7.453015503807838, 6.934720367830271, 8.865608421309844, 9.781772622076225, 9.349330632724463, 10.64794811501258, 10.375112557461724], [1.0945116673658624, 2.1591750554320512, 3.470864400981404, 4.679328163315756, 5.971195463221749, 7.234490929567885, 7.659664267446713, 9.080335801059341, 9.70810994169308, 9.985740654553373, 1.7719636452252625, 1.7719857505070409, 0.0, 2.473045773939496, 2.473248190133776, 3.7539953036731415, 3.7528376610239884, 4.836840646537779, 4.823469898320088, 6.164269340319256, 6.102043816624066, 8.081741729355127, 7.313161924229491, 7.780016083530934, 7.045266169563787, 9.192620543675236, 9.843884601619425, 9.247659034588157, 10.740212235333155, 10.856243868852616], [2.1461705873485455, 1.096215197851225, 2.1627352611912536, 2.760046510477677, 4.179612812211198, 5.235558813536526, 5.3731539946292255, 6.7706577863602, 7.280573128538714, 7.763425204122211, 2.502566570543129, 3.0651333119458277, 2.473045773939496, 0.0, 1.7649734870529925, 2.508661671090783, 3.06699523801391, 3.090062737227191, 2.5209005811415888, 4.374336642280747, 4.684123672577401, 6.188317010302559, 5.406863220944284, 5.497824051386147, 4.668561620028164, 6.957635154274762, 7.406340046878755, 6.800843131553617, 8.32163498478514, 8.611049983596658], [2.1462725223046584, 1.0962409452305637, 2.162706965818532, 2.759531603370398, 4.18098876463451, 5.196136127931985, 5.722784428929679, 7.0223273029673, 7.785755324308618, 7.980657863234083, 3.065205149741204, 2.5026428530655345, 2.473248190133776, 1.7649734870529925, 0.0, 3.067416347677635, 2.508305950238128, 2.534229825805071, 3.075955050061688, 4.729179820011077, 4.355621008535981, 6.118569547696587, 5.061056759215411, 6.106359030551675, 5.104160264921156, 6.968689739829145, 8.112504805545571, 7.350672650172908, 8.749016476724684, 8.788768970111798], [2.7508094390560753, 2.159542650655457, 1.0968361089971463, 2.1609415864386525, 2.751278949870405, 4.2094387998877, 4.727237538986167, 6.250887896931123, 7.0566673763186545, 6.832362733344886, 2.560403964221271, 3.112747403821903, 3.7539953036731415, 2.508661671090783, 3.067416347677635, 0.0, 1.7650472996495024, 3.0660741184778946, 2.5011589193811736, 2.554722497650185, 3.0214524090245076, 4.841213717653869, 4.7199198224122405, 4.5821745863727195, 4.5282963131844625, 6.631409361515846, 7.015751576987315, 6.951359579247789, 8.110828740640502, 7.780954806448885], [2.7495141461720105, 2.1589051924528784, 1.0968940969847545, 2.1614477578697104, 2.754836439790936, 4.161853128114926, 5.122603277631404, 6.52415201309718, 7.57820951610603, 7.079782228995466, 3.1112890110049243, 2.559086385802558, 3.7528376610239884, 3.06699523801391, 2.508305950238128, 1.7650472996495024, 0.0, 2.5060312428220044, 3.0607392587412603, 3.1248407911444067, 2.4832887004937625, 4.753284499164762, 4.320999571858344, 5.29832000637938, 4.977502268206415, 6.644529272266018, 7.758914278428394, 7.491468633719292, 8.550215094955213, 7.978759896750872], [4.167744736665143, 2.755421020461301, 2.1605320756702504, 1.0966231531387616, 2.161179719505067, 2.7611198470910314, 3.4627298089801926, 4.664060769329661, 5.655477960349593, 5.547887340240427, 4.729083162728268, 4.384294057200087, 4.836840646537779, 3.090062737227191, 2.534229825805071, 3.0660741184778946, 2.5060312428220044, 0.0, 1.7657252730818573, 3.0677893310982096, 2.52546978995988, 3.7232505986033226, 2.529498244711785, 4.066234294774466, 3.058810873525854, 4.560822221924463, 6.089531434355192, 5.421574223415188, 6.558632907855111, 6.331773566703092], [4.155683521395728, 2.7422368205536154, 2.1529762864462767, 1.0955961847323128, 2.1665225454631205, 2.8458178595967802, 2.8590247095819232, 4.2867217917658245, 4.946148386370955, 5.242862300308868, 4.3742236499749305, 4.717899360944445, 4.823469898320088, 2.5209005811415888, 3.075955050061688, 2.5011589193811736, 3.0607392587412603, 1.7657252730818573, 0.0, 2.493876873464285, 3.063840834638771, 3.848615688789932, 3.17458376956728, 3.0885011089523666, 2.2661939413916015, 4.554046624706427, 5.1203308691919505, 4.655893626362183, 5.986107686969889, 6.094814610798265], [5.1937353349973465, 4.192639633929918, 2.7817168385728985, 2.1633917953066195, 1.0967819564526031, 2.162662148834163, 2.783869427613299, 4.191841387743577, 5.201030495969044, 4.456933587120186, 5.114648240104103, 5.42306320081188, 6.164269340319256, 4.374336642280747, 4.729179820011077, 2.554722497650185, 3.1248407911444067, 3.0677893310982096, 2.493876873464285, 0.0, 1.760214765305643, 2.4961712481318266, 3.0677716358946925, 2.5284428449146326, 3.152141960635656, 4.7213164816605975, 5.13369097141618, 5.434709162411545, 6.170064023979005, 5.424049352651578], [5.121206647851656, 4.1434563518878775, 2.712436563313509, 2.1535966335412025, 1.0971354884425168, 2.143142410107177, 3.483850939693029, 4.677740952639425, 5.973490897289456, 4.909704587854549, 5.329838584797855, 5.042143070163718, 6.102043816624066, 4.684123672577401, 4.355621008535981, 3.0214524090245076, 2.4832887004937625, 2.52546978995988, 3.063840834638771, 1.760214765305643, 0.0, 2.3865245232345718, 2.4980055824597347, 3.719402581060566, 3.8359951642305283, 4.838035471139086, 6.182394430154064, 6.193386855348211, 6.82795155665299, 5.791849062259823], [7.173858387924869, 5.965514474041615, 4.656456112753561, 3.479243843136034, 2.1401452333895477, 1.096664511142765, 2.161536317067099, 2.7510811620161264, 4.186228816010897, 2.6007464889911898, 7.333375641544622, 7.274485497957914, 8.081741729355127, 6.188317010302559, 6.118569547696587, 4.841213717653869, 4.753284499164762, 3.7232505986033226, 3.848615688789932, 2.4961712481318266, 2.3865245232345718, 0.0, 1.7599064378540128, 2.508548994937113, 3.0681457494714945, 3.024847067208522, 4.440638860569502, 4.727105425098958, 4.854738431676829, 3.4511005230216054], [6.545644706214966, 5.184190950379818, 4.173794491826353, 2.7811825740141547, 2.1622111853378243, 1.096851029082801, 2.1648610902318883, 2.7890226011992088, 4.175303616505032, 3.3609140200249095, 6.940477341653094, 6.673288788146366, 7.313161924229491, 5.406863220944284, 5.061056759215411, 4.7199198224122405, 4.320999571858344, 2.529498244711785, 3.17458376956728, 3.0677716358946925, 2.4980055824597347, 1.7599064378540128, 0.0, 3.060974023084809, 2.502657261791954, 2.5437060463033068, 4.753358961828992, 4.35563991280271, 4.86376271933572, 4.055754007579848], [6.993354860866136, 5.7232262003174394, 4.683020413152178, 3.4741637986715594, 2.7592424902498145, 2.1514507175392144, 1.097215115645059, 2.162554336889596, 2.7850000466786353, 2.6406921403298793, 6.9602188284564726, 7.453015503807838, 7.780016083530934, 5.497824051386147, 6.106359030551675, 4.5821745863727195, 5.29832000637938, 4.066234294774466, 3.0885011089523666, 2.5284428449146326, 3.719402581060566, 2.508548994937113, 3.060974023084809, 0.0, 1.7706752440806304, 3.069200407272226, 2.6053174489877424, 3.1638950835955355, 3.7786315221254374, 3.537132657958986], [6.416964655504969, 4.970795195941993, 4.273064096172676, 2.8397799879568137, 2.828240877294577, 2.1661267576021492, 1.0954648921804844, 2.1546182631733166, 2.709374134371257, 3.3494144174765834, 6.618762428128086, 6.934720367830271, 7.045266169563787, 4.668561620028164, 5.104160264921156, 4.5282963131844625, 4.977502268206415, 3.058810873525854, 2.2661939413916015, 3.152141960635656, 3.8359951642305283, 3.0681457494714945, 2.502657261791954, 1.7706752440806304, 0.0, 2.5336749160063925, 3.0671445042579912, 2.518059042198971, 3.725604152348985, 4.07670661931908], [8.536127089611542, 7.068290470828147, 6.2416221457246195, 4.7211557123229895, 4.2055459883349275, 2.7478068363696893, 2.1665072790092355, 1.0959155715656204, 2.154549238239869, 2.048914190492125, 8.856708884230079, 8.865608421309844, 9.192620543675236, 6.957635154274762, 6.968689739829145, 6.631409361515846, 6.644529272266018, 4.560822221924463, 4.554046624706427, 4.7213164816605975, 4.838035471139086, 3.024847067208522, 2.5437060463033068, 3.069200407272226, 2.5336749160063925, 0.0, 3.0714375836080405, 2.5201519081198263, 2.4887554761366175, 2.2787362155370245], [9.203807476256769, 7.848175393682279, 7.058240853073803, 5.7396445369029605, 5.2480838150700295, 4.230560513690828, 2.7898791586733642, 2.171115835233118, 1.095547940530217, 2.6601992011877607, 9.201142549162032, 9.781772622076225, 9.843884601619425, 7.406340046878755, 8.112504805545571, 7.015751576987315, 7.758914278428394, 6.089531434355192, 5.1203308691919505, 5.13369097141618, 6.182394430154064, 4.440638860569502, 4.753358961828992, 2.6053174489877424, 3.0671445042579912, 3.0714375836080405, 0.0, 1.7800857366992184, 1.7573599432102691, 2.9107332220593496], [8.742308318173182, 7.287834041743815, 6.754882513412058, 5.342105246061706, 5.238745973990341, 4.191078941036544, 2.783823677965255, 2.1747559081423367, 1.094186519748804, 3.357246663562271, 8.920976165196274, 9.349330632724463, 9.247659034588157, 6.800843131553617, 7.350672650172908, 6.951359579247789, 7.491468633719292, 5.421574223415188, 4.655893626362183, 5.434709162411545, 6.193386855348211, 4.727105425098958, 4.35563991280271, 3.1638950835955355, 2.518059042198971, 2.5201519081198263, 1.7800857366992184, 0.0, 1.7768229343409545, 3.546668670738782], [10.140020193766873, 8.690157587754092, 7.948381239598413, 6.487244456624091, 6.011128404883729, 4.698934910168473, 3.475665088871481, 2.164853935026564, 1.0953735709793255, 2.6540918936615587, 10.297558251352598, 10.64794811501258, 10.740212235333155, 8.32163498478514, 8.749016476724684, 8.110828740640502, 8.550215094955213, 6.558632907855111, 5.986107686969889, 6.170064023979005, 6.82795155665299, 4.854738431676829, 4.86376271933572, 3.7786315221254374, 3.725604152348985, 2.4887554761366175, 1.7573599432102691, 1.7768229343409545, 0.0, 2.3738623001345296], [10.079944091610825, 8.706467027445749, 7.638154695343634, 6.226815055869252, 5.263021079190164, 3.824914915393544, 3.2520278181467024, 1.9524730625542572, 2.5427276417264983, 0.9723914540965486, 10.223983072169085, 10.375112557461724, 10.856243868852616, 8.611049983596658, 8.788768970111798, 7.780954806448885, 7.978759896750872, 6.331773566703092, 6.094814610798265, 5.424049352651578, 5.791849062259823, 3.4511005230216054, 4.055754007579848, 3.537132657958986, 4.07670661931908, 2.2787362155370245, 2.9107332220593496, 3.546668670738782, 2.3738623001345296, 0.0]]}