{"total energy": -27.3675687, "HOMO-LUMO gap/eV": 6.86411729, "electronic energy": -27.84090313, "dipole": [0.26683854, 0.12017407, -0.00656199], "partial charges": [-0.1000426, -0.05185674, -0.05788263, -0.05775274, -0.05672796, -0.05080814, -0.03860869, -0.02803115, -0.11387063, 0.03143479, 0.03228488, 0.03230136, 0.02862, 0.02860671, 0.02980785, 0.02977595, 0.02883889, 0.02883071, 0.02865825, 0.02866064, 0.03219938, 0.03218091, 0.04710499, 0.0471019, 0.06917407], "atomic dipole moments": [[-0.08839308, -0.048956, 0.00574858], [0.0090391, 0.10266225, -0.03920497], [-0.01211741, -0.10235939, 0.03857079], [0.00959978, 0.10008014, -0.03808152], [-0.00926876, -0.10183204, 0.03882519], [0.00706305, 0.10667801, -0.04106487], [0.05788741, -0.06306305, 0.03381843], [0.37342918, 0.20671822, -0.02432286], [-0.28773572, -0.16460756, 0.02085448], [0.092138, -0.07229684, 0.04274365], [-0.00113571, 0.10526512, 0.06907027], [0.02775144, 0.03096173, -0.1188267], [0.01052169, -0.10514569, -0.06401916], [-0.01743394, -0.03330478, 0.1177134], [0.02100542, 0.03414893, -0.11741736], [-0.00691224, 0.10596244, 0.06421875], [-0.02109089, -0.03411945, 0.11770816], [0.0068946, -0.10613622, -0.06443707], [-0.00636943, 0.10570704, 0.06438116], [0.02155949, 0.03390458, -0.11724518], [-0.021224, -0.03638327, 0.11888498], [0.00683377, -0.10860199, -0.06378872], [0.02498723, 0.03690749, -0.12217237], [-0.00404511, 0.11157414, 0.06668338], [-0.18636062, -0.10591146, 0.01323038]], "atomic quadrupole moments": [[0.15659944, 0.14383603, -0.03220073, -0.0129935, -0.01607097, -0.12439871], [0.22301948, 0.01442645, -0.02850522, 0.06487941, -0.07981693, -0.19451426], [0.22574814, 0.00622956, -0.02635484, 0.06969139, -0.08499144, -0.19939329], [0.2239861, 0.00300206, -0.02606104, 0.0704841, -0.08506689, -0.19792506], [0.2224308, 0.00632827, -0.02431308, 0.06895592, -0.08525342, -0.19811772], [0.22512319, -0.00568353, -0.02741481, 0.07420793, -0.08617351, -0.19770838], [0.13927074, -0.07653314, -0.01188046, 0.07755555, -0.07363961, -0.12739028], [-0.60410152, -0.63128334, 0.12767887, 0.08289456, 0.04245859, 0.47642265], [-0.71139393, -0.7296567, 0.15596726, 0.09307605, 0.04755614, 0.55542666], [0.02676738, -0.04645263, 0.01034941, 0.03092388, -0.03294122, -0.03711678], [-0.03130028, -0.00501391, 0.03911179, -0.01593819, 0.05897007, -0.00781151], [-0.03477459, 0.01468216, -0.03937712, -0.01098523, -0.02408276, 0.07415171], [-0.01725109, -0.00400095, 0.01881574, 0.00060897, 0.04700459, -0.00156465], [-0.01375938, 0.0024903, -0.03770828, -0.01478001, -0.01398205, 0.05146766], [-0.01810064, 0.00159937, -0.03545409, -0.01292231, -0.01296652, 0.05355474], [-0.02024591, -0.00629238, 0.01948927, -0.00182202, 0.04606341, 0.00075664], [-0.01738986, 0.00163028, -0.03543923, -0.01284014, -0.0128304, 0.05282908], [-0.01960192, -0.00611937, 0.01906281, -0.00161611, 0.04574249, 0.00053911], [-0.02033313, -0.00639366, 0.01964034, -0.0018941, 0.0459398, 0.0006928], [-0.01822894, 0.00156223, -0.03526333, -0.01279092, -0.01303903, 0.05349228], [-0.01575842, 0.0012031, -0.03590571, -0.0130384, -0.01075031, 0.05166413], [-0.01824828, -0.0057218, 0.0162083, -0.00109613, 0.04532776, 0.00203998], [-0.01952429, -0.00562352, -0.0359532, -0.01192853, -0.01527681, 0.0554775], [-0.02250835, -0.01287784, 0.02113955, 0.00193187, 0.04621761, 0.0013688], [-0.02537899, -0.0252396, 0.00576019, 0.00303121, 0.00167713, 0.0196188]], "number of molecular orbitals": 52, "number of electrons": 52, "number of unpaired electrons": 0, "orbital energies/eV": [-17.05475653, -16.89451467, -16.62999311, -16.30674225, -15.96599588, -15.4316315, -15.18718888, -15.05405346, -14.28910451, -14.1171626, -13.89749259, -13.60405979, -13.3186808, -13.29471345, -13.01263928, -12.71163431, -12.58121732, -12.32817287, -12.06641583, -11.93851331, -11.78036593, -11.56610574, -11.51567748, -11.44042051, -10.86738228, -10.83206151, -3.96794422, -3.86247356, 0.90731524, 2.00054325, 2.68567277, 2.82147359, 3.17411962, 3.65346008, 3.74533058, 3.85222783, 4.14046415, 4.514796, 4.72680957, 4.89140388, 4.94005201, 5.5073896, 6.04536609, 6.18289122, 6.40243467, 7.01143018, 7.18959644, 7.29721906, 7.94777183, 8.45939965, 8.54204663, 38.02222719], "fractional occupation": [2.0, 2.0, 2.0, 2.0, 2.0, 2.0, 2.0, 2.0, 2.0, 2.0, 2.0, 2.0, 2.0, 2.0, 2.0, 2.0, 2.0, 2.0, 2.0, 2.0, 2.0, 2.0, 2.0, 2.0, 2.0, 2.0, 0.0, 0.0, 0.0, 0.0, 0.0, 0.0, 0.0, 0.0, 0.0, 0.0, 0.0, 0.0, 0.0, 0.0, 0.0, 0.0, 0.0, 0.0, 0.0, 0.0, 0.0, 0.0, 0.0, 0.0, 0.0, 0.0], "program call": "xtb /home/svss/Project-DBcg-Debug/aqme2_20220329/End-to-End-workflows-final/example-3/QDESCP/mol_198_rdkit_conf_1/mol_198_rdkit_conf_1.xyz --pop --wbo --acc 0.2 --gfn 2 --chrg 0 --uhf 0 --etemp 300 --input /home/svss/Project-DBcg-Debug/aqme2_20220329/End-to-End-workflows-final/example-3/QDESCP/mol_198_rdkit_conf_1/mol_198_rdkit_conf_1_xtb.inp", "method": "GFN2-xTB", "xtb version": "6.3.3 (7355c4f)", "Dipole module/D": 0.744, "Total charge": 0, "Transition dipole module/D": NaN, "HOMO": -10.8321, "LUMO": -3.9679, "HOMO occupancy": 2.0, "LUMO occupancy": 0, "mulliken charges": [-0.08348, -0.03845, -0.04656, -0.04499, -0.04692, -0.04093, -0.02098, -0.02698, -0.10602, 0.02848, 0.02681, 0.02682, 0.02235, 0.02234, 0.02296, 0.02294, 0.02354, 0.02354, 0.02339, 0.02339, 0.02755, 0.02754, 0.03745, 0.03745, 0.05875], "cm5 charges": [-0.23382, -0.15096, -0.15719, -0.15568, -0.15754, -0.14981, -0.12347, -0.03908, -0.15746, 0.07927, 0.0781, 0.07812, 0.07707, 0.07705, 0.0783, 0.07827, 0.0789, 0.07889, 0.07875, 0.07875, 0.08294, 0.08292, 0.09277, 0.09277, 0.11216], "FUKUI+": [0.005, -0.0, -0.0, 0.0, 0.003, -0.007, 0.016, -0.215, -0.187, -0.018, -0.01, -0.01, -0.01, -0.01, -0.015, -0.015, -0.018, -0.018, -0.028, -0.028, -0.037, -0.037, -0.092, -0.092, -0.177], "FUKUI-": [0.017, 0.006, 0.008, 0.009, 0.01, 0.007, 0.006, -0.064, -0.082, -0.052, -0.056, -0.056, -0.073, -0.073, -0.061, -0.061, -0.041, -0.041, -0.036, -0.036, -0.051, -0.051, -0.075, -0.075, -0.078], "FUKUIrad": [0.011, 0.003, 0.004, 0.005, 0.007, 0.0, 0.011, -0.14, -0.135, -0.035, -0.033, -0.033, -0.042, -0.042, -0.038, -0.038, -0.029, -0.029, -0.032, -0.032, -0.044, -0.044, -0.084, -0.084, -0.128], "s proportion": [1.007, 1.027, 1.032, 1.032, 1.033, 1.032, 1.021, 1.113, 1.088, 0.972, 0.973, 0.973, 0.978, 0.978, 0.977, 0.977, 0.976, 0.976, 0.977, 0.977, 0.972, 0.972, 0.963, 0.963, 0.941], "p proportion": [3.076, 3.011, 3.014, 3.013, 3.014, 3.008, 3.0, 2.914, 3.018, 0.0, 0.0, 0.0, 0.0, 0.0, 0.0, 0.0, 0.0, 0.0, 0.0, 0.0, 0.0, 0.0, 0.0, 0.0, 0.0], "d proportion": [0.0, 0.0, 0.0, 0.0, 0.0, 0.0, 0.0, 0.0, 0.0, 0.0, 0.0, 0.0, 0.0, 0.0, 0.0, 0.0, 0.0, 0.0, 0.0, 0.0, 0.0, 0.0, 0.0, 0.0, 0.0], "Fermi-level/eV": -7.4, "Coordination numbers": [3.75, 3.8, 3.802, 3.802, 3.802, 3.805, 3.803, 1.965, 1.908, 0.924, 0.924, 0.924, 0.924, 0.924, 0.924, 0.924, 0.924, 0.924, 0.924, 0.924, 0.924, 0.924, 0.924, 0.924, 0.927], "Dispersion coefficient C6": [22.474, 21.505, 21.614, 21.612, 21.593, 21.482, 21.262, 31.815, 34.277, 2.566, 2.554, 2.554, 2.606, 2.606, 2.589, 2.59, 2.603, 2.603, 2.606, 2.606, 2.556, 2.556, 2.357, 2.357, 2.094], "Total dispersion C6": 4812.125648, "Total dispersion C8": 105513.245192, "Polarizability alpha": [6.761, 6.603, 6.619, 6.619, 6.616, 6.598, 6.565, 9.109, 9.455, 2.505, 2.499, 2.499, 2.525, 2.525, 2.516, 2.517, 2.523, 2.523, 2.524, 2.524, 2.5, 2.5, 2.401, 2.401, 2.263], "Total polarizability alpha": 104.690008, "Wiberg matrix": [[0.0, 1.0200860316462663, 0.0, 0.0, 0.0, 0.0, 0.0, 0.0, 0.0, 0.9873816091515523, 0.987716296768633, 0.9877161321408285, 0.0, 0.0, 0.0, 0.0, 0.0, 0.0, 0.0, 0.0, 0.0, 0.0, 0.0, 0.0, 0.0], [1.0200860316462663, 0.0, 1.0076788239414383, 0.0, 0.0, 0.0, 0.0, 0.0, 0.0, 0.0, 0.0, 0.0, 0.9780979351686894, 0.9780981328081797, 0.0, 0.0, 0.0, 0.0, 0.0, 0.0, 0.0, 0.0, 0.0, 0.0, 0.0], [0.0, 1.0076788239414383, 0.0, 1.0070024397238164, 0.0, 0.0, 0.0, 0.0, 0.0, 0.0, 0.0, 0.0, 0.0, 0.0, 0.9772442328440762, 0.9772385358265168, 0.0, 0.0, 0.0, 0.0, 0.0, 0.0, 0.0, 0.0, 0.0], [0.0, 0.0, 1.0070024397238164, 0.0, 1.0066439418188398, 0.0, 0.0, 0.0, 0.0, 0.0, 0.0, 0.0, 0.0, 0.0, 0.0, 0.0, 0.977328351460998, 0.9773250180718546, 0.0, 0.0, 0.0, 0.0, 0.0, 0.0, 0.0], [0.0, 0.0, 0.0, 1.0066439418188398, 0.0, 1.0058103744448494, 0.0, 0.0, 0.0, 0.0, 0.0, 0.0, 0.0, 0.0, 0.0, 0.0, 0.0, 0.0, 0.9772204547796346, 0.9772225551029484, 0.0, 0.0, 0.0, 0.0, 0.0], [0.0, 0.0, 0.0, 0.0, 1.0058103744448494, 0.0, 0.9899521810827024, 0.0, 0.0, 0.0, 0.0, 0.0, 0.0, 0.0, 0.0, 0.0, 0.0, 0.0, 0.0, 0.0, 0.9778041276413965, 0.9778014415072704, 0.0, 0.0, 0.0], [0.0, 0.0, 0.0, 0.0, 0.0, 0.9899521810827024, 0.0, 1.044138966625055, 0.0, 0.0, 0.0, 0.0, 0.0, 0.0, 0.0, 0.0, 0.0, 0.0, 0.0, 0.0, 0.0, 0.0, 0.957606598996104, 0.9576048462177273, 0.0], [0.0, 0.0, 0.0, 0.0, 0.0, 0.0, 1.044138966625055, 0.0, 2.9023407072812293, 0.0, 0.0, 0.0, 0.0, 0.0, 0.0, 0.0, 0.0, 0.0, 0.0, 0.0, 0.0, 0.0, 0.0, 0.0, 0.0], [0.0, 0.0, 0.0, 0.0, 0.0, 0.0, 0.0, 2.9023407072812293, 0.0, 0.0, 0.0, 0.0, 0.0, 0.0, 0.0, 0.0, 0.0, 0.0, 0.0, 0.0, 0.0, 0.0, 0.0, 0.0, 0.9707137925733961], [0.9873816091515523, 0.0, 0.0, 0.0, 0.0, 0.0, 0.0, 0.0, 0.0, 0.0, 0.0, 0.0, 0.0, 0.0, 0.0, 0.0, 0.0, 0.0, 0.0, 0.0, 0.0, 0.0, 0.0, 0.0, 0.0], [0.987716296768633, 0.0, 0.0, 0.0, 0.0, 0.0, 0.0, 0.0, 0.0, 0.0, 0.0, 0.0, 0.0, 0.0, 0.0, 0.0, 0.0, 0.0, 0.0, 0.0, 0.0, 0.0, 0.0, 0.0, 0.0], [0.9877161321408285, 0.0, 0.0, 0.0, 0.0, 0.0, 0.0, 0.0, 0.0, 0.0, 0.0, 0.0, 0.0, 0.0, 0.0, 0.0, 0.0, 0.0, 0.0, 0.0, 0.0, 0.0, 0.0, 0.0, 0.0], [0.0, 0.9780979351686894, 0.0, 0.0, 0.0, 0.0, 0.0, 0.0, 0.0, 0.0, 0.0, 0.0, 0.0, 0.0, 0.0, 0.0, 0.0, 0.0, 0.0, 0.0, 0.0, 0.0, 0.0, 0.0, 0.0], [0.0, 0.9780981328081797, 0.0, 0.0, 0.0, 0.0, 0.0, 0.0, 0.0, 0.0, 0.0, 0.0, 0.0, 0.0, 0.0, 0.0, 0.0, 0.0, 0.0, 0.0, 0.0, 0.0, 0.0, 0.0, 0.0], [0.0, 0.0, 0.9772442328440762, 0.0, 0.0, 0.0, 0.0, 0.0, 0.0, 0.0, 0.0, 0.0, 0.0, 0.0, 0.0, 0.0, 0.0, 0.0, 0.0, 0.0, 0.0, 0.0, 0.0, 0.0, 0.0], [0.0, 0.0, 0.9772385358265168, 0.0, 0.0, 0.0, 0.0, 0.0, 0.0, 0.0, 0.0, 0.0, 0.0, 0.0, 0.0, 0.0, 0.0, 0.0, 0.0, 0.0, 0.0, 0.0, 0.0, 0.0, 0.0], [0.0, 0.0, 0.0, 0.977328351460998, 0.0, 0.0, 0.0, 0.0, 0.0, 0.0, 0.0, 0.0, 0.0, 0.0, 0.0, 0.0, 0.0, 0.0, 0.0, 0.0, 0.0, 0.0, 0.0, 0.0, 0.0], [0.0, 0.0, 0.0, 0.9773250180718546, 0.0, 0.0, 0.0, 0.0, 0.0, 0.0, 0.0, 0.0, 0.0, 0.0, 0.0, 0.0, 0.0, 0.0, 0.0, 0.0, 0.0, 0.0, 0.0, 0.0, 0.0], [0.0, 0.0, 0.0, 0.0, 0.9772204547796346, 0.0, 0.0, 0.0, 0.0, 0.0, 0.0, 0.0, 0.0, 0.0, 0.0, 0.0, 0.0, 0.0, 0.0, 0.0, 0.0, 0.0, 0.0, 0.0, 0.0], [0.0, 0.0, 0.0, 0.0, 0.9772225551029484, 0.0, 0.0, 0.0, 0.0, 0.0, 0.0, 0.0, 0.0, 0.0, 0.0, 0.0, 0.0, 0.0, 0.0, 0.0, 0.0, 0.0, 0.0, 0.0, 0.0], [0.0, 0.0, 0.0, 0.0, 0.0, 0.9778041276413965, 0.0, 0.0, 0.0, 0.0, 0.0, 0.0, 0.0, 0.0, 0.0, 0.0, 0.0, 0.0, 0.0, 0.0, 0.0, 0.0, 0.0, 0.0, 0.0], [0.0, 0.0, 0.0, 0.0, 0.0, 0.9778014415072704, 0.0, 0.0, 0.0, 0.0, 0.0, 0.0, 0.0, 0.0, 0.0, 0.0, 0.0, 0.0, 0.0, 0.0, 0.0, 0.0, 0.0, 0.0, 0.0], [0.0, 0.0, 0.0, 0.0, 0.0, 0.0, 0.957606598996104, 0.0, 0.0, 0.0, 0.0, 0.0, 0.0, 0.0, 0.0, 0.0, 0.0, 0.0, 0.0, 0.0, 0.0, 0.0, 0.0, 0.0, 0.0], [0.0, 0.0, 0.0, 0.0, 0.0, 0.0, 0.9576048462177273, 0.0, 0.0, 0.0, 0.0, 0.0, 0.0, 0.0, 0.0, 0.0, 0.0, 0.0, 0.0, 0.0, 0.0, 0.0, 0.0, 0.0, 0.0], [0.0, 0.0, 0.0, 0.0, 0.0, 0.0, 0.0, 0.0, 0.9707137925733961, 0.0, 0.0, 0.0, 0.0, 0.0, 0.0, 0.0, 0.0, 0.0, 0.0, 0.0, 0.0, 0.0, 0.0, 0.0, 0.0]], "Born radii": [], "Atomic SASAs": [], "Solvent H bonds": [], "Total SASA": NaN, "Total FOD": 0.0, "FOD": [0.0, 0.0, 0.0, 0.0, 0.0, 0.0, 0.0, 0.0, 0.0, 0.0, 0.0, 0.0, 0.0, 0.0, 0.0, 0.0, 0.0, 0.0, 0.0, 0.0, 0.0, 0.0, 0.0, 0.0, 0.0], "FOD s proportion": [0.0, 0.0, 0.0, 0.0, 0.0, 0.0, 0.0, 0.0, 0.0, 0.0, 0.0, 0.0, 0.0, 0.0, 0.0, 0.0, 0.0, 0.0, 0.0, 0.0, 0.0, 0.0, 0.0, 0.0, 0.0], "FOD p proportion": [0.0, 0.0, 0.0, 0.0, 0.0, 0.0, 0.0, 0.0, 0.0, 0.0, 0.0, 0.0, 0.0, 0.0, 0.0, 0.0, 0.0, 0.0, 0.0, 0.0, 0.0, 0.0, 0.0, 0.0, 0.0], "FOD d proportion": [0.0, 0.0, 0.0, 0.0, 0.0, 0.0, 0.0, 0.0, 0.0, 0.0, 0.0, 0.0, 0.0, 0.0, 0.0, 0.0, 0.0, 0.0, 0.0, 0.0, 0.0, 0.0, 0.0, 0.0, 0.0], "coordinates": [["4.28840", "0.26140", "0.51320"], ["2.96730", "-0.48550", "0.60550"], ["1.80610", "0.36480", "0.09080"], ["0.47920", "-0.39010", "0.18540"], ["-0.68300", "0.46080", "-0.32970"], ["-2.01020", "-0.29400", "-0.23520"], ["-3.17180", "0.55590", "-0.74980"], ["-4.44470", "-0.17430", "-0.65670"], ["-5.48580", "-0.76800", "-0.58200"], ["5.10470", "-0.36490", "0.88630"], ["4.26330", "1.17830", "1.11070"], ["4.51440", "0.53230", "-0.52300"], ["3.03690", "-1.41210", "0.02400"], ["2.78710", "-0.76970", "1.64880"], ["1.99330", "0.64990", "-0.95160"], ["1.74360", "1.29230", "0.67310"], ["0.29210", "-0.67490", "1.22790"], ["0.54180", "-1.31740", "-0.39700"], ["-0.74560", "1.38800", "0.25280"], ["-0.49580", "0.74550", "-1.37220"], ["-2.19550", "-0.58350", "0.80720"], ["-1.94640", "-1.22450", "-0.81400"], ["-2.99020", "0.84160", "-1.79250"], ["-3.23970", "1.48340", "-0.16930"], ["-6.40970", "-1.29510", "-0.51560"]], "bond_dist": [[0.0, 1.5204223459289203, 2.520104483945061, 3.8783900951296792, 5.046291581944111, 6.36717627210053, 7.57208579520861, 8.821878264292701, 9.889090607330889, 1.0944409486125783, 1.094688024050688, 1.0946110039644221, 2.1461992311991915, 2.1463122466220987, 2.750282767280485, 2.7503326816950713, 4.166277411550988, 4.166303522308475, 5.1650935828888915, 5.165041685214168, 6.5453228507079775, 6.545386901474962, 7.657081852115726, 7.657113023849133, 10.859579425557879], [1.5204223459289203, 0.0, 1.5284997939155893, 2.525119161544658, 3.885199199526325, 5.051628944211956, 6.372589807919541, 7.525140415965672, 8.540776434844785, 2.1591368090049325, 2.1686570683259263, 2.168628022506396, 1.0961632953168976, 1.0962283384404912, 2.159252085792671, 2.1593018061401237, 2.753170746611986, 2.753200702818449, 4.173730459672737, 4.173693795668292, 5.167667823109376, 5.167741183534639, 6.55769812205472, 6.557723023275686, 9.478420035533347], [2.520104483945061, 1.5284997939155893, 0.0, 1.5295380936740346, 2.5261937890826984, 3.88644299199152, 5.051991288591064, 6.318376824786569, 7.409973096442389, 3.4707411744467493, 2.7820514193666517, 2.7820308373560496, 2.1625689561260235, 2.1625945644063753, 1.0967787425000541, 1.0969210500304933, 2.16013159321371, 2.160138923773191, 2.753970793236559, 2.753914504845784, 4.17436275496033, 4.174421370681211, 5.174809254455666, 5.174844501045418, 8.403711002289405], [3.8783900951296792, 2.525119161544658, 1.5295380936740346, 0.0, 1.5297279692808132, 2.5265098317639696, 3.8857838385581873, 5.000049325756697, 6.02602158724975, 4.6783700259812715, 4.1994608534906, 4.1994632228417, 2.759051150305119, 2.7589922308698154, 2.1602934546028694, 2.1603306251590286, 1.0967787835292948, 1.0968107448416065, 2.1601660607462563, 2.16016900264771, 2.7528274355651137, 2.7529182842939597, 4.179223571430464, 4.1792381542573045, 6.983363746075382], [5.046291581944111, 3.885199199526325, 2.5261937890826984, 1.5297279692808132, 0.0, 1.5297428313281942, 2.52579758888158, 3.8289251624966507, 4.963919073675557, 5.971424267291682, 5.201484605379506, 5.2014847784070275, 4.179774408984294, 4.179735220082727, 2.754106045525481, 2.7541582470874837, 2.1602667103855486, 2.160245256909502, 1.0967793077916814, 1.096769884706906, 2.1611941953466376, 2.1612408796800042, 2.7582538534369894, 2.7582882028533566, 5.992731973816283], [6.36717627210053, 5.051628944211956, 3.88644299199152, 2.5265098317639696, 1.5297428313281942, 0.0, 1.5285475883988695, 2.473616904453881, 3.5248746928082424, 7.203095936470651, 6.583002077320042, 6.583008862974438, 5.1759589121244005, 5.175889660725004, 4.175187231729854, 4.1752090989554045, 2.754329629873665, 2.75431131138076, 2.1602039625924214, 2.16026308814459, 1.0976083545600408, 1.0976839845784394, 2.162214293265124, 2.1622127138651273, 4.520666501745069], [7.57208579520861, 6.372589807919541, 5.051991288591064, 3.8857838385581873, 2.52579758888158, 1.5285475883988695, 0.0, 1.4704196883883185, 2.6712289400199305, 8.486763110868596, 7.689574371836194, 7.689581629711723, 6.55894397978821, 6.558886073869557, 5.169895284239324, 5.16992132725441, 4.1742986404904, 4.1742718754292945, 2.753914234321759, 2.753961858849901, 2.1623235303719004, 2.162302236043796, 1.0962784044210667, 1.0962877861218743, 3.73698368340029], [8.821878264292701, 7.525140415965672, 6.318376824786569, 5.000049325756697, 3.8289251624966507, 2.473616904453881, 1.4704196883883185, 0.0, 1.2008118045722238, 9.675133989769858, 8.98790818377669, 8.987915890794705, 7.613792740152571, 7.6137219971575005, 6.49723907902426, 6.497256381735293, 5.122459542055945, 5.12243144902887, 4.117197147332151, 4.117254364257811, 2.7146543960511806, 2.7146208243509813, 2.1065765355191823, 2.10655003500985, 2.266567195121292], [9.889090607330889, 8.540776434844785, 7.409973096442389, 6.02602158724975, 4.963919073675557, 3.5248746928082424, 2.6712289400199305, 1.2008118045722238, 0.0, 10.699396466623714, 10.084555904451122, 10.08455557424322, 8.568460544345175, 8.568392261095426, 7.621284759146585, 7.621308054395912, 6.055454898684327, 6.055413042889808, 5.273966541418328, 5.274011593654303, 3.5763096873732847, 3.576250635791625, 3.206889734618264, 3.2068814228156306, 1.0657554034580352], [1.0944409486125783, 2.1591368090049325, 3.4707411744467493, 4.6783700259812715, 5.971424267291682, 7.203095936470651, 8.486763110868596, 9.675133989769858, 10.699396466623714, 0.0, 1.7719411841254777, 1.7718770894167575, 2.473051954569495, 2.4731637733882486, 3.753465786443244, 3.7534996057013252, 4.834657104697292, 4.834684224434932, 6.1400318199501225, 6.139984581413866, 7.303900520269974, 7.303967651899891, 8.611563023052204, 8.611591932389736, 11.63666631858111], [1.094688024050688, 2.1686570683259263, 2.7820514193666517, 4.1994608534906, 5.201484605379506, 6.583002077320042, 7.689574371836194, 8.98790818377669, 10.084555904451122, 1.7719411841254777, 0.0, 1.7746388083212876, 3.065150242647169, 2.502682970334037, 3.1121034446174822, 2.5599566109604286, 4.383892735914053, 4.727709808141781, 5.086162178892844, 5.385270750853666, 6.701652701386427, 6.930966167858562, 7.820178986442702, 7.617512389881621, 11.075896724419202], [1.0946110039644221, 2.168628022506396, 2.7820308373560496, 4.1994632228417, 5.2014847784070275, 6.583008862974438, 7.689581629711723, 8.987915890794705, 10.08455557424322, 1.7718770894167575, 1.7746388083212876, 0.0, 2.502579990729567, 3.0652054629339287, 2.559975181520321, 3.1121677091699285, 4.727663264235304, 4.383927103636648, 5.385321543789191, 5.086128087258519, 6.9308873667085376, 6.701713503276606, 7.617500764686539, 7.820214940140713, 11.07589302629815], [2.1461992311991915, 1.0961632953168976, 2.1625689561260235, 2.759051150305119, 4.179774408984294, 5.1759589121244005, 6.55894397978821, 7.613792740152571, 8.568460544345175, 2.473051954569495, 3.065150242647169, 2.502579990729567, 0.0, 1.7649512287879232, 2.5085334998759734, 3.067203133149156, 3.086545980542004, 2.532140023774357, 4.71171048558801, 4.368590332132323, 5.355183466511675, 5.056749613140837, 6.686162602719142, 6.91498320316109, 9.462722056575476], [2.1463122466220987, 1.0962283384404912, 2.1625945644063753, 2.7589922308698154, 4.179735220082727, 5.175889660725004, 6.558886073869557, 7.6137219971575005, 8.568392261095426, 2.4731637733882486, 2.502682970334037, 3.0652054629339287, 1.7649512287879232, 0.0, 3.0671587438539922, 2.50853079311377, 2.532028603708892, 3.0865263679418002, 4.368575806827667, 4.711656232154464, 5.056605952612879, 5.355207664507512, 6.914913496928215, 6.686124846276803, 9.462653050809799], [2.750282767280485, 2.159252085792671, 1.0967787425000541, 2.1602934546028694, 2.754106045525481, 4.175187231729854, 5.169895284239324, 6.49723907902426, 7.621284759146585, 3.753465786443244, 3.1121034446174822, 2.559975181520321, 2.5085334998759734, 3.0671587438539922, 0.0, 1.764845018691443, 3.0658435592834805, 2.506930932435116, 3.081711242151023, 2.526195267591165, 4.707515102471792, 4.365036679112789, 5.057581828304906, 5.356398467253907, 8.636175658241326], [2.7503326816950713, 2.1593018061401237, 1.0969210500304933, 2.1603306251590286, 2.7541582470874837, 4.1752090989554045, 5.16992132725441, 6.497256381735293, 7.621308054395912, 3.7534996057013252, 2.5599566109604286, 3.1121677091699285, 3.067203133149156, 2.50853079311377, 1.764845018691443, 0.0, 2.5068967130697666, 3.065937269416972, 2.5262476561097493, 3.0817453966867543, 4.364987658630892, 4.707637268311992, 5.356414499457637, 5.057611675484783, 8.636199820522913], [4.166277411550988, 2.753170746611986, 2.16013159321371, 1.0967787835292948, 2.1602667103855486, 2.754329629873665, 4.1742986404904, 5.122459542055945, 6.055454898684327, 4.834657104697292, 4.383892735914053, 4.727663264235304, 3.086545980542004, 2.532028603708892, 3.0658435592834805, 2.5068967130697666, 0.0, 1.7650655370268833, 2.506630748634509, 3.0657531831509206, 2.524578422232116, 3.0793340221547907, 4.711271770976495, 4.368528123979518, 6.952594014466832], [4.166303522308475, 2.753200702818449, 2.160138923773191, 1.0968107448416065, 2.160245256909502, 2.75431131138076, 4.1742718754292945, 5.12243144902887, 6.055413042889808, 4.834684224434932, 4.727709808141781, 4.383927103636648, 2.532140023774357, 3.0865263679418002, 2.506930932435116, 3.065937269416972, 1.7650655370268833, 0.0, 3.065750798744086, 2.5066282552464774, 3.079207388273807, 2.5246105937352, 4.368492331457158, 4.71127054837652, 6.952547410841584], [5.1650935828888915, 4.173730459672737, 2.753970793236559, 2.1601660607462563, 1.0967793077916814, 2.1602039625924214, 2.753914234321759, 4.117197147332151, 5.273966541418328, 6.1400318199501225, 5.086162178892844, 5.385321543789191, 4.71171048558801, 4.368575806827667, 3.081711242151023, 2.5262476561097493, 2.506630748634509, 3.065750798744086, 0.0, 1.7651717451851534, 2.509259177526307, 3.0667799285243795, 3.0854552678656684, 2.531364134216964, 6.3143877755487905], [5.165041685214168, 4.173693795668292, 2.753914504845784, 2.16016900264771, 1.096769884706906, 2.16026308814459, 2.753961858849901, 4.117254364257811, 5.274011593654303, 6.139984581413866, 5.385270750853666, 5.086128087258519, 4.368590332132323, 4.711656232154464, 2.526195267591165, 3.0817453966867543, 3.0657531831509206, 2.5066282552464774, 1.7651717451851534, 0.0, 3.066758133599714, 2.5093281172457296, 2.5313867069256726, 3.0855229751210738, 6.314429913301755], [6.5453228507079775, 5.167667823109376, 4.17436275496033, 2.7528274355651137, 2.1611941953466376, 1.0976083545600408, 2.1623235303719004, 2.7146543960511806, 3.5763096873732847, 7.303900520269974, 6.701652701386427, 6.9308873667085376, 5.355183466511675, 5.056605952612879, 4.707515102471792, 4.364987658630892, 2.524578422232116, 3.079207388273807, 2.509259177526307, 3.066758133599714, 0.0, 1.7610284637109077, 3.0693481702146466, 2.513161654171892, 4.473886011064654], [6.545386901474962, 5.167741183534639, 4.174421370681211, 2.7529182842939597, 2.1612408796800042, 1.0976839845784394, 2.162302236043796, 2.7146208243509813, 3.576250635791625, 7.303967651899891, 6.930966167858562, 6.701713503276606, 5.056749613140837, 5.355207664507512, 4.365036679112789, 4.707637268311992, 3.0793340221547907, 2.5246105937352, 3.0667799285243795, 2.5093281172457296, 1.7610284637109077, 0.0, 2.5131155763314985, 3.0693623751522074, 4.473820940761935], [7.657081852115726, 6.55769812205472, 5.174809254455666, 4.179223571430464, 2.7582538534369894, 2.162214293265124, 1.0962784044210667, 2.1065765355191823, 3.206889734618264, 8.611563023052204, 7.820178986442702, 7.617500764686539, 6.686162602719142, 6.914913496928215, 5.057581828304906, 5.356414499457637, 4.711271770976495, 4.368492331457158, 3.0854552678656684, 2.5313867069256726, 3.0693481702146466, 2.5131155763314985, 0.0, 1.763217436960059, 4.229531977654265], [7.657113023849133, 6.557723023275686, 5.174844501045418, 4.1792381542573045, 2.7582882028533566, 2.1622127138651273, 1.0962877861218743, 2.10655003500985, 3.2068814228156306, 8.611591932389736, 7.617512389881621, 7.820214940140713, 6.91498320316109, 6.686124846276803, 5.356398467253907, 5.057611675484783, 4.368528123979518, 4.71127054837652, 2.531364134216964, 3.0855229751210738, 2.513161654171892, 3.0693623751522074, 1.763217436960059, 0.0, 4.229525498208989], [10.859579425557879, 9.478420035533347, 8.403711002289405, 6.983363746075382, 5.992731973816283, 4.520666501745069, 3.73698368340029, 2.266567195121292, 1.0657554034580352, 11.63666631858111, 11.075896724419202, 11.07589302629815, 9.462722056575476, 9.462653050809799, 8.636175658241326, 8.636199820522913, 6.952594014466832, 6.952547410841584, 6.3143877755487905, 6.314429913301755, 4.473886011064654, 4.473820940761935, 4.229531977654265, 4.229525498208989, 0.0]]}