{"total energy": -42.93458113, "HOMO-LUMO gap/eV": 4.80628252, "electronic energy": -43.46315458, "dipole": [-0.0830305, 0.28534296, -0.72656865], "partial charges": [-0.09970371, -0.05215456, -0.05851689, -0.05794756, -0.0578053, -0.05839067, -0.05659375, -0.08786627, 0.35368991, -0.40513166, -0.27688273, 0.0816793, -0.110343, 0.03192902, 0.03093372, 0.0315764, 0.02846466, 0.02797161, 0.03002878, 0.03111441, 0.03107157, 0.02866017, 0.03240821, 0.0285932, 0.03049824, 0.03965957, 0.05131077, 0.03558032, 0.06625464, 0.06838436, 0.05189162, 0.05516765, 0.05662628, 0.04753976, 0.05030192], "atomic dipole moments": [[-0.04766107, -0.05601504, 0.06857803], [-0.01984199, -0.00598819, -0.10784995], [0.01914981, 0.00584787, 0.11009565], [-0.01688778, -0.01407783, -0.10840041], [-0.02019038, 0.11078676, -0.01379463], [0.0069521, -0.11864084, 0.01160704], [-0.04222656, 0.12129015, -0.03886975], [-0.00800604, 0.01225805, 0.1007264], [-0.10856142, 0.10231848, -0.05899395], [0.01003553, 0.01392193, -0.17737014], [-0.03880246, 0.00406036, 0.22139252], [0.22406377, -0.07549046, -0.08834947], [-0.06127607, -0.11097565, -0.04045992], [0.0629826, -0.07149974, -0.08213712], [0.08239689, 0.07515662, 0.05572664], [-0.08038826, 0.07238758, -0.06409126], [-0.05380836, 0.07634346, 0.08107927], [0.0851727, -0.06288895, 0.06347288], [0.05643145, -0.07363923, -0.08246825], [-0.08125484, 0.06777112, -0.06493368], [-0.0605626, 0.07316933, 0.08094671], [0.08033771, -0.05995772, 0.06905139], [-0.03757531, -0.07106015, 0.09244164], [0.06165566, -0.07718923, -0.0740578], [0.03816622, 0.06427805, -0.09758302], [-0.05780597, 0.08392752, 0.07633868], [-0.03811319, -0.07115953, 0.10056622], [0.05713539, -0.07793301, -0.07287678], [0.04678467, 0.08143378, -0.09274855], [-0.06191539, -0.10144156, -0.05617131], [-0.09322244, 0.02387582, -0.07630198], [-0.05579259, -0.06701404, 0.09636147], [0.09959961, -0.01715945, 0.08182527], [-0.08834143, 0.07323116, 0.05810672], [0.05258713, 0.06564275, -0.09633209]], "atomic quadrupole moments": [[-0.03860305, 0.10259092, -0.00963864, -0.10817937, -0.13046453, 0.04824169], [-0.01044468, 0.22688668, -0.00294363, -0.01751632, -0.05128572, 0.0133883], [-0.00767857, 0.23039367, -0.01167987, -0.00519141, -0.03800327, 0.01935844], [-0.02403955, 0.2216556, 0.02660049, -0.01176243, -0.03370573, -0.00256094], [0.09568582, 0.03715722, 0.00434191, 0.197868, 0.01981867, -0.10002773], [0.10348141, 0.05363435, 0.03170722, 0.19056872, -0.00251202, -0.13518863], [0.12032362, 0.01389512, -0.00158439, 0.2088898, -0.00025026, -0.11873923], [0.08196073, -0.20788836, -0.09875626, 0.01783748, 0.0348846, 0.01679553], [0.12314096, 0.29913939, 0.22051353, 0.14784567, -0.01829479, -0.34365449], [0.02650045, 0.15738063, 0.0702786, 0.02534996, 0.02011176, -0.09677906], [0.0141253, -0.06942953, -0.00832386, -0.03514091, 0.02682657, -0.00580143], [0.08672518, -0.20357883, 0.08189133, -0.18754059, 0.26232821, -0.16861651], [-0.07409629, 0.12434305, 0.17116436, 0.04126564, 0.11839351, -0.09706807], [-0.0239539, -0.03483856, 0.01854789, -0.04069869, 0.04137324, 0.00540602], [0.00508373, 0.05512732, -0.0036511, 0.03664183, 0.02979506, -0.00143263], [0.02765265, -0.04461102, -0.01380898, 0.03284845, -0.03770116, -0.01384367], [-0.00124695, -0.0212751, 0.00860032, -0.03251887, 0.03104121, -0.00735337], [0.01568695, -0.02831192, 0.00636434, 0.02476926, -0.02729396, -0.02205128], [-0.00372912, -0.02426963, 0.01111757, -0.02957336, 0.0330514, -0.00738845], [0.0207693, -0.0292002, 0.00047541, 0.02592527, -0.02330879, -0.02124471], [-0.0004904, -0.02550879, 0.01551888, -0.03381035, 0.02658946, -0.01502848], [0.02541925, -0.02153065, -0.00150022, 0.0310267, -0.02922641, -0.02391903], [-0.00375309, 0.02602233, -0.02010655, -0.01744164, -0.03612785, 0.02385963], [0.00194822, -0.02504776, -0.01915496, -0.02468934, 0.03595066, 0.01720675], [-0.01121165, 0.01930846, -0.01890613, -0.02327857, -0.03181868, 0.03011778], [0.0013017, -0.02291823, -0.01015596, -0.02499718, 0.03360416, 0.00885426], [-0.00853778, 0.02010015, -0.0209526, -0.02137267, -0.02715292, 0.02949038], [0.00685694, -0.02340639, -0.01155988, -0.02278397, 0.0432737, 0.00470293], [-0.0020825, 0.00510366, -0.00056, -0.02030215, -0.05280707, 0.0026425], [0.0028596, 0.02361915, 0.02783446, 0.03504039, 0.02988777, -0.03069406], [0.00275291, -0.01990777, -0.01495844, 0.04432236, -0.00392056, 0.01220553], [-0.02841077, -0.00335335, 0.00921079, -0.01554501, -0.0209161, 0.01919998], [0.01501199, -0.01780404, -0.02062538, 0.05896749, -0.02602825, 0.00561339], [0.02921722, -0.04510865, -0.00421176, -0.04177942, 0.03574481, -0.02500545], [-0.03273059, 0.02749399, -0.0165829, -0.02684524, -0.04221839, 0.04931349]], "number of molecular orbitals": 74, "number of electrons": 78, "number of unpaired electrons": 0, "orbital energies/eV": [-20.01389277, -19.27077167, -18.26868682, -17.27234686, -16.91165408, -16.82393784, -16.68143945, -16.34808319, -16.17289925, -15.90302822, -15.55795857, -15.50652231, -15.19220962, -15.08894314, -14.96906932, -14.89574622, -14.14794634, -14.04021938, -13.90904145, -13.73385706, -13.5687495, -13.42374653, -13.37651472, -13.1109896, -13.07880759, -12.88630814, -12.73855326, -12.54874322, -12.34949703, -12.20896097, -12.13870964, -12.09144562, -11.88526311, -11.80550939, -11.61004304, -11.47263206, -11.3430559, -11.26515096, -11.18790265, -6.38162013, -0.05017014, 1.53782693, 2.08655162, 2.63420207, 2.83274433, 3.0775997, 3.11689178, 3.1495186, 3.43209643, 3.77931522, 3.8407178, 4.01844891, 4.09260203, 4.19806638, 4.28452881, 4.61749377, 4.74813516, 4.77580017, 4.78796761, 4.99532428, 5.22076562, 5.65052503, 6.0887719, 6.26036309, 6.3908503, 6.74507976, 7.0783704, 7.18542507, 7.33079032, 7.40863499, 7.50725186, 8.32708594, 8.47947679, 16.28733978], "fractional occupation": [2.0, 2.0, 2.0, 2.0, 2.0, 2.0, 2.0, 2.0, 2.0, 2.0, 2.0, 2.0, 2.0, 2.0, 2.0, 2.0, 2.0, 2.0, 2.0, 2.0, 2.0, 2.0, 2.0, 2.0, 2.0, 2.0, 2.0, 2.0, 2.0, 2.0, 2.0, 2.0, 2.0, 2.0, 2.0, 2.0, 2.0, 2.0, 2.0, 0.0, 0.0, 0.0, 0.0, 0.0, 0.0, 0.0, 0.0, 0.0, 0.0, 0.0, 0.0, 0.0, 0.0, 0.0, 0.0, 0.0, 0.0, 0.0, 0.0, 0.0, 0.0, 0.0, 0.0, 0.0, 0.0, 0.0, 0.0, 0.0, 0.0, 0.0, 0.0, 0.0, 0.0, 0.0], "program call": "xtb /home/svss/Project-DBcg-Debug/aqme2_20220329/End-to-End-workflows-final/example-3/QDESCP/mol_191_rdkit_conf_23/mol_191_rdkit_conf_23.xyz --pop --wbo --acc 0.2 --gfn 2 --chrg 0 --uhf 0 --etemp 300 --input /home/svss/Project-DBcg-Debug/aqme2_20220329/End-to-End-workflows-final/example-3/QDESCP/mol_191_rdkit_conf_23/mol_191_rdkit_conf_23_xtb.inp", "method": "GFN2-xTB", "xtb version": "6.3.3 (7355c4f)", "Dipole module/D": 1.995, "Total charge": 0, "Transition dipole module/D": NaN, "HOMO": -11.1879, "LUMO": -6.3816, "HOMO occupancy": 2.0, "LUMO occupancy": 0, "mulliken charges": [-0.08348, -0.03832, -0.04833, -0.0456, -0.04465, -0.04882, -0.03905, -0.07811, 0.57407, -0.52895, -0.4231, 0.20453, -0.09828, 0.02627, 0.02796, 0.02622, 0.02239, 0.02186, 0.02205, 0.02239, 0.02541, 0.02412, 0.0279, 0.02092, 0.01988, 0.03539, 0.04088, 0.02484, 0.0521, 0.05913, 0.03122, 0.04386, 0.05028, 0.03427, 0.03877], "cm5 charges": [-0.23382, -0.15092, -0.15915, -0.15616, -0.15525, -0.15896, -0.14754, -0.1768, 0.62322, -0.58082, -0.5061, 0.1219, -0.24481, 0.07756, 0.07873, 0.0775, 0.07709, 0.07657, 0.07749, 0.07836, 0.08063, 0.07903, 0.08287, 0.07612, 0.07604, 0.0935, 0.09882, 0.07986, 0.11171, 0.1169, 0.09379, 0.10978, 0.10523, 0.08552, 0.09208], "FUKUI+": [0.004, 0.002, 0.002, 0.005, 0.005, 0.007, 0.02, 0.027, -0.19, -0.28, -0.121, 0.03, 0.019, -0.005, -0.01, 0.0, -0.002, -0.009, -0.007, 0.007, -0.002, -0.018, -0.008, -0.018, -0.018, 0.013, -0.023, -0.054, -0.09, -0.099, -0.066, -0.031, -0.006, -0.051, -0.032], "FUKUI-": [0.016, 0.007, 0.007, 0.011, 0.01, 0.006, 0.011, -0.001, -0.009, -0.082, -0.043, 0.011, 0.009, -0.049, -0.041, -0.043, -0.064, -0.071, -0.053, -0.058, -0.033, -0.048, -0.051, -0.037, -0.043, -0.039, -0.038, -0.055, -0.032, -0.043, -0.052, -0.026, -0.022, -0.032, -0.023], "FUKUIrad": [0.01, 0.005, 0.004, 0.008, 0.008, 0.006, 0.015, 0.013, -0.1, -0.181, -0.082, 0.02, 0.014, -0.027, -0.026, -0.021, -0.033, -0.04, -0.03, -0.025, -0.018, -0.033, -0.03, -0.027, -0.03, -0.013, -0.03, -0.055, -0.061, -0.071, -0.059, -0.029, -0.014, -0.041, -0.028], "s proportion": [1.007, 1.027, 1.032, 1.032, 1.032, 1.032, 1.031, 1.039, 0.991, 1.731, 1.699, 0.993, 1.012, 0.974, 0.972, 0.974, 0.978, 0.978, 0.978, 0.978, 0.975, 0.976, 0.972, 0.979, 0.98, 0.965, 0.959, 0.975, 0.948, 0.941, 0.969, 0.956, 0.95, 0.966, 0.961], "p proportion": [3.076, 3.011, 3.017, 3.013, 3.013, 3.017, 3.009, 3.039, 2.435, 4.798, 4.724, 2.803, 3.086, 0.0, 0.0, 0.0, 0.0, 0.0, 0.0, 0.0, 0.0, 0.0, 0.0, 0.0, 0.0, 0.0, 0.0, 0.0, 0.0, 0.0, 0.0, 0.0, 0.0, 0.0, 0.0], "d proportion": [0.0, 0.0, 0.0, 0.0, 0.0, 0.0, 0.0, 0.0, 0.0, 0.0, 0.0, 0.0, 0.0, 0.0, 0.0, 0.0, 0.0, 0.0, 0.0, 0.0, 0.0, 0.0, 0.0, 0.0, 0.0, 0.0, 0.0, 0.0, 0.0, 0.0, 0.0, 0.0, 0.0, 0.0, 0.0], "Fermi-level/eV": -8.7848, "Coordination numbers": [3.75, 3.8, 3.801, 3.8, 3.8, 3.8, 3.801, 3.802, 2.711, 0.856, 1.702, 3.695, 3.748, 0.924, 0.924, 0.924, 0.924, 0.924, 0.924, 0.924, 0.924, 0.924, 0.924, 0.924, 0.924, 0.924, 0.924, 0.924, 0.924, 0.924, 0.924, 0.924, 0.924, 0.924, 0.924], "Dispersion coefficient C6": [22.467, 21.511, 21.627, 21.617, 21.614, 21.626, 21.591, 22.175, 20.995, 21.784, 18.595, 19.386, 22.677, 2.559, 2.573, 2.564, 2.609, 2.616, 2.586, 2.571, 2.571, 2.606, 2.553, 2.607, 2.579, 2.454, 2.304, 2.509, 2.127, 2.104, 2.297, 2.257, 2.239, 2.351, 2.316], "Total dispersion C6": 8890.282976, "Total dispersion C8": 188285.562703, "Polarizability alpha": [6.76, 6.603, 6.621, 6.62, 6.619, 6.621, 6.616, 6.704, 7.5, 6.258, 5.822, 6.299, 6.792, 2.502, 2.509, 2.504, 2.526, 2.529, 2.515, 2.507, 2.508, 2.524, 2.499, 2.525, 2.512, 2.45, 2.374, 2.477, 2.281, 2.268, 2.37, 2.349, 2.34, 2.398, 2.38], "Total polarizability alpha": 139.6806, "Wiberg matrix": [[0.0, 1.0201698447213818, 0.0, 0.0, 0.0, 0.0, 0.0, 0.0, 0.0, 0.0, 0.0, 0.0, 0.0, 0.9877322437011635, 0.9874073255813332, 0.9877294473049817, 0.0, 0.0, 0.0, 0.0, 0.0, 0.0, 0.0, 0.0, 0.0, 0.0, 0.0, 0.0, 0.0, 0.0, 0.0, 0.0, 0.0, 0.0, 0.0], [1.0201698447213818, 0.0, 1.007447379975565, 0.0, 0.0, 0.0, 0.0, 0.0, 0.0, 0.0, 0.0, 0.0, 0.0, 0.0, 0.0, 0.0, 0.9781891958798199, 0.9780065234929857, 0.0, 0.0, 0.0, 0.0, 0.0, 0.0, 0.0, 0.0, 0.0, 0.0, 0.0, 0.0, 0.0, 0.0, 0.0, 0.0, 0.0], [0.0, 1.007447379975565, 0.0, 1.0081391138086715, 0.0, 0.0, 0.0, 0.0, 0.0, 0.0, 0.0, 0.0, 0.0, 0.0, 0.0, 0.0, 0.0, 0.0, 0.9771195718276433, 0.97545681163112, 0.0, 0.0, 0.0, 0.0, 0.0, 0.0, 0.0, 0.0, 0.0, 0.0, 0.0, 0.0, 0.0, 0.0, 0.0], [0.0, 0.0, 1.0081391138086715, 0.0, 1.0063572784693087, 0.0, 0.0, 0.0, 0.0, 0.0, 0.0, 0.0, 0.0, 0.0, 0.0, 0.0, 0.0, 0.0, 0.0, 0.0, 0.9771487143926147, 0.9768259895665512, 0.0, 0.0, 0.0, 0.0, 0.0, 0.0, 0.0, 0.0, 0.0, 0.0, 0.0, 0.0, 0.0], [0.0, 0.0, 0.0, 1.0063572784693087, 0.0, 1.008077320938197, 0.0, 0.0, 0.0, 0.0, 0.0, 0.0, 0.0, 0.0, 0.0, 0.0, 0.0, 0.0, 0.0, 0.0, 0.0, 0.0, 0.9767085255609775, 0.9772194805770471, 0.0, 0.0, 0.0, 0.0, 0.0, 0.0, 0.0, 0.0, 0.0, 0.0, 0.0], [0.0, 0.0, 0.0, 0.0, 1.008077320938197, 0.0, 1.0074148113775965, 0.0, 0.0, 0.0, 0.0, 0.0, 0.0, 0.0, 0.0, 0.0, 0.0, 0.0, 0.0, 0.0, 0.0, 0.0, 0.0, 0.0, 0.97521811586062, 0.9764095121234094, 0.0, 0.0, 0.0, 0.0, 0.0, 0.0, 0.0, 0.0, 0.0], [0.0, 0.0, 0.0, 0.0, 0.0, 1.0074148113775965, 0.0, 1.0046637932921771, 0.0, 0.0, 0.0, 0.0, 0.0, 0.0, 0.0, 0.0, 0.0, 0.0, 0.0, 0.0, 0.0, 0.0, 0.0, 0.0, 0.0, 0.0, 0.9747383597128167, 0.9768458282241506, 0.0, 0.0, 0.0, 0.0, 0.0, 0.0, 0.0], [0.0, 0.0, 0.0, 0.0, 0.0, 0.0, 1.0046637932921771, 0.0, 0.9783126410132322, 0.0, 0.0, 0.0, 0.0, 0.0, 0.0, 0.0, 0.0, 0.0, 0.0, 0.0, 0.0, 0.0, 0.0, 0.0, 0.0, 0.0, 0.0, 0.0, 0.9616442299896548, 0.946742745135927, 0.0, 0.0, 0.0, 0.0, 0.0], [0.0, 0.0, 0.0, 0.0, 0.0, 0.0, 0.0, 0.9783126410132322, 0.0, 1.7601375698167019, 1.1156471776881076, 0.0, 0.0, 0.0, 0.0, 0.0, 0.0, 0.0, 0.0, 0.0, 0.0, 0.0, 0.0, 0.0, 0.0, 0.0, 0.0, 0.0, 0.0, 0.0, 0.0, 0.0, 0.0, 0.0, 0.0], [0.0, 0.0, 0.0, 0.0, 0.0, 0.0, 0.0, 0.0, 1.7601375698167019, 0.0, 0.16974844606966763, 0.0, 0.0, 0.0, 0.0, 0.0, 0.0, 0.0, 0.0, 0.0, 0.0, 0.0, 0.0, 0.0, 0.0, 0.0, 0.0, 0.0, 0.0, 0.0, 0.0, 0.0, 0.0, 0.0, 0.0], [0.0, 0.0, 0.0, 0.0, 0.0, 0.0, 0.0, 0.0, 1.1156471776881076, 0.16974844606966763, 0.0, 0.9423864729248738, 0.0, 0.0, 0.0, 0.0, 0.0, 0.0, 0.0, 0.0, 0.0, 0.0, 0.0, 0.0, 0.0, 0.0, 0.0, 0.0, 0.0, 0.0, 0.0, 0.0, 0.0, 0.0, 0.0], [0.0, 0.0, 0.0, 0.0, 0.0, 0.0, 0.0, 0.0, 0.0, 0.0, 0.9423864729248738, 0.0, 1.0146499127975601, 0.0, 0.0, 0.0, 0.0, 0.0, 0.0, 0.0, 0.0, 0.0, 0.0, 0.0, 0.0, 0.0, 0.0, 0.0, 0.0, 0.0, 0.9717512268328672, 0.9691369676703506, 0.0, 0.0, 0.0], [0.0, 0.0, 0.0, 0.0, 0.0, 0.0, 0.0, 0.0, 0.0, 0.0, 0.0, 1.0146499127975601, 0.0, 0.0, 0.0, 0.0, 0.0, 0.0, 0.0, 0.0, 0.0, 0.0, 0.0, 0.0, 0.0, 0.0, 0.0, 0.0, 0.0, 0.0, 0.0, 0.0, 0.9846808184233851, 0.9837998157203336, 0.9858046890202425], [0.9877322437011635, 0.0, 0.0, 0.0, 0.0, 0.0, 0.0, 0.0, 0.0, 0.0, 0.0, 0.0, 0.0, 0.0, 0.0, 0.0, 0.0, 0.0, 0.0, 0.0, 0.0, 0.0, 0.0, 0.0, 0.0, 0.0, 0.0, 0.0, 0.0, 0.0, 0.0, 0.0, 0.0, 0.0, 0.0], [0.9874073255813332, 0.0, 0.0, 0.0, 0.0, 0.0, 0.0, 0.0, 0.0, 0.0, 0.0, 0.0, 0.0, 0.0, 0.0, 0.0, 0.0, 0.0, 0.0, 0.0, 0.0, 0.0, 0.0, 0.0, 0.0, 0.0, 0.0, 0.0, 0.0, 0.0, 0.0, 0.0, 0.0, 0.0, 0.0], [0.9877294473049817, 0.0, 0.0, 0.0, 0.0, 0.0, 0.0, 0.0, 0.0, 0.0, 0.0, 0.0, 0.0, 0.0, 0.0, 0.0, 0.0, 0.0, 0.0, 0.0, 0.0, 0.0, 0.0, 0.0, 0.0, 0.0, 0.0, 0.0, 0.0, 0.0, 0.0, 0.0, 0.0, 0.0, 0.0], [0.0, 0.9781891958798199, 0.0, 0.0, 0.0, 0.0, 0.0, 0.0, 0.0, 0.0, 0.0, 0.0, 0.0, 0.0, 0.0, 0.0, 0.0, 0.0, 0.0, 0.0, 0.0, 0.0, 0.0, 0.0, 0.0, 0.0, 0.0, 0.0, 0.0, 0.0, 0.0, 0.0, 0.0, 0.0, 0.0], [0.0, 0.9780065234929857, 0.0, 0.0, 0.0, 0.0, 0.0, 0.0, 0.0, 0.0, 0.0, 0.0, 0.0, 0.0, 0.0, 0.0, 0.0, 0.0, 0.0, 0.0, 0.0, 0.0, 0.0, 0.0, 0.0, 0.0, 0.0, 0.0, 0.0, 0.0, 0.0, 0.0, 0.0, 0.0, 0.0], [0.0, 0.0, 0.9771195718276433, 0.0, 0.0, 0.0, 0.0, 0.0, 0.0, 0.0, 0.0, 0.0, 0.0, 0.0, 0.0, 0.0, 0.0, 0.0, 0.0, 0.0, 0.0, 0.0, 0.0, 0.0, 0.0, 0.0, 0.0, 0.0, 0.0, 0.0, 0.0, 0.0, 0.0, 0.0, 0.0], [0.0, 0.0, 0.97545681163112, 0.0, 0.0, 0.0, 0.0, 0.0, 0.0, 0.0, 0.0, 0.0, 0.0, 0.0, 0.0, 0.0, 0.0, 0.0, 0.0, 0.0, 0.0, 0.0, 0.0, 0.0, 0.0, 0.0, 0.0, 0.0, 0.0, 0.0, 0.0, 0.0, 0.0, 0.0, 0.0], [0.0, 0.0, 0.0, 0.9771487143926147, 0.0, 0.0, 0.0, 0.0, 0.0, 0.0, 0.0, 0.0, 0.0, 0.0, 0.0, 0.0, 0.0, 0.0, 0.0, 0.0, 0.0, 0.0, 0.0, 0.0, 0.0, 0.0, 0.0, 0.0, 0.0, 0.0, 0.0, 0.0, 0.0, 0.0, 0.0], [0.0, 0.0, 0.0, 0.9768259895665512, 0.0, 0.0, 0.0, 0.0, 0.0, 0.0, 0.0, 0.0, 0.0, 0.0, 0.0, 0.0, 0.0, 0.0, 0.0, 0.0, 0.0, 0.0, 0.0, 0.0, 0.0, 0.0, 0.0, 0.0, 0.0, 0.0, 0.0, 0.0, 0.0, 0.0, 0.0], [0.0, 0.0, 0.0, 0.0, 0.9767085255609775, 0.0, 0.0, 0.0, 0.0, 0.0, 0.0, 0.0, 0.0, 0.0, 0.0, 0.0, 0.0, 0.0, 0.0, 0.0, 0.0, 0.0, 0.0, 0.0, 0.0, 0.0, 0.0, 0.0, 0.0, 0.0, 0.0, 0.0, 0.0, 0.0, 0.0], [0.0, 0.0, 0.0, 0.0, 0.9772194805770471, 0.0, 0.0, 0.0, 0.0, 0.0, 0.0, 0.0, 0.0, 0.0, 0.0, 0.0, 0.0, 0.0, 0.0, 0.0, 0.0, 0.0, 0.0, 0.0, 0.0, 0.0, 0.0, 0.0, 0.0, 0.0, 0.0, 0.0, 0.0, 0.0, 0.0], [0.0, 0.0, 0.0, 0.0, 0.0, 0.97521811586062, 0.0, 0.0, 0.0, 0.0, 0.0, 0.0, 0.0, 0.0, 0.0, 0.0, 0.0, 0.0, 0.0, 0.0, 0.0, 0.0, 0.0, 0.0, 0.0, 0.0, 0.0, 0.0, 0.0, 0.0, 0.0, 0.0, 0.0, 0.0, 0.0], [0.0, 0.0, 0.0, 0.0, 0.0, 0.9764095121234094, 0.0, 0.0, 0.0, 0.0, 0.0, 0.0, 0.0, 0.0, 0.0, 0.0, 0.0, 0.0, 0.0, 0.0, 0.0, 0.0, 0.0, 0.0, 0.0, 0.0, 0.0, 0.0, 0.0, 0.0, 0.0, 0.0, 0.0, 0.0, 0.0], [0.0, 0.0, 0.0, 0.0, 0.0, 0.0, 0.9747383597128167, 0.0, 0.0, 0.0, 0.0, 0.0, 0.0, 0.0, 0.0, 0.0, 0.0, 0.0, 0.0, 0.0, 0.0, 0.0, 0.0, 0.0, 0.0, 0.0, 0.0, 0.0, 0.0, 0.0, 0.0, 0.0, 0.0, 0.0, 0.0], [0.0, 0.0, 0.0, 0.0, 0.0, 0.0, 0.9768458282241506, 0.0, 0.0, 0.0, 0.0, 0.0, 0.0, 0.0, 0.0, 0.0, 0.0, 0.0, 0.0, 0.0, 0.0, 0.0, 0.0, 0.0, 0.0, 0.0, 0.0, 0.0, 0.0, 0.0, 0.0, 0.0, 0.0, 0.0, 0.0], [0.0, 0.0, 0.0, 0.0, 0.0, 0.0, 0.0, 0.9616442299896548, 0.0, 0.0, 0.0, 0.0, 0.0, 0.0, 0.0, 0.0, 0.0, 0.0, 0.0, 0.0, 0.0, 0.0, 0.0, 0.0, 0.0, 0.0, 0.0, 0.0, 0.0, 0.0, 0.0, 0.0, 0.0, 0.0, 0.0], [0.0, 0.0, 0.0, 0.0, 0.0, 0.0, 0.0, 0.946742745135927, 0.0, 0.0, 0.0, 0.0, 0.0, 0.0, 0.0, 0.0, 0.0, 0.0, 0.0, 0.0, 0.0, 0.0, 0.0, 0.0, 0.0, 0.0, 0.0, 0.0, 0.0, 0.0, 0.0, 0.0, 0.0, 0.0, 0.0], [0.0, 0.0, 0.0, 0.0, 0.0, 0.0, 0.0, 0.0, 0.0, 0.0, 0.0, 0.9717512268328672, 0.0, 0.0, 0.0, 0.0, 0.0, 0.0, 0.0, 0.0, 0.0, 0.0, 0.0, 0.0, 0.0, 0.0, 0.0, 0.0, 0.0, 0.0, 0.0, 0.0, 0.0, 0.0, 0.0], [0.0, 0.0, 0.0, 0.0, 0.0, 0.0, 0.0, 0.0, 0.0, 0.0, 0.0, 0.9691369676703506, 0.0, 0.0, 0.0, 0.0, 0.0, 0.0, 0.0, 0.0, 0.0, 0.0, 0.0, 0.0, 0.0, 0.0, 0.0, 0.0, 0.0, 0.0, 0.0, 0.0, 0.0, 0.0, 0.0], [0.0, 0.0, 0.0, 0.0, 0.0, 0.0, 0.0, 0.0, 0.0, 0.0, 0.0, 0.0, 0.9846808184233851, 0.0, 0.0, 0.0, 0.0, 0.0, 0.0, 0.0, 0.0, 0.0, 0.0, 0.0, 0.0, 0.0, 0.0, 0.0, 0.0, 0.0, 0.0, 0.0, 0.0, 0.0, 0.0], [0.0, 0.0, 0.0, 0.0, 0.0, 0.0, 0.0, 0.0, 0.0, 0.0, 0.0, 0.0, 0.9837998157203336, 0.0, 0.0, 0.0, 0.0, 0.0, 0.0, 0.0, 0.0, 0.0, 0.0, 0.0, 0.0, 0.0, 0.0, 0.0, 0.0, 0.0, 0.0, 0.0, 0.0, 0.0, 0.0], [0.0, 0.0, 0.0, 0.0, 0.0, 0.0, 0.0, 0.0, 0.0, 0.0, 0.0, 0.0, 0.9858046890202425, 0.0, 0.0, 0.0, 0.0, 0.0, 0.0, 0.0, 0.0, 0.0, 0.0, 0.0, 0.0, 0.0, 0.0, 0.0, 0.0, 0.0, 0.0, 0.0, 0.0, 0.0, 0.0]], "Born radii": [], "Atomic SASAs": [], "Solvent H bonds": [], "Total SASA": NaN, "Total FOD": 0.0, "FOD": [0.0, 0.0, 0.0, 0.0, 0.0, 0.0, 0.0, 0.0, 0.0, 0.0, 0.0, 0.0, 0.0, 0.0, 0.0, 0.0, 0.0, 0.0, 0.0, 0.0, 0.0, 0.0, 0.0, 0.0, 0.0, 0.0, 0.0, 0.0, 0.0, 0.0, 0.0, 0.0, 0.0, 0.0, 0.0], "FOD s proportion": [0.0, 0.0, 0.0, 0.0, 0.0, 0.0, 0.0, 0.0, 0.0, 0.0, 0.0, 0.0, 0.0, 0.0, 0.0, 0.0, 0.0, 0.0, 0.0, 0.0, 0.0, 0.0, 0.0, 0.0, 0.0, 0.0, 0.0, 0.0, 0.0, 0.0, 0.0, 0.0, 0.0, 0.0, 0.0], "FOD p proportion": [0.0, 0.0, 0.0, 0.0, 0.0, 0.0, 0.0, 0.0, 0.0, 0.0, 0.0, 0.0, 0.0, 0.0, 0.0, 0.0, 0.0, 0.0, 0.0, 0.0, 0.0, 0.0, 0.0, 0.0, 0.0, 0.0, 0.0, 0.0, 0.0, 0.0, 0.0, 0.0, 0.0, 0.0, 0.0], "FOD d proportion": [0.0, 0.0, 0.0, 0.0, 0.0, 0.0, 0.0, 0.0, 0.0, 0.0, 0.0, 0.0, 0.0, 0.0, 0.0, 0.0, 0.0, 0.0, 0.0, 0.0, 0.0, 0.0, 0.0, 0.0, 0.0, 0.0, 0.0, 0.0, 0.0, 0.0, 0.0, 0.0, 0.0, 0.0, 0.0], "coordinates": [["4.69090", "2.00540", "-0.29650"], ["3.97730", "1.16360", "0.74930"], ["2.95470", "0.22340", "0.10950"], ["2.23780", "-0.61750", "1.16810"], ["1.28400", "-1.65890", "0.57570"], ["0.08910", "-1.04300", "-0.15650"], ["-0.88920", "-2.12580", "-0.62560"], ["-2.07890", "-1.54540", "-1.38970"], ["-3.04750", "-0.80010", "-0.49960"], ["-3.11750", "-0.90710", "0.71610"], ["-3.85080", "-0.01000", "-1.26760"], ["-4.83780", "0.75310", "-0.55820"], ["-4.24200", "2.06430", "-0.08080"], ["5.22810", "1.37230", "-1.00990"], ["5.41730", "2.66940", "0.18250"], ["3.98030", "2.62460", "-0.85340"], ["3.47670", "1.82670", "1.46450"], ["4.71900", "0.58240", "1.30940"], ["3.46050", "-0.43730", "-0.60490"], ["2.22740", "0.81730", "-0.45500"], ["1.68630", "0.03920", "1.85190"], ["2.98590", "-1.14540", "1.77270"], ["0.91540", "-2.28850", "1.39510"], ["1.83620", "-2.31820", "-0.10500"], ["0.43550", "-0.47480", "-1.02690"], ["-0.42130", "-0.33800", "0.50950"], ["-1.23980", "-2.70850", "0.23490"], ["-0.35810", "-2.82130", "-1.28700"], ["-1.71820", "-0.86990", "-2.17360"], ["-2.63670", "-2.36030", "-1.86450"], ["-5.65270", "0.95380", "-1.26140"], ["-5.26410", "0.17920", "0.27250"], ["-3.42350", "1.89060", "0.62490"], ["-5.00150", "2.67940", "0.40990"], ["-3.82290", "2.62510", "-0.92270"]], "bond_dist": [[0.0, 1.5203781897935789, 2.520863034756153, 3.8784477797180665, 5.078857641241778, 5.521675995565115, 6.950729189085128, 7.722270321608795, 8.233766721252188, 8.395184665628268, 8.829808110032744, 9.614201260115165, 8.935697964345035, 1.0946867177416562, 1.0945291042270187, 1.0947596128831205, 2.146470668329758, 2.1458409586919527, 2.752413124877877, 2.7396233518496667, 4.184397944746651, 4.137167422283029, 5.962674569352246, 5.184544464077823, 4.979287635796912, 5.681174913695229, 7.5945007512014895, 7.0548227575184335, 7.270998370925413, 8.672466906826454, 10.441597364867121, 10.137099804184627, 8.16735234699716, 9.74145239273898, 8.559260772403187], [1.5203781897935789, 0.0, 1.5293890414149045, 2.5245932147575774, 3.905189892950149, 4.561541015928718, 6.032688009502895, 6.9707646954979054, 7.400248910678613, 7.39087868727393, 8.168498771500182, 8.920989547690322, 8.310067327645427, 2.1686034607553313, 2.1592350219464302, 2.1686810023606515, 1.096272324744176, 1.0961862706675358, 2.1595880834085004, 2.1523039260290355, 2.780050920396963, 2.7132457537053294, 4.659322231827286, 4.175771658029207, 4.287608685502911, 4.654029282245655, 6.517353617842137, 6.230701313656432, 6.716932849895107, 7.936927469115489, 9.83991008749572, 9.305904338644364, 7.437462268811856, 9.112172706879518, 8.110159449110727], [2.520863034756153, 1.5293890414149045, 0.0, 1.530258925803081, 2.5596160297982196, 3.1442309584380084, 4.564502148098957, 5.541965629629978, 6.119228701396934, 6.206255445113422, 6.947352749069246, 7.838970699651836, 7.430855791226203, 2.7823326778083177, 3.471691772032765, 2.7829468572001157, 2.163118094325874, 2.1636532762898963, 1.0966884197437303, 1.0956015470963885, 2.163036282636054, 2.154256512117348, 3.481544694528565, 2.7851001885030993, 2.8504836151081445, 3.445656100077313, 5.119139871111161, 4.711162720603057, 5.314493852663676, 6.468070473487438, 8.746438459738913, 8.220535023950692, 6.61261130265495, 8.332064246031711, 7.264259183839739], [3.8784477797180665, 2.5245932147575774, 1.530258925803081, 0.0, 1.5314000652997242, 2.559790440641577, 3.907743284812859, 5.102669707123909, 5.545174671730368, 5.38213807422292, 6.585798410215727, 7.410989907562956, 7.123174186414368, 4.200581165743617, 4.678070031540785, 4.19928338053054, 2.756236530125816, 2.7597244681308317, 2.161248789473345, 2.166382424688679, 1.0968088165218224, 1.097211547514881, 2.143014642973771, 2.162046868132141, 2.8437077170482903, 2.7536679211553454, 4.163753715098912, 4.197969421041559, 5.184650484844663, 5.999563721638432, 8.404251554421727, 7.597060869836439, 6.215782295093676, 7.990737221308182, 7.18456567163249], [5.078857641241778, 3.905189892950149, 2.5596160297982196, 1.5314000652997242, 0.0, 1.5307630972818753, 2.5266411577428243, 3.896764788898606, 4.544854208882833, 4.467450911873571, 5.69936813515323, 6.6768187372430585, 6.6955124142966085, 5.220941065555136, 5.997745911590454, 5.259347179070802, 4.212755166159078, 4.166649298897137, 2.761027919091004, 2.8432222020095437, 2.16196099409772, 2.1431180228816147, 1.0971228190134412, 1.0967925145623487, 2.165726626331218, 2.1580563801717507, 2.754518331759656, 2.741772685690774, 4.146610221614759, 4.671019855449129, 7.6366841358013495, 6.807947962492076, 5.895924621295628, 7.639099867130943, 6.832150918268713], [5.521675995565115, 4.561541015928718, 3.1442309584380084, 2.559790440641577, 1.5307630972818753, 0.0, 1.5328344789963462, 2.544290077801665, 3.1646449374297903, 3.325986038756026, 4.221900545962684, 5.259437394817054, 5.330991557862383, 5.742062926335796, 6.50281093066683, 5.392438855471613, 4.726378407406669, 5.121207082319558, 3.4546017151040727, 2.8499377589694825, 2.7849372057552753, 3.481917379835426, 2.1544151178452124, 2.1635955490802807, 1.0956460924951998, 1.0959421335088817, 2.1663470220627166, 2.1541515684835177, 2.713851379497411, 3.475993229279942, 6.178695775809001, 5.507682278418028, 4.642731273722398, 6.331767453089224, 5.417173068123263], [6.950729189085128, 6.032688009502895, 4.564502148098957, 3.907743284812859, 2.5266411577428243, 1.5328344789963462, 0.0, 1.5284302601034827, 2.5360629684611538, 2.8724048234885, 3.695923186431233, 4.887131053082165, 5.393979318647783, 7.057318852793886, 7.963599117233362, 6.8066308295661235, 6.249148507596855, 6.521539655633476, 4.665978014307397, 4.290004374123645, 4.178328792711268, 4.661483354040858, 2.7140893389864678, 2.7813391163250842, 2.1544541721744745, 2.168781053956346, 1.0967770511822355, 1.0969217930189918, 2.1588955069664673, 2.1549059631454917, 5.707811318710528, 5.025868941785093, 4.910997424149192, 6.40883909768376, 5.591593235384705], [7.722270321608795, 6.9707646954979054, 5.541965629629978, 5.102669707123909, 3.896764788898606, 2.544290077801665, 1.5284302601034827, 0.0, 1.5119312352087972, 2.4332099149066444, 2.3477630161496283, 3.685922368960041, 4.407057398083215, 7.877148616726741, 8.742389051054637, 7.374986259648217, 7.09804250550812, 7.61735636950248, 5.70339802310868, 5.000023506944743, 5.214945710168036, 5.984394104669244, 4.156096863645024, 4.192336095782397, 2.756812572519213, 2.7950694374201155, 2.1670753517125334, 2.144672641686838, 1.095857632176735, 1.0957362319463566, 4.362855483510771, 3.9853046357838195, 4.203886097410347, 5.443260600044793, 4.54452365490598], [8.233766721252188, 7.400248910678613, 6.119228701396934, 5.545174671730368, 4.544854208882833, 3.1646449374297903, 2.5360629684611538, 1.5119312352087972, 0.0, 1.2224056159884082, 1.3635882443025096, 2.370872896213544, 3.1316147671768313, 8.571189136286751, 9.173632306780123, 7.825836528448572, 7.302256684751639, 8.093349708248125, 6.518955125631715, 5.517476047070798, 5.351900520375916, 6.456353068102766, 4.637865787191346, 5.12941151205477, 3.537676409735633, 2.851095519269742, 2.72933327023286, 3.4551585433956573, 2.138734796556132, 2.1132753464704974, 3.2316515112245634, 2.543321147633543, 2.9403643889831073, 4.092948387165419, 3.5372664318651488], [8.395184665628268, 7.39087868727393, 6.206255445113422, 5.38213807422292, 4.467450911873571, 3.325986038756026, 2.8724048234885, 2.4332099149066444, 1.2224056159884082, 0.0, 2.2972990641185573, 2.709157917139567, 3.2754797847033035, 8.821778716336066, 9.269244427136444, 8.081769606961089, 7.177551019672379, 7.998834126921248, 6.725759216623801, 5.73698410142472, 5.0261336800765655, 6.198764555135161, 4.3166641483905135, 5.215798319528853, 3.9810477628383207, 2.763340878357211, 2.646195890330117, 3.910352875380942, 3.210886235916807, 3.000409178762123, 3.7149285457462033, 2.4463687804580894, 2.815861987029904, 4.06278189052772, 3.957232800834442], [8.829808110032744, 8.168498771500182, 6.947352749069246, 6.585798410215727, 5.69936813515323, 4.221900545962684, 3.695923186431233, 2.3477630161496283, 1.3635882443025096, 2.2972990641185573, 0.0, 1.4351790724505424, 2.421621805732679, 9.18714252583468, 9.75600594403263, 8.272774988478774, 8.033062526210038, 8.968463569642239, 7.353697319716116, 6.187831549905024, 6.355562705221309, 7.567894300266092, 5.915927313617029, 6.246710734458576, 4.3181411764786, 3.876485348869514, 4.04434537348135, 4.483607625562255, 2.471486752948516, 2.711869928665459, 2.0434755907521875, 2.0988381404958316, 2.7159569031926853, 3.372089723005602, 2.657722037760909], [9.614201260115165, 8.920989547690322, 7.838970699651836, 7.410989907562956, 6.6768187372430585, 5.259437394817054, 4.887131053082165, 3.685922368960041, 2.370872896213544, 2.709157917139567, 1.4351790724505424, 0.0, 1.517278431930013, 10.095037609637716, 10.458867921051493, 9.019342708867425, 8.624085023931524, 9.739070514684652, 8.383377358797587, 7.066245319828628, 6.9915746459578045, 8.381388831810632, 6.794558240974905, 7.360743843525598, 5.434621513040259, 4.672895756380618, 5.0554214631423156, 5.7771270446477105, 3.869825618810232, 4.030449163554851, 1.0949122065261676, 1.0959723491037539, 2.166535563982276, 2.1620931964186925, 2.160385673901769], [8.935697964345035, 8.310067327645427, 7.430855791226203, 7.123174186414368, 6.6955124142966085, 5.330991557862383, 5.393979318647783, 4.407057398083215, 3.1316147671768313, 3.2754797847033035, 2.421621805732679, 1.517278431930013, 0.0, 9.540696243985552, 9.681815397434512, 8.277503496828015, 7.875451449917014, 9.188482173351591, 8.115490719605317, 6.599103802790194, 6.555997268913403, 8.122818153202742, 6.908250387037228, 7.4934242593089575, 5.405658171767801, 4.551620356532386, 5.647343726921534, 6.35678259892534, 4.399875898249858, 5.033453977141343, 2.1487440750354616, 2.173272028532093, 1.0945896171625233, 1.0936063048464928, 1.0949598440125559], [1.0946867177416562, 2.1686034607553313, 2.7823326778083177, 4.200581165743617, 5.220941065555136, 5.742062926335796, 7.057318852793886, 7.877148616726741, 8.571189136286751, 8.821778716336066, 9.18714252583468, 10.095037609637716, 9.540696243985552, 0.0, 1.77202788070617, 1.7747541745267146, 3.0653770861021323, 2.5024542573241977, 2.561852243982857, 3.1016349720752125, 4.744618223840566, 4.371399877613578, 6.1469393140000985, 5.093487986635485, 5.136251762715687, 6.095032634038969, 7.748302142405135, 6.990614837766418, 7.3913964999856425, 8.74744093778289, 10.891749314963139, 10.637400914227122, 8.819942657976865, 10.410046042645538, 9.13770828380946], [1.0945291042270187, 2.1592350219464302, 3.471691772032765, 4.678070031540785, 5.997745911590454, 6.50281093066683, 7.963599117233362, 8.742389051054637, 9.173632306780123, 9.269244427136444, 9.75600594403263, 10.458867921051493, 9.681815397434512, 1.77202788070617, 0.0, 1.7720228130585678, 2.4737816496206775, 2.47246749220288, 3.755083206801149, 3.74327966761769, 4.860577064505819, 4.795116373978842, 6.805753064870926, 6.146794873753313, 6.013898339679513, 6.575761075343294, 8.558126814905233, 8.103237741791858, 8.306215260273477, 9.713650554245813, 11.2948231756854, 10.968204137414657, 8.886056034034446, 10.421286110648726, 9.306165997337464], [1.0947596128831205, 2.1686810023606515, 2.7829468572001157, 4.19928338053054, 5.259347179070802, 5.392438855471613, 6.8066308295661235, 7.374986259648217, 7.825836528448572, 8.081769606961089, 8.272774988478774, 9.019342708867425, 8.277503496828015, 1.7747541745267146, 1.7720228130585678, 0.0, 2.502582222425469, 3.0649571563074094, 3.1156341088131643, 2.5490614468858928, 4.389234244147834, 4.700865087406785, 6.211917245907257, 5.439534833972479, 4.711898730872726, 5.478008555122929, 7.541604372413075, 6.976213179798909, 6.8137625831841255, 8.346031405404608, 9.78533216809731, 9.628424758495026, 7.585537642777868, 9.070372713951725, 7.803507735627614], [2.146470668329758, 1.096272324744176, 2.163118094325874, 2.756236530125816, 4.212755166159078, 4.726378407406669, 6.249148507596855, 7.09804250550812, 7.302256684751639, 7.177551019672379, 8.033062526210038, 8.624085023931524, 7.875451449917014, 3.0653770861021323, 2.4737816496206775, 2.502582222425469, 0.0, 1.765119766474785, 3.0673074185676272, 2.5028222270069445, 2.5594466530873428, 3.0280769953883278, 4.847674193878957, 4.725967256551827, 4.555532202717922, 4.559863494667357, 6.6577268981237125, 6.6242242783589385, 6.891618763396594, 8.123230241720346, 9.567571770308286, 8.97422447290015, 6.95138629411429, 8.585985889226702, 7.721419983396837], [2.1458409586919527, 1.0961862706675358, 2.1636532762898963, 2.7597244681308317, 4.166649298897137, 5.121207082319558, 6.521539655633476, 7.61735636950248, 8.093349708248125, 7.998834126921248, 8.968463569642239, 9.739070514684652, 9.188482173351591, 2.5024542573241977, 2.47246749220288, 3.0649571563074094, 1.765119766474785, 0.0, 2.5076193550856156, 3.0620835929151253, 3.1283608775203673, 2.4906977616724197, 4.766212779555693, 4.327186564039041, 4.992428445155724, 5.282959422520676, 6.891434574890775, 6.641039908026453, 7.461769771977692, 8.534602919292732, 10.69201157360017, 10.04490007217593, 8.275278469030514, 9.984719800775585, 9.061950634935064], [2.752413124877877, 2.1595880834085004, 1.0966884197437303, 2.161248789473345, 2.761027919091004, 3.4546017151040727, 4.665978014307397, 5.70339802310868, 6.518955125631715, 6.725759216623801, 7.353697319716116, 8.383377358797587, 8.115490719605317, 2.561852243982857, 3.755083206801149, 3.1156341088131643, 3.0673074185676272, 2.5076193550856156, 0.0, 1.7655103454808756, 3.067687097798601, 2.525793445632481, 3.728870532748489, 2.5349625855227136, 3.054523735380035, 4.039816714901804, 5.287384378877707, 4.553067358385992, 5.428341932855741, 6.516162137332067, 9.24210829302492, 8.790253020818003, 7.370276958839471, 9.074639493114864, 7.907414631850287], [2.7396233518496667, 2.1523039260290355, 1.0956015470963885, 2.166382424688679, 2.8432222020095437, 2.8499377589694825, 4.290004374123645, 5.000023506944743, 5.517476047070798, 5.73698410142472, 6.187831549905024, 7.066245319828628, 6.599103802790194, 3.1016349720752125, 3.74327966761769, 2.5490614468858928, 2.5028222270069445, 3.0620835929151253, 1.7655103454808756, 0.0, 2.493996076580715, 3.064336931540003, 3.845803901656973, 3.1791347392018476, 2.281994222166217, 3.0464060842244916, 4.9928652585464395, 4.540533471961196, 4.622552234426346, 5.978570131728823, 7.922429502368577, 7.553740802410419, 5.852420670970261, 7.514816273868576, 6.33190447022063], [4.184397944746651, 2.780050920396963, 2.163036282636054, 1.0968088165218224, 2.16196099409772, 2.7849372057552753, 4.178328792711268, 5.214945710168036, 5.351900520375916, 5.0261336800765655, 6.355562705221309, 6.9915746459578045, 6.555997268913403, 4.744618223840566, 4.860577064505819, 4.389234244147834, 2.5594466530873428, 3.1283608775203673, 3.067687097798601, 2.493996076580715, 0.0, 1.7602584923811615, 2.4942213895322123, 3.0674520990555014, 3.1805952398882824, 2.527112059248659, 4.3274248115940726, 4.713249921232695, 5.3499283462491345, 6.185269453305976, 8.024341159871009, 7.128966581489915, 5.571648499322261, 7.333259089927206, 6.688540095566446], [4.137167422283029, 2.7132457537053294, 2.154256512117348, 1.097211547514881, 2.1431180228816147, 3.481917379835426, 4.661483354040858, 5.984394104669244, 6.456353068102766, 6.198764555135161, 7.567894300266092, 8.381388831810632, 8.122818153202742, 4.371399877613578, 4.795116373978842, 4.700865087406785, 3.0280769953883278, 2.4906977616724197, 2.525793445632481, 3.064336931540003, 1.7602584923811615, 0.0, 2.395042717781877, 2.4945996111600754, 3.846037529718086, 3.7224428591987815, 4.760740587345628, 4.832467371850533, 6.146359959358059, 6.805794340853976, 9.393498464895812, 8.489267648036549, 7.1843683925589445, 8.96018290215105, 8.23660177803929], [5.962674569352246, 4.659322231827286, 3.481544694528565, 2.143014642973771, 1.0971228190134412, 2.1544151178452124, 2.7140893389864678, 4.156096863645024, 4.637865787191346, 4.3166641483905135, 5.915927313617029, 6.794558240974905, 6.908250387037228, 6.1469393140000985, 6.805753064870926, 6.211917245907257, 4.847674193878957, 4.766212779555693, 3.728870532748489, 3.845803901656973, 2.4942213895322123, 2.395042717781877, 0.0, 1.760413229898026, 3.0636409221708734, 2.5249761385011147, 2.4834152049143934, 3.0165109812496955, 4.656596891507788, 4.821572545342443, 7.791626219859369, 6.748036329184957, 6.0732312700900835, 7.78847578541527, 7.208824362543453], [5.184544464077823, 4.175771658029207, 2.7851001885030993, 2.162046868132141, 1.0967925145623487, 2.1635955490802807, 2.7813391163250842, 4.192336095782397, 5.12941151205477, 5.215798319528853, 6.246710734458576, 7.360743843525598, 7.4934242593089575, 5.093487986635485, 6.146794873753313, 5.439534833972479, 4.725967256551827, 4.327186564039041, 2.5349625855227136, 3.1791347392018476, 3.0674520990555014, 2.4945996111600754, 1.760413229898026, 0.0, 2.4919838803651997, 3.065144130379516, 3.1192374228327027, 2.542673022627959, 4.360096123940388, 4.806708548476806, 8.253900179309174, 7.536164349322538, 6.775780068744853, 8.485002596346096, 7.558456257067313], [4.979287635796912, 4.287608685502911, 2.8504836151081445, 2.8437077170482903, 2.165726626331218, 1.0956460924951998, 2.1544541721744745, 2.756812572519213, 3.537676409735633, 3.9810477628383207, 4.3181411764786, 5.434621513040259, 5.405658171767801, 5.136251762715687, 6.013898339679513, 4.711898730872726, 4.555532202717922, 4.992428445155724, 3.054523735380035, 2.281994222166217, 3.1805952398882824, 3.846037529718086, 3.0636409221708734, 2.4919838803651997, 0.0, 1.764467466404524, 3.064014526727966, 2.4906856927360383, 2.4717298780408834, 3.700688699417988, 6.257960326655963, 5.882312174646973, 4.818240487978988, 6.44781675297926, 5.268226286901504], [5.681174913695229, 4.654029282245655, 3.445656100077313, 2.7536679211553454, 2.1580563801717507, 1.0959421335088817, 2.168781053956346, 2.7950694374201155, 2.851095519269742, 2.763340878357211, 3.876485348869514, 4.672895756380618, 4.551620356532386, 6.095032634038969, 6.575761075343294, 5.478008555122929, 4.559863494667357, 5.282959422520676, 4.039816714901804, 3.0464060842244916, 2.527112059248659, 3.7224428591987815, 2.5249761385011147, 3.065144130379516, 1.764467466404524, 0.0, 2.522819387114345, 3.065645997175799, 3.0271922353890908, 3.8253850067672928, 5.672070169699949, 4.876102611717682, 3.7407459095747204, 5.4856954855332605, 4.7330794426039375], [7.5945007512014895, 6.517353617842137, 5.119139871111161, 4.163753715098912, 2.754518331759656, 2.1663470220627166, 1.0967770511822355, 2.1670753517125334, 2.72933327023286, 2.646195890330117, 4.04434537348135, 5.0554214631423156, 5.647343726921534, 7.748302142405135, 8.558126814905233, 7.541604372413075, 6.6577268981237125, 6.891434574890775, 5.287384378877707, 4.9928652585464395, 4.3274248115940726, 4.760740587345628, 2.4834152049143934, 3.1192374228327027, 3.064014526727966, 2.522819387114345, 0.0, 1.7624693869681822, 3.067603098511931, 2.545594863681179, 5.926638287427368, 4.953303497666986, 5.106110701894349, 6.573467753020472, 6.0381894910643545], [7.0548227575184335, 6.230701313656432, 4.711162720603057, 4.197969421041559, 2.741772685690774, 2.1541515684835177, 1.0969217930189918, 2.144672641686838, 3.4551585433956573, 3.910352875380942, 4.483607625562255, 5.7771270446477105, 6.35678259892534, 6.990614837766418, 8.103237741791858, 6.976213179798909, 6.6242242783589385, 6.641039908026453, 4.553067358385992, 4.540533471961196, 4.713249921232695, 4.832467371850533, 3.0165109812496955, 2.542673022627959, 2.4906856927360383, 3.065645997175799, 1.7624693869681822, 0.0, 2.5384825250531073, 2.395421718612403, 6.502678258225606, 5.958512943679824, 5.937511295147152, 7.395832181708831, 6.465355867235771], [7.270998370925413, 6.716932849895107, 5.314493852663676, 5.184650484844663, 4.146610221614759, 2.713851379497411, 2.1588955069664673, 1.095857632176735, 2.138734796556132, 3.210886235916807, 2.471486752948516, 3.869825618810232, 4.399875898249858, 7.3913964999856425, 8.306215260273477, 6.8137625831841255, 6.891618763396594, 7.461769771977692, 5.428341932855741, 4.622552234426346, 5.3499283462491345, 6.146359959358059, 4.656596891507788, 4.360096123940388, 2.4717298780408834, 3.0271922353890908, 3.067603098511931, 2.5384825250531073, 0.0, 1.7777731070077532, 4.431509988705882, 4.43366922875399, 4.2848582928727055, 5.481976069812782, 4.267263514244228], [8.672466906826454, 7.936927469115489, 6.468070473487438, 5.999563721638432, 4.671019855449129, 3.475993229279942, 2.1549059631454917, 1.0957362319463566, 2.1132753464704974, 3.000409178762123, 2.711869928665459, 4.030449163554851, 5.033453977141343, 8.74744093778289, 9.713650554245813, 8.346031405404608, 8.123230241720346, 8.534602919292732, 6.516162137332067, 5.978570131728823, 6.185269453305976, 6.805794340853976, 4.821572545342443, 4.806708548476806, 3.700688699417988, 3.8253850067672928, 2.545594863681179, 2.395421718612403, 1.7777731070077532, 0.0, 4.521420619672538, 4.23309107036454, 4.988618787800887, 6.013630391868126, 5.210400257177946], [10.441597364867121, 9.83991008749572, 8.746438459738913, 8.404251554421727, 7.6366841358013495, 6.178695775809001, 5.707811318710528, 4.362855483510771, 3.2316515112245634, 3.7149285457462033, 2.0434755907521875, 1.0949122065261676, 2.1487440750354616, 10.891749314963139, 11.2948231756854, 9.78533216809731, 9.567571770308286, 10.69201157360017, 9.24210829302492, 7.922429502368577, 8.024341159871009, 9.393498464895812, 7.791626219859369, 8.253900179309174, 6.257960326655963, 5.672070169699949, 5.926638287427368, 6.502678258225606, 4.431509988705882, 4.521420619672538, 0.0, 1.761778740364408, 3.066766142046048, 2.4889757913647936, 2.5012255835889734], [10.137099804184627, 9.305904338644364, 8.220535023950692, 7.597060869836439, 6.807947962492076, 5.507682278418028, 5.025868941785093, 3.9853046357838195, 2.543321147633543, 2.44636