{"total energy": -19.82447271, "HOMO-LUMO gap/eV": 5.22424661, "electronic energy": -20.0844097, "dipole": [0.2876125, 0.55967298, 0.41199079], "partial charges": [-0.44670538, 0.08651058, -0.05841761, -0.0595492, -0.02855024, -0.09498996, 0.28460354, 0.01773404, 0.01761789, 0.04957758, 0.04911825, 0.0375685, 0.0388304, 0.03429237, 0.03548681, 0.03687244], "atomic dipole moments": [[-0.02669431, 0.18477649, 0.1548514], [0.05659017, -0.13517118, -0.12784336], [0.03871634, 0.10896764, 0.07181683], [0.01488583, -0.07987125, -0.06458014], [0.16197019, 0.00565858, 0.02138241], [-0.06418311, 0.03478309, -0.01953891], [0.06444012, 0.04420856, 0.01123471], [0.00109017, 0.10970702, -0.04286517], [0.05369606, -0.00716907, 0.10425518], [0.01131235, -0.12360715, 0.02645267], [-0.04232617, -0.00587141, -0.12053801], [-0.00591518, 0.12241332, -0.02915983], [0.04168043, 0.00020777, 0.11712654], [-0.0175736, -0.14281372, 0.04459449], [-0.12762604, -0.07963735, 0.00319434], [0.00245551, 0.14496221, -0.04655584]], "atomic quadrupole moments": [[0.01901881, -0.06008029, -0.0148111, -0.10081164, 0.11102505, -0.00420771], [0.1720225, -0.1018832, -0.10027441, -0.27362606, 0.24999663, -0.07174809], [0.21261042, 0.04658923, -0.0913485, -0.13274718, 0.10990389, -0.12126192], [0.16324495, -0.00982637, -0.07695862, -0.11067242, 0.09918291, -0.08628634], [-0.19996259, 0.11432851, -0.24315818, -0.17171841, 0.28523293, 0.44312077], [-0.30330026, -0.00992455, -0.2144797, -0.1526459, 0.26771448, 0.51777996], [0.09982238, 0.07698041, -0.02803517, -0.00936906, 0.02257234, -0.07178721], [-0.0143599, -0.0195042, 0.03563768, -0.01244258, -0.01979345, -0.02127778], [-0.007521, -0.01144024, -0.03718414, 0.00960622, 2.97e-06, 0.04470514], [-0.02538764, -0.00965056, 0.04153946, 0.00264994, -0.03603086, -0.01615182], [-0.01291475, -0.00459001, -0.03048719, 0.02789019, -0.01661976, 0.04340194], [-0.01985571, -0.01362157, 0.04317786, -0.00372027, -0.03456826, -0.02332215], [-0.01590533, -0.00916239, -0.03273349, 0.03177949, -0.01240818, 0.04863882], [0.0358629, -0.00770089, 0.01838795, 0.02327728, -0.0270099, -0.05425085], [0.04485222, 0.01232792, 0.0119748, 0.01491812, -0.02343842, -0.05682703], [0.01116387, 0.00312125, 0.0379264, 0.01159109, -0.03085929, -0.04909027]], "number of molecular orbitals": 34, "number of electrons": 36, "number of unpaired electrons": 0, "orbital energies/eV": [-18.6638603, -17.22897012, -16.83437741, -16.24088166, -15.66895006, -15.22555801, -14.79069105, -14.55902466, -13.99202368, -13.66776268, -13.16580476, -12.95920718, -12.46630803, -12.21972923, -11.75980534, -11.66680903, -11.13858553, -10.83880389, -5.61455729, 0.83792705, 2.51953604, 2.94983232, 3.41619575, 3.72599966, 3.95260448, 4.04124365, 4.98998983, 5.02932184, 5.91308302, 6.19948514, 6.54438377, 7.7196669, 11.20986391, 15.46439666], "fractional occupation": [2.0, 2.0, 2.0, 2.0, 2.0, 2.0, 2.0, 2.0, 2.0, 2.0, 2.0, 2.0, 2.0, 2.0, 2.0, 2.0, 2.0, 2.0, 0.0, 0.0, 0.0, 0.0, 0.0, 0.0, 0.0, 0.0, 0.0, 0.0, 0.0, 0.0, 0.0, 0.0, 0.0, 0.0], "program call": "xtb /home/svss/Project-DBcg-Debug/aqme2_20220329/End-to-End-workflows-final/example-3/QDESCP/mol_42_rdkit_conf_3/mol_42_rdkit_conf_3.xyz --pop --wbo --acc 0.2 --gfn 2 --chrg 0 --uhf 0 --etemp 300 --input /home/svss/Project-DBcg-Debug/aqme2_20220329/End-to-End-workflows-final/example-3/QDESCP/mol_42_rdkit_conf_3/mol_42_rdkit_conf_3_xtb.inp", "method": "GFN2-xTB", "xtb version": "6.3.3 (7355c4f)", "Dipole module/D": 1.912, "Total charge": 0, "Transition dipole module/D": NaN, "HOMO": -10.8388, "LUMO": -5.6146, "HOMO occupancy": 2.0, "LUMO occupancy": 0, "mulliken charges": [-0.56886, 0.19932, -0.04946, -0.0475, -0.02016, -0.08558, 0.33574, 0.00826, 0.00785, 0.03811, 0.03866, 0.02574, 0.02977, 0.02697, 0.03218, 0.02895], "cm5 charges": [-0.78267, 0.11224, -0.15554, -0.15325, -0.08449, -0.18758, 0.5038, 0.07078, 0.0704, 0.09531, 0.09589, 0.08149, 0.08499, 0.08246, 0.0844, 0.08177], "FUKUI+": [-0.016, 0.008, 0.003, 0.026, -0.158, -0.125, -0.028, -0.023, -0.025, -0.033, -0.025, -0.061, -0.087, -0.144, -0.154, -0.156], "FUKUI-": [-0.124, 0.023, 0.01, 0.015, -0.049, -0.061, -0.061, -0.106, -0.107, -0.075, -0.081, -0.058, -0.094, -0.071, -0.086, -0.076], "FUKUIrad": [-0.07, 0.016, 0.006, 0.02, -0.103, -0.093, -0.045, -0.065, -0.066, -0.054, -0.053, -0.059, -0.091, -0.107, -0.12, -0.116], "s proportion": [1.695, 0.991, 1.033, 1.028, 1.071, 1.048, 0.664, 0.992, 0.992, 0.962, 0.961, 0.974, 0.97, 0.973, 0.968, 0.971], "p proportion": [4.874, 2.809, 3.017, 3.019, 2.949, 3.038, 0.0, 0.0, 0.0, 0.0, 0.0, 0.0, 0.0, 0.0, 0.0, 0.0], "d proportion": [0.0, 0.0, 0.0, 0.0, 0.0, 0.0, 0.0, 0.0, 0.0, 0.0, 0.0, 0.0, 0.0, 0.0, 0.0, 0.0], "Fermi-level/eV": -8.2267, "Coordination numbers": [1.653, 3.675, 3.802, 3.805, 2.886, 2.834, 0.804, 0.924, 0.924, 0.924, 0.924, 0.924, 0.924, 0.925, 0.925, 0.925], "Dispersion coefficient C6": [21.778, 19.362, 21.624, 21.642, 28.712, 30.378, 0.769, 2.768, 2.77, 2.325, 2.331, 2.482, 2.465, 2.526, 2.51, 2.491], "Total dispersion C6": 1961.742539, "Total dispersion C8": 42166.884253, "Polarizability alpha": [6.3, 6.305, 6.621, 6.623, 8.785, 9.032, 1.378, 2.602, 2.603, 2.385, 2.388, 2.464, 2.455, 2.486, 2.477, 2.468], "Total polarizability alpha": 67.369042, "Wiberg matrix": [[0.0, 0.9887865762533733, 0.0, 0.0, 0.0, 0.0, 0.9061375747021869, 0.0, 0.0, 0.0, 0.0, 0.0, 0.0, 0.0, 0.0, 0.0], [0.9887865762533733, 0.0, 1.005320188493137, 0.0, 0.0, 0.0, 0.0, 0.9734759489957706, 0.9732948130870742, 0.0, 0.0, 0.0, 0.0, 0.0, 0.0, 0.0], [0.0, 1.005320188493137, 0.0, 0.9930502587360099, 0.0, 0.0, 0.0, 0.0, 0.0, 0.975035714014668, 0.9756511907315859, 0.0, 0.0, 0.0, 0.0, 0.0], [0.0, 0.0, 0.9930502587360099, 0.0, 1.0258919008183875, 0.0, 0.0, 0.0, 0.0, 0.0, 0.0, 0.9745655569484148, 0.9618340982206799, 0.0, 0.0, 0.0], [0.0, 0.0, 0.0, 1.0258919008183875, 0.0, 1.9768377280550142, 0.0, 0.0, 0.0, 0.0, 0.0, 0.0, 0.0, 0.9674879628289048, 0.0, 0.0], [0.0, 0.0, 0.0, 0.0, 1.9768377280550142, 0.0, 0.0, 0.0, 0.0, 0.0, 0.0, 0.0, 0.0, 0.0, 0.9780709784802739, 0.976489475576365], [0.9061375747021869, 0.0, 0.0, 0.0, 0.0, 0.0, 0.0, 0.0, 0.0, 0.0, 0.0, 0.0, 0.0, 0.0, 0.0, 0.0], [0.0, 0.9734759489957706, 0.0, 0.0, 0.0, 0.0, 0.0, 0.0, 0.0, 0.0, 0.0, 0.0, 0.0, 0.0, 0.0, 0.0], [0.0, 0.9732948130870742, 0.0, 0.0, 0.0, 0.0, 0.0, 0.0, 0.0, 0.0, 0.0, 0.0, 0.0, 0.0, 0.0, 0.0], [0.0, 0.0, 0.975035714014668, 0.0, 0.0, 0.0, 0.0, 0.0, 0.0, 0.0, 0.0, 0.0, 0.0, 0.0, 0.0, 0.0], [0.0, 0.0, 0.9756511907315859, 0.0, 0.0, 0.0, 0.0, 0.0, 0.0, 0.0, 0.0, 0.0, 0.0, 0.0, 0.0, 0.0], [0.0, 0.0, 0.0, 0.9745655569484148, 0.0, 0.0, 0.0, 0.0, 0.0, 0.0, 0.0, 0.0, 0.0, 0.0, 0.0, 0.0], [0.0, 0.0, 0.0, 0.9618340982206799, 0.0, 0.0, 0.0, 0.0, 0.0, 0.0, 0.0, 0.0, 0.0, 0.0, 0.0, 0.0], [0.0, 0.0, 0.0, 0.0, 0.9674879628289048, 0.0, 0.0, 0.0, 0.0, 0.0, 0.0, 0.0, 0.0, 0.0, 0.0, 0.0], [0.0, 0.0, 0.0, 0.0, 0.0, 0.9780709784802739, 0.0, 0.0, 0.0, 0.0, 0.0, 0.0, 0.0, 0.0, 0.0, 0.0], [0.0, 0.0, 0.0, 0.0, 0.0, 0.976489475576365, 0.0, 0.0, 0.0, 0.0, 0.0, 0.0, 0.0, 0.0, 0.0, 0.0]], "Born radii": [], "Atomic SASAs": [], "Solvent H bonds": [], "Total SASA": NaN, "Total FOD": 0.0, "FOD": [0.0, 0.0, 0.0, 0.0, 0.0, 0.0, 0.0, 0.0, 0.0, 0.0, 0.0, 0.0, 0.0, 0.0, 0.0, 0.0], "FOD s proportion": [0.0, 0.0, 0.0, 0.0, 0.0, 0.0, 0.0, 0.0, 0.0, 0.0, 0.0, 0.0, 0.0, 0.0, 0.0, 0.0], "FOD p proportion": [0.0, 0.0, 0.0, 0.0, 0.0, 0.0, 0.0, 0.0, 0.0, 0.0, 0.0, 0.0, 0.0, 0.0, 0.0, 0.0], "FOD d proportion": [0.0, 0.0, 0.0, 0.0, 0.0, 0.0, 0.0, 0.0, 0.0, 0.0, 0.0, 0.0, 0.0, 0.0, 0.0, 0.0], "coordinates": [["2.81580", "-0.48630", "-0.93010"], ["1.94270", "0.21950", "-0.05890"], ["0.57130", "-0.43990", "-0.09300"], ["-0.41100", "0.26970", "0.83590"], ["-1.76240", "-0.38450", "0.80860"], ["-2.88640", "0.22990", "0.41940"], ["3.67910", "-0.04020", "-0.89340"], ["1.88410", "1.26020", "-0.39350"], ["2.36410", "0.19310", "0.95100"], ["0.67030", "-1.49690", "0.18640"], ["0.19400", "-0.43910", "-1.12390"], ["-0.48800", "1.32690", "0.55350"], ["-0.03440", "0.24230", "1.86550"], ["-1.81480", "-1.42140", "1.13560"], ["-3.83620", "-0.29640", "0.42390"], ["-2.88830", "1.26310", "0.08640"]], "bond_dist": [[0.0, 1.4210723732449377, 2.3959694530607023, 3.7553335724007257, 4.898301355572154, 5.903319196011681, 0.9724397102134406, 2.050918501549976, 2.050403487121498, 2.6212697037886046, 2.629376640955038, 4.050167606408406, 4.058309667829699, 5.155965948297176, 6.791058975594306, 6.052307776377537], [1.4210723732449377, 0.0, 1.5220739568102464, 2.518549338408918, 3.8529389120514224, 4.852740036309385, 1.9439442636042834, 1.094736319850584, 1.094610857793764, 2.150628468610978, 2.150797677607078, 2.740377895473542, 2.7591229784117997, 4.270619312230956, 5.821935576764827, 4.9445701582645185], [2.3959694530607023, 1.5220739568102464, 0.0, 1.5268597381554077, 2.5024203104194944, 3.559055364840508, 3.234010063373335, 2.168890061759701, 2.1690451447584027, 1.0977770083218175, 1.0977753595339985, 2.1590879972803334, 2.1605535355551826, 2.857669228584722, 4.4400263636604675, 3.8602105538428857], [3.7553335724007257, 2.518549338408918, 1.5268597381554077, 0.0, 1.5016673699591396, 2.5105101971511687, 4.451453078490213, 2.785677407741248, 2.778541988165736, 2.1706993112819655, 2.1700779893819484, 1.0969733816278313, 1.0966560445280915, 2.2181735144032353, 3.496027495601257, 2.772293112208736], [4.898301355572154, 3.8529389120514224, 2.5024203104194944, 1.5016673699591396, 0.0, 1.338783029471169, 5.711853354209997, 4.1769659742449425, 4.169160799249652, 2.746378686561633, 2.7504614830969727, 2.1489675032442905, 2.120353708700508, 1.0885018925109868, 2.111019218292434, 2.1222180401645825], [5.903319196011681, 4.852740036309385, 3.559055364840508, 2.5105101971511687, 1.338783029471169, 0.0, 6.700909497971152, 4.947726220194484, 5.277471274199416, 3.960586084154718, 3.5097293414165143, 2.6407791217744814, 3.197696509989652, 2.094769841772599, 1.0858784370269075, 1.085538967517979], [0.9724397102134406, 1.9439442636042834, 3.234010063373335, 4.451453078490213, 5.711853354209997, 6.700909497971152, 0.0, 2.2722159162368354, 2.2771616653193507, 3.5129503796666413, 3.5154193874984534, 4.618138632609463, 4.6348050347344705, 6.017266127569895, 7.634176564633543, 6.766782225696346], [2.050918501549976, 1.094736319850584, 2.168890061759701, 2.785677407741248, 4.1769659742449425, 4.947726220194484, 2.2722159162368354, 0.0, 1.7823531243836053, 3.0677670804674855, 2.5055024765503626, 2.5550178668651227, 3.1336629780498093, 4.817778178787396, 5.9843945733883555, 4.796468928284639], [2.050403487121498, 1.094610857793764, 2.1690451447584027, 2.778541988165736, 4.169160799249652, 5.277471274199416, 2.2771616653193507, 1.7823531243836053, 0.0, 2.511905969577683, 3.0682602334221913, 3.0948316755520002, 2.5673981265086256, 4.483736457464913, 6.24188791552684, 5.429561577144144], [2.6212697037886046, 2.150628468610978, 1.0977770083218175, 2.1706993112819655, 2.746378686561633, 3.960586084154718, 3.5129503796666413, 3.0677670804674855, 2.511905969577683, 0.0, 1.7500538905988006, 3.0741287773936863, 2.5180936320955185, 2.6612784333849775, 4.669705424328177, 4.504579221192586], [2.629376640955038, 2.150797677607078, 1.0977753595339985, 2.1700779893819484, 2.7504614830969727, 3.5097293414165143, 3.5154193874984534, 2.5055024765503626, 3.0682602334221913, 1.7500538905988006, 0.0, 2.5293380082543337, 3.074570682225406, 3.1789197819385127, 4.319555552368785, 3.7232894354320614], [4.050167606408406, 2.740377895473542, 2.1590879972803334, 1.0969733816278313, 2.1489675032442905, 2.6407791217744814, 4.618138632609463, 2.5550178668651227, 3.0948316755520002, 3.0741287773936863, 2.5293380082543337, 0.0, 1.7616623172447095, 3.1068298215383474, 3.7232166590194558, 2.4461588133234526], [4.058309667829699, 2.7591229784117997, 2.1605535355551826, 1.0966560445280915, 2.120353708700508, 3.197696509989652, 4.6348050347344705, 3.1336629780498093, 2.5673981265086256, 2.5180936320955185, 3.074570682225406, 1.7616623172447095, 0.0, 2.543713006610612, 4.101474306880393, 3.5145376168139104], [5.155965948297176, 4.270619312230956, 2.857669228584722, 2.2181735144032353, 1.0885018925109868, 2.094769841772599, 6.017266127569895, 4.817778178787396, 4.483736457464913, 2.6612784333849775, 3.1789197819385127, 3.1068298215383474, 2.543713006610612, 0.0, 2.4203718412673703, 3.0756727946906186], [6.791058975594306, 5.821935576764827, 4.4400263636604675, 3.496027495601257, 2.111019218292434, 1.0858784370269075, 7.634176564633543, 5.9843945733883555, 6.24188791552684, 4.669705424328177, 4.319555552368785, 3.7232166590194558, 4.101474306880393, 2.4203718412673703, 0.0, 1.8559258902229903], [6.052307776377537, 4.9445701582645185, 3.8602105538428857, 2.772293112208736, 2.1222180401645825, 1.085538967517979, 6.766782225696346, 4.796468928284639, 5.429561577144144, 4.504579221192586, 3.7232894354320614, 2.4461588133234526, 3.5145376168139104, 3.0756727946906186, 1.8559258902229903, 0.0]]}