{"total energy": -69.0023591, "HOMO-LUMO gap/eV": 2.95393573, "electronic energy": -69.89825608, "dipole": [1.4072112, -3.83775552, 0.00624045], "partial charges": [-0.0555594, -0.0120265, 0.00622026, -0.0294298, 0.02380706, -0.02230502, -0.02771503, -0.02903695, -0.02974302, -0.03555219, 0.21020966, -0.41973068, -0.03444583, 0.00888808, 0.03427777, -0.02871397, -0.02495503, -0.02284431, -0.02117463, -0.01671678, 0.47828052, -0.21255432, -0.20476808, -0.20902847, 0.06646515, 0.06359453, 0.06815656, 0.04674734, 0.04567902, 0.03503133, 0.0311435, 0.0306995, 0.02469044, 0.04527994, 0.04208289, 0.04988036, 0.05462124, 0.07054488], "atomic dipole moments": [[-0.02688937, 0.16225958, -0.04882517], [0.00494913, -0.04589302, 0.02911291], [-0.12520446, -0.11571616, 0.01085166], [0.02283628, 0.07115643, -0.01340661], [-0.06124603, -0.04561, 0.00763299], [-0.0027943, -0.00584564, 0.02067267], [-0.00305819, 0.00184145, 0.00108336], [-0.00256401, -0.00019705, 0.00091091], [-0.00131078, 0.00152267, 0.00177247], [-0.01505149, 0.00058211, -0.00733729], [-0.00947106, 0.02245847, -0.00991789], [0.02988182, -0.17682949, 0.05368282], [-0.06701471, 0.05907236, -0.02385834], [0.14840371, -0.05632777, 0.03411908], [0.05029482, -0.00636301, 0.01150273], [0.00732429, 0.01493029, 0.00896577], [-0.0007106, 0.01469372, 0.00756385], [0.02929702, 0.0164775, 0.02235746], [-0.06877763, 0.14591581, 0.08381057], [-0.03088952, -0.00587776, -0.02437868], [-0.08502429, 0.16601631, 0.10580035], [0.14260864, 0.07572823, -0.21249542], [-0.18583462, -0.16840418, -0.08932482], [0.16407981, -0.14253297, 0.15484003], [-0.08609651, -0.0884539, -0.05006127], [-0.00726504, -0.00705232, 0.12927258], [0.11769941, -0.05114723, -0.03683371], [0.13285449, -0.05821685, 0.03039943], [-0.09639135, 0.00017633, -0.12173891], [0.0250062, 0.08304257, -0.12465127], [0.12094105, 0.08949008, -0.0081236], [0.09530894, 0.00976438, 0.11688056], [-0.02128167, -0.07466622, 0.12929444], [-0.10613504, -0.10106614, 0.01963726], [0.05098772, -0.11939224, -0.07834038], [-0.08685161, -0.07979431, -0.09755042], [-0.14790244, 0.03806832, -0.02785759], [0.09242207, 0.0860892, 0.09776742]], "atomic quadrupole moments": [[-0.11571222, -0.06065128, 0.26547093, 0.03092151, -0.15644823, -0.14975871], [-0.06176017, -0.01378252, 0.01508078, -0.00767205, -0.005457, 0.0466794], [-0.09574813, 0.13059803, -0.28819877, -0.09455261, 0.18377793, 0.3839469], [-0.18088862, -0.03182288, -0.19353556, -0.05798115, 0.11708847, 0.37442418], [0.02148091, -0.2140993, 0.21445453, -0.16245542, 0.2036707, -0.23593544], [-0.04361647, -0.32218674, 0.20712387, -0.16493562, 0.23221543, -0.1635074], [-0.04143596, -0.32097694, 0.18992536, -0.15679812, 0.24038382, -0.1484894], [-0.04685322, -0.32003899, 0.19141229, -0.15961008, 0.22931936, -0.14455907], [-0.04690007, -0.31874441, 0.19550255, -0.16129875, 0.22135184, -0.14860248], [-0.04442442, -0.31181898, 0.19939892, -0.15204577, 0.20407486, -0.1549745], [-0.3606763, -0.0537477, -0.11245063, -0.09055094, 0.17655551, 0.47312693], [-0.12109619, -0.01463399, -0.06658513, -0.03481296, 0.07602428, 0.18768132], [-0.1784852, -0.00070873, -0.14699651, -0.04839242, 0.16398605, 0.32548171], [-0.04651824, -0.05109794, -0.33484774, -0.02553646, 0.21835018, 0.38136598], [-0.10211569, 0.08800216, -0.00784478, -0.14938155, -0.36964421, 0.10996047], [-0.19045088, 0.13879029, 0.02072993, -0.17103239, -0.36618313, 0.16972095], [-0.20182638, 0.1243478, 0.0186243, -0.19012632, -0.36040544, 0.18320208], [-0.20495142, 0.14595492, 0.00453742, -0.16889024, -0.3610612, 0.20041401], [-0.2550171, 0.0094358, 0.11747181, -0.22950014, -0.17117826, 0.13754529], [-0.18712288, 0.13894334, 0.00577845, -0.1830295, -0.38318579, 0.18134442], [0.11185491, 0.15111, -0.15426619, 0.10958032, -0.17777063, 0.04241128], [-0.00522017, 0.02793381, -0.03136363, -0.04809366, -0.04042189, 0.0365838], [0.03385048, 0.0564605, -0.00537342, 0.03071514, 0.01416097, -0.02847706], [0.00582646, -0.02971303, -0.01700477, 0.05086777, -0.04316774, 0.01117831], [0.02421197, 0.03546481, -0.00371485, 0.04861696, 0.01167403, -0.02049712], [-0.05089647, -0.0077258, -0.01294298, -0.00865978, 0.00648325, 0.06383946], [0.05559042, -0.01501606, -0.02347442, -0.03989884, -0.00831794, -0.03211601], [0.02446957, 0.01002978, 0.03912612, 0.0099602, -0.02590489, -0.0635957], [0.00921933, 0.04557364, -0.02023413, 0.01224426, -0.02554569, 0.01101481], [0.01059121, 0.04274796, -0.02703814, 0.02402927, -0.02492615, 0.01644693], [0.00330739, 0.03836848, -0.02721892, 0.02254065, -0.03109274, 0.02391153], [0.0046253, 0.04281499, -0.02343265, 0.01536551, -0.03320852, 0.01880735], [0.00956082, 0.04533937, -0.02193338, 0.01760607, -0.02802417, 0.01237256], [0.03216777, -0.00839848, 0.03075268, 0.0134744, -0.02722657, -0.06292045], [0.03126159, -0.02025597, -0.00445358, 0.02280568, 0.04028689, -0.02680801], [0.02843085, -0.02351027, -0.00082028, 0.01783068, 0.04294223, -0.02761056], [0.01546155, -0.01839844, 0.00683969, 0.0152741, 0.04632367, -0.02230125], [0.02200523, -0.02538397, -0.00012596, 0.01323415, 0.03707331, -0.02187927]], "number of molecular orbitals": 110, "number of electrons": 122, "number of unpaired electrons": 0, "orbital energies/eV": [-23.41241662, -23.08386155, -23.04081401, -18.94470345, -18.5437558, -18.5381771, -18.34185828, -18.10346942, -17.96543614, -17.51311705, -17.49717333, -17.25639167, -17.21814081, -17.00437454, -16.65430689, -16.6154647, -16.58267378, -16.44918153, -16.431477, -16.21798895, -15.96946822, -15.81321427, -15.5753447, -15.50513832, -15.42086958, -15.33812391, -15.12512956, -14.6538195, -14.53952002, -14.44619634, -14.43279853, -14.35155071, -14.21617961, -14.10918296, -14.09621983, -14.05446403, -14.04705568, -13.94824522, -13.85387298, -13.69360136, -13.5850526, -13.53421453, -13.37392089, -13.33052155, -13.31179941, -13.26436095, -12.96869868, -12.93971083, -12.86994421, -12.68111907, -12.32540499, -12.20309586, -12.03344269, -11.69233189, -11.62424937, -11.56864826, -11.42599178, -10.96289871, -10.90053146, -10.27536988, -10.20127202, -7.24733629, -6.97759109, -6.94647212, -6.47225295, -6.10562911, -5.75373208, -3.85915415, -3.24395111, -2.52283359, -1.40214314, 0.44074309, 0.52820646, 0.91056435, 1.73457094, 1.88941899, 2.24060904, 2.66166215, 3.11928777, 3.24583409, 3.29252988, 3.49838366, 3.6953595, 3.86458492, 4.07091299, 4.29093477, 4.42716948, 4.51577254, 4.62280795, 4.76424107, 4.89942229, 5.16081168, 7.28723817, 8.71635567, 8.96638873, 9.4621399, 10.40111938, 10.58531466, 10.70441519, 11.11483014, 11.3022378, 11.4752312, 11.82402888, 12.43628287, 15.17779504, 15.9443187, 16.2185043, 16.85335944, 17.22575378, 18.57653843], "fractional occupation": [2.0, 2.0, 2.0, 2.0, 2.0, 2.0, 2.0, 2.0, 2.0, 2.0, 2.0, 2.0, 2.0, 2.0, 2.0, 2.0, 2.0, 2.0, 2.0, 2.0, 2.0, 2.0, 2.0, 2.0, 2.0, 2.0, 2.0, 2.0, 2.0, 2.0, 2.0, 2.0, 2.0, 2.0, 2.0, 2.0, 2.0, 2.0, 2.0, 2.0, 2.0, 2.0, 2.0, 2.0, 2.0, 2.0, 2.0, 2.0, 2.0, 2.0, 2.0, 2.0, 2.0, 2.0, 2.0, 2.0, 2.0, 2.0, 2.0, 2.0, 2.0, 0.0, 0.0, 0.0, 0.0, 0.0, 0.0, 0.0, 0.0, 0.0, 0.0, 0.0, 0.0, 0.0, 0.0, 0.0, 0.0, 0.0, 0.0, 0.0, 0.0, 0.0, 0.0, 0.0, 0.0, 0.0, 0.0, 0.0, 0.0, 0.0, 0.0, 0.0, 0.0, 0.0, 0.0, 0.0, 0.0, 0.0, 0.0, 0.0, 0.0, 0.0, 0.0, 0.0, 0.0, 0.0, 0.0, 0.0, 0.0, 0.0], "program call": "xtb /home/svss/Project-DBcg-Debug/aqme2_20220329/End-to-End-workflows-final/example-3/QDESCP/mol_623_rdkit_conf_5/mol_623_rdkit_conf_5.xyz --pop --wbo --acc 0.2 --gfn 2 --chrg 0 --uhf 0 --etemp 300 --input /home/svss/Project-DBcg-Debug/aqme2_20220329/End-to-End-workflows-final/example-3/QDESCP/mol_623_rdkit_conf_5/mol_623_rdkit_conf_5_xtb.inp", "method": "GFN2-xTB", "xtb version": "6.3.3 (7355c4f)", "Dipole module/D": 10.39, "Total charge": 0, "Transition dipole module/D": NaN, "HOMO": -10.2013, "LUMO": -7.2473, "HOMO occupancy": 2.0, "LUMO occupancy": 0, "mulliken charges": [0.05412, -0.18825, 0.09072, -0.0644, 0.02386, -0.01902, -0.02488, -0.02855, -0.02661, -0.04145, 0.36072, -0.53902, -0.07304, 0.09417, 0.03431, -0.03126, -0.02048, -0.01691, -0.026, -0.00728, 0.63328, -0.25498, -0.24489, -0.25078, 0.04816, 0.04832, 0.04948, 0.03707, 0.04514, 0.03311, 0.03008, 0.02953, 0.02406, 0.03573, 0.03262, 0.03937, 0.04932, 0.06462], "cm5 charges": [-0.03468, -0.45076, 0.10694, -0.06288, 0.01662, -0.07045, -0.08015, -0.0839, -0.08194, -0.09375, 0.39608, -0.58404, -0.07149, 0.11046, 0.02723, -0.08344, -0.07559, -0.06782, -0.02877, -0.05431, 0.68488, -0.27488, -0.26606, -0.27146, 0.10818, 0.10859, 0.1095, 0.10506, 0.10376, 0.08848, 0.08547, 0.08491, 0.08077, 0.1037, 0.08929, 0.09468, 0.10647, 0.1253], "FUKUI+": [0.018, -0.03, -0.024, -0.033, -0.016, -0.012, -0.014, -0.029, -0.014, -0.013, -0.007, -0.04, -0.026, -0.026, -0.031, -0.028, -0.015, -0.04, -0.037, -0.01, -0.003, -0.023, -0.018, -0.021, -0.022, -0.025, -0.024, -0.045, -0.023, -0.037, -0.043, -0.038, -0.027, -0.041, -0.043, -0.049, -0.055, -0.034], "FUKUI-": [0.024, -0.064, -0.011, -0.034, -0.021, -0.015, -0.017, -0.036, -0.018, -0.016, -0.012, -0.101, -0.039, -0.007, -0.006, -0.011, -0.013, -0.024, -0.019, -0.01, -0.001, -0.016, -0.01, -0.016, -0.032, -0.04, -0.032, -0.043, -0.029, -0.045, -0.05, -0.045, -0.034, -0.044, -0.023, -0.036, -0.038, -0.017], "FUKUIrad": [0.021, -0.047, -0.018, -0.033, -0.018, -0.014, -0.016, -0.032, -0.016, -0.014, -0.01, -0.07, -0.032, -0.017, -0.018, -0.019, -0.014, -0.032, -0.028, -0.01, -0.002, -0.02, -0.014, -0.019, -0.027, -0.032, -0.028, -0.044, -0.026, -0.041, -0.046, -0.042, -0.03, -0.043, -0.033, -0.042, -0.047, -0.025], "s proportion": [0.988, 1.444, 1.028, 1.092, 1.074, 1.064, 1.062, 1.06, 1.059, 1.063, 1.046, 1.734, 1.089, 1.027, 1.076, 1.067, 1.06, 1.062, 1.076, 1.067, 1.031, 1.827, 1.824, 1.826, 0.952, 0.952, 0.951, 0.963, 0.955, 0.967, 0.97, 0.97, 0.976, 0.964, 0.967, 0.961, 0.951, 0.935], "p proportion": [2.958, 3.744, 2.882, 2.972, 2.902, 2.955, 2.963, 2.968, 2.967, 2.979, 2.593, 4.805, 2.984, 2.878, 2.89, 2.965, 2.96, 2.954, 2.95, 2.94, 2.336, 5.428, 5.421, 5.425, 0.0, 0.0, 0.0, 0.0, 0.0, 0.0, 0.0, 0.0, 0.0, 0.0, 0.0, 0.0, 0.0, 0.0], "d proportion": [0.0, 0.0, 0.0, 0.0, 0.0, 0.0, 0.0, 0.0, 0.0, 0.0, 0.0, 0.0, 0.0, 0.0, 0.0, 0.0, 0.0, 0.0, 0.0, 0.0, 0.0, 0.0, 0.0, 0.0, 0.0, 0.0, 0.0, 0.0, 0.0, 0.0, 0.0, 0.0, 0.0, 0.0, 0.0, 0.0, 0.0, 0.0], "Fermi-level/eV": -8.7243, "Coordination numbers": [3.689, 2.734, 2.862, 2.949, 2.968, 2.916, 2.91, 2.912, 2.91, 2.916, 2.832, 0.857, 2.949, 2.861, 2.966, 2.916, 2.907, 2.914, 2.959, 2.918, 3.331, 0.788, 0.788, 0.788, 0.924, 0.924, 0.924, 0.925, 0.925, 0.925, 0.925, 0.925, 0.925, 0.925, 0.925, 0.925, 0.925, 0.924], "Dispersion coefficient C6": [21.771, 21.488, 27.878, 28.734, 27.47, 28.562, 28.693, 28.725, 28.743, 28.885, 23.555, 22.079, 28.857, 27.815, 27.231, 28.718, 28.626, 28.575, 28.533, 28.428, 17.456, 11.366, 11.285, 11.329, 2.125, 2.157, 2.106, 2.361, 2.375, 2.516, 2.57, 2.576, 2.663, 2.38, 2.421, 2.321, 2.263, 2.08], "Total dispersion C6": 19429.833688, "Total dispersion C8": 475419.316832, "Polarizability alpha": [6.678, 6.885, 8.654, 8.792, 8.597, 8.764, 8.784, 8.789, 8.791, 8.813, 7.953, 6.3, 8.811, 8.645, 8.559, 8.788, 8.773, 8.766, 8.761, 8.743, 6.628, 3.982, 3.968, 3.976, 2.28, 2.297, 2.269, 2.403, 2.41, 2.481, 2.507, 2.51, 2.552, 2.412, 2.433, 2.383, 2.353, 2.255], "Total polarizability alpha": 219.743902, "Wiberg matrix": [[0.0, 0.9969397650062163, 0.0, 0.0, 0.0, 0.0, 0.0, 0.0, 0.0, 0.0, 0.0, 0.0, 0.0, 0.0, 0.0, 0.0, 0.0, 0.0, 0.0, 0.0, 0.0, 0.0, 0.0, 0.0, 0.9792980284831379, 0.9738910290887972, 0.9787352511380825, 0.0, 0.0, 0.0, 0.0, 0.0, 0.0, 0.0, 0.0, 0.0, 0.0, 0.0], [0.9969397650062163, 0.0, 1.1722885609381588, 0.0, 0.0, 0.0, 0.0, 0.0, 0.0, 0.0, 0.0, 0.0, 0.0, 1.185836715422067, 0.0, 0.0, 0.0, 0.0, 0.0, 0.0, 0.0, 0.0, 0.0, 0.0, 0.0, 0.0, 0.0, 0.0, 0.0, 0.0, 0.0, 0.0, 0.0, 0.0, 0.0, 0.0, 0.0, 0.0], [0.0, 1.1722885609381588, 0.0, 1.6347482598200036, 0.0, 0.0, 0.0, 0.0, 0.0, 0.0, 0.0, 0.0, 0.0, 0.0, 0.0, 0.0, 0.0, 0.0, 0.0, 0.0, 0.0, 0.0, 0.0, 0.0, 0.0, 0.0, 0.0, 0.9595863893202178, 0.0, 0.0, 0.0, 0.0, 0.0, 0.0, 0.0, 0.0, 0.0, 0.0], [0.0, 0.0, 1.6347482598200036, 0.0, 1.0380127039397515, 0.0, 0.0, 0.0, 0.0, 0.0, 1.0549520637023069, 0.0, 0.0, 0.0, 0.0, 0.0, 0.0, 0.0, 0.0, 0.0, 0.0, 0.0, 0.0, 0.0, 0.0, 0.0, 0.0, 0.0, 0.0, 0.0, 0.0, 0.0, 0.0, 0.0, 0.0, 0.0, 0.0, 0.0], [0.0, 0.0, 0.0, 1.0380127039397515, 0.0, 1.392892676480672, 0.0, 0.10399265752068075, 0.0, 1.3890407143100967, 0.0, 0.0, 0.0, 0.0, 0.0, 0.0, 0.0, 0.0, 0.0, 0.0, 0.0, 0.0, 0.0, 0.0, 0.0, 0.0, 0.0, 0.0, 0.0, 0.0, 0.0, 0.0, 0.0, 0.0, 0.0, 0.0, 0.0, 0.0], [0.0, 0.0, 0.0, 0.0, 1.392892676480672, 0.0, 1.4441806455272876, 0.0, 0.11032483153567318, 0.0, 0.0, 0.0, 0.0, 0.0, 0.0, 0.0, 0.0, 0.0, 0.0, 0.0, 0.0, 0.0, 0.0, 0.0, 0.0, 0.0, 0.0, 0.0, 0.969602984369258, 0.0, 0.0, 0.0, 0.0, 0.0, 0.0, 0.0, 0.0, 0.0], [0.0, 0.0, 0.0, 0.0, 0.0, 1.4441806455272876, 0.0, 1.4381447501109534, 0.0, 0.11042732613229048, 0.0, 0.0, 0.0, 0.0, 0.0, 0.0, 0.0, 0.0, 0.0, 0.0, 0.0, 0.0, 0.0, 0.0, 0.0, 0.0, 0.0, 0.0, 0.0, 0.9707478813070942, 0.0, 0.0, 0.0, 0.0, 0.0, 0.0, 0.0, 0.0], [0.0, 0.0, 0.0, 0.0, 0.10399265752068075, 0.0, 1.4381447501109534, 0.0, 1.4353757946456083, 0.0, 0.0, 0.0, 0.0, 0.0, 0.0, 0.0, 0.0, 0.0, 0.0, 0.0, 0.0, 0.0, 0.0, 0.0, 0.0, 0.0, 0.0, 0.0, 0.0, 0.0, 0.9712493080490427, 0.0, 0.0, 0.0, 0.0, 0.0, 0.0, 0.0], [0.0, 0.0, 0.0, 0.0, 0.0, 0.11032483153567318, 0.0, 1.4353757946456083, 0.0, 1.4472182103798632, 0.0, 0.0, 0.0, 0.0, 0.0, 0.0, 0.0, 0.0, 0.0, 0.0, 0.0, 0.0, 0.0, 0.0, 0.0, 0.0, 0.0, 0.0, 0.0, 0.0, 0.0, 0.9710337688415669, 0.0, 0.0, 0.0, 0.0, 0.0, 0.0], [0.0, 0.0, 0.0, 0.0, 1.3890407143100967, 0.0, 0.11042732613229048, 0.0, 1.4472182103798632, 0.0, 0.0, 0.0, 0.0, 0.0, 0.0, 0.0, 0.0, 0.0, 0.0, 0.0, 0.0, 0.0, 0.0, 0.0, 0.0, 0.0, 0.0, 0.0, 0.0, 0.0, 0.0, 0.0, 0.9706280255645063, 0.0, 0.0, 0.0, 0.0, 0.0], [0.0, 0.0, 0.0, 1.0549520637023069, 0.0, 0.0, 0.0, 0.0, 0.0, 0.0, 0.0, 1.7034481630235818, 1.0527335832178126, 0.0, 0.0, 0.0, 0.0, 0.0, 0.0, 0.0, 0.0, 0.0, 0.0, 0.0, 0.0, 0.0, 0.0, 0.0, 0.0, 0.0, 0.0, 0.0, 0.0, 0.0, 0.0, 0.0, 0.0, 0.0], [0.0, 0.0, 0.0, 0.0, 0.0, 0.0, 0.0, 0.0, 0.0, 0.0, 1.7034481630235818, 0.0, 0.0, 0.0, 0.0, 0.0, 0.0, 0.0, 0.0, 0.0, 0.0, 0.0, 0.0, 0.0, 0.0, 0.0, 0.0, 0.0, 0.0, 0.0, 0.0, 0.0, 0.0, 0.0, 0.0, 0.0, 0.0, 0.0], [0.0, 0.0, 0.0, 0.0, 0.0, 0.0, 0.0, 0.0, 0.0, 0.0, 1.0527335832178126, 0.0, 0.0, 1.6285716673891595, 1.040801417615887, 0.0, 0.0, 0.0, 0.0, 0.0, 0.0, 0.0, 0.0, 0.0, 0.0, 0.0, 0.0, 0.0, 0.0, 0.0, 0.0, 0.0, 0.0, 0.0, 0.0, 0.0, 0.0, 0.0], [0.0, 1.185836715422067, 0.0, 0.0, 0.0, 0.0, 0.0, 0.0, 0.0, 0.0, 0.0, 0.0, 1.6285716673891595, 0.0, 0.0, 0.0, 0.0, 0.0, 0.0, 0.0, 0.0, 0.0, 0.0, 0.0, 0.0, 0.0, 0.0, 0.0, 0.0, 0.0, 0.0, 0.0, 0.0, 0.9596758260419131, 0.0, 0.0, 0.0, 0.0], [0.0, 0.0, 0.0, 0.0, 0.0, 0.0, 0.0, 0.0, 0.0, 0.0, 0.0, 0.0, 1.040801417615887, 0.0, 0.0, 1.3887226552484335, 0.0, 0.10316707821813861, 0.0, 1.391103946873764, 0.0, 0.0, 0.0, 0.0, 0.0, 0.0, 0.0, 0.0, 0.0, 0.0, 0.0, 0.0, 0.0, 0.0, 0.0, 0.0, 0.0, 0.0], [0.0, 0.0, 0.0, 0.0, 0.0, 0.0, 0.0, 0.0, 0.0, 0.0, 0.0, 0.0, 0.0, 0.0, 1.3887226552484335, 0.0, 1.4458275849348268, 0.0, 0.10468910284256004, 0.0, 0.0, 0.0, 0.0, 0.0, 0.0, 0.0, 0.0, 0.0, 0.0, 0.0, 0.0, 0.0, 0.0, 0.0, 0.9693673868310155, 0.0, 0.0, 0.0], [0.0, 0.0, 0.0, 0.0, 0.0, 0.0, 0.0, 0.0, 0.0, 0.0, 0.0, 0.0, 0.0, 0.0, 0.0, 1.4458275849348268, 0.0, 1.4384765699176914, 0.0, 0.10778138181965462, 0.0, 0.0, 0.0, 0.0, 0.0, 0.0, 0.0, 0.0, 0.0, 0.0, 0.0, 0.0, 0.0, 0.0, 0.0, 0.9691428000311798, 0.0, 0.0], [0.0, 0.0, 0.0, 0.0, 0.0, 0.0, 0.0, 0.0, 0.0, 0.0, 0.0, 0.0, 0.0, 0.0, 0.10316707821813861, 0.0, 1.4384765699176914, 0.0, 1.4056541048062232, 0.0, 0.0, 0.0, 0.0, 0.0, 0.0, 0.0, 0.0, 0.0, 0.0, 0.0, 0.0, 0.0, 0.0, 0.0, 0.0, 0.0, 0.9682922157028175, 0.0], [0.0, 0.0, 0.0, 0.0, 0.0, 0.0, 0.0, 0.0, 0.0, 0.0, 0.0, 0.0, 0.0, 0.0, 0.0, 0.10468910284256004, 0.0, 1.4056541048062232, 0.0, 1.4178720762589327, 0.9545657683872062, 0.0, 0.0, 0.0, 0.0, 0.0, 0.0, 0.0, 0.0, 0.0, 0.0, 0.0, 0.0, 0.0, 0.0, 0.0, 0.0, 0.0], [0.0, 0.0, 0.0, 0.0, 0.0, 0.0, 0.0, 0.0, 0.0, 0.0, 0.0, 0.0, 0.0, 0.0, 1.391103946873764, 0.0, 0.10778138181965462, 0.0, 1.4178720762589327, 0.0, 0.0, 0.0, 0.0, 0.0, 0.0, 0.0, 0.0, 0.0, 0.0, 0.0, 0.0, 0.0, 0.0, 0.0, 0.0, 0.0, 0.0, 0.9652867629310895], [0.0, 0.0, 0.0, 0.0, 0.0, 0.0, 0.0, 0.0, 0.0, 0.0, 0.0, 0.0, 0.0, 0.0, 0.0, 0.0, 0.0, 0.0, 0.9545657683872062, 0.0, 0.0, 0.9365186558185069, 0.9493119202009359, 0.9434124305694682, 0.0, 0.0, 0.0, 0.0, 0.0, 0.0, 0.0, 0.0, 0.0, 0.0, 0.0, 0.0, 0.0, 0.0], [0.0, 0.0, 0.0, 0.0, 0.0, 0.0, 0.0, 0.0, 0.0, 0.0, 0.0, 0.0, 0.0, 0.0, 0.0, 0.0, 0.0, 0.0, 0.0, 0.0, 0.9365186558185069, 0.0, 0.0, 0.0, 0.0, 0.0, 0.0, 0.0, 0.0, 0.0, 0.0, 0.0, 0.0, 0.0, 0.0, 0.0, 0.0, 0.0], [0.0, 0.0, 0.0, 0.0, 0.0, 0.0, 0.0, 0.0, 0.0, 0.0, 0.0, 0.0, 0.0, 0.0, 0.0, 0.0, 0.0, 0.0, 0.0, 0.0, 0.9493119202009359, 0.0, 0.0, 0.0, 0.0, 0.0, 0.0, 0.0, 0.0, 0.0, 0.0, 0.0, 0.0, 0.0, 0.0, 0.0, 0.0, 0.0], [0.0, 0.0, 0.0, 0.0, 0.0, 0.0, 0.0, 0.0, 0.0, 0.0, 0.0, 0.0, 0.0, 0.0, 0.0, 0.0, 0.0, 0.0, 0.0, 0.0, 0.9434124305694682, 0.0, 0.0, 0.0, 0.0, 0.0, 0.0, 0.0, 0.0, 0.0, 0.0, 0.0, 0.0, 0.0, 0.0, 0.0, 0.0, 0.0], [0.9792980284831379, 0.0, 0.0, 0.0, 0.0, 0.0, 0.0, 0.0, 0.0, 0.0, 0.0, 0.0, 0.0, 0.0, 0.0, 0.0, 0.0, 0.0, 0.0, 0.0, 0.0, 0.0, 0.0, 0.0, 0.0, 0.0, 0.0, 0.0, 0.0, 0.0, 0.0, 0.0, 0.0, 0.0, 0.0, 0.0, 0.0, 0.0], [0.9738910290887972, 0.0, 0.0, 0.0, 0.0, 0.0, 0.0, 0.0, 0.0, 0.0, 0.0, 0.0, 0.0, 0.0, 0.0, 0.0, 0.0, 0.0, 0.0, 0.0, 0.0, 0.0, 0.0, 0.0, 0.0, 0.0, 0.0, 0.0, 0.0, 0.0, 0.0, 0.0, 0.0, 0.0, 0.0, 0.0, 0.0, 0.0], [0.9787352511380825, 0.0, 0.0, 0.0, 0.0, 0.0, 0.0, 0.0, 0.0, 0.0, 0.0, 0.0, 0.0, 0.0, 0.0, 0.0, 0.0, 0.0, 0.0, 0.0, 0.0, 0.0, 0.0, 0.0, 0.0, 0.0, 0.0, 0.0, 0.0, 0.0, 0.0, 0.0, 0.0, 0.0, 0.0, 0.0, 0.0, 0.0], [0.0, 0.0, 0.9595863893202178, 0.0, 0.0, 0.0, 0.0, 0.0, 0.0, 0.0, 0.0, 0.0, 0.0, 0.0, 0.0, 0.0, 0.0, 0.0, 0.0, 0.0, 0.0, 0.0, 0.0, 0.0, 0.0, 0.0, 0.0, 0.0, 0.0, 0.0, 0.0, 0.0, 0.0, 0.0, 0.0, 0.0, 0.0, 0.0], [0.0, 0.0, 0.0, 0.0, 0.0, 0.969602984369258, 0.0, 0.0, 0.0, 0.0, 0.0, 0.0, 0.0, 0.0, 0.0, 0.0, 0.0, 0.0, 0.0, 0.0, 0.0, 0.0, 0.0, 0.0, 0.0, 0.0, 0.0, 0.0, 0.0, 0.0, 0.0, 0.0, 0.0, 0.0, 0.0, 0.0, 0.0, 0.0], [0.0, 0.0, 0.0, 0.0, 0.0, 0.0, 0.9707478813070942, 0.0, 0.0, 0.0, 0.0, 0.0, 0.0, 0.0, 0.0, 0.0, 0.0, 0.0, 0.0, 0.0, 0.0, 0.0, 0.0, 0.0, 0.0, 0.0, 0.0, 0.0, 0.0, 0.0, 0.0, 0.0, 0.0, 0.0, 0.0, 0.0, 0.0, 0.0], [0.0, 0.0, 0.0, 0.0, 0.0, 0.0, 0.0, 0.9712493080490427, 0.0, 0.0, 0.0, 0.0, 0.0, 0.0, 0.0, 0.0, 0.0, 0.0, 0.0, 0.0, 0.0, 0.0, 0.0, 0.0, 0.0, 0.0, 0.0, 0.0, 0.0, 0.0, 0.0, 0.0, 0.0, 0.0, 0.0, 0.0, 0.0, 0.0], [0.0, 0.0, 0.0, 0.0, 0.0, 0.0, 0.0, 0.0, 0.9710337688415669, 0.0, 0.0, 0.0, 0.0, 0.0, 0.0, 0.0, 0.0, 0.0, 0.0, 0.0, 0.0, 0.0, 0.0, 0.0, 0.0, 0.0, 0.0, 0.0, 0.0, 0.0, 0.0, 0.0, 0.0, 0.0, 0.0, 0.0, 0.0, 0.0], [0.0, 0.0, 0.0, 0.0, 0.0, 0.0, 0.0, 0.0, 0.0, 0.9706280255645063, 0.0, 0.0, 0.0, 0.0, 0.0, 0.0, 0.0, 0.0, 0.0, 0.0, 0.0, 0.0, 0.0, 0.0, 0.0, 0.0, 0.0, 0.0, 0.0, 0.0, 0.0, 0.0, 0.0, 0.0, 0.0, 0.0, 0.0, 0.0], [0.0, 0.0, 0.0, 0.0, 0.0, 0.0, 0.0, 0.0, 0.0, 0.0, 0.0, 0.0, 0.0, 0.9596758260419131, 0.0, 0.0, 0.0, 0.0, 0.0, 0.0, 0.0, 0.0, 0.0, 0.0, 0.0, 0.0, 0.0, 0.0, 0.0, 0.0, 0.0, 0.0, 0.0, 0.0, 0.0, 0.0, 0.0, 0.0], [0.0, 0.0, 0.0, 0.0, 0.0, 0.0, 0.0, 0.0, 0.0, 0.0, 0.0, 0.0, 0.0, 0.0, 0.0, 0.9693673868310155, 0.0, 0.0, 0.0, 0.0, 0.0, 0.0, 0.0, 0.0, 0.0, 0.0, 0.0, 0.0, 0.0, 0.0, 0.0, 0.0, 0.0, 0.0, 0.0, 0.0, 0.0, 0.0], [0.0, 0.0, 0.0, 0.0, 0.0, 0.0, 0.0, 0.0, 0.0, 0.0, 0.0, 0.0, 0.0, 0.0, 0.0, 0.0, 0.9691428000311798, 0.0, 0.0, 0.0, 0.0, 0.0, 0.0, 0.0, 0.0, 0.0, 0.0, 0.0, 0.0, 0.0, 0.0, 0.0, 0.0, 0.0, 0.0, 0.0, 0.0, 0.0], [0.0, 0.0, 0.0, 0.0, 0.0, 0.0, 0.0, 0.0, 0.0, 0.0, 0.0, 0.0, 0.0, 0.0, 0.0, 0.0, 0.0, 0.9682922157028175, 0.0, 0.0, 0.0, 0.0, 0.0, 0.0, 0.0, 0.0, 0.0, 0.0, 0.0, 0.0, 0.0, 0.0, 0.0, 0.0, 0.0, 0.0, 0.0, 0.0], [0.0, 0.0, 0.0, 0.0, 0.0, 0.0, 0.0, 0.0, 0.0, 0.0, 0.0, 0.0, 0.0, 0.0, 0.0, 0.0, 0.0, 0.0, 0.0, 0.9652867629310895, 0.0, 0.0, 0.0, 0.0, 0.0, 0.0, 0.0, 0.0, 0.0, 0.0, 0.0, 0.0, 0.0, 0.0, 0.0, 0.0, 0.0, 0.0]], "Born radii": [], "Atomic SASAs": [], "Solvent H bonds": [], "Total SASA": NaN, "Total FOD": 0.0, "FOD": [0.0, 0.0, 0.0, 0.0, 0.0, 0.0, 0.0, 0.0, 0.0, 0.0, 0.0, 0.0, 0.0, 0.0, 0.0, 0.0, 0.0, 0.0, 0.0, 0.0, 0.0, 0.0, 0.0, 0.0, 0.0, 0.0, 0.0, 0.0, 0.0, 0.0, 0.0, 0.0, 0.0, 0.0, 0.0, 0.0, 0.0, 0.0], "FOD s proportion": [0.0, 0.0, 0.0, 0.0, 0.0, 0.0, 0.0, 0.0, 0.0, 0.0, 0.0, 0.0, 0.0, 0.0, 0.0, 0.0, 0.0, 0.0, 0.0, 0.0, 0.0, 0.0, 0.0, 0.0, 0.0, 0.0, 0.0, 0.0, 0.0, 0.0, 0.0, 0.0, 0.0, 0.0, 0.0, 0.0, 0.0, 0.0], "FOD p proportion": [0.0, 0.0, 0.0, 0.0, 0.0, 0.0, 0.0, 0.0, 0.0, 0.0, 0.0, 0.0, 0.0, 0.0, 0.0, 0.0, 0.0, 0.0, 0.0, 0.0, 0.0, 0.0, 0.0, 0.0, 0.0, 0.0, 0.0, 0.0, 0.0, 0.0, 0.0, 0.0, 0.0, 0.0, 0.0, 0.0, 0.0, 0.0], "FOD d proportion": [0.0, 0.0, 0.0, 0.0, 0.0, 0.0, 0.0, 0.0, 0.0, 0.0, 0.0, 0.0, 0.0, 0.0, 0.0, 0.0, 0.0, 0.0, 0.0, 0.0, 0.0, 0.0, 0.0, 0.0, 0.0, 0.0, 0.0, 0.0, 0.0, 0.0, 0.0, 0.0, 0.0, 0.0, 0.0, 0.0, 0.0, 0.0], "coordinates": [["1.01740", "-3.85860", "0.91410"], ["0.79290", "-2.48260", "0.46440"], ["1.84320", "-1.57980", "0.38420"], ["1.72900", "-0.28190", "0.05050"], ["2.91730", "0.58880", "-0.02020"], ["3.17490", "1.34950", "-1.16890"], ["4.30410", "2.16890", "-1.24360"], ["5.18840", "2.23920", "-0.16950"], ["4.94260", "1.49460", "0.98190"], ["3.81320", "0.67540", "1.05730"], ["0.34540", "0.21620", "-0.26800"], ["0.14830", "1.38040", "-0.61190"], ["-0.79710", "-0.75560", "-0.14490"], ["-0.48880", "-2.01270", "0.21980"], ["-2.19660", "-0.35430", "-0.37960"], ["-3.01360", "-1.07550", "-1.26260"], ["-4.33980", "-0.69670", "-1.47700"], ["-4.86470", "0.41170", "-0.81440"], ["-4.06580", "1.15980", "0.06280"], ["-2.73490", "0.76280", "0.27660"], ["-4.64300", "2.34910", "0.78900"], ["-5.37490", "1.97900", "1.87730"], ["-3.70340", "3.21920", "1.25130"], ["-5.48410", "3.08780", "0.01150"], ["0.27220", "-4.54100", "0.49020"], ["0.95550", "-3.91080", "2.00620"], ["2.00350", "-4.22150", "0.60340"], ["2.81300", "-2.01690", "0.61040"], ["2.49140", "1.31700", "-2.01540"], ["4.48640", "2.75700", "-2.13940"], ["6.06360", "2.88100", "-0.22720"], ["5.62590", "1.55670", "1.82480"], ["3.63270", "0.11540", "1.97210"], ["-1.26300", "-2.76440", "0.35440"], ["-2.61950", "-1.93410", "-1.80260"], ["-4.96170", "-1.26350", "-2.16590"], ["-5.90070", "0.69870", "-0.99010"], ["-2.10910", "1.34130", "0.95740"]], "bond_dist": [[0.0, 1.4649253701127576, 2.4810620891061954, 3.7476609251638546, 4.925637345562501, 6.009825360191426, 7.196445124504181, 7.466899945760622, 6.638414126883016, 5.328617070122416, 4.295688472177655, 5.525498331372475, 3.747332417867409, 2.481539389169553, 4.927836663283393, 5.360282595162311, 6.664425156005581, 7.471430569174822, 7.193606361902214, 5.986944086927822, 8.401863927724609, 8.710156559442545, 8.514394242692783, 9.55702160560496, 1.095757276955075, 1.0950976486140405, 1.0957299439186645, 2.590033192837497, 6.12711038010578, 8.069943408103926, 8.496405610021215, 7.168899555022374, 4.8735853424352795, 2.5905138274095356, 4.930638979888915, 7.2090624092179985, 8.500298144182944, 6.067605553263989], [1.4649253701127576, 0.0, 1.3873031283753383, 2.4270716738489617, 3.7658213552955484, 4.798602223564691, 6.07307514279216, 6.482101873620932, 5.771129541086389, 4.409842003972478, 2.831993546955925, 4.061612961620051, 2.425257819284375, 1.3868633890906488, 3.765515521147138, 4.410431006148945, 5.770882260105469, 6.4823406027452775, 6.085665617662542, 4.797214070687278, 7.2800892068710255, 7.742345756293761, 7.303865315023272, 8.404475210862365, 2.1233946147619385, 2.107923442632583, 2.123357381601128, 2.078219550480651, 4.844715724374342, 6.9191852735708705, 7.551608703448556, 6.443952331450007, 4.133669959007371, 2.0780365853372262, 4.133353966211943, 6.443609552106646, 7.552517520668191, 4.825646506945986], [2.4810620891061954, 1.3873031283753383, 0.0, 1.3449690479709933, 2.4535802676904623, 3.5730019577380587, 4.770588364132877, 5.107025330855526, 4.406297880307231, 3.069184036515243, 2.4278355957519038, 3.553545449266127, 2.8161030769487114, 2.377531023982652, 4.290131085409862, 5.1531325395335985, 6.517163497258604, 7.099199716869502, 6.521118548224684, 5.143768281133978, 7.59413646769664, 8.1850701072135, 7.385596453232466, 8.69567250648275, 3.3538011926767517, 2.975307763912836, 2.655621136382221, 1.0875361557208112, 3.817026806298326, 5.671234207824607, 6.171249691918161, 5.120720642643962, 2.9321390997017858, 3.3245516449590613, 4.982300073259338, 7.27390677078006, 8.188299576224603, 4.94793479544749], [3.7476609251638546, 2.4270716738489617, 1.3449690479709933, 0.0, 1.4748470666479288, 2.4978048622740725, 3.7831541681512264, 4.286233027962898, 3.7882295561383286, 2.504787250446632, 1.5046244780675344, 2.3875986974364016, 2.5775480713267016, 2.8183271580850935, 3.949754818972945, 4.9846050324975595, 6.27181383094237, 6.6862555036432765, 5.97146189973611, 4.590089597164744, 6.933247958208332, 7.675562667322833, 6.57347637175338, 7.9614829460346135, 4.522779581186772, 4.194279431559133, 3.9876680930087445, 2.1210301765887256, 2.721337498363626, 4.651218117869769, 5.373063452072755, 4.659873395275884, 2.7339472452847366, 3.8996442735203427, 5.0073143200721875, 7.116279506174558, 7.762521936200889, 4.264769332566535], [4.925637345562501, 3.7658213552955484, 2.4535802676904623, 1.4748470666479288, 0.0, 1.4016183289326662, 2.432413988201844, 2.811406384712107, 2.434444113139589, 1.4039738672781628, 2.6105373412383894, 2.9400851093123137, 3.9521802603120215, 4.292658786812667, 5.212540568667069, 6.284029524119058, 7.512674417276448, 7.824425988531044, 7.0068977165361845, 5.662661130599288, 7.804588190289095, 8.619381829922608, 7.236669461845, 8.765245452923722, 5.794127217277854, 5.310494926087398, 4.935878188326774, 2.6829475097362603, 2.166215384028098, 3.4138211274171937, 3.8982346684108182, 3.4172166115129428, 2.169139002000563, 5.372074412180084, 6.340199398283937, 8.373391474187745, 8.871860459903548, 5.175582573005671], [6.009825360191426, 4.798602223564691, 3.5730019577380587, 2.4978048622740725, 1.4016183289326662, 0.0, 1.3971718183530613, 2.4175501442576115, 2.7877872838507605, 2.412012466800286, 3.1783737901637683, 3.077582065518319, 4.6105103849790865, 5.162903661700458, 5.6902496588462625, 6.647325547917749, 7.794393891766056, 8.10187060190423, 7.34716322603493, 6.112235530474917, 8.121091858857405, 9.098059393628953, 7.527559831711734, 8.910292478364555, 6.77320237037105, 6.532821171591949, 5.962320542372743, 3.8248567371863746, 1.0884809369024337, 2.154752596007254, 3.4024812754811746, 3.87460611288425, 3.4056518685855135, 6.240158051684268, 6.690192524135609, 8.603838536374333, 9.100660714475625, 5.695776938223618], [7.196445124504181, 6.07307514279216, 4.770588364132877, 3.7831541681512264, 2.432413988201844, 1.3971718183530613, 0.0, 1.3930611580257342, 2.4114752725250987, 2.786694434271544, 4.520634727557624, 4.2768505678828665, 5.981812716894437, 6.5268069168621805, 7.026530774856109, 8.004700222369355, 9.109508555899161, 9.34552609113045, 8.531130627296715, 7.337277850129433, 9.17684767281227, 10.171485625020566, 8.452674863615659, 9.911029838518296, 8.017795087179518, 7.664011618597665, 7.038563881929324, 4.8147291564531445, 2.146459908780036, 1.0869924286764838, 2.153136228853158, 3.3966192957115457, 3.874063331955222, 7.608130867696743, 8.067423811849729, 9.924064524679391, 10.313277526082578, 6.830699598137807], [7.466899945760622, 6.482101873620932, 5.107025330855526, 4.286233027962898, 2.811406384712107, 2.4175501442576115, 1.3930611580257342, 0.0, 1.3930429856971391, 2.4169575337601605, 5.249464758430139, 5.131847933249777, 6.692954687580068, 7.1035771228304405, 7.82998143420532, 8.91374824077952, 10.055628289669423, 10.238186942520635, 9.319832900326057, 8.07201617069738, 9.8786247129851, 10.762917874349872, 9.05776903437044, 10.707714004865837, 8.400912960506139, 7.7764781810277075, 7.244419018113184, 4.9361074117162405, 3.395822234746689, 2.1543970966374797, 1.0868355763407824, 2.1527761123721154, 3.393697023895916, 8.181139659607334, 9.002596898117787, 10.921494872955808, 11.225625301959797, 7.438389225497681], [6.638414126883016, 5.771129541086389, 4.406297880307231, 3.7882295561383286, 2.434444113139589, 2.7877872838507605, 2.4114752725250987, 1.3930429856971391, 0.0, 1.3972537922653847, 4.932626522452313, 5.053568300715842, 6.267155205513902, 6.510150202568294, 7.499352645395468, 8.65703833305594, 9.849412909407341, 10.029082679387981, 9.061352349953069, 7.7444809755076545, 9.625544557062733, 10.367602942339179, 8.820438624014113, 10.592262991920094, 7.647409522838437, 6.794446707422172, 6.438584492728196, 4.123571347751849, 3.876045728574419, 3.397688315605185, 2.1542211515998075, 1.0868466819197637, 2.1444175642817327, 7.5526358716675865, 8.75755561501039, 10.752251807877268, 11.049859533043847, 7.053408681623376], [5.328617070122416, 4.409842003972478, 3.069184036515243, 2.504787250446632, 1.4039738672781628, 2.412012466800286, 2.786694434271544, 2.4169575337601605, 1.3972537922653847, 0.0, 3.740711372185777, 4.088367112919289, 4.974727322175559, 5.141448420435627, 6.264396199155989, 7.419756401661715, 8.647354734252552, 8.881370783274393, 7.956275171837636, 6.595054575968269, 8.624417372785246, 9.316273641859175, 7.937747161506217, 9.661943835999049, 6.330174750352474, 5.486354977578465, 5.24029282674165, 2.906647371113325, 3.40592000640062, 3.8736478531224283, 3.4027800061126485, 2.156763137203527, 1.0876760960874337, 6.172041711621852, 7.5078723717175695, 9.54710539692529, 9.92734822900859, 5.9604563675946824], [4.295688472177655, 2.831993546955925, 2.4278355957519038, 1.5046244780675344, 2.6105373412383894, 3.1783737901637683, 4.520634727557624, 5.249464758430139, 4.932626522452313, 3.740711372185777, 0.0, 1.2298281424654423, 1.5049435537587448, 2.4293689900877555, 2.6076212934396747, 3.7337111631726416, 4.924039647484573, 5.242319641151234, 4.523106790691549, 3.17546985657241, 5.527263877362831, 6.3585853788401705, 5.264889640818694, 6.504404435457561, 4.81779797417866, 4.751456266240909, 4.816826222732142, 3.44200115194635, 2.9783356761788955, 5.206311899992162, 6.308774438827244, 5.836131624629451, 3.9792649999717282, 3.4435895051530174, 3.971072809707725, 5.827250373031864, 6.306187427439815, 2.965134975005354], [5.525498331372475, 4.061612961620051, 3.553545449266127, 2.3875986974364016, 2.9400851093123137, 3.077582065518319, 4.2768505678828665, 5.131847933249777, 5.053568300715842, 4.088367112919289, 1.2298281424654423, 0.0, 2.382092810954267, 3.5511616282563097, 2.9260388565430913, 4.056164063496445, 5.0205362293284965, 5.109750966534475, 4.273467358012695, 3.0795623471525952, 5.085022732495894, 6.087707026459141, 4.6570690965455945, 5.9184264868290795, 6.024363333996382, 5.958424027375024, 6.024948525921197, 4.487347843659995, 2.7320229537835146, 4.800770294442341, 6.114782787638495, 5.997723763228847, 4.51866400167129, 4.48384549466192, 4.479329590463287, 5.959632808319654, 6.099028703818338, 2.749561066788661], [3.747332417867409, 2.425257819284375, 2.8161030769487114, 2.5775480713267016, 3.9521802603120215, 4.6105103849790865, 5.981812716894437, 6.692954687580068, 6.267155205513902, 4.974727322175559, 1.5049435537587448, 2.382092810954267, 0.0, 1.3447510513102416, 1.4746952329210263, 2.5028906388414174, 3.785324676959693, 4.284412363440288, 3.7942451344107964, 2.497652828156868, 5.030136987200249, 5.7029451023133655, 5.118104060098817, 6.063345076770742, 3.984470813044061, 4.201681212324419, 4.51838201793518, 3.8979709837298686, 4.313777145379673, 6.650696298884802, 7.7653613785837425, 7.105024868359012, 4.986327109205733, 2.121707034441843, 2.7309290177520174, 4.656854793742232, 5.373647224185822, 2.7080249075663985], [2.481539389169553, 1.3868633890906488, 2.377531023982652, 2.8183271580850935, 4.292658786812667, 5.162903661700458, 6.5268069168621805, 7.1035771228304405, 6.510150202568294, 5.141448420435627, 2.4293689900877555, 3.5511616282563097, 1.3447510513102416, 0.0, 2.454822144270334, 3.0741614531445807, 4.409216170704267, 5.108403450198506, 4.783757336027822, 3.5709370898967125, 6.0503442480572955, 6.523415389962532, 6.226589999349564, 7.142234330375894, 2.6541548654892013, 2.979934740896183, 3.352238907058982, 3.3248261969612787, 4.99646006388523, 7.284811443681985, 8.190363511468828, 7.2599034050047795, 4.9584399915699295, 1.0874537645343825, 2.9387347974936424, 5.12442187373366, 6.172860729029936, 3.7972018447799165], [4.927836663283393, 3.765515521147138, 4.290131085409862, 3.949754818972945, 5.212540568667069, 5.6902496588462625, 7.026530774856109, 7.82998143420532, 7.499352645395468, 6.264396199155989, 2.6076212934396747, 2.9260388565430913, 1.4746952329210263, 2.454822144270334, 0.0, 1.4026073720040113, 2.4320425078521968, 2.809726792768293, 2.4458383450260976, 1.4029532208879951, 3.828690439301668, 4.543069159720112, 4.207158577947829, 4.775842111083656, 4.937608972974672, 5.317562251633732, 5.793303448810532, 5.370328753437727, 5.238933987940677, 7.578889940486008, 8.872502233868415, 8.348820671807486, 6.303320511444742, 2.6868098127705284, 2.167842579616887, 3.4151559759401917, 3.8989583301184427, 2.1610841283948203], [5.360282595162311, 4.410431006148945, 5.1531325395335985, 4.9846050324975595, 6.284029524119058, 6.647325547917749, 8.004700222369355, 8.91374824077952, 8.65703833305594, 7.419756401661715, 3.7337111631726416, 4.056164063496445, 2.5028906388414174, 3.0741614531445807, 1.4026073720040113, 0.0, 1.3958020060166132, 2.4164474523564548, 2.8036362264031327, 2.413743403926772, 4.311831638642678, 4.976412357311239, 5.023939225348969, 5.005973227055853, 5.0870895146439095, 5.871774377477391, 6.208910082293026, 6.192223390673176, 6.049445353914688, 8.467988810219342, 9.955978367292689, 9.544709311969642, 7.486977400126169, 2.920902697797378, 1.0881676203600252, 2.1555483061161036, 3.3996159047751258, 3.4040332680512977], [6.664425156005581, 5.770882260105469, 6.517163497258604, 6.27181383094237, 7.512674417276448, 7.794393891766056, 9.109508555899161, 10.055628289669423, 9.849412909407341, 8.647354734252552, 4.924039647484573, 5.0205362293284965, 3.785324676959693, 4.409216170704267, 2.4320425078521968, 1.3958020060166132, 0.0, 1.3939545652567016, 2.4274785869292446, 2.789436720916967, 3.808357110356118, 4.413856702476871, 4.81486226801972, 4.22462956837638, 6.3181533955737414, 7.106569013244014, 7.549154528157441, 7.567213135626617, 7.142139433671119, 9.500980154173568, 11.072157372888087, 10.737544937740656, 8.724480126059088, 4.134743944913639, 2.1439697315960413, 1.087476464113132, 2.1495631137512565, 3.8801765230463423], [7.471430569174822, 6.4823406027452775, 7.099199716869502, 6.6862555036432765, 7.824425988531044, 8.10187060190423, 9.34552609113045, 10.238186942520635, 10.029082679387981, 8.881370783274393, 5.242319641151234, 5.109750966534475, 4.284412363440288, 5.108403450198506, 2.809726792768293, 2.4164474523564548, 1.3939545652567016, 0.0, 1.402631334314188, 2.4185946849358615, 2.5245912956357905, 3.1562607972092547, 3.673933917478647, 2.8683232697867234, 7.253892752171072, 7.7791078312361766, 8.40528823539086, 8.17772769722739, 7.508273856220216, 9.73134771241887, 11.219179436126334, 10.877917539676426, 8.947523830647224, 4.942261379166424, 3.3941478930653566, 2.154589587369251, 1.089282098448331, 3.405401996827981], [7.193606361902214, 6.085665617662542, 6.521118548224684, 5.97146189973611, 7.0068977165361845, 7.34716322603493, 8.531130627296715, 9.319832900326057, 9.061352349953069, 7.956275171837636, 4.523106790691549, 4.273467358012695, 3.7942451344107964, 4.783757336027822, 2.4458383450260976, 2.8036362264031327, 2.4274785869292446, 1.402631334314188, 0.0, 1.4052096818624615, 1.508297308225404, 2.3826963088064748, 2.4052015237813236, 2.394032284661174, 7.1763525136381086, 7.396028772929429, 8.12939361453239, 7.596655717485162, 6.880443221188589, 8.974455834199642, 10.278685412055378, 9.858560873677254, 8.000193753903714, 4.8311555594909175, 3.891493037382953, 3.4120555959714376, 2.1651950558783377, 2.1591494390152803], [5.986944086927822, 4.797214070687278, 5.143768281133978, 4.590089597164744, 5.662661130599288, 6.112235530474917, 7.337277850129433, 8.07201617069738, 7.7444809755076545, 6.595054575968269, 3.17546985657241, 3.0795623471525952, 2.497652828156868, 3.5709370898967125, 1.4029532208879951, 2.413743403926772, 2.789436720916967, 2.4185946849358615, 1.4052096818624615, 0.0, 2.5337219776447455, 3.318280116265051, 2.814592919055969, 3.610263653807018, 6.100702403002462, 6.2010567873548785, 6.884945845102924, 6.214285875303775, 5.733638751264332, 7.871535004686189, 9.063894743982853, 8.539916691045645, 6.621191491718087, 3.8227846251129556, 3.4072950283179178, 3.8768977520693015, 3.4104145407853275, 1.0907687793478507], [8.401863927724609, 7.2800892068710255, 7.59413646769664, 6.933247958208332, 7.804588190289095, 8.121091858857405, 9.17684767281227, 9.8786247129851, 9.625544557062733, 8.624417372785246, 5.527263877362831, 5.085022732495894, 5.030136987200249, 6.0503442480572955, 3.828690439301668, 4.311831638642678, 3.808357110356118, 2.5245912956357905, 1.508297308225404, 2.5337219776447455, 0.0, 1.3627356713611045, 1.3614857546078107, 1.3629501641659538, 8.468881300974763, 8.48593696064259, 9.347897836947086, 8.642094072619203, 7.734956569367406, 9.596241625240582, 10.76786253673402, 10.351380903531663, 8.653112260337318, 6.145010936524035, 5.399698607329857, 4.678021212008343, 2.7332812259260844, 2.7321545728600345], [8.710156559442545, 7.742345756293761, 8.1850701072135, 7.675562667322833, 8.619381829922608, 9.098059393628953, 10.171485625020566, 10.762917874349872, 10.367602942339179, 9.316273641859175, 6.3585853788401705, 6.087707026459141, 5.7029451023133655, 6.523415389962532, 4.543069159720112, 4.976412357311239, 4.413856702476871, 3.1562607972092547, 2.3826963088064748, 3.318280116265051, 1.3627356713611045, 0.0, 2.173449859094983, 2.17314788268079, 8.736371376034791, 8.647561703162342, 9.721615504637077, 9.198584610145195, 8.801706253903275, 10.676347717267362, 11.665410687155426, 11.009027848997386, 9.198850458617098, 6.459627665740496, 6.037072533935633, 5.199231359537677, 3.1839623882828767, 3.4522929974149066], [8.514394242692783, 7.303865315023272, 7.385596453232466, 6.57347637175338, 7.236669461845, 7.527559831711734, 8.452674863615659, 9.05776903437044, 8.820438624014113, 7.937747161506217, 5.264889640818694, 4.6570690965455945, 5.118104060098817, 6.226589999349564, 4.207158577947829, 5.023939225348969, 4.81486226801972, 3.673933917478647, 2.4052015237813236, 2.814592919055969, 1.3614857546078107, 2.173449859094983, 0.0, 2.1737668895261058, 8.7524495205628, 8.550562742884237, 9.399600976105315, 8.383970716790465, 7.257082111289633, 8.87599568330224, 9.884059413520337, 9.493610850988153, 7.998217944642419, 6.524067039048572, 6.087499101437305, 5.775393841115945, 4.025533691325909, 2.4808623722407495], [9.55702160560496, 8.404475210862365, 8.69567250648275, 7.9614829460346135, 8.765245452923722, 8.910292478364555, 9.911029838518296, 10.707714004865837, 10.592262991920094, 9.661943835999049, 6.504404435457561, 5.9184264868290795, 6.063345076770742, 7.142234330375894, 4.775842111083656, 5.005973227055853, 4.22462956837638, 2.8683232697867234, 2.394032284661174, 3.610263653807018, 1.3629501641659538, 2.17314788268079, 2.1737668895261058, 0.0, 9.568841770036748, 9.717390504142559, 10.480475459634453, 9.760046706343163, 8.417402004181575, 10.205227567281387, 11.552017971765798, 11.360652450453715, 9.787500005619412, 7.223815505672885, 6.0594035663586565, 4.893647332000948, 2.623843922568566, 3.916071253182199], [1.095757276955075, 2.1233946147619385, 3.3538011926767517, 4.522779581186772, 5.794127217277854, 6.77320237037105, 8.017795087179518, 8.400912960506139, 7.647409522838437, 6.330174750352474, 4.81779797417866, 6.024363333996382, 3.984470813044061, 2.6541548654892013, 4.937608972974672, 5.0870895146439095, 6.3181533955737414, 7.253892752171072, 7.1763525136381086, 6.100702403002462, 8.468881300974763, 8.736371376