{"total energy": -27.21909706, "HOMO-LUMO gap/eV": 11.66019435, "electronic energy": -27.56129658, "dipole": [0.53344591, 0.20581298, -0.41901676], "partial charges": [-0.10041711, -0.05001627, -0.07550752, 0.14350129, -0.11630368, -0.45326736, -0.05893244, -0.09939924, 0.03156947, 0.03303222, 0.03403756, 0.02874145, 0.02584575, 0.03076911, 0.04797902, 0.04212306, 0.03509062, 0.03293926, 0.28179922, 0.04407061, 0.02933021, 0.05052129, 0.03109058, 0.03140291], "atomic dipole moments": [[-0.06691632, 0.07231788, 0.02035368], [-0.02733425, -0.10346926, -0.03387544], [0.01979453, 0.10536299, 0.03775348], [0.00130062, 0.02252997, 0.13638363], [-0.00987357, -0.08981381, 0.03835076], [0.12257339, 0.0387489, -0.19333825], [0.08621885, -0.04883022, 0.05957817], [0.02727303, 0.09788557, -0.05201571], [0.11569241, 0.0418674, 0.02304354], [-0.0047002, -0.03365089, -0.12178766], [-0.01766587, -0.10315826, 0.07074291], [0.02973012, 0.09833938, -0.06854378], [0.01851757, 0.03053516, 0.11713263], [-0.00854778, -0.03290748, -0.12092765], [-0.01208531, -0.10798753, 0.06522149], [-0.0921589, 0.08337725, 0.02903854], [0.00870321, -0.00636303, -0.12858366], [0.09909301, 0.06389544, 0.04441098], [0.0645027, 0.03911267, 0.01485492], [-0.09180632, 0.07755148, 0.03342192], [-0.01218312, -0.01205818, -0.12298924], [0.0039507, 0.00196643, 0.13004706], [-0.11617306, -0.02783447, -0.03091422], [0.06997494, -0.09496669, -0.04200218]], "atomic quadrupole moments": [[0.05100743, -0.1630079, 0.06207993, -0.04658727, 0.0575391, -0.11308736], [0.18246839, -0.06083897, 0.01707799, 0.00626209, 0.08195296, -0.19954638], [0.20723544, -0.02829391, -0.02894087, -0.00410934, 0.09812742, -0.17829457], [-0.1409107, 0.00351442, -0.11043903, 0.00536046, 0.04171696, 0.25134973], [-0.08014209, 0.05019343, 0.12033638, -0.01775138, -0.13413381, -0.0401943], [-0.05932188, 0.02471099, -0.09642812, -0.01884948, 0.0230724, 0.15575], [0.05397526, 0.15333119, 0.07596412, 0.05713521, -0.09291725, -0.12993938], [-0.07325406, 0.06876389, 0.1562203, -0.02890791, -0.1320242, -0.08296624], [0.06104089, 0.03720589, -0.01387831, 0.02139222, 0.0170846, -0.04716258], [-0.04020667, -0.00885165, -0.03233554, 0.01773737, 0.02466348, 0.07254221], [-0.0340245, 0.01407562, 0.0344725, -0.02648576, -0.05379679, -0.000448], [-0.01626012, 0.00037429, 0.02019692, -0.00736963, -0.04602813, -0.0039368], [-0.02025086, -0.00481005, -0.03492073, 0.00095603, 0.0162531, 0.0551716], [-0.01369338, 0.00097159, -0.04691184, 0.00514135, 0.01340159, 0.06060522], [-0.00445396, 0.01504626, 0.01528548, -0.00852985, -0.04817469, -0.01083152], [0.04756186, -0.04669595, -0.00341141, -0.02949147, 0.00990188, -0.04415045], [-0.05018353, 0.00072158, -0.03105347, -0.01031698, 0.01875324, 0.081237], [0.05913912, 0.03061693, -0.02682097, 0.04775191, 0.00826036, -0.03231815], [0.06530601, 0.09397854, -0.03881993, 0.04914257, 0.03186033, -0.02648608], [0.0071062, -0.02436028, 0.03069084, -0.02917088, 0.01861834, -0.03779704], [-0.03866841, 0.0148277, -0.02227149, -0.01107616, 0.0114097, 0.06093989], [-0.04727469, 0.00598396, -0.02566898, 0.01329444, 0.01459575, 0.07294367], [0.06952713, 0.0193903, -0.02871293, 0.03883976, -0.00498217, -0.0408142], [0.01125072, -0.05189139, 0.01643614, -0.03903636, 0.02018391, -0.02768685]], "number of molecular orbitals": 48, "number of electrons": 50, "number of unpaired electrons": 0, "orbital energies/eV": [-18.34709429, -17.1199423, -16.8471234, -16.40747108, -16.1160088, -15.80050627, -15.24005411, -15.18011813, -14.61486068, -14.08730948, -14.00946171, -13.71726163, -13.2451486, -13.12437405, -12.95893616, -12.80320439, -12.62761429, -12.29954951, -12.25733254, -12.05598304, -11.98978835, -11.65642022, -11.48891561, -11.35477319, -10.82371253, 0.83648183, 1.30257434, 1.90762808, 2.25575955, 3.04508018, 3.41358451, 3.50157068, 4.12514678, 4.38004608, 4.45106573, 4.73232156, 4.89464866, 5.22355227, 5.4947655, 5.84760077, 6.07886425, 6.48327364, 6.55838237, 6.99087942, 7.34814438, 7.40311502, 7.96600205, 8.24149317], "fractional occupation": [2.0, 2.0, 2.0, 2.0, 2.0, 2.0, 2.0, 2.0, 2.0, 2.0, 2.0, 2.0, 2.0, 2.0, 2.0, 2.0, 2.0, 2.0, 2.0, 2.0, 2.0, 2.0, 2.0, 2.0, 2.0, 0.0, 0.0, 0.0, 0.0, 0.0, 0.0, 0.0, 0.0, 0.0, 0.0, 0.0, 0.0, 0.0, 0.0, 0.0, 0.0, 0.0, 0.0, 0.0, 0.0, 0.0, 0.0, 0.0], "program call": "xtb /home/svss/Project-DBcg-Debug/aqme2_20220329/End-to-End-workflows-final/example-3/QDESCP/mol_767_rdkit_conf_13/mol_767_rdkit_conf_13.xyz --pop --wbo --acc 0.2 --gfn 2 --chrg 0 --uhf 0 --etemp 300 --input /home/svss/Project-DBcg-Debug/aqme2_20220329/End-to-End-workflows-final/example-3/QDESCP/mol_767_rdkit_conf_13/mol_767_rdkit_conf_13_xtb.inp", "method": "GFN2-xTB", "xtb version": "6.3.3 (7355c4f)", "Dipole module/D": 1.802, "Total charge": 0, "Transition dipole module/D": NaN, "HOMO": -10.8237, "LUMO": 0.8365, "HOMO occupancy": 2.0, "LUMO occupancy": 0, "mulliken charges": [-0.08245, -0.03767, -0.07763, 0.2448, -0.11564, -0.57078, -0.04933, -0.07727, 0.02871, 0.02735, 0.02921, 0.01929, 0.02102, 0.02443, 0.03904, 0.04036, 0.03074, 0.02989, 0.33349, 0.03559, 0.01825, 0.04204, 0.02487, 0.02167], "cm5 charges": [-0.233, -0.15047, -0.18179, 0.23531, -0.26001, -0.7779, -0.15455, -0.22686, 0.07947, 0.07864, 0.08049, 0.07501, 0.07787, 0.08086, 0.09812, 0.09404, 0.08315, 0.08428, 0.5048, 0.09314, 0.07387, 0.09603, 0.07572, 0.07379], "FUKUI+": [0.008, -0.011, -0.002, -0.062, 0.032, -0.112, 0.009, 0.022, -0.064, -0.039, -0.039, -0.04, -0.035, -0.081, -0.056, -0.059, -0.08, -0.048, -0.081, -0.064, -0.082, -0.031, -0.056, -0.028], "FUKUI-": [0.012, 0.006, -0.012, -0.021, 0.019, -0.1, 0.008, 0.018, -0.074, -0.053, -0.053, -0.062, -0.046, -0.055, -0.057, -0.054, -0.046, -0.043, -0.05, -0.092, -0.054, -0.045, -0.078, -0.069], "FUKUIrad": [0.01, -0.003, -0.007, -0.042, 0.026, -0.106, 0.008, 0.02, -0.069, -0.046, -0.046, -0.051, -0.04, -0.068, -0.056, -0.057, -0.063, -0.046, -0.065, -0.078, -0.068, -0.038, -0.067, -0.049], "s proportion": [1.008, 1.027, 1.045, 1.05, 1.024, 1.7, 1.035, 1.005, 0.971, 0.973, 0.971, 0.981, 0.979, 0.976, 0.961, 0.96, 0.969, 0.97, 0.667, 0.964, 0.982, 0.958, 0.975, 0.978], "p proportion": [3.074, 3.011, 3.033, 2.705, 3.092, 4.871, 3.014, 3.072, 0.0, 0.0, 0.0, 0.0, 0.0, 0.0, 0.0, 0.0, 0.0, 0.0, 0.0, 0.0, 0.0, 0.0, 0.0, 0.0], "d proportion": [0.0, 0.0, 0.0, 0.0, 0.0, 0.0, 0.0, 0.0, 0.0, 0.0, 0.0, 0.0, 0.0, 0.0, 0.0, 0.0, 0.0, 0.0, 0.0, 0.0, 0.0, 0.0, 0.0, 0.0], "Fermi-level/eV": -4.9936, "Coordination numbers": [3.75, 3.798, 3.801, 3.769, 3.752, 1.653, 3.801, 3.748, 0.924, 0.924, 0.924, 0.924, 0.924, 0.924, 0.924, 0.924, 0.924, 0.924, 0.804, 0.923, 0.924, 0.924, 0.924, 0.924], "Dispersion coefficient C6": [22.482, 21.474, 21.943, 18.3, 22.788, 21.912, 21.635, 22.465, 2.564, 2.544, 2.53, 2.605, 2.646, 2.576, 2.345, 2.421, 2.515, 2.545, 0.779, 2.396, 2.596, 2.314, 2.571, 2.567], "Total dispersion C6": 3810.478778, "Total dispersion C8": 79016.940739, "Polarizability alpha": [6.762, 6.598, 6.669, 6.096, 6.808, 6.319, 6.622, 6.76, 2.504, 2.494, 2.487, 2.524, 2.544, 2.51, 2.395, 2.433, 2.48, 2.495, 1.386, 2.42, 2.52, 2.379, 2.508, 2.505], "Total polarizability alpha": 91.220112, "Wiberg matrix": [[0.0, 1.0189613188466538, 0.0, 0.0, 0.0, 0.0, 0.0, 0.0, 0.987264139562409, 0.9876619954241224, 0.9874846814588691, 0.0, 0.0, 0.0, 0.0, 0.0, 0.0, 0.0, 0.0, 0.0, 0.0, 0.0, 0.0, 0.0], [1.0189613188466538, 0.0, 1.007119442283909, 0.0, 0.0, 0.0, 0.0, 0.0, 0.0, 0.0, 0.0, 0.9768576960238987, 0.9748110930313738, 0.0, 0.0, 0.0, 0.0, 0.0, 0.0, 0.0, 0.0, 0.0, 0.0, 0.0], [0.0, 1.007119442283909, 0.0, 0.9756162122504921, 0.0, 0.0, 0.0, 0.0, 0.0, 0.0, 0.0, 0.0, 0.0, 0.9761580491612358, 0.9721492126479178, 0.0, 0.0, 0.0, 0.0, 0.0, 0.0, 0.0, 0.0, 0.0], [0.0, 0.0, 0.9756162122504921, 0.0, 0.9923645021348448, 0.9729016478757833, 0.9788864730977324, 0.0, 0.0, 0.0, 0.0, 0.0, 0.0, 0.0, 0.0, 0.0, 0.0, 0.0, 0.0, 0.0, 0.0, 0.0, 0.0, 0.0], [0.0, 0.0, 0.0, 0.9923645021348448, 0.0, 0.0, 0.0, 0.0, 0.0, 0.0, 0.0, 0.0, 0.0, 0.0, 0.0, 0.9844051178671256, 0.9859275523386755, 0.9814281136419376, 0.0, 0.0, 0.0, 0.0, 0.0, 0.0], [0.0, 0.0, 0.0, 0.9729016478757833, 0.0, 0.0, 0.0, 0.0, 0.0, 0.0, 0.0, 0.0, 0.0, 0.0, 0.0, 0.0, 0.0, 0.0, 0.8981402686397449, 0.0, 0.0, 0.0, 0.0, 0.0], [0.0, 0.0, 0.0, 0.9788864730977324, 0.0, 0.0, 0.0, 1.0202373940342828, 0.0, 0.0, 0.0, 0.0, 0.0, 0.0, 0.0, 0.0, 0.0, 0.0, 0.0, 0.9754810793461158, 0.9773650588026495, 0.0, 0.0, 0.0], [0.0, 0.0, 0.0, 0.0, 0.0, 0.0, 1.0202373940342828, 0.0, 0.0, 0.0, 0.0, 0.0, 0.0, 0.0, 0.0, 0.0, 0.0, 0.0, 0.0, 0.0, 0.0, 0.9862440279920697, 0.9867495233917055, 0.986321277288251], [0.987264139562409, 0.0, 0.0, 0.0, 0.0, 0.0, 0.0, 0.0, 0.0, 0.0, 0.0, 0.0, 0.0, 0.0, 0.0, 0.0, 0.0, 0.0, 0.0, 0.0, 0.0, 0.0, 0.0, 0.0], [0.9876619954241224, 0.0, 0.0, 0.0, 0.0, 0.0, 0.0, 0.0, 0.0, 0.0, 0.0, 0.0, 0.0, 0.0, 0.0, 0.0, 0.0, 0.0, 0.0, 0.0, 0.0, 0.0, 0.0, 0.0], [0.9874846814588691, 0.0, 0.0, 0.0, 0.0, 0.0, 0.0, 0.0, 0.0, 0.0, 0.0, 0.0, 0.0, 0.0, 0.0, 0.0, 0.0, 0.0, 0.0, 0.0, 0.0, 0.0, 0.0, 0.0], [0.0, 0.9768576960238987, 0.0, 0.0, 0.0, 0.0, 0.0, 0.0, 0.0, 0.0, 0.0, 0.0, 0.0, 0.0, 0.0, 0.0, 0.0, 0.0, 0.0, 0.0, 0.0, 0.0, 0.0, 0.0], [0.0, 0.9748110930313738, 0.0, 0.0, 0.0, 0.0, 0.0, 0.0, 0.0, 0.0, 0.0, 0.0, 0.0, 0.0, 0.0, 0.0, 0.0, 0.0, 0.0, 0.0, 0.0, 0.0, 0.0, 0.0], [0.0, 0.0, 0.9761580491612358, 0.0, 0.0, 0.0, 0.0, 0.0, 0.0, 0.0, 0.0, 0.0, 0.0, 0.0, 0.0, 0.0, 0.0, 0.0, 0.0, 0.0, 0.0, 0.0, 0.0, 0.0], [0.0, 0.0, 0.9721492126479178, 0.0, 0.0, 0.0, 0.0, 0.0, 0.0, 0.0, 0.0, 0.0, 0.0, 0.0, 0.0, 0.0, 0.0, 0.0, 0.0, 0.0, 0.0, 0.0, 0.0, 0.0], [0.0, 0.0, 0.0, 0.0, 0.9844051178671256, 0.0, 0.0, 0.0, 0.0, 0.0, 0.0, 0.0, 0.0, 0.0, 0.0, 0.0, 0.0, 0.0, 0.0, 0.0, 0.0, 0.0, 0.0, 0.0], [0.0, 0.0, 0.0, 0.0, 0.9859275523386755, 0.0, 0.0, 0.0, 0.0, 0.0, 0.0, 0.0, 0.0, 0.0, 0.0, 0.0, 0.0, 0.0, 0.0, 0.0, 0.0, 0.0, 0.0, 0.0], [0.0, 0.0, 0.0, 0.0, 0.9814281136419376, 0.0, 0.0, 0.0, 0.0, 0.0, 0.0, 0.0, 0.0, 0.0, 0.0, 0.0, 0.0, 0.0, 0.0, 0.0, 0.0, 0.0, 0.0, 0.0], [0.0, 0.0, 0.0, 0.0, 0.0, 0.8981402686397449, 0.0, 0.0, 0.0, 0.0, 0.0, 0.0, 0.0, 0.0, 0.0, 0.0, 0.0, 0.0, 0.0, 0.0, 0.0, 0.0, 0.0, 0.0], [0.0, 0.0, 0.0, 0.0, 0.0, 0.0, 0.9754810793461158, 0.0, 0.0, 0.0, 0.0, 0.0, 0.0, 0.0, 0.0, 0.0, 0.0, 0.0, 0.0, 0.0, 0.0, 0.0, 0.0, 0.0], [0.0, 0.0, 0.0, 0.0, 0.0, 0.0, 0.9773650588026495, 0.0, 0.0, 0.0, 0.0, 0.0, 0.0, 0.0, 0.0, 0.0, 0.0, 0.0, 0.0, 0.0, 0.0, 0.0, 0.0, 0.0], [0.0, 0.0, 0.0, 0.0, 0.0, 0.0, 0.0, 0.9862440279920697, 0.0, 0.0, 0.0, 0.0, 0.0, 0.0, 0.0, 0.0, 0.0, 0.0, 0.0, 0.0, 0.0, 0.0, 0.0, 0.0], [0.0, 0.0, 0.0, 0.0, 0.0, 0.0, 0.0, 0.9867495233917055, 0.0, 0.0, 0.0, 0.0, 0.0, 0.0, 0.0, 0.0, 0.0, 0.0, 0.0, 0.0, 0.0, 0.0, 0.0, 0.0], [0.0, 0.0, 0.0, 0.0, 0.0, 0.0, 0.0, 0.986321277288251, 0.0, 0.0, 0.0, 0.0, 0.0, 0.0, 0.0, 0.0, 0.0, 0.0, 0.0, 0.0, 0.0, 0.0, 0.0, 0.0]], "Born radii": [], "Atomic SASAs": [], "Solvent H bonds": [], "Total SASA": NaN, "Total FOD": 0.0, "FOD": [0.0, 0.0, 0.0, 0.0, 0.0, 0.0, 0.0, 0.0, 0.0, 0.0, 0.0, 0.0, 0.0, 0.0, 0.0, 0.0, 0.0, 0.0, 0.0, 0.0, 0.0, 0.0, 0.0, 0.0], "FOD s proportion": [0.0, 0.0, 0.0, 0.0, 0.0, 0.0, 0.0, 0.0, 0.0, 0.0, 0.0, 0.0, 0.0, 0.0, 0.0, 0.0, 0.0, 0.0, 0.0, 0.0, 0.0, 0.0, 0.0, 0.0], "FOD p proportion": [0.0, 0.0, 0.0, 0.0, 0.0, 0.0, 0.0, 0.0, 0.0, 0.0, 0.0, 0.0, 0.0, 0.0, 0.0, 0.0, 0.0, 0.0, 0.0, 0.0, 0.0, 0.0, 0.0, 0.0], "FOD d proportion": [0.0, 0.0, 0.0, 0.0, 0.0, 0.0, 0.0, 0.0, 0.0, 0.0, 0.0, 0.0, 0.0, 0.0, 0.0, 0.0, 0.0, 0.0, 0.0, 0.0, 0.0, 0.0, 0.0, 0.0], "coordinates": [["2.92020", "-1.03530", "-0.46690"], ["1.90310", "0.05000", "-0.14250"], ["0.47220", "-0.42740", "-0.42350"], ["-0.64250", "0.57760", "-0.05120"], ["-0.42310", "1.95310", "-0.69550"], ["-0.66310", "0.75250", "1.36850"], ["-2.03500", "0.05290", "-0.47350"], ["-2.43690", "-1.27890", "0.15140"], ["3.93450", "-0.67530", "-0.26760"], ["2.86310", "-1.32390", "-1.52130"], ["2.75080", "-1.92770", "0.14420"], ["2.13600", "0.93250", "-0.74740"], ["2.01280", "0.33200", "0.90990"], ["0.38890", "-0.68530", "-1.48700"], ["0.32440", "-1.35230", "0.14790"], ["-1.25210", "2.62970", "-0.45640"], ["-0.34300", "1.87790", "-1.78470"], ["0.47680", "2.44260", "-0.30850"], ["0.14740", "1.21920", "1.63200"], ["-2.79630", "0.78720", "-0.17880"], ["-2.08480", "-0.03930", "-1.56540"], ["-2.38260", "-1.24290", "1.24360"], ["-3.46820", "-1.52260", "-0.12450"], ["-1.80250", "-2.09640", "-0.20300"]], "bond_dist": [[0.0, 1.5223678464812636, 2.5227227295126986, 3.9328214032676336, 4.490038686915737, 4.405106229139088, 5.0732859016617615, 5.39816230396975, 1.0945889548136323, 1.0946733439707026, 1.0947681626718964, 2.1367935627944967, 2.1420696277198834, 2.7514693710815683, 2.6863815216755786, 5.553415394151602, 4.568567097022872, 4.253361321355147, 4.144462727543825, 6.0069027052217185, 5.220032878248948, 5.575714828611663, 6.416101122176926, 4.847625368157073], [1.5223678464812636, 0.0, 1.5343880115537922, 2.6013029062375645, 3.0559458519417517, 3.059740134390501, 3.95198697113237, 4.548401083897505, 2.1606239978302564, 2.1703204026134024, 2.1707347765215355, 1.0949669721046384, 1.0950360039742986, 2.154332374542053, 2.131448132139274, 4.087624290465062, 3.3291146660936746, 2.7904161786371584, 2.756512539423683, 4.757009763496392, 4.23508740287612, 4.686159206642472, 5.596807880390392, 4.28277533499015], [2.5227227295126986, 1.5343880115537922, 0.0, 1.5463467851681911, 2.5577971655313094, 2.427413046846375, 2.55328022943037, 3.0851944946793872, 3.4746626469342314, 2.7794387742851976, 2.786611085171377, 2.173124400488845, 2.17441768756603, 1.097489658265626, 1.0971703650755429, 3.5100075940088793, 2.7985397209973635, 2.8723067663465196, 2.653651606748708, 3.4954575523098543, 2.827155146078828, 3.405017723889261, 4.100684845242316, 2.829918963504079], [3.9328214032676336, 2.6013029062375645, 1.5463467851681911, 0.0, 1.5346853423422016, 1.4305811616262811, 1.546836652655994, 2.5898861693132385, 4.750317502020259, 4.250426757397427, 4.222463041874967, 2.8862970567840036, 2.834545935418934, 2.172607652108406, 2.1677293258153796, 2.178741290286665, 2.187579161996201, 2.1902650022314654, 1.9669150490044045, 2.1677334614753723, 2.180274418507909, 2.8317265581266846, 3.521476028599371, 2.918718766856444], [4.490038686915737, 3.0559458519417517, 2.5577971655313094, 1.5346853423422016, 0.0, 2.399820068255118, 2.501652583793361, 3.9010837019987155, 5.106883857108951, 4.713786702853662, 5.0832416763321415, 2.7555962657835056, 3.337496543818435, 2.8717539605613847, 3.492241253120981, 1.096447613887686, 1.0947272217315143, 1.095079567885366, 2.5062593062171357, 2.6941380699585538, 2.7363535334455595, 4.220683008708424, 4.656089077756137, 4.306245564293797], [4.405106229139088, 3.059740134390501, 2.427413046846375, 1.4305811616262811, 2.399820068255118, 0.0, 2.40094018459436, 2.958764067985144, 5.084620124453743, 5.009637455944293, 4.509666921181652, 3.5134589253326984, 2.7472850270767317, 3.3656876102811446, 2.6258719789814586, 2.6834792434449724, 3.363281048321713, 2.6397232847402776, 0.9716745288418339, 2.635504433690067, 3.354988426209545, 2.637025107957829, 3.908160055576025, 3.447328794878725], [5.0732859016617615, 3.95198697113237, 2.55328022943037, 1.546836652655994, 2.501652583793361, 2.40094018459436, 0.0, 1.5250294620104885, 6.017275155749486, 5.194694090126964, 5.216149086251274, 4.271528809454526, 4.2867676878972585, 2.728994814945606, 2.8155804659075185, 2.693162278809058, 2.812958307547412, 3.4708832204498035, 3.2490391964394645, 1.0980083196406116, 1.096916810884034, 2.1790722360674506, 2.1582547324169123, 2.178696167435928], [5.39816230396975, 4.548401083897505, 3.0851944946793872, 2.5898861693132385, 3.9010837019987155, 2.958764067985144, 1.5250294620104885, 0.0, 6.413628607894286, 5.5578728206032215, 5.2281186453637405, 5.158444126866162, 4.792718555266937, 3.319918848405786, 2.7622775928570253, 4.129204020147224, 4.254208111975718, 4.748759622259269, 3.8873238172295346, 2.1229624608080098, 2.146621720285155, 1.094141366551873, 1.095029766718695, 1.0937865285328763], [1.0945889548136323, 2.1606239978302564, 3.4746626469342314, 4.750317502020259, 5.106883857108951, 5.084620124453743, 6.017275155749486, 6.413628607894286, 0.0, 1.7721014671852173, 1.771787427994679, 2.45964044730119, 2.468621159675984, 3.7494420544929077, 3.6964565816468076, 6.1530065821515265, 5.207439764413987, 4.65603506322708, 4.6410922011957485, 6.888429453075643, 6.190375863386648, 6.520095674911527, 7.452406469725064, 5.910741693730153], [1.0946733439707026, 2.1703204026134024, 2.7794387742851976, 4.250426757397427, 4.713786702853662, 5.009637455944293, 5.194694090126964, 5.5578728206032215, 1.7721014671852173, 0.0, 1.775127032074043, 2.493779577268208, 3.061984379450686, 2.5555140559190828, 3.0384260547197792, 5.805155984984383, 4.5387200850019385, 4.620804451607967, 4.87705700089716, 6.187718304835798, 5.112128361064499, 5.930312091281538, 6.486593221406751, 4.909429141967526], [1.0947681626718964, 2.1707347765215355, 2.786611085171377, 4.222463041874967, 5.0832416763321415, 4.509666921181652, 5.216149086251274, 5.2281186453637405, 1.771787427994679, 1.775127032074043, 0.0, 3.0583776156648805, 2.497435600771319, 3.1277696222707965, 2.4936952119294773, 6.095393632079885, 5.270184532822356, 4.947275551250406, 4.346748211019359, 6.184280832885907, 5.465511328320526, 5.294282478296752, 6.2379697578619275, 4.56963329163293], [2.1367935627944967, 1.0949669721046384, 2.173124400488845, 2.8862970567840036, 2.7555962657835056, 3.5134589253326984, 4.271528809454526, 5.158444126866162, 2.45964044730119, 2.493779577268208, 3.0583776156648805, 0.0, 1.7670375717567526, 2.493319756870346, 3.0502078109532147, 3.800577646884747, 2.84872137107159, 2.2860402139944958, 3.1142047476041137, 4.9670918392959065, 4.407796714913246, 5.395756862572664, 6.1500063463381895, 4.998238571737048], [2.1420696277198834, 1.0950360039742986, 2.17441768756603, 2.834545935418934, 3.337496543818435, 2.7472850270767317, 4.2867676878972585, 4.792718555266937, 2.468621159675984, 3.061984379450686, 2.497435600771319, 1.7670375717567526, 0.0, 3.068726137992767, 2.5036383624637164, 4.219688731411359, 3.8987779636701547, 2.8806990332209303, 2.1882114637301395, 4.951759034928901, 4.801593437599647, 4.680940809281827, 5.878000129295677, 4.65748720449128], [2.7514693710815683, 2.154332374542053, 1.097489658265626, 2.172607652108406, 2.8717539605613847, 3.3656876102811446, 2.728994814945606, 3.319918848405786, 3.7494420544929077, 2.5555140559190828, 3.1277696222707965, 2.493319756870346, 3.068726137992767, 0.0, 1.7669032967313179, 3.839823219889166, 2.682218697272838, 3.3437025989163573, 3.6624586687087675, 3.7450156915559116, 2.5578612648069874, 3.9304333565142664, 4.175487749952094, 2.905528036347266], [2.6863815216755786, 2.131448132139274, 1.0971703650755429, 2.1677293258153796, 3.492241253120981, 2.6258719789814586, 2.8155804659075185, 2.7622775928570253, 3.6964565816468076, 3.0384260547197792, 2.4936952119294773, 3.0502078109532147, 2.5036383624637164, 1.7669032967313179, 0.0, 4.325142164137499, 3.822899104083182, 3.825283352903416, 2.974305643339299, 3.797757447494508, 3.234750458690747, 2.9223921451441113, 3.8061816312414734, 2.280464696065256], [5.553415394151602, 4.087624290465062, 3.5100075940088793, 2.178741290286665, 1.096447613887686, 2.6834792434449724, 2.693162278809058, 4.129204020147224, 6.1530065821515265, 5.805155984984383, 6.095393632079885, 3.800577646884747, 4.219688731411359, 3.839823219889166, 4.325142164137499, 0.0, 1.776526650517802, 1.7452724801589004, 2.882624682472555, 2.420004473136362, 3.007795087767782, 4.377791796099947, 4.71835269029351, 4.764784667747327], [4.568567097022872, 3.3291146660936746, 2.7985397209973635, 2.187579161996201, 1.0947272217315143, 3.363281048321713, 2.812958307547412, 4.254208111975718, 5.207439764413987, 4.5387200850019385, 5.270184532822356, 2.84872137107159, 3.8987779636701547, 2.682218697272838, 3.822899104083182, 1.776526650517802, 0.0, 1.7804843638740555, 3.5140029510516912, 3.1284536419771354, 2.5995414153269416, 4.803119995378005, 4.90780392130737, 4.519621182134626], [4.253361321355147, 2.7904161786371584, 2.8723067663465196, 2.1902650022314654, 1.095079567885366, 2.6397232847402776, 3.4708832204498035, 4.748759622259269, 4.65603506322708, 4.620804451607967, 4.947275551250406, 2.2860402139944958, 2.8806990332209303, 3.3437025989163573, 3.825283352903416, 1.7452724801589004, 1.7804843638740555, 0.0, 2.317488332225213, 3.670198204457084, 3.7817218009790197, 4.916105472831111, 5.596399917804302, 5.080242094625018], [4.144462727543825, 2.756512539423683, 2.653651606748708, 1.9669150490044045, 2.5062593062171357, 0.9716745288418339, 3.2490391964394645, 3.8873238172295346, 4.6410922011957485, 4.87705700089716, 4.346748211019359, 3.1142047476041137, 2.1882114637301395, 3.6624586687087675, 2.974305643339299, 2.882624682472555, 3.5140029510516912, 2.317488332225213, 0.0, 3.482957124341326, 4.097548761149768, 3.551575843199748, 4.865729426303933, 4.261752969143097], [6.0069027052217185, 4.757009763496392, 3.4954575523098543, 2.1677334614753723, 2.6941380699585538, 2.635504433690067, 1.0980083196406116, 2.1229624608080098, 6.888429453075643, 6.187718304835798, 6.184280832885907, 4.9670918392959065, 4.951759034928901, 3.7450156915559116, 3.797757447494508, 2.420004473136362, 3.1284536419771354, 3.670198204457084, 3.482957124341326, 0.0, 1.764084482103961, 2.5131007659861155, 2.4061533907878774, 3.050143117953648], [5.220032878248948, 4.23508740287612, 2.827155146078828, 2.180274418507909, 2.7363535334455595, 3.354988426209545, 1.096916810884034, 2.146621720285155, 6.190375863386648, 5.112128361064499, 5.465511328320526, 4.407796714913246, 4.801593437599647, 2.5578612648069874, 3.234750458690747, 3.007795087767782, 2.5995414153269416, 3.7817218009790197, 4.097548761149768, 1.764084482103961, 0.0, 3.070475337793808, 2.488004674432908, 2.483442662917749], [5.575714828611663, 4.686159206642472, 3.405017723889261, 2.8317265581266846, 4.220683008708424, 2.637025107957829, 2.1790722360674506, 1.094141366551873, 6.520095674911527, 5.930312091281538, 5.294282478296752, 5.395756862572664, 4.680940809281827, 3.9304333565142664, 2.9223921451441113, 4.377791796099947, 4.803119995378005, 4.916105472831111, 3.551575843199748, 2.5131007659861155, 3.070475337793808, 0.0, 1.768744486917203, 1.776972093196739], [6.416101122176926, 5.596807880390392, 4.100684845242316, 3.521476028599371, 4.656089077756137, 3.908160055576025, 2.1582547324169123, 1.095029766718695, 7.452406469725064, 6.486593221406751, 6.2379697578619275, 6.1500063463381895, 5.878000129295677, 4.175487749952094, 3.8061816312414734, 4.71835269029351, 4.90780392130737, 5.596399917804302, 4.865729426303933, 2.4061533907878774, 2.488004674432908, 1.768744486917203, 0.0, 1.7635093365219248], [4.847625368157073, 4.28277533499015, 2.829918963504079, 2.918718766856444, 4.306245564293797, 3.447328794878725, 2.178696167435928, 1.0937865285328763, 5.910741693730153, 4.909429141967526, 4.56963329163293, 4.998238571737048, 4.65748720449128, 2.905528036347266, 2.280464696065256, 4.764784667747327, 4.519621182134626, 5.080242094625018, 4.261752969143097, 3.050143117953648, 2.483442662917749, 1.776972093196739, 1.7635093365219248, 0.0]]}