{"total energy": -31.97568761, "HOMO-LUMO gap/eV": 3.51969865, "electronic energy": -32.48058723, "dipole": [-0.95329891, 0.00070297, 0.02929746], "partial charges": [-0.1066558, 0.00572898, -0.11070286, 0.00574456, -0.10665681, 0.06603004, -0.06231545, -0.03397441, -0.0467919, -0.03397346, -0.06231732, 0.04363039, 0.03682058, 0.0357509, 0.0416034, 0.03661602, 0.03661777, 0.04159041, 0.04363246, 0.03682109, 0.03573521, 0.01963659, 0.02069239, 0.01640453, 0.02069154, 0.01964117], "atomic dipole moments": [[0.01296574, 0.0645556, -0.09150543], [0.07452559, 0.05984686, 0.1054545], [-0.05362724, 7.843e-05, 0.00163167], [0.06781106, -0.05999223, -0.1098534], [0.01846512, -0.06460872, 0.0905321], [-0.13975623, 0.00011045, 0.00430452], [-0.024607, 0.04057366, 0.0006472], [0.00792111, -0.01160267, -0.00147678], [0.00079234, 2.01e-06, -2.778e-05], [0.0080526, 0.01155881, 0.00094729], [-0.02466383, -0.04051527, 0.00087782], [0.10894479, -0.0433571, 0.05344871], [-0.06026206, 0.06215084, 0.09294964], [-0.0698695, -0.10046398, -0.02787758], [0.04133813, -0.06995234, -0.0992237], [-0.11188953, 0.02597079, -0.04421052], [-0.10899857, -0.02576837, 0.05099756], [0.04745986, 0.06987346, 0.09648948], [0.10550851, 0.04320358, -0.06002034], [-0.06595356, -0.06204709, -0.08907531], [-0.06785645, 0.10058884, 0.03211997], [-0.05977667, -0.13508291, -0.01769937], [0.07474326, -0.12848907, -0.02293878], [0.14942906, -0.00010342, -0.00457774], [0.07616539, 0.12838215, 0.01833067], [-0.05838341, 0.13516486, 0.02132858]], "atomic quadrupole moments": [[-0.11802302, 0.04575687, 0.01148073, -0.04018884, -0.16355515, 0.1065423], [-0.07284206, 0.16357957, 0.12158904, 0.00597092, -0.06687369, -0.04874697], [-0.01999284, 0.00096558, 0.09776886, -0.00175425, 0.02845115, -0.07777603], [-0.07404466, -0.16703209, 0.12213536, -0.00452814, -0.05672256, -0.0480907], [-0.11240617, -0.05552764, 0.01160845, 0.05337611, -0.16053354, 0.10079772], [-0.12605031, -0.00326222, -0.27213612, 0.01606845, -0.10332126, 0.39818643], [-0.21562359, 0.02648074, -0.20204044, 0.02881005, -0.09896871, 0.41766403], [-0.27504745, 0.01638866, -0.22292317, 0.02358378, -0.12119053, 0.49797062], [-0.24201769, -0.00349146, -0.21060567, 0.0212429, -0.1133257, 0.45262336], [-0.2750529, -0.02367954, -0.22287468, 0.0238155, -0.1200047, 0.49792758], [-0.21690224, -0.03241911, -0.20191562, 0.01014988, -0.09713137, 0.41881787], [0.06533269, -0.02893537, -0.04043817, 0.02574634, -0.0150463, -0.02489451], [-0.02169625, -0.04190454, 0.00695205, -0.03648469, 0.04014827, 0.0147442], [-0.01117304, 0.06134665, 0.03531009, 0.02320504, 0.02364445, -0.02413705], [0.00657437, -0.02075459, 0.00461741, -0.04222601, 0.01602846, -0.01119178], [0.03308638, -0.0279136, 0.00264815, 0.01254156, -0.01497403, -0.03573453], [0.03137607, 0.02691199, 0.00256743, -0.0166932, -0.01665486, -0.0339435], [0.01173786, 0.02168258, 0.00457317, 0.04084022, 0.01466705, -0.01631104], [0.06193737, 0.02779699, -0.04054411, -0.03112934, -0.01674798, -0.02139326], [-0.01694425, 0.04433206, 0.00681183, 0.03850228, 0.03743701, 0.01013243], [-0.01423618, -0.05969836, 0.03547064, -0.02377966, 0.02739179, -0.02123446], [0.05973135, 0.00879076, 0.01372733, -0.00280111, 0.01493921, -0.07345868], [0.03649346, 0.00755973, 0.03181121, -0.001826, 0.01662528, -0.06830467], [0.03177242, 0.00051941, 0.03493776, -0.00302423, 0.0171922, -0.06671018], [0.03634635, -0.00650069, 0.03180245, -0.00459253, 0.01704624, -0.0681488], [0.05953569, -0.00791741, 0.01376653, -0.00536476, 0.01546051, -0.07330223]], "number of molecular orbitals": 59, "number of electrons": 60, "number of unpaired electrons": 0, "orbital energies/eV": [-17.47244943, -17.11492822, -17.08036913, -16.64138978, -16.15971208, -16.14339622, -15.90620224, -15.54988762, -15.09960772, -14.90463327, -14.54439776, -14.38343907, -13.80726121, -13.67923712, -13.45915842, -13.41381692, -13.03709413, -12.84531936, -12.70230674, -12.68047954, -12.49926614, -12.43650708, -12.32639923, -12.00458503, -11.95804653, -11.2918206, -11.13228373, -10.97384446, -10.37316337, -9.15929076, -5.63959211, -5.19289935, -2.03282616, -0.64989004, 2.17781425, 2.40047249, 3.02479407, 3.32839345, 3.38374014, 3.90502206, 3.95083318, 4.55623964, 4.62735972, 4.98069417, 5.02092833, 5.04731545, 5.19608542, 5.51506169, 6.22199176, 6.5392147, 7.04302428, 7.57751052, 8.01628474, 10.84189632, 11.94522176, 12.10078368, 12.30232523, 16.78173778, 17.89573915], "fractional occupation": [2.0, 2.0, 2.0, 2.0, 2.0, 2.0, 2.0, 2.0, 2.0, 2.0, 2.0, 2.0, 2.0, 2.0, 2.0, 2.0, 2.0, 2.0, 2.0, 2.0, 2.0, 2.0, 2.0, 2.0, 2.0, 2.0, 2.0, 2.0, 2.0, 2.0, 0.0, 0.0, 0.0, 0.0, 0.0, 0.0, 0.0, 0.0, 0.0, 0.0, 0.0, 0.0, 0.0, 0.0, 0.0, 0.0, 0.0, 0.0, 0.0, 0.0, 0.0, 0.0, 0.0, 0.0, 0.0, 0.0, 0.0, 0.0, 0.0], "program call": "xtb /home/svss/Project-DBcg-Debug/aqme2_20220329/End-to-End-workflows-final/example-3/QDESCP/mol_462_rdkit_conf_1/mol_462_rdkit_conf_1.xyz --pop --wbo --acc 0.2 --gfn 2 --chrg 0 --uhf 0 --etemp 300 --input /home/svss/Project-DBcg-Debug/aqme2_20220329/End-to-End-workflows-final/example-3/QDESCP/mol_462_rdkit_conf_1/mol_462_rdkit_conf_1_xtb.inp", "method": "GFN2-xTB", "xtb version": "6.3.3 (7355c4f)", "Dipole module/D": 2.424, "Total charge": 0, "Transition dipole module/D": NaN, "HOMO": -9.1593, "LUMO": -5.6396, "HOMO occupancy": 2.0, "LUMO occupancy": 0, "mulliken charges": [-0.09591, 0.09682, -0.29801, 0.09684, -0.09592, 0.14978, -0.08614, -0.02473, -0.05704, -0.02472, -0.08614, 0.03658, 0.03151, 0.02961, 0.03105, 0.02462, 0.02462, 0.03105, 0.03658, 0.03151, 0.0296, 0.02451, 0.02345, 0.02252, 0.02345, 0.02451], "cm5 charges": [-0.2408, 0.04438, -0.55537, 0.04441, -0.2408, 0.20584, -0.13497, -0.08018, -0.11257, -0.08018, -0.13497, 0.09037, 0.08503, 0.0808, 0.09488, 0.0891, 0.0891, 0.09487, 0.09038, 0.08504, 0.08079, 0.08449, 0.07891, 0.07806, 0.07891, 0.08449], "FUKUI+": [0.013, 0.018, -0.043, 0.018, 0.013, -0.044, -0.065, -0.071, -0.028, -0.071, -0.065, 0.001, -0.02, -0.031, -0.012, -0.039, -0.039, -0.012, 0.001, -0.02, -0.031, -0.094, -0.098, -0.089, -0.098, -0.094], "FUKUI-": [0.009, 0.021, -0.14, 0.021, 0.009, -0.023, -0.038, -0.024, -0.059, -0.024, -0.038, -0.02, -0.029, -0.048, -0.042, -0.055, -0.055, -0.042, -0.02, -0.029, -0.048, -0.058, -0.066, -0.075, -0.066, -0.058], "FUKUIrad": [0.011, 0.02, -0.092, 0.02, 0.011, -0.034, -0.051, -0.048, -0.043, -0.048, -0.051, -0.009, -0.025, -0.039, -0.027, -0.047, -0.047, -0.027, -0.009, -0.025, -0.039, -0.076, -0.082, -0.082, -0.082, -0.076], "s proportion": [1.012, 1.004, 1.435, 1.004, 1.012, 1.039, 1.054, 1.058, 1.05, 1.058, 1.054, 0.963, 0.968, 0.97, 0.969, 0.975, 0.975, 0.969, 0.963, 0.968, 0.97, 0.975, 0.977, 0.977, 0.977, 0.975], "p proportion": [3.084, 2.899, 3.863, 2.899, 3.084, 2.812, 3.032, 2.966, 3.007, 2.966, 3.032, 0.0, 0.0, 0.0, 0.0, 0.0, 0.0, 0.0, 0.0, 0.0, 0.0, 0.0, 0.0, 0.0, 0.0, 0.0], "d proportion": [0.0, 0.0, 0.0, 0.0, 0.0, 0.0, 0.0, 0.0, 0.0, 0.0, 0.0, 0.0, 0.0, 0.0, 0.0, 0.0, 0.0, 0.0, 0.0, 0.0, 0.0, 0.0, 0.0, 0.0, 0.0, 0.0], "Fermi-level/eV": -7.3994, "Coordination numbers": [3.749, 3.737, 2.732, 3.737, 3.749, 2.89, 2.923, 2.911, 2.912, 2.911, 2.923, 0.924, 0.924, 0.924, 0.924, 0.924, 0.924, 0.924, 0.924, 0.924, 0.924, 0.925, 0.925, 0.925, 0.925, 0.925], "Dispersion coefficient C6": [22.603, 20.563, 23.418, 20.563, 22.603, 26.52, 29.55, 28.846, 29.162, 28.846, 29.55, 2.401, 2.492, 2.506, 2.428, 2.495, 2.495, 2.428, 2.401, 2.492, 2.507, 2.739, 2.723, 2.788, 2.723, 2.739], "Total dispersion C6": 6312.566365, "Total dispersion C8": 143237.143397, "Polarizability alpha": [6.781, 6.471, 7.187, 6.471, 6.781, 8.443, 8.915, 8.807, 8.855, 8.807, 8.915, 2.423, 2.469, 2.476, 2.437, 2.47, 2.47, 2.437, 2.423, 2.469, 2.476, 2.588, 2.58, 2.611, 2.58, 2.588], "Total polarizability alpha": 123.927644, "Wiberg matrix": [[0.0, 1.010616400803102, 0.0, 0.0, 0.0, 0.0, 0.0, 0.0, 0.0, 0.0, 0.0, 0.9852969544448076, 0.9862913224452698, 0.9849639582884199, 0.0, 0.0, 0.0, 0.0, 0.0, 0.0, 0.0, 0.0, 0.0, 0.0, 0.0, 0.0], [1.010616400803102, 0.0, 0.9946241273063938, 0.0, 0.0, 0.0, 0.0, 0.0, 0.0, 0.0, 0.0, 0.0, 0.0, 0.0, 0.9682198806341935, 0.9718010781039879, 0.0, 0.0, 0.0, 0.0, 0.0, 0.0, 0.0, 0.0, 0.0, 0.0], [0.0, 0.9946241273063938, 0.0, 0.9946672353041052, 0.0, 1.1538619596401722, 0.0, 0.0, 0.0, 0.0, 0.0, 0.0, 0.0, 0.0, 0.0, 0.0, 0.0, 0.0, 0.0, 0.0, 0.0, 0.0, 0.0, 0.0, 0.0, 0.0], [0.0, 0.0, 0.9946672353041052, 0.0, 1.0106054922407504, 0.0, 0.0, 0.0, 0.0, 0.0, 0.0, 0.0, 0.0, 0.0, 0.0, 0.0, 0.9717947932660697, 0.968209686982328, 0.0, 0.0, 0.0, 0.0, 0.0, 0.0, 0.0, 0.0], [0.0, 0.0, 0.0, 1.0106054922407504, 0.0, 0.0, 0.0, 0.0, 0.0, 0.0, 0.0, 0.0, 0.0, 0.0, 0.0, 0.0, 0.0, 0.0, 0.985297979738565, 0.9862903329818444, 0.9849643207492171, 0.0, 0.0, 0.0, 0.0, 0.0], [0.0, 0.0, 1.1538619596401722, 0.0, 0.0, 0.0, 1.336428260454287, 0.0, 0.0, 0.0, 1.3362968578650498, 0.0, 0.0, 0.0, 0.0, 0.0, 0.0, 0.0, 0.0, 0.0, 0.0, 0.0, 0.0, 0.0, 0.0, 0.0], [0.0, 0.0, 0.0, 0.0, 0.0, 1.336428260454287, 0.0, 1.4543932125759296, 0.0, 0.10523053073750982, 0.0, 0.0, 0.0, 0.0, 0.0, 0.0, 0.0, 0.0, 0.0, 0.0, 0.0, 0.9669427602281261, 0.0, 0.0, 0.0, 0.0], [0.0, 0.0, 0.0, 0.0, 0.0, 0.0, 1.4543932125759296, 0.0, 1.4297966102006314, 0.0, 0.10524585346802136, 0.0, 0.0, 0.0, 0.0, 0.0, 0.0, 0.0, 0.0, 0.0, 0.0, 0.0, 0.9722479072820941, 0.0, 0.0, 0.0], [0.0, 0.0, 0.0, 0.0, 0.0, 0.0, 0.0, 1.4297966102006314, 0.0, 1.4296909398824407, 0.0, 0.0, 0.0, 0.0, 0.0, 0.0, 0.0, 0.0, 0.0, 0.0, 0.0, 0.0, 0.0, 0.971469439564846, 0.0, 0.0], [0.0, 0.0, 0.0, 0.0, 0.0, 0.0, 0.10523053073750982, 0.0, 1.4296909398824407, 0.0, 1.4545224687530554, 0.0, 0.0, 0.0, 0.0, 0.0, 0.0, 0.0, 0.0, 0.0, 0.0, 0.0, 0.0, 0.0, 0.9722461591055329, 0.0], [0.0, 0.0, 0.0, 0.0, 0.0, 1.3362968578650498, 0.0, 0.10524585346802136, 0.0, 1.4545224687530554, 0.0, 0.0, 0.0, 0.0, 0.0, 0.0, 0.0, 0.0, 0.0, 0.0, 0.0, 0.0, 0.0, 0.0, 0.0, 0.9669463138982944], [0.9852969544448076, 0.0, 0.0, 0.0, 0.0, 0.0, 0.0, 0.0, 0.0, 0.0, 0.0, 0.0, 0.0, 0.0, 0.0, 0.0, 0.0, 0.0, 0.0, 0.0, 0.0, 0.0, 0.0, 0.0, 0.0, 0.0], [0.9862913224452698, 0.0, 0.0, 0.0, 0.0, 0.0, 0.0, 0.0, 0.0, 0.0, 0.0, 0.0, 0.0, 0.0, 0.0, 0.0, 0.0, 0.0, 0.0, 0.0, 0.0, 0.0, 0.0, 0.0, 0.0, 0.0], [0.9849639582884199, 0.0, 0.0, 0.0, 0.0, 0.0, 0.0, 0.0, 0.0, 0.0, 0.0, 0.0, 0.0, 0.0, 0.0, 0.0, 0.0, 0.0, 0.0, 0.0, 0.0, 0.0, 0.0, 0.0, 0.0, 0.0], [0.0, 0.9682198806341935, 0.0, 0.0, 0.0, 0.0, 0.0, 0.0, 0.0, 0.0, 0.0, 0.0, 0.0, 0.0, 0.0, 0.0, 0.0, 0.0, 0.0, 0.0, 0.0, 0.0, 0.0, 0.0, 0.0, 0.0], [0.0, 0.9718010781039879, 0.0, 0.0, 0.0, 0.0, 0.0, 0.0, 0.0, 0.0, 0.0, 0.0, 0.0, 0.0, 0.0, 0.0, 0.0, 0.0, 0.0, 0.0, 0.0, 0.0, 0.0, 0.0, 0.0, 0.0], [0.0, 0.0, 0.0, 0.9717947932660697, 0.0, 0.0, 0.0, 0.0, 0.0, 0.0, 0.0, 0.0, 0.0, 0.0, 0.0, 0.0, 0.0, 0.0, 0.0, 0.0, 0.0, 0.0, 0.0, 0.0, 0.0, 0.0], [0.0, 0.0, 0.0, 0.968209686982328, 0.0, 0.0, 0.0, 0.0, 0.0, 0.0, 0.0, 0.0, 0.0, 0.0, 0.0, 0.0, 0.0, 0.0, 0.0, 0.0, 0.0, 0.0, 0.0, 0.0, 0.0, 0.0], [0.0, 0.0, 0.0, 0.0, 0.985297979738565, 0.0, 0.0, 0.0, 0.0, 0.0, 0.0, 0.0, 0.0, 0.0, 0.0, 0.0, 0.0, 0.0, 0.0, 0.0, 0.0, 0.0, 0.0, 0.0, 0.0, 0.0], [0.0, 0.0, 0.0, 0.0, 0.9862903329818444, 0.0, 0.0, 0.0, 0.0, 0.0, 0.0, 0.0, 0.0, 0.0, 0.0, 0.0, 0.0, 0.0, 0.0, 0.0, 0.0, 0.0, 0.0, 0.0, 0.0, 0.0], [0.0, 0.0, 0.0, 0.0, 0.9849643207492171, 0.0, 0.0, 0.0, 0.0, 0.0, 0.0, 0.0, 0.0, 0.0, 0.0, 0.0, 0.0, 0.0, 0.0, 0.0, 0.0, 0.0, 0.0, 0.0, 0.0, 0.0], [0.0, 0.0, 0.0, 0.0, 0.0, 0.0, 0.9669427602281261, 0.0, 0.0, 0.0, 0.0, 0.0, 0.0, 0.0, 0.0, 0.0, 0.0, 0.0, 0.0, 0.0, 0.0, 0.0, 0.0, 0.0, 0.0, 0.0], [0.0, 0.0, 0.0, 0.0, 0.0, 0.0, 0.0, 0.9722479072820941, 0.0, 0.0, 0.0, 0.0, 0.0, 0.0, 0.0, 0.0, 0.0, 0.0, 0.0, 0.0, 0.0, 0.0, 0.0, 0.0, 0.0, 0.0], [0.0, 0.0, 0.0, 0.0, 0.0, 0.0, 0.0, 0.0, 0.971469439564846, 0.0, 0.0, 0.0, 0.0, 0.0, 0.0, 0.0, 0.0, 0.0, 0.0, 0.0, 0.0, 0.0, 0.0, 0.0, 0.0, 0.0], [0.0, 0.0, 0.0, 0.0, 0.0, 0.0, 0.0, 0.0, 0.0, 0.9722461591055329, 0.0, 0.0, 0.0, 0.0, 0.0, 0.0, 0.0, 0.0, 0.0, 0.0, 0.0, 0.0, 0.0, 0.0, 0.0, 0.0], [0.0, 0.0, 0.0, 0.0, 0.0, 0.0, 0.0, 0.0, 0.0, 0.0, 0.9669463138982944, 0.0, 0.0, 0.0, 0.0, 0.0, 0.0, 0.0, 0.0, 0.0, 0.0, 0.0, 0.0, 0.0, 0.0, 0.0]], "Born radii": [], "Atomic SASAs": [], "Solvent H bonds": [], "Total SASA": NaN, "Total FOD": 0.0, "FOD": [0.0, 0.0, 0.0, 0.0, 0.0, 0.0, 0.0, 0.0, 0.0, 0.0, 0.0, 0.0, 0.0, 0.0, 0.0, 0.0, 0.0, 0.0, 0.0, 0.0, 0.0, 0.0, 0.0, 0.0, 0.0, 0.0], "FOD s proportion": [0.0, 0.0, 0.0, 0.0, 0.0, 0.0, 0.0, 0.0, 0.0, 0.0, 0.0, 0.0, 0.0, 0.0, 0.0, 0.0, 0.0, 0.0, 0.0, 0.0, 0.0, 0.0, 0.0, 0.0, 0.0, 0.0], "FOD p proportion": [0.0, 0.0, 0.0, 0.0, 0.0, 0.0, 0.0, 0.0, 0.0, 0.0, 0.0, 0.0, 0.0, 0.0, 0.0, 0.0, 0.0, 0.0, 0.0, 0.0, 0.0, 0.0, 0.0, 0.0, 0.0, 0.0], "FOD d proportion": [0.0, 0.0, 0.0, 0.0, 0.0, 0.0, 0.0, 0.0, 0.0, 0.0, 0.0, 0.0, 0.0, 0.0, 0.0, 0.0, 0.0, 0.0, 0.0, 0.0, 0.0, 0.0, 0.0, 0.0, 0.0, 0.0], "coordinates": [["-1.75640", "-2.05150", "0.94770"], ["-1.54030", "-1.19550", "-0.29220"], ["-0.74910", "0.00060", "0.02360"], ["-1.51760", "1.19780", "0.38720"], ["-1.80810", "2.05420", "-0.83710"], ["0.64220", "-0.00050", "-0.01920"], ["1.38800", "-1.17400", "-0.23510"], ["2.79000", "-1.18190", "-0.27890"], ["3.49980", "-0.00270", "-0.10710"], ["2.80370", "1.17760", "0.10790"], ["1.40170", "1.17190", "0.15040"], ["-0.80970", "-2.40410", "1.36810"], ["-2.27610", "-1.48740", "1.72930"], ["-2.36470", "-2.92710", "0.70060"], ["-1.08970", "-1.78180", "-1.10070"], ["-2.52250", "-0.89570", "-0.67980"], ["-2.47460", "0.89960", "0.83440"], ["-1.01730", "1.78340", "1.16650"], ["-0.88850", "2.40540", "-1.31480"], ["-2.37570", "1.49100", "-1.58530"], ["-2.39870", "2.93080", "-0.55310"], ["0.89650", "-2.13260", "-0.36610"], ["3.31850", "-2.11650", "-0.44580"], ["4.58510", "-0.00350", "-0.14040"], ["3.34280", "2.11140", "0.24210"], ["0.92060", "2.13120", "0.31130"]], "bond_dist": [[0.0, 1.5220996090926506, 2.465710548705991, 3.3059244062742876, 4.477159414182166, 3.30072394634874, 3.472214487902497, 4.7885806540142974, 5.739148274787819, 5.650386080614315, 4.582531010260596, 1.094213786241062, 1.09507783285025, 1.0944234372490385, 2.170983542084094, 2.138115782646019, 3.039348505847922, 3.91159817210306, 5.073077396413344, 4.398741608687648, 5.242925063359194, 2.961507396580329, 5.263143287048149, 6.752250577400101, 6.620381288868489, 5.006626933375404], [1.5220996090926506, 0.0, 1.4684625599585437, 2.4879679539736843, 3.305931478418753, 2.5031700401690653, 2.9289355660376004, 4.330341780968333, 5.1826288560922436, 4.96608695252107, 3.8020838391597835, 2.1796986970680146, 2.17096050171347, 2.15956610456823, 1.0956551921110949, 1.0976477759281433, 2.5556971768971377, 3.3578534661298134, 3.799609823389765, 3.096333803064521, 4.222708971738403, 2.6118215597548007, 4.947703649168975, 6.242149661775181, 5.921632351809761, 4.181766845485291], [2.465710548705991, 1.4684625599585437, 0.0, 1.4683613485787483, 2.4656760634763035, 1.3919585985222405, 2.452306518361846, 3.7436668267889437, 4.250911030590972, 3.7436377135080794, 2.4523381842641525, 2.755709473075854, 2.7304368679755258, 3.4117326463250315, 2.1347151121402597, 2.107859770003688, 2.1078301378431803, 2.134602419655707, 2.7556868399729315, 2.730508914103743, 3.4117202537722813, 2.722206401065136, 4.6095356089306865, 5.336722069772793, 4.609432123374852, 2.722154613536858], [3.3059244062742876, 2.4879679539736843, 1.4683613485787483, 0.0, 1.522078086038952, 2.5031619783785466, 3.8019999855339295, 4.966092937108607, 5.182647537697312, 4.330363751464765, 2.9290028234878847, 3.7996014040949087, 3.0962644751377426, 4.222629273331961, 3.357820867765283, 2.555592937069595, 1.0976156339994434, 1.095689709726253, 2.1796487262859583, 2.170957876145919, 2.159581047333024, 4.181734551594589, 5.921683603503314, 6.242149528808165, 4.9476466254169775, 2.6118605648081603], [4.477159414182166, 3.305931478418753, 2.4656760634763035, 1.522078086038952, 0.0, 3.300715466379979, 4.582437610049917, 5.650349905979275, 5.739123628220601, 4.7885438078814735, 3.4722363946021875, 5.073080769118504, 4.398677473968738, 5.242868922641495, 3.9115827384832342, 3.0392467257529456, 2.138044821793968, 2.1709698846368184, 1.094167669966537, 1.0950649478455603, 1.0944824895812633, 5.006595290214698, 6.620414015754604, 6.7522238129374825, 5.263051898851084, 2.9615123248097412], [3.30072394634874, 2.5031700401690653, 1.3919585985222405, 2.5031619783785466, 3.300715466379979, 0.0, 1.407100813730132, 2.464993892487363, 2.8589524322730524, 2.464986058784106, 1.4071695597901481, 3.13207724361964, 3.712761606944351, 4.257293413660843, 2.70964011448015, 3.3545642772199193, 3.354587189208234, 2.7096353906014734, 3.132088226726699, 3.712810508226888, 4.257304512247157, 2.1750536797973514, 3.438317211951218, 3.9447634719967684, 3.4382611390061695, 2.1750590106937335], [3.472214487902497, 2.9289355660376004, 2.452306518361846, 3.8019999855339295, 4.582437610049917, 1.407100813730132, 0.0, 1.4027062593429889, 2.4182694080685057, 2.7662028215588244, 2.3774029422880756, 2.9855119393497658, 4.169258414874281, 4.246369200858541, 2.694008442822702, 3.9455315522753076, 4.512574206592064, 4.061547169490956, 4.3772489876633704, 4.805278631879737, 5.593711105339638, 1.0851945493781288, 2.15859467941529, 3.405948729796149, 3.8526375432942044, 3.382508353278673], [4.7885806540142974, 4.330341780968333, 3.7436668267889437, 4.966092937108607, 5.650349905979275, 2.464993892487363, 1.4027062593429889, 0.0, 1.3870270076678393, 2.391033705324958, 2.7662338693610122, 4.142972595854334, 5.458165140411199, 5.529563760370252, 4.010898570146096, 5.335287011961025, 5.769583373173491, 5.037630250425293, 5.2414857006387034, 5.961168665622539, 6.6266201505744995, 2.120560440072388, 1.0865749030784762, 2.151788284195264, 3.3797712540939813, 3.8496264766857577], [5.739148274787819, 5.1826288560922436, 4.250911030590972, 5.182647537697312, 5.739123628220601, 2.8589524322730524, 2.4182694080685057, 1.3870270076678393, 0.0, 1.3870430058220977, 2.418266945562462, 5.149245308780696, 6.240009604159276, 6.60279144756216, 5.021548368780291, 6.115025067814521, 6.115065240862112, 5.021593629516431, 5.149238952505506, 6.240009229159843, 6.6027752119847305, 3.373533147902952, 2.148426824446204, 1.0858110424931215, 2.148489806817803, 3.3735530839161254], [5.650386080614315, 4.96608695252107, 3.7436377135080794, 4.330363751464765, 4.7885438078814735, 2.464986058784106, 2.7662028215588244, 2.391033705324958, 1.3870430058220977, 0.0, 1.4026556027763908, 5.241501549174625, 5.961168593489032, 6.62662915364969, 5.037591277584953, 5.769527764037539, 5.3353104070897315, 4.01094360468955, 4.142934825700255, 5.458143471914237, 5.529520503624162, 3.8496119129075854, 3.3797481474216386, 2.151751858370291, 1.0865637993233532, 2.1205636349800967], [4.582531010260596, 3.8020838391597835, 2.4523381842641525, 2.9290028234878847, 3.4722363946021875, 1.4071695597901481, 2.3774029422880756, 2.7662338693610122, 2.418266945562462, 1.4026556027763908, 0.0, 4.3773118748839455, 4.805311076298807, 5.593772430122627, 4.061609146631418, 4.5125987457339924, 3.945593108773382, 2.694058733583958, 2.9855232924899453, 4.169320095651089, 4.246372760368548, 3.382561091835593, 3.852681045713491, 3.4059015487826416, 2.1584574005525337, 1.0851739537972707], [1.094213786241062, 2.1796986970680146, 2.755709473075854, 3.7996014040949087, 5.073080769118504, 3.13207724361964, 2.9855119393497658, 4.142972595854334, 5.149245308780696, 5.241501549174625, 4.3773118748839455, 0.0, 1.7666729436995408, 1.7711889368444012, 2.561372821359671, 3.0664064978407546, 3.737801678794636, 4.197486935060072, 5.507762894315622, 5.132906736927918, 5.888725536990155, 2.4479134645652816, 4.518294170370052, 6.0944499054467585, 6.2370563970514175, 4.967867794134623], [1.09507783285025, 2.17096050171347, 2.7304368679755258, 3.0962644751377426, 4.398677473968738, 3.712761606944351, 4.169258414874281, 5.458165140411199, 6.240009604159276, 5.961168593489032, 4.805311076298807, 1.7666729436995408, 0.0, 1.7716686315448495, 3.0827124938923514, 2.492906869499942, 2.556954684776404, 3.549570948720423, 5.132822850050448, 4.457281669358579, 4.9744217513194435, 3.856471827979559, 6.035426743818535, 7.264557986553621, 6.836312053293063, 5.032283860236821], [1.0944234372490385, 2.15956610456823, 3.4117326463250315, 4.222629273331961, 5.242868922641495, 4.257293413660843, 4.246369200858541, 5.529563760370252, 6.60279144756216, 6.62662915364969, 5.593772430122627, 1.7711889368444012, 1.7716686315448495, 0.0, 2.4863665819826326, 2.4610954796594133, 3.8306152691180038, 4.921520072091548, 5.888680654442045, 4.974441417888042, 5.990652059667629, 3.522002921634223, 5.854064191653521, 7.5864641302783475, 7.627074193293258, 6.044100385499897], [2.170983542084094, 1.0956551921110949, 2.1347151121402597, 3.357820867765283, 3.9115827384832342, 2.70964011448015, 2.694008442822702, 4.010898570146096, 5.021548368780291, 5.037591277584953, 4.061609146631418, 2.561372821359671, 3.0827124938923514, 2.4863665819826326, 0.0, 1.7364463308723366, 3.585033609326418, 4.2256465351470185, 4.19749497796007, 3.5496271635201353, 4.921579575705345, 2.14655264086395, 4.469132504189152, 6.023942398462986, 6.050386295931856, 4.620240155013589], [2.138115782646019, 1.0976477759281433, 2.107859770003688, 2.555592937069595, 3.0392467257529456, 3.3545642772199193, 3.9455315522753076, 5.335287011961025, 6.115025067814521, 5.769527764037539, 4.5125987457339924, 3.0664064978407546, 2.492906869499942, 2.4610954796594133, 1.7364463308723366, 0.0, 2.3490845323231775, 3.584972460145266, 3.737705473950563, 2.5569155989199177, 3.830598070797823, 3.649368479613973, 5.971799531129623, 7.183658605473954, 6.655395864259315, 4.690345448898194], [3.039348505847922, 2.5556971768971377, 2.1078301378431803, 1.0976156339994434, 2.138044821793968, 3.354587189208234, 4.512574206592064, 5.769583373173491, 6.115065240862112, 5.3353104070897315, 3.945593108773382, 3.737801678794636, 2.556954684776404, 3.8306152691180038, 3.585033609326418, 2.3490845323231775, 0.0, 1.7364089783227914, 3.066301924142501, 2.492886531713788, 2.4610344369797024, 4.690389354840385, 6.655507408154543, 7.183675155517543, 5.971718453678137, 3.6493636719296694], [3.91159817210306, 3.3578534661298134, 2.134602419655707, 1.095689709726253, 2.1709698846368184, 2.7096353906014734, 4.061547169490956, 5.037630250425293, 5.021593629516431, 4.01094360468955, 2.694058733583958, 4.197486935060072, 3.549570948720423, 4.921520072091548, 4.2256465351470185, 3.584972460145266, 1.7364089783227914, 0.0, 2.561312774730958, 3.082718209632532, 2.4863259802367024, 4.6202325915477465, 6.050445681104822, 6.023942644149261, 4.469068288804726, 2.146575945546768], [5.073077396413344, 3.799609823389765, 2.7556868399729315, 2.1796487262859583, 1.094167669966537, 3.132088226726699, 4.3772489876633704, 5.2414857006387034, 5.149238952505506, 4.142934825700255, 2.9855232924899453, 5.507762894315622, 5.132822850050448, 5.888680654442045, 4.19749497796007, 3.737705473950563, 3.066301924142501, 2.561312774730958, 0.0, 1.766652611579311, 1.771139771446624, 4.967866814841154, 6.237113884642479, 6.094449239266826, 4.51821572083494, 2.447903114912843], [4.398741608687648, 3.096333803064521, 2.730508914103743, 2.170957876145919, 1.0950649478455603, 3.712810508226888, 4.805278631879737, 5.961168665622539, 6.240009229159843, 5.458143471914237, 4.169320095651089, 5.132906736927918, 4.457281669358579, 4.974441417888042, 3.5496271635201353, 2.5569155989199177, 2.492886531713788, 3.082718209632532, 1.766652611579311, 0.0, 1.7717194698935832, 5.032317402549247, 6.836404767127236, 7.264571763015353, 6.035356590127877, 3.856493392967243], [5.242925063359194, 4.222708971738403, 3.4117202537722813, 2.159581047333024, 1.0944824895812633, 4.257304512247157, 5.593711105339638, 6.6266201505744995, 6.6027752119847305, 5.529520503624162, 4.246372760368548, 5.888725536990155, 4.9744217513194435, 5.990652059667629, 4.921579575705345, 3.830598070797823, 2.4610344369797024, 2.4863259802367024, 1.771139771446624, 1.7717194698935832, 0.0, 6.044115452239475, 7.627130942890649, 7.58642868680646, 5.853937277593603, 3.5219738798009272], [2.961507396580329, 2.6118215597548007, 2.722206401065136, 4.181734551594589, 5.006595290214698, 2.1750536797973514, 1.0851945493781288, 2.120560440072388, 3.373533147902952, 3.8496119129075854, 3.382561091835593, 2.4479134645652816, 3.856471827979559, 3.522002921634223, 2.14655264086395, 3.649368479613973, 4.690389354840385, 4.6202325915477465, 4.967866814841154, 5.032317402549247, 6.044115452239475, 0.0, 2.4233644587638894, 4.264947509641824, 4.936175334203598, 4.317342007531948], [5.263143287048149, 4.947703649168975, 4.6095356089306865, 5.921683603503314, 6.620414015754604, 3.438317211951218, 2.15859467941529, 1.0865749030784762, 2.148426824446204, 3.3797481474216386, 3.852681045713491, 4.518294170370052, 6.035426743818535, 5.854064191653521, 4.469132504189152, 5.971799531129623, 6.655507408154543, 6.050445681104822, 6.237113884642479, 6.836404767127236, 7.627130942890649, 2.4233644587638894, 0.0, 2.482400797615083, 4.283565723786668, 4.936200979498302], [6.752250577400101, 6.242149661775181, 5.336722069772793, 6.242149528808165, 6.7522238129374825, 3.9447634719967684, 3.405948729796149, 2.151788284195264, 1.0858110424931215, 2.151751858370291, 3.4059015487826416, 6.0944499054467585, 7.264557986553621, 7.5864641302783475, 6.023942398462986, 7.183658605473954, 7.183675155517543, 6.023942644149261, 6.094449239266826, 7.264571763015353, 7.58642868680646, 4.264947509641824, 2.482400797615083, 0.0, 2.482421710749404, 4.264919369695047], [6.620381288868489, 5.921632351809761, 4.609432123374852, 4.9476466254169775, 5.263051898851084, 3.4382611390061695, 3.8526375432942044, 3.3797712540939813, 2.148489806817803, 1.0865637993233532, 2.1584574005525337, 6.2370563970514175, 6.836312053293063, 7.627074193293258, 6.050386295931856, 6.655395864259315, 5.971718453678137, 4.469068288804726, 4.51821572083494, 6.035356590127877, 5.853937277593603, 4.936175334203598, 4.283565723786668, 2.482421710749404, 0.0, 2.4232691802604185], [5.006626933375404, 4.181766845485291, 2.722154613536858, 2.6118605648081603, 2.9615123248097412, 2.1750590106937335, 3.382508353278673, 3.8496264766857577, 3.3735530839161254, 2.1205636349800967, 1.0851739537972707, 4.967867794134623, 5.032283860236821, 6.044100385499897, 4.620240155013589, 4.690345448898194, 3.6493636719296694, 2.146575945546768, 2.447903114912843, 3.856493392967243, 3.5219738798009272, 4.317342007531948, 4.936200979498302, 4.264919369695047, 2.4232691802604185, 0.0]]}