{"total energy": -39.76951993, "HOMO-LUMO gap/eV": 4.78868506, "electronic energy": -40.25262212, "dipole": [-0.43868115, 0.4352691, -0.62506241], "partial charges": [-0.10017218, -0.05194392, -0.05834727, -0.05809397, -0.05889293, -0.05678823, -0.08774052, 0.3509868, -0.40546994, -0.27645405, 0.08556785, -0.11329249, 0.03228431, 0.03050735, 0.03154594, 0.0285331, 0.02959936, 0.03248755, 0.03011104, 0.02808338, 0.03243267, 0.0407703, 0.02997603, 0.05123985, 0.03559315, 0.06689814, 0.06887563, 0.05084364, 0.05056887, 0.05498422, 0.05495644, 0.05034987], "atomic dipole moments": [[-0.06834593, -0.05881803, -0.0428353], [0.04902248, -0.02362067, 0.09837627], [-0.04627618, 0.0158517, -0.10117648], [-0.03686593, 0.10296416, 0.02934698], [0.02337813, -0.11243706, -0.03276567], [-0.06596062, 0.11562506, 0.01655167], [0.01860011, -0.01956917, 0.09843138], [-0.13679893, 0.08816965, 0.01135708], [-0.0443907, 0.06409302, -0.15897886], [0.03083104, -0.06976764, 0.2137094], [0.09770719, -0.01029593, -0.22682794], [0.10302518, -0.07782156, 0.05050809], [-0.03849455, 0.04007768, 0.11324126], [0.02049388, 0.10031412, -0.0706426], [0.10997738, -0.05950428, 0.01414445], [0.04132958, -0.02947954, -0.11251543], [-0.10103629, 0.06915249, -0.01665721], [-0.04331858, 0.03152541, 0.11293994], [0.10293047, -0.06047704, 0.02400937], [0.04659895, -0.03715125, -0.10809817], [-0.00125504, -0.10159324, 0.06837902], [-0.04326868, 0.04342673, 0.11185597], [0.00124881, 0.09717708, -0.07535532], [0.0007218, -0.10451293, 0.07561018], [0.04271486, -0.03869999, -0.10624289], [0.00841016, 0.11425342, -0.06612361], [-0.06212187, -0.08994586, -0.0725291], [0.06811832, 0.06587364, 0.08537382], [-0.0449164, -0.11066607, 0.04468602], [0.03871887, 0.10939275, -0.05449646], [-0.06790389, -0.05691819, -0.09277774], [-0.07775233, 0.02702427, 0.09936684]], "atomic quadrupole moments": [[0.04093762, 0.1454183, 0.01063068, 0.10717411, 0.07915753, -0.0515683], [-0.04834127, 0.18567008, 0.09375408, 0.08648969, -0.05881461, -0.04541282], [-0.07518242, 0.17783563, 0.12644911, 0.07367734, -0.05002128, -0.05126669], [0.17629575, 0.01903021, -0.02264459, 0.12419126, 0.08379336, -0.15365116], [0.17435364, 0.03034726, 0.01823633, 0.11374818, 0.08118898, -0.19258997], [0.21005296, -0.00176541, -0.02843824, 0.11547276, 0.07802086, -0.18161472], [0.13177633, -0.14488169, -0.18610635, -0.0706119, 0.01777998, 0.05433002], [0.08413567, 0.23465597, 0.29640605, 0.08990257, 0.14499064, -0.38054172], [-0.01827356, 0.1379712, 0.11178254, 0.03986451, 0.04677078, -0.09350898], [0.00902332, -0.04362564, -0.05499187, -0.06135312, 0.00938074, 0.04596855], [0.09235631, -0.25299627, -0.25153779, -0.2763506, 0.04740086, 0.15918148], [0.11621712, -0.18649981, -0.01023935, 0.08496837, -0.06340573, -0.10597777], [-0.01362556, -0.00358859, -0.03985519, -0.04047623, 0.03217181, 0.05348075], [-0.039989, 0.02102556, 0.03454842, 0.00110484, -0.05901564, 0.00544058], [0.04214123, -0.0537488, 0.00267984, 0.01502094, 0.00384504, -0.04482107], [-0.01866229, -0.00311748, -0.01249913, -0.03314197, 0.02855694, 0.03116142], [0.04207395, -0.02921753, -0.00216776, 0.00154995, -0.00195144, -0.03990619], [-0.01570756, -0.00716257, -0.00855953, -0.04065698, 0.0241262, 0.02426709], [0.04469714, -0.02767609, 0.00173118, 0.0059687, -0.00593991, -0.04642832], [-0.00728651, -0.00419853, -0.04160049, -0.02412045, 0.01325459, 0.048887], [-0.01455571, 0.01499966, 0.01676728, 0.00327534, -0.04797425, -0.00221157], [-0.00875279, -0.00342134, -0.03242583, -0.02584847, 0.01604179, 0.04117862], [-0.02268289, 0.00976385, 0.01392999, -0.00040468, -0.04613676, 0.00875289], [-0.01974289, 0.01220495, 0.00976534, 0.00040527, -0.043015, 0.00997754], [-0.00338803, 0.00042238, -0.04000556, -0.02669427, 0.02450062, 0.04339359], [-0.00955933, -0.00699888, 0.03435253, -0.01228803, -0.04582835, -0.0247932], [0.01323354, 0.02063494, 0.00751586, 0.02650246, 0.0463689, -0.02074939], [0.01242026, 0.01066959, -0.01385149, 0.01293705, 0.02965371, 0.00143123], [-0.00808696, 0.00841151, 0.02832535, -0.02114597, -0.01329922, -0.02023839], [-0.01153326, 0.04180246, 0.0445423, -0.00864204, -0.04036815, -0.03300904], [-0.01417506, 0.02756033, 0.0067133, 0.04736892, 0.04344144, 0.00746177], [-0.0012801, -0.0198295, -0.04295471, -0.0565427, 0.01399148, 0.04423481]], "number of molecular orbitals": 68, "number of electrons": 72, "number of unpaired electrons": 0, "orbital energies/eV": [-20.02916539, -19.28205394, -18.29364117, -17.30377021, -16.88240992, -16.6900383, -16.51128836, -16.34306371, -16.06974785, -15.82098175, -15.5194483, -15.2989096, -15.23836819, -14.91207345, -14.82142478, -14.33663568, -13.98382718, -13.82076859, -13.54057189, -13.49547967, -13.44531755, -13.20937984, -12.98219204, -12.89276781, -12.80425579, -12.7339017, -12.57015255, -12.27074259, -12.1280212, -11.9493704, -11.89703368, -11.70150175, -11.5475926, -11.36141778, -11.26793895, -11.18594787, -6.39726281, 0.00888888, 1.61098183, 2.40108523, 2.59162656, 2.85286931, 3.20612725, 3.30746859, 3.4457576, 3.63800424, 3.75311755, 3.78415235, 3.92789987, 4.25097255, 4.29417492, 4.52359991, 4.64348998, 4.75795862, 5.00975703, 5.4084576, 5.76152618, 6.14821311, 6.43838399, 6.46319585, 6.69218824, 6.95423615, 7.01356782, 7.34967049, 7.4328465, 8.29861531, 8.39799466, 16.23681419], "fractional occupation": [2.0, 2.0, 2.0, 2.0, 2.0, 2.0, 2.0, 2.0, 2.0, 2.0, 2.0, 2.0, 2.0, 2.0, 2.0, 2.0, 2.0, 2.0, 2.0, 2.0, 2.0, 2.0, 2.0, 2.0, 2.0, 2.0, 2.0, 2.0, 2.0, 2.0, 2.0, 2.0, 2.0, 2.0, 2.0, 2.0, 0.0, 0.0, 0.0, 0.0, 0.0, 0.0, 0.0, 0.0, 0.0, 0.0, 0.0, 0.0, 0.0, 0.0, 0.0, 0.0, 0.0, 0.0, 0.0, 0.0, 0.0, 0.0, 0.0, 0.0, 0.0, 0.0, 0.0, 0.0, 0.0, 0.0, 0.0, 0.0], "program call": "xtb /home/svss/Project-DBcg-Debug/aqme2_20220329/End-to-End-workflows-final/example-3/QDESCP/mol_565_rdkit_conf_16/mol_565_rdkit_conf_16.xyz --pop --wbo --acc 0.2 --gfn 2 --chrg 0 --uhf 0 --etemp 300 --input /home/svss/Project-DBcg-Debug/aqme2_20220329/End-to-End-workflows-final/example-3/QDESCP/mol_565_rdkit_conf_16/mol_565_rdkit_conf_16_xtb.inp", "method": "GFN2-xTB", "xtb version": "6.3.3 (7355c4f)", "Dipole module/D": 2.234, "Total charge": 0, "Transition dipole module/D": NaN, "HOMO": -11.1859, "LUMO": -6.3973, "HOMO occupancy": 2.0, "LUMO occupancy": 0, "mulliken charges": [-0.08325, -0.04017, -0.04673, -0.04484, -0.04879, -0.03917, -0.07822, 0.57363, -0.52873, -0.42466, 0.20616, -0.09543, 0.0271, 0.02738, 0.02635, 0.02122, 0.02177, 0.02577, 0.02421, 0.02055, 0.02776, 0.03609, 0.01956, 0.04074, 0.0246, 0.05253, 0.05871, 0.03864, 0.0388, 0.042, 0.04207, 0.03435], "cm5 charges": [-0.23367, -0.15285, -0.15725, -0.15541, -0.15892, -0.14765, -0.1769, 0.62274, -0.57947, -0.50806, 0.12379, -0.24212, 0.07839, 0.07815, 0.07763, 0.07604, 0.07708, 0.08097, 0.07912, 0.07575, 0.08273, 0.09422, 0.0757, 0.09867, 0.07962, 0.112, 0.11656, 0.10345, 0.1036, 0.09522, 0.0953, 0.08555], "FUKUI+": [0.005, 0.002, 0.005, 0.005, 0.007, 0.021, 0.028, -0.189, -0.281, -0.122, 0.027, 0.017, -0.004, -0.01, -0.01, -0.007, 0.007, -0.003, -0.019, -0.018, -0.008, 0.012, -0.018, -0.023, -0.054, -0.091, -0.099, -0.039, -0.039, -0.028, -0.028, -0.044], "FUKUI-": [0.017, 0.003, 0.01, 0.012, 0.006, 0.011, 0.0, -0.008, -0.078, -0.045, 0.009, 0.01, -0.045, -0.048, -0.063, -0.057, -0.071, -0.044, -0.065, -0.042, -0.057, -0.042, -0.05, -0.041, -0.056, -0.033, -0.043, -0.036, -0.041, -0.037, -0.039, -0.037], "FUKUIrad": [0.011, 0.002, 0.007, 0.008, 0.006, 0.016, 0.014, -0.098, -0.18, -0.083, 0.018, 0.013, -0.024, -0.029, -0.037, -0.032, -0.032, -0.023, -0.042, -0.03, -0.033, -0.015, -0.034, -0.032, -0.055, -0.062, -0.071, -0.038, -0.04, -0.032, -0.034, -0.04], "s proportion": [1.008, 1.027, 1.032, 1.032, 1.032, 1.03, 1.039, 0.991, 1.731, 1.701, 0.994, 1.011, 0.973, 0.973, 0.974, 0.979, 0.978, 0.974, 0.976, 0.979, 0.972, 0.964, 0.98, 0.959, 0.975, 0.947, 0.941, 0.961, 0.961, 0.958, 0.958, 0.966], "p proportion": [3.076, 3.014, 3.015, 3.013, 3.017, 3.009, 3.039, 2.435, 4.798, 4.724, 2.8, 3.085, 0.0, 0.0, 0.0, 0.0, 0.0, 0.0, 0.0, 0.0, 0.0, 0.0, 0.0, 0.0, 0.0, 0.0, 0.0, 0.0, 0.0, 0.0, 0.0, 0.0], "d proportion": [0.0, 0.0, 0.0, 0.0, 0.0, 0.0, 0.0, 0.0, 0.0, 0.0, 0.0, 0.0, 0.0, 0.0, 0.0, 0.0, 0.0, 0.0, 0.0, 0.0, 0.0, 0.0, 0.0, 0.0, 0.0, 0.0, 0.0, 0.0, 0.0, 0.0, 0.0, 0.0], "Fermi-level/eV": -8.7916, "Coordination numbers": [3.75, 3.799, 3.801, 3.8, 3.8, 3.801, 3.802, 2.719, 0.856, 1.703, 3.703, 3.748, 0.924, 0.924, 0.924, 0.924, 0.924, 0.924, 0.924, 0.924, 0.924, 0.924, 0.924, 0.924, 0.924, 0.924, 0.924, 0.924, 0.924, 0.924, 0.924, 0.924], "Dispersion coefficient C6": [22.476, 21.508, 21.624, 21.62, 21.635, 21.595, 22.172, 21.04, 21.791, 18.587, 19.304, 22.734, 2.554, 2.579, 2.565, 2.608, 2.592, 2.552, 2.585, 2.614, 2.552, 2.439, 2.587, 2.305, 2.509, 2.12, 2.098, 2.31, 2.313, 2.259, 2.259, 2.316], "Total dispersion C6": 7468.119272, "Total dispersion C8": 158190.01406, "Polarizability alpha": [6.761, 6.603, 6.621, 6.62, 6.623, 6.616, 6.704, 7.509, 6.259, 5.821, 6.282, 6.801, 2.499, 2.512, 2.504, 2.525, 2.518, 2.498, 2.514, 2.528, 2.498, 2.442, 2.515, 2.374, 2.477, 2.277, 2.265, 2.377, 2.378, 2.35, 2.351, 2.38], "Total polarizability alpha": 128.002523, "Wiberg matrix": [[0.0, 1.0197899254910956, 0.0, 0.0, 0.0, 0.0, 0.0, 0.0, 0.0, 0.0, 0.0, 0.0, 0.9878099803240017, 0.9875343064676745, 0.9876585066216976, 0.0, 0.0, 0.0, 0.0, 0.0, 0.0, 0.0, 0.0, 0.0, 0.0, 0.0, 0.0, 0.0, 0.0, 0.0, 0.0, 0.0], [1.0197899254910956, 0.0, 1.008801876867009, 0.0, 0.0, 0.0, 0.0, 0.0, 0.0, 0.0, 0.0, 0.0, 0.0, 0.0, 0.0, 0.9779813463783273, 0.9763996666184307, 0.0, 0.0, 0.0, 0.0, 0.0, 0.0, 0.0, 0.0, 0.0, 0.0, 0.0, 0.0, 0.0, 0.0, 0.0], [0.0, 1.008801876867009, 0.0, 1.0065167660021348, 0.0, 0.0, 0.0, 0.0, 0.0, 0.0, 0.0, 0.0, 0.0, 0.0, 0.0, 0.0, 0.0, 0.9770022954467696, 0.976708792638998, 0.0, 0.0, 0.0, 0.0, 0.0, 0.0, 0.0, 0.0, 0.0, 0.0, 0.0, 0.0, 0.0], [0.0, 0.0, 1.0065167660021348, 0.0, 1.008091490836958, 0.0, 0.0, 0.0, 0.0, 0.0, 0.0, 0.0, 0.0, 0.0, 0.0, 0.0, 0.0, 0.0, 0.0, 0.9772465356911488, 0.9767936071620855, 0.0, 0.0, 0.0, 0.0, 0.0, 0.0, 0.0, 0.0, 0.0, 0.0, 0.0], [0.0, 0.0, 0.0, 1.008091490836958, 0.0, 1.0074459519556263, 0.0, 0.0, 0.0, 0.0, 0.0, 0.0, 0.0, 0.0, 0.0, 0.0, 0.0, 0.0, 0.0, 0.0, 0.0, 0.9763493754110822, 0.9752745654369288, 0.0, 0.0, 0.0, 0.0, 0.0, 0.0, 0.0, 0.0, 0.0], [0.0, 0.0, 0.0, 0.0, 1.0074459519556263, 0.0, 1.0050938368770233, 0.0, 0.0, 0.0, 0.0, 0.0, 0.0, 0.0, 0.0, 0.0, 0.0, 0.0, 0.0, 0.0, 0.0, 0.0, 0.0, 0.9747507201084262, 0.9768845983088505, 0.0, 0.0, 0.0, 0.0, 0.0, 0.0, 0.0], [0.0, 0.0, 0.0, 0.0, 0.0, 1.0050938368770233, 0.0, 0.9786880928123861, 0.0, 0.0, 0.0, 0.0, 0.0, 0.0, 0.0, 0.0, 0.0, 0.0, 0.0, 0.0, 0.0, 0.0, 0.0, 0.0, 0.0, 0.9604750252728051, 0.947035362189449, 0.0, 0.0, 0.0, 0.0, 0.0], [0.0, 0.0, 0.0, 0.0, 0.0, 0.0, 0.9786880928123861, 0.0, 1.7606423863634788, 1.1153346217819078, 0.0, 0.0, 0.0, 0.0, 0.0, 0.0, 0.0, 0.0, 0.0, 0.0, 0.0, 0.0, 0.0, 0.0, 0.0, 0.0, 0.0, 0.0, 0.0, 0.0, 0.0, 0.0], [0.0, 0.0, 0.0, 0.0, 0.0, 0.0, 0.0, 1.7606423863634788, 0.0, 0.16946187879379315, 0.0, 0.0, 0.0, 0.0, 0.0, 0.0, 0.0, 0.0, 0.0, 0.0, 0.0, 0.0, 0.0, 0.0, 0.0, 0.0, 0.0, 0.0, 0.0, 0.0, 0.0, 0.0], [0.0, 0.0, 0.0, 0.0, 0.0, 0.0, 0.0, 1.1153346217819078, 0.16946187879379315, 0.0, 0.9414180678076143, 0.0, 0.0, 0.0, 0.0, 0.0, 0.0, 0.0, 0.0, 0.0, 0.0, 0.0, 0.0, 0.0, 0.0, 0.0, 0.0, 0.0, 0.0, 0.0, 0.0, 0.0], [0.0, 0.0, 0.0, 0.0, 0.0, 0.0, 0.0, 0.0, 0.0, 0.9414180678076143, 0.0, 1.0197488026291908, 0.0, 0.0, 0.0, 0.0, 0.0, 0.0, 0.0, 0.0, 0.0, 0.0, 0.0, 0.0, 0.0, 0.0, 0.0, 0.9697759166551023, 0.9698603466896518, 0.0, 0.0, 0.0], [0.0, 0.0, 0.0, 0.0, 0.0, 0.0, 0.0, 0.0, 0.0, 0.0, 1.0197488026291908, 0.0, 0.0, 0.0, 0.0, 0.0, 0.0, 0.0, 0.0, 0.0, 0.0, 0.0, 0.0, 0.0, 0.0, 0.0, 0.0, 0.0, 0.0, 0.9855427929193692, 0.9855513099536608, 0.9839280719518111], [0.9878099803240017, 0.0, 0.0, 0.0, 0.0, 0.0, 0.0, 0.0, 0.0, 0.0, 0.0, 0.0, 0.0, 0.0, 0.0, 0.0, 0.0, 0.0, 0.0, 0.0, 0.0, 0.0, 0.0, 0.0, 0.0, 0.0, 0.0, 0.0, 0.0, 0.0, 0.0, 0.0], [0.9875343064676745, 0.0, 0.0, 0.0, 0.0, 0.0, 0.0, 0.0, 0.0, 0.0, 0.0, 0.0, 0.0, 0.0, 0.0, 0.0, 0.0, 0.0, 0.0, 0.0, 0.0, 0.0, 0.0, 0.0, 0.0, 0.0, 0.0, 0.0, 0.0, 0.0, 0.0, 0.0], [0.9876585066216976, 0.0, 0.0, 0.0, 0.0, 0.0, 0.0, 0.0, 0.0, 0.0, 0.0, 0.0, 0.0, 0.0, 0.0, 0.0, 0.0, 0.0, 0.0, 0.0, 0.0, 0.0, 0.0, 0.0, 0.0, 0.0, 0.0, 0.0, 0.0, 0.0, 0.0, 0.0], [0.0, 0.9779813463783273, 0.0, 0.0, 0.0, 0.0, 0.0, 0.0, 0.0, 0.0, 0.0, 0.0, 0.0, 0.0, 0.0, 0.0, 0.0, 0.0, 0.0, 0.0, 0.0, 0.0, 0.0, 0.0, 0.0, 0.0, 0.0, 0.0, 0.0, 0.0, 0.0, 0.0], [0.0, 0.9763996666184307, 0.0, 0.0, 0.0, 0.0, 0.0, 0.0, 0.0, 0.0, 0.0, 0.0, 0.0, 0.0, 0.0, 0.0, 0.0, 0.0, 0.0, 0.0, 0.0, 0.0, 0.0, 0.0, 0.0, 0.0, 0.0, 0.0, 0.0, 0.0, 0.0, 0.0], [0.0, 0.0, 0.9770022954467696, 0.0, 0.0, 0.0, 0.0, 0.0, 0.0, 0.0, 0.0, 0.0, 0.0, 0.0, 0.0, 0.0, 0.0, 0.0, 0.0, 0.0, 0.0, 0.0, 0.0, 0.0, 0.0, 0.0, 0.0, 0.0, 0.0, 0.0, 0.0, 0.0], [0.0, 0.0, 0.976708792638998, 0.0, 0.0, 0.0, 0.0, 0.0, 0.0, 0.0, 0.0, 0.0, 0.0, 0.0, 0.0, 0.0, 0.0, 0.0, 0.0, 0.0, 0.0, 0.0, 0.0, 0.0, 0.0, 0.0, 0.0, 0.0, 0.0, 0.0, 0.0, 0.0], [0.0, 0.0, 0.0, 0.9772465356911488, 0.0, 0.0, 0.0, 0.0, 0.0, 0.0, 0.0, 0.0, 0.0, 0.0, 0.0, 0.0, 0.0, 0.0, 0.0, 0.0, 0.0, 0.0, 0.0, 0.0, 0.0, 0.0, 0.0, 0.0, 0.0, 0.0, 0.0, 0.0], [0.0, 0.0, 0.0, 0.9767936071620855, 0.0, 0.0, 0.0, 0.0, 0.0, 0.0, 0.0, 0.0, 0.0, 0.0, 0.0, 0.0, 0.0, 0.0, 0.0, 0.0, 0.0, 0.0, 0.0, 0.0, 0.0, 0.0, 0.0, 0.0, 0.0, 0.0, 0.0, 0.0], [0.0, 0.0, 0.0, 0.0, 0.9763493754110822, 0.0, 0.0, 0.0, 0.0, 0.0, 0.0, 0.0, 0.0, 0.0, 0.0, 0.0, 0.0, 0.0, 0.0, 0.0, 0.0, 0.0, 0.0, 0.0, 0.0, 0.0, 0.0, 0.0, 0.0, 0.0, 0.0, 0.0], [0.0, 0.0, 0.0, 0.0, 0.9752745654369288, 0.0, 0.0, 0.0, 0.0, 0.0, 0.0, 0.0, 0.0, 0.0, 0.0, 0.0, 0.0, 0.0, 0.0, 0.0, 0.0, 0.0, 0.0, 0.0, 0.0, 0.0, 0.0, 0.0, 0.0, 0.0, 0.0, 0.0], [0.0, 0.0, 0.0, 0.0, 0.0, 0.9747507201084262, 0.0, 0.0, 0.0, 0.0, 0.0, 0.0, 0.0, 0.0, 0.0, 0.0, 0.0, 0.0, 0.0, 0.0, 0.0, 0.0, 0.0, 0.0, 0.0, 0.0, 0.0, 0.0, 0.0, 0.0, 0.0, 0.0], [0.0, 0.0, 0.0, 0.0, 0.0, 0.9768845983088505, 0.0, 0.0, 0.0, 0.0, 0.0, 0.0, 0.0, 0.0, 0.0, 0.0, 0.0, 0.0, 0.0, 0.0, 0.0, 0.0, 0.0, 0.0, 0.0, 0.0, 0.0, 0.0, 0.0, 0.0, 0.0, 0.0], [0.0, 0.0, 0.0, 0.0, 0.0, 0.0, 0.9604750252728051, 0.0, 0.0, 0.0, 0.0, 0.0, 0.0, 0.0, 0.0, 0.0, 0.0, 0.0, 0.0, 0.0, 0.0, 0.0, 0.0, 0.0, 0.0, 0.0, 0.0, 0.0, 0.0, 0.0, 0.0, 0.0], [0.0, 0.0, 0.0, 0.0, 0.0, 0.0, 0.947035362189449, 0.0, 0.0, 0.0, 0.0, 0.0, 0.0, 0.0, 0.0, 0.0, 0.0, 0.0, 0.0, 0.0, 0.0, 0.0, 0.0, 0.0, 0.0, 0.0, 0.0, 0.0, 0.0, 0.0, 0.0, 0.0], [0.0, 0.0, 0.0, 0.0, 0.0, 0.0, 0.0, 0.0, 0.0, 0.0, 0.9697759166551023, 0.0, 0.0, 0.0, 0.0, 0.0, 0.0, 0.0, 0.0, 0.0, 0.0, 0.0, 0.0, 0.0, 0.0, 0.0, 0.0, 0.0, 0.0, 0.0, 0.0, 0.0], [0.0, 0.0, 0.0, 0.0, 0.0, 0.0, 0.0, 0.0, 0.0, 0.0, 0.9698603466896518, 0.0, 0.0, 0.0, 0.0, 0.0, 0.0, 0.0, 0.0, 0.0, 0.0, 0.0, 0.0, 0.0, 0.0, 0.0, 0.0, 0.0, 0.0, 0.0, 0.0, 0.0], [0.0, 0.0, 0.0, 0.0, 0.0, 0.0, 0.0, 0.0, 0.0, 0.0, 0.0, 0.9855427929193692, 0.0, 0.0, 0.0, 0.0, 0.0, 0.0, 0.0, 0.0, 0.0, 0.0, 0.0, 0.0, 0.0, 0.0, 0.0, 0.0, 0.0, 0.0, 0.0, 0.0], [0.0, 0.0, 0.0, 0.0, 0.0, 0.0, 0.0, 0.0, 0.0, 0.0, 0.0, 0.9855513099536608, 0.0, 0.0, 0.0, 0.0, 0.0, 0.0, 0.0, 0.0, 0.0, 0.0, 0.0, 0.0, 0.0, 0.0, 0.0, 0.0, 0.0, 0.0, 0.0, 0.0], [0.0, 0.0, 0.0, 0.0, 0.0, 0.0, 0.0, 0.0, 0.0, 0.0, 0.0, 0.9839280719518111, 0.0, 0.0, 0.0, 0.0, 0.0, 0.0, 0.0, 0.0, 0.0, 0.0, 0.0, 0.0, 0.0, 0.0, 0.0, 0.0, 0.0, 0.0, 0.0, 0.0]], "Born radii": [], "Atomic SASAs": [], "Solvent H bonds": [], "Total SASA": NaN, "Total FOD": 0.0, "FOD": [0.0, 0.0, 0.0, 0.0, 0.0, 0.0, 0.0, 0.0, 0.0, 0.0, 0.0, 0.0, 0.0, 0.0, 0.0, 0.0, 0.0, 0.0, 0.0, 0.0, 0.0, 0.0, 0.0, 0.0, 0.0, 0.0, 0.0, 0.0, 0.0, 0.0, 0.0, 0.0], "FOD s proportion": [0.0, 0.0, 0.0, 0.0, 0.0, 0.0, 0.0, 0.0, 0.0, 0.0, 0.0, 0.0, 0.0, 0.0, 0.0, 0.0, 0.0, 0.0, 0.0, 0.0, 0.0, 0.0, 0.0, 0.0, 0.0, 0.0, 0.0, 0.0, 0.0, 0.0, 0.0, 0.0], "FOD p proportion": [0.0, 0.0, 0.0, 0.0, 0.0, 0.0, 0.0, 0.0, 0.0, 0.0, 0.0, 0.0, 0.0, 0.0, 0.0, 0.0, 0.0, 0.0, 0.0, 0.0, 0.0, 0.0, 0.0, 0.0, 0.0, 0.0, 0.0, 0.0, 0.0, 0.0, 0.0, 0.0], "FOD d proportion": [0.0, 0.0, 0.0, 0.0, 0.0, 0.0, 0.0, 0.0, 0.0, 0.0, 0.0, 0.0, 0.0, 0.0, 0.0, 0.0, 0.0, 0.0, 0.0, 0.0, 0.0, 0.0, 0.0, 0.0, 0.0, 0.0, 0.0, 0.0, 0.0, 0.0, 0.0, 0.0], "coordinates": [["4.50550", "2.01820", "0.32390"], ["3.46600", "1.12770", "-0.33980"], ["3.18130", "-0.11770", "0.50050"], ["2.22600", "-1.10430", "-0.17720"], ["0.80930", "-0.55340", "-0.35730"], ["-0.12870", "-1.61970", "-0.93400"], ["-1.54610", "-1.09220", "-1.15590"], ["-2.30850", "-0.87860", "0.13200"], ["-2.00090", "-1.33350", "1.22420"], ["-3.41520", "-0.12170", "-0.11700"], ["-4.22440", "0.13200", "1.03770"], ["-5.40310", "0.98530", "0.61170"], ["4.16390", "2.35260", "1.30870"], ["4.69250", "2.90470", "-0.29020"], ["5.45430", "1.48710", "0.45080"], ["3.82600", "0.83370", "-1.33240"], ["2.54890", "1.70860", "-0.48340"], ["2.77420", "0.17780", "1.47520"], ["4.12600", "-0.63920", "0.69880"], ["2.63470", "-1.40210", "-1.15050"], ["2.18110", "-2.01210", "0.43740"], ["0.43030", "-0.20190", "0.60900"], ["0.82600", "0.30930", "-1.03270"], ["-0.14950", "-2.49430", "-0.27260"], ["0.27010", "-1.95810", "-1.89830"], ["-1.50600", "-0.14750", "-1.70980"], ["-2.11170", "-1.81910", "-1.74970"], ["-3.63540", "0.66520", "1.79240"], ["-4.58490", "-0.81630", "1.45190"], ["-5.05830", "1.92880", "0.17570"], ["-5.99050", "0.47450", "-0.15840"], ["-6.05280", "1.20620", "1.46310"]], "bond_dist": [[0.0, 1.521199589140097, 2.519278073178902, 3.898362183019941, 4.554015199798965, 6.0243205807792135, 6.963207505165992, 7.406677517618815, 7.374121909759832, 8.216511018066003, 8.959822257723644, 9.966446970209594, 1.0946894354107923, 1.0945181862353863, 1.0947110394985522, 2.1466462656898084, 2.1391280957436836, 2.776682110001071, 2.7104141786819222, 4.167997131716863, 4.653926911759574, 4.649449543763218, 4.2777824886265545, 6.510567832378371, 6.219947563283793, 6.705544305274555, 7.925403717792551, 8.38220460618804, 9.588646745500638, 9.565365964771031, 10.619870007679, 10.650578365985576], [1.521199589140097, 0.0, 1.529110636939002, 2.558488374020879, 3.143955844155576, 4.563238815797394, 5.542122484211261, 6.131287399885933, 6.196014610215183, 6.997253292542725, 7.875987360325054, 8.921130243416469, 2.1691004287492084, 2.1597433666989234, 2.1696897497107734, 1.0960341053087719, 1.0950516791457836, 2.1622031010060088, 2.153189627041706, 2.7835556793425202, 3.4804240962848194, 3.447249931467111, 2.849471700157768, 5.118128573023542, 4.707957168454276, 5.312609437931609, 6.463914103699088, 7.429001618656439, 8.473860731685411, 8.577365093663671, 9.480768347027576, 9.68835198060021], [2.519278073178902, 1.529110636939002, 0.0, 1.5314225217097988, 2.5596951634911527, 3.9076712054624037, 5.103099251435347, 5.554517539804875, 5.37188125054901, 6.625340330881124, 7.429355720383834, 8.655685865371964, 2.778681718009459, 3.470422696156767, 2.782872999258141, 2.1634052925885157, 2.1687232787979194, 1.0968549357139257, 1.0971523276190962, 2.1620027567049958, 2.1431595857518406, 2.754426054552926, 2.842616634370523, 4.164149350107414, 4.197189421505778, 5.182383179580606, 5.997833858986091, 6.982072536861816, 7.855384545647653, 8.496155921944935, 9.21448670789643, 9.378054850554031], [3.898362183019941, 2.558488374020879, 1.5314225217097988, 0.0, 1.5306749197657876, 2.5264590814022694, 3.8970166165927496, 4.550630217892901, 4.459051267926845, 5.72645302434238, 6.67922748976257, 7.949336964804046, 4.232435803411553, 4.708340710908674, 4.187082379175266, 2.765923180422768, 2.847881538968923, 2.1621122565676374, 2.1432904632830336, 1.0968288015912055, 1.097200988880342, 2.1580024768289774, 2.165674308385266, 2.7539428843024325, 2.7416608944214818, 4.146342122883735, 4.668975966954638, 6.431676637549496, 7.008942118465525, 7.898434054292028, 8.366829455056438, 8.750287068433812], [4.554015199798965, 3.143955844155576, 2.5596951634911527, 1.5306749197657876, 0.0, 1.532782626467302, 2.5447940113101493, 3.1726718030707177, 3.3176682022167316, 4.253293927064059, 5.268200247712685, 6.473057426749743, 4.740646913660624, 5.200211559157954, 5.137381712506868, 3.4605411874445307, 2.856353159187428, 2.7845182168554765, 3.4818397062472592, 2.1636873826872494, 2.154341899513631, 1.0958690341459603, 1.0957624468834475, 2.1664635561208967, 2.1537408688140736, 2.7119412143333785, 3.4746244761124907, 5.085425659667045, 5.695587299831336, 6.3932883244852965, 6.87992875399157, 7.314264469514348], [6.0243205807792135, 4.563238815797394, 3.9076712054624037, 2.5264590814022694, 1.532782626467302, 0.0, 1.5285675058694659, 2.5371466749086466, 2.8713882565755537, 3.7030494528158817, 4.871428155069107, 6.082311143800521, 6.263807575269214, 6.64293935242525, 6.537565776342139, 4.670925626682575, 4.295365294128079, 4.178765284147938, 4.661532814429178, 2.780395937631905, 2.7147544566682265, 2.168752369451155, 2.154584595693564, 1.0967259274768697, 1.0970097948514408, 2.160137442386479, 2.153466008554581, 4.995094579685153, 5.118172409171071, 6.174483176752529, 6.272792698631128, 6.987614759701625], [6.963207505165992, 5.542122484211261, 5.103099251435347, 3.8970166165927496, 2.5447940113101493, 1.5285675058694659, 0.0, 1.5118085626163122, 2.435147786069667, 2.3483437290992986, 3.672034516449975, 4.7240729259824095, 7.109500699767882, 7.459542617345918, 7.63150532594979, 5.70961482676371, 5.006571870052403, 5.215417461718668, 5.9848007067904945, 4.192273346288383, 4.156541920876054, 2.7952930186297107, 2.7579410617342788, 2.167162859593159, 2.1446498572028023, 1.0958427396300987, 1.0958491730160678, 4.018221265684606, 4.01385688459367, 4.820285095302974, 4.816871027959955, 5.6966787209741785], [7.406677517618815, 6.131287399885933, 5.554517539804875, 4.550630217892901, 3.1726718030707177, 2.5371466749086466, 1.5118085626163122, 0.0, 1.2224780611528372, 1.3637021302322587, 2.347824026625505, 3.6442810621575283, 7.3292044650152866, 7.969040891474958, 8.121529029068357, 6.53517627153239, 5.537748257189018, 5.362276241485513, 6.463850620953426, 5.133622964340097, 4.640538715494139, 2.86120207779877, 3.548622655341083, 2.7268055761274947, 3.454940853328751, 2.1379290680469265, 2.1128334955693977, 2.62695835711189, 2.6321121290704927, 3.9299878485817232, 3.9334890072300954, 4.487538383122756], [7.374121909759832, 6.196014610215183, 5.37188125054901, 4.459051267926845, 3.3176682022167316, 2.8713882565755537, 2.435147786069667, 1.2224780611528372, 0.0, 2.295108095493543, 2.6695364297945066, 4.162565858938451, 7.18326057581096, 8.065813670052142, 8.008366809780881, 6.722032654636543, 5.733319301242518, 5.014838850850544, 6.188457098502018, 5.208905202631355, 4.309138684238418, 2.7513129665670535, 3.9728771765560538, 2.6486881356626344, 3.911211118055378, 3.203104433202265, 3.015321742368466, 2.643717681599153, 2.6450707230620507, 4.592346709472184, 4.593185704932907, 4.7880103289362275], [8.216511018066003, 6.997253292542725, 6.625340330881124, 5.72645302434238, 4.253293927064059, 3.7030494528158817, 2.3483437290992986, 1.3637021302322587, 2.295108095493543, 0.0, 1.4326550247704435, 2.3891837727558762, 8.099230691244694, 8.655858968929657, 9.032090817191776, 7.404388142176233, 6.249378837932615, 6.397927277642346, 7.602830613001975, 6.269675942183934, 5.932920462133299, 3.9142532225189517, 4.360280372865947, 4.0395839649647085, 4.486293652894335, 2.486508017280459, 2.691837346497741, 2.0768986518364345, 2.076563136531129, 2.643861030765422, 2.6437357072899705, 3.349174253454126], [8.959822257723644, 7.875987360325054, 7.429355720383834, 6.67922748976257, 5.268200247712685, 4.871428155069107, 3.672034516449975, 2.347824026625505, 2.6695364297945066, 1.4326550247704435, 0.0, 1.5162224704838008, 8.681479266231074, 9.431982257722924, 9.790708927856041, 8.421323949356182, 7.11877838255975, 7.012410844353032, 8.39278158955659, 7.361313392323411, 6.781441966868109, 4.686310381312787, 5.461184084976444, 5.021866962594689, 5.761002018746392, 3.8751225864480725, 4.004983303335982, 1.0958080716986893, 1.0958078207423052, 2.160306332444545, 2.160340406047158, 2.1628493613749438], [9.966446970209594, 8.921130243416469, 8.655685865371964, 7.949336964804046, 6.473057426749743, 6.082311143800521, 4.7240729259824095, 3.6442810621575283, 4.162565858938451, 2.3891837727558762, 1.5162224704838008, 0.0, 9.689314077374105, 10.315941999158392, 10.870180624534258, 9.432857158888817, 8.059572625145828, 8.262319516334381, 9.666971266637756, 8.568036907016683, 8.15689137416945, 5.952983007702945, 6.477863395441432, 6.363168676846466, 6.866505792613883, 4.675466447318385, 4.9268837290928635, 2.1497162115032764, 2.1496859863710327, 1.0950686234204687, 1.0949928812553986, 1.0935213120922702], [1.0946894354107923, 2.1691004287492084, 2.778681718009459, 4.232435803411553, 4.740646913660624, 6.263807575269214, 7.109500699767882, 7.3292044650152866, 7.18326057581096, 8.099230691244694, 8.681479266231074, 9.689314077374105, 0.0, 1.7722058514743708, 1.7748844525771246, 3.0653944003994003, 2.4969147782813894, 2.586260501186994, 3.0535686761558183, 4.741717976640956, 4.872500961518632, 4.577643422111425, 4.560570716478366, 6.678201019735779, 6.635409703251186, 6.892721397967569, 8.132653122444113, 7.9943958458410105, 9.30612351572877, 9.301197142303781, 10.430315497625179, 10.281976036249063], [1.0945181862353863, 2.1597433666989234, 3.470422696156767, 4.708340710908674, 5.200211559157954, 6.64293935242525, 7.459542617345918, 7.969040891474958, 8.065813670052142, 8.655858968929657, 9.431982257722924, 10.315941999158392, 1.7722058514743708, 0.0, 1.7717251479843028, 2.475084663198413, 2.462316472348751, 3.772597998727137, 3.722669802708803, 4.850070429385537, 5.568792863808099, 5.350315228096378, 4.715636718408236, 7.252204820604558, 6.766862730246565, 7.053551676283375, 8.410800457150318, 8.871668468783085, 10.146472498853974, 9.810583278276578, 10.956720872596874, 11.019094120207885], [1.0947110394985522, 2.1696897497107734, 2.782872999258141, 4.187082379175266, 5.137381712506868, 6.537565776342139, 7.63150532594979, 8.121529029068357, 8.008366809780881, 9.032090817191776, 9.790708927856041, 10.870180624534258, 1.7748844525771246, 1.7717251479843028, 0.0, 2.501618414147129, 3.0599250072509943, 3.153822737567855, 2.5193325663754673, 4.343015368381741, 4.791494384844879, 5.302671424857475, 5.000914514366348, 6.912121813162727, 6.653089770174455, 7.468994953137939, 8.545028653550554, 9.22486077184908, 10.348593595750101, 10.5254708996795, 11.505647762729398, 11.554955928518293], [2.1466462656898084, 1.0960341053087719, 2.1634052925885157, 2.765923180422768, 3.4605411874445307, 4.670925626682575, 5.70961482676371, 6.53517627153239, 6.722032654636543, 7.404388142176233, 8.421323949356182, 9.432857158888817, 3.0653944003994003, 2.475084663198413, 2.501618414147129, 0.0, 1.7655694322229298, 3.0690561757647905, 2.52689688155255, 2.5398986082125403, 3.7331576031558056, 4.046267392301206, 3.060198596496639, 5.291820130163156, 4.556184243421242, 5.434648857101993, 6.516729886990867, 8.091060329153406, 9.012106596129453, 9.077686715788333, 9.892975936996915, 10.273473898346168], [2.1391280957436836, 1.0950516791457836, 2.1687232787979194, 2.847881538968923, 2.856353159187428, 4.295365294128079, 5.006571870052403, 5.537748257189018, 5.733319301242518, 6.249378837932615, 7.11877838255975, 8.059572625145828, 2.4969147782813894, 2.462316472348751, 3.0599250072509943, 1.7655694322229298, 0.0, 2.496041403903389, 3.065453651582421, 3.1825836265524896, 3.8505529434095567, 3.054801788987299, 2.286515993821167, 4.999016664305091, 4.543078289001852, 4.62508142414812, 5.980750399406416, 6.6718449989489415, 7.81099280117451, 7.638873784138602, 8.63423303889813, 8.833488037010069], [2.776682110001071, 2.1622031010060088, 1.0968549357139257, 2.1621122565676374, 2.7845182168554765, 4.178765284147938, 5.215417461718668, 5.362276241485513, 5.014838850850544, 6.397927277642346, 7.012410844353032, 8.262319516334381, 2.586260501186994, 3.772597998727137, 3.153822737567855, 3.0690561757647905, 2.496041403903389, 0.0, 1.7600139772172267, 3.067547024904427, 2.4948864623465337, 2.527516911911768, 3.178417515053679, 4.329312294117854, 4.713076263970274, 5.345105904469994, 6.185435185174928, 6.435926255015668, 7.4259767377766535, 8.130360231871649, 8.920574305502981, 8.886713789134879], [2.7104141786819222, 2.153189627041706, 1.0971523276190962, 2.1432904632830336, 3.4818397062472592, 4.661532814429178, 5.9848007067904945, 6.463850620953426, 6.188457098502018, 7.602830613001975, 8.39278158955659, 9.666971266637756, 3.0535686761558183, 3.722669802708803, 2.5193325663754673, 2.52689688155255, 3.065453651582421, 1.7600139772172267, 0.0, 2.495175863541486, 2.3949572814561857, 3.7225654890142637, 3.8454836496856935, 4.760768238425391, 4.832431109700376, 6.145123827068093, 6.804132387747905, 7.945863721459109, 8.745187409655667, 9.550896507658326, 10.213652225330565, 10.372927508182057], [4.167997131716863, 2.7835556793425202, 2.1620027567049958, 1.0968288015912055, 2.1636873826872494, 2.780395937631905, 4.192273346288383, 5.133622964340097, 5.208905202631355, 6.269675942183934, 7.361313392323411, 8.568036907016683, 4.741717976640956, 4.850070429385537, 4.343015368381741, 2.5398986082125403, 3.1825836265524896, 3.067547024904427, 2.495175863541486, 0.0, 1.760477029103192, 3.0652405533660816, 2.4928221938196873, 3.116950254655984, 2.541588873126415, 4.362594886074112, 4.802212261031367, 7.22831541301291, 7.6966402774197515, 8.4873994986686, 8.88256522689251, 9.439639299252912], [4.653926911759574, 3.4804240962848194, 2.1431595857518406, 1.097200988880342, 2.154341899513631, 2.7147544566682265, 4.156541920876054, 4.640538715494139, 4.309138684238418, 5.932920462133299, 6.781441966868109, 8.15689137416945, 4.872500961518632, 5.568792863808099, 4.791494384844879, 3.7331576031558056, 3.8505529434095567, 2.4948864623465337, 2.3949572814561857, 1.760477029103192, 0.0, 2.524197147609513, 3.0637212634311233, 2.483608906410186, 3.01833256782615, 4.656383511911363, 4.821699622539754, 6.544893623276088, 6.945351243097789, 8.246701889846632, 8.562312991242495, 8.899810368204482], [4.649449543763218, 3.447249931467111, 2.754426054552926, 2.1580024768289774, 1.0958690341459603, 2.168752369451155, 2.7952930186297107, 2.86120207779877, 2.7513129665670535, 3.9142532225189517, 4.686310381312787, 5.952983007702945, 4.577643422111425, 5.350315228096378, 5.302671424857475, 4.046267392301206, 3.054801788987299, 2.527516911911768, 3.7225654890142637, 3.0652405533660816, 2.524197147609513, 0.0, 1.7643930457808996, 2.523585615745976, 3.065363888676188, 3.0214318608898, 3.8262991950447365, 4.322292731872751, 5.122518795475522, 5.903588852554012, 6.5017760927303545, 6.689007252948676], [4.2777824886265545, 2.849471700157768, 2.842616634370523, 2.165674308385266, 1.0957624468834475, 2.154584595693564, 2.7579410617342788, 3.548622655341083, 3.9728771765560538, 4.360280372865947, 5.461184084976444, 6.477863395441432, 4.560570716478366, 4.715636718408236, 5.000914514366348, 3.060198596496639, 2.286515993821167, 3.178417515053679, 3.8454836496856935, 2.4928221938196873, 3.0637212634311233, 1.7643930457808996, 0.0, 3.0642332189309607, 2.489857612394733, 2.4709015864659603, 3.697871935316311, 5.292631177401275, 6.059542171649603, 6.221575146214984, 6.874326423730546, 7.372335904582753], [6.510567832378371, 5.118128573023542, 4.164149350107414, 2.7539428843024325, 2.1664635561208967, 1.0967259274768697, 2.167162859593159, 2.7268055761274947, 2.6486881356626344, 4.0395839649647085, 5.021866962594689, 6.363168676846466, 6.678201019735779, 7.252204820604558, 6.912121813162727, 5.291820130163156, 4.999016664305091, 4.329312294117854, 4.760768238425391, 3.116950254655984, 2.483608906410186, 2.523585615745976, 3.0642332189309607, 0.0, 1.7625195289698212, 3.0680786055771128, 2.547145125429645, 5.13791436869086, 5.046023920870769, 6.622771620703828, 6.553174504009488, 7.180202339070955], [6.219947563283793, 4.707957168454276, 4.197189421505778, 2.7416608944214818, 2.1537408688140736, 1.0970097948514408, 2.1446498572028023, 3.454940853328751, 3.911211118055378, 4.486293652894335, 5.761002018746392, 6.866505792613883, 6.635409703251186, 6.766862730246565, 6.653089770174455, 4.556184243421242, 4.543078289001852, 4.713076263970274, 4.832431109700376, 2.541588873126415, 3.01833256782615, 3.065363888676188, 2.489857612394733, 1.7625195289698212, 0.0, 2.543292319022727, 2.390475726712154, 5.979623703043528, 6.008208741380413, 6.913849446581839, 6.938292810915376, 7.828848501535842], [6.705544305274555, 5.312609437931609, 5.182383179580606, 4.146342122883735, 2.7119412143333785, 2.160137442386479, 1.0958427396300987, 2.1379290680469265, 3.203104433202265, 2.486508017280459, 3.8751225864480725, 4.675466447318385, 6.892721397967569, 7.053551676283375, 7.468994953137939, 5.434648857101993, 4.62508142414812, 5.345105904469994, 6.145123827068093, 4.362594886074112, 4.656383511911363, 3.0214318608898, 2.4709015864659603, 3.0680786055771128, 2.543292319022727, 0.0, 1.7784012651817362, 4.178544063426878, 4.463548536758617, 4.526032172886092, 4.7858610729940745, 5.70729255777203], [7.925403717792551, 6.463914103699088, 5.997833858986091, 4.668975966954638, 3.4746244761124907, 2.153466008554581, 1.0958491730160678, 2.1128334955693977, 3.015321742368466, 2.691837346497741, 4.004983303335982, 4.9268837290928635, 8.132653122444113, 8.410800457150318, 8.545028653550554, 6.516729886990867, 5.980750399406416, 6.185435185174928, 6.804132387747905, 4.802212261031367, 4.821699622539754, 3.8262991950447365, 3.697871935316311, 2.547145125429645, 2.390475726712154, 1.7784012651817362, 0.0, 4.586924960144868, 4.168041343365011, 5.14163117405362, 4.778904277132991, 5.916653880361771], [8.38220460618804, 7.429001618656439, 6.982072536861816, 6.431676637549496, 5.085425659667045, 4.995094579685153, 4.018221265684606, 2.62695835711189, 2.643717681599153, 2.0768986518364345, 1.0958080716986893, 2.1497162115032764, 7.9943958458410105, 8.871668468783085, 9.22486077184908, 8.091060329153406, 6.6718449989489415, 6.435926255015668, 7.945863721459109, 7.22831541301291, 6.544893623276088, 4.322292731872751, 5.292631177401275, 5.13791436869086, 5.979623703043528, 4.178544063426878, 4.586924960144868, 0.0, 1.7922981755277219, 2.497007861421345, 3.0640631749361824, 2.4989882452704735], [9.588646745500638, 8.473860731685411, 7.855384545647653, 7.008942118465525, 5.695587299831336, 5.118172409171071, 4.01385688459367, 2.6321121290704927, 2.6450707230620507, 2.076563136531129, 1.0958078207423052, 2.1496859863710327, 9.30612351572877, 10.146472498853974, 10.348593595750101, 9.012106596129453, 7.81099280117451, 7.4259767377766535, 8.745187409655667, 7.6966402774197515, 6.945351243097789, 5.122518795475522, 6.059542171649603, 5.046023920870769, 6.008208741380413, 4.463548536758617, 4.168041343365011, 1.7922981755277219, 0.0, 3.064044387733311, 2.4969866018863613, 2.4990722478551914], [9.565365964771031, 8.577365093663671, 8.496155921944935, 7.898434054292028, 6.3932883244852965, 6.174483176752529, 4.820285095302974, 3.9299878485817232, 4.592346709472184, 2.643861030765422, 2.160306332444545, 1.0950686234204687, 9.301197142303781, 9.810583278276578, 10.5254708996795, 9.077686715788333, 7.638873784138602, 8.130360231871649, 9.550896507658326, 8.4873994986686, 8.246701889846632, 5.903588852554012, 6.221575146214984, 6.622771620703828, 6.913849446581839, 4.526032172886092, 5.14163117405362, 2.497007861421345, 3.064044387733311, 0.0, 1.7594340396843526, 1.7800504964747492], [10.619870007679, 9.480768347027576, 9.21448670789643, 8.366829455056438, 6.87992875399157, 6.272792698631128, 4.816871027959955, 3.9334890072300954, 4.593185704932907, 2.6437357072899705, 2.160340406047158, 1.0949928812553986, 10.430315497625179, 10.956720872596874, 11.505647762729398, 9.892975936996915, 8.63423303889813, 8.920574305502981, 10.213652225330565, 8.88256522689251, 8.562312991242495, 6.5017760927303545, 6.874326423730546, 6.553174504009488, 6.938292810915376, 4.7858610729940745, 4.778904277132991, 3.0640631749361824, 2.4969866018863613, 1.7594340396843526, 0.0, 1.7800360754771236], [10.650578365985576, 9.68835198060021, 9.378054850554031, 8.750287068433812, 7.314264469514348, 6.987614759701625, 5.6966787209741785, 4.487538383122756, 4.7880103289362275, 3.349174253454126, 2.1628493613749438, 1.0935213120922702, 10.281976036249063, 11.019094120207885, 11.554955928518293, 10.273473898346168, 8.833488037010069, 8.886713789134879, 10.372927508182057, 9.439639299252912, 8.899810368204482, 6.689007252948676, 7.372335904582753, 7.180202339070955, 7.828848501535842, 5.70729255777203, 5.916653880361771, 2.4989882452704735, 2.4990722478551914, 1.7800504964747492, 1.7800360754771236, 0.0]]}