{"total energy": -65.29654748, "HOMO-LUMO gap/eV": 3.71539345, "electronic energy": -66.15082254, "dipole": [-0.38584149, 0.25078808, -0.75837618], "partial charges": [-0.11124552, 0.08472202, -0.29905413, 0.39922764, -0.46765484, -0.1956238, 0.00331371, 0.07117647, -0.28086319, 0.13738144, -0.0547744, -0.05493456, 0.1344835, -0.2716342, 0.14400763, -0.0503333, -0.03026326, -0.03735721, -0.03034332, -0.05327678, -0.05277654, -0.06731629, 0.04990211, 0.04742107, 0.05665181, 0.05692689, 0.05149734, 0.19224148, 0.07831704, 0.06897325, 0.04349516, 0.05365212, 0.05203039, 0.04346009, 0.04780451, 0.03798265, 0.03464263, 0.03674171, 0.03600989, 0.05378814, 0.04160066], "atomic dipole moments": [[0.05824113, -0.04810021, -0.10990469], [-0.2348992, -0.06975043, -0.08085702], [0.09429381, -0.13362998, 0.16999073], [0.04148393, 0.13036429, -0.04800445], [-0.07341108, 0.12829954, -0.14828048], [-0.04351228, -0.04392405, 0.0838388], [0.0179887, 0.15790847, 0.08318479], [-0.09351251, 0.14608844, -0.12330061], [0.00258124, -0.12796698, 0.21095953], [0.20084574, -0.06639065, -0.14235282], [0.0299981, -0.0330973, 0.01880212], [-0.00183503, -0.01109872, 0.01585654], [-0.20237387, 0.06758733, 0.13208319], [-0.02997833, -0.03918118, -0.21419312], [0.24345339, -0.02692687, 0.08757317], [0.0160333, -0.03514093, 0.00325012], [0.00970041, -0.00082752, 0.00179678], [0.00924688, -0.00109907, 0.00337369], [0.00811086, -0.00188499, 0.00294765], [0.01422805, 0.01564816, 0.01278866], [-0.00705117, 0.03006485, -0.00929241], [-0.00173468, 0.01544415, -0.02621619], [-0.08539869, 0.09138662, -0.02539028], [0.09247144, 0.04789858, 0.07466119], [-0.06861549, -0.08605809, 0.06941408], [0.08853693, -0.09215078, 0.02415722], [0.06289596, 0.08590643, -0.05957887], [-0.045979, 0.11421524, -0.06509572], [0.08057529, -0.09985169, 0.02492597], [-0.04933234, -0.01175101, -0.1161648], [-0.05766718, -0.1086288, 0.01029893], [0.05443772, 0.03938988, 0.11214709], [0.01796821, 0.06818789, -0.1370795], [-0.09364282, 0.10958909, -0.05632356], [0.05481034, 0.11010077, 0.09419345], [-0.08339171, 0.1206689, 0.03663456], [-0.14024947, 0.01440173, -0.05371807], [-0.05872266, -0.10701207, -0.08971897], [0.07675861, -0.12920289, -0.03664924], [-0.01780897, -0.06488432, 0.13980917], [0.09347202, -0.1045078, 0.0636331]], "atomic quadrupole moments": [[-0.07682105, -0.05281189, -0.07510218, -0.11236381, 0.1423222, 0.15192323], [0.11145912, 0.18102005, -0.20159589, 0.22037702, 0.23937455, 0.09013677], [0.00846307, 0.07141999, 0.01134225, 0.07977328, 0.00678893, -0.01980532], [0.04408806, -0.05272462, -0.00059776, -0.32218918, 0.15951784, -0.0434903], [0.01201574, -0.0733022, -0.04332371, -0.08422001, 0.03048843, 0.03130797], [0.01863522, 0.09598095, 0.0084668, 0.00816575, 0.02289834, -0.02710202], [0.03096122, 0.21224162, 0.07912109, -0.1714325, 0.02309605, -0.11008232], [0.13551558, -0.34652104, -0.02385858, -0.07097099, -0.1406321, -0.111657], [0.03401983, -0.11041388, -0.00271515, -0.00611362, -0.04398904, -0.03130468], [0.14787841, 0.16760403, -0.0098285, -0.08947594, 0.32146326, -0.13804991], [-0.00430942, 0.25465432, 0.13735894, 0.16627262, 0.23395866, -0.13304953], [-0.01924693, 0.2934393, 0.1154418, 0.16373662, 0.23176521, -0.09619488], [0.15645283, 0.16187286, -0.02972833, -0.10486056, 0.33923345, -0.1267245], [0.07639136, -0.05285719, -0.06057083, -0.00528906, 0.0155551, -0.01582053], [0.18289872, 0.06975357, -0.30418348, -0.01454906, -0.33620621, 0.12128476], [-0.135146, 0.10773015, -0.06519197, -0.21226357, -0.30060788, 0.20033797], [-0.15141292, 0.14458668, -0.08459653, -0.22969938, -0.31310764, 0.23600945], [-0.1564556, 0.13454012, -0.07703437, -0.22404592, -0.29603006, 0.23348997], [-0.15534401, 0.13532373, -0.09180804, -0.22973451, -0.30936552, 0.24715206], [-0.13648491, 0.12905752, -0.09601378, -0.21213371, -0.27188112, 0.23249869], [-0.0115986, 0.26695426, 0.1624301, 0.16003606, 0.23816469, -0.1508315], [-0.0082962, 0.26720348, 0.1318078, 0.14355927, 0.22410046, -0.1235116], [-0.00176937, -0.05945296, 0.02099561, 0.01548647, -0.03186489, -0.01922624], [0.03571668, 0.03589521, -0.03372525, 0.04972032, 0.0311327, -0.00199142], [-0.02090924, 0.03656725, 0.03770868, -0.03175584, -0.03690605, -0.01679944], [-0.01444103, -0.02220231, 0.02459698, 0.01925431, -0.00302004, -0.01015595], [-0.02592353, 0.03437953, 0.01991918, -0.01560047, -0.02620413, 0.00600435], [0.00504063, 0.00941194, 0.00577294, 0.05035391, -0.02276952, -0.01081356], [0.01475658, -0.02696151, 0.02070364, 0.00176188, -0.02777369, -0.03546022], [-0.0018357, 0.03155916, -0.0251962, 0.03650559, 0.00187348, 0.0270319], [0.00799752, 0.02010793, 0.03427635, -0.00608218, -0.01036001, -0.04227387], [0.00135855, -0.0059202, -0.01185317, 0.02443966, 0.02237058, 0.01049462], [0.00557619, -0.03442706, -0.01981499, -0.02604589, -0.02622144, 0.0142388], [0.01113488, -0.03770448, -0.01960201, -0.02312351, -0.02355501, 0.00846714], [0.02311198, -0.01285928, 0.00411885, 0.02849327, 0.03316936, -0.02723083], [0.02128546, -0.0144114, 0.00726078, 0.03350625, 0.04014443, -0.02854624], [0.01630706, -0.0183216, 0.01408138, 0.0287555, 0.04168589, -0.03038844], [0.0241585, -0.02242773, 0.01054861, 0.02818383, 0.03665411, -0.03470711], [0.02707987, -0.01940152, 0.00329732, 0.02585719, 0.03031985, -0.03037719], [0.00671881, -0.03483995, -0.02010547, -0.02380241, -0.02620168, 0.01338665], [0.01762737, -0.0448563, -0.02497367, -0.03390332, -0.0171661, 0.00734629]], "number of molecular orbitals": 107, "number of electrons": 116, "number of unpaired electrons": 0, "orbital energies/eV": [-19.97675858, -19.57565174, -19.46038791, -19.15355404, -18.5058927, -18.339355, -18.07800227, -17.83689098, -17.61905392, -17.3672649, -17.06003623, -16.97641404, -16.84953496, -16.71613903, -16.53699631, -16.4188981, -16.14585165, -16.12227338, -15.94139038, -15.87590242, -15.66826854, -15.58294256, -15.31396829, -15.22532525, -15.161799, -15.07253178, -14.81966417, -14.61751086, -14.32790548, -14.27315874, -14.15508082, -14.05226592, -13.82131208, -13.61940522, -13.46140651, -13.41209028, -13.38572772, -13.284508, -13.1882079, -13.10087538, -13.03609468, -12.99569553, -12.92656078, -12.76584068, -12.55475563, -12.50845246, -12.1271854, -12.07486834, -11.93478576, -11.9167085, -11.66238542, -11.47079044, -11.3775626, -11.17451751, -11.08011172, -11.04172672, -10.75848062, -10.11658914, -6.40119569, -6.2691849, -6.19929237, -5.78784684, -5.37895839, -2.83015585, -2.66676818, -0.74211714, 0.00518529, 1.07845105, 1.25547455, 2.09727096, 2.71895987, 2.96809311, 3.04495346, 3.16230717, 3.22259601, 3.42856399, 3.74236559, 3.80086796, 4.04000545, 4.13936885, 4.16625353, 4.35351132, 4.5795353, 4.71530867, 4.80268488, 4.83909212, 5.14904148, 5.37423231, 5.74603908, 5.90658011, 6.38887755, 6.47672759, 7.50978547, 9.16478736, 9.82978236, 10.23155164, 10.56732285, 10.77815607, 11.24679787, 11.33373769, 11.64042265, 12.33069889, 16.0157403, 16.43051865, 17.1462758, 17.37939672, 17.40800245], "fractional occupation": [2.0, 2.0, 2.0, 2.0, 2.0, 2.0, 2.0, 2.0, 2.0, 2.0, 2.0, 2.0, 2.0, 2.0, 2.0, 2.0, 2.0, 2.0, 2.0, 2.0, 2.0, 2.0, 2.0, 2.0, 2.0, 2.0, 2.0, 2.0, 2.0, 2.0, 2.0, 2.0, 2.0, 2.0, 2.0, 2.0, 2.0, 2.0, 2.0, 2.0, 2.0, 2.0, 2.0, 2.0, 2.0, 2.0, 2.0, 2.0, 2.0, 2.0, 2.0, 2.0, 2.0, 2.0, 2.0, 2.0, 2.0, 2.0, 0.0, 0.0, 0.0, 0.0, 0.0, 0.0, 0.0, 0.0, 0.0, 0.0, 0.0, 0.0, 0.0, 0.0, 0.0, 0.0, 0.0, 0.0, 0.0, 0.0, 0.0, 0.0, 0.0, 0.0, 0.0, 0.0, 0.0, 0.0, 0.0, 0.0, 0.0, 0.0, 0.0, 0.0, 0.0, 0.0, 0.0, 0.0, 0.0, 0.0, 0.0, 0.0, 0.0, 0.0, 0.0, 0.0, 0.0, 0.0, 0.0], "program call": "xtb /home/svss/Project-DBcg-Debug/aqme2_20220329/End-to-End-workflows-final/example-3/QDESCP/mol_518_rdkit_conf_8/mol_518_rdkit_conf_8.xyz --pop --wbo --acc 0.2 --gfn 2 --chrg 0 --uhf 0 --etemp 300 --input /home/svss/Project-DBcg-Debug/aqme2_20220329/End-to-End-workflows-final/example-3/QDESCP/mol_518_rdkit_conf_8/mol_518_rdkit_conf_8_xtb.inp", "method": "GFN2-xTB", "xtb version": "6.3.3 (7355c4f)", "Dipole module/D": 2.255, "Total charge": 0, "Transition dipole module/D": NaN, "HOMO": -10.1166, "LUMO": -6.4012, "HOMO occupancy": 2.0, "LUMO occupancy": 0, "mulliken charges": [-0.09919, 0.20628, -0.43619, 0.65406, -0.58106, -0.35408, 0.09453, 0.184, -0.43431, 0.247, -0.06333, -0.07353, 0.23721, -0.41295, 0.25224, -0.06353, -0.02535, -0.04344, -0.02365, -0.07591, -0.05739, -0.09044, 0.03768, 0.03261, 0.0494, 0.04273, 0.02886, 0.24236, 0.05122, 0.04246, 0.02686, 0.04387, 0.04749, 0.0424, 0.04705, 0.0327, 0.03111, 0.03233, 0.03947, 0.04953, 0.03892], "cm5 charges": [-0.24565, 0.12404, -0.51383, 0.77738, -0.62659, -0.70944, 0.04951, 0.10735, -0.5166, 0.2629, -0.11283, -0.12382, 0.25355, -0.48019, 0.26849, -0.11358, -0.08049, -0.09869, -0.07884, -0.12642, -0.10735, -0.14212, 0.09103, 0.08386, 0.10442, 0.10876, 0.0915, 0.44307, 0.11926, 0.11031, 0.09023, 0.1113, 0.10641, 0.10123, 0.1056, 0.08809, 0.08645, 0.08772, 0.09825, 0.10808, 0.09767], "FUKUI+": [0.004, 0.008, -0.026, -0.03, -0.055, -0.019, 0.008, 0.008, -0.025, -0.018, -0.034, -0.023, -0.01, -0.029, -0.015, -0.031, -0.03, -0.021, -0.032, -0.024, -0.036, -0.027, -0.004, -0.016, 0.003, -0.011, -0.019, -0.017, -0.02, -0.019, -0.017, -0.009, -0.047, -0.036, -0.047, -0.053, -0.051, -0.05, -0.035, -0.048, -0.046], "FUKUI-": [0.004, 0.006, -0.028, -0.001, -0.053, -0.031, 0.009, 0.011, -0.061, -0.028, -0.019, -0.016, -0.025, -0.078, -0.013, -0.017, -0.016, -0.031, -0.014, -0.016, -0.021, -0.018, -0.007, -0.018, -0.002, -0.014, -0.025, -0.019, -0.027, -0.025, -0.032, -0.025, -0.042, -0.036, -0.035, -0.043, -0.045, -0.041, -0.026, -0.042, -0.04], "FUKUIrad": [0.004, 0.007, -0.027, -0.016, -0.054, -0.025, 0.009, 0.01, -0.043, -0.023, -0.026, -0.02, -0.018, -0.054, -0.014, -0.024, -0.023, -0.026, -0.023, -0.02, -0.028, -0.023, -0.005, -0.017, 0.0, -0.012, -0.022, -0.018, -0.023, -0.022, -0.025, -0.017, -0.044, -0.036, -0.041, -0.048, -0.048, -0.046, -0.031, -0.045, -0.043], "s proportion": [1.012, 0.992, 1.691, 0.917, 1.723, 1.418, 1.006, 1.002, 1.688, 1.016, 1.058, 1.063, 1.014, 1.675, 1.02, 1.061, 1.061, 1.058, 1.06, 1.062, 1.061, 1.058, 0.962, 0.967, 0.951, 0.957, 0.971, 0.758, 0.949, 0.958, 0.973, 0.956, 0.953, 0.958, 0.953, 0.967, 0.969, 0.968, 0.961, 0.95, 0.961], "p proportion": [3.087, 2.802, 4.745, 2.429, 4.858, 3.936, 2.899, 2.814, 4.746, 2.737, 3.006, 3.011, 2.748, 4.738, 2.728, 3.002, 2.964, 2.985, 2.963, 3.014, 2.996, 3.032, 0.0, 0.0, 0.0, 0.0, 0.0, 0.0, 0.0, 0.0, 0.0, 0.0, 0.0, 0.0, 0.0, 0.0, 0.0, 0.0, 0.0, 0.0, 0.0], "d proportion": [0.0, 0.0, 0.0, 0.0, 0.0, 0.0, 0.0, 0.0, 0.0, 0.0, 0.0, 0.0, 0.0, 0.0, 0.0, 0.0, 0.0, 0.0, 0.0, 0.0, 0.0, 0.0, 0.0, 0.0, 0.0, 0.0, 0.0, 0.0, 0.0, 0.0, 0.0, 0.0, 0.0, 0.0, 0.0, 0.0, 0.0, 0.0, 0.0, 0.0, 0.0], "Fermi-level/eV": -8.2589, "Coordination numbers": [3.748, 3.698, 1.707, 2.653, 0.857, 2.686, 3.738, 3.691, 1.703, 2.856, 2.916, 2.91, 2.87, 1.708, 2.871, 2.912, 2.912, 2.912, 2.912, 2.911, 2.912, 2.912, 0.924, 0.924, 0.924, 0.924, 0.924, 0.86, 0.924, 0.924, 0.924, 0.924, 0.925, 0.925, 0.925, 0.925, 0.925, 0.925, 0.925, 0.925, 0.925], "Dispersion coefficient C6": [22.695, 19.329, 18.976, 20.262, 23.081, 25.247, 20.604, 19.565, 18.662, 24.998, 29.361, 29.364, 25.059, 18.504, 24.864, 29.25, 28.755, 28.929, 28.757, 29.323, 29.311, 29.676, 2.321, 2.352, 2.239, 2.235, 2.301, 1.146, 1.997, 2.097, 2.403, 2.275, 2.295, 2.403, 2.347, 2.476, 2.521, 2.493, 2.503, 2.273, 2.428], "Total dispersion C6": 18845.237048, "Total dispersion C8": 442345.230564, "Polarizability alpha": [6.795, 6.288, 5.881, 7.365, 6.441, 7.463, 6.477, 6.33, 5.833, 8.195, 8.885, 8.886, 8.206, 5.808, 8.174, 8.868, 8.793, 8.82, 8.793, 8.879, 8.878, 8.933, 2.383, 2.399, 2.34, 2.338, 2.372, 1.677, 2.21, 2.265, 2.424, 2.359, 2.369, 2.424, 2.396, 2.461, 2.483, 2.469, 2.474, 2.358, 2.436], "Total polarizability alpha": 213.626631, "Wiberg matrix": [[0.0, 1.015799545765928, 0.0, 0.0, 0.0, 0.0, 0.0, 0.0, 0.0, 0.0, 0.0, 0.0, 0.0, 0.0, 0.0, 0.0, 0.0, 0.0, 0.0, 0.0, 0.0, 0.0, 0.9858401321977688, 0.9839103306877272, 0.9846899944353867, 0.0, 0.0, 0.0, 0.0, 0.0, 0.0, 0.0, 0.0, 0.0, 0.0, 0.0, 0.0, 0.0, 0.0, 0.0, 0.0], [1.015799545765928, 0.0, 0.9410366549310523, 0.0, 0.0, 0.0, 0.0, 0.0, 0.0, 0.0, 0.0, 0.0, 0.0, 0.0, 0.0, 0.0, 0.0, 0.0, 0.0, 0.0, 0.0, 0.0, 0.0, 0.0, 0.0, 0.969439243725175, 0.9722527268271499, 0.0, 0.0, 0.0, 0.0, 0.0, 0.0, 0.0, 0.0, 0.0, 0.0, 0.0, 0.0, 0.0, 0.0], [0.0, 0.9410366549310523, 0.0, 1.0658671517813998, 0.1339809911734262, 0.0, 0.0, 0.0, 0.0, 0.0, 0.0, 0.0, 0.0, 0.0, 0.0, 0.0, 0.0, 0.0, 0.0, 0.0, 0.0, 0.0, 0.0, 0.0, 0.0, 0.0, 0.0, 0.0, 0.0, 0.0, 0.0, 0.0, 0.0, 0.0, 0.0, 0.0, 0.0, 0.0, 0.0, 0.0, 0.0], [0.0, 0.0, 1.0658671517813998, 0.0, 1.633886991402298, 1.1986430296297066, 0.0, 0.0, 0.0, 0.0, 0.0, 0.0, 0.0, 0.0, 0.0, 0.0, 0.0, 0.0, 0.0, 0.0, 0.0, 0.0, 0.0, 0.0, 0.0, 0.0, 0.0, 0.0, 0.0, 0.0, 0.0, 0.0, 0.0, 0.0, 0.0, 0.0, 0.0, 0.0, 0.0, 0.0, 0.0], [0.0, 0.0, 0.1339809911734262, 1.633886991402298, 0.0, 0.16213469237181638, 0.0, 0.0, 0.0, 0.0, 0.0, 0.0, 0.0, 0.0, 0.0, 0.0, 0.0, 0.0, 0.0, 0.0, 0.0, 0.0, 0.0, 0.0, 0.0, 0.0, 0.0, 0.0, 0.0, 0.0, 0.0, 0.0, 0.0, 0.0, 0.0, 0.0, 0.0, 0.0, 0.0, 0.0, 0.0], [0.0, 0.0, 0.0, 1.1986430296297066, 0.16213469237181638, 0.0, 1.0002666274125525, 0.0, 0.0, 0.0, 0.0, 0.0, 0.0, 0.0, 0.0, 0.0, 0.0, 0.0, 0.0, 0.0, 0.0, 0.0, 0.0, 0.0, 0.0, 0.0, 0.0, 0.9351527197285219, 0.0, 0.0, 0.0, 0.0, 0.0, 0.0, 0.0, 0.0, 0.0, 0.0, 0.0, 0.0, 0.0], [0.0, 0.0, 0.0, 0.0, 0.0, 1.0002666274125525, 0.0, 0.9927138666414449, 0.0, 0.0, 0.0, 0.0, 0.0, 0.0, 0.0, 0.0, 0.0, 0.0, 0.0, 0.0, 0.0, 0.0, 0.0, 0.0, 0.0, 0.0, 0.0, 0.0, 0.9657673400985762, 0.9709589523557633, 0.0, 0.0, 0.0, 0.0, 0.0, 0.0, 0.0, 0.0, 0.0, 0.0, 0.0], [0.0, 0.0, 0.0, 0.0, 0.0, 0.0, 0.9927138666414449, 0.0, 0.9657944060951447, 0.0, 0.0, 0.0, 0.0, 0.0, 0.0, 0.0, 0.0, 0.0, 0.0, 0.0, 0.0, 0.0, 0.0, 0.0, 0.0, 0.0, 0.0, 0.0, 0.0, 0.0, 0.9670091870224858, 0.9667220217936638, 0.0, 0.0, 0.0, 0.0, 0.0, 0.0, 0.0, 0.0, 0.0], [0.0, 0.0, 0.0, 0.0, 0.0, 0.0, 0.0, 0.9657944060951447, 0.0, 1.0544160515894392, 0.0, 0.0, 0.0, 0.0, 0.0, 0.0, 0.0, 0.0, 0.0, 0.0, 0.0, 0.0, 0.0, 0.0, 0.0, 0.0, 0.0, 0.0, 0.0, 0.0, 0.0, 0.0, 0.0, 0.0, 0.0, 0.0, 0.0, 0.0, 0.0, 0.0, 0.0], [0.0, 0.0, 0.0, 0.0, 0.0, 0.0, 0.0, 0.0, 1.0544160515894392, 0.0, 1.356353944381272, 0.0, 0.0, 0.0, 0.0, 0.0, 0.0, 0.0, 0.0, 0.0, 0.0, 1.3745481639621977, 0.0, 0.0, 0.0, 0.0, 0.0, 0.0, 0.0, 0.0, 0.0, 0.0, 0.0, 0.0, 0.0, 0.0, 0.0, 0.0, 0.0, 0.0, 0.0], [0.0, 0.0, 0.0, 0.0, 0.0, 0.0, 0.0, 0.0, 0.0, 1.356353944381272, 0.0, 1.4595576089581463, 0.0, 0.0, 0.0, 0.0, 0.0, 0.0, 0.0, 0.0, 0.11141863542330517, 0.0, 0.0, 0.0, 0.0, 0.0, 0.0, 0.0, 0.0, 0.0, 0.0, 0.0, 0.9681476782461006, 0.0, 0.0, 0.0, 0.0, 0.0, 0.0, 0.0, 0.0], [0.0, 0.0, 0.0, 0.0, 0.0, 0.0, 0.0, 0.0, 0.0, 0.0, 1.4595576089581463, 0.0, 1.3725509983435162, 0.0, 0.0, 0.0, 0.0, 0.0, 0.0, 0.0, 0.0, 0.10385637748447825, 0.0, 0.0, 0.0, 0.0, 0.0, 0.0, 0.0, 0.0, 0.0, 0.0, 0.0, 0.968287357819309, 0.0, 0.0, 0.0, 0.0, 0.0, 0.0, 0.0], [0.0, 0.0, 0.0, 0.0, 0.0, 0.0, 0.0, 0.0, 0.0, 0.0, 0.0, 1.3725509983435162, 0.0, 1.0090761995816817, 0.0, 0.0, 0.0, 0.0, 0.0, 0.0, 1.3851518555798885, 0.0, 0.0, 0.0, 0.0, 0.0, 0.0, 0.0, 0.0, 0.0, 0.0, 0.0, 0.0, 0.0, 0.0, 0.0, 0.0, 0.0, 0.0, 0.0, 0.0], [0.0, 0.0, 0.0, 0.0, 0.0, 0.0, 0.0, 0.0, 0.0, 0.0, 0.0, 0.0, 1.0090761995816817, 0.0, 1.011076846018468, 0.0, 0.0, 0.0, 0.0, 0.0, 0.0, 0.0, 0.0, 0.0, 0.0, 0.0, 0.0, 0.0, 0.0, 0.0, 0.0, 0.0, 0.0, 0.0, 0.0, 0.0, 0.0, 0.0, 0.0, 0.0, 0.0], [0.0, 0.0, 0.0, 0.0, 0.0, 0.0, 0.0, 0.0, 0.0, 0.0, 0.0, 0.0, 0.0, 1.011076846018468, 0.0, 1.381732034654848, 0.0, 0.0, 0.0, 1.3814965030635775, 0.0, 0.0, 0.0, 0.0, 0.0, 0.0, 0.0, 0.0, 0.0, 0.0, 0.0, 0.0, 0.0, 0.0, 0.0, 0.0, 0.0, 0.0, 0.0, 0.0, 0.0], [0.0, 0.0, 0.0, 0.0, 0.0, 0.0, 0.0, 0.0, 0.0, 0.0, 0.0, 0.0, 0.0, 0.0, 1.381732034654848, 0.0, 1.44627891185961, 0.0, 0.1100348890872056, 0.0, 0.0, 0.0, 0.0, 0.0, 0.0, 0.0, 0.0, 0.0, 0.0, 0.0, 0.0, 0.0, 0.0, 0.0, 0.9686373674721759, 0.0, 0.0, 0.0, 0.0, 0.0, 0.0], [0.0, 0.0, 0.0, 0.0, 0.0, 0.0, 0.0, 0.0, 0.0, 0.0, 0.0, 0.0, 0.0, 0.0, 0.0, 1.44627891185961, 0.0, 1.436212024802061, 0.0, 0.1099122272012615, 0.0, 0.0, 0.0, 0.0, 0.0, 0.0, 0.0, 0.0, 0.0, 0.0, 0.0, 0.0, 0.0, 0.0, 0.0, 0.971012847110354, 0.0, 0.0, 0.0, 0.0, 0.0], [0.0, 0.0, 0.0, 0.0, 0.0, 0.0, 0.0, 0.0, 0.0, 0.0, 0.0, 0.0, 0.0, 0.0, 0.0, 0.0, 1.436212024802061, 0.0, 1.4361735909829498, 0.0, 0.0, 0.0, 0.0, 0.0, 0.0, 0.0, 0.0, 0.0, 0.0, 0.0, 0.0, 0.0, 0.0, 0.0, 0.0, 0.0, 0.9713253227609829, 0.0, 0.0, 0.0, 0.0], [0.0, 0.0, 0.0, 0.0, 0.0, 0.0, 0.0, 0.0, 0.0, 0.0, 0.0, 0.0, 0.0, 0.0, 0.0, 0.1100348890872056, 0.0, 1.4361735909829498, 0.0, 1.4457834974878656, 0.0, 0.0, 0.0, 0.0, 0.0, 0.0, 0.0, 0.0, 0.0, 0.0, 0.0, 0.0, 0.0, 0.0, 0.0, 0.0, 0.0, 0.9710177518887618, 0.0, 0.0, 0.0], [0.0, 0.0, 0.0, 0.0, 0.0, 0.0, 0.0, 0.0, 0.0, 0.0, 0.0, 0.0, 0.0, 0.0, 1.3814965030635775, 0.0, 0.1099122272012615, 0.0, 1.4457834974878656, 0.0, 0.0, 0.0, 0.0, 0.0, 0.0, 0.0, 0.0, 0.0, 0.0, 0.0, 0.0, 0.0, 0.0, 0.0, 0.0, 0.0, 0.0, 0.0, 0.9689454162665826, 0.0, 0.0], [0.0, 0.0, 0.0, 0.0, 0.0, 0.0, 0.0, 0.0, 0.0, 0.0, 0.11141863542330517, 0.0, 1.3851518555798885, 0.0, 0.0, 0.0, 0.0, 0.0, 0.0, 0.0, 0.0, 1.4384593266059484, 0.0, 0.0, 0.0, 0.0, 0.0, 0.0, 0.0, 0.0, 0.0, 0.0, 0.0, 0.0, 0.0, 0.0, 0.0, 0.0, 0.0, 0.9684777031139026, 0.0], [0.0, 0.0, 0.0, 0.0, 0.0, 0.0, 0.0, 0.0, 0.0, 1.3745481639621977, 0.0, 0.10385637748447825, 0.0, 0.0, 0.0, 0.0, 0.0, 0.0, 0.0, 0.0, 1.4384593266059484, 0.0, 0.0, 0.0, 0.0, 0.0, 0.0, 0.0, 0.0, 0.0, 0.0, 0.0, 0.0, 0.0, 0.0, 0.0, 0.0, 0.0, 0.0, 0.0, 0.9662300840334039], [0.9858401321977688, 0.0, 0.0, 0.0, 0.0, 0.0, 0.0, 0.0, 0.0, 0.0, 0.0, 0.0, 0.0, 0.0, 0.0, 0.0, 0.0, 0.0, 0.0, 0.0, 0.0, 0.0, 0.0, 0.0, 0.0, 0.0, 0.0, 0.0, 0.0, 0.0, 0.0, 0.0, 0.0, 0.0, 0.0, 0.0, 0.0, 0.0, 0.0, 0.0, 0.0], [0.9839103306877272, 0.0, 0.0, 0.0, 0.0, 0.0, 0.0, 0.0, 0.0, 0.0, 0.0, 0.0, 0.0, 0.0, 0.0, 0.0, 0.0, 0.0, 0.0, 0.0, 0.0, 0.0, 0.0, 0.0, 0.0, 0.0, 0.0, 0.0, 0.0, 0.0, 0.0, 0.0, 0.0, 0.0, 0.0, 0.0, 0.0, 0.0, 0.0, 0.0, 0.0], [0.9846899944353867, 0.0, 0.0, 0.0, 0.0, 0.0, 0.0, 0.0, 0.0, 0.0, 0.0, 0.0, 0.0, 0.0, 0.0, 0.0, 0.0, 0.0, 0.0, 0.0, 0.0, 0.0, 0.0, 0.0, 0.0, 0.0, 0.0, 0.0, 0.0, 0.0, 0.0, 0.0, 0.0, 0.0, 0.0, 0.0, 0.0, 0.0, 0.0, 0.0, 0.0], [0.0, 0.969439243725175, 0.0, 0.0, 0.0, 0.0, 0.0, 0.0, 0.0, 0.0, 0.0, 0.0, 0.0, 0.0, 0.0, 0.0, 0.0, 0.0, 0.0, 0.0, 0.0, 0.0, 0.0, 0.0, 0.0, 0.0, 0.0, 0.0, 0.0, 0.0, 0.0, 0.0, 0.0, 0.0, 0.0, 0.0, 0.0, 0.0, 0.0, 0.0, 0.0], [0.0, 0.9722527268271499, 0.0, 0.0, 0.0, 0.0, 0.0, 0.0, 0.0, 0.0, 0.0, 0.0, 0.0, 0.0, 0.0, 0.0, 0.0, 0.0, 0.0, 0.0, 0.0, 0.0, 0.0, 0.0, 0.0, 0.0, 0.0, 0.0, 0.0, 0.0, 0.0, 0.0, 0.0, 0.0, 0.0, 0.0, 0.0, 0.0, 0.0, 0.0, 0.0], [0.0, 0.0, 0.0, 0.0, 0.0, 0.9351527197285219, 0.0, 0.0, 0.0, 0.0, 0.0, 0.0, 0.0, 0.0, 0.0, 0.0, 0.0, 0.0, 0.0, 0.0, 0.0, 0.0, 0.0, 0.0, 0.0, 0.0, 0.0, 0.0, 0.0, 0.0, 0.0, 0.0, 0.0, 0.0, 0.0, 0.0, 0.0, 0.0, 0.0, 0.0, 0.0], [0.0, 0.0, 0.0, 0.0, 0.0, 0.0, 0.9657673400985762, 0.0, 0.0, 0.0, 0.0, 0.0, 0.0, 0.0, 0.0, 0.0, 0.0, 0.0, 0.0, 0.0, 0.0, 0.0, 0.0, 0.0, 0.0, 0.0, 0.0, 0.0, 0.0, 0.0, 0.0, 0.0, 0.0, 0.0, 0.0, 0.0, 0.0, 0.0, 0.0, 0.0, 0.0], [0.0, 0.0, 0.0, 0.0, 0.0, 0.0, 0.9709589523557633, 0.0, 0.0, 0.0, 0.0, 0.0, 0.0, 0.0, 0.0, 0.0, 0.0, 0.0, 0.0, 0.0, 0.0, 0.0, 0.0, 0.0, 0.0, 0.0, 0.0, 0.0, 0.0, 0.0, 0.0, 0.0, 0.0, 0.0, 0.0, 0.0, 0.0, 0.0, 0.0, 0.0, 0.0], [0.0, 0.0, 0.0, 0.0, 0.0, 0.0, 0.0, 0.9670091870224858, 0.0, 0.0, 0.0, 0.0, 0.0, 0.0, 0.0, 0.0, 0.0, 0.0, 0.0, 0.0, 0.0, 0.0, 0.0, 0.0, 0.0, 0.0, 0.0, 0.0, 0.0, 0.0, 0.0, 0.0, 0.0, 0.0, 0.0, 0.0, 0.0, 0.0, 0.0, 0.0, 0.0], [0.0, 0.0, 0.0, 0.0, 0.0, 0.0, 0.0, 0.9667220217936638, 0.0, 0.0, 0.0, 0.0, 0.0, 0.0, 0.0, 0.0, 0.0, 0.0, 0.0, 0.0, 0.0, 0.0, 0.0, 0.0, 0.0, 0.0, 0.0, 0.0, 0.0, 0.0, 0.0, 0.0, 0.0, 0.0, 0.0, 0.0, 0.0, 0.0, 0.0, 0.0, 0.0], [0.0, 0.0, 0.0, 0.0, 0.0, 0.0, 0.0, 0.0, 0.0, 0.0, 0.9681476782461006, 0.0, 0.0, 0.0, 0.0, 0.0, 0.0, 0.0, 0.0, 0.0, 0.0, 0.0, 0.0, 0.0, 0.0, 0.0, 0.0, 0.0, 0.0, 0.0, 0.0, 0.0, 0.0, 0.0, 0.0, 0.0, 0.0, 0.0, 0.0, 0.0, 0.0], [0.0, 0.0, 0.0, 0.0, 0.0, 0.0, 0.0, 0.0, 0.0, 0.0, 0.0, 0.968287357819309, 0.0, 0.0, 0.0, 0.0, 0.0, 0.0, 0.0, 0.0, 0.0, 0.0, 0.0, 0.0, 0.0, 0.0, 0.0, 0.0, 0.0, 0.0, 0.0, 0.0, 0.0, 0.0, 0.0, 0.0, 0.0, 0.0, 0.0, 0.0, 0.0], [0.0, 0.0, 0.0, 0.0, 0.0, 0.0, 0.0, 0.0, 0.0, 0.0, 0.0, 0.0, 0.0, 0.0, 0.0, 0.9686373674721759, 0.0, 0.0, 0.0, 0.0, 0.0, 0.0, 0.0, 0.0, 0.0, 0.0, 0.0, 0.0, 0.0, 0.0, 0.0, 0.0, 0.0, 0.0, 0.0, 0.0, 0.0, 0.0, 0.0, 0.0, 0.0], [0.0, 0.0, 0.0, 0.0, 0.0, 0.0, 0.0, 0.0, 0.0, 0.0, 0.0, 0.0, 0.0, 0.0, 0.0, 0.0, 0.971012847110354, 0.0, 0.0, 0.0, 0.0, 0.0, 0.0, 0.0, 0.0, 0.0, 0.0, 0.0, 0.0, 0.0, 0.0, 0.0, 0.0, 0.0, 0.0, 0.0, 0.0, 0.0, 0.0, 0.0, 0.0], [0.0, 0.0, 0.0, 0.0, 0.0, 0.0, 0.0, 0.0, 0.0, 0.0, 0.0, 0.0, 0.0, 0.0, 0.0, 0.0, 0.0, 0.9713253227609829, 0.0, 0.0, 0.0, 0.0, 0.0, 0.0, 0.0, 0.0, 0.0, 0.0, 0.0, 0.0, 0.0, 0.0, 0.0, 0.0, 0.0, 0.0, 0.0, 0.0, 0.0, 0.0, 0.0], [0.0, 0.0, 0.0, 0.0, 0.0, 0.0, 0.0, 0.0, 0.0, 0.0, 0.0, 0.0, 0.0, 0.0, 0.0, 0.0, 0.0, 0.0, 0.9710177518887618, 0.0, 0.0, 0.0, 0.0, 0.0, 0.0, 0.0, 0.0, 0.0, 0.0, 0.0, 0.0, 0.0, 0.0, 0.0, 0.0, 0.0, 0.0, 0.0, 0.0, 0.0, 0.0], [0.0, 0.0, 0.0, 0.0, 0.0, 0.0, 0.0, 0.0, 0.0, 0.0, 0.0, 0.0, 0.0, 0.0, 0.0, 0.0, 0.0, 0.0, 0.0, 0.9689454162665826, 0.0, 0.0, 0.0, 0.0, 0.0, 0.0, 0.0, 0.0, 0.0, 0.0, 0.0, 0.0, 0.0, 0.0, 0.0, 0.0, 0.0, 0.0, 0.0, 0.0, 0.0], [0.0, 0.0, 0.0, 0.0, 0.0, 0.0, 0.0, 0.0, 0.0, 0.0, 0.0, 0.0, 0.0, 0.0, 0.0, 0.0, 0.0, 0.0, 0.0, 0.0, 0.9684777031139026, 0.0, 0.0, 0.0, 0.0, 0.0, 0.0, 0.0, 0.0, 0.0, 0.0, 0.0, 0.0, 0.0, 0.0, 0.0, 0.0, 0.0, 0.0, 0.0, 0.0], [0.0, 0.0, 0.0, 0.0, 0.0, 0.0, 0.0, 0.0, 0.0, 0.0, 0.0, 0.0, 0.0, 0.0, 0.0, 0.0, 0.0, 0.0, 0.0, 0.0, 0.0, 0.9662300840334039, 0.0, 0.0, 0.0, 0.0, 0.0, 0.0, 0.0, 0.0, 0.0, 0.0, 0.0, 0.0, 0.0, 0.0, 0.0, 0.0, 0.0, 0.0, 0.0]], "Born radii": [], "Atomic SASAs": [], "Solvent H bonds": [], "Total SASA": NaN, "Total FOD": 0.0, "FOD": [0.0, 0.0, 0.0, 0.0, 0.0, 0.0, 0.0, 0.0, 0.0, 0.0, 0.0, 0.0, 0.0, 0.0, 0.0, 0.0, 0.0, 0.0, 0.0, 0.0, 0.0, 0.0, 0.0, 0.0, 0.0, 0.0, 0.0, 0.0, 0.0, 0.0, 0.0, 0.0, 0.0, 0.0, 0.0, 0.0, 0.0, 0.0, 0.0, 0.0, 0.0], "FOD s proportion": [0.0, 0.0, 0.0, 0.0, 0.0, 0.0, 0.0, 0.0, 0.0, 0.0, 0.0, 0.0, 0.0, 0.0, 0.0, 0.0, 0.0, 0.0, 0.0, 0.0, 0.0, 0.0, 0.0, 0.0, 0.0, 0.0, 0.0, 0.0, 0.0, 0.0, 0.0, 0.0, 0.0, 0.0, 0.0, 0.0, 0.0, 0.0, 0.0, 0.0, 0.0], "FOD p proportion": [0.0, 0.0, 0.0, 0.0, 0.0, 0.0, 0.0, 0.0, 0.0, 0.0, 0.0, 0.0, 0.0, 0.0, 0.0, 0.0, 0.0, 0.0, 0.0, 0.0, 0.0, 0.0, 0.0, 0.0, 0.0, 0.0, 0.0, 0.0, 0.0, 0.0, 0.0, 0.0, 0.0, 0.0, 0.0, 0.0, 0.0, 0.0, 0.0, 0.0, 0.0], "FOD d proportion": [0.0, 0.0, 0.0, 0.0, 0.0, 0.0, 0.0, 0.0, 0.0, 0.0, 0.0, 0.0, 0.0, 0.0, 0.0, 0.0, 0.0, 0.0, 0.0, 0.0, 0.0, 0.0, 0.0, 0.0, 0.0, 0.0, 0.0, 0.0, 0.0, 0.0, 0.0, 0.0, 0.0, 0.0, 0.0, 0.0, 0.0, 0.0, 0.0, 0.0, 0.0], "coordinates": [["5.75120", "1.79200", "0.62620"], ["6.32190", "1.19240", "-0.64550"], ["5.26140", "0.73230", "-1.49490"], ["4.82420", "-0.52730", "-1.25880"], ["5.24510", "-1.28070", "-0.39430"], ["3.81580", "-0.81770", "-2.12560"], ["3.00570", "-2.01110", "-1.98850"], ["1.95150", "-1.87690", "-0.88620"], ["0.99060", "-0.90050", "-1.30280"], ["-0.03940", "-0.63570", "-0.44320"], ["-0.95230", "0.31760", "-0.90470"], ["-2.05430", "0.68440", "-0.12900"], ["-2.25480", "0.08130", "1.11260"], ["-3.29560", "0.41640", "1.94790"], ["-4.55020", "0.50950", "1.38990"], ["-5.31790", "1.62160", "1.73680"], ["-6.61130", "1.75820", "1.23210"], ["-7.14020", "0.77550", "0.39450"], ["-6.38010", "-0.34810", "0.06670"], ["-5.08610", "-0.48730", "0.57040"], ["-1.33670", "-0.85320", "1.58990"], ["-0.23370", "-1.21800", "0.81050"], ["5.04340", "2.59310", "0.38940"], ["6.54820", "2.19930", "1.25460"], ["5.20100", "1.04130", "1.20240"], ["7.03520", "0.38960", "-0.42590"], ["6.86650", "1.96200", "-1.20230"], ["3.45490", "-0.03130", "-2.64820"], ["3.66610", "-2.85630", "-1.76740"], ["2.52740", "-2.17770", "-2.95910"], ["1.45580", "-2.84620", "-0.75640"], ["2.42500", "-1.56740", "0.05280"], ["-0.80090", "0.78410", "-1.87500"], ["-2.74140", "1.44070", "-0.49770"], ["-4.90680", "2.38160", "2.39530"], ["-7.20780", "2.62780", "1.49520"], ["-8.14900", "0.88120", "0.00320"], ["-6.79790", "-1.11870", "-0.57590"], ["-4.50710", "-1.37330", "0.32590"], ["-1.48070", "-1.30170", "2.56940"], ["0.45360", "-1.95280", "1.21590"]], "bond_dist": [[0.0, 1.5173791681712256, 2.4211429821470682, 3.1291702558346035, 3.277047871179181, 4.257782344131743, 5.37010204279211, 5.494169733453818, 5.79947494261334, 6.369332147878614, 7.032383836225096, 7.919781250135638, 8.201165493391777, 9.245742614306327, 10.408981021214325, 11.125980555888095, 12.377385164080497, 12.933489517527745, 12.331322230401733, 11.074538068018908, 7.62654096822406, 6.701723248538393, 1.0949046944825838, 1.0936127513887168, 1.0946583805005103, 2.173084482941241, 2.1485358596029998, 4.3953511736833955, 5.628823665740471, 6.245460801253979, 6.471085160929348, 4.762138423019642, 7.0853283805339595, 8.573844975272179, 10.819903279142563, 13.014968445601395, 13.943932217276442, 12.93820426914029, 10.73974036324901, 8.102307297307354, 6.514279614047895], [1.5173791681712256, 0.0, 1.4345147681359018, 2.3614847596374617, 2.7090262623311716, 3.537193128739227, 4.802420607360418, 5.345926967327556, 5.764983381589231, 6.621858696015794, 7.331196718135451, 8.407470647584804, 8.825261566095364, 9.991206424151189, 11.082046921936398, 11.888839723454936, 13.08102341714898, 13.508646935204132, 12.814880923754227, 11.59492427314642, 8.23623982652278, 7.134833951816959, 2.1604492009765006, 2.1622764184997254, 2.166560045325308, 1.0961336095567908, 1.0949427199630126, 3.705123207128206, 4.970302298653474, 5.577503852082937, 6.324675326054295, 4.825966073233421, 7.239658761295314, 9.067905194696293, 11.693774624559856, 13.773008086108131, 14.488775101436286, 13.32198106176405, 11.171108962408344, 8.79981156502797, 6.913323216080672], [2.4211429821470682, 1.4345147681359018, 0.0, 1.3540602682303322, 2.2942874819865096, 2.2113439013414444, 3.5858146926465677, 4.258389171975713, 4.576316301349809, 5.574583170964444, 6.255428028520511, 7.442274095328658, 7.982237762056452, 9.229025606747443, 10.229330644768503, 11.097582073136472, 12.224974646190478, 12.544775054180924, 11.795354211298617, 10.62184750879055, 7.454174997945782, 6.270140609268663, 2.6571953503647414, 3.371601027701824, 2.7156134573977937, 2.099183348352401, 2.043067022884957, 2.275220450857455, 3.9366595356977467, 4.2528505311143965, 5.275759268579263, 3.966000547150744, 6.0744251201245385, 8.095742476141394, 11.011182396545795, 12.962043315002461, 13.494639786967268, 12.235092091602745, 10.157384321270904, 8.130904187112279, 6.137844857113937], [3.1291702558346035, 2.3614847596374617, 1.3540602682303322, 0.0, 1.221527167115001, 1.3610822752501044, 2.4578581692196972, 3.1957246768143217, 3.8519739355296787, 4.932702999370629, 5.848691740038964, 7.07519803115079, 7.490405390898413, 8.78092515740796, 9.796424923919952, 10.791366131310715, 11.92471187534525, 12.148150315583027, 11.283855785147203, 10.077778462042117, 6.795439007893456, 5.508304765533585, 3.53574716856282, 4.0894624487822355, 2.9427860336762506, 2.53435376772857, 3.220372032855831, 2.0128166458969883, 2.650303863710726, 3.3000197711528947, 4.120172512164994, 2.9254509413080236, 5.808719515521472, 7.854336418183269, 10.793818000133225, 12.740023391265812, 13.110317863804827, 11.657157234077268, 9.502639095535514, 7.416641733965583, 5.220951512894944], [3.277047871179181, 2.7090262623311716, 2.2942874819865096, 1.221527167115001, 0.0, 2.292306083401604, 2.8442697059174957, 3.383078629000514, 4.367000634302679, 5.323941815985595, 6.420501367494598, 7.563943578583859, 7.770089550320511, 9.017183914060974, 10.116130078740586, 11.159834295364783, 12.34723900837754, 12.579579483035195, 11.67165535817435, 10.406431813546849, 6.887662675392864, 5.6100555941986885, 3.957422774988793, 4.065383231627739, 2.8183469800576364, 2.4485421499333024, 3.714418561497883, 3.1378147826154428, 2.619381600683642, 3.843006808476925, 4.115908301942598, 2.869679304382286, 6.558200022109724, 8.438062086166468, 11.146989865430038, 13.187922539581434, 13.573272732469496, 12.045458545028493, 9.779195654040265, 7.34985335431939, 5.099307276483739], [4.257782344131743, 3.537193128739227, 2.2113439013414444, 1.3610822752501044, 2.292306083401604, 0.0, 1.4488830111503137, 2.476616944543504, 2.943740939688817, 4.210244743479885, 5.05116625246091, 6.379717076798939, 6.938755263013676, 8.28784742982157, 9.171158928401578, 10.212384341572735, 11.253169531736381, 11.35443200913194, 10.439496168877117, 9.307062037506787, 6.352515781168906, 5.017905295040949, 4.412004465092935, 5.290940445705281, 4.055890042888244, 3.8355038443469196, 4.2291826006924795, 1.0108335817531984, 2.0752366828870388, 2.0504381995076075, 3.399870716659679, 2.691059510676046, 4.89310560789362, 7.1237139758696095, 10.332367011483864, 12.103777090230967, 12.27087974393034, 10.730461256628255, 8.69420542775474, 7.094377580168679, 4.87426539080506], [5.37010204279211, 4.802420607360418, 3.5858146926465677, 2.4578581692196972, 2.8442697059174957, 1.4488830111503137, 0.0, 1.5311474684040072, 2.4008841829626015, 3.6813463922863874, 4.718392748595648, 6.027193418167364, 6.455061519458974, 7.816289586498186, 8.65208851838676, 9.81614416866419, 10.819730858482572, 10.788100637739714, 9.751033672385711, 8.622480089278257, 5.7447468812820635, 4.353977603295634, 5.568239159734431, 6.387055034990696, 4.9313619477787265, 4.943880004611762, 5.595481274206893, 2.134617710504623, 1.0951604494319545, 1.094801721774313, 2.148872362426396, 2.168176162123364, 4.724005593773149, 6.8677919515663834, 10.055902345388999, 11.746111746020468, 11.694426034226732, 9.94496804821413, 7.887040004970179, 6.434709451871156, 4.096924780856979], [5.494169733453818, 5.345926967327556, 4.258389171975713, 3.1957246768143217, 3.383078629000514, 2.476616944543504, 1.5311474684040072, 0.0, 1.4318663799391338, 2.3875739255570707, 3.639811387970536, 4.814565730156771, 5.052000432501961, 6.389319690702602, 7.290242729841031, 8.483148449131372, 9.54058125797375, 9.556904684049119, 8.524130830178523, 7.319869225607791, 4.241614331831691, 2.8439478089444608, 5.582821953994235, 6.5060035328917545, 4.841217971750496, 5.585060790179458, 6.244541409903533, 2.9616034373291775, 2.162311485424799, 2.1723387995430175, 1.0964073239448924, 1.096226938183878, 3.954029868374795, 5.7602701690111715, 8.714318297491777, 10.481229152155771, 10.508008765698664, 8.787670549696319, 6.590623136699595, 4.904286211060688, 2.5823031638442453], [5.79947494261334, 5.764983381589231, 4.576316301349809, 3.8519739355296787, 4.367000634302679, 2.943740939688817, 2.4008841829626015, 1.4318663799391338, 0.0, 1.3674542771149607, 2.3274689321234776, 3.627827236790639, 4.163016882021979, 5.538301774009792, 6.319746666599857, 7.442938184614997, 8.442943047895088, 8.473471067396172, 7.517173305172629, 6.372275525273526, 3.712987458906911, 2.462875073973505, 5.611948827279166, 6.858277667169797, 5.270112184764192, 6.242635723794877, 6.536834655244081, 2.93911284063746, 3.346536575326796, 2.5954428851354057, 2.0738159248110715, 2.0832451440001, 2.524829152635877, 4.4785296080298505, 7.6959372905449275, 9.353687371833635, 9.402785706906224, 7.825389900829223, 5.753338927961745, 4.611097263125123, 2.782005388204703], [6.369332147878614, 6.621858696015794, 5.574583170964444, 4.932702999370629, 5.323941815985595, 4.210244743479885, 3.6813463922863874, 2.3875739255570707, 1.3674542771149607, 0.0, 1.3982666233590788, 2.429240140455447, 2.800464211519226, 4.174579267423245, 5.001905166034239, 6.140876610061466, 7.1921663572250605, 7.287975533026987, 6.3676674112268135, 5.149620219977392, 2.421526202625113, 1.395918862255253, 6.078916683094118, 7.36995411111901, 5.7430062267074025, 7.148531635238106, 7.417259123827345, 4.175818105473465, 4.518329364931247, 3.911007421368566, 2.6870108913065462, 2.6809230220205875, 2.1554037974356453, 3.4081096241171585, 6.3916167203611325, 8.111336842346025, 8.26231630537103, 6.777036265212103, 4.5930286151949895, 3.405386975073464, 2.1749515442878264], [7.032383836225096, 7.331196718135451, 6.255428028520511, 5.848691740038964, 6.420501367494598, 5.05116625246091, 4.718392748595648, 3.639811387970536, 2.3274689321234776, 1.3982666233590788, 0.0, 1.396659131642363, 2.412849607828884, 3.6929856606816114, 4.271638933711509, 5.266536016206477, 6.218160789172309, 6.339376898402556, 5.554078437508783, 4.4622960973023735, 2.7823668270017885, 2.4117139880176506, 6.542248355878887, 8.028752806631925, 6.544212174891642, 8.002161563602675, 7.9953893313584175, 4.752361023743882, 5.669877517195588, 4.749251892666886, 3.9787647505224535, 3.984493260127315, 1.087210329237172, 2.151251128994474, 5.548708520908266, 7.0871591134953364, 7.275604322666261, 6.0284414644251125, 4.12433294121607, 3.869200157655326, 3.4100169105152545], [7.919781250135638, 8.407470647584804, 7.442274095328658, 7.07519803115079, 7.563943578583859, 6.379717076798939, 6.027193418167364, 4.814565730156771, 3.627827236790639, 2.429240140455447, 1.396659131642363, 0.0, 1.3948119658219167, 2.4343712329880995, 2.9269718191332146, 3.8743565194752017, 4.8756423833173, 5.113582919050009, 4.451617726175507, 3.3247334464585276, 2.41532207583171, 2.7957772389802447, 7.368121846169483, 8.843770531848957, 7.385078311026905, 9.09912451283089, 9.075511406526907, 6.099990145074007, 6.924152454271931, 6.098611096799008, 5.017924783214671, 5.016750239946174, 2.1516197735659524, 1.086294522677897, 4.170052107588106, 5.742246202489056, 6.099309401071567, 5.094372402956031, 3.2337735140235164, 3.3992606151926625, 3.879837916717656], [8.201165493391777, 8.825261566095364, 7.982237762056452, 7.490405390898413, 7.770089550320511, 6.938755263013676, 6.455061519458974, 5.052000432501961, 4.163016882021979, 2.800464211519226, 2.412849607828884, 1.3948119658219167, 0.0, 1.3759661115012969, 2.351406321757259, 3.484929172881423, 4.669621623857762, 4.9864530891205625, 4.277428112779921, 2.938289721930089, 1.3942787203425289, 2.421629639313163, 7.752153295697912, 9.055324234945978, 7.517886516834369, 9.421577953824933, 9.596557100856536, 6.837906806179798, 7.209781589618371, 6.674672930563713, 5.082516070805876, 5.0736491571648905, 3.396101707840918, 2.1628254691490945, 3.7376200154643864, 5.582405754690355, 6.050801765881939, 4.993074189314636, 2.794210682822611, 2.1527159705822783, 3.388755562149622], [9.245742614306327, 9.991206424151189, 9.229025606747443, 8.78092515740796, 9.017183914060974, 8.28784742982157, 7.816289586498186, 6.389319690702602, 5.538301774009792, 4.174579267423245, 3.6929856606816114, 2.4343712329880995, 1.3759661115012969, 0.0, 1.376245897359916, 2.363634392201975, 3.647829953547725, 4.162085238194912, 3.692900477944132, 2.433119436032683, 2.3616387043745704, 3.6524202564874706, 8.758188519322932, 10.02795072484902, 8.552103941136355, 10.60005062818098, 10.750856515180548, 8.178864270178348, 8.542791479955484, 8.044584066935967, 6.3666002866522104, 6.344456699355745, 4.579661099906848, 2.7087427877153636, 2.58033781509321, 4.5166952620251015, 5.249132184466304, 4.581724974286431, 2.70215512878147, 2.575265397973576, 4.495045414676031], [10.408981021214325, 11.082046921936398, 10.229330644768503, 9.796424923919952, 10.116130078740586, 9.171158928401578, 8.65208851838676, 7.290242729841031, 6.319746666599857, 5.001905166034239, 4.271638933711509, 2.9269718191332146, 2.351406321757259, 1.376245897359916, 0.0, 1.395159241807185, 2.415012575536616, 2.7874140632493045, 2.4155475590432904, 1.3972756707250003, 3.4962170327369555, 4.685310326968749, 9.86810772995512, 11.227119518825832, 9.767490411052371, 11.727446389133485, 11.797046070097378, 8.98222368124954, 9.42362661717876, 8.730822790550729, 7.2068968481587135, 7.3996462793839, 4.979179416329562, 2.77523415948997, 2.1547044182439503, 3.400164810711386, 3.8745914907251824, 3.4011116079893644, 2.163074074089928, 3.754130517177047, 5.579535081886304], [11.125980555888095, 11.888839723454936, 11.097582073136472, 10.791366131310715, 11.159834295364783, 10.212384341572735, 9.81614416866419, 8.483148449131372, 7.442938184614997, 6.140876610061466, 5.266536016206477, 3.8743565194752017, 3.484929172881423, 2.363634392201975, 1.395159241807185, 0.0, 1.395086094117492, 2.416284707976277, 2.7923504328790822, 2.4210905414709294, 4.690007259056216, 5.896647309276688, 10.493609326633043, 11.889936221023222, 10.54844010553219, 12.601356073851733, 12.53849210750639, 9.94597020154394, 10.632180493671088, 9.9012569601036, 8.488833534119985, 8.541550058976414, 5.843782549855871, 3.4152697272689894, 1.0863818205400901, 2.1546533387067166, 3.401277455603996, 3.879204219939961, 3.408439739822313, 4.895202701625338, 6.808662454550086], [12.377385164080497, 13.08102341714898, 12.224974646190478, 11.92471187534525, 12.34723900837754, 11.253169531736381, 10.819730858482572, 9.54058125797375, 8.442943047895088, 7.1921663572250605, 6.218160789172309, 4.8756423833173, 4.669621623857762, 3.647829953547725, 2.415012575536616, 1.395086094117492, 0.0, 1.395352378433491, 2.418286643473019, 2.793984999959735, 5.896510490111926, 7.050481881403568, 11.714914997130794, 13.16690987703645, 11.834071953051495, 13.814810610717759, 13.69740598215589, 10.935603356925489, 11.658282946472006, 10.796911777911312, 9.499091220743171, 9.700777367819551, 6.660607283123664, 4.250781139978863, 2.155685981306183, 1.0868477446266336, 2.1549583522657687, 3.402974753065324, 3.8800964330799816, 6.12163504792633, 7.980262868477453], [12.933489517527745, 13.508646935204132, 12.544775054180924, 12.148150315583027, 12.579579483035195, 11.35443200913194, 10.788100637739714, 9.556904684049119, 8.473471067396172, 7.287975533026987, 6.339376898402556, 5.113582919050009, 4.9864530891205625, 4.162085238194912, 2.7874140632493045, 2.416284707976277, 1.395352378433491, 0.0, 1.3955937123676077, 2.41762930574561, 6.145100251419825, 7.200475019052563, 12.318433533936041, 13.789099789688954, 12.370471676132645, 14.204363418682302, 14.147268194955519, 11.052831923991246, 11.603443563873615, 10.65037618866113, 9.398536997852379, 9.853881993407471, 6.733307411666275, 4.537394992724349, 3.4015927754509363, 2.155719262798382, 1.0871824225952138, 2.1556528222327453, 3.399303312445066, 6.4089695037501935, 8.110740859502293], [12.331322230401733, 12.814880923754227, 11.795354211298617, 11.283855785147203, 11.67165535817435, 10.439496168877117, 9.751033672385711, 8.524130830178523, 7.517173305172629, 6.3676674112268135, 5.554078437508783, 4.451617726175507, 4.277428112779921, 3.692900477944132, 2.4155475590432904, 2.7923504328790822, 2.418286643473019, 1.3955937123676077, 0.0, 1.395538007364901, 5.29255588633696, 6.252055454808443, 11.800472235465833, 13.230317232024332, 11.719305613388533, 13.444594829893534, 13.506270194617018, 10.207755348263396, 10.515756011338414, 9.583655776894325, 8.2655505581903, 8.889132224801248, 6.014943754516746, 4.093713532967347, 3.8786921687599807, 3.403186793286552, 2.1550447675164426, 1.0868836000234803, 2.1508948556356717, 5.583635071349129, 7.11302877964092], [11.074538068018908, 11.59492427314642, 10.62184750879055, 10.077778462042117, 10.406431813546849, 9.307062037506787, 8.622480089278257, 7.319869225607791, 6.372275525273526, 5.149620219977392, 4.4622960973023735, 3.3247334464585276, 2.938289721930089, 2.433119436032683, 1.3972756707250003, 2.4210905414709294, 2.793984999959735, 2.41762930574561, 1.395538007364901, 0.0, 3.9027251273949592, 4.912978349229721, 10.589069619659698, 11.960053749461162, 10.419235498346314, 12.193747618759378, 12.329078738494616, 9.13870904231008, 9.363678480170067, 8.560385777521946, 7.079637212456582, 7.60599427951402, 5.095034657389486, 3.2180179769541377, 3.4048488527392813, 3.8808135667666384, 3.4023322148197104, 2.1547456671264014, 1.086285989047083, 4.2021610535532785, 5.766509914150847], [7.62654096822406, 8.23623982652278, 7.454174997945782, 6.795439007893456, 6.887662675392864, 6.352515781168906, 5.7447468812820635, 4.241614331831691, 3.7129874