{"total energy": -81.64999201, "HOMO-LUMO gap/eV": 8.97416934, "electronic energy": -82.20106371, "dipole": [1.1883114, 0.68837037, 0.8154719], "partial charges": [-0.45741899, 0.06870679, 0.09746574, -0.32828231, 0.24012133, -0.3349705, 0.25227429, 0.05742203, -0.43878394, -0.34783749, 0.09252911, 0.06464304, -0.47164547, 0.09816662, -0.44836782, 0.09991426, -0.45372531, 0.08601437, -0.46489775, 0.09802967, -0.45115251, 0.09002854, -0.44407758, 0.32180735, 0.06196472, 0.06405403, 0.03986097, 0.02819603, 0.0651923, 0.06503005, 0.31069774, 0.05634261, 0.04957377, 0.05362841, 0.33347286, 0.05305634, 0.30884717, 0.04852576, 0.3299633, 0.06430405, 0.32476653, 0.03373014, 0.31881574, 0.04385591, 0.32015811], "atomic dipole moments": [[-0.12158258, 0.21382363, 0.01450826], [0.13008716, -0.0547133, 0.14041073], [0.08628313, 0.18555582, 0.01903908], [-0.18450575, -0.06916631, 0.1806718], [0.11694835, 0.0988398, -0.15056358], [0.00767198, -0.23461198, 0.10720796], [-0.06803204, -0.0864756, -0.15749213], [-0.05213781, 0.2002826, -0.07002986], [0.19812504, -0.11855187, -0.04374467], [0.09214166, 0.23211827, -0.05029477], [-0.20964654, 0.0297913, 0.05216086], [-0.13999803, 0.13783459, -0.00740482], [0.09021984, -0.05934813, 0.2157154], [0.16637635, 0.01004471, 0.0735085], [-0.18077462, -0.11011325, -0.09871823], [0.09280913, -0.11498282, 0.08837863], [-0.06410665, 0.0305546, -0.23108044], [0.02507831, -0.07072238, 0.16723507], [0.13539242, -0.00204245, -0.1916882], [-0.07741088, 0.13582656, -0.06345857], [0.2091469, -0.05581361, 0.10150629], [0.06173836, 0.13902863, -0.04058646], [-0.06928351, -0.12513531, 0.20058873], [0.04612372, 0.06029949, -2.313e-05], [-0.09077344, -0.07839311, -0.04696808], [0.02659991, 0.09077376, -0.0888506], [0.02052165, -0.09452413, 0.07725319], [0.01798318, -0.0961459, 0.07911992], [0.08969836, -0.02378016, 0.08941791], [-0.08107224, -0.09413203, 0.02707815], [0.07280002, 0.04202121, 0.01901798], [0.09535317, -0.04539422, 0.06828308], [0.1039163, 0.00579505, -0.06989056], [-0.02930798, -0.11909037, 0.01675865], [-0.05427688, 0.01313936, 0.0531366], [-0.06679478, 0.04725476, -0.10244119], [0.01306448, -0.02013643, -0.08167824], [-0.03417401, 0.12372218, -0.01569949], [0.06303833, 0.02267771, -0.04644615], [-0.01325626, 0.11622513, -0.05851245], [0.06955927, 0.03943083, 0.01614997], [-0.01887492, -0.08781275, 0.08367611], [0.01282472, 0.03645042, 0.07536217], [-0.09104984, -0.07472356, -0.03138384], [-0.06635636, 0.02915367, 0.03092328]], "atomic quadrupole moments": [[0.1076686, -0.12272315, 0.01038785, 0.00069072, 0.01453911, -0.11805644], [0.18392752, -0.33076124, -0.15173348, -0.04743912, 0.12146153, -0.03219404], [0.16263372, 0.19745298, -0.02266493, 0.02466673, 0.22104188, -0.1399688], [-0.02782454, 0.10195501, -0.03803789, -0.02648995, 0.09444881, 0.06586243], [0.05328454, 0.20858008, -0.11088502, 0.0105095, 0.28088688, 0.05760048], [0.0709435, 0.04844156, 0.00273119, 0.10402236, -0.02554246, -0.07367469], [0.0658566, -0.15290822, 0.04350298, 0.06593812, 0.020119, -0.10935958], [-0.17703957, -0.24397328, 0.18647716, -0.16937512, 0.14823987, -0.00943759], [-0.01562799, -0.09606965, 0.10549989, -0.04005725, 0.07013755, -0.0898719], [0.03073434, -0.02606108, 0.05138798, -0.1187311, 0.02964586, -0.08212232], [0.04855191, 0.10579252, -0.01360939, -0.31440703, 0.04244533, -0.03494252], [0.06973395, -0.18591646, -0.18314898, 0.29731405, 0.04023065, 0.11341503], [0.07063971, -0.07455276, -0.08515922, 0.10954375, -0.0560654, 0.01451951], [0.22834118, 0.17457598, -0.0329736, -0.18883227, 0.09434495, -0.19536758], [0.1409801, 0.0986447, -0.06976162, -0.0201735, 0.00637892, -0.07121848], [0.10722484, 0.10124057, -0.27087192, 0.12506256, 0.04231486, 0.16364708], [0.02695563, -0.00120614, -0.11904051, 0.12689602, -0.01208557, 0.09208487], [0.06412423, 0.00127639, -0.25206582, -0.04060182, 0.23849888, 0.18794159], [-0.06942719, 0.00454022, -0.09774504, -0.04600058, 0.0667236, 0.16717224], [0.2293953, -0.16675112, -0.09484784, 0.02341617, 0.15681861, -0.13454746], [0.12722853, -0.12289514, -0.03846153, 0.01737467, 0.0147814, -0.088767], [-0.15807377, -0.18625483, 0.02537358, -0.03015341, -0.18472239, 0.13270019], [-0.0931936, -0.02748396, 0.04683779, -0.01056671, -0.14399053, 0.04635581], [0.05045624, 0.06633456, 0.03154346, 0.01209756, 0.00266098, -0.0819997], [0.03164428, 0.03259208, 0.0043658, 0.00644757, 0.02375942, -0.03601008], [0.00166424, -0.01722313, 0.02777751, -0.01024719, -0.03315448, -0.02944175], [-0.0108244, 0.01390472, 0.01785184, 0.00706224, -0.02446291, -0.00702745], [-0.00514682, 0.00501168, -0.00710005, 0.00971916, -0.00274568, 0.01224688], [0.02854893, -0.01484245, -0.00932764, 0.03259401, 0.01676132, -0.01922129], [0.01978378, 0.04123342, 0.01563982, -0.00499651, 0.01425606, -0.0354236], [0.04046147, 0.07013186, 0.04097952, 0.02931818, 0.03546753, -0.081441], [0.02958213, -0.00951144, -0.03325864, 0.01194889, -0.00186991, 0.00367652], [0.04026663, 0.00916266, -0.04425381, -0.03247052, -0.01579701, 0.00398719], [-0.01491865, 0.00857585, 0.03167866, 0.0229238, -0.03334695, -0.01676001], [0.05185091, -0.03680173, -0.06584313, -0.06724059, 0.02003845, 0.01399222], [0.0079393, 0.0099039, -0.02112476, 0.00524533, -0.00122321, 0.01318546], [-0.01791078, -0.00195432, -0.07881182, -0.05664735, 0.04200289, 0.0967226], [-0.00827758, -0.02273579, 0.01197623, 0.0317487, 0.01121194, -0.00369865], [0.08802872, 0.05679081, -0.06896632, -0.04135084, -0.01733274, -0.01906239], [-0.03099694, 0.00144441, -0.00011822, -0.00464006, -0.01333959, 0.03111516], [0.05110563, 0.06915841, -0.02473981, 0.03604081, 0.03579763, -0.02636582], [-0.00364927, -0.01868818, 0.00552956, 0.00113748, -0.02587253, -0.0018803], [-0.04762434, -0.0226719, -0.02016957, -0.00805219, 0.09020396, 0.06779391], [-0.01178138, 0.02580317, 0.02204698, 0.01233237, -0.01766311, -0.0102656], [0.06292547, -0.09110495, -0.01184835, -0.0378009, -0.00101753, -0.05107713]], "number of molecular orbitals": 114, "number of electrons": 136, "number of unpaired electrons": 0, "orbital energies/eV": [-20.25062307, -19.98191753, -19.79998843, -19.78325021, -19.44566682, -19.3611609, -19.22776505, -19.06530755, -18.93579357, -18.84395879, -18.83000438, -18.57444114, -18.39603364, -18.19353614, -18.15664543, -17.78522663, -17.65884041, -17.42969072, -17.31581161, -17.27270452, -16.99051247, -16.87144549, -16.66383359, -16.61441066, -16.46899248, -16.37347217, -16.24524243, -16.13890181, -15.91064956, -15.76942049, -15.60674416, -15.54739809, -15.46535648, -15.3549155, -15.24483298, -15.08383865, -15.01631168, -14.87029065, -14.77107176, -14.71712642, -14.68975172, -14.53127366, -14.49729518, -14.32968907, -14.18557409, -14.03036775, -13.99394619, -13.91305881, -13.73679133, -13.61428531, -13.47357634, -13.39042797, -13.24642247, -13.05852866, -12.90811294, -12.70226627, -12.6932614, -12.3872562, -12.21373812, -12.13987108, -12.09369813, -11.85302598, -11.79182639, -11.68506529, -11.42880855, -11.41025116, -11.34149142, -11.04901533, -2.07484599, -1.85573279, -1.3202334, -0.65956472, -0.63429207, -0.43510126, -0.06444797, 0.3771686, 0.52625396, 0.6243615, 1.01192681, 1.23946545, 1.39551428, 1.49611837, 1.84447669, 1.96540884, 2.10853969, 2.35909915, 2.43717413, 2.71028654, 2.72428177, 3.00855832, 3.32430543, 3.39251041, 3.68041453, 3.83566527, 3.93695121, 4.14127979, 4.20423976, 4.3957163, 4.58399303, 4.92041241, 5.02440541, 5.13605806, 5.26119454, 5.50262585, 5.7185341, 5.77130701, 5.97972844, 6.02104752, 6.34988339, 6.64225405, 6.69454256, 7.30971643, 7.43504733, 7.85043995], "fractional occupation": [2.0, 2.0, 2.0, 2.0, 2.0, 2.0, 2.0, 2.0, 2.0, 2.0, 2.0, 2.0, 2.0, 2.0, 2.0, 2.0, 2.0, 2.0, 2.0, 2.0, 2.0, 2.0, 2.0, 2.0, 2.0, 2.0, 2.0, 2.0, 2.0, 2.0, 2.0, 2.0, 2.0, 2.0, 2.0, 2.0, 2.0, 2.0, 2.0, 2.0, 2.0, 2.0, 2.0, 2.0, 2.0, 2.0, 2.0, 2.0, 2.0, 2.0, 2.0, 2.0, 2.0, 2.0, 2.0, 2.0, 2.0, 2.0, 2.0, 2.0, 2.0, 2.0, 2.0, 2.0, 2.0, 2.0, 2.0, 2.0, 0.0, 0.0, 0.0, 0.0, 0.0, 0.0, 0.0, 0.0, 0.0, 0.0, 0.0, 0.0, 0.0, 0.0, 0.0, 0.0, 0.0, 0.0, 0.0, 0.0, 0.0, 0.0, 0.0, 0.0, 0.0, 0.0, 0.0, 0.0, 0.0, 0.0, 0.0, 0.0, 0.0, 0.0, 0.0, 0.0, 0.0, 0.0, 0.0, 0.0, 0.0, 0.0, 0.0, 0.0, 0.0, 0.0], "program call": "xtb /home/svss/Project-DBcg-Debug/aqme2_20220329/End-to-End-workflows-final/example-3/QDESCP/mol_1026_rdkit_conf_1/mol_1026_rdkit_conf_1.xyz --pop --wbo --acc 0.2 --gfn 2 --chrg 0 --uhf 0 --etemp 300 --input /home/svss/Project-DBcg-Debug/aqme2_20220329/End-to-End-workflows-final/example-3/QDESCP/mol_1026_rdkit_conf_1/mol_1026_rdkit_conf_1_xtb.inp", "method": "GFN2-xTB", "xtb version": "6.3.3 (7355c4f)", "Dipole module/D": 4.06, "Total charge": 0, "Transition dipole module/D": NaN, "HOMO": -11.049, "LUMO": -2.0748, "HOMO occupancy": 2.0, "LUMO occupancy": 0, "mulliken charges": [-0.58131, 0.19676, 0.18245, -0.46974, 0.40328, -0.47416, 0.40391, 0.17691, -0.56556, -0.48351, 0.17569, 0.18113, -0.58782, 0.18591, -0.57392, 0.1932, -0.5819, 0.1778, -0.58577, 0.18689, -0.57433, 0.1819, -0.57135, 0.35482, 0.03074, 0.04514, 0.02649, 0.0329, 0.0464, 0.04417, 0.35306, 0.04053, 0.02486, 0.03759, 0.36919, 0.04631, 0.352, 0.04392, 0.36556, 0.05421, 0.36186, 0.02431, 0.35983, 0.03294, 0.35668], "cm5 charges": [-0.79136, 0.11584, 0.14679, -0.57097, 0.39349, -0.55111, 0.43566, 0.09972, -0.78379, -0.56113, 0.14073, 0.09936, -0.81144, 0.14955, -0.7872, 0.16137, -0.78406, 0.14295, -0.79179, 0.14917, -0.78286, 0.14445, -0.77392, 0.53831, 0.09489, 0.11277, 0.09686, 0.11498, 0.1137, 0.11247, 0.5227, 0.11158, 0.08867, 0.1032, 0.5665, 0.12002, 0.52024, 0.11548, 0.54409, 0.12967, 0.54295, 0.09466, 0.53256, 0.10183, 0.5324], "FUKUI+": [-0.016, 0.007, -0.017, -0.048, -0.021, -0.063, -0.026, 0.005, -0.03, -0.046, -0.003, 0.011, -0.016, -0.001, -0.032, -0.01, -0.041, 0.001, -0.023, 0.003, -0.023, 0.003, -0.019, -0.003, -0.038, -0.022, -0.032, -0.034, -0.04, -0.03, -0.023, -0.037, -0.035, -0.026, 0.005, -0.027, -0.034, -0.043, -0.035, -0.027, -0.006, -0.025, -0.017, -0.044, -0.023], "FUKUI-": [-0.087, 0.01, -0.002, -0.023, 0.003, -0.024, -0.0, 0.008, -0.021, -0.013, -0.0, 0.01, -0.048, 0.0, -0.032, 0.004, -0.04, -0.001, -0.046, 0.001, -0.038, 0.001, -0.046, -0.022, -0.042, -0.041, -0.027, -0.025, -0.027, -0.015, -0.018, -0.031, -0.038, -0.046, -0.007, -0.017, -0.02, -0.037, -0.022, -0.029, -0.02, -0.034, -0.024, -0.046, -0.029], "FUKUIrad": [-0.052, 0.009, -0.01, -0.036, -0.009, -0.044, -0.013, 0.007, -0.025, -0.029, -0.002, 0.01, -0.032, -0.001, -0.032, -0.003, -0.04, 0.0, -0.034, 0.002, -0.03, 0.002, -0.033, -0.013, -0.04, -0.032, -0.03, -0.029, -0.033, -0.022, -0.02, -0.034, -0.036, -0.036, -0.001, -0.022, -0.027, -0.04, -0.028, -0.028, -0.013, -0.03, -0.02, -0.045, -0.026], "s proportion": [1.707, 0.997, 1.036, 1.699, 0.994, 1.698, 1.024, 1.002, 1.705, 1.712, 1.04, 0.998, 1.711, 1.027, 1.703, 1.027, 1.711, 1.034, 1.713, 1.03, 1.71, 1.029, 1.706, 0.645, 0.969, 0.955, 0.974, 0.967, 0.954, 0.956, 0.647, 0.959, 0.975, 0.962, 0.631, 0.954, 0.648, 0.956, 0.634, 0.946, 0.638, 0.976, 0.64, 0.967, 0.643], "p proportion": [4.875, 2.807, 2.781, 4.77, 2.602, 4.777, 2.572, 2.821, 4.861, 4.771, 2.784, 2.821, 4.876, 2.787, 4.871, 2.78, 4.871, 2.788, 4.873, 2.783, 4.864, 2.789, 4.865, 0.0, 0.0, 0.0, 0.0, 0.0, 0.0, 0.0, 0.0, 0.0, 0.0, 0.0, 0.0, 0.0, 0.0, 0.0, 0.0, 0.0, 0.0, 0.0, 0.0, 0.0, 0.0], "d proportion": [0.0, 0.0, 0.0, 0.0, 0.0, 0.0, 0.0, 0.0, 0.0, 0.0, 0.0, 0.0, 0.0, 0.0, 0.0, 0.0, 0.0, 0.0, 0.0, 0.0, 0.0, 0.0, 0.0, 0.0, 0.0, 0.0, 0.0, 0.0, 0.0, 0.0, 0.0, 0.0, 0.0, 0.0, 0.0, 0.0, 0.0, 0.0, 0.0, 0.0, 0.0, 0.0, 0.0, 0.0, 0.0], "Fermi-level/eV": -6.5619, "Coordination numbers": [1.651, 3.673, 3.739, 1.695, 3.629, 1.697, 3.719, 3.671, 1.651, 1.695, 3.782, 3.673, 1.651, 3.752, 1.652, 3.75, 1.65, 3.723, 1.65, 3.728, 1.651, 3.725, 1.651, 0.803, 0.924, 0.924, 0.924, 0.924, 0.924, 0.924, 0.803, 0.924, 0.924, 0.924, 0.802, 0.924, 0.804, 0.924, 0.803, 0.924, 0.802, 0.924, 0.803, 0.924, 0.803], "Dispersion coefficient C6": [21.998, 19.656, 19.047, 19.496, 17.233, 19.616, 16.823, 19.849, 21.618, 19.852, 19.07, 19.723, 22.293, 19.017, 21.812, 18.992, 21.923, 19.256, 22.153, 19.056, 21.87, 19.187, 21.726, 0.659, 2.176, 2.152, 2.451, 2.612, 2.139, 2.141, 0.69, 2.242, 2.325, 2.275, 0.629, 2.282, 0.695, 2.339, 0.638, 2.149, 0.651, 2.534, 0.667, 2.398, 0.664], "Total dispersion C6": 16985.336055, "Total dispersion C8": 364462.299396, "Polarizability alpha": [6.331, 6.354, 6.227, 5.961, 5.978, 5.98, 5.859, 6.386, 6.277, 6.015, 6.221, 6.365, 6.374, 6.219, 6.305, 6.215, 6.32, 6.267, 6.354, 6.232, 6.313, 6.255, 6.292, 1.275, 2.307, 2.294, 2.448, 2.528, 2.287, 2.288, 1.305, 2.342, 2.385, 2.359, 1.246, 2.363, 1.31, 2.391, 1.255, 2.293, 1.268, 2.49, 1.283, 2.422, 1.28], "Total polarizability alpha": 186.516466, "Wiberg matrix": [[0.0, 1.0096851700104414, 0.0, 0.0, 0.0, 0.0, 0.0, 0.0, 0.0, 0.0, 0.0, 0.0, 0.0, 0.0, 0.0, 0.0, 0.0, 0.0, 0.0, 0.0, 0.0, 0.0, 0.0, 0.8577005793553887, 0.0, 0.0, 0.0, 0.0, 0.0, 0.0, 0.0, 0.0, 0.0, 0.0, 0.0, 0.0, 0.0, 0.0, 0.0, 0.0, 0.0, 0.0, 0.0, 0.0, 0.0], [1.0096851700104414, 0.0, 0.9787706712768052, 0.0, 0.0, 0.0, 0.0, 0.0, 0.0, 0.0, 0.0, 0.0, 0.0, 0.0, 0.0, 0.0, 0.0, 0.0, 0.0, 0.0, 0.0, 0.0, 0.0, 0.0, 0.9697817545468405, 0.9706051607316499, 0.0, 0.0, 0.0, 0.0, 0.0, 0.0, 0.0, 0.0, 0.0, 0.0, 0.0, 0.0, 0.0, 0.0, 0.0, 0.0, 0.0, 0.0, 0.0], [0.0, 0.9787706712768052, 0.0, 0.9434304904871814, 0.0, 0.0, 0.0, 0.0, 0.0, 0.0, 0.0, 0.0, 0.0, 0.0, 0.0, 0.0, 0.0, 0.0, 0.0, 0.0, 0.0, 0.9746555212768258, 0.0, 0.0, 0.0, 0.0, 0.9585669744998969, 0.0, 0.0, 0.0, 0.0, 0.0, 0.0, 0.0, 0.0, 0.0, 0.0, 0.0, 0.0, 0.0, 0.0, 0.0, 0.0, 0.0, 0.0], [0.0, 0.0, 0.9434304904871814, 0.0, 0.9614761662716704, 0.0, 0.0, 0.0, 0.0, 0.0, 0.0, 0.0, 0.0, 0.0, 0.0, 0.0, 0.0, 0.0, 0.0, 0.0, 0.0, 0.0, 0.0, 0.0, 0.0, 0.0, 0.0, 0.0, 0.0, 0.0, 0.0, 0.0, 0.0, 0.0, 0.0, 0.0, 0.0, 0.0, 0.0, 0.0, 0.0, 0.0, 0.0, 0.0, 0.0], [0.0, 0.0, 0.0, 0.9614761662716704, 0.0, 0.9713929775425947, 0.0, 0.0, 0.0, 0.0, 0.0, 0.0, 0.0, 0.0, 0.0, 0.0, 0.0, 0.9576091680524427, 0.0, 0.0, 0.0, 0.0, 0.0, 0.0, 0.0, 0.0, 0.0, 0.9487448879396504, 0.0, 0.0, 0.0, 0.0, 0.0, 0.0, 0.0, 0.0, 0.0, 0.0, 0.0, 0.0, 0.0, 0.0, 0.0, 0.0, 0.0], [0.0, 0.0, 0.0, 0.0, 0.9713929775425947, 0.0, 0.9491195498315597, 0.0, 0.0, 0.0, 0.0, 0.0, 0.0, 0.0, 0.0, 0.0, 0.0, 0.0, 0.0, 0.0, 0.0, 0.0, 0.0, 0.0, 0.0, 0.0, 0.0, 0.0, 0.0, 0.0, 0.0, 0.0, 0.0, 0.0, 0.0, 0.0, 0.0, 0.0, 0.0, 0.0, 0.0, 0.0, 0.0, 0.0, 0.0], [0.0, 0.0, 0.0, 0.0, 0.0, 0.9491195498315597, 0.0, 0.9587434899607064, 0.0, 0.9650716909564653, 0.0, 0.0, 0.0, 0.0, 0.0, 0.9553611717634225, 0.0, 0.0, 0.0, 0.0, 0.0, 0.0, 0.0, 0.0, 0.0, 0.0, 0.0, 0.0, 0.0, 0.0, 0.0, 0.0, 0.0, 0.0, 0.0, 0.0, 0.0, 0.0, 0.0, 0.0, 0.0, 0.0, 0.0, 0.0, 0.0], [0.0, 0.0, 0.0, 0.0, 0.0, 0.0, 0.9587434899607064, 0.0, 1.0014441928052484, 0.0, 0.0, 0.0, 0.0, 0.0, 0.0, 0.0, 0.0, 0.0, 0.0, 0.0, 0.0, 0.0, 0.0, 0.0, 0.0, 0.0, 0.0, 0.0, 0.9690398596237755, 0.9646131825701092, 0.0, 0.0, 0.0, 0.0, 0.0, 0.0, 0.0, 0.0, 0.0, 0.0, 0.0, 0.0, 0.0, 0.0, 0.0], [0.0, 0.0, 0.0, 0.0, 0.0, 0.0, 0.0, 1.0014441928052484, 0.0, 0.0, 0.0, 0.0, 0.0, 0.0, 0.0, 0.0, 0.0, 0.0, 0.0, 0.0, 0.0, 0.0, 0.0, 0.0, 0.0, 0.0, 0.0, 0.0, 0.0, 0.0, 0.8897705225091488, 0.0, 0.0, 0.0, 0.0, 0.0, 0.0, 0.0, 0.0, 0.0, 0.0, 0.0, 0.0, 0.0, 0.0], [0.0, 0.0, 0.0, 0.0, 0.0, 0.0, 0.9650716909564653, 0.0, 0.0, 0.0, 0.94936950152307, 0.0, 0.0, 0.0, 0.0, 0.0, 0.0, 0.0, 0.0, 0.0, 0.0, 0.0, 0.0, 0.0, 0.0, 0.0, 0.0, 0.0, 0.0, 0.0, 0.0, 0.0, 0.0, 0.0, 0.0, 0.0, 0.0, 0.0, 0.0, 0.0, 0.0, 0.0, 0.0, 0.0, 0.0], [0.0, 0.0, 0.0, 0.0, 0.0, 0.0, 0.0, 0.0, 0.0, 0.94936950152307, 0.0, 0.9857317739151028, 0.0, 0.9699132296106048, 0.0, 0.0, 0.0, 0.0, 0.0, 0.0, 0.0, 0.0, 0.0, 0.0, 0.0, 0.0, 0.0, 0.0, 0.0, 0.0, 0.0, 0.9586140595243878, 0.0, 0.0, 0.0, 0.0, 0.0, 0.0, 0.0, 0.0, 0.0, 0.0, 0.0, 0.0, 0.0], [0.0, 0.0, 0.0, 0.0, 0.0, 0.0, 0.0, 0.0, 0.0, 0.0, 0.9857317739151028, 0.0, 1.0038048306434977, 0.0, 0.0, 0.0, 0.0, 0.0, 0.0, 0.0, 0.0, 0.0, 0.0, 0.0, 0.0, 0.0, 0.0, 0.0, 0.0, 0.0, 0.0, 0.0, 0.9705024338245334, 0.9676992786224063, 0.0, 0.0, 0.0, 0.0, 0.0, 0.0, 0.0, 0.0, 0.0, 0.0, 0.0], [0.0, 0.0, 0.0, 0.0, 0.0, 0.0, 0.0, 0.0, 0.0, 0.0, 0.0, 1.0038048306434977, 0.0, 0.0, 0.0, 0.0, 0.0, 0.0, 0.0, 0.0, 0.0, 0.0, 0.0, 0.0, 0.0, 0.0, 0.0, 0.0, 0.0, 0.0, 0.0, 0.0, 0.0, 0.0, 0.828719621597868, 0.0, 0.0, 0.0, 0.0, 0.0, 0.0, 0.0, 0.0, 0.0, 0.0], [0.0, 0.0, 0.0, 0.0, 0.0, 0.0, 0.0, 0.0, 0.0, 0.0, 0.9699132296106048, 0.0, 0.0, 0.0, 0.9884697427138855, 0.9747467655472875, 0.0, 0.0, 0.0, 0.0, 0.0, 0.0, 0.0, 0.0, 0.0, 0.0, 0.0, 0.0, 0.0, 0.0, 0.0, 0.0, 0.0, 0.0, 0.0, 0.9599314363673248, 0.0, 0.0, 0.0, 0.0, 0.0, 0.0, 0.0, 0.0, 0.0], [0.0, 0.0, 0.0, 0.0, 0.0, 0.0, 0.0, 0.0, 0.0, 0.0, 0.0, 0.0, 0.0, 0.9884697427138855, 0.0, 0.0, 0.0, 0.0, 0.0, 0.0, 0.0, 0.0, 0.0, 0.0, 0.0, 0.0, 0.0, 0.0, 0.0, 0.0, 0.0, 0.0, 0.0, 0.0, 0.0, 0.0, 0.888571206786935, 0.0, 0.0, 0.0, 0.0, 0.0, 0.0, 0.0, 0.0], [0.0, 0.0, 0.0, 0.0, 0.0, 0.0, 0.9553611717634225, 0.0, 0.0, 0.0, 0.0, 0.0, 0.0, 0.9747467655472875, 0.0, 0.0, 0.9971902739393455, 0.0, 0.0, 0.0, 0.0, 0.0, 0.0, 0.0, 0.0, 0.0, 0.0, 0.0, 0.0, 0.0, 0.0, 0.0, 0.0, 0.0, 0.0, 0.0, 0.0, 0.9598014937282191, 0.0, 0.0, 0.0, 0.0, 0.0, 0.0, 0.0], [0.0, 0.0, 0.0, 0.0, 0.0, 0.0, 0.0, 0.0, 0.0, 0.0, 0.0, 0.0, 0.0, 0.0, 0.0, 0.9971902739393455, 0.0, 0.0, 0.0, 0.0, 0.0, 0.0, 0.0, 0.0, 0.0, 0.0, 0.0, 0.0, 0.0, 0.0, 0.0, 0.0, 0.0, 0.0, 0.0, 0.0, 0.0, 0.0, 0.8646843340722579, 0.0, 0.0, 0.0, 0.0, 0.0, 0.0], [0.0, 0.0, 0.0, 0.0, 0.9576091680524427, 0.0, 0.0, 0.0, 0.0, 0.0, 0.0, 0.0, 0.0, 0.0, 0.0, 0.0, 0.0, 0.0, 0.9909554743226008, 0.9773084023049955, 0.0, 0.0, 0.0, 0.0, 0.0, 0.0, 0.0, 0.0, 0.0, 0.0, 0.0, 0.0, 0.0, 0.0, 0.0, 0.0, 0.0, 0.0, 0.0, 0.9571580647283406, 0.0, 0.0, 0.0, 0.0, 0.0], [0.0, 0.0, 0.0, 0.0, 0.0, 0.0, 0.0, 0.0, 0.0, 0.0, 0.0, 0.0, 0.0, 0.0, 0.0, 0.0, 0.0, 0.9909554743226008, 0.0, 0.0, 0.0, 0.0, 0.0, 0.0, 0.0, 0.0, 0.0, 0.0, 0.0, 0.0, 0.0, 0.0, 0.0, 0.0, 0.0, 0.0, 0.0, 0.0, 0.0, 0.0, 0.861728052212521, 0.0, 0.0, 0.0, 0.0], [0.0, 0.0, 0.0, 0.0, 0.0, 0.0, 0.0, 0.0, 0.0, 0.0, 0.0, 0.0, 0.0, 0.0, 0.0, 0.0, 0.0, 0.9773084023049955, 0.0, 0.0, 0.9862730123587172, 0.9762430862997991, 0.0, 0.0, 0.0, 0.0, 0.0, 0.0, 0.0, 0.0, 0.0, 0.0, 0.0, 0.0, 0.0, 0.0, 0.0, 0.0, 0.0, 0.0, 0.0, 0.9601650842068092, 0.0, 0.0, 0.0], [0.0, 0.0, 0.0, 0.0, 0.0, 0.0, 0.0, 0.0, 0.0, 0.0, 0.0, 0.0, 0.0, 0.0, 0.0, 0.0, 0.0, 0.0, 0.0, 0.9862730123587172, 0.0, 0.0, 0.0, 0.0, 0.0, 0.0, 0.0, 0.0, 0.0, 0.0, 0.0, 0.0, 0.0, 0.0, 0.0, 0.0, 0.0, 0.0, 0.0, 0.0, 0.0, 0.0, 0.8800133014138877, 0.0, 0.0], [0.0, 0.0, 0.9746555212768258, 0.0, 0.0, 0.0, 0.0, 0.0, 0.0, 0.0, 0.0, 0.0, 0.0, 0.0, 0.0, 0.0, 0.0, 0.0, 0.0, 0.9762430862997991, 0.0, 0.0, 0.9967228470509143, 0.0, 0.0, 0.0, 0.0, 0.0, 0.0, 0.0, 0.0, 0.0, 0.0, 0.0, 0.0, 0.0, 0.0, 0.0, 0.0, 0.0, 0.0, 0.0, 0.0, 0.9586598674187263, 0.0], [0.0, 0.0, 0.0, 0.0, 0.0, 0.0, 0.0, 0.0, 0.0, 0.0, 0.0, 0.0, 0.0, 0.0, 0.0, 0.0, 0.0, 0.0, 0.0, 0.0, 0.0, 0.9967228470509143, 0.0, 0.0, 0.0, 0.0, 0.0, 0.0, 0.0, 0.0, 0.0, 0.0, 0.0, 0.0, 0.0, 0.0, 0.0, 0.0, 0.0, 0.0, 0.0, 0.0, 0.0, 0.0, 0.8749662395194869], [0.8577005793553887, 0.0, 0.0, 0.0, 0.0, 0.0, 0.0, 0.0, 0.0, 0.0, 0.0, 0.0, 0.0, 0.0, 0.0, 0.0, 0.0, 0.0, 0.0, 0.0, 0.0, 0.0, 0.0, 0.0, 0.0, 0.0, 0.0, 0.0, 0.0, 0.0, 0.0, 0.0, 0.0, 0.0, 0.0, 0.0, 0.0, 0.0, 0.0, 0.0, 0.0, 0.0, 0.0, 0.0, 0.0], [0.0, 0.9697817545468405, 0.0, 0.0, 0.0, 0.0, 0.0, 0.0, 0.0, 0.0, 0.0, 0.0, 0.0, 0.0, 0.0, 0.0, 0.0, 0.0, 0.0, 0.0, 0.0, 0.0, 0.0, 0.0, 0.0, 0.0, 0.0, 0.0, 0.0, 0.0, 0.0, 0.0, 0.0, 0.0, 0.0, 0.0, 0.0, 0.0, 0.0, 0.0, 0.0, 0.0, 0.0, 0.0, 0.0], [0.0, 0.9706051607316499, 0.0, 0.0, 0.0, 0.0, 0.0, 0.0, 0.0, 0.0, 0.0, 0.0, 0.0, 0.0, 0.0, 0.0, 0.0, 0.0, 0.0, 0.0, 0.0, 0.0, 0.0, 0.0, 0.0, 0.0, 0.0, 0.0, 0.0, 0.0, 0.0, 0.0, 0.0, 0.0, 0.0, 0.0, 0.0, 0.0, 0.0, 0.0, 0.0, 0.0, 0.0, 0.0, 0.0], [0.0, 0.0, 0.9585669744998969, 0.0, 0.0, 0.0, 0.0, 0.0, 0.0, 0.0, 0.0, 0.0, 0.0, 0.0, 0.0, 0.0, 0.0, 0.0, 0.0, 0.0, 0.0, 0.0, 0.0, 0.0, 0.0, 0.0, 0.0, 0.0, 0.0, 0.0, 0.0, 0.0, 0.0, 0.0, 0.0, 0.0, 0.0, 0.0, 0.0, 0.0, 0.0, 0.0, 0.0, 0.0, 0.0], [0.0, 0.0, 0.0, 0.0, 0.9487448879396504, 0.0, 0.0, 0.0, 0.0, 0.0, 0.0, 0.0, 0.0, 0.0, 0.0, 0.0, 0.0, 0.0, 0.0, 0.0, 0.0, 0.0, 0.0, 0.0, 0.0, 0.0, 0.0, 0.0, 0.0, 0.0, 0.0, 0.0, 0.0, 0.0, 0.0, 0.0, 0.0, 0.0, 0.0, 0.0, 0.0, 0.0, 0.0, 0.0, 0.0], [0.0, 0.0, 0.0, 0.0, 0.0, 0.0, 0.0, 0.9690398596237755, 0.0, 0.0, 0.0, 0.0, 0.0, 0.0, 0.0, 0.0, 0.0, 0.0, 0.0, 0.0, 0.0, 0.0, 0.0, 0.0, 0.0, 0.0, 0.0, 0.0, 0.0, 0.0, 0.0, 0.0, 0.0, 0.0, 0.0, 0.0, 0.0, 0.0, 0.0, 0.0, 0.0, 0.0, 0.0, 0.0, 0.0], [0.0, 0.0, 0.0, 0.0, 0.0, 0.0, 0.0, 0.9646131825701092, 0.0, 0.0, 0.0, 0.0, 0.0, 0.0, 0.0, 0.0, 0.0, 0.0, 0.0, 0.0, 0.0, 0.0, 0.0, 0.0, 0.0, 0.0, 0.0, 0.0, 0.0, 0.0, 0.0, 0.0, 0.0, 0.0, 0.0, 0.0, 0.0, 0.0, 0.0, 0.0, 0.0, 0.0, 0.0, 0.0, 0.0], [0.0, 0.0, 0.0, 0.0, 0.0, 0.0, 0.0, 0.0, 0.8897705225091488, 0.0, 0.0, 0.0, 0.0, 0.0, 0.0, 0.0, 0.0, 0.0, 0.0, 0.0, 0.0, 0.0, 0.0, 0.0, 0.0, 0.0, 0.0, 0.0, 0.0, 0.0, 0.0, 0.0, 0.0, 0.0, 0.0, 0.0, 0.0, 0.0, 0.0, 0.0, 0.0, 0.0, 0.0, 0.0, 0.0], [0.0, 0.0, 0.0, 0.0, 0.0, 0.0, 0.0, 0.0, 0.0, 0.0, 0.9586140595243878, 0.0, 0.0, 0.0, 0.0, 0.0, 0.0, 0.0, 0.0, 0.0, 0.0, 0.0, 0.0, 0.0, 0.0, 0.0, 0.0, 0.0, 0.0, 0.0, 0.0, 0.0, 0.0, 0.0, 0.0, 0.0, 0.0, 0.0, 0.0, 0.0, 0.0, 0.0, 0.0, 0.0, 0.0], [0.0, 0.0, 0.0, 0.0, 0.0, 0.0, 0.0, 0.0, 0.0, 0.0, 0.0, 0.9705024338245334, 0.0, 0.0, 0.0, 0.0, 0.0, 0.0, 0.0, 0.0, 0.0, 0.0, 0.0, 0.0, 0.0, 0.0, 0.0, 0.0, 0.0, 0.0, 0.0, 0.0, 0.0, 0.0, 0.0, 0.0, 0.0, 0.0, 0.0, 0.0, 0.0, 0.0, 0.0, 0.0, 0.0], [0.0, 0.0, 0.0, 0.0, 0.0, 0.0, 0.0, 0.0, 0.0, 0.0, 0.0, 0.9676992786224063, 0.0, 0.0, 0.0, 0.0, 0.0, 0.0, 0.0, 0.0, 0.0, 0.0, 0.0, 0.0, 0.0, 0.0, 0.0, 0.0, 0.0, 0.0, 0.0, 0.0, 0.0, 0.0, 0.0, 0.0, 0.0, 0.0, 0.0, 0.0, 0.0, 0.0, 0.0, 0.0, 0.0], [0.0, 0.0, 0.0, 0.0, 0.0, 0.0, 0.0, 0.0, 0.0, 0.0, 0.0, 0.0, 0.828719621597868, 0.0, 0.0, 0.0, 0.0, 0.0, 0.0, 0.0, 0.0, 0.0, 0.0, 0.0, 0.0, 0.0, 0.0, 0.0, 0.0, 0.0, 0.0, 0.0, 0.0, 0.0, 0.0, 0.0, 0.0, 0.0, 0.0, 0.0, 0.0, 0.0, 0.0, 0.0, 0.0], [0.0, 0.0, 0.0, 0.0, 0.0, 0.0, 0.0, 0.0, 0.0, 0.0, 0.0, 0.0, 0.0, 0.9599314363673248, 0.0, 0.0, 0.0, 0.0, 0.0, 0.0, 0.0, 0.0, 0.0, 0.0, 0.0, 0.0, 0.0, 0.0, 0.0, 0.0, 0.0, 0.0, 0.0, 0.0, 0.0, 0.0, 0.0, 0.0, 0.0, 0.0, 0.0, 0.0, 0.0, 0.0, 0.0], [0.0, 0.0, 0.0, 0.0, 0.0, 0.0, 0.0, 0.0, 0.0, 0.0, 0.0, 0.0, 0.0, 0.0, 0.888571206786935, 0.0, 0.0, 0.0, 0.0, 0.0, 0.0, 0.0, 0.0, 0.0, 0.0, 0.0, 0.0, 0.0, 0.0, 0.0, 0.0, 0.0, 0.0, 0.0, 0.0, 0.0, 0.0, 0.0, 0.0, 0.0, 0.0, 0.0, 0.0, 0.0, 0.0], [0.0, 0.0, 0.0, 0.0, 0.0, 0.0, 0.0, 0.0, 0.0, 0.0, 0.0, 0.0, 0.0, 0.0, 0.0, 0.9598014937282191, 0.0, 0.0, 0.0, 0.0, 0.0, 0.0, 0.0, 0.0, 0.0, 0.0, 0.0, 0.0, 0.0, 0.0, 0.0, 0.0, 0.0, 0.0, 0.0, 0.0, 0.0, 0.0, 0.0, 0.0, 0.0, 0.0, 0.0, 0.0, 0.0], [0.0, 0.0, 0.0, 0.0, 0.0, 0.0, 0.0, 0.0, 0.0, 0.0, 0.0, 0.0, 0.0, 0.0, 0.0, 0.0, 0.8646843340722579, 0.0, 0.0, 0.0, 0.0, 0.0, 0.0, 0.0, 0.0, 0.0, 0.0, 0.0, 0.0, 0.0, 0.0, 0.0, 0.0, 0.0, 0.0, 0.0, 0.0, 0.0, 0.0, 0.0, 0.0, 0.0, 0.0, 0.0, 0.0], [0.0, 0.0, 0.0, 0.0, 0.0, 0.0, 0.0, 0.0, 0.0, 0.0, 0.0, 0.0, 0.0, 0.0, 0.0, 0.0, 0.0, 0.9571580647283406, 0.0, 0.0, 0.0, 0.0, 0.0, 0.0, 0.0, 0.0, 0.0, 0.0, 0.0, 0.0, 0.0, 0.0, 0.0, 0.0, 0.0, 0.0, 0.0, 0.0, 0.0, 0.0, 0.0, 0.0, 0.0, 0.0, 0.0], [0.0, 0.0, 0.0, 0.0, 0.0, 0.0, 0.0, 0.0, 0.0, 0.0, 0.0, 0.0, 0.0, 0.0, 0.0, 0.0, 0.0, 0.0, 0.861728052212521, 0.0, 0.0, 0.0, 0.0, 0.0, 0.0, 0.0, 0.0, 0.0, 0.0, 0.0, 0.0, 0.0, 0.0, 0.0, 0.0, 0.0, 0.0, 0.0, 0.0, 0.0, 0.0, 0.0, 0.0, 0.0, 0.0], [0.0, 0.0, 0.0, 0.0, 0.0, 0.0, 0.0, 0.0, 0.0, 0.0, 0.0, 0.0, 0.0, 0.0, 0.0, 0.0, 0.0, 0.0, 0.0, 0.9601650842068092, 0.0, 0.0, 0.0, 0.0, 0.0, 0.0, 0.0, 0.0, 0.0, 0.0, 0.0, 0.0, 0.0, 0.0, 0.0, 0.0, 0.0, 0.0, 0.0, 0.0, 0.0, 0.0, 0.0, 0.0, 0.0], [0.0, 0.0, 0.0, 0.0, 0.0, 0.0, 0.0, 0.0, 0.0, 0.0, 0.0, 0.0, 0.0, 0.0, 0.0, 0.0, 0.0, 0.0, 0.0, 0.0, 0.8800133014138877, 0.0, 0.0, 0.0, 0.0, 0.0, 0.0, 0.0, 0.0, 0.0, 0.0, 0.0, 0.0, 0.0, 0.0, 0.0, 0.0, 0.0, 0.0, 0.0, 0.0, 0.0, 0.0, 0.0, 0.0], [0.0, 0.0, 0.0, 0.0, 0.0, 0.0, 0.0, 0.0, 0.0, 0.0, 0.0, 0.0, 0.0, 0.0, 0.0, 0.0, 0.0, 0.0, 0.0, 0.0, 0.0, 0.9586598674187263, 0.0, 0.0, 0.0, 0.0, 0.0, 0.0, 0.0, 0.0, 0.0, 0.0, 0.0, 0.0, 0.0, 0.0, 0.0, 0.0, 0.0, 0.0, 0.0, 0.0, 0.0, 0.0, 0.0], [0.0, 0.0, 0.0, 0.0, 0.0, 0.0, 0.0, 0.0, 0.0, 0.0, 0.0, 0.0, 0.0, 0.0, 0.0, 0.0, 0.0, 0.0, 0.0, 0.0, 0.0, 0.0, 0.8749662395194869, 0.0, 0.0, 0.0, 0.0, 0.0, 0.0, 0.0, 0.0, 0.0, 0.0, 0.0, 0.0, 0.0, 0.0, 0.0, 0.0, 0.0, 0.0, 0.0, 0.0, 0.0, 0.0]], "Born radii": [], "Atomic SASAs": [], "Solvent H bonds": [], "Total SASA": NaN, "Total FOD": 0.0, "FOD": [0.0, 0.0, 0.0, 0.0, 0.0, 0.0, 0.0, 0.0, 0.0, 0.0, 0.0, 0.0, 0.0, 0.0, 0.0, 0.0, 0.0, 0.0, 0.0, 0.0, 0.0, 0.0, 0.0, 0.0, 0.0, 0.0, 0.0, 0.0, 0.0, 0.0, 0.0, 0.0, 0.0, 0.0, 0.0, 0.0, 0.0, 0.0, 0.0, 0.0, 0.0, 0.0, 0.0, 0.0, 0.0], "FOD s proportion": [0.0, 0.0, 0.0, 0.0, 0.0, 0.0, 0.0, 0.0, 0.0, 0.0, 0.0, 0.0, 0.0, 0.0, 0.0, 0.0, 0.0, 0.0, 0.0, 0.0, 0.0, 0.0, 0.0, 0.0, 0.0, 0.0, 0.0, 0.0, 0.0, 0.0, 0.0, 0.0, 0.0, 0.0, 0.0, 0.0, 0.0, 0.0, 0.0, 0.0, 0.0, 0.0, 0.0, 0.0, 0.0], "FOD p proportion": [0.0, 0.0, 0.0, 0.0, 0.0, 0.0, 0.0, 0.0, 0.0, 0.0, 0.0, 0.0, 0.0, 0.0, 0.0, 0.0, 0.0, 0.0, 0.0, 0.0, 0.0, 0.0, 0.0, 0.0, 0.0, 0.0, 0.0, 0.0, 0.0, 0.0, 0.0, 0.0, 0.0, 0.0, 0.0, 0.0, 0.0, 0.0, 0.0, 0.0, 0.0, 0.0, 0.0, 0.0, 0.0], "FOD d proportion": [0.0, 0.0, 0.0, 0.0, 0.0, 0.0, 0.0, 0.0, 0.0, 0.0, 0.0, 0.0, 0.0, 0.0, 0.0, 0.0, 0.0, 0.0, 0.0, 0.0, 0.0, 0.0, 0.0, 0.0, 0.0, 0.0, 0.0, 0.0, 0.0, 0.0, 0.0, 0.0, 0.0, 0.0, 0.0, 0.0, 0.0, 0.0, 0.0, 0.0, 0.0, 0.0, 0.0, 0.0, 0.0], "coordinates": [["-0.29300", "-2.69230", "-2.79550"], ["-1.50650", "-1.93680", "-2.75490"], ["-1.78520", "-1.46250", "-1.32290"], ["-0.76740", "-0.50220", "-0.97130"], ["-0.90990", "0.00930", "0.35330"], ["0.10000", "1.00150", "0.52620"], ["1.19590", "0.61320", "1.36410"], ["0.75460", "0.52960", "2.84120"], ["0.10740", "1.73480", "3.26380"], ["1.73760", "-0.64540", "0.92500"], ["2.89630", "-0.38050", "0.10550"], ["2.80010", "-1.20750", "-1.17740"], ["1.72490", "-0.78070", "-2.01310"], ["2.94700", "1.12900", "-0.13190"], ["4.27810", "1.62670", "-0.26390"], ["2.30520", "1.65920", "1.14180"], ["3.28070", "1.68460", "2.19430"], ["-2.26930", "0.69720", "0.56010"], ["-2.46640", "1.09850", "1.92830"], ["-3.39470", "-0.27230", "0.19690"], ["-4.65490", "0.41800", "0.24070"], ["-3.19350", "-0.85780", "-1.20040"], ["-3.39070", "0.18310", "-2.16690"], ["0.44030", "-2.04400", "-2.73850"], ["-2.30870", "-2.59090", "-3.10960"], ["-1.39920", "-1.09800", "-3.45050"], ["-1.67810", "-2.31360", "-0.63790"], ["-0.79560", "-0.81450", "1.06720"], ["1.59330", "0.30910", "3.51070"], ["0.03790", "-0.28410", "2.98780"], ["0.82440", "2.36400", "3.47530"], ["3.77490", "-0.71650", "0.66960"], ["3.72350", "-1.12670", "-1.75840"], ["2.62640", "-2.26180", "-0.93980"], ["0.95270", "-0.60540", "-1.42790"], ["2.35760", "1.44010", "-1.00160"], ["4.56870", "1.42090", "-1.17230"], ["1.92670", "2.67850", "1.01360"], ["4.11350", "1.95940", "1.75310"], ["-2.34000", "1.60980", "-0.04390"], ["-1.65550", "1.57440", "2.21540"], ["-3.44900", "-1.07880", "0.93850"], ["-4.64490", "0.90520", "1.09080"], ["-3.95720", "-1.61720", "-1.40320"], ["-4.20780", "0.64300", "-1.88130"]], "bond_dist": [[0.0, 1.4300387617124228, 2.43055953228881, 2.8895153590178406, 4.194538068726996, 4.983201614424205, 5.517737364173834, 6.576510644711221, 7.5149618136089025, 4.706937031658699, 4.892019494033114, 3.7934346257712153, 2.8876088256548877, 5.674037244326124, 6.779211957890091, 6.417828821338257, 7.5383479184765685, 5.1628018846359, 6.434914035167836, 4.942813030046756, 6.157811960428801, 3.784525665126344, 4.273032694702908, 0.9804441748513782, 2.042544310412873, 2.0480468573741173, 2.591747182886479, 4.32425610828036, 7.234271773302411, 6.273394690277347, 8.132507921299554, 5.697237405971424, 4.433841677371893, 3.4859502434773795, 2.7887721061427735, 5.226900355851448, 6.5718581367829305, 6.948510886513743, 7.857818851309822, 5.50177934581168, 6.720881932454995, 5.148443866839766, 6.854514391990143, 4.0645665131721, 5.223566479906234], [1.4300387617124228, 0.0, 1.534033304723206, 2.4053222091852895, 3.7153928473312217, 4.6882903440380055, 5.547217929737392, 6.520125564741832, 7.232570045288189, 5.0728259165873215, 5.4761853228319435, 4.6440486969884365, 3.511236307912072, 6.009402706592395, 7.236381029907146, 6.530278997102651, 7.77987162104877, 4.302213946330425, 5.662756955759271, 3.879301835382238, 4.942785142002432, 2.5350897913091757, 2.896537527807986, 1.949818206910583, 1.094158918987548, 1.0949694470623368, 2.157107739543855, 4.046403898525208, 7.342381780457892, 6.1721302594809195, 7.921197352042177, 6.411670476560691, 5.385366678323771, 4.525602216280171, 3.0953545192756193, 5.422986567381483, 7.1194681746602395, 6.876732405728757, 8.190655556181081, 4.54121292277735, 6.08724966877489, 4.260360760545989, 5.7197838289571745, 2.8169429422691543, 3.8360874194939822], [2.43055953228881, 1.534033304723206, 0.0, 1.4428151267574094, 2.396245348456622, 3.61170954673822, 4.518346677712988, 5.2686597214092314, 5.902751810808243, 4.25803084300713, 5.01273306789819, 4.594689471553002, 3.6417069198385525, 5.525221270682288, 6.886816719646313, 5.705359685418615, 6.923747327856499, 2.9059156732431175, 4.194407691200273, 2.5133360957102413, 3.7704513390309122, 1.5375230827535564, 2.4490744394566692, 2.700910191028202, 2.177070439834228, 2.192837889585092, 1.0977552641641033, 2.6667939871688624, 6.157638976913148, 4.826432912617765, 6.668945767510784, 5.95325828937398, 5.536081428230622, 4.499762289277068, 2.870843398724493, 5.068640082901921, 6.979163354586279, 6.032024109699828, 7.481031833911683, 3.373821472751633, 4.664670469604471, 2.833617138923323, 4.428299342862902, 2.1789823725767032, 3.2579029405431954], [2.8895153590178406, 2.4053222091852895, 1.4428151267574094, 0.0, 1.4270611970059308, 2.2925973697969733, 3.248500763429185, 4.232759323420126, 4.8688310763467655, 3.145073119976704, 3.8206029393277703, 3.642386793024596, 2.715597315509058, 4.142725330021289, 5.52174793158833, 4.310187041185104, 5.5848215020714855, 2.4575292327864586, 3.722434908766035, 2.884484449602736, 4.174729726581111, 2.4627016425056443, 2.9632411882936562, 2.63793145665311, 3.3631235882732593, 2.626895795420899, 2.0546775927137575, 2.0624763707737355, 5.130247185077928, 4.046053448732481, 5.524597835136961, 4.834352758125952, 4.6019245397985395, 3.8229651907910434, 1.78266031817618, 3.679547849940261, 5.675621359816033, 4.616801415482368, 6.107783127289312, 2.791717306605381, 3.9058988798994787, 3.3422720056871493, 4.611728246547058, 3.4065505500432547, 3.738440209499143], [4.194538068726996, 3.7153928473312217, 2.396245348456622, 1.4270611970059308, 0.0, 1.4262725055191943, 2.412634553760681, 3.038242707553167, 3.533165689576417, 2.786526373462128, 3.8341240616338954, 4.1937745206436645, 3.6285148477028453, 4.0453460593625366, 5.469210418332796, 3.6987525288940324, 4.874119351226434, 1.5375113040234858, 2.46772646174571, 2.5055918582243195, 3.7689175435395237, 2.8949395606817077, 3.5406190306216225, 3.9494693529637623, 4.550753551885665, 3.991794360935944, 2.6397865614477243, 1.096067580033275, 4.040428818826041, 2.8151374122767083, 4.277767242382409, 4.75122956401814, 5.21710345402504, 4.397205989034401, 2.649492081512983, 3.815691143161354, 5.8596184073709106, 3.950559997013082, 5.567483956869567, 2.1827858575682586, 2.5441843054307207, 2.8237297073197354, 3.91110829049772, 3.875155711710176, 4.033752255654777], [4.983201614424205, 4.6882903440380055, 3.61170954673822, 2.2925973697969733, 1.4262725055191943, 0.0, 1.433125992367733, 2.45161493101996, 2.834120217986527, 2.356492056001887, 3.1474126167377547, 3.8823284211926223, 3.502082429069881, 2.924852280030566, 4.297866058871542, 2.3821082448117257, 3.6559589316621155, 2.3890019233981374, 2.926038682246016, 3.734157605136666, 4.799068296034137, 4.157557732611779, 4.484144585090895, 4.477626651475087, 5.650328759461701, 4.740215583705028, 3.937849213720607, 2.0958617225380114, 3.4083137913050194, 2.777786588274916, 3.328415902497763, 4.059184347870887, 4.783135441318801, 4.379609554515105, 2.6697812101368905, 2.7610325170124312, 4.798966378294392, 2.5271962033051567, 4.304769247009647, 2.578496247815769, 2.502676826919528, 4.134373033484037, 4.779343350294054, 5.200100565373712, 4.947900498191126], [5.517737364173834, 5.547217929737392, 4.518346677712988, 3.248500763429185, 2.412634553760681, 1.433125992367733, 0.0, 1.543877929112273, 2.460016036533095, 1.4388612372289413, 2.337279146785852, 3.5139192335624334, 3.6916497734752687, 2.360173055095749, 3.6300858240543024, 1.5408049130243584, 2.4866686630912453, 3.5582415657175384, 3.737148514576321, 4.818721246347417, 5.960871684577684, 5.29219553777069, 5.804295527452061, 4.946005454910053, 6.523991850086878, 5.73089195588261, 4.5644318638796655, 2.468308965668601, 2.2041540622197893, 2.1868957405418303, 2.76775691309768, 2.9835672172753207, 4.377901325978008, 3.952203241231402, 3.0560425716930055, 2.7622177665781535, 4.296682917088483, 2.2186444014307476, 3.2366595743142343, 3.9342425408202786, 3.1271551112792597, 4.96176333272759, 5.854477050087395, 6.25995791199909, 6.30345007833012], [6.576510644711221, 6.520125564741832, 5.2686597214092314, 4.232759323420126, 3.038242707553167, 2.45161493101996, 1.543877929112273, 0.0, 1.4317701072448747, 2.453311321459223, 3.591547770808569, 4.832259577050886, 5.120800393493189, 3.742355104743536, 4.822896087414699, 2.5628727787387344, 2.851961749392863, 3.7915007820123154, 3.3958613958758685, 4.98518370674542, 6.0031445976254805, 5.8178091177005795, 6.510348681138362, 6.152662313177931, 7.384669781378176, 6.846416952684083, 5.109398432301008, 2.7123423179974906, 1.0955675195988603, 1.0941929171768567, 1.942158132078848, 3.9231140513627696, 5.719616863042489, 5.05880521467273, 4.4218416321709215, 4.262127530940387, 5.608026101044824, 3.0547849973443304, 3.8092648713367256, 4.366598585856043, 2.700336032792956, 4.886457900156309, 5.688547773377666, 6.695128142164271, 6.851297655918914], [7.5149618136089025, 7.232570045288189, 5.902751810808243, 4.8688310763467655, 3.533165689576417, 2.834120217986527, 2.460016036533095, 1.4317701072448747, 0.0, 3.713877962453801, 4.714585473824819, 5.969256236751778, 6.065453001219281, 4.467784718403517, 5.463615230778975, 3.0559653466621644, 3.3490570583374657, 3.746372957942121, 2.9686502623246143, 5.069421113894563, 5.792460370170865, 6.12752782205026, 6.643566737077306, 7.100546256450978, 8.07275958145664, 7.4415337054937805, 5.899221618145906, 3.484162890853411, 2.0740007015427935, 2.0388632764361616, 0.9770946167081263, 5.117548395472191, 6.818126890869661, 6.323640211144211, 5.310660695243107, 4.831551023222253, 6.299262981492358, 3.043652775859953, 4.287364792037178, 4.116584877055251, 2.0573495400636226, 5.09620898413713, 5.290984827988075, 7.038307052125531, 6.803310392007702], [4.706937031658699, 5.0728259165873215, 4.25803084300713, 3.145073119976704, 2.786526373462128, 2.356492056001887, 1.4388612372289413, 2.453311321459223, 3.713877962453801, 0.0, 1.4437236404520084, 2.4217655584304607, 2.9412410628848504, 2.393361930423395, 3.6097176994884244, 2.38334914773308, 3.069394093302455, 4.241576874229677, 4.66062378872185, 5.197098855130619, 6.516374935499031, 5.373842771239218, 6.0453055133715115, 4.130411783345578, 6.036183487933415, 5.4027179502542975, 4.110055247803854, 2.542816920267757, 2.760024860395283, 2.6971580635921213, 4.049006383052514, 2.0544769796714686, 3.3728450987259997, 2.6230122836159193, 2.4806866831585164, 2.9061138673493163, 4.084530596041606, 3.330453419581184, 3.6215512505002603, 4.759360882513533, 4.255087755851811, 5.204693782538988, 6.5702478073509525, 6.228616019630685, 6.699483219622241], [4.892019494033114, 5.4761853228319435, 5.01273306789819, 3.8206029393277703, 3.8341240616338954, 3.1474126167377547, 2.337279146785852, 3.591547770808569, 4.714585473824819, 1.4437236404520084, 0.0, 1.529384140757318, 2.453732658624407, 1.5288948623106824, 2.464686479047589, 2.362983916576666, 2.9623448161886894, 5.29636873810727, 5.8539381727175765, 6.292594234495024, 7.5945047718728835, 6.246507355314649, 6.708786456580654, 4.109440868293398, 6.504979720952249, 5.622389394198876, 5.021419573188442, 3.8397068247458686, 3.7106258501767595, 4.060467560515661, 4.81462375477046, 1.0968330638707058, 2.1714505497477945, 2.169052279222426, 2.485855291443973, 2.197829033387265, 2.770331489190418, 3.335003863565978, 3.1098703526031435, 5.603789087751251, 5.384440106454895, 6.437728169160297, 7.713205430947629, 7.125732581987624, 7.447359485079259], [3.7934346257712153, 4.6440486969884365, 4.594689471553002, 3.642386793024596, 4.1937745206436645, 3.8823284211926223, 3.5139192335624334, 4.832259577050886, 5.969256236751778, 2.4217655584304607, 1.529384140757318, 0.0, 1.4270976736019159, 2.5639582894423225, 3.324403087773804, 3.720427870554676, 4.468062181751727, 5.687319641096322, 6.534449536112434, 6.413957169330023, 7.760817151563358, 6.003837110548553, 6.421750793202738, 2.9504951279403935, 5.6344502695471546, 4.776305512632122, 4.6442214309828085, 4.256963313208137, 5.072940312087262, 5.08245092843994, 6.189234203841376, 2.1453962431215357, 1.093963984781949, 1.094611319144837, 1.9591226148457375, 2.690073911623991, 3.1680370152509263, 4.54580076114209, 4.510222324897078, 5.970144851676549, 6.253193648848563, 6.598851969092806, 8.064506031369808, 6.773473482637988, 7.282203503748024], [2.8876088256548877, 3.511236307912072, 3.6417069198385525, 2.715597315509058, 3.6285148477028453, 3.502082429069881, 3.6916497734752687, 5.120800393493189, 6.065453001219281, 2.9412410628848504, 2.453732658624407, 1.4270976736019159, 0.0, 2.9460814550857215, 3.9209827390591765, 4.030292062617795, 5.118635803610177, 4.975859753851589, 6.052521977655265, 5.5993637781448, 6.871560533823448, 4.9856879425010145, 5.207871757253629, 1.942248493370506, 4.555114186274587, 3.453519778428958, 3.9776081317797005, 3.98024004050007, 5.631815785339573, 5.301092469482116, 6.389254487027419, 3.3769070064187434, 2.0442578237590285, 2.0391989481166375, 0.9846227551707305, 2.5209907139852774, 3.693397574050213, 4.600836964075124, 5.234292732547541, 5.110347434372735, 5.903711749399695, 5.964062992625077, 7.283598427975007, 5.7756359537283855, 6.102558661741811], [5.674037244326124, 6.009402706592395, 5.525221270682288, 4.142725330021289, 4.0453460593625366, 2.924852280030566, 2.360173055095749, 3.742355104743536, 4.467784718403517, 2.393361930423395, 1.5288948623106824, 2.5639582894423225, 2.9460814550857215, 0.0, 1.4272198499180146, 1.5216211650736198, 2.4147988508362346, 5.279687578825096, 5.792258095941513, 6.502992389661855, 7.644163483992214, 6.54177397500097, 6.723272499311626, 4.811012102458276, 7.094133899920412, 5.90441270576507, 5.787839041473078, 4.384300151677574, 3.9715581904335733, 4.493577918541082, 4.363776758726321, 2.1757046927375048, 2.8873234993675374, 3.500430174992782, 2.943635821564889, 1.0956977959273257, 1.9487300120847935, 2.1803973468154836, 2.3671737177486576, 5.309546274400478, 5.185673022858268, 6.8504710057046445, 7.692985593383105, 7.538288649952321, 7.381582445519389], [6.779211957890091, 7.236381029907146, 6.886816719646313, 5.52174793158833, 5.469210418332796, 4.297866058871542, 3.6300858240543024, 4.822896087414699, 5.463615230778975, 3.6097176994884244, 2.464686479047589, 3.324403087773804, 3.9209827390591765, 1.4272198499180146, 0.0, 2.4226809839514574, 2.6534706348478783, 6.6641873480567755, 7.11147075716409, 7.917726787405587, 9.028514044403986, 7.929349220459394, 8.03217799852568, 5.858872970973172, 8.322985791769682, 7.057630263764177, 7.151374590244871, 5.785647443458684, 4.8157892354213345, 5.674857317149041, 5.143274406445761, 2.5720067515463487, 3.18155983284929, 4.278479396935318, 4.170785485972637, 2.0657543658431416, 0.9757010607763013, 2.875303714392621, 2.0508709003737904, 6.621777194983232, 6.430962038451168, 8.27487585526212, 9.05404348012533, 8.924183872489406, 8.694489476674292], [6.417828821338257, 6.530278997102651, 5.705359685418615, 4.310187041185104, 3.6987525288940324, 2.3821082448117257,