{"total energy": -65.48193923, "HOMO-LUMO gap/eV": 3.41179505, "electronic energy": -66.24580266, "dipole": [-1.03001611, 1.25645181, 0.38568278], "partial charges": [-0.4587258, 1.15308782, -0.57605719, -0.5753857, -0.09406814, -0.03028615, 4.537e-05, -0.02963475, -0.03440747, 0.10109631, -0.11173925, 0.20969107, -0.44287347, -0.2259084, 0.27523121, -0.41348463, -0.02292349, -0.01476503, -0.02582456, -0.02233052, -0.02559003, -0.01021693, 0.20547745, 0.20596856, 0.09629855, 0.06507436, 0.0862237, 0.31435932, 0.18305534, 0.06618331, 0.0509076, 0.05180654, 0.04971501], "atomic dipole moments": [[0.16182494, -0.06942383, -0.09242331], [-0.10288604, 0.00395956, 0.02838358], [-0.03633764, -0.08350593, 0.16501431], [-0.0955926, 0.13087348, -0.09561219], [0.15765936, 0.04171738, -0.00089256], [0.04507307, -0.03852534, -0.0403835], [-0.06581758, 0.04372837, 0.04855465], [0.02610495, 0.01706959, 0.00633928], [0.06145668, 0.04031723, 0.01954909], [0.20539593, -0.05067753, -0.08818843], [0.17726298, 0.13326655, 0.06772914], [-0.01125403, 0.00388854, 0.14180723], [-0.1577269, -0.15674875, -0.10902612], [0.0442179, 0.02726628, -0.07598119], [0.06141854, -0.01988728, 0.04462039], [0.14206034, 0.13031623, -0.03764169], [0.0037142, -0.04380497, 0.0339199], [0.01560004, -0.00581617, 0.00766314], [0.01376326, -0.01104632, 0.0126686], [0.01045594, -0.01590439, 0.01359338], [-0.00607944, -0.0108036, 0.00807598], [0.08221699, -0.06652615, 0.08382885], [0.03835224, 0.088445, -0.06964477], [0.07225887, -0.03965969, 0.08596624], [0.01606434, 0.12370524, 0.09734276], [-0.13529388, -0.06619458, -0.02733718], [-0.02481258, -0.12062785, -0.09494595], [-0.0631889, -0.02315499, 0.04424385], [0.04563405, -0.1227899, 0.07501152], [-0.14051085, -0.07144064, 0.00618268], [-0.11592033, 0.05687549, -0.08165428], [0.01907834, 0.12485738, -0.0869356], [0.13828, 0.07103382, -0.00469193]], "atomic quadrupole moments": [[-0.12772385, -0.02148079, 0.09516327, -0.01652964, 0.18280635, 0.03256058], [0.07013521, 0.07918101, 0.0425896, -0.05160133, 0.37266644, -0.11272482], [-0.07721573, 0.03559171, -0.03269985, -0.05611676, -0.08941892, 0.10991558], [-0.00963104, -0.09618303, 0.03760351, 0.07656579, -0.0753915, -0.02797248], [0.07717142, 0.14352523, -0.0655806, 0.16914122, -0.33618988, -0.01159082], [-0.2193669, -0.09644251, 0.02164783, 0.09378414, -0.40171721, 0.19771907], [-0.14928317, -0.15068601, -0.00983933, -0.00315064, -0.31257602, 0.1591225], [-0.2540242, -0.09569865, 0.05252787, 0.09267485, -0.39151891, 0.20149633], [-0.19921755, -0.0750915, 0.02722555, 0.09689096, -0.39074067, 0.171992], [-0.08061998, -0.24743381, -0.05391823, -0.11728364, -0.24601079, 0.13453821], [0.12993946, -0.22334787, -0.09985984, -0.25712683, 0.12705138, -0.03007962], [-0.01132444, 0.21357916, -0.00378827, 0.07111967, 0.14954756, 0.01511271], [-0.05170565, 0.08881202, -0.01208445, 0.05833394, 0.13165433, 0.06379009], [0.04149596, 0.11418962, 0.00165514, -0.02579873, 0.00517918, -0.04315111], [-0.12422825, -0.08579517, -0.03201126, -0.18053007, 0.32651032, 0.15623951], [-0.06380416, -0.02429949, -0.00428661, -0.08500778, 0.13465578, 0.06809078], [-0.22856768, -0.03030521, 0.096144, -0.15030928, 0.16743555, 0.13242368], [-0.23348379, -0.16415817, -0.00127186, -0.15234587, 0.38024464, 0.23475565], [-0.23434487, -0.13513593, 0.01118832, -0.16588261, 0.35986337, 0.22315655], [-0.22822296, -0.1408868, 0.00273385, -0.16481079, 0.37043886, 0.22548911], [-0.2345924, -0.11492143, 0.01037948, -0.18257763, 0.35925499, 0.22421292], [-0.13778052, -0.16088793, -0.06198289, -0.0071972, 0.25189051, 0.19976342], [-0.07343202, 0.02968093, 0.10367826, 0.00264431, -0.03045746, -0.03024623], [-0.04950018, 0.00258678, -0.03472722, 0.06970939, 0.00657433, 0.0842274], [0.04104896, 0.01059207, -0.01322017, -0.01379994, 0.03450479, -0.02782879], [0.03202857, 0.0052659, -0.00891088, -0.01870437, 0.04529866, -0.02311769], [0.03432917, 0.00446903, -0.01068965, -0.01794914, 0.04179847, -0.02363953], [0.02002286, 0.02269279, -0.07210072, -0.10196145, 0.00500494, 0.05207787], [0.01545092, -0.00656259, -0.00069076, 0.01400883, -0.03015534, -0.01476016], [0.0211058, 0.01003545, -0.0010215, 0.0187251, -0.03855021, -0.0200843], [0.02338019, 0.02010546, 0.00285327, 0.01650396, -0.04614121, -0.02623346], [0.03360749, 0.01548113, -0.00552187, 0.02324495, -0.0410826, -0.02808561], [0.02266054, 0.01078851, 0.00030028, 0.01836097, -0.04126121, -0.02296082]], "number of molecular orbitals": 109, "number of electrons": 114, "number of unpaired electrons": 0, "orbital energies/eV": [-29.00776927, -21.42531468, -19.93035298, -19.498278, -19.1304911, -18.96548832, -18.46427918, -18.44524468, -18.35460243, -17.9893535, -17.78645798, -17.72427683, -17.64156535, -17.53248484, -17.12294646, -16.89935252, -16.81697628, -16.7589603, -16.67767535, -16.35534715, -15.93326453, -15.82051919, -15.24779326, -15.23677908, -15.21642721, -15.11730103, -15.05461226, -14.81494016, -14.74129749, -14.61846589, -14.60019222, -14.53365532, -14.19839273, -14.08587047, -14.03800287, -14.01285493, -13.91121939, -13.74145979, -13.69262113, -13.32317402, -13.03983492, -12.93246524, -12.89364076, -12.85379451, -12.63784244, -12.52504493, -12.35456721, -12.18596657, -12.08701117, -12.03541649, -11.83296996, -11.77205032, -11.73022333, -11.6650702, -11.5419445, -11.44776186, -11.17006855, -7.7582735, -7.68202254, -7.50076294, -6.98377654, -5.47582105, -4.47951608, -4.42876182, -3.74703652, -3.37152984, -3.03560955, -1.85223439, -0.48427199, -0.40605391, -0.07259248, 0.12807194, 0.13195582, 0.22823915, 0.46300974, 1.47256098, 1.60686113, 1.95819019, 2.50186101, 2.65684702, 2.94183057, 3.15207305, 3.24851728, 3.66801534, 3.79550894, 3.91455012, 4.42083308, 4.44874096, 4.48307309, 4.61238138, 6.17345427, 6.20663544, 6.88271411, 8.00629894, 8.83988867, 9.1270515, 9.77046846, 10.31214908, 10.75908015, 10.91919409, 11.4559662, 13.69441585, 14.95590322, 15.33732968, 15.56718293, 16.58228432, 19.39774128, 26.9969068, 30.75493263], "fractional occupation": [2.0, 2.0, 2.0, 2.0, 2.0, 2.0, 2.0, 2.0, 2.0, 2.0, 2.0, 2.0, 2.0, 2.0, 2.0, 2.0, 2.0, 2.0, 2.0, 2.0, 2.0, 2.0, 2.0, 2.0, 2.0, 2.0, 2.0, 2.0, 2.0, 2.0, 2.0, 2.0, 2.0, 2.0, 2.0, 2.0, 2.0, 2.0, 2.0, 2.0, 2.0, 2.0, 2.0, 2.0, 2.0, 2.0, 2.0, 2.0, 2.0, 2.0, 2.0, 2.0, 2.0, 2.0, 2.0, 2.0, 2.0, 0.0, 0.0, 0.0, 0.0, 0.0, 0.0, 0.0, 0.0, 0.0, 0.0, 0.0, 0.0, 0.0, 0.0, 0.0, 0.0, 0.0, 0.0, 0.0, 0.0, 0.0, 0.0, 0.0, 0.0, 0.0, 0.0, 0.0, 0.0, 0.0, 0.0, 0.0, 0.0, 0.0, 0.0, 0.0, 0.0, 0.0, 0.0, 0.0, 0.0, 0.0, 0.0, 0.0, 0.0, 0.0, 0.0, 0.0, 0.0, 0.0, 0.0, 0.0, 0.0], "program call": "xtb /home/svss/Project-DBcg-Debug/aqme2_20220329/End-to-End-workflows-final/example-3/QDESCP/mol_1118_rdkit_conf_6/mol_1118_rdkit_conf_6.xyz --pop --wbo --acc 0.2 --gfn 2 --chrg 0 --uhf 0 --etemp 300 --input /home/svss/Project-DBcg-Debug/aqme2_20220329/End-to-End-workflows-final/example-3/QDESCP/mol_1118_rdkit_conf_6/mol_1118_rdkit_conf_6_xtb.inp", "method": "GFN2-xTB", "xtb version": "6.3.3 (7355c4f)", "Dipole module/D": 4.244, "Total charge": 0, "Transition dipole module/D": NaN, "HOMO": -11.1701, "LUMO": -7.7583, "HOMO occupancy": 2.0, "LUMO occupancy": 0, "mulliken charges": [-0.39436, 0.52442, -0.40175, -0.40027, 0.05163, -0.01372, -0.01954, -0.02596, -0.0419, 0.11483, -0.03801, 0.35613, -0.56714, -0.38913, 0.47284, -0.53698, -0.04752, 0.00089, -0.02508, -0.01614, -0.01983, -0.02064, 0.238, 0.23868, 0.06808, 0.04698, 0.05335, 0.3544, 0.25437, 0.05769, 0.04082, 0.04086, 0.04398], "cm5 charges": [-0.8242, 0.63764, -0.44951, -0.44804, 0.06512, -0.05861, -0.02105, -0.07632, -0.09333, 0.11262, -0.03741, 0.4261, -0.76078, -0.74342, 0.5721, -0.57698, -0.04262, -0.05051, -0.07985, -0.07089, -0.0713, -0.01662, 0.42901, 0.42958, 0.13568, 0.10621, 0.10983, 0.53785, 0.45165, 0.11513, 0.096, 0.09596, 0.10095], "FUKUI+": [0.002, -0.033, -0.025, -0.026, -0.038, -0.016, -0.019, -0.035, -0.015, -0.026, -0.087, 0.0, -0.02, -0.022, -0.024, -0.086, -0.032, -0.019, -0.02, -0.036, -0.011, -0.021, -0.019, -0.02, -0.038, -0.036, -0.044, -0.019, -0.031, -0.045, -0.05, -0.052, -0.036], "FUKUI-": [-0.032, -0.048, -0.039, -0.039, -0.008, -0.009, -0.018, -0.008, -0.014, -0.008, -0.157, -0.0, -0.022, -0.03, -0.014, -0.122, -0.019, -0.012, -0.018, -0.015, -0.009, -0.013, -0.032, -0.033, -0.024, -0.025, -0.033, -0.018, -0.028, -0.035, -0.044, -0.043, -0.03], "FUKUIrad": [-0.015, -0.04, -0.032, -0.033, -0.023, -0.013, -0.019, -0.021, -0.015, -0.017, -0.122, -0.0, -0.021, -0.026, -0.019, -0.104, -0.026, -0.016, -0.019, -0.025, -0.01, -0.017, -0.025, -0.026, -0.031, -0.031, -0.039, -0.018, -0.03, -0.04, -0.047, -0.048, -0.033], "s proportion": [1.468, 1.706, 1.722, 1.722, 1.077, 1.071, 1.091, 1.068, 1.066, 1.084, 1.944, 1.013, 1.701, 1.432, 0.989, 1.724, 1.086, 1.062, 1.066, 1.068, 1.058, 1.092, 0.762, 0.761, 0.932, 0.953, 0.947, 0.646, 0.746, 0.942, 0.959, 0.959, 0.956], "p proportion": [3.926, 2.809, 4.68, 4.679, 2.871, 2.942, 2.928, 2.958, 2.976, 2.801, 5.107, 2.631, 4.866, 3.957, 2.538, 4.813, 2.961, 2.938, 2.959, 2.949, 2.962, 2.929, 0.0, 0.0, 0.0, 0.0, 0.0, 0.0, 0.0, 0.0, 0.0, 0.0, 0.0], "d proportion": [0.0, 0.96, 0.0, 0.0, 0.0, 0.0, 0.0, 0.0, 0.0, 0.0, -0.013, 0.0, 0.0, 0.0, 0.0, 0.0, 0.0, 0.0, 0.0, 0.0, 0.0, 0.0, 0.0, 0.0, 0.0, 0.0, 0.0, 0.0, 0.0, 0.0, 0.0, 0.0, 0.0], "Fermi-level/eV": -9.4642, "Coordination numbers": [2.632, 3.708, 0.86, 0.86, 2.977, 2.95, 2.958, 2.912, 2.959, 2.919, 0.975, 3.776, 1.658, 2.739, 2.829, 0.857, 3.034, 2.907, 2.919, 2.914, 2.91, 3.044, 0.863, 0.863, 0.925, 0.925, 0.925, 0.804, 0.86, 0.925, 0.925, 0.925, 0.925], "Dispersion coefficient C6": [32.062, 102.37, 25.536, 25.52, 30.358, 28.755, 28.026, 28.74, 28.855, 25.761, 102.641, 17.334, 21.698, 25.933, 22.354, 21.952, 28.542, 28.38, 28.648, 28.563, 28.642, 28.229, 1.078, 1.076, 1.819, 2.141, 1.916, 0.679, 1.197, 2.128, 2.309, 2.297, 2.323], "Total dispersion C6": 18828.087306, "Total dispersion C8": 509660.562109, "Polarizability alpha": [8.41, 17.029, 6.775, 6.773, 9.038, 8.795, 8.683, 8.791, 8.811, 8.323, 15.5, 5.932, 6.288, 7.563, 7.748, 6.282, 8.763, 8.735, 8.777, 8.764, 8.776, 8.714, 1.626, 1.624, 2.109, 2.288, 2.165, 1.295, 1.714, 2.281, 2.376, 2.37, 2.384], "Total polarizability alpha": 215.501291, "Wiberg matrix": [[0.0, 0.9418272735823907, 0.0, 0.0, 0.0, 0.0, 0.0, 0.0, 0.0, 0.0, 0.0, 0.0, 0.0, 0.0, 0.0, 0.0, 0.0, 0.0, 0.0, 0.0, 0.0, 0.0, 0.9402813792547102, 0.9401655420906374, 0.0, 0.0, 0.0, 0.0, 0.0, 0.0, 0.0, 0.0, 0.0], [0.9418272735823907, 0.0, 1.6001094972876957, 1.6006082445335856, 0.7609766114056377, 0.0, 0.0, 0.0, 0.0, 0.0, 0.0, 0.0, 0.0, 0.0, 0.0, 0.0, 0.0, 0.0, 0.0, 0.0, 0.0, 0.0, 0.0, 0.0, 0.0, 0.0, 0.0, 0.0, 0.0, 0.0, 0.0, 0.0, 0.0], [0.0, 1.6001094972876957, 0.0, 0.1172305186547135, 0.0, 0.0, 0.0, 0.0, 0.0, 0.0, 0.0, 0.0, 0.0, 0.0, 0.0, 0.0, 0.0, 0.0, 0.0, 0.0, 0.0, 0.0, 0.0, 0.0, 0.0, 0.0, 0.0, 0.0, 0.0, 0.0, 0.0, 0.0, 0.0], [0.0, 1.6006082445335856, 0.1172305186547135, 0.0, 0.0, 0.0, 0.0, 0.0, 0.0, 0.0, 0.0, 0.0, 0.0, 0.0, 0.0, 0.0, 0.0, 0.0, 0.0, 0.0, 0.0, 0.0, 0.0, 0.0, 0.0, 0.0, 0.0, 0.0, 0.0, 0.0, 0.0, 0.0, 0.0], [0.0, 0.7609766114056377, 0.0, 0.0, 0.0, 1.4119960054183789, 0.0, 0.10074454915146283, 0.0, 1.3866102314698925, 0.0, 0.0, 0.0, 0.0, 0.0, 0.0, 0.0, 0.0, 0.0, 0.0, 0.0, 0.0, 0.0, 0.0, 0.0, 0.0, 0.0, 0.0, 0.0, 0.0, 0.0, 0.0, 0.0], [0.0, 0.0, 0.0, 0.0, 1.4119960054183789, 0.0, 1.412570147153399, 0.0, 0.10875340261801661, 0.0, 0.0, 0.0, 0.0, 0.0, 0.0, 0.0, 0.0, 0.0, 0.0, 0.0, 0.0, 0.0, 0.0, 0.0, 0.955050395995419, 0.0, 0.0, 0.0, 0.0, 0.0, 0.0, 0.0, 0.0], [0.0, 0.0, 0.0, 0.0, 0.0, 1.412570147153399, 0.0, 1.39844794826537, 0.0, 0.0, 0.0, 0.9599616691118442, 0.0, 0.0, 0.0, 0.0, 0.0, 0.0, 0.0, 0.0, 0.0, 0.0, 0.0, 0.0, 0.0, 0.0, 0.0, 0.0, 0.0, 0.0, 0.0, 0.0, 0.0], [0.0, 0.0, 0.0, 0.0, 0.10074454915146283, 0.0, 1.39844794826537, 0.0, 1.4541700485082134, 0.0, 0.0, 0.0, 0.0, 0.0, 0.0, 0.0, 0.0, 0.0, 0.0, 0.0, 0.0, 0.0, 0.0, 0.0, 0.0, 0.9660277207542225, 0.0, 0.0, 0.0, 0.0, 0.0, 0.0, 0.0], [0.0, 0.0, 0.0, 0.0, 0.0, 0.10875340261801661, 0.0, 1.4541700485082134, 0.0, 1.3835680126058871, 0.0, 0.0, 0.0, 0.0, 0.0, 0.0, 0.0, 0.0, 0.0, 0.0, 0.0, 0.0, 0.0, 0.0, 0.0, 0.0, 0.9626870255791365, 0.0, 0.0, 0.0, 0.0, 0.0, 0.0], [0.0, 0.0, 0.0, 0.0, 1.3866102314698925, 0.0, 0.0, 0.0, 1.3835680126058871, 0.0, 1.0124324544348704, 0.0, 0.0, 0.0, 0.0, 0.0, 0.0, 0.0, 0.0, 0.0, 0.0, 0.0, 0.0, 0.0, 0.0, 0.0, 0.0, 0.0, 0.0, 0.0, 0.0, 0.0, 0.0], [0.0, 0.0, 0.0, 0.0, 0.0, 0.0, 0.0, 0.0, 0.0, 1.0124324544348704, 0.0, 0.0, 0.0, 0.0, 0.0, 0.0, 0.0, 0.0, 0.0, 0.0, 0.0, 0.0, 0.0, 0.0, 0.0, 0.0, 0.0, 0.0, 0.0, 0.0, 0.0, 0.0, 0.0], [0.0, 0.0, 0.0, 0.0, 0.0, 0.0, 0.9599616691118442, 0.0, 0.0, 0.0, 0.0, 0.0, 0.9697282713097248, 0.9804544845375293, 0.0, 0.0, 0.0, 0.0, 0.0, 0.0, 0.0, 0.9544509950706617, 0.0, 0.0, 0.0, 0.0, 0.0, 0.0, 0.0, 0.0, 0.0, 0.0, 0.0], [0.0, 0.0, 0.0, 0.0, 0.0, 0.0, 0.0, 0.0, 0.0, 0.0, 0.0, 0.9697282713097248, 0.0, 0.0, 0.0, 0.0, 0.0, 0.0, 0.0, 0.0, 0.0, 0.0, 0.0, 0.0, 0.0, 0.0, 0.0, 0.8770339808162382, 0.0, 0.0, 0.0, 0.0, 0.0], [0.0, 0.0, 0.0, 0.0, 0.0, 0.0, 0.0, 0.0, 0.0, 0.0, 0.0, 0.9804544845375293, 0.0, 0.0, 1.1691133416283375, 0.18179772739817543, 0.0, 0.0, 0.0, 0.0, 0.0, 0.0, 0.0, 0.0, 0.0, 0.0, 0.0, 0.0, 0.9344320145473977, 0.0, 0.0, 0.0, 0.0], [0.0, 0.0, 0.0, 0.0, 0.0, 0.0, 0.0, 0.0, 0.0, 0.0, 0.0, 0.0, 0.0, 1.1691133416283375, 0.0, 1.7026873530489526, 1.0099834607673628, 0.0, 0.0, 0.0, 0.0, 0.0, 0.0, 0.0, 0.0, 0.0, 0.0, 0.0, 0.0, 0.0, 0.0, 0.0, 0.0], [0.0, 0.0, 0.0, 0.0, 0.0, 0.0, 0.0, 0.0, 0.0, 0.0, 0.0, 0.0, 0.0, 0.18179772739817543, 1.7026873530489526, 0.0, 0.0, 0.0, 0.0, 0.0, 0.0, 0.0, 0.0, 0.0, 0.0, 0.0, 0.0, 0.0, 0.0, 0.0, 0.0, 0.0, 0.0], [0.0, 0.0, 0.0, 0.0, 0.0, 0.0, 0.0, 0.0, 0.0, 0.0, 0.0, 0.0, 0.0, 0.0, 1.0099834607673628, 0.0, 0.0, 1.4045489728846172, 0.0, 0.1013791901827934, 0.0, 1.350284622031767, 0.0, 0.0, 0.0, 0.0, 0.0, 0.0, 0.0, 0.0, 0.0, 0.0, 0.0], [0.0, 0.0, 0.0, 0.0, 0.0, 0.0, 0.0, 0.0, 0.0, 0.0, 0.0, 0.0, 0.0, 0.0, 0.0, 0.0, 1.4045489728846172, 0.0, 1.4414226069407055, 0.0, 0.10497463282954572, 0.0, 0.0, 0.0, 0.0, 0.0, 0.0, 0.0, 0.0, 0.9650362516009944, 0.0, 0.0, 0.0], [0.0, 0.0, 0.0, 0.0, 0.0, 0.0, 0.0, 0.0, 0.0, 0.0, 0.0, 0.0, 0.0, 0.0, 0.0, 0.0, 0.0, 1.4414226069407055, 0.0, 1.4350078912255748, 0.0, 0.10651595200612624, 0.0, 0.0, 0.0, 0.0, 0.0, 0.0, 0.0, 0.0, 0.9701150944372645, 0.0, 0.0], [0.0, 0.0, 0.0, 0.0, 0.0, 0.0, 0.0, 0.0, 0.0, 0.0, 0.0, 0.0, 0.0, 0.0, 0.0, 0.0, 0.1013791901827934, 0.0, 1.4350078912255748, 0.0, 1.4293867543384473, 0.0, 0.0, 0.0, 0.0, 0.0, 0.0, 0.0, 0.0, 0.0, 0.0, 0.9701771785061073, 0.0], [0.0, 0.0, 0.0, 0.0, 0.0, 0.0, 0.0, 0.0, 0.0, 0.0, 0.0, 0.0, 0.0, 0.0, 0.0, 0.0, 0.0, 0.10497463282954572, 0.0, 1.4293867543384473, 0.0, 1.43657274341154, 0.0, 0.0, 0.0, 0.0, 0.0, 0.0, 0.0, 0.0, 0.0, 0.0, 0.967797423208464], [0.0, 0.0, 0.0, 0.0, 0.0, 0.0, 0.0, 0.0, 0.0, 0.0, 0.0, 0.9544509950706617, 0.0, 0.0, 0.0, 0.0, 1.350284622031767, 0.0, 0.10651595200612624, 0.0, 1.43657274341154, 0.0, 0.0, 0.0, 0.0, 0.0, 0.0, 0.0, 0.0, 0.0, 0.0, 0.0, 0.0], [0.9402813792547102, 0.0, 0.0, 0.0, 0.0, 0.0, 0.0, 0.0, 0.0, 0.0, 0.0, 0.0, 0.0, 0.0, 0.0, 0.0, 0.0, 0.0, 0.0, 0.0, 0.0, 0.0, 0.0, 0.0, 0.0, 0.0, 0.0, 0.0, 0.0, 0.0, 0.0, 0.0, 0.0], [0.9401655420906374, 0.0, 0.0, 0.0, 0.0, 0.0, 0.0, 0.0, 0.0, 0.0, 0.0, 0.0, 0.0, 0.0, 0.0, 0.0, 0.0, 0.0, 0.0, 0.0, 0.0, 0.0, 0.0, 0.0, 0.0, 0.0, 0.0, 0.0, 0.0, 0.0, 0.0, 0.0, 0.0], [0.0, 0.0, 0.0, 0.0, 0.0, 0.955050395995419, 0.0, 0.0, 0.0, 0.0, 0.0, 0.0, 0.0, 0.0, 0.0, 0.0, 0.0, 0.0, 0.0, 0.0, 0.0, 0.0, 0.0, 0.0, 0.0, 0.0, 0.0, 0.0, 0.0, 0.0, 0.0, 0.0, 0.0], [0.0, 0.0, 0.0, 0.0, 0.0, 0.0, 0.0, 0.9660277207542225, 0.0, 0.0, 0.0, 0.0, 0.0, 0.0, 0.0, 0.0, 0.0, 0.0, 0.0, 0.0, 0.0, 0.0, 0.0, 0.0, 0.0, 0.0, 0.0, 0.0, 0.0, 0.0, 0.0, 0.0, 0.0], [0.0, 0.0, 0.0, 0.0, 0.0, 0.0, 0.0, 0.0, 0.9626870255791365, 0.0, 0.0, 0.0, 0.0, 0.0, 0.0, 0.0, 0.0, 0.0, 0.0, 0.0, 0.0, 0.0, 0.0, 0.0, 0.0, 0.0, 0.0, 0.0, 0.0, 0.0, 0.0, 0.0, 0.0], [0.0, 0.0, 0.0, 0.0, 0.0, 0.0, 0.0, 0.0, 0.0, 0.0, 0.0, 0.0, 0.8770339808162382, 0.0, 0.0, 0.0, 0.0, 0.0, 0.0, 0.0, 0.0, 0.0, 0.0, 0.0, 0.0, 0.0, 0.0, 0.0, 0.0, 0.0, 0.0, 0.0, 0.0], [0.0, 0.0, 0.0, 0.0, 0.0, 0.0, 0.0, 0.0, 0.0, 0.0, 0.0, 0.0, 0.0, 0.9344320145473977, 0.0, 0.0, 0.0, 0.0, 0.0, 0.0, 0.0, 0.0, 0.0, 0.0, 0.0, 0.0, 0.0, 0.0, 0.0, 0.0, 0.0, 0.0, 0.0], [0.0, 0.0, 0.0, 0.0, 0.0, 0.0, 0.0, 0.0, 0.0, 0.0, 0.0, 0.0, 0.0, 0.0, 0.0, 0.0, 0.0, 0.9650362516009944, 0.0, 0.0, 0.0, 0.0, 0.0, 0.0, 0.0, 0.0, 0.0, 0.0, 0.0, 0.0, 0.0, 0.0, 0.0], [0.0, 0.0, 0.0, 0.0, 0.0, 0.0, 0.0, 0.0, 0.0, 0.0, 0.0, 0.0, 0.0, 0.0, 0.0, 0.0, 0.0, 0.0, 0.9701150944372645, 0.0, 0.0, 0.0, 0.0, 0.0, 0.0, 0.0, 0.0, 0.0, 0.0, 0.0, 0.0, 0.0, 0.0], [0.0, 0.0, 0.0, 0.0, 0.0, 0.0, 0.0, 0.0, 0.0, 0.0, 0.0, 0.0, 0.0, 0.0, 0.0, 0.0, 0.0, 0.0, 0.0, 0.9701771785061073, 0.0, 0.0, 0.0, 0.0, 0.0, 0.0, 0.0, 0.0, 0.0, 0.0, 0.0, 0.0, 0.0], [0.0, 0.0, 0.0, 0.0, 0.0, 0.0, 0.0, 0.0, 0.0, 0.0, 0.0, 0.0, 0.0, 0.0, 0.0, 0.0, 0.0, 0.0, 0.0, 0.0, 0.967797423208464, 0.0, 0.0, 0.0, 0.0, 0.0, 0.0, 0.0, 0.0, 0.0, 0.0, 0.0, 0.0]], "Born radii": [], "Atomic SASAs": [], "Solvent H bonds": [], "Total SASA": NaN, "Total FOD": 0.0, "FOD": [0.0, 0.0, 0.0, 0.0, 0.0, 0.0, 0.0, 0.0, 0.0, 0.0, 0.0, 0.0, 0.0, 0.0, 0.0, 0.0, 0.0, 0.0, 0.0, 0.0, 0.0, 0.0, 0.0, 0.0, 0.0, 0.0, 0.0, 0.0, 0.0, 0.0, 0.0, 0.0, 0.0], "FOD s proportion": [0.0, 0.0, 0.0, 0.0, 0.0, 0.0, 0.0, 0.0, 0.0, 0.0, 0.0, 0.0, 0.0, 0.0, 0.0, 0.0, 0.0, 0.0, 0.0, 0.0, 0.0, 0.0, 0.0, 0.0, 0.0, 0.0, 0.0, 0.0, 0.0, 0.0, 0.0, 0.0, 0.0], "FOD p proportion": [0.0, 0.0, 0.0, 0.0, 0.0, 0.0, 0.0, 0.0, 0.0, 0.0, 0.0, 0.0, 0.0, 0.0, 0.0, 0.0, 0.0, 0.0, 0.0, 0.0, 0.0, 0.0, 0.0, 0.0, 0.0, 0.0, 0.0, 0.0, 0.0, 0.0, 0.0, 0.0, 0.0], "FOD d proportion": [0.0, 0.0, 0.0, 0.0, 0.0, 0.0, 0.0, 0.0, 0.0, 0.0, 0.0, 0.0, 0.0, 0.0, 0.0, 0.0, 0.0, 0.0, 0.0, 0.0, 0.0, 0.0, 0.0, 0.0, 0.0, 0.0, 0.0, 0.0, 0.0, 0.0, 0.0, 0.0, 0.0], "coordinates": [["4.13040", "1.30640", "1.03400"], ["4.34890", "0.03970", "-0.05590"], ["4.74050", "0.68780", "-1.28510"], ["5.18210", "-0.90390", "0.65070"], ["2.74670", "-0.66360", "-0.26990"], ["1.64160", "-0.13260", "0.41690"], ["0.35390", "-0.68180", "0.26190"], ["0.20680", "-1.77140", "-0.61470"], ["1.30670", "-2.29950", "-1.29760"], ["2.58070", "-1.75040", "-1.12830"], ["3.86970", "-2.47580", "-2.01750"], ["-0.84410", "-0.09090", "0.98980"], ["-0.45010", "0.72000", "2.07220"], ["-1.69100", "-1.09230", "1.56600"], ["-2.96410", "-1.07830", "1.04090"], ["-3.85000", "-1.87710", "1.26230"], ["-3.04410", "0.07600", "0.14040"], ["-4.12160", "0.54730", "-0.58370"], ["-3.91420", "1.68230", "-1.36890"], ["-2.65320", "2.30740", "-1.40850"], ["-1.57660", "1.80690", "-0.66700"], ["-1.78440", "0.67610", "0.10640"], ["4.39200", "2.18280", "0.57890"], ["4.67390", "1.11380", "1.87760"], ["1.77180", "0.71880", "1.08320"], ["-0.77150", "-2.22200", "-0.78020"], ["1.15880", "-3.14470", "-1.96760"], ["-1.14590", "0.57260", "2.73370"], ["-1.34980", "-1.88690", "2.08740"], ["-5.08670", "0.05380", "-0.53860"], ["-4.73470", "2.09080", "-1.95540"], ["-2.51560", "3.19370", "-2.02560"], ["-0.60690", "2.29490", "-0.69950"]], "bond_dist": [[0.0, 1.6852753929254412, 2.4765122208460832, 2.477583070252136, 2.7378241177986578, 2.94035012370976, 4.3371684196028175, 5.2522092008982275, 5.139275733019196, 4.052300287491044, 4.866688153148915, 5.167209225491067, 4.7331495275344935, 6.318661539440136, 7.484568922122369, 8.59497395574879, 7.333884057578222, 8.443263000759835, 8.404214322588398, 7.279082099413359, 5.9760982463476955, 6.020180968210175, 1.0215808974329934, 1.0218355885366293, 2.4311907288405, 6.306310475230346, 6.136147026432792, 5.591670968503065, 6.429572963269023, 9.433822657332499, 9.388386108911371, 7.555949275240008, 5.140444123808758], [1.6852753929254412, 0.0, 1.443716319087652, 1.443567372864876, 1.76280223791553, 2.7536703542726393, 4.0720491266682926, 4.55514358280834, 4.033442248253965, 2.735147347036353, 3.2257165793045117, 5.298848351292949, 5.293582784844307, 6.355499635748554, 7.478827664814855, 8.522542736179151, 7.3956947192268565, 8.502093909737766, 8.526483763545206, 7.483407944245724, 6.213532755204563, 6.168364057025169, 2.2355550228075356, 2.2355621351239603, 2.8983046820512164, 5.644324010898028, 4.896094184143112, 6.185359941830387, 6.385977148408848, 9.447949272725802, 9.504046528716072, 7.806970881206103, 5.482709333896883], [2.4765122208460832, 1.443716319087652, 0.0, 2.544767394085361, 2.6138384494838234, 3.6294684693491965, 4.848842410307846, 5.2011091595927885, 4.551384402574672, 3.261003146272631, 3.3620034741207507, 6.080238552885898, 6.181814336422601, 7.256839495951388, 8.239553772504916, 9.320120654798414, 7.93765372449567, 8.890923383991113, 8.712053993175203, 7.570015284660923, 6.44516755639448, 6.6716361673880265, 2.4147408246020934, 3.1919559599092215, 3.797760600669821, 6.253319442504117, 5.289842851162971, 7.128374950856612, 7.42257303298526, 9.875883661222423, 9.601933457903154, 7.712254033030811, 5.614301784728], [2.477583070252136, 1.443567372864876, 2.544767394085361, 0.0, 2.614655160819491, 3.6310750997466306, 4.848918342269748, 5.206477071878834, 4.556566405748961, 3.263232325471173, 3.3634141300172957, 6.090241723445795, 6.031532997505693, 6.936337092442956, 8.157404356779184, 9.104943888349888, 8.300058827502369, 9.496765685747963, 9.67005110069228, 8.714624399249805, 7.400324021284473, 7.164131820395267, 3.1870252807280965, 2.4155049451408708, 3.8013626017521664, 6.263402859468644, 5.297510964594599, 6.8236738821546865, 6.759890050881006, 10.381708781313412, 10.681896252070603, 9.121814114527877, 6.750398690447846], [2.7378241177986578, 1.76280223791553, 2.6138384494838234, 2.614655160819491, 0.0, 1.4053117981430314, 2.4512515823554306, 2.7923466636504863, 2.409551016268384, 1.394826440816204, 2.7566834421093764, 3.848203999270309, 4.197536373874561, 4.82156549162199, 5.8739602799133745, 6.8801649674989624, 5.852240501722396, 6.981281697510851, 7.1469319725319895, 6.267549040095338, 4.995195847011406, 4.739964661260673, 3.395506809005101, 3.388953651202683, 2.1661808280935366, 3.881590896784462, 3.3999218976323555, 5.069727621874769, 4.882073169259142, 7.870769848623451, 8.148556655629266, 6.756703861351332, 4.4926508177244315], [2.94035012370976, 2.7536703542726393, 3.6294684693491965, 3.6310750997466306, 1.4053117981430314, 0.0, 1.408480361950425, 2.4100861063455805, 2.7833655652824336, 2.426278774172498, 4.047384242940124, 2.551207124088517, 2.8003845700189105, 3.653447366529317, 4.743015599805677, 5.8237146195533995, 4.698483872484825, 5.888797721946305, 6.111452960630556, 5.266022426841724, 3.9106662731560204, 3.533819737904015, 3.598891679392421, 3.589150420364128, 1.0889397090748412, 3.4090603368083707, 3.871909412680002, 3.6925635444769256, 3.8492353396486427, 6.798363486898888, 7.157409904427719, 5.857677848772497, 3.4921136092630207], [4.3371684196028175, 4.0720491266682926, 4.848842410307846, 4.848918342269748, 2.4512515823554306, 1.408480361950425, 0.0, 1.40616291019213, 2.4406600295821623, 2.8342900768975645, 4.557954585118198, 1.521251202135926, 2.4266531128284488, 2.4598380170246985, 3.4312063840579454, 4.48356080141666, 3.483593990407033, 4.717608124887017, 5.1444295174489465, 4.5572144134328365, 3.283795540224756, 2.537794229247123, 4.9611161818687535, 4.949451065522316, 2.1556099971933698, 2.17364063497166, 3.4182467245650945, 3.1516209543661815, 2.7725998539277175, 5.548156087386152, 6.2046418115794575, 5.3372452398217565, 3.272333951478669], [5.2522092008982275, 4.55514358280834, 5.2011091595927885, 5.206477071878834, 2.7923466636504863, 2.4100861063455805, 1.40616291019213, 0.0, 1.3982210233006798, 2.4289148132447957, 3.985080125919678, 2.5500767262966817, 3.722636589837907, 2.9695579031229546, 3.643625362190795, 4.471233356692536, 3.814631513003582, 4.9104355458553774, 5.42950295423071, 5.044435338073034, 3.9984349113121747, 3.2365288350329893, 5.880159661097648, 5.872897133442744, 3.396054394440702, 1.0897254241321526, 2.1500221626764686, 4.3053357418440665, 3.1205269138400333, 5.5998471854149745, 6.413461435137815, 5.835607815814905, 4.147781867456388], [5.139275733019196, 4.033442248253965, 4.551384402574672, 4.556566405748961, 2.409551016268384, 2.7833655652824336, 2.4406600295821623, 1.3982210233006798, 0.0, 1.3975869561497778, 2.668015498455734, 3.8387567466563963, 4.853790120102022, 4.3178399796657585, 5.019924733499498, 5.772613330199762, 5.161424695759883, 6.170928968964073, 6.56640021168372, 6.0759060583587035, 5.057034329525557, 4.514455733529791, 5.75598311585432, 5.750699763507046, 3.872294092653604, 2.1430408885506593, 1.088640183899161, 5.524091315320557, 4.322667695995148, 6.854900834439548, 7.497062684145038, 6.731657116193605, 5.01279362531513], [4.052300287491044, 2.735147347036353, 3.261003146272631, 3.263232325471173, 1.394826440816204, 2.426278774172498, 2.8342900768975645, 2.4289148132447957, 1.3975869561497778, 0.0, 1.7258049716002093, 4.355403873350897, 5.052902636109269, 5.093109952671354, 5.99182393683259, 6.86184550540159, 6.04844704779665, 7.106112843179456, 7.350173036058403, 6.628571647798642, 5.490931093175364, 5.144558712853805, 4.654610807575645, 4.649791682430515, 3.4120375291019296, 3.4030611234592896, 2.161086900150015, 5.847984315984441, 5.08017607864137, 7.898854758127915, 8.303853864923202, 7.156922927487763, 5.1680862308982425], [4.866688153148915, 3.2257165793045117, 3.3620034741207507, 3.3634141300172957, 2.7566834421093764, 4.047384242940124, 4.557954585118198, 3.985080125919678, 2.668015498455734, 1.7258049716002093, 0.0, 6.078775513209877, 6.752736909579701, 6.758470906203562, 7.616274630683955, 8.408882079087563, 7.679117533284668, 8.663474576634943, 8.848704808049593, 8.111603272473328, 7.058863451717989, 6.812802039542907, 5.358791301217094, 5.3575899255168835, 4.9214829127001956, 4.809996171516148, 2.7926503594256116, 7.551350035589663, 6.66634738593782, 9.423540859464664, 9.74132390027146, 8.539048656027203, 6.67357850407111], [5.167209225491067, 5.298848351292949, 6.080238552885898, 6.090241723445795, 3.848203999270309, 2.551207124088517, 1.521251202135926, 2.5500767262966817, 3.8387567466563963, 4.355403873350897, 6.078775513209877, 0.0, 1.4086818554947032, 1.4324971239063624, 2.3392242239682797, 3.5071643103795407, 2.3641776519542685, 3.6912339048074427, 4.258311630212143, 3.8440250506467826, 2.6235829184533124, 1.500949249641706, 5.723224066031313, 5.7173258548031, 2.7399398643035946, 2.771237624239394, 4.699310333442558, 1.8901065313891698, 2.1647342215616217, 4.511828832081289, 5.345164757984547, 4.7618427703988715, 2.9329234510978974], [4.7331495275344935, 5.293582784844307, 6.181814336422601, 6.031532997505693, 4.197536373874561, 2.8003845700189105, 2.4266531128284488, 3.722636589837907, 4.853790120102022, 5.052902636109269, 6.752736909579701, 1.4086818554947032, 0.0, 2.2539970141950056, 3.258474885586814, 4.354329618896576, 3.2977906604270686, 4.534704218579201, 4.976663471644431, 4.4146076677322075, 3.154927970651628, 2.376268785301865, 5.274055473731766, 5.1427933654775595, 2.43206949941814, 4.110334258913745, 5.817598244980483, 0.9713118191394562, 2.7578286277432107, 5.362663390517813, 6.038083434335766, 5.213199284508506, 3.19174202278317], [6.318661539440136, 6.355499635748554, 7.256839495951388, 6.936337092442956, 4.82156549162199, 3.653447366529317, 2.4598380170246985, 2.9695579031229546, 4.3178399796657585, 5.093109952671354, 6.758470906203562, 1.4324971239063624, 2.2539970141950056, 0.0, 1.3772108117496031, 2.3172021340401012, 2.2865125978222816, 3.635562488804174, 4.610277801824962, 4.6185971008521625, 3.661248011266104, 2.294862584121324, 6.978791830969026, 6.743583897305645, 3.9375325890714863, 2.7615859175481035, 4.98197097141282, 2.105362037750277, 1.009784412634697, 4.1561598693986745, 5.638837935248716, 5.652375758917661, 4.2167388939795645], [7.484568922122369, 7.478827664814855, 8.239553772504916, 8.157404356779184, 5.8739602799133745, 4.743015599805677, 3.4312063840579454, 3.643625362190795, 5.019924733499498, 5.99182393683259, 7.616274630683955, 2.3392242239682797, 3.258474885586814, 1.3772108117496031, 0.0, 1.2132263638744418, 1.4661885076619583, 2.573267722177387, 3.7855961762977306, 4.19036796236321, 3.62856138159464, 2.311471760588911, 8.05980300131461, 7.990269914089261, 5.065580569885351, 3.0711479384751237, 5.506304170675644, 2.9827661473873546, 2.086854259405769, 2.8778292895861632, 4.707019530445991, 5.277741799292572, 4.468093803849691], [8.59497395574879, 8.522542736179151, 9.320120654798414, 9.104943888349888, 6.8801649674989624, 5.8237146195533995, 4.48356080141666, 4.471233356692536, 5.772613330199762, 6.86184550540159, 8.408882079087563, 3.5071643103795407, 4.354329618896576, 2.3172021340401012, 1.2132263638744418, 0.0, 2.3922236580219667, 3.059280621322601, 4.426811882156277, 5.106421754026981, 4.73945166132117, 3.481614339641885, 9.213055278787815, 9.054333112383263, 6.194788847087526, 3.710515396814841, 6.09320451076443, 3.934234977730741, 2.632847525019252, 2.915654730930945, 5.184642493943049, 6.189016271589533, 5.6366604341578], [7.333884057578222, 7.3956947192268565, 7.93765372449567, 8.300058827502369, 5.852240501722396, 4.698483872484825, 3.483593990407033, 3.814631513003582, 5.161424695759883, 6.04844704779665, 7.679117533284668, 2.3641776519542685, 3.2977906604270686, 2.2865125978222816, 1.4661885076619583, 2.3922236580219667, 0.0, 1.381104901881099, 2.369654023270064, 2.74427403515028, 2.408623220846299, 1.3957507298941312, 7.741219006073914, 7.97887314600251, 4.9492379706375, 3.360508759101812, 5.699205286704454, 3.2519193855321813, 3.2425974002333375, 2.1526143639769764, 3.363023199444215, 3.8328737965135247, 3.401307551516034], [8.443263000759835, 8.502093909737766, 8.890923383991113, 9.496765685747963, 6.981281697510851, 5.888797721946305, 4.717608124887017, 4.9104355458553774, 6.170928968964073, 7.106112843179456, 8.663474576634943, 3.6912339048074427, 4.534704218579201, 3.635562488804174, 2.573267722177387, 3.059280621322601, 1.381104901881099, 0.0, 1.3956284605868425, 2.4360717579743008, 2.84087241001774, 2.440354746753021, 8.746878527223297, 9.150942038391458, 6.127000197486532, 4.350954464252642, 6.590043047659097, 4.4565203174674295, 4.554446189165045, 1.0848936676006553, 2.1540298860507954, 3.414929658133532, 3.9269111894719497], [8.404214322588398, 8.526483763545206, 8.712053993175203, 9.67005110069228, 7.1469319725319895, 6.111452960630556, 5.1444295174489465, 5.42950295423071, 6.56640021168372, 7.350173036058403, 8.848704808049593, 4.258311630212143, 4.976663471644431, 4.610277801824962, 3.7855961762977306, 4.426811882156277, 2.369654023270064, 1.3956284605868425, 0.0, 1.4079911825007998, 2.443882675170803, 2.7793878048951717, 8.54619117092521, 9.198826887706932, 6.266715460271034, 5.046453157416603, 7.02806514554326, 5.072104665718167, 5.5911846410219725, 2.171673684051082, 1.088151988464847, 2.161403897933008, 3.4295201428188173], [7.279082099413359, 7.483407944245724, 7.570015284660923, 8.714624399249805, 6.267549040095338, 5.266022426841724, 4.5572144134328365, 5.044435338073034, 6.0759060583587035, 6.628571647798642, 8.111603272473328, 3.8440250506467826, 4.4146076677322075, 4.6185971008521625, 4.19036796236321, 5.106421754026981, 2.74427403515028, 2.4360717579743008, 1.4079911825007998, 0.0, 1.3997821473357916, 2.3897437393996874, 7.3212107577913645, 8.118468364168207, 5.320981474314677, 4.94479727997013, 6.676026604201034, 4.737014372999094, 5.613583602298981, 3.428900876374236, 2.163020439108239, 1.0887028336511302, 2.165682557532382], [5.9760982463476955, 6.213532755204563, 6.44516755639448, 7.400324021284473, 4.995195847011406, 3.9106662731560204, 3.283795540224756, 3.9984349113121747, 5.057034329525557, 5.490931093175364, 7.058863451717989, 2.6235829184533124, 3.154927970651628, 3.661248011266104, 3.62856138159464, 4.73945166132117, 2.408623220846299, 2.84087241001774, 2.443882675170803, 1.3997821473357916, 0.0, 1.3856540116493727, 6.1088258757309495, 6.784108417470935, 3.931786389162056, 4.110113801344192, 5.804508254796438, 3.6433170970970945, 4.61327606371004, 3.9256398433885913, 3.4225968766420625, 2.1565549378580644, 1.0860563245062387], [6.020180968210175, 6.168364057025169, 6.6716361673880265, 7.164131820395267, 4.739964661260673, 3.533819737904015, 2.537794229247123, 3.2365288350329893, 4.514455733529791, 5.144558712853805, 6.812802039542907, 1.500949249641706, 2.376268785301865, 2.294862584121324, 2.311471760588911, 3.481614339641885, 1.3957507298941312, 2.440354746753021, 2.7793878048951717, 2.3897437393996874, 1.3856540116493727, 0.0, 6.375054360552544, 6.7110632257489575, 3.6881594284954655, 3.1954670362874973, 5.249991893327074, 2.7057530911005165, 3.2683646002244, 3.4217638112529047, 3.8673848295715287, 3.3791104154791984, 2.157891215979156], [1.0215808974329934, 2.2355550228075356, 2.4147408246020934, 3.1870252807280965, 3.395506809005101, 3.598891679392421, 4.9611161818687535, 5.880159661097648, 5.75598311585432, 4.654610807575645, 5.358791301217094, 5.723224066031313, 5.274055473731766, 6.978791830969026, 8.05980300131461, 9.213055278787815, 7.741219006073914, 8.746878527223297, 8.54619117092521, 7.3212107577913645, 6.1088258757309495, 6.375054360552544, 0.0, 1.7055351945943535, 3.04352797424305, 6.921787926540367, 6.732050262735714, 6.156642225271825, 7.197659173648055, 9.77891614341794, 9.472475567664453, 7.451192979650977, 5.160995464055361], [1.0218355885366293, 2.2355621351239603, 3.1919559599092215, 2.4155049451408708, 3.388953651202683, 3.589150420364128, 4.949451065522316, 5.872897133442744, 5.750699763507046, 4.649791682430515, 5.3575899255168835, 5.7173258548031, 5.1427933654775595, 6.743583897305645, 7.990269914089261, 9.054333112383263, 7.97887314600251, 9.150942038391458, 9.198826887706932, 8.118468364168207, 6.784108417470935, 6.7110632257489575, 1.7055351945943535, 0.0, 3.03467968161386, 6.916924435036138, 6.7287675914687375, 5.90727320258679, 6.732991773350091, 10.110931450662694, 10.20628100534176, 8.440963481735956, 5.993604112718823], [2.4311907288405, 2.8983046820512164, 3.797760600669821, 3.8013626017521664, 2.1661808280935366, 1.0889397090748412, 2.1556099971933698, 3.396054394440702, 3.872294092653604, 3.4120375291019296, 4.9214829127001956, 2.7399398643035946, 2.43206949941814, 3.9375325890714863, 5.065580569885351, 6.194788847087526, 4.9492379706375, 6.127000197486532, 6.266715460271034, 5.320981474314677, 3.931786389162056, 3.6881594284954655, 3.04352797424305, 3.03467968161386, 0.0, 4.311489196321847, 4.960824718733771, 3.355368531175078, 4.188373991180826, 7.078946425139831, 7.310951799184563, 5.845645063634979, 3.3645689456451926], [6.306310475230346, 5.644324010898028, 6.253319442504117, 6.263402859468644, 3.881590896784462, 3.4090603368083707, 2.17364063497166, 1.0897254241321526, 2.1430408885506593, 3.4030611234592896, 4.809996171516148, 2.771237624239394, 4.110334258913745, 2.7615859175481035, 3.0711479384751237, 3.710515396814841, 3.360508759101812, 4.350954464252642, 5.046453157416603, 4.94479727997013, 4.110113801344192, 3.1954670362874973, 6.921787926540367, 6.916924435036138, 4.311489196321847, 0.0, 2.4469066471772067, 4.505269995238909, 2.9444613531170694, 4.884525282972748, 5.973967954383418, 5.824320772416299, 4.520618459901255], [6.136147026432792, 4.896094184143112, 5.289842851162971, 5.297510964594599, 3.3999218976323555, 3.871909412680002, 3.4182467245650945, 2.1500221626764686, 1.088640183899161, 2.161086900150015, 2.7926503594256116, 4.699310333442558, 5.817598244980483, 4.98197097141282, 5.506304170675644, 6.09320451076443, 5.699205286704454, 6.590043047659097, 7.02806514554326, 6.676026604201034, 5.804508254796438, 5.249991893327074, 6.732050262735714, 6.7287675914687375, 4.960824718733771, 2.4469066471772067, 0.0, 6.4212290934057155, 4.93134462393372, 7.160915688653232, 7.8831434935563625, 7.326656394290645, 5.857902547840823], [5.591670968503065, 6.185359941830387, 7.128374950856612, 6.8236738821546865, 5.069727621874769, 3.6925635444769256, 3.1516209543661815, 4.3053357418440665, 5.524091315320557, 5.847984315984441, 7.551350035589663, 1.8901065313891698, 0.9713118191394562, 2.105362037750277, 2.9827661473873546, 3.934234977730741, 3.2519193855321813, 4.4565203174674295, 5.072104665718167, 4.737014372999094, 3.6433170970970945, 2.7057530911005165, 6.156642225271825, 5.90727320258679, 3.355368531175078, 4.505269995238909, 6.4212290934057155, 0.0, 2.5511603536430245, 5.148495447215623, 6.096890641138317, 5.60331864076995, 3.8786209572475627], [6.429572963269023, 6.385977148408848, 7.42257303298526, 6.759890050881006, 4.882073169259142, 3.8492353396486427, 2.7725998539277175, 3.1205269138400333, 4.322667695995148, 5.08017607864137, 6.66634738593782, 2.1647342215616217, 2.7578286277432107, 1.009784412634697, 2.086854259405769, 2.632847525019252, 3.2425974002333375, 4.554446189165045, 5.5911846410219725, 5.613583602298981, 4.61327606371004, 3.2683646002244, 7.197659173648055, 6.732991773350091, 4.188373991180826, 2.9444613531170694, 4.93134462393372, 2.5511603536430245, 0.0, 4.962520942021303, 6.604837404508911, 6.639906249338163, 5.079976698765458], [9.433822657332499, 9.447949272725802, 9.875883661222423, 10.381708781313412, 7.870769848623451, 6.798363486898888, 5.548156087386152, 5.5998471854149745, 6.854900834439548, 7.898854758127915, 9.423540859464664, 4.511828832081289, 5.362663390517813, 4.1561598693986745, 2.8778292895861632, 2.915654730930945, 2.1526143639769764, 1.0848936676006553, 2.171673684051082, 3.428900876374236, 3.9256398433885913, 3.4217638112529047, 9.77891614341794, 10.110931450662694, 7.078946425139831, 4.884525282972748, 7.160915688653232, 5.148495447215623, 4.962520942021303, 0.0, 2.506111577723546, 4.322117099292892, 5.011688942861479], [9.388386108911371, 9.504046528716072, 9.601933457903154, 10.681896252070603, 8.148556655629266, 7.157409904427719, 6.2046418115794575, 6.413461435137815, 7.497062684145038, 8.303853864923202, 9.74132390027146, 5.345164757984547, 6.038083434335766, 5.638837935248716, 4.707019530445991, 5.184642493943049, 3.363023199444215, 2.1540298860507954, 1.088151988464847, 2.163020439108239, 3.4225968766420625, 3.8673848295715287, 9.472475567664453, 10.20628100534176, 7.310951799184563, 5.973967954383418, 7.8831434935563625, 6.096890641138317, 6.604837404508911, 2.506111577723546, 0.0, 2.479056526180878, 4.319453027872858], [7.555949275240008, 7.806970881206103, 7.712254033030811, 9.121814114527877, 6.756703861351332, 5.857677848772497, 5.3372452398217565, 5.835607815814905, 6.731657116193605, 7.156922927487763, 8.539048656027203, 4.7618427703988715, 5.213199284508506, 5.652375758917661, 5.277741799292572, 6.189016271589533, 3.8328737965135247, 3.414929658133532, 2.161403897933008, 1.0887028336511302, 2.1565549378580644, 3.3791104154791984, 7.451192979650977, 8.440963481735956, 5.845645063634979, 5.824320772416299, 7.326656394290645, 5.60331864076995, 6.639906249338163, 4.322117099292892, 2.479056526180878, 0.0, 2.4918905152514226], [5.140444123808758, 5.482709333896883, 5.614301784728, 6.750398690447846, 4.4926508177244315, 3.4921136092630207, 3.272333951478669, 4.147781867456388, 5.01279362531513, 5.1680862308982425, 6.67357850407111, 2.9329234510978974, 3.19174202278317, 4.2167388939795645, 4.468093803849691, 5.6366604341578, 3.401307551516034, 3.9269111894719497, 3.4295201428188173, 2.165682557532382, 1.0860563245062387, 2.157891215979156, 5.160995464055361, 5.993604112718823, 3.3645689456451926, 4.520618459901255, 5.857902547840823, 3.8786209572475627, 5.079976698765458, 5.011688942861479, 4.319453027872858, 2.4918905152514226, 0.0]]}