{"total energy": -36.12994939, "HOMO-LUMO gap/eV": 10.17189462, "electronic energy": -36.3730389, "dipole": [0.68730702, 0.16120549, -0.43973916], "partial charges": [0.0624373, -0.332677, 0.23010724, -0.43916721, 0.08617877, -0.4521871, 0.09419616, -0.45463785, 0.09595153, -0.44455865, 0.08084263, 0.04621817, 0.0174109, 0.31787842, 0.05416717, 0.3126935, 0.04411014, 0.31425735, 0.04848656, 0.31829198], "atomic dipole moments": [[0.16444851, -0.1764943, -0.02525901], [-0.16856477, -0.05224761, -0.20427659], [0.08003589, 0.0024425, 0.18830341], [-0.16922889, 0.16734232, -0.00051165], [0.02095295, 0.02289438, -0.17723617], [0.07403754, 0.09954716, 0.19927184], [-0.02159273, -0.1464802, 0.09109155], [0.18202154, 0.12187821, -0.09367172], [-0.10277662, 0.09564119, -0.10398103], [0.16477595, -0.17898896, -0.00593812], [-0.02400616, 0.0689324, 0.10369504], [-0.01476618, 0.0855205, -0.08709188], [0.00411764, 0.07007982, -0.09658713], [0.02588527, 0.0774636, 0.01146769], [0.02532082, -0.09169654, 0.08664772], [0.0834809, -0.00308073, 0.0130331], [-0.04177005, 0.04824008, -0.10846223], [0.04159672, -0.04116721, -0.06059275], [-0.00207001, -0.06547388, 0.10591743], [-0.03308729, -0.07265078, -0.01554558]], "atomic quadrupole moments": [[0.41342353, -0.07360271, -0.06239685, -0.0086223, 0.03000956, -0.35102668], [0.06751882, -0.083735, -0.08513371, -0.01071416, 0.10303197, 0.01761489], [0.23422652, -0.12363823, -0.13523747, -0.05395556, 0.28502572, -0.09898905], [0.16413568, -0.07529248, -0.05037953, 0.0246751, 0.00306919, -0.11375616], [0.02170956, 0.03103021, -0.06559502, -0.11648304, 0.31244847, 0.04388547], [-0.06414031, -0.02452802, -0.05020805, -0.03583626, 0.12739228, 0.11434836], [0.10451766, 0.18041181, 0.15107139, -0.0907596, 0.12893815, -0.25558904], [0.00147092, 0.13594265, 0.09428282, -0.03126868, -0.00503546, -0.09575374], [0.30041969, -0.08564655, -0.0565661, 0.01224005, 0.15773708, -0.24385359], [0.15054118, -0.09875971, -0.03611689, 0.02241952, 0.00436386, -0.11442429], [-0.02405015, 0.00051854, -0.01878187, -0.01027787, 0.03352116, 0.04283203], [-0.00562429, -0.0085234, -0.02135106, 0.01233886, -0.04009542, 0.02697535], [0.00662652, -0.01545475, -0.0108189, 0.00813702, -0.0090489, 0.00419239], [0.01266514, 0.08395059, 0.06867592, 0.02651025, 0.02491348, -0.08134106], [-0.02575504, -0.01491197, -0.0104554, -0.00135292, -0.00286206, 0.03621044], [0.12119439, -0.03402276, -0.06977082, -0.01291717, 0.0195434, -0.05142357], [-0.01897474, 0.01948043, 0.01730496, 0.00579758, -0.02610244, 0.00166977], [-0.04177229, -0.02355348, 0.02598907, -0.05091937, 0.09073492, 0.01578322], [0.00461614, -0.01408045, -0.00632932, 0.01012917, -0.01984674, 0.00171319], [0.02540987, 0.08205979, 0.05400622, 0.02459623, 0.03100602, -0.07941609]], "number of molecular orbitals": 50, "number of electrons": 60, "number of unpaired electrons": 0, "orbital energies/eV": [-19.86188853, -19.56773291, -19.30020378, -19.10924554, -18.91999127, -18.28014751, -18.10412093, -17.38598087, -17.29092228, -16.80873071, -16.64440909, -16.14065255, -15.85601161, -15.62323875, -15.37355224, -15.1210819, -14.92549103, -14.84578621, -14.54724181, -14.465774, -14.01975679, -13.67627647, -13.46813626, -12.90957595, -12.81068037, -12.35629835, -12.19585577, -11.6848312, -11.47299944, -11.42785263, -1.25595801, -0.74290258, -0.05212069, 0.92528577, 1.16463296, 1.6338412, 2.33168017, 2.37420098, 2.69094833, 3.32926837, 3.66122041, 4.19666912, 4.39704545, 4.52228826, 4.72627296, 5.03454104, 5.25594459, 5.68862212, 6.80013202, 6.96661235], "fractional occupation": [2.0, 2.0, 2.0, 2.0, 2.0, 2.0, 2.0, 2.0, 2.0, 2.0, 2.0, 2.0, 2.0, 2.0, 2.0, 2.0, 2.0, 2.0, 2.0, 2.0, 2.0, 2.0, 2.0, 2.0, 2.0, 2.0, 2.0, 2.0, 2.0, 2.0, 0.0, 0.0, 0.0, 0.0, 0.0, 0.0, 0.0, 0.0, 0.0, 0.0, 0.0, 0.0, 0.0, 0.0, 0.0, 0.0, 0.0, 0.0, 0.0, 0.0], "program call": "xtb /home/svss/Project-DBcg-Debug/aqme2_20220329/End-to-End-workflows-final/example-3/QDESCP/mol_103_rdkit_conf_4/mol_103_rdkit_conf_4.xyz --pop --wbo --acc 0.2 --gfn 2 --chrg 0 --uhf 0 --etemp 300 --input /home/svss/Project-DBcg-Debug/aqme2_20220329/End-to-End-workflows-final/example-3/QDESCP/mol_103_rdkit_conf_4/mol_103_rdkit_conf_4_xtb.inp", "method": "GFN2-xTB", "xtb version": "6.3.3 (7355c4f)", "Dipole module/D": 2.114, "Total charge": 0, "Transition dipole module/D": NaN, "HOMO": -11.4279, "LUMO": -1.256, "HOMO occupancy": 2.0, "LUMO occupancy": 0, "mulliken charges": [0.17353, -0.47991, 0.39718, -0.56664, 0.17494, -0.57603, 0.18097, -0.5763, 0.18945, -0.57182, 0.056, 0.02958, 0.02181, 0.35838, 0.04667, 0.35604, 0.03329, 0.35704, 0.03719, 0.35864], "cm5 charges": [0.09713, -0.56875, 0.38238, -0.77162, 0.13923, -0.78174, 0.14326, -0.78294, 0.15042, -0.77543, 0.12027, 0.09484, 0.09832, 0.53194, 0.12013, 0.52805, 0.10595, 0.52943, 0.10801, 0.53112], "FUKUI+": [-0.01, -0.115, -0.007, -0.042, -0.015, -0.07, 0.0, -0.05, -0.015, -0.093, -0.077, -0.068, -0.06, -0.037, -0.056, -0.061, -0.049, -0.055, -0.059, -0.059], "FUKUI-": [0.02, -0.105, 0.007, -0.058, -0.002, -0.077, 0.006, -0.078, 0.001, -0.106, -0.063, -0.071, -0.089, -0.041, -0.061, -0.045, -0.064, -0.043, -0.085, -0.047], "FUKUIrad": [0.005, -0.11, 0.0, -0.05, -0.008, -0.074, 0.003, -0.064, -0.007, -0.1, -0.07, -0.069, -0.075, -0.039, -0.059, -0.053, -0.057, -0.049, -0.072, -0.053], "s proportion": [1.002, 1.698, 0.991, 1.704, 1.034, 1.71, 1.032, 1.709, 1.025, 1.706, 0.944, 0.97, 0.978, 0.642, 0.953, 0.644, 0.967, 0.643, 0.963, 0.641], "p proportion": [2.825, 4.782, 2.611, 4.863, 2.791, 4.866, 2.787, 4.867, 2.785, 4.866, 0.0, 0.0, 0.0, 0.0, 0.0, 0.0, 0.0, 0.0, 0.0, 0.0], "d proportion": [0.0, 0.0, 0.0, 0.0, 0.0, 0.0, 0.0, 0.0, 0.0, 0.0, 0.0, 0.0, 0.0, 0.0, 0.0, 0.0, 0.0, 0.0, 0.0, 0.0], "Fermi-level/eV": -6.3419, "Coordination numbers": [3.701, 1.697, 3.627, 1.653, 3.724, 1.651, 3.729, 1.651, 3.725, 1.652, 0.924, 0.924, 0.924, 0.804, 0.924, 0.803, 0.924, 0.803, 0.924, 0.803], "Dispersion coefficient C6": [19.683, 19.575, 17.384, 21.625, 19.25, 21.891, 19.115, 21.941, 19.094, 21.735, 1.97, 2.368, 2.773, 0.67, 2.269, 0.684, 2.395, 0.68, 2.339, 0.669], "Total dispersion C6": 3267.738868, "Total dispersion C8": 69414.231295, "Polarizability alpha": [6.344, 5.973, 6.006, 6.278, 6.265, 6.316, 6.242, 6.323, 6.239, 6.293, 2.195, 2.406, 2.604, 1.286, 2.356, 1.3, 2.42, 1.295, 2.392, 1.285], "Total polarizability alpha": 81.818377, "Wiberg matrix": [[0.0, 0.9719218564884922, 0.0, 0.0, 0.0, 0.0, 0.0, 0.0, 0.9844734756480369, 0.0, 0.9666707173964832, 0.9672480801749863, 0.0, 0.0, 0.0, 0.0, 0.0, 0.0, 0.0, 0.0], [0.9719218564884922, 0.0, 0.967982781866211, 0.0, 0.0, 0.0, 0.0, 0.0, 0.0, 0.0, 0.0, 0.0, 0.0, 0.0, 0.0, 0.0, 0.0, 0.0, 0.0, 0.0], [0.0, 0.967982781866211, 0.0, 0.9981207424321114, 0.9615538685032037, 0.0, 0.0, 0.0, 0.0, 0.0, 0.0, 0.0, 0.951929621693619, 0.0, 0.0, 0.0, 0.0, 0.0, 0.0, 0.0], [0.0, 0.0, 0.9981207424321114, 0.0, 0.0, 0.0, 0.0, 0.0, 0.0, 0.0, 0.0, 0.0, 0.0, 0.882960468349468, 0.0, 0.0, 0.0, 0.0, 0.0, 0.0], [0.0, 0.0, 0.9615538685032037, 0.0, 0.0, 0.9869454540112413, 0.9789523185667034, 0.0, 0.0, 0.0, 0.0, 0.0, 0.0, 0.0, 0.9586769504909995, 0.0, 0.0, 0.0, 0.0, 0.0], [0.0, 0.0, 0.0, 0.0, 0.9869454540112413, 0.0, 0.0, 0.0, 0.0, 0.0, 0.0, 0.0, 0.0, 0.0, 0.0, 0.8852152709585325, 0.0, 0.0, 0.0, 0.0], [0.0, 0.0, 0.0, 0.0, 0.9789523185667034, 0.0, 0.0, 0.9849787258173326, 0.9757438753964733, 0.0, 0.0, 0.0, 0.0, 0.0, 0.0, 0.0, 0.9590525379056187, 0.0, 0.0, 0.0], [0.0, 0.0, 0.0, 0.0, 0.0, 0.0, 0.9849787258173326, 0.0, 0.0, 0.0, 0.0, 0.0, 0.0, 0.0, 0.0, 0.0, 0.0, 0.8838122984715577, 0.0, 0.0], [0.9844734756480369, 0.0, 0.0, 0.0, 0.0, 0.0, 0.9757438753964733, 0.0, 0.0, 0.9949876186777591, 0.0, 0.0, 0.0, 0.0, 0.0, 0.0, 0.0, 0.0, 0.9593219749351023, 0.0], [0.0, 0.0, 0.0, 0.0, 0.0, 0.0, 0.0, 0.0, 0.9949876186777591, 0.0, 0.0, 0.0, 0.0, 0.0, 0.0, 0.0, 0.0, 0.0, 0.0, 0.8819268794445588], [0.9666707173964832, 0.0, 0.0, 0.0, 0.0, 0.0, 0.0, 0.0, 0.0, 0.0, 0.0, 0.0, 0.0, 0.0, 0.0, 0.0, 0.0, 0.0, 0.0, 0.0], [0.9672480801749863, 0.0, 0.0, 0.0, 0.0, 0.0, 0.0, 0.0, 0.0, 0.0, 0.0, 0.0, 0.0, 0.0, 0.0, 0.0, 0.0, 0.0, 0.0, 0.0], [0.0, 0.0, 0.951929621693619, 0.0, 0.0, 0.0, 0.0, 0.0, 0.0, 0.0, 0.0, 0.0, 0.0, 0.0, 0.0, 0.0, 0.0, 0.0, 0.0, 0.0], [0.0, 0.0, 0.0, 0.882960468349468, 0.0, 0.0, 0.0, 0.0, 0.0, 0.0, 0.0, 0.0, 0.0, 0.0, 0.0, 0.0, 0.0, 0.0, 0.0, 0.0], [0.0, 0.0, 0.0, 0.0, 0.9586769504909995, 0.0, 0.0, 0.0, 0.0, 0.0, 0.0, 0.0, 0.0, 0.0, 0.0, 0.0, 0.0, 0.0, 0.0, 0.0], [0.0, 0.0, 0.0, 0.0, 0.0, 0.8852152709585325, 0.0, 0.0, 0.0, 0.0, 0.0, 0.0, 0.0, 0.0, 0.0, 0.0, 0.0, 0.0, 0.0, 0.0], [0.0, 0.0, 0.0, 0.0, 0.0, 0.0, 0.9590525379056187, 0.0, 0.0, 0.0, 0.0, 0.0, 0.0, 0.0, 0.0, 0.0, 0.0, 0.0, 0.0, 0.0], [0.0, 0.0, 0.0, 0.0, 0.0, 0.0, 0.0, 0.8838122984715577, 0.0, 0.0, 0.0, 0.0, 0.0, 0.0, 0.0, 0.0, 0.0, 0.0, 0.0, 0.0], [0.0, 0.0, 0.0, 0.0, 0.0, 0.0, 0.0, 0.0, 0.9593219749351023, 0.0, 0.0, 0.0, 0.0, 0.0, 0.0, 0.0, 0.0, 0.0, 0.0, 0.0], [0.0, 0.0, 0.0, 0.0, 0.0, 0.0, 0.0, 0.0, 0.0, 0.8819268794445588, 0.0, 0.0, 0.0, 0.0, 0.0, 0.0, 0.0, 0.0, 0.0, 0.0]], "Born radii": [], "Atomic SASAs": [], "Solvent H bonds": [], "Total SASA": NaN, "Total FOD": 0.0, "FOD": [0.0, 0.0, 0.0, 0.0, 0.0, 0.0, 0.0, 0.0, 0.0, 0.0, 0.0, 0.0, 0.0, 0.0, 0.0, 0.0, 0.0, 0.0, 0.0, 0.0], "FOD s proportion": [0.0, 0.0, 0.0, 0.0, 0.0, 0.0, 0.0, 0.0, 0.0, 0.0, 0.0, 0.0, 0.0, 0.0, 0.0, 0.0, 0.0, 0.0, 0.0, 0.0], "FOD p proportion": [0.0, 0.0, 0.0, 0.0, 0.0, 0.0, 0.0, 0.0, 0.0, 0.0, 0.0, 0.0, 0.0, 0.0, 0.0, 0.0, 0.0, 0.0, 0.0, 0.0], "FOD d proportion": [0.0, 0.0, 0.0, 0.0, 0.0, 0.0, 0.0, 0.0, 0.0, 0.0, 0.0, 0.0, 0.0, 0.0, 0.0, 0.0, 0.0, 0.0, 0.0, 0.0], "coordinates": [["-0.24250", "1.54550", "0.91950"], ["1.12230", "1.11600", "0.91700"], ["1.44650", "0.38400", "-0.25480"], ["2.80720", "-0.01700", "-0.16860"], ["0.58800", "-0.88540", "-0.37480"], ["0.88620", "-1.60670", "-1.57980"], ["-0.88820", "-0.50040", "-0.37270"], ["-1.71420", "-1.67530", "-0.35190"], ["-1.20980", "0.36350", "0.84810"], ["-2.55800", "0.82600", "0.76410"], ["-0.41790", "2.11300", "1.84000"], ["-0.40870", "2.24610", "0.09140"], ["1.34670", "1.01750", "-1.14460"], ["3.29200", "0.81280", "-0.01630"], ["0.79590", "-1.57120", "0.45610"], ["1.85890", "-1.71830", "-1.57080"], ["-1.15140", "0.02930", "-1.29680"], ["-1.33650", "-2.26360", "-1.03720"], ["-1.12650", "-0.24250", "1.75850"], ["-3.09010", "0.02690", "0.57340"]], "bond_dist": [[0.0, 1.4307884329976952, 2.362368248178086, 3.595279954329009, 2.876493968358008, 4.178137027432203, 2.504479215326013, 3.7624342505883077, 1.5290164322203998, 2.4296850948219606, 1.09550977175012, 1.0973661239531682, 2.6579784517561458, 3.728975888900329, 3.3176547454489596, 4.611926548634529, 2.8349510295594174, 4.419813763044774, 2.163867140098948, 3.2457290290472494], [1.4307884329976952, 0.0, 1.4191704901103321, 2.3024127279877518, 2.4412754228066937, 3.7017359090026942, 2.88412643620213, 4.176983977704487, 2.4514676971153424, 3.69487300187706, 2.0538145096381024, 2.0742956322568875, 2.07611468132182, 2.3812973816808345, 2.745907793426429, 3.842523245212708, 3.354331381959749, 4.6137068870919835, 2.758758043033133, 4.364460279347265], [2.362368248178086, 1.4191704901103321, 0.0, 1.4211741378170375, 1.537139749664942, 2.4561041468146256, 2.49937749449738, 3.7736148968860084, 2.8762368383010464, 4.155663780913947, 3.294482569387794, 2.651233277174983, 1.0968255695414837, 1.9096130340987936, 2.179785817460055, 2.5142782363931007, 2.821464247514046, 3.920079657353916, 3.3265910689473093, 4.625383790562681], [3.595279954329009, 2.3024127279877518, 1.4211741378170375, 0.0, 2.3919627171007494, 2.865113004752169, 3.7324674854578435, 4.81939993567664, 4.161099390786045, 5.510530766632194, 4.355759861378954, 3.9409687159377453, 2.038584435337423, 0.9730335914037088, 2.617463547024103, 2.399970712321298, 4.1164903607320635, 4.792903839010334, 4.386178330847938, 5.943958150929395], [2.876493968358008, 2.4412754228066937, 1.537139749664942, 2.3919627171007494, 0.0, 1.4356956258204594, 1.5255804960735437, 2.434048327375609, 2.507452982610043, 3.758097812723878, 3.861033075486404, 3.31919351349089, 2.1884346323342627, 3.213101537455671, 1.0972414775244326, 1.933733492495799, 2.1707769231314393, 2.458029546201591, 2.811369692872142, 3.906378647801567], [4.178137027432203, 3.7017359090026942, 2.4561041468146256, 2.865113004752169, 1.4356956258204594, 0.0, 2.4144327408316846, 2.876547327961075, 3.764253239355716, 4.824355930069837, 5.218417091417665, 4.394740412129026, 2.699608291956446, 3.7531834674047047, 2.038210771730932, 0.9791224897835817, 2.6283832977707036, 2.3804049361400677, 4.1299212849641584, 4.80789776201616], [2.504479215326013, 2.88412643620213, 2.49937749449738, 3.7324674854578435, 1.5255804960735437, 2.4144327408316846, 0.0, 1.436349069690234, 1.5297393274672648, 2.416585036782277, 3.456455256473024, 2.8264060766280563, 2.809738071422317, 4.396087719779941, 2.1609523109036903, 3.2350088763402183, 1.0971860097540436, 1.9368550229689365, 2.1599335036060716, 2.4538773624612946], [3.7624342505883077, 4.176983977704487, 3.7736148968860084, 4.81939993567664, 2.434048327375609, 2.876547327961075, 1.436349069690234, 0.0, 2.418909837096042, 2.866000022679693, 4.564650719386972, 4.156708204817846, 4.153149881716286, 5.6004738558447, 2.6389965555112043, 3.775527753837866, 2.0286056812500552, 0.9789740905662415, 2.617650719633924, 2.3762924357073567], [1.5290164322203998, 2.4514676971153424, 2.8762368383010464, 4.161099390786045, 2.507452982610043, 3.764253239355716, 1.5297393274672648, 2.418909837096042, 0.0, 1.4277974261077793, 2.1614165424554335, 2.1814075410156626, 3.306699493452648, 4.606002723620558, 2.81417138426216, 4.427401962776815, 2.171565382391237, 3.236056765571333, 1.0968149570460826, 1.929841376901221], [2.4296850948219606, 3.69487300187706, 4.155663780913947, 5.510530766632194, 3.758097812723878, 4.824355930069837, 2.416585036782277, 2.866000022679693, 1.4277974261077793, 0.0, 2.7191833001840826, 2.6624612278867086, 4.3504585999639165, 5.9018385609909725, 4.134014640757819, 5.606623414319888, 2.6192676953683067, 3.77920257461809, 2.044435340136733, 0.9788042245515699], [1.09550977175012, 2.0538145096381024, 3.294482569387794, 4.355759861378954, 3.861033075486404, 5.218417091417665, 3.456455256473024, 4.564650719386972, 2.1614165424554335, 2.7191833001840826, 0.0, 1.753682471258694, 3.6361752666778866, 4.347381710869198, 4.118472931803728, 5.6121506189695225, 3.836579489597472, 5.3175871746497965, 2.4611250394890547, 3.6189420567342605], [1.0973661239531682, 2.0742956322568875, 2.651233277174983, 3.9409687159377453, 3.31919351349089, 4.394740412129026, 2.8264060766280563, 4.156708204817846, 2.1814075410156626, 2.6624612278867086, 1.753682471258694, 0.0, 2.4735769888968484, 3.9700287996436496, 4.019433609353437, 4.860183737267554, 2.718989659781736, 4.740458299573998, 3.080193047521535, 3.513841003801965], [2.6579784517561458, 2.07611468132182, 1.0968255695414837, 2.038584435337423, 2.1884346323342627, 2.699608291956446, 2.809738071422317, 4.153149881716286, 3.306699493452648, 4.3504585999639165, 3.6361752666778866, 2.4735769888968484, 0.0, 2.2581308797321737, 3.0930549332334856, 2.8157764328866737, 2.6907634028282756, 4.239895542345353, 4.016504431716714, 4.859836067194037], [3.728975888900329, 2.3812973816808345, 1.9096130340987936, 0.9730335914037088, 3.213101537455671, 3.7531834674047047, 4.396087719779941, 5.6004738558447, 4.606002723620558, 5.9018385609909725, 4.347381710869198, 3.9700287996436496, 2.2581308797321737, 0.0, 3.4838388266393725, 3.297986214343535, 4.690133906403952, 5.650618198038158, 4.877162636205604, 6.457289315959136], [3.3176547454489596, 2.745907793426429, 2.179785817460055, 2.617463547024103, 1.0972414775244326, 2.038210771730932, 2.1609523109036903, 2.6389965555112043, 2.81417138426216, 4.134014640757819, 4.118472931803728, 4.019433609353437, 3.0930549332334856, 3.4838388266393725, 0.0, 2.2934539498319992, 3.0702175737233994, 2.6937877440511158, 2.675315160873575, 4.203412768215846], [4.611926548634529, 3.842523245212708, 2.5142782363931007, 2.399970712321298, 1.933733492495799, 0.9791224897835817, 3.2350088763402183, 3.775527753837866, 4.427401962776815, 5.606623414319888, 5.6121506189695225, 4.860183737267554, 2.8157764328866737, 3.297986214343535, 2.2934539498319992, 0.0, 3.4915738356792625, 3.285218746141572, 4.709016594789192, 5.66885505900442], [2.8349510295594174, 3.354331381959749, 2.821464247514046, 4.1164903607320635, 2.1707769231314393, 2.6283832977707036, 1.0971860097540436, 2.0286056812500552, 2.171565382391237, 2.6192676953683067, 3.836579489597472, 2.718989659781736, 2.6907634028282756, 4.690133906403952, 3.0702175737233994, 3.4915738356792625, 0.0, 2.3149610320694385, 3.067466925657064, 2.6937356013536298], [4.419813763044774, 4.6137068870919835, 3.920079657353916, 4.792903839010334, 2.458029546201591, 2.3804049361400677, 1.9368550229689365, 0.9789740905662415, 3.236056765571333, 3.77920257461809, 5.3175871746497965, 4.740458299573998, 4.239895542345353, 5.650618198038158, 2.6937877440511158, 3.285218746141572, 2.3149610320694385, 0.0, 3.4561371066553477, 3.3038667603279643], [2.163867140098948, 2.758758043033133, 3.3265910689473093, 4.386178330847938, 2.811369692872142, 4.1299212849641584, 2.1599335036060716, 2.617650719633924, 1.0968149570460826, 2.044435340136733, 2.4611250394890547, 3.080193047521535, 4.016504431716714, 4.877162636205604, 2.675315160873575, 4.709016594789192, 3.067466925657064, 3.4561371066553477, 0.0, 2.3092776641192367], [3.2457290290472494, 4.364460279347265, 4.625383790562681, 5.943958150929395, 3.906378647801567, 4.80789776201616, 2.4538773624612946, 2.3762924357073567, 1.929841376901221, 0.9788042245515699, 3.6189420567342605, 3.513841003801965, 4.859836067194037, 6.457289315959136, 4.203412768215846, 5.66885505900442, 2.6937356013536298, 3.3038667603279643, 2.3092776641192367, 0.0]]}