{"total energy": -58.68098795, "HOMO-LUMO gap/eV": 3.15037748, "electronic energy": -59.28732396, "dipole": [-1.30552833, -0.99013831, -0.86053524], "partial charges": [-0.2667689, 0.17109431, -0.29141189, 0.13978773, -0.31532993, 0.13528486, -0.06433384, 0.00343288, -0.07395648, -0.05104264, 0.16131213, -0.33490845, 0.09619538, 0.06980937, -0.44012788, 0.10057272, -0.44787474, 0.10039928, -0.45781358, 0.18031203, 0.19271327, 0.04530269, 0.06047944, 0.03425843, 0.06798886, 0.04304351, 0.06439441, 0.06248821, 0.30217698, 0.03692516, 0.3246838, 0.02659686, 0.32431602], "atomic dipole moments": [[0.08663953, -0.09635262, -0.00765657], [-0.09275263, -0.01715725, -0.0158446], [0.2049807, 0.14007005, -0.12973654], [0.00586861, 0.04006611, -0.0917671], [-0.20396367, -0.00072024, -0.16968299], [0.08585661, 0.03974797, -0.01325271], [0.04730974, 0.01681583, 0.02539753], [0.10085896, -0.017657, 0.14793645], [-0.00565773, -0.01335587, 0.03580263], [0.00411931, -0.00118077, 0.01384844], [0.03819639, -0.02055208, -0.18036134], [0.0719944, -0.21183945, 0.13964473], [-0.14257822, 0.08930627, 0.09761403], [-0.12214119, -0.01068815, -0.16275147], [-0.08655897, -0.06962626, 0.21749501], [-0.05196792, 0.12499418, 0.08924248], [-0.10680131, -0.19579039, -0.09948825], [-0.01264922, 0.05542534, 0.14890878], [-0.08906201, 0.05424402, -0.21272323], [0.02510401, -0.01439438, -0.13231192], [-0.06006142, -0.09986229, 0.06810548], [-0.00216636, -0.05178771, 0.13884304], [0.10084779, 0.08573535, -0.11126005], [-0.09425687, 0.01872168, -0.13293255], [-0.02732244, 0.08742066, 0.09400191], [-0.0156705, -0.0684781, -0.10182842], [0.12168889, -0.0490751, -0.00024087], [-0.00483354, 0.09956143, 0.07943123], [-0.07806376, 0.02213489, 0.01291403], [0.08485877, -0.09267152, -0.00346714], [-0.02943823, -0.04771236, 0.0563701], [-0.01741049, -0.1035682, -0.07055417], [-0.06454569, -0.00919381, 0.00363671]], "atomic quadrupole moments": [[0.0495049, -0.01641151, -0.01145739, 0.06570036, 0.03001791, -0.03804752], [-0.10478555, -0.23919721, 0.26105759, 0.04411611, 0.25295869, -0.15627204], [-0.10131428, -0.12665232, 0.14933366, -0.02928957, 0.10642168, -0.04801939], [-0.21395504, -0.24904898, 0.38733932, -0.11977466, 0.23932715, -0.17338428], [-0.1312822, -0.10088296, 0.16313079, -0.06361117, 0.09154791, -0.03184859], [-0.15321199, -0.08790115, 0.20564495, -0.18554687, 0.06204088, -0.05243295], [0.08694106, 0.01473234, -0.0135079, 0.06487742, 0.05983375, -0.07343316], [-0.30101942, -0.27516935, 0.23984043, 0.00357121, 0.13704033, 0.06117898], [-0.18396132, -0.20365383, 0.24722142, -0.0451172, 0.16413147, -0.0632601], [-0.05176476, -0.10208205, 0.16753322, -0.03287186, 0.12919647, -0.11576846], [0.18079792, 0.13245418, -0.12650572, -0.05197413, -0.25932527, -0.0542922], [0.08357916, -0.05032657, -0.0421161, -0.09489516, -0.08555663, -0.04146306], [0.24509916, -0.15011381, -0.03619934, -0.0848786, -0.18949285, -0.20889982], [-0.14108129, 0.13217831, -0.0575079, 0.07986992, -0.32556053, 0.19858919], [-0.07091297, -0.0182522, -0.05742202, 0.01456019, -0.12215167, 0.12833499], [-0.07494223, 0.20295727, -0.10149935, 0.07070283, 0.09646035, 0.17644158], [-0.07850956, 0.07257743, 0.00962779, 0.05098517, 0.12024247, 0.06888177], [0.01969409, -0.00961203, -0.19019148, -0.08770395, -0.22869541, 0.17049739], [-0.0598431, 0.0069262, -0.0964218, -0.02422997, -0.07983569, 0.1562649], [-0.01965188, 0.02068449, -0.05042312, 0.00784658, -0.00748404, 0.070075], [0.0253575, 0.06011223, -0.01551432, -0.01261068, -0.02122929, -0.00984318], [0.03531725, 0.0342345, -0.04848865, 0.01598809, -0.02954206, 0.01317139], [0.01298973, 0.01288667, -0.02909054, 0.0167325, -0.01319295, 0.01610081], [0.01685263, 0.01776251, -0.0319426, 0.0167558, -0.01510838, 0.01508997], [0.00812128, 0.01427305, -0.0213896, -0.00414626, 0.01405158, 0.01326833], [-0.00131222, -0.01479051, -0.00564946, -0.0064662, 0.02885559, 0.00696167], [0.03608226, -0.0386969, -0.01226276, -0.00768827, -0.00805246, -0.0238195], [-0.04478388, -0.01358367, 0.0016772, -0.00658931, 0.01476857, 0.04310667], [0.10042675, -0.07052705, -0.05317262, 0.00380986, -0.01855679, -0.04725412], [-0.00362579, -0.02430394, 0.00308498, 0.01832574, 0.03314689, 0.00054081], [-0.0655572, 0.03850566, -0.02192227, -0.03346785, -0.06081248, 0.08747947], [-0.01732467, 0.02069962, -0.00188628, 0.00820022, 0.00923849, 0.01921095], [0.07115359, 0.03193392, -0.05415145, -0.03831707, -0.01458772, -0.01700214]], "number of molecular orbitals": 90, "number of electrons": 102, "number of unpaired electrons": 0, "orbital energies/eV": [-19.82023048, -19.2951888, -18.98686827, -18.93265668, -18.78897794, -18.58690485, -18.45246292, -18.2985268, -18.16052364, -17.72697212, -17.49977568, -17.23588588, -17.13216084, -16.92992601, -16.71231807, -16.6220132, -16.40702905, -16.16562908, -16.04822101, -15.973694, -15.71467997, -15.48901468, -15.27867279, -15.18981659, -15.09238897, -14.97821849, -14.69309236, -14.48595035, -14.33339658, -14.30661907, -14.24876825, -14.17571293, -13.91133974, -13.84400933, -13.54048779, -13.50962101, -13.38263309, -13.18241638, -13.0753412, -13.03194916, -12.83845441, -12.38725374, -11.95683951, -11.8520244, -11.66932109, -11.62115655, -11.31063247, -11.23861189, -11.18111883, -10.45323958, -10.3588576, -7.20848013, -6.43823946, -5.23782308, -2.9180188, -1.77708046, -0.99965134, -0.55605353, 0.11109956, 0.56938369, 0.87566627, 1.45144221, 1.8956317, 2.3093435, 2.44701295, 2.69012136, 3.11713258, 3.36853643, 3.49772069, 3.68212665, 3.99151334, 4.40493599, 4.50842447, 4.67316362, 4.95178739, 5.0048788, 5.49069185, 5.55684441, 5.99279507, 6.37536421, 6.43786615, 6.53841721, 7.34755641, 7.75282294, 8.91946702, 10.38375898, 12.67652233, 14.11994107, 15.21731547, 18.69115354], "fractional occupation": [2.0, 2.0, 2.0, 2.0, 2.0, 2.0, 2.0, 2.0, 2.0, 2.0, 2.0, 2.0, 2.0, 2.0, 2.0, 2.0, 2.0, 2.0, 2.0, 2.0, 2.0, 2.0, 2.0, 2.0, 2.0, 2.0, 2.0, 2.0, 2.0, 2.0, 2.0, 2.0, 2.0, 2.0, 2.0, 2.0, 2.0, 2.0, 2.0, 2.0, 2.0, 2.0, 2.0, 2.0, 2.0, 2.0, 2.0, 2.0, 2.0, 2.0, 2.0, 0.0, 0.0, 0.0, 0.0, 0.0, 0.0, 0.0, 0.0, 0.0, 0.0, 0.0, 0.0, 0.0, 0.0, 0.0, 0.0, 0.0, 0.0, 0.0, 0.0, 0.0, 0.0, 0.0, 0.0, 0.0, 0.0, 0.0, 0.0, 0.0, 0.0, 0.0, 0.0, 0.0, 0.0, 0.0, 0.0, 0.0, 0.0, 0.0], "program call": "xtb /home/svss/Project-DBcg-Debug/aqme2_20220329/End-to-End-workflows-final/example-3/QDESCP/mol_151_rdkit_conf_4/mol_151_rdkit_conf_4.xyz --pop --wbo --acc 0.2 --gfn 2 --chrg 0 --uhf 0 --etemp 300 --input /home/svss/Project-DBcg-Debug/aqme2_20220329/End-to-End-workflows-final/example-3/QDESCP/mol_151_rdkit_conf_4/mol_151_rdkit_conf_4_xtb.inp", "method": "GFN2-xTB", "xtb version": "6.3.3 (7355c4f)", "Dipole module/D": 4.704, "Total charge": 0, "Transition dipole module/D": NaN, "HOMO": -10.3589, "LUMO": -7.2085, "HOMO occupancy": 2.0, "LUMO occupancy": 0, "mulliken charges": [-0.42173, 0.30876, -0.40446, 0.28355, -0.40861, 0.25917, -0.21428, 0.08291, -0.09904, -0.08476, 0.30973, -0.47965, 0.1789, 0.19469, -0.56893, 0.19071, -0.57456, 0.18647, -0.5788, 0.22163, 0.22887, 0.02461, 0.05014, 0.03208, 0.06339, 0.03078, 0.0357, 0.04265, 0.34655, 0.03185, 0.36103, 0.02811, 0.34254], "cm5 charges": [-0.86103, 0.44093, -0.58093, 0.38252, -0.60165, 0.40162, -0.46241, 0.10046, -0.14149, -0.06545, 0.3358, -0.55981, 0.14359, 0.11399, -0.7783, 0.15395, -0.7764, 0.15505, -0.78556, 0.41216, 0.42236, 0.1004, 0.11759, 0.08878, 0.14531, 0.10104, 0.09955, 0.11042, 0.51941, 0.09937, 0.53839, 0.09978, 0.53057], "FUKUI+": [-0.052, -0.072, -0.075, -0.043, -0.124, -0.01, -0.049, -0.059, -0.033, -0.028, 0.012, -0.009, 0.002, 0.005, -0.011, 0.002, -0.01, 0.003, -0.018, -0.053, -0.056, -0.094, -0.08, -0.067, -0.025, -0.008, -0.017, -0.01, 0.003, -0.022, -0.005, -0.006, 0.008], "FUKUI-": [-0.052, -0.012, -0.095, -0.008, -0.074, -0.012, -0.04, -0.024, -0.038, -0.02, 0.009, -0.028, 0.002, 0.009, -0.071, 0.004, -0.033, 0.001, -0.026, -0.036, -0.039, -0.058, -0.047, -0.054, -0.037, -0.032, -0.037, -0.048, -0.022, -0.039, -0.019, -0.02, -0.004], "FUKUIrad": [-0.052, -0.042, -0.085, -0.026, -0.099, -0.011, -0.045, -0.041, -0.035, -0.024, 0.01, -0.019, 0.002, 0.007, -0.041, 0.003, -0.022, 0.002, -0.022, -0.045, -0.048, -0.076, -0.063, -0.06, -0.031, -0.02, -0.027, -0.029, -0.009, -0.03, -0.012, -0.013, 0.002], "s proportion": [1.431, 1.018, 1.546, 0.997, 1.559, 1.004, 1.444, 1.025, 1.045, 1.065, 1.015, 1.714, 1.04, 0.996, 1.703, 1.023, 1.707, 1.026, 1.71, 0.778, 0.771, 0.975, 0.95, 0.968, 0.937, 0.969, 0.964, 0.957, 0.653, 0.968, 0.639, 0.972, 0.657], "p proportion": [3.99, 2.673, 3.859, 2.72, 3.849, 2.737, 3.771, 2.893, 3.054, 3.02, 2.675, 4.766, 2.781, 2.809, 4.866, 2.787, 4.868, 2.787, 4.869, 0.0, 0.0, 0.0, 0.0, 0.0, 0.0, 0.0, 0.0, 0.0, 0.0, 0.0, 0.0, 0.0, 0.0], "d proportion": [0.0, 0.0, 0.0, 0.0, 0.0, 0.0, 0.0, 0.0, 0.0, 0.0, 0.0, 0.0, 0.0, 0.0, 0.0, 0.0, 0.0, 0.0, 0.0, 0.0, 0.0, 0.0, 0.0, 0.0, 0.0, 0.0, 0.0, 0.0, 0.0, 0.0, 0.0, 0.0, 0.0], "Fermi-level/eV": -8.7837, "Coordination numbers": [2.639, 2.871, 1.838, 2.908, 1.826, 3.123, 2.837, 2.994, 3.028, 3.088, 3.717, 1.692, 3.786, 3.673, 1.652, 3.751, 1.651, 3.755, 1.651, 0.86, 0.86, 0.925, 0.925, 0.925, 0.924, 0.924, 0.924, 0.924, 0.803, 0.924, 0.803, 0.924, 0.802], "Dispersion coefficient C6": [26.912, 24.32, 28.402, 24.953, 29.019, 24.88, 22.482, 27.937, 29.815, 29.161, 18.111, 19.617, 19.009, 19.638, 21.645, 18.98, 21.803, 18.978, 22.006, 1.212, 1.144, 2.379, 2.193, 2.527, 2.108, 2.409, 2.148, 2.17, 0.715, 2.49, 0.652, 2.636, 0.653], "Total dispersion C6": 12107.623553, "Total dispersion C8": 277339.958379, "Polarizability alpha": [7.705, 8.084, 7.898, 8.191, 7.982, 8.168, 7.042, 8.67, 8.956, 8.852, 6.079, 5.98, 6.21, 6.351, 6.28, 6.213, 6.303, 6.212, 6.333, 1.725, 1.675, 2.412, 2.316, 2.486, 2.27, 2.427, 2.292, 2.304, 1.328, 2.468, 1.268, 2.539, 1.269], "Total polarizability alpha": 166.289385, "Wiberg matrix": [[0.0, 1.2016942176140062, 0.0, 0.0, 0.0, 0.0, 0.0, 0.0, 0.0, 0.0, 0.0, 0.0, 0.0, 0.0, 0.0, 0.0, 0.0, 0.0, 0.0, 0.9473609308522846, 0.9435696431127, 0.0, 0.0, 0.0, 0.0, 0.0, 0.0, 0.0, 0.0, 0.0, 0.0, 0.0, 0.0], [1.2016942176140062, 0.0, 1.3541319054921592, 0.0, 0.0, 0.0, 0.0, 0.0, 0.0, 1.2503246791467355, 0.0, 0.0, 0.0, 0.0, 0.0, 0.0, 0.0, 0.0, 0.0, 0.0, 0.0, 0.0, 0.0, 0.0, 0.0, 0.0, 0.0, 0.0, 0.0, 0.0, 0.0, 0.0, 0.0], [0.0, 1.3541319054921592, 0.0, 1.407150321410739, 0.0, 0.0, 0.0, 0.0, 0.0, 0.0, 0.0, 0.0, 0.0, 0.0, 0.0, 0.0, 0.0, 0.0, 0.0, 0.0, 0.0, 0.0, 0.0, 0.0, 0.0, 0.0, 0.0, 0.0, 0.0, 0.0, 0.0, 0.0, 0.0], [0.0, 0.0, 1.407150321410739, 0.0, 1.4372890488979955, 0.0, 0.0, 0.0, 0.0, 0.0, 0.0, 0.0, 0.0, 0.0, 0.0, 0.0, 0.0, 0.0, 0.0, 0.0, 0.0, 0.9598646663903645, 0.0, 0.0, 0.0, 0.0, 0.0, 0.0, 0.0, 0.0, 0.0, 0.0, 0.0], [0.0, 0.0, 0.0, 1.4372890488979955, 0.0, 1.290530641443992, 0.0, 0.0, 0.0, 0.0, 0.0, 0.0, 0.0, 0.0, 0.0, 0.0, 0.0, 0.0, 0.0, 0.0, 0.0, 0.0, 0.0, 0.0, 0.0, 0.0, 0.0, 0.0, 0.0, 0.0, 0.0, 0.0, 0.0], [0.0, 0.0, 0.0, 0.0, 1.290530641443992, 0.0, 1.175460317345107, 0.0, 0.0, 1.2628849964615256, 0.0, 0.0, 0.0, 0.0, 0.0, 0.0, 0.0, 0.0, 0.0, 0.0, 0.0, 0.0, 0.0, 0.0, 0.0, 0.0, 0.0, 0.0, 0.0, 0.0, 0.0, 0.0, 0.0], [0.0, 0.0, 0.0, 0.0, 0.0, 1.175460317345107, 0.0, 1.1835616425146165, 0.0, 0.0, 0.9673686015691526, 0.0, 0.0, 0.0, 0.0, 0.0, 0.0, 0.0, 0.0, 0.0, 0.0, 0.0, 0.0, 0.0, 0.0, 0.0, 0.0, 0.0, 0.0, 0.0, 0.0, 0.0, 0.0], [0.0, 0.0, 0.0, 0.0, 0.0, 0.0, 1.1835616425146165, 0.0, 1.6039756440950201, 0.0, 0.0, 0.0, 0.0, 0.0, 0.0, 0.0, 0.0, 0.0, 0.0, 0.0, 0.0, 0.0, 0.9666919620677596, 0.0, 0.0, 0.0, 0.0, 0.0, 0.0, 0.0, 0.0, 0.0, 0.0], [0.0, 0.0, 0.0, 0.0, 0.0, 0.0, 0.0, 1.6039756440950201, 0.0, 1.2284749160028319, 0.0, 0.0, 0.0, 0.0, 0.0, 0.0, 0.0, 0.0, 0.0, 0.0, 0.0, 0.0, 0.0, 0.9724010020446121, 0.0, 0.0, 0.0, 0.0, 0.0, 0.0, 0.0, 0.0, 0.0], [0.0, 1.2503246791467355, 0.0, 0.0, 0.0, 1.2628849964615256, 0.0, 0.0, 1.2284749160028319, 0.0, 0.0, 0.0, 0.0, 0.0, 0.0, 0.0, 0.0, 0.0, 0.0, 0.0, 0.0, 0.0, 0.0, 0.0, 0.0, 0.0, 0.0, 0.0, 0.0, 0.0, 0.0, 0.0, 0.0], [0.0, 0.0, 0.0, 0.0, 0.0, 0.0, 0.9673686015691526, 0.0, 0.0, 0.0, 0.0, 0.9782162346458289, 0.0, 0.0, 0.0, 0.0, 0.0, 0.9583109230675555, 0.0, 0.0, 0.0, 0.0, 0.0, 0.0, 0.9495640886854666, 0.0, 0.0, 0.0, 0.0, 0.0, 0.0, 0.0, 0.0], [0.0, 0.0, 0.0, 0.0, 0.0, 0.0, 0.0, 0.0, 0.0, 0.0, 0.9782162346458289, 0.0, 0.9464641698109232, 0.0, 0.0, 0.0, 0.0, 0.0, 0.0, 0.0, 0.0, 0.0, 0.0, 0.0, 0.0, 0.0, 0.0, 0.0, 0.0, 0.0, 0.0, 0.0, 0.0], [0.0, 0.0, 0.0, 0.0, 0.0, 0.0, 0.0, 0.0, 0.0, 0.0, 0.0, 0.9464641698109232, 0.0, 0.9875919599635414, 0.0, 0.9796510122061408, 0.0, 0.0, 0.0, 0.0, 0.0, 0.0, 0.0, 0.0, 0.0, 0.9607264537941304, 0.0, 0.0, 0.0, 0.0, 0.0, 0.0, 0.0], [0.0, 0.0, 0.0, 0.0, 0.0, 0.0, 0.0, 0.0, 0.0, 0.0, 0.0, 0.0, 0.9875919599635414, 0.0, 0.9999218981237902, 0.0, 0.0, 0.0, 0.0, 0.0, 0.0, 0.0, 0.0, 0.0, 0.0, 0.0, 0.9699065455607156, 0.9685170784309021, 0.0, 0.0, 0.0, 0.0, 0.0], [0.0, 0.0, 0.0, 0.0, 0.0, 0.0, 0.0, 0.0, 0.0, 0.0, 0.0, 0.0, 0.0, 0.9999218981237902, 0.0, 0.0, 0.0, 0.0, 0.0, 0.0, 0.0, 0.0, 0.0, 0.0, 0.0, 0.0, 0.0, 0.0, 0.894626811304884, 0.0, 0.0, 0.0, 0.0], [0.0, 0.0, 0.0, 0.0, 0.0, 0.0, 0.0, 0.0, 0.0, 0.0, 0.0, 0.0, 0.9796510122061408, 0.0, 0.0, 0.0, 0.9983808184495019, 0.9729093296259462, 0.0, 0.0, 0.0, 0.0, 0.0, 0.0, 0.0, 0.0, 0.0, 0.0, 0.0, 0.9603955670763739, 0.0, 0.0, 0.0], [0.0, 0.0, 0.0, 0.0, 0.0, 0.0, 0.0, 0.0, 0.0, 0.0, 0.0, 0.0, 0.0, 0.0, 0.0, 0.9983808184495019, 0.0, 0.0, 0.0, 0.0, 0.0, 0.0, 0.0, 0.0, 0.0, 0.0, 0.0, 0.0, 0.0, 0.0, 0.8678839250679911, 0.0, 0.0], [0.0, 0.0, 0.0, 0.0, 0.0, 0.0, 0.0, 0.0, 0.0, 0.0, 0.9583109230675555, 0.0, 0.0, 0.0, 0.0, 0.9729093296259462, 0.0, 0.0, 1.0037110994349263, 0.0, 0.0, 0.0, 0.0, 0.0, 0.0, 0.0, 0.0, 0.0, 0.0, 0.0, 0.0, 0.960041791427146, 0.0], [0.0, 0.0, 0.0, 0.0, 0.0, 0.0, 0.0, 0.0, 0.0, 0.0, 0.0, 0.0, 0.0, 0.0, 0.0, 0.0, 0.0, 1.0037110994349263, 0.0, 0.0, 0.0, 0.0, 0.0, 0.0, 0.0, 0.0, 0.0, 0.0, 0.0, 0.0, 0.0, 0.0, 0.8346616828190783], [0.9473609308522846, 0.0, 0.0, 0.0, 0.0, 0.0, 0.0, 0.0, 0.0, 0.0, 0.0, 0.0, 0.0, 0.0, 0.0, 0.0, 0.0, 0.0, 0.0, 0.0, 0.0, 0.0, 0.0, 0.0, 0.0, 0.0, 0.0, 0.0, 0.0, 0.0, 0.0, 0.0, 0.0], [0.9435696431127, 0.0, 0.0, 0.0, 0.0, 0.0, 0.0, 0.0, 0.0, 0.0, 0.0, 0.0, 0.0, 0.0, 0.0, 0.0, 0.0, 0.0, 0.0, 0.0, 0.0, 0.0, 0.0, 0.0, 0.0, 0.0, 0.0, 0.0, 0.0, 0.0, 0.0, 0.0, 0.0], [0.0, 0.0, 0.0, 0.9598646663903645, 0.0, 0.0, 0.0, 0.0, 0.0, 0.0, 0.0, 0.0, 0.0, 0.0, 0.0, 0.0, 0.0, 0.0, 0.0, 0.0, 0.0, 0.0, 0.0, 0.0, 0.0, 0.0, 0.0, 0.0, 0.0, 0.0, 0.0, 0.0, 0.0], [0.0, 0.0, 0.0, 0.0, 0.0, 0.0, 0.0, 0.9666919620677596, 0.0, 0.0, 0.0, 0.0, 0.0, 0.0, 0.0, 0.0, 0.0, 0.0, 0.0, 0.0, 0.0, 0.0, 0.0, 0.0, 0.0, 0.0, 0.0, 0.0, 0.0, 0.0, 0.0, 0.0, 0.0], [0.0, 0.0, 0.0, 0.0, 0.0, 0.0, 0.0, 0.0, 0.9724010020446121, 0.0, 0.0, 0.0, 0.0, 0.0, 0.0, 0.0, 0.0, 0.0, 0.0, 0.0, 0.0, 0.0, 0.0, 0.0, 0.0, 0.0, 0.0, 0.0, 0.0, 0.0, 0.0, 0.0, 0.0], [0.0, 0.0, 0.0, 0.0, 0.0, 0.0, 0.0, 0.0, 0.0, 0.0, 0.9495640886854666, 0.0, 0.0, 0.0, 0.0, 0.0, 0.0, 0.0, 0.0, 0.0, 0.0, 0.0, 0.0, 0.0, 0.0, 0.0, 0.0, 0.0, 0.0, 0.0, 0.0, 0.0, 0.0], [0.0, 0.0, 0.0, 0.0, 0.0, 0.0, 0.0, 0.0, 0.0, 0.0, 0.0, 0.0, 0.9607264537941304, 0.0, 0.0, 0.0, 0.0, 0.0, 0.0, 0.0, 0.0, 0.0, 0.0, 0.0, 0.0, 0.0, 0.0, 0.0, 0.0, 0.0, 0.0, 0.0, 0.0], [0.0, 0.0, 0.0, 0.0, 0.0, 0.0, 0.0, 0.0, 0.0, 0.0, 0.0, 0.0, 0.0, 0.9699065455607156, 0.0, 0.0, 0.0, 0.0, 0.0, 0.0, 0.0, 0.0, 0.0, 0.0, 0.0, 0.0, 0.0, 0.0, 0.0, 0.0, 0.0, 0.0, 0.0], [0.0, 0.0, 0.0, 0.0, 0.0, 0.0, 0.0, 0.0, 0.0, 0.0, 0.0, 0.0, 0.0, 0.9685170784309021, 0.0, 0.0, 0.0, 0.0, 0.0, 0.0, 0.0, 0.0, 0.0, 0.0, 0.0, 0.0, 0.0, 0.0, 0.0, 0.0, 0.0, 0.0, 0.0], [0.0, 0.0, 0.0, 0.0, 0.0, 0.0, 0.0, 0.0, 0.0, 0.0, 0.0, 0.0, 0.0, 0.0, 0.894626811304884, 0.0, 0.0, 0.0, 0.0, 0.0, 0.0, 0.0, 0.0, 0.0, 0.0, 0.0, 0.0, 0.0, 0.0, 0.0, 0.0, 0.0, 0.0], [0.0, 0.0, 0.0, 0.0, 0.0, 0.0, 0.0, 0.0, 0.0, 0.0, 0.0, 0.0, 0.0, 0.0, 0.0, 0.9603955670763739, 0.0, 0.0, 0.0, 0.0, 0.0, 0.0, 0.0, 0.0, 0.0, 0.0, 0.0, 0.0, 0.0, 0.0, 0.0, 0.0, 0.0], [0.0, 0.0, 0.0, 0.0, 0.0, 0.0, 0.0, 0.0, 0.0, 0.0, 0.0, 0.0, 0.0, 0.0, 0.0, 0.0, 0.8678839250679911, 0.0, 0.0, 0.0, 0.0, 0.0, 0.0, 0.0, 0.0, 0.0, 0.0, 0.0, 0.0, 0.0, 0.0, 0.0, 0.0], [0.0, 0.0, 0.0, 0.0, 0.0, 0.0, 0.0, 0.0, 0.0, 0.0, 0.0, 0.0, 0.0, 0.0, 0.0, 0.0, 0.0, 0.960041791427146, 0.0, 0.0, 0.0, 0.0, 0.0, 0.0, 0.0, 0.0, 0.0, 0.0, 0.0, 0.0, 0.0, 0.0, 0.0], [0.0, 0.0, 0.0, 0.0, 0.0, 0.0, 0.0, 0.0, 0.0, 0.0, 0.0, 0.0, 0.0, 0.0, 0.0, 0.0, 0.0, 0.0, 0.8346616828190783, 0.0, 0.0, 0.0, 0.0, 0.0, 0.0, 0.0, 0.0, 0.0, 0.0, 0.0, 0.0, 0.0, 0.0]], "Born radii": [], "Atomic SASAs": [], "Solvent H bonds": [], "Total SASA": NaN, "Total FOD": 0.0, "FOD": [0.0, 0.0, 0.0, 0.0, 0.0, 0.0, 0.0, 0.0, 0.0, 0.0, 0.0, 0.0, 0.0, 0.0, 0.0, 0.0, 0.0, 0.0, 0.0, 0.0, 0.0, 0.0, 0.0, 0.0, 0.0, 0.0, 0.0, 0.0, 0.0, 0.0, 0.0, 0.0, 0.0], "FOD s proportion": [0.0, 0.0, 0.0, 0.0, 0.0, 0.0, 0.0, 0.0, 0.0, 0.0, 0.0, 0.0, 0.0, 0.0, 0.0, 0.0, 0.0, 0.0, 0.0, 0.0, 0.0, 0.0, 0.0, 0.0, 0.0, 0.0, 0.0, 0.0, 0.0, 0.0, 0.0, 0.0, 0.0], "FOD p proportion": [0.0, 0.0, 0.0, 0.0, 0.0, 0.0, 0.0, 0.0, 0.0, 0.0, 0.0, 0.0, 0.0, 0.0, 0.0, 0.0, 0.0, 0.0, 0.0, 0.0, 0.0, 0.0, 0.0, 0.0, 0.0, 0.0, 0.0, 0.0, 0.0, 0.0, 0.0, 0.0, 0.0], "FOD d proportion": [0.0, 0.0, 0.0, 0.0, 0.0, 0.0, 0.0, 0.0, 0.0, 0.0, 0.0, 0.0, 0.0, 0.0, 0.0, 0.0, 0.0, 0.0, 0.0, 0.0, 0.0, 0.0, 0.0, 0.0, 0.0, 0.0, 0.0, 0.0, 0.0, 0.0, 0.0, 0.0, 0.0], "coordinates": [["-5.09780", "-1.30930", "-0.66850"], ["-3.91910", "-1.11500", "0.03440"], ["-3.86320", "-1.58840", "1.29430"], ["-2.72530", "-1.41590", "1.99220"], ["-1.57920", "-0.83060", "1.59110"], ["-1.68410", "-0.36650", "0.33120"], ["-0.69400", "0.29320", "-0.36160"], ["-1.14970", "0.60100", "-1.62160"], ["-2.44590", "0.14290", "-1.73120"], ["-2.79260", "-0.47310", "-0.49770"], ["0.61370", "0.61320", "0.20550"], ["1.40970", "1.32610", "-0.77050"], ["2.70630", "0.67860", "-0.83870"], ["3.78260", "1.74500", "-1.00360"], ["3.59260", "2.41460", "-2.25290"], ["2.83560", "-0.17100", "0.41690"], ["3.23760", "0.60470", "1.55050"], ["1.40620", "-0.63860", "0.61060"], ["1.20780", "-1.05360", "1.96400"], ["-4.99910", "-1.36530", "-1.67220"], ["-5.67360", "-2.01650", "-0.22720"], ["-2.73300", "-1.80380", "3.00700"], ["-0.52630", "1.13140", "-2.33090"], ["-3.07920", "0.24920", "-2.60230"], ["0.43090", "1.28410", "1.05360"], ["2.66900", "0.03960", "-1.73000"], ["4.78260", "1.30220", "-1.00490"], ["3.72650", "2.50550", "-0.21840"], ["2.67140", "2.73770", "-2.23800"], ["3.54900", "-0.99280", "0.30830"], ["2.91350", "0.10500", "2.33000"], ["1.19120", "-1.48340", "-0.05550"], ["0.23610", "-1.15030", "2.07990"]], "bond_dist": [[0.0, 1.3860572102189725, 2.3355337312914153, 3.566432993903012, 4.208977525480505, 3.6798939685811605, 4.696344141989597, 4.488333689689304, 3.204807285937799, 2.4581192241223775, 6.089426450824412, 7.021630395428116, 8.055103429503559, 9.396943367925552, 9.58649084545539, 8.087809073537779, 8.835510746980052, 6.662428333573278, 6.8378381159544865, 1.0100947381310328, 1.0131254463293282, 4.398421255405171, 5.442352662222469, 3.2005078737600385, 6.3449094288256, 7.954212450016658, 10.225233560657674, 9.624113441766987, 8.899550993729965, 8.70755193668117, 8.670188834737107, 6.321202481332172, 6.002455561684735], [1.3860572102189725, 0.0, 1.3470636139395942, 2.3127213602161416, 2.8247708331827557, 2.3756193908115835, 3.541343424464789, 3.6546639188850185, 2.621063526509802, 1.4014878772219184, 4.854093766090639, 5.916328478034329, 6.9191928524937065, 8.280895295196045, 8.609033298808873, 6.831062460554727, 7.514937271195283, 5.377525777715993, 5.478341877794777, 2.035075833967865, 1.989825886855431, 3.273779071654042, 4.706596316872736, 3.0852326557327894, 5.071188169452992, 6.917316685680944, 9.090796621858836, 8.46328112790778, 7.965035423650042, 7.474120126141939, 7.310444727921824, 5.124350364680385, 4.631522792775611], [2.3355337312914153, 1.3470636139395942, 0.0, 1.3459706794726252, 2.424666385299223, 2.677513404261499, 4.040575702792858, 4.545220282890588, 3.7629495385933627, 2.366715540575166, 5.106384397007338, 6.368766262000828, 7.269615412798672, 8.651598558070063, 9.175815521249325, 6.90309893888245, 7.4361741971258315, 5.397790482225112, 5.142912611546107, 3.1843625217616163, 2.4032852556448647, 2.06327179256636, 5.627991532509622, 4.378917825216637, 5.171894000267214, 7.3801362677121345, 9.401688499413284, 8.755102774382491, 8.596120151556747, 7.501176187772155, 7.061440429544103, 5.232584867921399, 4.196827308813171], [3.566432993903012, 2.3127213602161416, 1.3459706794726252, 0.0, 1.3479623548155935, 2.2235689330443527, 3.5478975379793596, 4.4283124788117645, 4.046187014956179, 2.663269257885879, 4.296331539813938, 5.678846739435745, 6.473268387762089, 7.830636555223336, 8.521118745211805, 5.912271552457651, 6.311426119348938, 4.425189950725279, 3.9498521668538427, 4.3128359764776585, 3.7388406772688243, 1.0864367169789506, 5.478460723597459, 4.89971769288803, 4.258235362212849, 6.713547912989077, 8.52873017687862, 7.867010458871909, 8.016941804079657, 6.5100977957324115, 5.850069323520875, 4.420023053107303, 2.974579736702313], [4.208977525480505, 2.8247708331827557, 2.424666385299223, 1.3479623548155935, 0.0, 1.3467519556325138, 2.4206492455537627, 3.5433585903772142, 3.568830120641777, 2.4419728192590515, 2.9687128877680307, 4.377445906005008, 5.152390021145527, 6.489613446885723, 7.214927184663751, 4.6156556240690225, 5.026260706529258, 3.148151427425307, 2.8206652424561125, 4.757178469429122, 4.63429445115435, 2.069576161923016, 4.5100029279369656, 4.582638061204486, 2.966709347071263, 5.46206522205658, 7.194480598347598, 6.523366151765513, 6.7425790362442175, 5.288697374590457, 4.648190385515636, 3.2882450577777806, 1.9069471990592712], [3.6798939685811605, 2.3756193908115835, 2.677513404261499, 2.2235689330443527, 1.3467519556325138, 0.0, 1.3767621217915607, 2.2438955969474157, 2.256838797964977, 1.3882402601855346, 2.5010992423332588, 3.6946225910098045, 4.662243256201889, 6.010401998202782, 6.500434824686731, 4.524737874175697, 5.162659471628939, 3.114812491948753, 3.391346024810798, 4.00005474962531, 4.3532081055240175, 3.2133982230654206, 3.2666468526609975, 3.3061779670792073, 2.778410898337393, 4.833522758816803, 6.810868651647894, 6.150206217680836, 5.933567774113649, 5.27049444644428, 5.035418497999943, 3.108754186165256, 2.712832868055089], [4.696344141989597, 3.541343424464789, 4.040575702792858, 3.5478975379793596, 2.4206492455537627, 1.3767621217915607, 0.0, 1.3747739195955093, 2.228799645549146, 2.238271846760353, 1.4608496500324735, 2.3789988041190773, 3.4551697006080615, 4.74971944434616, 5.143179290088963, 3.644121300121608, 4.382994093082946, 2.494847514378384, 3.292283225969479, 4.796058863275137, 5.490828135172326, 4.461210145240862, 2.1468220746023645, 3.272896504627056, 2.0615707264122665, 3.6395879601954944, 5.605806226583292, 4.945260132692718, 4.563153993675865, 4.483928078147552, 4.504906885830161, 2.6084447109340845, 2.9849121444357456], [4.488333689689304, 3.6546639188850185, 4.545220282890588, 4.4283124788117645, 3.5433585903772142, 2.2438955969474157, 1.3747739195955093, 0.0, 1.3791309618741796, 2.261849338483888, 2.5392957311034094, 2.792967880230634, 3.9354402765129084, 5.100808101663892, 5.116355532994165, 4.542475353813161, 5.4139295700997065, 3.6127482350698057, 4.599134132638447, 4.32282042305715, 5.409374161582836, 5.451040257602213, 1.0830781181429159, 2.1928305862514783, 3.181448885335108, 3.8612679536649614, 6.005346253131456, 5.419724802054067, 4.421113101923542, 5.323766912628689, 5.689530103620158, 3.5038843274286324, 4.323030832645078], [3.204807285937799, 2.621063526509802, 3.7629495385933627, 4.046187014956179, 3.568830120641777, 2.256838797964977, 2.228799645549146, 1.3791309618741796, 0.0, 1.4216817998413007, 3.6514573994502526, 4.145908596435768, 5.256300560280016, 6.47227459398935, 6.472733119015491, 5.710263485164234, 6.579132646481602, 4.57530806613063, 5.332507757143913, 2.965970074023, 4.164501368711505, 5.130556162834591, 2.240900823329761, 1.0822124514160796, 4.163343214293052, 5.115943152537956, 7.356813197981855, 6.780041619341286, 5.759912548815303, 6.433366206738117, 6.724429359432665, 4.322189096973894, 4.836318170881647], [2.4581192241223775, 1.4014878772219184, 2.366715540575166, 2.663269257885879, 2.4419728192590515, 1.3882402601855346, 2.238271846760353, 2.261849338483888, 1.4216817998413007, 0.0, 3.6438190981441436, 4.579395786563988, 5.628551776434149, 6.957668967405679, 7.224286633986777, 5.710025640047512, 6.459108926160018, 4.345761219855505, 4.732879387856825, 2.6540748557642453, 3.279544908977464, 3.7492981663239324, 3.32733499666024, 2.2434789970044293, 3.985628655557364, 5.622321508060527, 7.796960752113609, 7.172777095379446, 6.572151605828947, 6.413705220073651, 6.394502647587222, 4.133631499057458, 4.034308526872976], [6.089426450824412, 4.854093766090639, 5.106384397007338, 4.296331539813938, 2.9687128877680307, 2.5010992423332588, 1.4608496500324735, 2.5392957311034094, 3.6514573994502526, 3.6438190981441436, 0.0, 1.447210561735921, 2.339573798793276, 3.575586841345068, 4.261762279855599, 2.365692120712245, 2.9485502301978848, 1.535957518943802, 2.494694229760433, 6.24049223859785, 6.8288134159603455, 4.989057239599482, 2.828684535256627, 4.653358706353939, 1.0967206845865543, 2.880874051394819, 4.3953971800054665, 3.6674261192285793, 3.8364465055569323, 3.347505030616085, 3.17188390865744, 2.190287380687749, 2.6011323245848144], [7.021630395428116, 5.916328478034329, 6.368766262000828, 5.678846739435745, 4.377445906005008, 3.6946225910098045, 2.3789988041190773, 2.792967880230634, 4.145908596435768, 4.579395786563988, 1.447210561735921, 0.0, 1.4508890550279854, 2.4208401909254564, 2.8543641008112473, 2.384201749013703, 3.041163818343234, 2.4015610652240347, 3.6305958119845836, 7.009237782384044, 7.851196631087519, 6.4208833932723, 2.4941636373742604, 4.966430112263738, 2.070544433234892, 2.039989948504649, 3.3811194862057157, 2.65769844226165, 2.3954243256675842, 3.3343231906940276, 3.6558993284826653, 2.90727664662309, 3.9540705709433155], [8.055103429503559, 6.9191928524937065, 7.269615412798672, 6.473268387762089, 5.152390021145527, 4.662243256201889, 3.4551697006080615, 3.9354402765129084, 5.256300560280016, 5.628551776434149, 2.339573798793276, 1.4508890550279854, 0.0, 1.5240809230483794, 2.408149773166113, 1.5215354120098554, 2.448676691603038, 2.3506906091614863, 3.619550577074452, 8.015325234823601, 8.823843848913013, 7.108987462360585, 3.589065538548997, 6.06355337817686, 3.020740753523877, 1.0973276538937675, 2.1742863403884964, 2.1824627694418983, 2.4898094927122436, 2.1952973033281844, 3.2268573705697006, 2.753756389007568, 4.238512617652565], [9.396943367925552, 8.280895295196045, 8.651598558070063, 7.830636555223336, 6.489613446885723, 6.010401998202782, 4.74971944434616, 5.100808101663892, 6.47227459398935, 6.957668967405679, 3.575586841345068, 2.4208401909254564, 1.5240809230483794, 0.0, 1.4301100132507287, 2.5662589990100377, 2.84969049196575, 3.732889974269266, 4.823733694971148, 9.340195230293638, 10.206439028868003, 8.433975169515262, 4.550258175092925, 7.202607761776286, 3.9595951232417694, 2.1624410003512233, 1.0936514664188042, 1.094553105152966, 1.9349320634068778, 3.044864432121732, 3.8154716313976182, 4.246977057861274, 5.519818528719944], [9.58649084545539, 8.609033298808873, 9.175815521249325, 8.521118745211805, 7.214927184663751, 6.500434824686731, 5.143179290088963, 5.116355532994165, 6.472733119015491, 7.224286633986777, 4.261762279855599, 2.8543641008112473, 2.408149773166113, 1.4301100132507287, 0.0, 3.7929155540296438, 4.227010121823699, 4.722500127051348, 5.95801375376056, 9.404369483915442, 10.469029092518563, 9.2452507770206, 4.3148607683215, 7.023101363357929, 4.712464258750405, 2.6013624065093275, 2.052081323924566, 2.0409268164243417, 0.9763324536242762, 4.262865369678005, 5.176717239718624, 5.078355316438581, 6.538177123633161], [8.087809073537779, 6.831062460554727, 6.90309893888245, 5.912271552457651, 4.6156556240690225, 4.524737874175697, 3.644121300121608, 4.542475353813161, 5.710263485164234, 5.710025640047512, 2.365692120712245, 2.384201749013703, 1.5215354120098554, 2.5662589990100377, 3.7929155540296438, 0.0, 1.4312104841706548, 1.516362031310465, 2.4129305854085397, 8.195926756017284, 8.730820104663708, 6.354837512478191, 4.533102933973593, 6.6540961610124025, 2.8818891356192036, 2.1636283252906447, 2.825357053542083, 2.891532664522398, 3.941572191397742, 1.0936584293096268, 1.9344756447161593, 2.1562947108407977, 3.2375913485182157], [8.835510746980052, 7.514937271195283, 7.4361741971258315, 6.311426119348938, 5.026260706529258, 5.162659471628939, 4.382994093082946, 5.4139295700997065, 6.579132646481602, 6.459108926160018, 2.9485502301978848, 3.041163818343234, 2.448676691603038, 2.84969049196575, 4.227010121823699, 1.4312104841706548, 0.0, 2.404835308290362, 2.6534937686001827, 9.06145254250112, 9.457293067786363, 6.600782443013858, 5.432275955803424, 7.567964741593344, 2.9301977510058945, 3.3770289042292783, 3.0665290492672654, 2.642171656043566, 4.384404599258604, 2.047446470606741, 0.9810000764525966, 3.335738384525981, 3.517000371054857], [6.662428333573278, 5.377525777715993, 5.397790482225112, 4.425189950725279, 3.148151427425307, 3.114812491948753, 2.494847514378384, 3.6127482350698057, 4.57530806613063, 4.345761219855505, 1.535957518943802, 2.4015610652240347, 2.3506906091614863, 3.732889974269266, 4.722500127051348, 1.516362031310465, 2.404835308290362, 0.0, 1.4294331463905543, 6.838650219158749, 7.2611352617893035, 4.92274320272752, 3.939527700118379, 5.588356503481145, 2.2009621486977005, 2.7446361216015505, 4.216233135157495, 3.9945460192617634, 4.595068518531579, 2.1928143491869077, 2.404418975553138, 1.0970876218424854, 1.946744305244014], [6.8378381159544865, 5.478341877794777, 5.142912611546107, 3.9498521668538427, 2.8206652424561125, 3.391346024810798, 3.292283225969479, 4.599134132638447, 5.332507757143913, 4.732879387856825, 2.494694229760433, 3.6305958119845836, 3.619550577074452, 4.823733694971148, 5.95801375376056, 2.4129305854085397, 2.6534937686001827, 1.4294331463905543, 0.0, 7.200327418944225, 7.285753208145332, 4.144943145569068, 5.121278533725734, 6.397402014099161, 2.626260280322573, 4.1201732584929, 5.209928587802332, 4.875849901299259, 5.845757833677341, 2.8681451445141333, 2.094211653582321, 2.064796321674368, 0.9833537461158116], [1.0100947381310328, 2.035075833967865, 3.1843625217616163, 4.3128359764776585, 4.757178469429122, 4.00005474962531, 4.796058863275137, 4.32282042305715, 2.965970074023, 2.6540748557642453, 6.24049223859785, 7.009237782384044, 8.015325234823601, 9.340195230293638, 9.404369483915442, 8.195926756017284, 9.06145254250112, 6.838650219158749, 7.200327418944225, 0.0, 1.7225088359715315, 5.217509377087884, 5.164623550656911, 2.6753901154784887, 6.628288315998332, 7.7959503885029955, 10.160831680034859, 9.65570931832561, 8.717299403485004, 8.782434179087254, 8.9882493117403, 6.399021846344956, 6.444516929142169], [1.0131254463293282, 1.989825886855431, 2.4032852556448647, 3.7388406772688243, 4.63429445115435, 4.3532081055240175, 5.490828135172326, 5.409374161582836, 4.164501368711505, 3.279544908977464, 6.8288134159603455, 7.851196631087519, 8.823843848913013, 10.206439028868003, 10.469029092518563, 8.730820104663708, 9.457293067786363, 7.2611352617893035, 7.285753208145332, 1.7225088359715315, 0.0, 4.376347711277065, 6.389798540642734, 4.183946445641962, 7.056863981259665, 8.722667585664377, 10.997759109018528, 10.431224350477752, 9.81247977220845, 9.294679806211724, 9.207514349703724, 6.887608840519328, 6.402934244547573], [4.398421255405171, 3.273779071654042, 2.06327179256636, 1.0864367169789506, 2.069576161923016, 3.2133982230654206, 4.461210145240862, 5.451040257602213, 5.130556162834591, 3.7492981663239324, 4.989057239599482, 6.4208833932723, 7.108987462360585, 8.433975169515262, 9.2452507770206, 6.354837512478191, 6.600782443013858, 4.92274320272752, 4.144943145569068, 5.217509377087884, 4.376347711277065, 0.0, 6.47905088265249, 5.983219027413254, 4.833338512870788, 7.417472383501, 9.067900582273717, 8.408234767179138, 8.794474777381536, 6.885072743987532, 5.9987339239209465, 4.988076588225165, 3.1783850411805052], [5.442352662222469, 4.706596316872736, 5.627991532509622, 5.478460723597459, 4.5100029279369656, 3.2666468526609975, 2.1468220746023645, 1.0830781181429159, 2.240900823329761, 3.32733499666024, 2.828684535256627, 2.4941636373742604, 3.589065538548997, 4.550258175092925, 4.3148607683215, 4.533102933973593, 5.432275955803424, 3.939527700118379, 5.121278533725734, 5.164623550656911, 6.389798540642734, 6.47905088265249, 0.0, 2.714633163062737, 3.5205666276893552, 3.4297303305070503, 5.474656870526226, 4.943391032479628, 3.5796809061702692, 5.299591717292947, 5.883001768655182, 3.8683886115539114, 5.024197974801551], [3.2005078737600385, 3.0852326557327894, 4.378917825216637, 4.89971769288803, 4.582638061204486, 3.3061779670792073, 3.272896504627056, 2.1928305862514783, 1.0822124514160796, 2.2434789970044293, 4.653358706353939, 4.966430112263738, 6.06355337817686, 7.202607761776286, 7.023101363357929, 6.6540961610124025, 7.567964741593344, 5.588356503481145, 6.397402014099161, 2.6753901154784887, 4.183946445641962, 5.983219027413254, 2.714633163062737, 0.0, 5.172757952002007, 5.817786751849882, 8.091254229104411, 7.5558865389840255, 6.2765234883651955, 7.3448751929491625, 7.762784952579841, 5.265397341132007, 5.905320582322352], [6.3449094288256, 5.071188169452992, 5.171894000267214, 4.258235362212849, 2.966709347071263, 2.778410898337393, 2.0615707264122665, 3.181448885335108, 4.163343214293052, 3.985628655557364, 1.0967206845865543, 2.070544433234892, 3.020740753523877, 3.9595951232417694, 4.712464258750405, 2.8818891356192036, 2.9301977510058945, 2.2009621486977005, 2.626260280322573, 6.628288315998332, 7.056863981259665, 4.833338512870788, 3.5205666276893552, 5.172757952002007, 0.0, 3.782367092179182, 4.814046400898105, 3.737750837067661, 4.238799803010282, 3.9322122666509247, 3.030309642594301, 3.0768840000884015, 2.649064380116119], [7.954212450016658, 6.917316685680944, 7.3801362677121345, 6.713547912989077, 5.46206522205658, 4.833522758816803, 3.6395879601954944, 3.8612679536649614, 5.115943152537956, 5.622321508060527, 2.880874051394819, 2.039989948504649, 1.0973276538937675, 2.1624410003512233, 2.6013624065093275, 2.1636283252906447, 3.3770289042292783, 2.7446361216015505, 4.1201732584929, 7.7959503885029955, 8.722667585664377, 7.417472383501, 3.4297303305070503, 5.817786751849882, 3.782367092179182, 0.0, 2.5665606811451003, 3.079594716841812, 2.7455078528388874, 2.4484518884388966, 4.067881194184511, 2.703215139421944, 4.6744200100119375], [10.225233560657674, 9.090796621858836, 9.401688499413284, 8.52873017687862, 7.194480598347598, 6.810868651647894, 5.605806226583292, 6.005346253131456, 7.356813197981855, 7.796960752113609, 4.3953971800054665, 3.3811194862057157, 2.1742863403884964, 1.0936514664188042, 2.052081323924566, 2.825357053542083, 3.0665290492672654, 4.216233135157495, 5.209928587802332, 10.160831680034859, 10.997759109018528, 9.067900582273717, 5.474656870526226, 8.091254229104411, 4.814046400898105, 2.5665606811451003, 0.0, 1.783776989985015, 2.83520039856092, 2.9177539649531794, 4.006043017742072, 4.6431758183381335, 6.016760718193803], [9.624113441766987, 8.46328112790778, 8.755102774382491, 7.867010458871909, 6.523366151765513, 6.150206217680836, 4.945260132692718, 5.419724802054067, 6.780041619341286, 7.172777095379446, 3.6674261192285793, 2.65769844226165, 2.1824627694418983, 1.094553105152966, 2.0409268164243417, 2.891532664522398, 2.642171656043566, 3.9945460192617634, 4.875849901299259, 9.65570931832561, 10.431224350477752, 8.408234767179138, 4.943391032479628, 7.5558865389840255, 3.737750837067661, 3.079594716841812, 1.783776989985015, 0.0, 2.290401058766783, 3.5421775830694884, 3.5941218412847387, 4.729228870545388, 5.5524723042983295], [8.899550993729965, 7.965035423650042, 8.596120151556747, 8.016941804079657, 6.7425790362442175, 5.933567774113649, 4.563153993675865, 4.421113101923542, 5.759912548815303, 6.572151605828947, 3.8364465055569323, 2.3954243256675842, 2.4898094927122436, 1.9349320634068778, 0.9763324536242762, 3.941572191397742, 4.384404599258604, 4.595068518531579, 5.845757833677341, 8.717299403485004, 9.81247977220845, 8.794474777381536, 3.5796809061702692, 6.2765234883651955, 4.238799803010282, 2.7455078528388874, 2.83520039856092, 2.290401058766783, 0.0, 4.601136348772985, 5.277911111415197, 4.977146120016973, 6.300118292540228], [8.70755193668117, 7.474120126141939, 7.501176187772155, 6.5100977957324115, 5.288697374590457, 5.27049444644428, 4.483928078147552, 5.323766912628689, 6.433366206738117, 6.413705220073651, 3.347505030616085, 3.3343231906940276, 2.1952973033281844, 3.044864432121732, 4.262865369678005, 1.0936584293096268, 2.047446470606741, 2.1928143491869077, 2.8681451445141333, 8.782434179087254, 9.294679806211724, 6.885072743987532, 5.299591717292947, 7.3448751929491625, 3.9322122666509247, 2.4484518884388966, 2.9177539649531794, 3.5421775830694884, 4.601136348772985, 0.0, 2.3866914295735846, 2.435623049652799, 3.760143510559138], [8.670188834737107, 7.310444727921824, 7.061440429544103, 5.850069323520875, 4.648190385515636, 5.035418497999943, 4.504906885830161, 5.689530103620158, 6.724429359432665, 6.394502647587222, 3.17188390865744, 3.6558993284826653, 3.2268573705697006, 3.8154716313976182, 5.176717239718624, 1.9344756447161593, 0.9810000764525966, 2.404418975553138, 2.094211653582321, 8.9882493117403, 9.207514349703724, 5.9987339239209465, 5.883001768655182, 7.762784952579841, 3.030309642594301, 4.067881194184511, 4.006043017742072, 3.5941218412847387, 5.277911111415197, 2.3866914295735846, 0.0, 3.3436420412478363, 2.967625121203822], [6.321202481332172, 5.124350364680385, 5.232584867921399, 4.420023053107303, 3.2882450577777806, 3.108754186165256, 2.6084447109340845, 3.5038843274286324, 4.322189096973894, 4.133631499057458, 2.190287380687749, 2.90727664662309, 2.753756389007568, 4.246977057861274, 5.078355316438581, 2.1562947108407977, 3.335738384525981, 1.0970876218424854, 2.064796321674368, 6.399021846344956, 6.887608840519328, 4.988076588225165, 3.8683886115539114, 5.265397341132007, 3.0768840000884015, 2.703215139421944, 4.6431758183381335, 4.729228870545388, 4.977146120016973, 2.435623049652799, 3.3436420412478363, 0.0, 2.362859449903866], [6.002455561684735, 4.631522792775611, 4.196827308813171, 2.974579736702313, 1.9069471990592712, 2.712832868055089, 2.9849121444357456, 4.323030832645078, 4.836318170881647, 4.034308526872976, 2.6011323245848144, 3.9540705709433155, 4.238512617652565, 5.519818528719944, 6.538177123633161, 3.2375913485182157, 3.517000371054857, 1.946744305244014, 0.9833537461158116, 6.444516929142169, 6.402934244547573, 3.1783850411805052, 5.024197974801551, 5.905320582322352, 2.649064380116119, 4.6744200100119375, 6.016760718193803, 5.5524723042983295, 6.300118292540228, 3.760143510559138, 2.967625121203822, 2.362859449903866, 0.0]]}