{"total energy": -24.05241599, "HOMO-LUMO gap/eV": 11.66395906, "electronic energy": -24.34995734, "dipole": [-0.46025624, 0.22442274, 0.45503659], "partial charges": [-0.09941665, -0.05589207, 0.11173852, -0.44814535, -0.0219082, -0.10300678, -0.10648479, 0.03029838, 0.04917975, 0.0308609, 0.04890932, 0.03315284, 0.01108942, 0.27908698, 0.02367861, 0.04445516, 0.03140856, 0.0361881, 0.03053847, 0.03672247, 0.03754635], "atomic dipole moments": [[-0.11151796, -0.01081889, -0.00152445], [0.04093309, 0.11340699, 0.02005624], [0.0090657, 0.03295825, -0.17373092], [-0.1247065, 0.01519877, 0.20056333], [0.03500534, -0.07987301, 0.01030505], [0.04019494, 0.05313213, 0.08732015], [0.04020189, 0.03851179, -0.0873969], [0.03689868, 0.05867594, 0.10433029], [0.05122555, 0.06115103, -0.10222015], [0.04931042, -0.1133285, 0.00234524], [-0.02134436, -0.06585233, -0.10713101], [-0.03361114, -0.07267228, 0.09462093], [0.04422506, 0.06894927, 0.08464389], [-0.03276111, 0.07001596, 0.01264069], [-0.04391558, 0.11073473, -0.00939699], [0.03913678, 0.04588874, -0.11327774], [-0.12427427, 0.01132095, -0.00148927], [0.0230006, -0.12606345, 0.00049133], [0.04846867, 0.05938921, 0.09951762], [0.02029046, -0.12487972, 0.01566629], [-0.124131, 0.01464879, 0.00823773]], "atomic quadrupole moments": [[0.23763954, 0.01799518, -0.10316128, 0.03273079, 0.01282492, -0.13447826], [0.16682575, -0.07811076, 0.0653893, 0.01188504, 0.0014559, -0.23221505], [-0.04474371, -0.00684754, -0.03148006, -0.16795057, -0.27035243, 0.07622377], [-0.06603505, 0.00684825, -0.02100606, -0.08798256, -0.09365805, 0.08704111], [0.07065419, 0.10536762, -0.1710937, -0.02118488, 0.00232744, 0.10043951], [-0.05248958, 0.06390348, -0.03365972, 0.09478278, 0.13864814, 0.0861493], [-0.06740013, 0.04659371, -0.07494845, -0.09080058, -0.10515903, 0.14234858], [-0.02430419, 0.01381849, -0.02042347, 0.01618487, 0.05734563, 0.04472766], [-0.01946242, 0.01820013, -0.01700927, -0.01916473, -0.05194582, 0.03647169], [-0.01564264, -0.03564042, 0.07207375, 0.00120391, -0.00191533, -0.05643112], [-0.0041104, 0.00271665, -0.02962213, 0.02527554, 0.03558933, 0.03373253], [-0.00486465, 0.0062221, -0.02155925, -0.02974512, -0.0432095, 0.02642389], [-0.01965612, 0.00490502, -0.00796113, 0.00460932, 0.00503351, 0.02761725], [-0.0578611, -0.07692726, 0.10983463, -0.01487965, -0.00720074, -0.05197353], [-0.0138208, -0.01045456, 0.03320567, 0.0045764, 0.00096049, -0.01938487], [-0.02422366, 0.0295185, -0.01762677, -0.03840085, -0.03661347, 0.04185043], [0.07961157, -0.01792113, -0.04104838, -0.00969282, 0.01507045, -0.03856319], [-0.03302782, -0.03581469, 0.06796453, 0.01425839, -0.01189311, -0.03493671], [-0.01954728, 0.03884716, -0.00987278, 0.03814237, 0.04150368, 0.02942006], [-0.03738192, -0.03446855, 0.07144107, -0.00861586, 0.00118832, -0.03405915], [0.0784754, -0.01941023, -0.04301787, 0.00336808, -0.013864, -0.03545753]], "number of molecular orbitals": 42, "number of electrons": 44, "number of unpaired electrons": 0, "orbital energies/eV": [-18.4161607, -17.17547675, -16.75830141, -16.10458421, -16.00270391, -15.50558063, -15.19216261, -14.78930978, -14.15760129, -13.99328797, -13.46356054, -13.2609414, -13.10457539, -12.67044783, -12.54804996, -12.47352261, -12.13992856, -12.0582774, -11.85021722, -11.57488491, -11.37202311, -10.84746307, 0.81649598, 1.63173282, 1.87723375, 2.99589004, 3.27931924, 3.50185615, 3.75030877, 4.29029858, 4.71655256, 4.79988522, 5.14771921, 5.40642715, 5.60006658, 5.84113065, 6.54138355, 6.95541395, 7.0699573, 7.34694637, 7.74944421, 8.17749945], "fractional occupation": [2.0, 2.0, 2.0, 2.0, 2.0, 2.0, 2.0, 2.0, 2.0, 2.0, 2.0, 2.0, 2.0, 2.0, 2.0, 2.0, 2.0, 2.0, 2.0, 2.0, 2.0, 2.0, 0.0, 0.0, 0.0, 0.0, 0.0, 0.0, 0.0, 0.0, 0.0, 0.0, 0.0, 0.0, 0.0, 0.0, 0.0, 0.0, 0.0, 0.0, 0.0, 0.0], "program call": "xtb /home/svss/Project-DBcg-Debug/aqme2_20220329/End-to-End-workflows-final/example-3/QDESCP/mol_748_rdkit_conf_4/mol_748_rdkit_conf_4.xyz --pop --wbo --acc 0.2 --gfn 2 --chrg 0 --uhf 0 --etemp 300 --input /home/svss/Project-DBcg-Debug/aqme2_20220329/End-to-End-workflows-final/example-3/QDESCP/mol_748_rdkit_conf_4/mol_748_rdkit_conf_4_xtb.inp", "method": "GFN2-xTB", "xtb version": "6.3.3 (7355c4f)", "Dipole module/D": 1.741, "Total charge": 0, "Transition dipole module/D": NaN, "HOMO": -10.8475, "LUMO": 0.8165, "HOMO occupancy": 2.0, "LUMO occupancy": 0, "mulliken charges": [-0.07691, -0.04696, 0.21164, -0.56934, -0.02478, -0.08623, -0.09355, 0.02201, 0.04112, 0.02426, 0.03643, 0.01948, 0.00876, 0.33357, 0.01938, 0.03874, 0.02601, 0.02697, 0.02736, 0.02938, 0.03267], "cm5 charges": [-0.2263, -0.15446, 0.16592, -0.78133, -0.09499, -0.23387, -0.24193, 0.07376, 0.09487, 0.07511, 0.09435, 0.07548, 0.07581, 0.50309, 0.08003, 0.09278, 0.07744, 0.07959, 0.07896, 0.08166, 0.08402], "FUKUI+": [0.022, 0.015, -0.041, -0.15, -0.021, 0.021, 0.009, -0.038, -0.031, -0.057, -0.056, -0.093, -0.101, -0.134, -0.046, -0.035, -0.072, -0.042, -0.045, -0.045, -0.059], "FUKUI-": [0.015, 0.008, -0.009, -0.111, -0.016, 0.023, 0.025, -0.067, -0.063, -0.083, -0.067, -0.061, -0.092, -0.057, -0.079, -0.039, -0.084, -0.06, -0.047, -0.053, -0.082], "FUKUIrad": [0.018, 0.012, -0.025, -0.13, -0.019, 0.022, 0.017, -0.053, -0.047, -0.07, -0.062, -0.077, -0.096, -0.095, -0.063, -0.037, -0.078, -0.051, -0.046, -0.049, -0.07], "s proportion": [1.006, 1.029, 1.025, 1.699, 1.062, 1.01, 1.013, 0.978, 0.959, 0.976, 0.964, 0.981, 0.991, 0.666, 0.981, 0.961, 0.974, 0.973, 0.973, 0.971, 0.967], "p proportion": [3.071, 3.018, 2.764, 4.87, 2.963, 3.076, 3.081, 0.0, 0.0, 0.0, 0.0, 0.0, 0.0, 0.0, 0.0, 0.0, 0.0, 0.0, 0.0, 0.0, 0.0], "d proportion": [0.0, 0.0, 0.0, 0.0, 0.0, 0.0, 0.0, 0.0, 0.0, 0.0, 0.0, 0.0, 0.0, 0.0, 0.0, 0.0, 0.0, 0.0, 0.0, 0.0, 0.0], "Fermi-level/eV": -5.0155, "Coordination numbers": [3.749, 3.798, 3.724, 1.653, 3.847, 3.751, 3.751, 0.924, 0.924, 0.924, 0.924, 0.924, 0.924, 0.804, 0.923, 0.924, 0.924, 0.924, 0.924, 0.924, 0.924], "Dispersion coefficient C6": [22.464, 21.581, 18.849, 21.807, 20.932, 22.53, 22.597, 2.582, 2.33, 2.574, 2.334, 2.542, 2.873, 0.788, 2.678, 2.39, 2.567, 2.5, 2.579, 2.493, 2.482], "Total dispersion C6": 2908.372388, "Total dispersion C8": 60045.066223, "Polarizability alpha": [6.76, 6.615, 6.2, 6.304, 6.508, 6.769, 6.779, 2.513, 2.387, 2.509, 2.389, 2.493, 2.651, 1.394, 2.559, 2.418, 2.505, 2.473, 2.511, 2.469, 2.464], "Total polarizability alpha": 79.670098, "Wiberg matrix": [[0.0, 1.0189881851077658, 0.0, 0.0, 0.0, 0.0, 0.0, 0.9877903887379118, 0.9868529415093148, 0.9874619070230201, 0.0, 0.0, 0.0, 0.0, 0.0, 0.0, 0.0, 0.0, 0.0, 0.0, 0.0], [1.0189881851077658, 0.0, 0.9953138631833737, 0.0, 0.0, 0.0, 0.0, 0.0, 0.0, 0.0, 0.9744893083694646, 0.9742225493132701, 0.0, 0.0, 0.0, 0.0, 0.0, 0.0, 0.0, 0.0, 0.0], [0.0, 0.9953138631833737, 0.0, 0.979030185689231, 0.973837111697528, 0.0, 0.0, 0.0, 0.0, 0.0, 0.0, 0.0, 0.9633399113792032, 0.0, 0.0, 0.0, 0.0, 0.0, 0.0, 0.0, 0.0], [0.0, 0.0, 0.979030185689231, 0.0, 0.0, 0.0, 0.0, 0.0, 0.0, 0.0, 0.0, 0.0, 0.0, 0.9054725994556108, 0.0, 0.0, 0.0, 0.0, 0.0, 0.0, 0.0], [0.0, 0.0, 0.973837111697528, 0.0, 0.0, 1.0096552687115794, 1.0087136916720065, 0.0, 0.0, 0.0, 0.0, 0.0, 0.0, 0.0, 0.9662591818269928, 0.0, 0.0, 0.0, 0.0, 0.0, 0.0], [0.0, 0.0, 0.0, 0.0, 1.0096552687115794, 0.0, 0.0, 0.0, 0.0, 0.0, 0.0, 0.0, 0.0, 0.0, 0.0, 0.9851779727126946, 0.9864355082748889, 0.9855829481448144, 0.0, 0.0, 0.0], [0.0, 0.0, 0.0, 0.0, 1.0087136916720065, 0.0, 0.0, 0.0, 0.0, 0.0, 0.0, 0.0, 0.0, 0.0, 0.0, 0.0, 0.0, 0.0, 0.9865473217163889, 0.9844124812720225, 0.9862432555636791], [0.9877903887379118, 0.0, 0.0, 0.0, 0.0, 0.0, 0.0, 0.0, 0.0, 0.0, 0.0, 0.0, 0.0, 0.0, 0.0, 0.0, 0.0, 0.0, 0.0, 0.0, 0.0], [0.9868529415093148, 0.0, 0.0, 0.0, 0.0, 0.0, 0.0, 0.0, 0.0, 0.0, 0.0, 0.0, 0.0, 0.0, 0.0, 0.0, 0.0, 0.0, 0.0, 0.0, 0.0], [0.9874619070230201, 0.0, 0.0, 0.0, 0.0, 0.0, 0.0, 0.0, 0.0, 0.0, 0.0, 0.0, 0.0, 0.0, 0.0, 0.0, 0.0, 0.0, 0.0, 0.0, 0.0], [0.0, 0.9744893083694646, 0.0, 0.0, 0.0, 0.0, 0.0, 0.0, 0.0, 0.0, 0.0, 0.0, 0.0, 0.0, 0.0, 0.0, 0.0, 0.0, 0.0, 0.0, 0.0], [0.0, 0.9742225493132701, 0.0, 0.0, 0.0, 0.0, 0.0, 0.0, 0.0, 0.0, 0.0, 0.0, 0.0, 0.0, 0.0, 0.0, 0.0, 0.0, 0.0, 0.0, 0.0], [0.0, 0.0, 0.9633399113792032, 0.0, 0.0, 0.0, 0.0, 0.0, 0.0, 0.0, 0.0, 0.0, 0.0, 0.0, 0.0, 0.0, 0.0, 0.0, 0.0, 0.0, 0.0], [0.0, 0.0, 0.0, 0.9054725994556108, 0.0, 0.0, 0.0, 0.0, 0.0, 0.0, 0.0, 0.0, 0.0, 0.0, 0.0, 0.0, 0.0, 0.0, 0.0, 0.0, 0.0], [0.0, 0.0, 0.0, 0.0, 0.9662591818269928, 0.0, 0.0, 0.0, 0.0, 0.0, 0.0, 0.0, 0.0, 0.0, 0.0, 0.0, 0.0, 0.0, 0.0, 0.0, 0.0], [0.0, 0.0, 0.0, 0.0, 0.0, 0.9851779727126946, 0.0, 0.0, 0.0, 0.0, 0.0, 0.0, 0.0, 0.0, 0.0, 0.0, 0.0, 0.0, 0.0, 0.0, 0.0], [0.0, 0.0, 0.0, 0.0, 0.0, 0.9864355082748889, 0.0, 0.0, 0.0, 0.0, 0.0, 0.0, 0.0, 0.0, 0.0, 0.0, 0.0, 0.0, 0.0, 0.0, 0.0], [0.0, 0.0, 0.0, 0.0, 0.0, 0.9855829481448144, 0.0, 0.0, 0.0, 0.0, 0.0, 0.0, 0.0, 0.0, 0.0, 0.0, 0.0, 0.0, 0.0, 0.0, 0.0], [0.0, 0.0, 0.0, 0.0, 0.0, 0.0, 0.9865473217163889, 0.0, 0.0, 0.0, 0.0, 0.0, 0.0, 0.0, 0.0, 0.0, 0.0, 0.0, 0.0, 0.0, 0.0], [0.0, 0.0, 0.0, 0.0, 0.0, 0.0, 0.9844124812720225, 0.0, 0.0, 0.0, 0.0, 0.0, 0.0, 0.0, 0.0, 0.0, 0.0, 0.0, 0.0, 0.0, 0.0], [0.0, 0.0, 0.0, 0.0, 0.0, 0.0, 0.9862432555636791, 0.0, 0.0, 0.0, 0.0, 0.0, 0.0, 0.0, 0.0, 0.0, 0.0, 0.0, 0.0, 0.0, 0.0]], "Born radii": [], "Atomic SASAs": [], "Solvent H bonds": [], "Total SASA": NaN, "Total FOD": 0.0, "FOD": [0.0, 0.0, 0.0, 0.0, 0.0, 0.0, 0.0, 0.0, 0.0, 0.0, 0.0, 0.0, 0.0, 0.0, 0.0, 0.0, 0.0, 0.0, 0.0, 0.0, 0.0], "FOD s proportion": [0.0, 0.0, 0.0, 0.0, 0.0, 0.0, 0.0, 0.0, 0.0, 0.0, 0.0, 0.0, 0.0, 0.0, 0.0, 0.0, 0.0, 0.0, 0.0, 0.0, 0.0], "FOD p proportion": [0.0, 0.0, 0.0, 0.0, 0.0, 0.0, 0.0, 0.0, 0.0, 0.0, 0.0, 0.0, 0.0, 0.0, 0.0, 0.0, 0.0, 0.0, 0.0, 0.0, 0.0], "FOD d proportion": [0.0, 0.0, 0.0, 0.0, 0.0, 0.0, 0.0, 0.0, 0.0, 0.0, 0.0, 0.0, 0.0, 0.0, 0.0, 0.0, 0.0, 0.0, 0.0, 0.0, 0.0], "coordinates": [["2.62250", "-0.67590", "0.09240"], ["1.10270", "-0.76830", "0.00860"], ["0.43980", "0.61560", "0.01260"], ["0.87040", "1.32040", "-1.15430"], ["-1.10570", "0.59370", "0.04650"], ["-1.72330", "-0.14830", "-1.14240"], ["-1.64510", "0.02750", "1.36060"], ["2.93300", "-0.15230", "1.00210"], ["3.03900", "-0.14610", "-0.77000"], ["3.05980", "-1.67920", "0.11300"], ["0.85380", "-1.30550", "-0.91370"], ["0.74670", "-1.36790", "0.85230"], ["0.80430", "1.18190", "0.87870"], ["0.49140", "2.21490", "-1.11350"], ["-1.44640", "1.63570", "-0.02720"], ["-1.35950", "0.25300", "-2.09350"], ["-2.81370", "-0.04110", "-1.13490"], ["-1.49790", "-1.21910", "-1.11310"], ["-1.20580", "0.54680", "2.21860"], ["-1.43450", "-1.04170", "1.46190"], ["-2.73170", "0.15580", "1.41560"]], "bond_dist": [[0.0, 1.5249105678694734, 2.537423807723101, 2.934165808198303, 3.9387137760949327, 4.548523984766927, 4.507273295463678, 1.0945872738160258, 1.0944834626434519, 1.0946536164467735, 2.1300077605492427, 2.138910388492234, 2.7157945006940416, 3.7884702268857806, 4.681212015066184, 4.636522190176599, 5.609055782393325, 4.327354001003385, 4.546603415737951, 4.297509614881624, 5.577637561728084], [1.5249105678694734, 0.0, 1.534480895938428, 2.401867479691584, 2.5949009557206613, 3.113756091924992, 3.1641122736085077, 2.171749603430377, 2.1777530828815284, 2.1612215481065333, 1.0959800819357988, 1.0945710803780628, 2.1562459530396807, 3.2453471832763903, 3.5040559998379024, 3.394746962587934, 4.144225024054558, 2.867847954477364, 3.4558298945405284, 2.936700919399182, 4.187628585488451], [2.537423807723101, 1.534480895938428, 0.0, 1.4296205825323027, 1.546026865872647, 2.5683788310917066, 2.5514258013902738, 2.7901302657761335, 2.8193067037837514, 3.484334541917581, 2.172568272805253, 2.1756736772779135, 1.09712585877829, 1.9566615087950188, 2.144746719312096, 2.793674365419134, 3.5118760499197577, 2.8962054260704644, 2.7530290227311442, 2.891386219445614, 3.4983192092775064], [2.934165808198303, 2.401867479691584, 1.4296205825323027, 0.0, 2.4238367808084766, 2.9806880061489163, 3.7847130234669044, 3.3276455655613324, 2.645965740518951, 3.923916641571276, 2.6369517875759505, 3.3568887589552325, 2.038784064093106, 0.9723352765378823, 2.5956368659733586, 2.64459702223231, 3.9276776115154868, 3.472693850600712, 4.0355319116567525, 4.211482264001595, 4.5755659300243945], [3.9387137760949327, 2.5949009557206613, 1.546026865872647, 2.4238367808084766, 0.0, 1.5314950114185812, 1.5291806989365253, 4.2167268170940355, 4.288649482063089, 4.745723012355441, 2.8928506580879696, 2.815772355855494, 2.1648639864896824, 2.5543331517247316, 1.0987593822125021, 2.1817632616762066, 2.171621744227111, 2.1874041327564506, 2.1749110395600093, 2.187692793789841, 2.1702689280363394], [4.548523984766927, 3.113756091924992, 2.5683788310917066, 2.9806880061489163, 1.5314950114185812, 0.0, 2.5103844088107303, 5.126404777229359, 4.776838692064031, 5.1766523526309935, 2.8342300435920866, 3.4010516388317305, 3.499005431547656, 3.2388957284852506, 2.1220274856843866, 1.094524252814893, 1.0956825498291007, 1.0946580699012822, 3.470920808661586, 2.7683835518222546, 2.76635344271118], [4.507273295463678, 3.1641122736085077, 2.5514258013902738, 3.7847130234669044, 1.5291806989365253, 2.5103844088107303, 0.0, 4.595633786541308, 5.14882376179259, 5.158043685352035, 3.6323313037221703, 2.8153538480979616, 2.750350401312531, 3.9332584227329885, 2.133489575788923, 3.473215285581935, 2.756420172977988, 2.773963065723839, 1.0949068362194108, 1.0944417252645298, 1.095529757697161], [1.0945872738160258, 2.171749603430377, 2.7901302657761335, 3.3276455655613324, 4.2167268170940355, 5.126404777229359, 4.595633786541308, 0.0, 1.7752782457969793, 1.7714402784175367, 3.0533968821625526, 2.5059990203509654, 2.515289424698478, 4.005097971336032, 4.841027458091928, 5.3077833132108925, 6.132185200236536, 5.024441072398003, 4.37015772026594, 4.4807928595283215, 5.688122181352998], [1.0944834626434519, 2.1777530828815284, 2.8193067037837514, 2.645965740518951, 4.288649482063089, 4.776838692064031, 5.14882376179259, 1.7752782457969793, 0.0, 1.7693267787494769, 2.477893680124311, 3.0625629495571185, 3.0782592126070214, 3.49035514095629, 4.883172763685512, 4.610611164477005, 5.865004202897045, 4.674666642660202, 5.237381732316253, 5.07894469550516, 6.178104034410557], [1.0946536164467735, 2.1612215481065333, 3.484334541917581, 3.923916641571276, 4.745723012355441, 5.1766523526309935, 5.158043685352035, 1.7714402784175367, 1.7693267787494769, 0.0, 2.4617474647087585, 2.4482450428827582, 3.7228309053729527, 4.8233801032056345, 5.595896397361194, 5.303984500354427, 6.22403633263817, 4.742113717531456, 5.252044432409154, 4.735469348438442, 6.213329543006712], [2.1300077605492427, 1.0959800819357988, 2.172568272805253, 2.6369517875759505, 2.8928506580879696, 2.8342300435920866, 3.6323313037221703, 3.0533968821625526, 2.477893680124311, 2.4617474647087585, 0.0, 1.7703446472368027, 3.0663181129817563, 3.5446396093256087, 3.837637258783065, 2.952887938950613, 3.8856393360681327, 2.361719333451797, 4.181419703880489, 3.308985145025586, 4.518500462542856], [2.138910388492234, 1.0945710803780628, 2.1756736772779135, 3.3568887589552325, 2.815772355855494, 3.4010516388317305, 2.8153538480979616, 2.5059990203509654, 3.0625629495571185, 2.4482450428827582, 1.7703446472368027, 0.0, 2.5505871402482994, 4.094631066408791, 3.821625415971586, 3.9675096584633542, 4.2878677964694765, 2.987167179787566, 3.0569769429945, 2.2881547237894555, 3.8390409140825783], [2.7157945006940416, 2.1562459530396807, 1.09712585877829, 2.038784064093106, 2.1648639864896824, 3.499005431547656, 2.750350401312531, 2.515289424698478, 3.0782592126070214, 3.7228309053729527, 3.0663181129817563, 2.5505871402482994, 0.0, 2.2658014586454835, 2.4682462883594094, 3.791946530477454, 4.317434187106968, 3.87713722738827, 2.497836269654198, 3.2088541007655684, 3.7208115808248072], [3.7884702268857806, 3.2453471832763903, 1.9566615087950188, 0.9723352765378823, 2.5543331517247316, 3.2388957284852506, 3.9332584227329885, 4.005097971336032, 3.49035514095629, 4.8233801032056345, 3.5446396093256087, 4.094631066408791, 2.2658014586454835, 0.0, 2.2957763763049743, 2.86971817780074, 4.001709630895275, 3.9685854721802327, 4.094622798256269, 4.576813250505203, 4.585260432080166], [4.681212015066184, 3.5040559998379024, 2.144746719312096, 2.5956368659733586, 1.0987593822125021, 2.1220274856843866, 2.133489575788923, 4.841027458091928, 4.883172763685512, 5.595896397361194, 3.837637258783065, 3.821625415971586, 2.4682462883594094, 2.2957763763049743, 0.0, 2.4877714103188824, 2.4306720922411564, 3.05478544254748, 2.5074307986462956, 3.063663033037413, 2.4338800175850905], [4.636522190176599, 3.394746962587934, 2.793674365419134, 2.64459702223231, 2.1817632616762066, 1.094524252814893, 3.473215285581935, 5.3077833132108925, 4.610611164477005, 5.303984500354427, 2.952887938950613, 3.9675096584633542, 3.791946530477454, 2.86971817780074, 2.4877714103188824, 0.0, 1.766382294408546, 1.774096144519795, 4.3248293076143485, 3.7845398993801083, 3.7691064577695337], [5.609055782393325, 4.144225024054558, 3.5118760499197577, 3.9276776115154868, 2.171621744227111, 1.0956825498291007, 2.756420172977988, 6.132185200236536, 5.865004202897045, 6.22403633263817, 3.8856393360681327, 4.2878677964694765, 4.317434187106968, 4.001709630895275, 2.4306720922411564, 1.766382294408546, 0.0, 1.7662074849801763, 3.765226562904283, 3.105923894753379, 2.559403028051659], [4.327354001003385, 2.867847954477364, 2.8962054260704644, 3.472693850600712, 2.1874041327564506, 1.0946580699012822, 2.773963065723839, 5.024441072398003, 4.674666642660202, 4.742113717531456, 2.361719333451797, 2.987167179787566, 3.87713722738827, 3.9685854721802327, 3.05478544254748, 1.774096144519795, 1.7662074849801763, 0.0, 3.782056333530742, 2.5818821274411428, 3.131602806870628], [4.546603415737951, 3.4558298945405284, 2.7530290227311442, 4.0355319116567525, 2.1749110395600093, 3.470920808661586, 1.0949068362194108, 4.37015772026594, 5.237381732316253, 5.252044432409154, 4.181419703880489, 3.0569769429945, 2.497836269654198, 4.094622798256269, 2.5074307986462956, 4.3248293076143485, 3.765226562904283, 3.782056333530742, 0.0, 1.7743254577444354, 1.7680669698854734], [4.297509614881624, 2.936700919399182, 2.891386219445614, 4.211482264001595, 2.187692793789841, 2.7683835518222546, 1.0944417252645298, 4.4807928595283215, 5.07894469550516, 4.735469348438442, 3.308985145025586, 2.2881547237894555, 3.2088541007655684, 4.576813250505203, 3.063663033037413, 3.7845398993801083, 3.105923894753379, 2.5818821274411428, 1.7743254577444354, 0.0, 1.766034478712123], [5.577637561728084, 4.187628585488451, 3.4983192092775064, 4.5755659300243945, 2.1702689280363394, 2.76635344271118, 1.095529757697161, 5.688122181352998, 6.178104034410557, 6.213329543006712, 4.518500462542856, 3.8390409140825783, 3.7208115808248072, 4.585260432080166, 2.4338800175850905, 3.7691064577695337, 2.559403028051659, 3.131602806870628, 1.7680669698854734, 1.766034478712123, 0.0]]}