{"total energy": -32.51701813, "HOMO-LUMO gap/eV": 3.71763162, "electronic energy": -32.95087423, "dipole": [-0.41264073, -1.06211043, -0.6426498], "partial charges": [-0.10189871, -0.05256005, -0.04840668, -0.08286438, 0.22864841, -0.36600589, -0.08210907, -0.05539316, -0.0527998, -0.10130821, 0.03630539, 0.0358076, 0.03372812, 0.03545428, 0.03182537, 0.04345797, 0.03208633, 0.04157658, 0.06016608, 0.05896493, 0.05496615, 0.04650961, 0.04518163, 0.02789494, 0.02788479, 0.03525173, 0.03515989, 0.03247614], "atomic dipole moments": [[0.06016199, 0.05771172, -0.06569003], [0.05099476, -0.04911764, 0.0945961], [-0.02121684, 0.06003816, -0.10553238], [0.01944715, -0.05994645, 0.09600606], [0.00500657, 0.01548683, 0.00776751], [-0.04826854, -0.12522343, -0.0908152], [0.02664454, 0.06291425, 0.0456846], [-0.05456455, -0.09562809, -0.07044169], [0.02860778, 0.09113265, 0.05913108], [-0.09717598, -0.01447579, -0.03528676], [-0.00190192, 0.04865428, 0.11701306], [-0.11841831, -0.00378456, -0.04136974], [0.04148468, -0.11875393, 0.00722444], [-0.05101741, 0.11337137, -0.00770218], [-0.00853752, -0.04908554, -0.11293344], [0.00661724, 0.04652172, 0.11811385], [0.04611815, -0.11377241, 0.01196215], [0.00378024, -0.04314069, -0.11824614], [-0.04482613, 0.12080299, -0.01518538], [-0.04317159, -0.11218247, 0.05257706], [0.00544829, -0.00836029, -0.1303512], [-0.0010466, 0.01514796, 0.12675096], [0.04629807, 0.11094051, -0.04330847], [-0.0407042, -0.10703925, 0.0443095], [0.00557048, -0.01357492, -0.12198788], [0.00317602, 0.00762457, 0.12633933], [0.05163521, 0.1054495, -0.04754724], [0.07230603, -0.09578907, -0.03369976]], "atomic quadrupole moments": [[0.00346014, 0.11246027, -0.01750492, -0.12004527, -0.12736966, 0.01404479], [0.18320579, 0.12091576, -0.12995428, -0.01311232, -0.12479926, -0.05325151], [0.17481652, 0.12622295, -0.11224362, -0.03314532, -0.13585672, -0.0625729], [0.16537101, 0.12400554, -0.1101872, 0.0067995, -0.07097059, -0.05518381], [-0.2264863, 0.12675865, -0.10813124, -0.20438353, -0.40355211, 0.33461754], [-0.10246431, 0.05649964, -0.03967932, -0.08928115, -0.16855587, 0.14214363], [0.16099768, -0.0745605, -0.00526813, 0.07275799, 0.1148887, -0.15572955], [0.21011586, -0.10575085, -0.02780897, 0.0723482, 0.10154747, -0.18230689], [0.18725461, -0.10000975, -0.02140307, 0.06119971, 0.091961, -0.16585155], [0.19397949, 0.03768907, -0.10703174, 0.11194959, 0.02456348, -0.08694775], [-0.04606644, 0.01318656, -0.01002536, 0.00205509, 0.04537715, 0.0560918], [0.06553925, 0.00437259, -0.04533697, 0.04086795, -0.01187213, -0.02020228], [-0.02022332, -0.04621866, 0.05944899, -0.01174834, -0.00498353, -0.03922567], [-0.0105227, -0.02184911, 0.04815721, -0.00591422, 0.0022523, -0.03763451], [-0.0211386, 0.00603839, -0.01495376, -0.00743707, 0.03837513, 0.03609236], [-0.02059214, 0.00466712, -0.00970985, -0.00418653, 0.03918714, 0.03030199], [-0.01038721, -0.02597607, 0.04715962, -0.00564686, 0.00612122, -0.03677242], [-0.03026811, -0.00210089, -0.00555891, 0.0001094, 0.04707397, 0.03582702], [-0.0123361, -0.02946103, 0.0454879, -0.00358013, 0.00714928, -0.0331518], [-0.00200984, 0.03308929, 0.03010931, 0.0011856, -0.04237675, -0.02809946], [-0.00352812, 0.00095128, -0.05911335, 0.00152856, 0.00959731, 0.06264147], [-0.01981232, -0.00637518, -0.03387597, -0.00612051, -0.00458369, 0.05368829], [-0.00942281, 0.01766075, 0.02332219, -0.01447036, -0.03700069, -0.01389939], [-0.00685858, 0.02203827, 0.0251651, -0.01565506, -0.03691459, -0.01830653], [-0.02026804, -0.00701995, -0.03693759, -0.00202903, -0.00289058, 0.05720563], [-0.02797921, 0.00538333, -0.05052067, -0.0099977, 0.00857069, 0.07849988], [-0.02287045, 0.03401836, 0.04440072, -0.00516904, -0.04772155, -0.02153027], [0.00288365, -0.05019712, 0.03491859, -0.01209785, 0.03661422, -0.03780225]], "number of molecular orbitals": 58, "number of electrons": 60, "number of unpaired electrons": 0, "orbital energies/eV": [-19.04263745, -17.47904896, -17.25860749, -16.96695041, -16.72769773, -16.20549494, -15.84786959, -15.44441671, -15.28004305, -15.19402248, -14.65425434, -14.53932771, -14.31260488, -14.00751333, -13.92525868, -13.52548463, -13.39227914, -13.20648104, -13.12207179, -12.91611774, -12.71374077, -12.30423952, -12.23389309, -12.14468372, -12.10569691, -12.04787531, -11.86989922, -11.71218846, -11.54713248, -10.6087098, -6.89107818, 0.97499491, 2.36862392, 2.5937545, 2.79065918, 3.0207898, 3.12279386, 3.43578316, 3.74865593, 3.84645722, 4.05167809, 4.12352807, 4.51984853, 4.61192654, 4.76077433, 4.85412368, 5.02135904, 5.58887443, 5.87500757, 6.36453788, 6.46825413, 6.79637249, 6.97718165, 6.97892379, 7.4485034, 8.01007371, 8.21485554, 15.08186857], "fractional occupation": [2.0, 2.0, 2.0, 2.0, 2.0, 2.0, 2.0, 2.0, 2.0, 2.0, 2.0, 2.0, 2.0, 2.0, 2.0, 2.0, 2.0, 2.0, 2.0, 2.0, 2.0, 2.0, 2.0, 2.0, 2.0, 2.0, 2.0, 2.0, 2.0, 2.0, 0.0, 0.0, 0.0, 0.0, 0.0, 0.0, 0.0, 0.0, 0.0, 0.0, 0.0, 0.0, 0.0, 0.0, 0.0, 0.0, 0.0, 0.0, 0.0, 0.0, 0.0, 0.0, 0.0, 0.0, 0.0, 0.0, 0.0, 0.0], "program call": "xtb /home/svss/Project-DBcg-Debug/aqme2_20220329/End-to-End-workflows-final/example-3/QDESCP/mol_179_rdkit_conf_8/mol_179_rdkit_conf_8.xyz --pop --wbo --acc 0.2 --gfn 2 --chrg 0 --uhf 0 --etemp 300 --input /home/svss/Project-DBcg-Debug/aqme2_20220329/End-to-End-workflows-final/example-3/QDESCP/mol_179_rdkit_conf_8/mol_179_rdkit_conf_8_xtb.inp", "method": "GFN2-xTB", "xtb version": "6.3.3 (7355c4f)", "Dipole module/D": 3.325, "Total charge": 0, "Transition dipole module/D": NaN, "HOMO": -10.6087, "LUMO": -6.8911, "HOMO occupancy": 2.0, "LUMO occupancy": 0, "mulliken charges": [-0.08342, -0.03871, -0.03461, -0.08442, 0.39212, -0.49496, -0.08403, -0.0355, -0.04193, -0.08248, 0.03083, 0.03189, 0.02787, 0.02789, 0.02307, 0.03994, 0.02206, 0.0322, 0.05628, 0.04635, 0.04386, 0.03836, 0.03783, 0.02082, 0.02088, 0.02959, 0.02956, 0.02864], "cm5 charges": [-0.23375, -0.15108, -0.14362, -0.18642, 0.40904, -0.54558, -0.18637, -0.14378, -0.15432, -0.2328, 0.08213, 0.08266, 0.07917, 0.08264, 0.0778, 0.09627, 0.07802, 0.08849, 0.11463, 0.10323, 0.10038, 0.09579, 0.09515, 0.07555, 0.07561, 0.08089, 0.08085, 0.07942], "FUKUI+": [0.013, 0.006, -0.001, 0.022, -0.187, -0.288, 0.028, 0.014, 0.006, 0.012, -0.015, -0.031, -0.016, -0.022, -0.023, -0.024, -0.029, -0.081, -0.067, -0.094, -0.092, -0.021, -0.021, -0.018, -0.018, -0.014, -0.014, -0.027], "FUKUI-": [0.012, -0.0, 0.002, -0.009, -0.026, -0.138, -0.005, 0.006, 0.002, 0.013, -0.046, -0.061, -0.043, -0.047, -0.048, -0.036, -0.033, -0.048, -0.047, -0.047, -0.049, -0.038, -0.041, -0.056, -0.056, -0.05, -0.053, -0.059], "FUKUIrad": [0.012, 0.003, 0.001, 0.007, -0.106, -0.213, 0.011, 0.01, 0.004, 0.012, -0.031, -0.046, -0.029, -0.034, -0.035, -0.03, -0.031, -0.064, -0.057, -0.07, -0.07, -0.029, -0.031, -0.037, -0.037, -0.032, -0.034, -0.043], "s proportion": [1.008, 1.028, 1.031, 1.042, 1.08, 1.74, 1.042, 1.029, 1.028, 1.007, 0.969, 0.968, 0.972, 0.972, 0.977, 0.96, 0.978, 0.968, 0.944, 0.954, 0.956, 0.962, 0.962, 0.979, 0.979, 0.97, 0.97, 0.971], "p proportion": [3.076, 3.011, 3.003, 3.042, 2.528, 4.755, 3.042, 3.007, 3.014, 3.075, 0.0, 0.0, 0.0, 0.0, 0.0, 0.0, 0.0, 0.0, 0.0, 0.0, 0.0, 0.0, 0.0, 0.0, 0.0, 0.0, 0.0, 0.0], "d proportion": [0.0, 0.0, 0.0, 0.0, 0.0, 0.0, 0.0, 0.0, 0.0, 0.0, 0.0, 0.0, 0.0, 0.0, 0.0, 0.0, 0.0, 0.0, 0.0, 0.0, 0.0, 0.0, 0.0, 0.0, 0.0, 0.0, 0.0, 0.0], "Fermi-level/eV": -8.7499, "Coordination numbers": [3.75, 3.801, 3.804, 3.803, 2.813, 0.856, 3.802, 3.802, 3.8, 3.75, 0.924, 0.924, 0.924, 0.924, 0.924, 0.924, 0.924, 0.924, 0.924, 0.924, 0.924, 0.924, 0.924, 0.924, 0.924, 0.924, 0.924, 0.924], "Dispersion coefficient C6": [22.51, 21.518, 21.439, 22.079, 23.204, 21.014, 22.066, 21.568, 21.522, 22.498, 2.499, 2.506, 2.534, 2.51, 2.561, 2.403, 2.557, 2.428, 2.197, 2.211, 2.259, 2.364, 2.381, 2.617, 2.617, 2.513, 2.514, 2.552], "Total dispersion C6": 5608.893884, "Total dispersion C8": 119205.713703, "Polarizability alpha": [6.766, 6.604, 6.592, 6.69, 7.892, 6.146, 6.688, 6.612, 6.605, 6.765, 2.472, 2.475, 2.489, 2.478, 2.503, 2.424, 2.501, 2.437, 2.318, 2.325, 2.35, 2.405, 2.413, 2.53, 2.53, 2.479, 2.48, 2.498], "Total polarizability alpha": 111.467507, "Wiberg matrix": [[0.0, 1.0194862425520599, 0.0, 0.0, 0.0, 0.0, 0.0, 0.0, 0.0, 0.0, 0.9874052558484164, 0.9866126614464538, 0.987540218456267, 0.0, 0.0, 0.0, 0.0, 0.0, 0.0, 0.0, 0.0, 0.0, 0.0, 0.0, 0.0, 0.0, 0.0, 0.0], [1.0194862425520599, 0.0, 1.00468330061307, 0.0, 0.0, 0.0, 0.0, 0.0, 0.0, 0.0, 0.0, 0.0, 0.0, 0.977586212828531, 0.9777670221275845, 0.0, 0.0, 0.0, 0.0, 0.0, 0.0, 0.0, 0.0, 0.0, 0.0, 0.0, 0.0, 0.0], [0.0, 1.00468330061307, 0.0, 0.9823572922233894, 0.0, 0.0, 0.0, 0.0, 0.0, 0.0, 0.0, 0.0, 0.0, 0.0, 0.0, 0.9760799445971327, 0.975309775066082, 0.0, 0.0, 0.0, 0.0, 0.0, 0.0, 0.0, 0.0, 0.0, 0.0, 0.0], [0.0, 0.0, 0.9823572922233894, 0.0, 0.9881162352497065, 0.0, 0.0, 0.0, 0.0, 0.0, 0.0, 0.0, 0.0, 0.0, 0.0, 0.0, 0.0, 0.9688139117373047, 0.9686261730937867, 0.0, 0.0, 0.0, 0.0, 0.0, 0.0, 0.0, 0.0, 0.0], [0.0, 0.0, 0.0, 0.9881162352497065, 0.0, 1.8576437021120529, 0.9940542601236998, 0.0, 0.0, 0.0, 0.0, 0.0, 0.0, 0.0, 0.0, 0.0, 0.0, 0.0, 0.0, 0.0, 0.0, 0.0, 0.0, 0.0, 0.0, 0.0, 0.0, 0.0], [0.0, 0.0, 0.0, 0.0, 1.8576437021120529, 0.0, 0.0, 0.0, 0.0, 0.0, 0.0, 0.0, 0.0, 0.0, 0.0, 0.0, 0.0, 0.0, 0.0, 0.0, 0.0, 0.0, 0.0, 0.0, 0.0, 0.0, 0.0, 0.0], [0.0, 0.0, 0.0, 0.0, 0.9940542601236998, 0.0, 0.0, 1.007592828903827, 0.0, 0.0, 0.0, 0.0, 0.0, 0.0, 0.0, 0.0, 0.0, 0.0, 0.0, 0.9476401263469744, 0.9528042626654151, 0.0, 0.0, 0.0, 0.0, 0.0, 0.0, 0.0], [0.0, 0.0, 0.0, 0.0, 0.0, 0.0, 1.007592828903827, 0.0, 1.0075815871467655, 0.0, 0.0, 0.0, 0.0, 0.0, 0.0, 0.0, 0.0, 0.0, 0.0, 0.0, 0.0, 0.9757319265310642, 0.9758688939321385, 0.0, 0.0, 0.0, 0.0, 0.0], [0.0, 0.0, 0.0, 0.0, 0.0, 0.0, 0.0, 1.0075815871467655, 0.0, 1.0202604216582725, 0.0, 0.0, 0.0, 0.0, 0.0, 0.0, 0.0, 0.0, 0.0, 0.0, 0.0, 0.0, 0.0, 0.9779972793898903, 0.9779734596925527, 0.0, 0.0, 0.0], [0.0, 0.0, 0.0, 0.0, 0.0, 0.0, 0.0, 0.0, 1.0202604216582725, 0.0, 0.0, 0.0, 0.0, 0.0, 0.0, 0.0, 0.0, 0.0, 0.0, 0.0, 0.0, 0.0, 0.0, 0.0, 0.0, 0.9875241539599973, 0.987524923181555, 0.987261211334164], [0.9874052558484164, 0.0, 0.0, 0.0, 0.0, 0.0, 0.0, 0.0, 0.0, 0.0, 0.0, 0.0, 0.0, 0.0, 0.0, 0.0, 0.0, 0.0, 0.0, 0.0, 0.0, 0.0, 0.0, 0.0, 0.0, 0.0, 0.0, 0.0], [0.9866126614464538, 0.0, 0.0, 0.0, 0.0, 0.0, 0.0, 0.0, 0.0, 0.0, 0.0, 0.0, 0.0, 0.0, 0.0, 0.0, 0.0, 0.0, 0.0, 0.0, 0.0, 0.0, 0.0, 0.0, 0.0, 0.0, 0.0, 0.0], [0.987540218456267, 0.0, 0.0, 0.0, 0.0, 0.0, 0.0, 0.0, 0.0, 0.0, 0.0, 0.0, 0.0, 0.0, 0.0, 0.0, 0.0, 0.0, 0.0, 0.0, 0.0, 0.0, 0.0, 0.0, 0.0, 0.0, 0.0, 0.0], [0.0, 0.977586212828531, 0.0, 0.0, 0.0, 0.0, 0.0, 0.0, 0.0, 0.0, 0.0, 0.0, 0.0, 0.0, 0.0, 0.0, 0.0, 0.0, 0.0, 0.0, 0.0, 0.0, 0.0, 0.0, 0.0, 0.0, 0.0, 0.0], [0.0, 0.9777670221275845, 0.0, 0.0, 0.0, 0.0, 0.0, 0.0, 0.0, 0.0, 0.0, 0.0, 0.0, 0.0, 0.0, 0.0, 0.0, 0.0, 0.0, 0.0, 0.0, 0.0, 0.0, 0.0, 0.0, 0.0, 0.0, 0.0], [0.0, 0.0, 0.9760799445971327, 0.0, 0.0, 0.0, 0.0, 0.0, 0.0, 0.0, 0.0, 0.0, 0.0, 0.0, 0.0, 0.0, 0.0, 0.0, 0.0, 0.0, 0.0, 0.0, 0.0, 0.0, 0.0, 0.0, 0.0, 0.0], [0.0, 0.0, 0.975309775066082, 0.0, 0.0, 0.0, 0.0, 0.0, 0.0, 0.0, 0.0, 0.0, 0.0, 0.0, 0.0, 0.0, 0.0, 0.0, 0.0, 0.0, 0.0, 0.0, 0.0, 0.0, 0.0, 0.0, 0.0, 0.0], [0.0, 0.0, 0.0, 0.9688139117373047, 0.0, 0.0, 0.0, 0.0, 0.0, 0.0, 0.0, 0.0, 0.0, 0.0, 0.0, 0.0, 0.0, 0.0, 0.0, 0.0, 0.0, 0.0, 0.0, 0.0, 0.0, 0.0, 0.0, 0.0], [0.0, 0.0, 0.0, 0.9686261730937867, 0.0, 0.0, 0.0, 0.0, 0.0, 0.0, 0.0, 0.0, 0.0, 0.0, 0.0, 0.0, 0.0, 0.0, 0.0, 0.0, 0.0, 0.0, 0.0, 0.0, 0.0, 0.0, 0.0, 0.0], [0.0, 0.0, 0.0, 0.0, 0.0, 0.0, 0.9476401263469744, 0.0, 0.0, 0.0, 0.0, 0.0, 0.0, 0.0, 0.0, 0.0, 0.0, 0.0, 0.0, 0.0, 0.0, 0.0, 0.0, 0.0, 0.0, 0.0, 0.0, 0.0], [0.0, 0.0, 0.0, 0.0, 0.0, 0.0, 0.9528042626654151, 0.0, 0.0, 0.0, 0.0, 0.0, 0.0, 0.0, 0.0, 0.0, 0.0, 0.0, 0.0, 0.0, 0.0, 0.0, 0.0, 0.0, 0.0, 0.0, 0.0, 0.0], [0.0, 0.0, 0.0, 0.0, 0.0, 0.0, 0.0, 0.9757319265310642, 0.0, 0.0, 0.0, 0.0, 0.0, 0.0, 0.0, 0.0, 0.0, 0.0, 0.0, 0.0, 0.0, 0.0, 0.0, 0.0, 0.0, 0.0, 0.0, 0.0], [0.0, 0.0, 0.0, 0.0, 0.0, 0.0, 0.0, 0.9758688939321385, 0.0, 0.0, 0.0, 0.0, 0.0, 0.0, 0.0, 0.0, 0.0, 0.0, 0.0, 0.0, 0.0, 0.0, 0.0, 0.0, 0.0, 0.0, 0.0, 0.0], [0.0, 0.0, 0.0, 0.0, 0.0, 0.0, 0.0, 0.0, 0.9779972793898903, 0.0, 0.0, 0.0, 0.0, 0.0, 0.0, 0.0, 0.0, 0.0, 0.0, 0.0, 0.0, 0.0, 0.0, 0.0, 0.0, 0.0, 0.0, 0.0], [0.0, 0.0, 0.0, 0.0, 0.0, 0.0, 0.0, 0.0, 0.9779734596925527, 0.0, 0.0, 0.0, 0.0, 0.0, 0.0, 0.0, 0.0, 0.0, 0.0, 0.0, 0.0, 0.0, 0.0, 0.0, 0.0, 0.0, 0.0, 0.0], [0.0, 0.0, 0.0, 0.0, 0.0, 0.0, 0.0, 0.0, 0.0, 0.9875241539599973, 0.0, 0.0, 0.0, 0.0, 0.0, 0.0, 0.0, 0.0, 0.0, 0.0, 0.0, 0.0, 0.0, 0.0, 0.0, 0.0, 0.0, 0.0], [0.0, 0.0, 0.0, 0.0, 0.0, 0.0, 0.0, 0.0, 0.0, 0.987524923181555, 0.0, 0.0, 0.0, 0.0, 0.0, 0.0, 0.0, 0.0, 0.0, 0.0, 0.0, 0.0, 0.0, 0.0, 0.0, 0.0, 0.0, 0.0], [0.0, 0.0, 0.0, 0.0, 0.0, 0.0, 0.0, 0.0, 0.0, 0.987261211334164, 0.0, 0.0, 0.0, 0.0, 0.0, 0.0, 0.0, 0.0, 0.0, 0.0, 0.0, 0.0, 0.0, 0.0, 0.0, 0.0, 0.0, 0.0]], "Born radii": [], "Atomic SASAs": [], "Solvent H bonds": [], "Total SASA": NaN, "Total FOD": 0.0, "FOD": [0.0, 0.0, 0.0, 0.0, 0.0, 0.0, 0.0, 0.0, 0.0, 0.0, 0.0, 0.0, 0.0, 0.0, 0.0, 0.0, 0.0, 0.0, 0.0, 0.0, 0.0, 0.0, 0.0, 0.0, 0.0, 0.0, 0.0, 0.0], "FOD s proportion": [0.0, 0.0, 0.0, 0.0, 0.0, 0.0, 0.0, 0.0, 0.0, 0.0, 0.0, 0.0, 0.0, 0.0, 0.0, 0.0, 0.0, 0.0, 0.0, 0.0, 0.0, 0.0, 0.0, 0.0, 0.0, 0.0, 0.0, 0.0], "FOD p proportion": [0.0, 0.0, 0.0, 0.0, 0.0, 0.0, 0.0, 0.0, 0.0, 0.0, 0.0, 0.0, 0.0, 0.0, 0.0, 0.0, 0.0, 0.0, 0.0, 0.0, 0.0, 0.0, 0.0, 0.0, 0.0, 0.0, 0.0, 0.0], "FOD d proportion": [0.0, 0.0, 0.0, 0.0, 0.0, 0.0, 0.0, 0.0, 0.0, 0.0, 0.0, 0.0, 0.0, 0.0, 0.0, 0.0, 0.0, 0.0, 0.0, 0.0, 0.0, 0.0, 0.0, 0.0, 0.0, 0.0, 0.0, 0.0], "coordinates": [["-4.50150", "-0.66030", "0.84270"], ["-3.65150", "0.17600", "-0.10050"], ["-2.19930", "0.24720", "0.36870"], ["-1.35100", "1.08550", "-0.58010"], ["0.07500", "1.19090", "-0.07810"], ["0.42880", "2.14620", "0.61280"], ["1.01270", "0.05220", "-0.44480"], ["2.43160", "0.27410", "0.07450"], ["3.35390", "-0.87950", "-0.31720"], ["4.76750", "-0.66240", "0.19870"], ["-4.50310", "-0.23440", "1.85110"], ["-5.53630", "-0.69750", "0.48800"], ["-4.12600", "-1.68670", "0.90340"], ["-4.07260", "1.18610", "-0.16370"], ["-3.69680", "-0.25820", "-1.10610"], ["-2.15560", "0.67560", "1.37800"], ["-1.78590", "-0.76590", "0.44230"], ["-1.34170", "0.65830", "-1.58890"], ["-1.75530", "2.10080", "-0.66830"], ["0.60520", "-0.87460", "-0.02750"], ["1.02720", "-0.03310", "-1.53700"], ["2.41310", "0.37750", "1.16670"], ["2.82780", "1.21620", "-0.32470"], ["2.96450", "-1.82130", "0.08670"], ["3.38100", "-0.98070", "-1.40840"], ["4.77970", "-0.58920", "1.29080"], ["5.19850", "0.25610", "-0.21240"], ["5.41000", "-1.49920", "-0.09280"]], "bond_dist": [[0.0, 1.5203696688634645, 2.5195946281098474, 3.872702897202418, 5.021868808521385, 5.677777236736221, 5.707163405755963, 7.037834198814291, 7.943596528651238, 9.291345511280914, 1.0946524242881848, 1.0945350474059747, 1.0946148637762965, 2.146156827913561, 2.1464034895610844, 2.75216673005107, 2.746990149236069, 4.199490511954992, 4.177129235491763, 5.184742753502819, 6.051683701252074, 6.999549842668456, 7.6552409171756315, 7.59345856642413, 8.203896246296635, 9.292282941236776, 9.800154333988827, 9.990833083882444], [1.5203696688634645, 0.0, 1.5277771172523826, 2.519822743765918, 3.862295434065085, 4.586865271620696, 4.678528675769766, 6.0864073327374335, 7.087783031385766, 8.465931502203405, 2.1685002374913402, 2.159121474118582, 2.168551763274283, 1.0961849570213962, 1.0962723612314595, 2.161776866376361, 2.1592292166419016, 2.789825064408161, 2.760946634761346, 4.385040963320639, 4.898723175481546, 6.198852413955344, 6.5660955041790245, 6.913443941336329, 7.246006731296901, 8.57941607395282, 8.851069857367525, 9.21504946161441], [2.5195946281098474, 1.5277771172523826, 0.0, 1.524001712597463, 2.5025268070492275, 3.251568147832673, 3.3191491756171487, 4.640313788958674, 5.707708992231471, 7.027985088202735, 2.7815360432681793, 3.470195899369371, 2.781734385235226, 2.161998117482992, 2.161705449407944, 1.097325266272494, 1.0966713865146662, 2.1763912171298614, 2.1698704938313713, 3.0464126329176096, 3.757733735910515, 4.682735936394449, 5.1663816128892375, 5.569833632165327, 5.983775640011914, 7.0891659855021025, 7.420593053119138, 7.820763498533887], [3.872702897202418, 2.519822743765918, 1.524001712597463, 0.0, 1.5154501509452563, 2.390770365384346, 2.583232987943596, 3.923637837517627, 5.1055289069791785, 6.410750821861664, 4.1938769486001855, 4.672971506439986, 4.1936249343497565, 2.7551072356625252, 2.7540848443720827, 2.156282629898038, 2.1591946947878506, 1.0955655023776534, 1.0963903593155133, 2.823840861309291, 2.796919521545087, 4.209634550646885, 4.1886371399298845, 5.245726711333711, 5.229444265885237, 6.624980708651158, 6.612038861047324, 7.254602427424951], [5.021868808521385, 3.862295434065085, 2.5025268070492275, 1.5154501509452563, 0.0, 1.2309002152896067, 1.5199960098631837, 2.533253354877873, 3.8852168768294004, 5.05281064161324, 5.168393593758122, 5.947538268897477, 5.185781041463282, 4.148486008172139, 4.169310500550421, 2.7131785160582416, 2.7500602193406603, 2.138508426450548, 2.1274990340773368, 2.1330641457771495, 2.129143031832291, 2.7708948392171076, 2.7639391255959307, 4.177285976564209, 4.173149967350802, 5.213141596964348, 5.209811875682269, 5.974870634582811], [5.677777236736221, 4.586865271620696, 3.251568147832673, 2.390770365384346, 1.2309002152896067, 0.0, 2.4174972533593495, 2.7938742169253077, 4.30998497677196, 5.184981240081781, 5.61464877441145, 6.609434373681307, 5.960014581358003, 4.6676917443207415, 5.07506964779795, 3.0703939095822865, 3.6625527641250435, 3.1931175283725466, 2.5325029476784424, 3.0929490280313385, 3.119145891105448, 2.715244259730605, 2.738431531004564, 4.7378910867600155, 4.751656331217569, 5.18386226379521, 5.1964864225743925, 6.212822704697117], [5.707163405755963, 4.678528675769766, 3.3191491756171487, 2.583232987943596, 1.5199960098631837, 2.4174972533593495, 0.0, 1.5271507162032174, 2.523006954013405, 3.875986126136161, 5.981416722650245, 6.657444474421096, 5.58996011971463, 5.217760296334051, 4.765821660532421, 3.708011905320694, 3.047686988520967, 2.6869167050729352, 3.45087499194045, 1.095058802074117, 1.0956218234409172, 2.1596000787182796, 2.15960830244746, 2.757175681743911, 2.7575808709809397, 4.196902467296566, 4.197202236013891, 4.676215697548606], [7.037834198814291, 6.0864073327374335, 4.640313788958674, 3.923637837517627, 2.533253354877873, 2.7938742169253077, 1.5271507162032174, 0.0, 1.5280245874985126, 2.5196997241734977, 7.176694496772173, 8.037563014994035, 6.8944854492558045, 6.572145835265679, 6.263740592489444, 4.785678461827539, 4.359378750464337, 4.141533784722756, 4.628035905219405, 2.1600121874656173, 2.1595470474152676, 1.09723955907541, 1.0972180685716035, 2.162136075736215, 2.16214611208401, 2.7817703337982453, 2.781792806806431, 3.4703672341698946], [7.943596528651238, 7.087783031385766, 5.707708992231471, 5.1055289069791785, 3.8852168768294004, 4.30998497677196, 2.523006954013405, 1.5280245874985126, 0.0, 1.52037830160786, 8.176192750907967, 8.928444829868189, 7.621701923455155, 7.709939549698169, 7.121849997718289, 5.9704798215888815, 5.196853783781107, 5.102029898971584, 5.925317201635706, 2.763928687574989, 2.7600430956780366, 2.160350168375488, 2.160739676592254, 1.0962457799234622, 1.0962177201632897, 2.1686040971094744, 2.168667692386273, 2.159150448671885], [9.291345511280914, 8.465931502203405, 7.027985088202735, 6.410750821861664, 5.05281064161324, 5.184981240081781, 3.875986126136161, 2.5196997241734977, 1.52037830160786, 0.0, 9.426432735664113, 10.307920301399307, 8.979985235511247, 9.038564820810878, 8.573812172540286, 7.149147228865831, 6.558742621112677, 6.500929694282195, 7.136797816948439, 4.173839547706644, 4.171152966506983, 2.74983915347789, 2.7505493287705276, 2.146253062898222, 2.146268284721181, 1.094618422099683, 1.094717525209129, 1.0945376832252054], [1.0946524242881848, 2.1685002374913402, 2.7815360432681793, 4.1938769486001855, 5.168393593758122, 5.61464877441145, 5.981416722650245, 7.176694496772173, 8.176192750907967, 9.426432735664113, 0.0, 1.7720060552943941, 1.7746872935816045, 2.5025126453226965, 3.065243541710838, 2.5617727963267933, 3.10650696603114, 4.756570534534309, 4.3989703613459366, 5.480303175007748, 6.488756536502198, 6.976865156357832, 7.783343806488314, 7.835586048918103, 8.563897287450382, 9.306459851629942, 9.930743429371235, 10.180767056563075], [1.0945350474059747, 2.159121474118582, 3.470195899369371, 4.672971506439986, 5.947538268897477, 6.609434373681307, 6.657444474421096, 8.037563014994035, 8.928444829868189, 10.307920301399307, 1.7720060552943941, 0.0, 1.7720101269462314, 2.4728686863640776, 2.473438810643999, 3.7558802030948746, 3.751302068615643, 4.873025385733179, 4.843910979776569, 6.165640835306578, 6.900839413433701, 8.050417321480918, 8.618636654947231, 8.584146362335629, 9.12111695407969, 10.34775689364608, 10.799807598286185, 10.990975171475915], [1.0946148637762965, 2.168551763274283, 2.781734385235226, 4.1936249343497565, 5.185781041463282, 5.960014581358003, 5.58996011971463, 6.8944854492558045, 7.621701923455155, 8.979985235511247, 1.7746872935816045, 1.7720101269462314, 0.0, 3.065050376421242, 2.502581694970216, 3.1125845546747803, 2.55666850803932, 4.41167890717355, 4.736624919708125, 4.8898194915559, 5.936784934625812, 6.862221020923182, 7.634814500693517, 7.138648772702017, 7.886564793368529, 8.981429591106306, 9.58987913010378, 9.589727143667854], [2.146156827913561, 1.0961849570213962, 2.161998117482992, 2.7551072356625252, 4.148486008172139, 4.6676917443207415, 5.217760296334051, 6.572145835265679, 7.709939549698169, 9.038564820810878, 2.5025126453226965, 2.4728686863640776, 3.065050376421242, 0.0, 1.7650342461266864, 2.5124366937298146, 3.0670078072936175, 3.1253132147034486, 2.5418844466261645, 5.113398847146582, 5.420365446166891, 6.6699402253693405, 6.90234359982173, 7.656887835798563, 7.8613264332426755, 9.144969963318633, 9.317755464702861, 9.85573770247565], [2.1464034895610844, 1.0962723612314595, 2.161705449407944, 2.7540848443720827, 4.169310500550421, 5.07506964779795, 4.765821660532421, 6.263740592489444, 7.121849997718289, 8.573812172540286, 3.065243541710838, 2.473438810643999, 2.502581694970216, 1.7650342461266864, 0.0, 3.068881341792152, 2.511342401983449, 2.5728513559861947, 3.086417355122278, 4.477781919656204, 4.748949443824392, 6.549855902231743, 6.734600691949003, 6.945428074640181, 7.121000237326214, 8.815086094871678, 8.954862716423966, 9.246656916421198], [2.75216673005107, 2.161776866376361, 1.097325266272494, 2.156282629898038, 2.7131785160582416, 3.0703939095822865, 3.708011905320694, 4.785678461827539, 5.9704798215888815, 7.149147228865831, 2.5617727963267933, 3.7558802030948746, 3.1125845546747803, 2.5124366937298146, 3.068881341792152, 0.0, 1.7578779337599069, 3.0765610850428438, 2.5256244415985525, 3.4641834434683165, 4.373750853672395, 4.583288228990186, 5.293931545647336, 5.84100927152149, 6.4157068363509255, 7.050227582851492, 7.535790550433313, 8.008202734696468], [2.746990149236069, 2.1592292166419016, 1.0966713865146662, 2.1591946947878506, 2.7500602193406603, 3.6625527641250435, 3.047686988520967, 4.359378750464337, 5.196853783781107, 6.558742621112677, 3.10650696603114, 3.751302068615643, 2.55666850803932, 3.0670078072936175, 2.511342401983449, 1.7578779337599069, 0.0, 2.520204896432034, 3.074465418572796, 2.4392390083794573, 3.5168389130012763, 4.411770610537225, 5.0796886814055835, 4.879202873421026, 5.492548146352474, 6.6225583047641035, 7.08907324337956, 7.252933041880367], [4.199490511954992, 2.789825064408161, 2.1763912171298614, 1.0955655023776534, 2.138508426450548, 3.1931175283725466, 2.6869167050729352, 4.141533784722756, 5.102029898971584, 6.500929694282195, 4.756570534534309, 4.873025385733179, 4.41167890717355, 3.1253132147034486, 2.5728513559861947, 3.0765610850428438, 2.520204896432034, 0.0, 1.7605043510312606, 2.9288516486841734, 2.468281746478712, 4.665908597475951, 4.392514575957602, 5.243987982442371, 5.002279134554568, 6.8789873019217, 6.695575638434683, 7.244209711900947], [4.177129235491763, 2.760946634761346, 2.1698704938313713, 1.0963903593155133, 2.1274990340773368, 2.5325029476784424, 3.45087499194045, 4.628035905219405, 5.925317201635706, 7.136797816948439, 4.3989703613459366, 4.843910979776569, 4.736624919708125, 2.5418844466261645, 3.086417355122278, 2.5256244415985525, 3.074465418572796, 1.7605043510312606, 0.0, 3.851699631331602, 3.6125441381386607, 4.869553003099977, 4.680318763716848, 6.182993243567391, 6.035310095595752, 7.3335119697181925, 7.208751441130426, 8.039448012146106], [5.184742753502819, 4.385040963320639, 3.0464126329176096, 2.823840861309291, 2.1330641457771495, 3.0929490280313385, 1.095058802074117, 2.1600121874656173, 2.763928687574989, 4.173839547706644, 5.480303175007748, 6.165640835306578, 4.8898194915559, 5.113398847146582, 4.477781919656204, 3.4641834434683165, 2.4392390083794573, 2.9288516486841734, 3.851699631331602, 0.0, 1.7789874929296157, 2.5024728689837983, 3.0658968084395792, 2.5447159016283134, 3.1021295363024413, 4.387005618870347, 4.734033733508878, 4.845667373025103], [6.051683701252074, 4.898723175481546, 3.757733735910515, 2.796919521545087, 2.129143031832291, 3.119145891105448, 1.0956218234409172, 2.1595470474152676, 2.7600430956780366, 4.171152966506983, 6.488756536502198, 6.900839413433701, 5.936784934625812, 5.420365446166891, 4.748949443824392, 4.373750853672395, 3.5168389130012763, 2.468281746478712, 3.6125441381386607, 1.7789874929296157, 0.0, 3.0658285764210627, 2.5045123557291546, 3.0963191405279917, 2.540641289123673, 4.731485633498215, 4.386108239658479, 4.841910644569972], [6.999549842668456, 6.198852413955344, 4.682735936394449, 4.209634550646885, 2.7708948392171076, 2.715244259730605, 2.1596000787182796, 1.09723955907541, 2.160350168375488, 2.74983915347789, 6.976865156357832, 8.050417321480918, 6.862221020923182, 6.6699402253693405, 6.549855902231743, 4.583288228990186, 4.411770610537225, 4.665908597475951, 4.869553003099977, 2.5024728689837983, 3.0658285764210627, 0.0, 1.7605873281379711, 2.5110084428372597, 3.068008745098358, 2.559434558647671, 3.110483552440038, 3.7536319412004153], [7.6552409171756315, 6.5660955041790245, 5.1663816128892375, 4.1886371399298845, 2.7639391255959307, 2.738431531004564, 2.15960830244746, 1.0972180685716035, 2.160739676592254, 2.7505493287705276, 7.783343806488314, 8.618636654947231, 7.634814500693517, 6.90234359982173, 6.734600691949003, 5.293931545647336, 5.0796886814055835, 4.392514575957602, 4.680318763716848, 3.0658968084395792, 2.5045123557291546, 1.7605873281379711, 0.0, 3.0682801534410116, 2.5113354096973985, 3.111144969299888, 2.560199560581167, 3.7543217243598077], [7.59345856642413, 6.913443941336329, 5.569833632165327, 5.245726711333711, 4.177285976564209, 4.7378910867600155, 2.757175681743911, 2.162136075736215, 1.0962457799234622, 2.146253062898222, 7.835586048918103, 8.584146362335629, 7.138648772702017, 7.656887835798563, 6.945428074640181, 5.84100927152149, 4.879202873421026, 5.243987982442371, 6.182993243567391, 2.5447159016283134, 3.0963191405279917, 2.5110084428372597, 3.0682801534410116, 0.0, 1.7650508831192373, 2.502574326568544, 3.065258157154141, 2.4731435279821508], [8.203896246296635, 7.246006731296901, 5.983775640011914, 5.229444265885237, 4.173149967350802, 4.751656331217569, 2.7575808709809397, 2.16214611208401, 1.0962177201632897, 2.146268284721181, 8.563897287450382, 9.12111695407969, 7.886564793368529, 7.8613264332426755, 7.121000237326214, 6.4157068363509255, 5.492548146352474, 5.002279134554568, 6.035310095595752, 3.1021295363024413, 2.540641289123673, 3.068008745098358, 2.5113354096973985, 1.7650508831192373, 0.0, 3.0651777403602556, 2.5026778638090845, 2.473153171560549], [9.292282941236776, 8.57941607395282, 7.0891659855021025, 6.624980708651158, 5.213141596964348, 5.18386226379521, 4.196902467296566, 2.7817703337982453, 2.1686040971094744, 1.094618422099683, 9.306459851629942, 10.34775689364608, 8.981429591106306, 9.144969963318633, 8.815086094871678, 7.050227582851492, 6.6225583047641035, 6.8789873019217, 7.3335119697181925, 4.387005618870347, 4.731485633498215, 2.559434558647671, 3.111144969299888, 2.502574326568544, 3.0651777403602556, 0.0, 1.7746931481244863, 1.771927495695013], [9.800154333988827, 8.851069857367525, 7.420593053119138, 6.612038861047324, 5.209811875682269, 5.1964864225743925, 4.197202236013891, 2.781792806806431, 2.168667692386273, 1.094717525209129, 9.930743429371235, 10.799807598286185, 9.58987913010378, 9.317755464702861, 8.954862716423966, 7.535790550433313, 7.08907324337956, 6.695575638434683, 7.208751441130426, 4.734033733508878, 4.386108239658479, 3.110483552440038, 2.560199560581167, 3.065258157154141, 2.5026778638090845, 1.7746931481244863, 0.0, 1.7720368224165095], [9.990833083882444, 9.21504946161441, 7.820763498533887, 7.254602427424951, 5.974870634582811, 6.212822704697117, 4.676215697548606, 3.4703672341698946, 2.159150448671885, 1.0945376832252054, 10.180767056563075, 10.990975171475915, 9.589727143667854, 9.85573770247565, 9.246656916421198, 8.008202734696468, 7.252933041880367, 7.244209711900947, 8.039448012146106, 4.845667373025103, 4.841910644569972, 3.7536319412004153, 3.7543217243598077, 2.4731435279821508, 2.473153171560549, 1.771927495695013, 1.7720368224165095, 0.0]]}