{"total energy": -44.72464119, "HOMO-LUMO gap/eV": 5.18901827, "electronic energy": -45.28959586, "dipole": [-0.52419023, -1.24606412, 1.00117747], "partial charges": [-0.03619472, -0.14360286, -0.04232357, 0.31655199, -0.48094856, -0.23115895, 0.05006734, -0.0663418, -0.05204141, -0.05518744, -0.0541961, -0.05579345, -0.0537668, -0.06200735, 0.04245392, 0.04139675, 0.0737549, 0.05018396, 0.05244507, 0.04469297, 0.15992344, 0.06121149, 0.04261786, 0.04402274, 0.02563931, 0.02476422, 0.02377565, 0.03011216, 0.03333043, 0.02540082, 0.03568051, 0.0252821, 0.02918334, 0.03113493, 0.0346491, 0.035288], "atomic dipole moments": [[-0.15284996, -0.00833777, 0.05889993], [0.06531797, 0.05327845, 0.08198677], [0.00381476, 0.07123804, -0.13298315], [-0.00751932, -0.03024361, 0.02464499], [-0.05531165, -0.14858426, 0.14018756], [-0.01381432, 0.01492107, -0.13831812], [0.03033926, -0.14432055, 0.03754674], [-0.02922813, -0.04821715, 0.10349867], [-0.03123993, 0.102485, -0.00426852], [0.05224557, 0.03078412, 0.08826108], [0.08192776, 0.05020472, -0.05564371], [0.0394818, -0.0856619, 0.06754494], [0.02185687, -0.09016761, -0.06589649], [0.00366087, 0.063121, -0.10205017], [0.05232773, -0.1116121, 0.00780659], [0.05256252, 0.08449684, 0.07160699], [0.00614748, 0.03945885, -0.12848536], [0.05224861, -0.11281891, -0.00742348], [-0.1231922, -0.01414631, 0.04286173], [0.05677521, 0.07283345, 0.07975798], [-0.02350666, -0.12700066, 0.00941386], [0.05064799, 0.11747752, -0.01510761], [0.09432714, -0.03239894, -0.07884889], [-0.04518292, 0.09819263, -0.06629272], [0.01508642, -0.07965605, 0.09694679], [0.03589969, -0.06763731, -0.0911628], [-0.05625402, -0.10207392, -0.01845824], [-0.01788183, 0.05759024, -0.10942819], [-0.00320582, -0.06963156, 0.10751093], [-0.11507462, 0.00415187, -0.02831367], [0.03987644, 0.05937755, -0.10367929], [-0.09843409, 0.06211608, 0.02149999], [-0.06543426, 0.00600061, 0.09882867], [0.04293813, 0.11527045, -0.00785061], [0.04984267, 0.03052776, 0.10424763], [-0.04256156, -0.10990256, 0.03739132]], "atomic quadrupole moments": [[0.30671973, 0.00219205, -0.1667939, -0.14269035, -0.03251018, -0.13992583], [0.04635801, 0.0081825, -0.05799514, -0.03468554, -0.07596997, 0.01163714], [-0.11401983, -0.00142665, -0.08477841, -0.02999301, -0.21066834, 0.19879825], [-0.15610851, 0.07665596, 0.01725554, 0.06951114, 0.33642084, 0.13885296], [-0.09118092, 0.03303276, 0.03370692, 0.00755788, 0.07869855, 0.057474], [0.05866086, -0.05506654, -0.05013705, 0.00561763, -0.06211269, -0.00852381], [0.07391858, -0.18793436, -0.13094825, 0.02820637, -0.02965562, 0.05702967], [-0.04050539, 0.16790162, 0.02046955, 0.1106416, 0.08811995, 0.02003585], [0.18482858, 0.08546577, -0.00662624, 0.04196524, -0.00384291, -0.17820233], [0.14861107, -0.11415932, -0.09784576, -0.06592061, 0.10139599, -0.05076531], [-0.10199957, 0.00931316, 0.13539588, -0.08270742, 0.14867179, -0.03339631], [-0.05573799, 0.11183522, 0.06877711, 0.14880297, 0.09209529, -0.01303912], [0.07058962, -0.1234385, -0.05262597, 0.17709126, 0.00374474, -0.01796365], [0.11770257, -0.14408848, -0.07399494, -0.11576436, -0.0113366, -0.04370763], [-0.00542293, -0.03998141, 0.05837497, -0.0045336, -0.01628835, -0.05295205], [0.0143026, 0.03511879, -0.00292001, 0.01869159, 0.05132072, -0.0113826], [-0.01555385, -0.00427934, -0.03869081, 0.00692155, -0.03225203, 0.05424466], [-0.03338951, -0.04882975, 0.05154902, -0.01035306, 0.00023843, -0.01815951], [0.07739918, -0.00233681, -0.0449898, -0.00766269, -0.01361167, -0.03240939], [-0.02941198, 0.0368027, 0.00170219, 0.03617375, 0.02394353, 0.02770979], [0.02606903, 0.01523932, 0.03265599, -0.00959918, -0.039452, -0.05872503], [-0.01428635, 0.01257681, 0.01765252, 0.00598126, -0.0057616, -0.00336617], [0.04004386, -0.00617904, -0.0123662, -0.02084332, 0.03444535, -0.02767765], [0.0143915, -0.0310262, 0.02218254, 0.03618876, -0.01535604, -0.03657404], [-0.02633023, 0.01093186, -0.02739459, 0.01742271, -0.02989481, 0.05372482], [0.01002712, 0.01097297, -0.02370698, -0.02652428, 0.04727831, 0.01367986], [0.00614006, 0.02781082, 0.04549826, -0.01425121, 0.01342093, -0.05163832], [-0.01897989, -0.01581264, 0.00195167, -0.01299502, -0.04721994, 0.01702822], [-0.03783533, -0.00943137, -0.00437471, 0.03098596, -0.02548178, 0.04221004], [0.04275017, -0.017471, -0.00468814, 0.02949163, 0.02796222, -0.03806203], [-0.01258317, 0.02397385, -0.02469618, -0.03948824, 0.00535952, 0.03727935], [0.03843862, -0.02311116, -0.0139603, -0.00642697, 0.03469304, -0.02447832], [0.02317411, -0.01190563, -0.05726372, -0.02430683, -0.02219688, 0.03408962], [-0.00893478, 0.03837995, 0.03113828, 0.01097959, -0.02868652, -0.0222035], [0.00759716, 0.00759221, -0.02733225, 0.03434645, 0.03447465, 0.01973509], [-0.00506233, 0.03466715, 0.04998628, -0.00457312, 0.01509001, -0.04492395]], "number of molecular orbitals": 78, "number of electrons": 82, "number of unpaired electrons": 0, "orbital energies/eV": [-18.42829753, -17.78993671, -17.5526511, -17.23362827, -16.97035384, -16.87036701, -16.80778323, -16.47274881, -16.19586235, -16.02260663, -15.56205011, -15.37212501, -15.12675332, -15.08816868, -14.81179784, -14.6039748, -14.40387906, -14.21817305, -13.94160644, -13.80842266, -13.62238795, -13.52523563, -13.36183714, -13.31824775, -13.24527863, -13.15163853, -13.09633513, -12.95898945, -12.60502171, -12.4198632, -12.30769972, -12.16151728, -11.86454337, -11.84758108, -11.7512504, -11.47543492, -11.23373992, -11.04362492, -10.68407084, -10.25248845, -10.03074473, -4.84172646, -0.58777484, 0.58715671, 1.75327633, 1.93477724, 2.35547667, 2.40102501, 2.51838136, 2.55192688, 2.75556028, 2.86030999, 3.00784458, 3.10315477, 3.54176089, 4.2263556, 4.3350675, 4.53887477, 4.77184782, 4.85614867, 5.01262498, 5.11445979, 5.3585165, 5.53897261, 5.83633638, 5.95971991, 6.14455388, 6.42826394, 6.61281523, 7.01164633, 7.38899106, 7.57873777, 8.00167681, 8.40236787, 8.87644834, 9.10832626, 10.59996999, 16.91146152], "fractional occupation": [2.0, 2.0, 2.0, 2.0, 2.0, 2.0, 2.0, 2.0, 2.0, 2.0, 2.0, 2.0, 2.0, 2.0, 2.0, 2.0, 2.0, 2.0, 2.0, 2.0, 2.0, 2.0, 2.0, 2.0, 2.0, 2.0, 2.0, 2.0, 2.0, 2.0, 2.0, 2.0, 2.0, 2.0, 2.0, 2.0, 2.0, 2.0, 2.0, 2.0, 2.0, 0.0, 0.0, 0.0, 0.0, 0.0, 0.0, 0.0, 0.0, 0.0, 0.0, 0.0, 0.0, 0.0, 0.0, 0.0, 0.0, 0.0, 0.0, 0.0, 0.0, 0.0, 0.0, 0.0, 0.0, 0.0, 0.0, 0.0, 0.0, 0.0, 0.0, 0.0, 0.0, 0.0, 0.0, 0.0, 0.0, 0.0], "program call": "xtb /home/svss/Project-DBcg-Debug/aqme2_20220329/End-to-End-workflows-final/example-3/QDESCP/mol_988_rdkit_conf_3/mol_988_rdkit_conf_3.xyz --pop --wbo --acc 0.2 --gfn 2 --chrg 0 --uhf 0 --etemp 300 --input /home/svss/Project-DBcg-Debug/aqme2_20220329/End-to-End-workflows-final/example-3/QDESCP/mol_988_rdkit_conf_3/mol_988_rdkit_conf_3_xtb.inp", "method": "GFN2-xTB", "xtb version": "6.3.3 (7355c4f)", "Dipole module/D": 4.276, "Total charge": 0, "Transition dipole module/D": NaN, "HOMO": -10.0307, "LUMO": -4.8417, "HOMO occupancy": 2.0, "LUMO occupancy": 0, "mulliken charges": [0.06708, -0.31142, 0.05889, 0.55862, -0.58605, -0.39099, 0.12646, -0.06744, -0.05003, -0.04687, -0.04827, -0.04978, -0.0457, -0.06293, 0.02124, 0.03135, 0.05615, 0.03136, 0.03169, 0.03404, 0.21334, 0.04814, 0.04754, 0.03234, 0.01856, 0.02612, 0.02402, 0.02505, 0.0242, 0.02508, 0.02657, 0.02521, 0.02475, 0.02735, 0.03079, 0.02351], "cm5 charges": [-0.0191, -0.57398, -0.02828, 0.71821, -0.62889, -0.74803, 0.11556, -0.17, -0.15934, -0.15735, -0.15835, -0.16014, -0.15559, -0.16532, 0.08272, 0.09381, 0.12147, 0.09286, 0.09709, 0.09612, 0.41597, 0.12122, 0.10851, 0.08966, 0.07618, 0.08081, 0.07838, 0.08026, 0.08011, 0.07957, 0.08286, 0.0796, 0.07952, 0.08217, 0.08891, 0.08277], "FUKUI+": [0.042, -0.085, 0.034, -0.166, -0.231, -0.063, 0.011, 0.006, 0.005, 0.007, 0.008, 0.008, 0.006, 0.003, -0.063, -0.052, -0.03, -0.063, -0.036, -0.059, -0.083, -0.017, 0.01, -0.036, -0.0, -0.015, -0.019, -0.014, -0.005, -0.02, -0.004, -0.021, -0.023, -0.011, -0.009, -0.018], "FUKUI-": [0.03, -0.101, 0.03, -0.0, -0.081, -0.052, 0.002, 0.002, 0.006, 0.004, 0.005, 0.008, 0.009, 0.005, -0.052, -0.067, -0.038, -0.049, -0.029, -0.058, -0.032, -0.031, -0.034, -0.035, -0.021, -0.05, -0.038, -0.025, -0.023, -0.049, -0.043, -0.061, -0.052, -0.031, -0.027, -0.021], "FUKUIrad": [0.036, -0.093, 0.032, -0.083, -0.156, -0.058, 0.007, 0.004, 0.006, 0.006, 0.007, 0.008, 0.007, 0.004, -0.058, -0.059, -0.034, -0.056, -0.033, -0.059, -0.058, -0.024, -0.012, -0.036, -0.01, -0.032, -0.028, -0.02, -0.014, -0.035, -0.023, -0.041, -0.037, -0.021, -0.018, -0.02], "s proportion": [0.981, 1.441, 0.983, 0.946, 1.726, 1.434, 1.036, 1.04, 1.031, 1.033, 1.03, 1.031, 1.03, 1.037, 0.979, 0.969, 0.944, 0.969, 0.968, 0.966, 0.787, 0.952, 0.952, 0.968, 0.981, 0.974, 0.976, 0.975, 0.976, 0.975, 0.973, 0.975, 0.975, 0.973, 0.969, 0.976], "p proportion": [2.952, 3.871, 2.958, 2.496, 4.86, 3.957, 2.837, 3.028, 3.019, 3.014, 3.018, 3.019, 3.015, 3.026, 0.0, 0.0, 0.0, 0.0, 0.0, 0.0, 0.0, 0.0, 0.0, 0.0, 0.0, 0.0, 0.0, 0.0, 0.0, 0.0, 0.0, 0.0, 0.0, 0.0, 0.0, 0.0], "d proportion": [0.0, 0.0, 0.0, 0.0, 0.0, 0.0, 0.0, 0.0, 0.0, 0.0, 0.0, 0.0, 0.0, 0.0, 0.0, 0.0, 0.0, 0.0, 0.0, 0.0, 0.0, 0.0, 0.0, 0.0, 0.0, 0.0, 0.0, 0.0, 0.0, 0.0, 0.0, 0.0, 0.0, 0.0, 0.0, 0.0], "Fermi-level/eV": -7.4362, "Coordination numbers": [3.699, 2.733, 3.69, 2.696, 0.858, 2.692, 3.785, 3.799, 3.798, 3.799, 3.798, 3.799, 3.798, 3.801, 0.924, 0.924, 0.924, 0.924, 0.924, 0.924, 0.86, 0.924, 0.923, 0.924, 0.924, 0.923, 0.923, 0.924, 0.924, 0.923, 0.924, 0.923, 0.923, 0.924, 0.923, 0.924], "Dispersion coefficient C6": [21.386, 24.106, 21.523, 21.62, 23.367, 26.059, 19.751, 21.773, 21.511, 21.568, 21.55, 21.579, 21.542, 21.691, 2.417, 2.43, 2.045, 2.318, 2.29, 2.387, 1.335, 2.185, 2.414, 2.396, 2.649, 2.662, 2.677, 2.585, 2.54, 2.653, 2.507, 2.655, 2.598, 2.571, 2.522, 2.513], "Total dispersion C6": 9948.546868, "Total dispersion C8": 212102.496967, "Polarizability alpha": [6.614, 7.292, 6.639, 7.61, 6.481, 7.582, 6.33, 6.644, 6.604, 6.613, 6.61, 6.614, 6.609, 6.631, 2.431, 2.438, 2.236, 2.381, 2.366, 2.416, 1.81, 2.312, 2.43, 2.421, 2.545, 2.552, 2.559, 2.514, 2.492, 2.547, 2.476, 2.548, 2.521, 2.507, 2.483, 2.479], "Total polarizability alpha": 148.337363, "Wiberg matrix": [[0.0, 1.0009044606178417, 0.0, 0.0, 0.0, 0.0, 0.0, 0.0, 0.0, 0.0, 0.0, 0.0, 0.0, 0.0, 0.9817034867720029, 0.977644034969233, 0.9784373371217414, 0.0, 0.0, 0.0, 0.0, 0.0, 0.0, 0.0, 0.0, 0.0, 0.0, 0.0, 0.0, 0.0, 0.0, 0.0, 0.0, 0.0, 0.0, 0.0], [1.0009044606178417, 0.0, 1.001771115567355, 1.1387510109015024, 0.14631866747836758, 0.0, 0.0, 0.0, 0.0, 0.0, 0.0, 0.0, 0.0, 0.0, 0.0, 0.0, 0.0, 0.0, 0.0, 0.0, 0.0, 0.0, 0.0, 0.0, 0.0, 0.0, 0.0, 0.0, 0.0, 0.0, 0.0, 0.0, 0.0, 0.0, 0.0, 0.0], [0.0, 1.001771115567355, 0.0, 0.0, 0.0, 0.0, 0.0, 0.0, 0.0, 0.0, 0.0, 0.0, 0.0, 0.0, 0.0, 0.0, 0.0, 0.9803314103479682, 0.9759852617266477, 0.9760135576870024, 0.0, 0.0, 0.0, 0.0, 0.0, 0.0, 0.0, 0.0, 0.0, 0.0, 0.0, 0.0, 0.0, 0.0, 0.0, 0.0], [0.0, 1.1387510109015024, 0.0, 0.0, 1.6093087306897327, 1.1524098710926682, 0.0, 0.0, 0.0, 0.0, 0.0, 0.0, 0.0, 0.0, 0.0, 0.0, 0.0, 0.0, 0.0, 0.0, 0.0, 0.0, 0.0, 0.0, 0.0, 0.0, 0.0, 0.0, 0.0, 0.0, 0.0, 0.0, 0.0, 0.0, 0.0, 0.0], [0.0, 0.14631866747836758, 0.0, 1.6093087306897327, 0.0, 0.13811029331917238, 0.0, 0.0, 0.0, 0.0, 0.0, 0.0, 0.0, 0.0, 0.0, 0.0, 0.0, 0.0, 0.0, 0.0, 0.0, 0.0, 0.0, 0.0, 0.0, 0.0, 0.0, 0.0, 0.0, 0.0, 0.0, 0.0, 0.0, 0.0, 0.0, 0.0], [0.0, 0.0, 0.0, 1.1524098710926682, 0.13811029331917238, 0.0, 0.9758762540875479, 0.0, 0.0, 0.0, 0.0, 0.0, 0.0, 0.0, 0.0, 0.0, 0.0, 0.0, 0.0, 0.0, 0.9332892832462901, 0.0, 0.0, 0.0, 0.0, 0.0, 0.0, 0.0, 0.0, 0.0, 0.0, 0.0, 0.0, 0.0, 0.0, 0.0], [0.0, 0.0, 0.0, 0.0, 0.0, 0.9758762540875479, 0.0, 0.9867906620584985, 0.0, 0.0, 0.0, 0.0, 0.0, 0.9930456523273756, 0.0, 0.0, 0.0, 0.0, 0.0, 0.0, 0.0, 0.9613151560010866, 0.0, 0.0, 0.0, 0.0, 0.0, 0.0, 0.0, 0.0, 0.0, 0.0, 0.0, 0.0, 0.0, 0.0], [0.0, 0.0, 0.0, 0.0, 0.0, 0.0, 0.9867906620584985, 0.0, 1.0048553195907148, 0.0, 0.0, 0.0, 0.0, 0.0, 0.0, 0.0, 0.0, 0.0, 0.0, 0.0, 0.0, 0.0, 0.9754518041539508, 0.9693754954386614, 0.0, 0.0, 0.0, 0.0, 0.0, 0.0, 0.0, 0.0, 0.0, 0.0, 0.0, 0.0], [0.0, 0.0, 0.0, 0.0, 0.0, 0.0, 0.0, 1.0048553195907148, 0.0, 1.0083479533939448, 0.0, 0.0, 0.0, 0.0, 0.0, 0.0, 0.0, 0.0, 0.0, 0.0, 0.0, 0.0, 0.0, 0.0, 0.973061711145425, 0.979079043738577, 0.0, 0.0, 0.0, 0.0, 0.0, 0.0, 0.0, 0.0, 0.0, 0.0], [0.0, 0.0, 0.0, 0.0, 0.0, 0.0, 0.0, 0.0, 1.0083479533939448, 0.0, 1.0084048275596835, 0.0, 0.0, 0.0, 0.0, 0.0, 0.0, 0.0, 0.0, 0.0, 0.0, 0.0, 0.0, 0.0, 0.0, 0.0, 0.9769863285959631, 0.9762595219478107, 0.0, 0.0, 0.0, 0.0, 0.0, 0.0, 0.0, 0.0], [0.0, 0.0, 0.0, 0.0, 0.0, 0.0, 0.0, 0.0, 0.0, 1.0084048275596835, 0.0, 1.0056137256250381, 0.0, 0.0, 0.0, 0.0, 0.0, 0.0, 0.0, 0.0, 0.0, 0.0, 0.0, 0.0, 0.0, 0.0, 0.0, 0.0, 0.9740614447701524, 0.9787063406923898, 0.0, 0.0, 0.0, 0.0, 0.0, 0.0], [0.0, 0.0, 0.0, 0.0, 0.0, 0.0, 0.0, 0.0, 0.0, 0.0, 1.0056137256250381, 0.0, 1.0060779373036388, 0.0, 0.0, 0.0, 0.0, 0.0, 0.0, 0.0, 0.0, 0.0, 0.0, 0.0, 0.0, 0.0, 0.0, 0.0, 0.0, 0.0, 0.9727508484747258, 0.9788564672084967, 0.0, 0.0, 0.0, 0.0], [0.0, 0.0, 0.0, 0.0, 0.0, 0.0, 0.0, 0.0, 0.0, 0.0, 0.0, 1.0060779373036388, 0.0, 1.00714981310519, 0.0, 0.0, 0.0, 0.0, 0.0, 0.0, 0.0, 0.0, 0.0, 0.0, 0.0, 0.0, 0.0, 0.0, 0.0, 0.0, 0.0, 0.0, 0.9780485667118355, 0.9770853572812215, 0.0, 0.0], [0.0, 0.0, 0.0, 0.0, 0.0, 0.0, 0.9930456523273756, 0.0, 0.0, 0.0, 0.0, 0.0, 1.00714981310519, 0.0, 0.0, 0.0, 0.0, 0.0, 0.0, 0.0, 0.0, 0.0, 0.0, 0.0, 0.0, 0.0, 0.0, 0.0, 0.0, 0.0, 0.0, 0.0, 0.0, 0.0, 0.9741128365106679, 0.9695773755479095], [0.9817034867720029, 0.0, 0.0, 0.0, 0.0, 0.0, 0.0, 0.0, 0.0, 0.0, 0.0, 0.0, 0.0, 0.0, 0.0, 0.0, 0.0, 0.0, 0.0, 0.0, 0.0, 0.0, 0.0, 0.0, 0.0, 0.0, 0.0, 0.0, 0.0, 0.0, 0.0, 0.0, 0.0, 0.0, 0.0, 0.0], [0.977644034969233, 0.0, 0.0, 0.0, 0.0, 0.0, 0.0, 0.0, 0.0, 0.0, 0.0, 0.0, 0.0, 0.0, 0.0, 0.0, 0.0, 0.0, 0.0, 0.0, 0.0, 0.0, 0.0, 0.0, 0.0, 0.0, 0.0, 0.0, 0.0, 0.0, 0.0, 0.0, 0.0, 0.0, 0.0, 0.0], [0.9784373371217414, 0.0, 0.0, 0.0, 0.0, 0.0, 0.0, 0.0, 0.0, 0.0, 0.0, 0.0, 0.0, 0.0, 0.0, 0.0, 0.0, 0.0, 0.0, 0.0, 0.0, 0.0, 0.0, 0.0, 0.0, 0.0, 0.0, 0.0, 0.0, 0.0, 0.0, 0.0, 0.0, 0.0, 0.0, 0.0], [0.0, 0.0, 0.9803314103479682, 0.0, 0.0, 0.0, 0.0, 0.0, 0.0, 0.0, 0.0, 0.0, 0.0, 0.0, 0.0, 0.0, 0.0, 0.0, 0.0, 0.0, 0.0, 0.0, 0.0, 0.0, 0.0, 0.0, 0.0, 0.0, 0.0, 0.0, 0.0, 0.0, 0.0, 0.0, 0.0, 0.0], [0.0, 0.0, 0.9759852617266477, 0.0, 0.0, 0.0, 0.0, 0.0, 0.0, 0.0, 0.0, 0.0, 0.0, 0.0, 0.0, 0.0, 0.0, 0.0, 0.0, 0.0, 0.0, 0.0, 0.0, 0.0, 0.0, 0.0, 0.0, 0.0, 0.0, 0.0, 0.0, 0.0, 0.0, 0.0, 0.0, 0.0], [0.0, 0.0, 0.9760135576870024, 0.0, 0.0, 0.0, 0.0, 0.0, 0.0, 0.0, 0.0, 0.0, 0.0, 0.0, 0.0, 0.0, 0.0, 0.0, 0.0, 0.0, 0.0, 0.0, 0.0, 0.0, 0.0, 0.0, 0.0, 0.0, 0.0, 0.0, 0.0, 0.0, 0.0, 0.0, 0.0, 0.0], [0.0, 0.0, 0.0, 0.0, 0.0, 0.9332892832462901, 0.0, 0.0, 0.0, 0.0, 0.0, 0.0, 0.0, 0.0, 0.0, 0.0, 0.0, 0.0, 0.0, 0.0, 0.0, 0.0, 0.0, 0.0, 0.0, 0.0, 0.0, 0.0, 0.0, 0.0, 0.0, 0.0, 0.0, 0.0, 0.0, 0.0], [0.0, 0.0, 0.0, 0.0, 0.0, 0.0, 0.9613151560010866, 0.0, 0.0, 0.0, 0.0, 0.0, 0.0, 0.0, 0.0, 0.0, 0.0, 0.0, 0.0, 0.0, 0.0, 0.0, 0.0, 0.0, 0.0, 0.0, 0.0, 0.0, 0.0, 0.0, 0.0, 0.0, 0.0, 0.0, 0.0, 0.0], [0.0, 0.0, 0.0, 0.0, 0.0, 0.0, 0.0, 0.9754518041539508, 0.0, 0.0, 0.0, 0.0, 0.0, 0.0, 0.0, 0.0, 0.0, 0.0, 0.0, 0.0, 0.0, 0.0, 0.0, 0.0, 0.0, 0.0, 0.0, 0.0, 0.0, 0.0, 0.0, 0.0, 0.0, 0.0, 0.0, 0.0], [0.0, 0.0, 0.0, 0.0, 0.0, 0.0, 0.0, 0.9693754954386614, 0.0, 0.0, 0.0, 0.0, 0.0, 0.0, 0.0, 0.0, 0.0, 0.0, 0.0, 0.0, 0.0, 0.0, 0.0, 0.0, 0.0, 0.0, 0.0, 0.0, 0.0, 0.0, 0.0, 0.0, 0.0, 0.0, 0.0, 0.0], [0.0, 0.0, 0.0, 0.0, 0.0, 0.0, 0.0, 0.0, 0.973061711145425, 0.0, 0.0, 0.0, 0.0, 0.0, 0.0, 0.0, 0.0, 0.0, 0.0, 0.0, 0.0, 0.0, 0.0, 0.0, 0.0, 0.0, 0.0, 0.0, 0.0, 0.0, 0.0, 0.0, 0.0, 0.0, 0.0, 0.0], [0.0, 0.0, 0.0, 0.0, 0.0, 0.0, 0.0, 0.0, 0.979079043738577, 0.0, 0.0, 0.0, 0.0, 0.0, 0.0, 0.0, 0.0, 0.0, 0.0, 0.0, 0.0, 0.0, 0.0, 0.0, 0.0, 0.0, 0.0, 0.0, 0.0, 0.0, 0.0, 0.0, 0.0, 0.0, 0.0, 0.0], [0.0, 0.0, 0.0, 0.0, 0.0, 0.0, 0.0, 0.0, 0.0, 0.9769863285959631, 0.0, 0.0, 0.0, 0.0, 0.0, 0.0, 0.0, 0.0, 0.0, 0.0, 0.0, 0.0, 0.0, 0.0, 0.0, 0.0, 0.0, 0.0, 0.0, 0.0, 0.0, 0.0, 0.0, 0.0, 0.0, 0.0], [0.0, 0.0, 0.0, 0.0, 0.0, 0.0, 0.0, 0.0, 0.0, 0.9762595219478107, 0.0, 0.0, 0.0, 0.0, 0.0, 0.0, 0.0, 0.0, 0.0, 0.0, 0.0, 0.0, 0.0, 0.0, 0.0, 0.0, 0.0, 0.0, 0.0, 0.0, 0.0, 0.0, 0.0, 0.0, 0.0, 0.0], [0.0, 0.0, 0.0, 0.0, 0.0, 0.0, 0.0, 0.0, 0.0, 0.0, 0.9740614447701524, 0.0, 0.0, 0.0, 0.0, 0.0, 0.0, 0.0, 0.0, 0.0, 0.0, 0.0, 0.0, 0.0, 0.0, 0.0, 0.0, 0.0, 0.0, 0.0, 0.0, 0.0, 0.0, 0.0, 0.0, 0.0], [0.0, 0.0, 0.0, 0.0, 0.0, 0.0, 0.0, 0.0, 0.0, 0.0, 0.9787063406923898, 0.0, 0.0, 0.0, 0.0, 0.0, 0.0, 0.0, 0.0, 0.0, 0.0, 0.0, 0.0, 0.0, 0.0, 0.0, 0.0, 0.0, 0.0, 0.0, 0.0, 0.0, 0.0, 0.0, 0.0, 0.0], [0.0, 0.0, 0.0, 0.0, 0.0, 0.0, 0.0, 0.0, 0.0, 0.0, 0.0, 0.9727508484747258, 0.0, 0.0, 0.0, 0.0, 0.0, 0.0, 0.0, 0.0, 0.0, 0.0, 0.0, 0.0, 0.0, 0.0, 0.0, 0.0, 0.0, 0.0, 0.0, 0.0, 0.0, 0.0, 0.0, 0.0], [0.0, 0.0, 0.0, 0.0, 0.0, 0.0, 0.0, 0.0, 0.0, 0.0, 0.0, 0.9788564672084967, 0.0, 0.0, 0.0, 0.0, 0.0, 0.0, 0.0, 0.0, 0.0, 0.0, 0.0, 0.0, 0.0, 0.0, 0.0, 0.0, 0.0, 0.0, 0.0, 0.0, 0.0, 0.0, 0.0, 0.0], [0.0, 0.0, 0.0, 0.0, 0.0, 0.0, 0.0, 0.0, 0.0, 0.0, 0.0, 0.0, 0.9780485667118355, 0.0, 0.0, 0.0, 0.0, 0.0, 0.0, 0.0, 0.0, 0.0, 0.0, 0.0, 0.0, 0.0, 0.0, 0.0, 0.0, 0.0, 0.0, 0.0, 0.0, 0.0, 0.0, 0.0], [0.0, 0.0, 0.0, 0.0, 0.0, 0.0, 0.0, 0.0, 0.0, 0.0, 0.0, 0.0, 0.9770853572812215, 0.0, 0.0, 0.0, 0.0, 0.0, 0.0, 0.0, 0.0, 0.0, 0.0, 0.0, 0.0, 0.0, 0.0, 0.0, 0.0, 0.0, 0.0, 0.0, 0.0, 0.0, 0.0, 0.0], [0.0, 0.0, 0.0, 0.0, 0.0, 0.0, 0.0, 0.0, 0.0, 0.0, 0.0, 0.0, 0.0, 0.9741128365106679, 0.0, 0.0, 0.0, 0.0, 0.0, 0.0, 0.0, 0.0, 0.0, 0.0, 0.0, 0.0, 0.0, 0.0, 0.0, 0.0, 0.0, 0.0, 0.0, 0.0, 0.0, 0.0], [0.0, 0.0, 0.0, 0.0, 0.0, 0.0, 0.0, 0.0, 0.0, 0.0, 0.0, 0.0, 0.0, 0.9695773755479095, 0.0, 0.0, 0.0, 0.0, 0.0, 0.0, 0.0, 0.0, 0.0, 0.0, 0.0, 0.0, 0.0, 0.0, 0.0, 0.0, 0.0, 0.0, 0.0, 0.0, 0.0, 0.0]], "Born radii": [], "Atomic SASAs": [], "Solvent H bonds": [], "Total SASA": NaN, "Total FOD": 0.0, "FOD": [0.0, 0.0, 0.0, 0.0, 0.0, 0.0, 0.0, 0.0, 0.0, 0.0, 0.0, 0.0, 0.0, 0.0, 0.0, 0.0, 0.0, 0.0, 0.0, 0.0, 0.0, 0.0, 0.0, 0.0, 0.0, 0.0, 0.0, 0.0, 0.0, 0.0, 0.0, 0.0, 0.0, 0.0, 0.0, 0.0], "FOD s proportion": [0.0, 0.0, 0.0, 0.0, 0.0, 0.0, 0.0, 0.0, 0.0, 0.0, 0.0, 0.0, 0.0, 0.0, 0.0, 0.0, 0.0, 0.0, 0.0, 0.0, 0.0, 0.0, 0.0, 0.0, 0.0, 0.0, 0.0, 0.0, 0.0, 0.0, 0.0, 0.0, 0.0, 0.0, 0.0, 0.0], "FOD p proportion": [0.0, 0.0, 0.0, 0.0, 0.0, 0.0, 0.0, 0.0, 0.0, 0.0, 0.0, 0.0, 0.0, 0.0, 0.0, 0.0, 0.0, 0.0, 0.0, 0.0, 0.0, 0.0, 0.0, 0.0, 0.0, 0.0, 0.0, 0.0, 0.0, 0.0, 0.0, 0.0, 0.0, 0.0, 0.0, 0.0], "FOD d proportion": [0.0, 0.0, 0.0, 0.0, 0.0, 0.0, 0.0, 0.0, 0.0, 0.0, 0.0, 0.0, 0.0, 0.0, 0.0, 0.0, 0.0, 0.0, 0.0, 0.0, 0.0, 0.0, 0.0, 0.0, 0.0, 0.0, 0.0, 0.0, 0.0, 0.0, 0.0, 0.0, 0.0, 0.0, 0.0, 0.0], "coordinates": [["4.72970", "-0.81310", "0.12480"], ["3.36160", "-0.90210", "0.60620"], ["3.19610", "-1.55430", "1.89820"], ["2.45660", "0.01710", "0.08860"], ["2.77130", "0.88560", "-0.72030"], ["1.17220", "-0.12610", "0.55180"], ["0.08820", "0.74170", "0.07860"], ["-0.39550", "0.28050", "-1.30890"], ["-1.31270", "-0.94670", "-1.30780"], ["-2.79420", "-0.63260", "-1.52670"], ["-3.51590", "0.10330", "-0.39540"], ["-3.07880", "1.55520", "-0.20170"], ["-2.11610", "1.80260", "0.95980"], ["-0.98150", "0.80460", "1.17630"], ["5.20670", "-1.79450", "0.20190"], ["5.27400", "-0.08690", "0.73630"], ["4.75980", "-0.49230", "-0.92080"], ["3.65110", "-2.54820", "1.85550"], ["2.15130", "-1.66180", "2.19340"], ["3.70490", "-0.95160", "2.65710"], ["0.91380", "-1.08380", "0.73030"], ["0.51710", "1.74550", "-0.03880"], ["0.48360", "0.03560", "-1.92010"], ["-0.86910", "1.11420", "-1.83620"], ["-1.17840", "-1.55840", "-0.40940"], ["-1.00300", "-1.58610", "-2.14560"], ["-3.31330", "-1.58770", "-1.68120"], ["-2.91470", "-0.07250", "-2.46260"], ["-3.45670", "-0.46560", "0.53870"], ["-4.58090", "0.11660", "-0.66410"], ["-2.67800", "1.97330", "-1.13020"], ["-3.97700", "2.15350", "0.00470"], ["-2.71050", "1.81830", "1.88330"], ["-1.69880", "2.81240", "0.86010"], ["-0.47970", "1.09670", "2.11060"], ["-1.38340", "-0.19250", "1.38800"]], "bond_dist": [[0.0, 1.4530535330812833, 2.4589131664212953, 2.4202326520398825, 2.7267391257690936, 3.648301556889178, 4.89520783317726, 5.433151174962832, 6.211343613100149, 7.7051348923948115, 8.312660005076594, 8.166279409253642, 7.375912765888708, 6.028300836885962, 1.0939009872927252, 1.0943313849104392, 1.0941197420757929, 2.677549711956811, 3.412849866314075, 2.735313616388439, 3.8731126435981693, 4.931449855772642, 4.788660868134222, 6.237512944275147, 5.978836620948928, 6.214184938509636, 8.279582728616218, 8.104318508054826, 8.204219305942523, 9.390099981363353, 8.013305762917074, 9.199008884657085, 8.085367292213757, 7.416908290521058, 5.893096472992785, 6.273022414275275], [1.4530535330812833, 0.0, 1.456715171198543, 1.3899148894806475, 2.3030257553922406, 2.3234904174538786, 3.7007550256670596, 4.37972044541658, 5.051184578888402, 6.520411513087192, 7.022395458104022, 6.940445076506262, 6.119283645983409, 4.70110162727844, 2.089074019751334, 2.082966828828534, 2.1105990334499825, 2.0866734171882286, 2.1356905253336684, 2.080023064775965, 2.4576697377800785, 3.9391612063991492, 3.9426332545647713, 5.284846822756551, 4.698273411584302, 5.2048047417746615, 7.08918444745233, 7.035460986317813, 6.832591264666722, 8.107694988712884, 6.910844975833274, 7.972047639722181, 6.77509844799321, 6.282485465164245, 4.58410367356586, 4.861046019119753], [2.4589131664212953, 1.456715171198543, 0.0, 2.508148793433117, 3.604179421172037, 2.819347337594288, 4.271018914732174, 5.15282175220529, 5.565688744441249, 6.9615490366728, 7.284173441098172, 7.311151774515422, 6.353647850644541, 4.8515863982825245, 2.641522683983615, 2.7965948544614037, 3.3940775904507547, 1.0939312135596095, 1.0910116085541894, 1.09455650379503, 2.606578974441404, 4.670941022963146, 4.946195826086954, 6.131271209953121, 4.9458350983428465, 5.829731596737537, 7.428694924413035, 7.652070603437999, 6.877009217675952, 8.356974159347388, 7.491342945694051, 8.293761914836958, 6.801659821690586, 6.641217246107824, 4.537005664532501, 4.804854163239504], [2.4202326520398825, 1.3899148894806475, 2.508148793433117, 0.0, 1.2278630013157006, 1.3728597306352897, 2.4767849563496624, 3.1869829337478417, 4.133577855804823, 5.531925959374366, 5.992699115590571, 5.752449813774998, 4.985637870924843, 3.691040388562553, 3.295114787074951, 2.8927623562954494, 2.5657566057597903, 3.336095015133712, 2.7096302958152796, 3.0155969276413583, 2.0009976361805126, 2.6010108746408576, 2.8156610129772366, 3.9960935849902213, 3.9929223946878802, 4.4193587815428605, 6.244943641859388, 5.947059213594565, 5.950017326865527, 7.078337643119322, 5.628171020855709, 6.7795614260805985, 5.7588359882879105, 5.067175100586124, 3.7250339394427, 4.059306901430341], [2.7267391257690936, 2.3030257553922406, 3.604179421172037, 1.2278630013157006, 0.0, 2.280108793457014, 2.803207810705443, 3.2773797781154386, 4.51459140343841, 5.824946561986642, 6.344007971306468, 5.911089589069007, 5.248838325763139, 4.205610585872163, 3.7369187855772297, 3.05465989923592, 2.4275380347174793, 4.381754913273904, 3.919603863912781, 3.956481209357628, 3.071332442116939, 2.5070476461367863, 2.7194836513573675, 3.8144466086183457, 4.655096658502377, 4.731397411970379, 6.637989067481205, 6.023633529689535, 6.4960608402323325, 7.392520833923974, 5.571891939906947, 6.904545481058112, 6.139934322938642, 5.117813635723755, 4.3159655953216305, 4.782129294571614], [3.648301556889178, 2.3234904174538786, 2.819347337594288, 1.3728597306352897, 2.280108793457014, 0.0, 1.466987075607689, 2.4668221135704127, 3.2103309066200634, 4.506554499836876, 4.788328916229544, 4.6330910783190955, 3.8339619951168005, 2.427885176444718, 4.379860593671903, 4.106134451037861, 3.8953211626257467, 3.702856641837488, 2.4519098392885494, 3.395336158615226, 1.0078800027781087, 2.0690217326069824, 2.5711099665319646, 3.3775425652388154, 2.91559755281829, 3.7601943832732903, 5.219413167205677, 5.0786053134694376, 4.641351858025849, 5.885191221192392, 4.696876025615324, 5.657751780522012, 4.541909609404397, 4.119766029764312, 2.5795098158371097, 2.6897454823830453], [4.89520783317726, 3.7007550256670596, 4.271018914732174, 2.4767849563496624, 2.803207810705443, 1.466987075607689, 0.0, 1.5400738229059021, 2.5952495698872586, 3.5740618825084716, 3.690767856422292, 3.2818042811843613, 2.600184751128273, 1.5340012353319668, 5.713716442036654, 5.2926051137412475, 4.934106091279352, 5.1647915766272705, 3.808618240254594, 4.753571923301466, 2.106840881509565, 1.0978854266270228, 2.15632095477459, 2.1729331743061038, 2.6707451338530976, 3.3994758301832357, 4.482544216179021, 4.01721638575768, 3.773006932143115, 4.768946226369091, 3.260352502414425, 4.304008769740136, 3.4998187581644857, 2.8446282252695165, 2.139523173513201, 2.1801065478549435], [5.433151174962832, 4.37972044541658, 5.15282175220529, 3.1869829337478417, 3.2773797781154386, 2.4668221135704127, 1.5400738229059021, 0.0, 1.5320825336776085, 2.5758396960991186, 3.256190757618478, 3.170307685383234, 3.228661094014049, 2.6065870117838, 6.162206299694939, 6.038299102396303, 5.227328145429556, 5.864293871388097, 4.746032534654604, 5.836137984146707, 2.7809922006363124, 2.1429460492508907, 1.0983434162410226, 1.0942567980140678, 2.1917084363573545, 2.133850674250661, 3.4845853942757663, 2.793206281319015, 3.6525657297302674, 4.237948018794, 2.8473341532036596, 4.249801902442042, 4.232516353187545, 3.5796186249375785, 3.5165682603925092, 2.9108323586218425], [6.211343613100149, 5.051184578888402, 5.565688744441249, 4.133577855804823, 4.51459140343841, 3.2103309066200634, 2.5952495698872586, 1.5320825336776085, 0.0, 1.5301693599075887, 2.6055832360529187, 3.256082006031175, 3.6532330626446488, 3.0573678123510097, 6.745408459833992, 6.949979693495514, 6.101762418350948, 6.100047506372389, 4.976852966483941, 6.395057918424196, 3.0215807568224946, 3.4937758771850267, 2.136941335179794, 2.1733145952668704, 1.0951419725314158, 1.098478625190313, 2.13370778692866, 2.159674206911774, 2.8701490309738276, 3.4965823056235927, 3.2283100610071513, 4.293296027529432, 4.447717285304901, 4.356569341810135, 4.068762848827639, 2.80020602277761], [7.7051348923948115, 6.520411513087192, 6.9615490366728, 5.531925959374366, 5.824946561986642, 4.506554499836876, 3.5740618825084716, 2.5758396960991186, 1.5301693599075887, 0.0, 1.5304376465573497, 2.5735366715863988, 3.545800459698769, 3.5577568958544648, 8.267555284363088, 8.397309612608076, 7.579559017515464, 7.526665416371316, 6.273465302366787, 7.735906168639845, 4.364274789698743, 4.339805722610173, 3.3682677506397853, 2.617844628697433, 2.17169854491824, 2.121461029573723, 1.097975896821055, 1.0973336183677234, 2.1754706180502645, 2.120772569136068, 2.6384521030331403, 3.3921313373747783, 4.200240052663657, 4.331828759311707, 4.645141551126295, 3.2679536012618047], [8.312660005076594, 7.022395458104022, 7.284173441098172, 5.992699115590571, 6.344007971306468, 4.788328916229544, 3.690767856422292, 3.256190757618478, 2.6055832360529187, 1.5304376465573497, 0.0, 1.5285907594905839, 2.5852712759012353, 3.063534876576403, 8.946628576732131, 8.86449451125105, 8.313723294048222, 7.966360025758313, 6.475694502522489, 7.91015315275248, 4.722144532942633, 4.369104416239098, 4.28080525485568, 3.178580452025715, 2.8679869490637504, 3.497418878258651, 2.1339656510825096, 2.16001456476571, 1.0953057381388998, 1.0984541774694108, 2.1769031788299635, 2.139161812486377, 2.9635060064052507, 3.495333384671625, 4.060220437365439, 2.7956339978616653], [8.166279409253642, 6.940445076506262, 7.311151774515422, 5.752449813774998, 5.911089589069007, 4.6330910783190955, 3.2818042811843613, 3.170307685383234, 3.256082006031175, 2.5735366715863988, 1.5285907594905839, 0.0, 1.5287512224034363, 2.6193418352708377, 8.946110512395874, 8.564204822982692, 8.133450130172312, 8.146257877700657, 6.590867850291037, 7.776591115006626, 4.875838364835324, 3.604614724211175, 4.2370716869083065, 2.7836747906319808, 3.6536508330709436, 4.237388174335695, 3.4816276236840724, 2.7906997169168886, 2.185093409902652, 2.130654390087702, 1.0943310742184016, 1.0987843692008, 2.133563099605915, 2.1476431454038165, 3.508885057963569, 2.9079172168409473], [7.375912765888708, 6.119283645983409, 6.353647850644541, 4.985637870924843, 5.248838325763139, 3.8339619951168005, 2.600184751128273, 3.228661094014049, 3.6532330626446488, 3.545800459698769, 2.5852712759012353, 1.5287512224034363, 0.0, 1.5264971044846432, 8.193713484129157, 7.6311034922873375, 7.488739759131706, 7.279583433823668, 5.633341732932594, 6.659616049743408, 4.19097473387755, 2.816772019528737, 4.263162335637713, 3.137916436108521, 3.748374438339905, 4.729248191837684, 4.461199718685546, 3.9832880551122587, 2.6681950472182505, 3.3992478947555442, 2.1709376085000693, 2.1209185816527705, 1.0983670151638751, 1.0971669973162697, 2.121424146652432, 2.168093295963068], [6.028300836885962, 4.70110162727844, 4.8515863982825245, 3.691040388562553, 4.205610585872163, 2.427885176444718, 1.5340012353319668, 2.6065870117838, 3.0573678123510097, 3.5577568958544648, 3.063534876576403, 2.6193418352708377, 1.5264971044846432, 0.0, 6.782226434586212, 6.334007617614617, 6.248384087906248, 5.758781402345465, 4.114858103264315, 5.219133265207931, 2.712403482153789, 2.1465234170630425, 3.5107793963734037, 3.0304524695167223, 2.8525397630883256, 4.092789800368448, 4.396100178567362, 4.212856496487864, 2.8542173778463336, 4.100743410651293, 3.092557871730131, 3.4878643924327104, 2.1252947301492093, 2.1554031107892553, 1.1000191543786861, 1.0956956283567074], [1.0939009872927252, 2.089074019751334, 2.641522683983615, 3.295114787074951, 3.7369187855772297, 4.379860593671903, 5.713716442036654, 6.162206299694939, 6.745408459833992, 8.267555284363088, 8.946628576732131, 8.946110512395874, 8.193713484129157, 6.782226434586212, 0.0, 1.7905335545585288, 1.776485220878575, 2.392142974406003, 3.6495411629408974, 2.9989816088132315, 4.38329687107775, 5.880636415389069, 5.4917960286230585, 7.037736350560455, 6.418639490577423, 6.641879319891321, 8.728071485156386, 8.71905856213846, 8.771197695297944, 10.00996368474931, 8.839643733771176, 9.998296731443812, 8.863491729561211, 8.327225534354163, 6.658627342778691, 6.884958621516907], [1.0943313849104392, 2.082966828828534, 2.7965948544614037, 2.8927623562954494, 3.05465989923592, 4.106134451037861, 5.2926051137412475, 6.038299102396303, 6.949979693495514, 8.397309612608076, 8.86449451125105, 8.564204822982692, 7.6311034922873375, 6.334007617614617, 1.7905335545585288, 0.0, 1.7817775422313524, 3.1534759773938346, 3.7887604450532364, 2.6266430172370208, 4.472716137874166, 5.156216382193439, 5.478996200947761, 6.767427507554108, 6.716502549690575, 7.067791539795157, 9.046459427864583, 8.791358044124925, 8.74114305683187, 9.955982443737032, 8.423927248617476, 9.546498400984518, 8.28840372387832, 7.552562927245295, 6.0327997762233085, 6.690055232208476], [1.0941197420757929, 2.1105990334499825, 3.3940775904507547, 2.5657566057597903, 2.4275380347174793, 3.8953211626257467, 4.934106091279352, 5.227328145429556, 6.101762418350948, 7.579559017515464, 8.313723294048222, 8.133450130172312, 7.488739759131706, 6.248384087906248, 1.776485220878575, 1.7817775422313524, 0.0, 3.6281926892049157, 4.227321154111667, 3.758342574859295, 4.227022528920328, 4.877107352724564, 4.4230267170796065, 5.924805028015689, 6.054776495462074, 5.992194699774033, 8.18248452060864, 7.8390898406639025, 8.345161795315894, 9.364044563648765, 7.838615984981022, 9.17542817148061, 8.30705912221648, 7.470352124230826, 6.258327828581689, 6.569577134032296], [2.677549711956811, 2.0866734171882286, 1.0939312135596095, 3.336095015133712, 4.381754913273904, 3.702856641837488, 5.1647915766272705, 5.864293871388097, 6.100047506372389, 7.526665416371316, 7.966360025758313, 8.146257877700657, 7.279583433823668, 5.758781402345465, 2.392142974406003, 3.1534759773938346, 3.6281926892049157, 0.0, 1.7746214835845984, 1.7873411985404464, 3.3020226664879213, 5.643242700788262, 5.5645515587511625, 6.890140106703201, 5.42526923755863, 6.212494219715621, 7.869795073570848, 8.239223734066213, 7.52276583711071, 9.011956901805512, 8.33161890331045, 9.149828038821276, 7.716025508641091, 7.638604815671511, 5.5148781183268225, 5.577998654535513], [3.412849866314075, 2.1356905253336684, 1.0910116085541894, 2.7096302958152796, 3.919603863912781, 2.4519098392885494, 3.808618240254594, 4.746032534654604, 4.976852966483941, 6.273465302366787, 6.475694502522489, 6.590867850291037, 5.633341732932594, 4.114858103264315, 3.6495411629408974, 3.7887604450532364, 4.227321154111667, 1.7746214835845984, 0.0, 1.7700493467697445, 2.0015373741202036, 4.3889656833928425, 4.752186054859385, 5.7503624511851426, 4.2275479287643805, 5.3649100626198765, 6.699243922264661, 7.0617679436526375, 5.968131242692306, 7.5266546121102165, 6.8980002507973275, 7.543406569316014, 5.987015722377887, 6.051398560663477, 3.81291739879059, 3.911727973670971], [2.735313616388439, 2.080023064775965, 1.09455650379503, 3.0155969276413583, 3.956481209357628, 3.395336158615226, 4.753571923301466, 5.836137984146707, 6.395057918424196, 7.735906168639845, 7.91015315275248, 7.776591115006626, 6.659616049743408, 5.219133265207931, 2.9989816088132315, 2.6266430172370208, 3.758342574859295, 1.7873411985404464, 1.7700493467697445, 0.0, 3.394152956188038, 4.970341442999666, 5.683493412506079, 6.7363751773487195, 5.79812447089574, 6.755208357260344, 8.275300679733638, 8.414466653329848, 7.484138502192487, 8.99032270388555, 7.977474143486771, 8.699911458170135, 7.0305383584758285, 6.826190642664471, 4.690956437657463, 5.29883425953294], [3.8731126435981693, 2.4576697377800785, 2.606578974441404, 2.0009976361805126, 3.071332442116939, 1.0078800027781087, 2.106840881509565, 2.7809922006363124, 3.0215807568224946, 4.364274789698743, 4.722144532942633, 4.875838364835324, 4.19097473387755, 2.712403482153789, 4.38329687107775, 4.472716137874166, 4.227022528920328, 3.3020226664879213, 2.0015373741202036, 3.394152956188038, 0.0, 2.958686227027124, 2.9090803632763396, 3.8205835496688203, 2.4292925081183614, 3.492453054802598, 4.89260890221158, 5.086722948028524, 4.418161614291628, 5.794569838219227, 5.070340018184185, 5.909867281927742, 4.784050992621212, 4.692856405218468, 2.9328570694802027, 2.5503162196088547], [4.931449855772642, 3.9391612063991492, 4.670941022963146, 2.6010108746408576, 2.5070476461367863, 2.0690217326069824, 1.0978854266270228, 2.1429460492508907, 3.4937758771850267, 4.339805722610173, 4.369104416239098, 3.604614724211175, 2.816772019528737, 2.1465234170630425, 5.880636415389069, 5.156216382193439, 4.877107352724564, 5.643242700788262, 4.3889656833928425, 4.970341442999666, 2.958686227027124, 0.0, 2.5424731955322555, 2.3560001888794493, 3.7319994399785217, 4.224792161751865, 5.336634160217468, 4.577901449354278, 4.584054526290018, 5.38831321472685, 3.3840376490222446, 4.5127919362629605, 3.7572822638178254, 2.6184937712356695, 2.456516240532515, 3.0665130832918357], [4.788660868134222, 3.9426332545647713, 4.946195826086954, 2.8156610129772366, 2.7194836513573675, 2.5711099665319646, 2.15632095477459, 1.0983434162410226, 2.136941335179794, 3.3682677506397853, 4.28080525485568, 4.2370716869083065, 4.263162335637713, 3.5107793963734037, 5.4917960286230585, 5.478996200947761, 4.4230267170796065, 5.5645515587511625, 4.752186054859385, 5.683493412506079, 2.9090803632763396, 2.5424731955322555, 0.0, 1.7321127157318603, 2.7541413344271204, 2.211501910467183, 4.136257452093619, 3.443026974916113, 4.671494725459936, 5.218549343447851, 3.7913504005828846, 5.299746013725563, 5.276944727775723, 4.494774748527449, 4.277899319759641, 3.8054230014546344], [6.237512944275147, 5.284846822756551, 6.131271209953121, 3.9960935849902213, 3.8144466086183457, 3.3775425652388154, 2.1729331743061038, 1.0942567980140678, 2.1733145952668704, 2.617844628697433, 3.178580452025715, 2.7836747906319808, 3.137916436108521, 3.0304524695167223, 7.037736350560455, 6.767427507554108, 5.924805028015689, 6.890140106703201, 5.7503624511851426, 6.7363751773487195, 3.8205835496688203, 2.3560001888794493, 1.7321127157318603, 0.0, 3.0453596651298844, 2.7212639820495186, 3.6466974442637823, 2.4464491022704724, 3.8511805735384574, 4.018268708038326, 2.1233483039765284, 3.758736451255927, 4.209654501262544, 3.292767683879323, 3.9660016200198402, 3.5167364160539525], [5.978836620948928, 4.698273411584302, 4.9458350983428465, 3.9929223946878802, 4.655096658502377, 2.91559755281829, 2.6707451338530976, 2.1917084363573545, 1.0951419725314158, 2.17169854491824, 2.8679869490637504, 3.6536508330709436, 3.748374438339905, 2.8525397630883256, 6.418639490577423, 6.716502549690575, 6.054776495462074, 5.42526923755863, 4.2275479287643805, 5.79812447089574, 2.4292925081183614, 3.7319994399785217, 2.7541413344271204, 3.0453596651298844, 0.0, 1.7452572561086803, 2.485182435959179, 3.0721762221591393, 2.698843518991051, 3.8009871533589794, 3.9040053393918406, 4.6671021394437044, 4.359576423231963, 4.581084920627427, 3.7266791785717213, 2.266793896674331], [6.214184938509636, 5.2048047417746615, 5.829731596737537, 4.4193587815428605, 4.731397411970379, 3.7601943832732903, 3.3994758301832357, 2.133850674250661, 1.098478625190313, 2.121461029573723, 3.497418878258651, 4.237388174335695, 4.729248191837684, 4.092789800368448, 6.641879319891321, 7.067791539795157, 5.992194699774033, 6.212494219715621, 5.3649100626198765, 6.755208357260344, 3.492453054802598, 4.224792161751865, 2.211501910467183, 2.7212639820495186, 1.7452572561086803, 0.0, 2.356513528499253, 2.4588759322096756, 3.805473745803537, 4.230295255652966, 4.062756517439853, 5.239568135829518, 5.544143831106838, 5.372631792706439, 5.0583097147169624, 3.8174800693651303], [8.279582728616218, 7.08918444745233, 7.428694924413035, 6.244943641859388, 6.637989067481205, 5.219413167205677, 4.482544216179021, 3.4845853942757663, 2.13370778692866, 1.097975896821055, 2.1339656510825096, 3.4816276236840724, 4.461199718685546, 4.396100178567362, 8.728071485156386, 9.046459427864583, 8.18248452060864, 7.869795073570848, 6.699243922264661, 8.275300679733638, 4.89260890221158, 5.336634160217468, 4.136257452093619, 3.6466974442637823, 2.485182435959179, 2.356513528499253, 0.0, 1.7507995202192626, 2.4915111840005855, 2.3549820933501806, 3.6589517747573552, 4.156841822826555, 4.966876693657695, 5.33157537225162, 5.441786430943426, 3.8847246607706962], [8.104318508054826, 7.035460986317813, 7.652070603437999, 5.947059213594565, 6.023633529689535, 5.0786053134694376, 4.01721638575768, 2.793206281319015, 2.159674206911774, 1.0973336183677234, 2.16001456476571, 2.7906997169168886, 3.9832880551122587, 4.212856496487864, 8.71905856213846, 8.791358044124925, 7.8390898406639025, 8.239223734066213, 7.0617679436526375, 8.414466653329848, 5.086722948028524, 4.577901449354278, 3.443026974916113, 2.4464491022704724, 3.0721762221591393, 2.4588759322096756, 1.7507995202192626, 0.0, 3.0750761453986795, 2.4589801747879143, 2.452878776050704, 3.488714172872292, 4.743803230531385, 4.56523779336849, 5.31134746368565, 4.145648326860347], [8.204219305942523, 6.832591264666722, 6.877009217675952, 5.950017326865527, 6.4960608402323325, 4.641351858025849, 3.773006932143115, 3.6525657297302674, 2.8701490309738276, 2.1754706180502645, 1.0953057381388998, 2.185093409902652, 2.6681950472182505, 2.8542173778463336, 8.771197695297944, 8.74114305683187, 8.345161795315894, 7.52276583711071, 5.968131242692306, 7.484138502192487, 4.418161614291628, 4.584054526290018, 4.671494725459936, 3.8511805735384574, 2.698843518991051, 3.805473745803537, 2.4915111840005855, 3.0750761453986795, 0.0, 1.746284719053568, 3.0561142174336355, 2.7231512811446965, 2.753354828205039, 3.733469481594834, 3.7113582284656923, 2.2570925966827327], [9.390099981363353, 8.107694988712884, 8.356974159347388, 7.078337643119322, 7