{"total energy": -32.07220321, "HOMO-LUMO gap/eV": 3.50357283, "electronic energy": -32.32035133, "dipole": [0.0, -0.0, -0.0], "partial charges": [-0.11250591, 0.08621837, -0.04982988, 0.08622906, -0.11247542, 0.08621837, -0.11250591, -0.04982988, 0.08622906, -0.11247542, 0.10236377, 0.10236377], "atomic dipole moments": [[-0.03261622, -0.00512711, -2.485e-05], [-0.17378513, -0.09691271, -0.00217384], [-0.00418256, 0.0601538, 0.00175421], [0.18557666, -0.07187229, -0.00275466], [0.03290817, -0.00048304, -0.00014124], [0.17378513, 0.09691271, 0.00217384], [0.03261622, 0.00512711, 2.485e-05], [0.00418256, -0.0601538, -0.00175421], [-0.18557666, 0.07187229, 0.00275466], [-0.03290817, 0.00048304, 0.00014124], [0.0110544, -0.15864361, -0.00461854], [-0.0110544, 0.15864361, 0.00461854]], "atomic quadrupole moments": [[0.21854433, 0.34287844, -0.01155583, 0.00835007, 0.00439622, -0.2069885], [-0.02794864, 0.27907213, -0.25049302, 0.00916594, -0.01631295, 0.27844165], [-0.19092686, 0.00736398, -0.29641812, 0.00266852, -0.02266948, 0.48734499], [0.04444053, -0.23775881, -0.32292565, -0.00601039, -0.01653212, 0.27848512], [0.30828955, -0.29804228, -0.1013753, -0.01050292, 0.00414646, -0.20691425], [-0.02794864, 0.27907213, -0.25049302, 0.00916594, -0.01631295, 0.27844165], [0.21854433, 0.34287844, -0.01155583, 0.00835007, 0.00439622, -0.2069885], [-0.19092686, 0.00736398, -0.29641812, 0.00266852, -0.02266948, 0.48734499], [0.04444053, -0.23775881, -0.32292565, -0.00601039, -0.01653212, 0.27848512], [0.30828955, -0.29804228, -0.1013753, -0.01050292, 0.00414646, -0.20691425], [0.03364258, 0.0008456, 0.02163701, -0.00029875, 0.00222274, -0.05527959], [0.03364258, 0.0008456, 0.02163701, -0.00029875, 0.00222274, -0.05527959]], "number of molecular orbitals": 62, "number of electrons": 54, "number of unpaired electrons": 0, "orbital energies/eV": [-29.29043, -29.28810455, -29.2661225, -29.26600865, -19.29304688, -18.32315103, -18.26686216, -17.20803104, -16.96073061, -15.63272025, -15.50548786, -15.04540386, -14.8844291, -14.52174333, -14.39834326, -13.86209101, -13.5151067, -13.43033851, -13.29160963, -12.64918651, -12.11789192, -12.0948251, -11.98922461, -11.98367667, -11.93342445, -11.68790703, -11.17751794, -7.67394511, -7.58082463, -4.9749737, -4.75019866, -4.50443042, -4.47009193, -3.90056449, -0.41073741, -0.29406846, -0.25484371, -0.10375967, -0.0816319, -0.08100509, -0.08093873, -0.07629564, -0.07560978, -0.07285618, -0.0717086, -0.04870917, 0.10088144, 0.13039048, 0.30141923, 0.4725172, 2.40312073, 2.80552722, 3.14300198, 3.69042649, 4.13921737, 4.38683274, 7.85154486, 8.6971417, 10.26058903, 10.52247111, 14.68534341, 14.92344258], "fractional occupation": [2.0, 2.0, 2.0, 2.0, 2.0, 2.0, 2.0, 2.0, 2.0, 2.0, 2.0, 2.0, 2.0, 2.0, 2.0, 2.0, 2.0, 2.0, 2.0, 2.0, 2.0, 2.0, 2.0, 2.0, 2.0, 2.0, 2.0, 0.0, 0.0, 0.0, 0.0, 0.0, 0.0, 0.0, 0.0, 0.0, 0.0, 0.0, 0.0, 0.0, 0.0, 0.0, 0.0, 0.0, 0.0, 0.0, 0.0, 0.0, 0.0, 0.0, 0.0, 0.0, 0.0, 0.0, 0.0, 0.0, 0.0, 0.0, 0.0, 0.0, 0.0, 0.0], "program call": "xtb /home/svss/Project-DBcg-Debug/aqme2_20220329/End-to-End-workflows-final/example-3/QDESCP/mol_568_rdkit_conf_1/mol_568_rdkit_conf_1.xyz --pop --wbo --acc 0.2 --gfn 2 --chrg 0 --uhf 0 --etemp 300 --input /home/svss/Project-DBcg-Debug/aqme2_20220329/End-to-End-workflows-final/example-3/QDESCP/mol_568_rdkit_conf_1/mol_568_rdkit_conf_1_xtb.inp", "method": "GFN2-xTB", "xtb version": "6.3.3 (7355c4f)", "Dipole module/D": 0.0, "Total charge": 0, "Transition dipole module/D": NaN, "HOMO": -11.1775, "LUMO": -7.6739, "HOMO occupancy": 2.0, "LUMO occupancy": 0, "mulliken charges": [-0.08515, 0.08765, -0.06317, 0.08765, -0.08512, 0.08765, -0.08515, -0.06317, 0.08765, -0.08512, 0.05814, 0.05814], "cm5 charges": [-0.08618, 0.08386, -0.11126, 0.08386, -0.08615, 0.08386, -0.08618, -0.11126, 0.08386, -0.08615, 0.11586, 0.11586], "FUKUI+": [-0.137, -0.049, -0.047, -0.049, -0.137, -0.049, -0.137, -0.047, -0.049, -0.137, -0.081, -0.081], "FUKUI-": [-0.194, -0.025, -0.012, -0.025, -0.194, -0.025, -0.194, -0.012, -0.025, -0.194, -0.049, -0.049], "FUKUIrad": [-0.166, -0.037, -0.03, -0.037, -0.166, -0.037, -0.166, -0.03, -0.037, -0.166, -0.065, -0.065], "s proportion": [1.945, 1.079, 1.066, 1.079, 1.944, 1.079, 1.945, 1.066, 1.079, 1.944, 0.942, 0.942], "p proportion": [5.15, 2.833, 2.997, 2.833, 5.15, 2.833, 5.15, 2.997, 2.833, 5.15, 0.0, 0.0], "d proportion": [-0.01, 0.0, 0.0, 0.0, -0.01, 0.0, -0.01, 0.0, 0.0, -0.01, 0.0, 0.0], "Fermi-level/eV": -9.4257, "Coordination numbers": [0.966, 2.899, 3.0, 2.899, 0.966, 2.899, 0.966, 3.0, 2.899, 0.966, 0.925, 0.925], "Dispersion coefficient C6": [102.663, 26.08, 29.224, 26.08, 102.662, 26.08, 102.663, 29.224, 26.08, 102.662, 1.764, 1.764], "Total dispersion C6": 5535.9728, "Total dispersion C8": 192646.994552, "Polarizability alpha": [15.501, 8.373, 8.868, 8.373, 15.501, 8.373, 15.501, 8.868, 8.373, 15.501, 2.077, 2.077], "Total polarizability alpha": 117.386641, "Wiberg matrix": [[0.0, 1.009484169027873, 0.0, 0.0, 0.0, 0.0, 0.0, 0.0, 0.0, 0.0, 0.0, 0.0], [1.009484169027873, 0.0, 1.3970234596674298, 0.0, 0.0, 0.0, 0.0, 0.0, 1.3486349717714634, 0.0, 0.0, 0.0], [0.0, 1.3970234596674298, 0.0, 1.396990718255556, 0.0, 0.0, 0.0, 0.10040407064231062, 0.0, 0.0, 0.9579188387738057, 0.0], [0.0, 0.0, 1.396990718255556, 0.0, 1.009520986536904, 1.3486349717714534, 0.0, 0.0, 0.0, 0.0, 0.0, 0.0], [0.0, 0.0, 0.0, 1.009520986536904, 0.0, 0.0, 0.0, 0.0, 0.0, 0.0, 0.0, 0.0], [0.0, 0.0, 0.0, 1.3486349717714534, 0.0, 0.0, 1.0094841690278327, 1.397023459667468, 0.0, 0.0, 0.0, 0.0], [0.0, 0.0, 0.0, 0.0, 0.0, 1.0094841690278327, 0.0, 0.0, 0.0, 0.0, 0.0, 0.0], [0.0, 0.0, 0.10040407064231062, 0.0, 0.0, 1.397023459667468, 0.0, 0.0, 1.3969907182555112, 0.0, 0.0, 0.9579188387738038], [0.0, 1.3486349717714634, 0.0, 0.0, 0.0, 0.0, 0.0, 1.3969907182555112, 0.0, 1.0095209865368981, 0.0, 0.0], [0.0, 0.0, 0.0, 0.0, 0.0, 0.0, 0.0, 0.0, 1.0095209865368981, 0.0, 0.0, 0.0], [0.0, 0.0, 0.9579188387738057, 0.0, 0.0, 0.0, 0.0, 0.0, 0.0, 0.0, 0.0, 0.0], [0.0, 0.0, 0.0, 0.0, 0.0, 0.0, 0.0, 0.9579188387738038, 0.0, 0.0, 0.0, 0.0]], "Born radii": [], "Atomic SASAs": [], "Solvent H bonds": [], "Total SASA": NaN, "Total FOD": 0.0, "FOD": [0.0, 0.0, 0.0, 0.0, 0.0, 0.0, 0.0, 0.0, 0.0, 0.0, 0.0, 0.0], "FOD s proportion": [0.0, 0.0, 0.0, 0.0, 0.0, 0.0, 0.0, 0.0, 0.0, 0.0, 0.0, 0.0], "FOD p proportion": [0.0, 0.0, 0.0, 0.0, 0.0, 0.0, 0.0, 0.0, 0.0, 0.0, 0.0, 0.0], "FOD d proportion": [0.0, 0.0, 0.0, 0.0, 0.0, 0.0, 0.0, 0.0, 0.0, 0.0, 0.0, 0.0], "coordinates": [["-2.55030", "-1.80630", "-0.04290"], ["-1.15970", "-0.78220", "-0.01840"], ["0.09710", "-1.39340", "-0.04060"], ["1.25700", "-0.61370", "-0.02230"], ["2.77610", "-1.43490", "-0.05160"], ["1.15970", "0.78220", "0.01840"], ["2.55030", "1.80630", "0.04290"], ["-0.09710", "1.39340", "0.04060"], ["-1.25700", "0.61370", "0.02230"], ["-2.77610", "1.43490", "0.05160"], ["0.17270", "-2.47840", "-0.07220"], ["-0.17270", "2.47840", "0.07220"]], "bond_dist": [[0.0, 1.7271796142845135, 2.6794063633573764, 3.9897684657132673, 5.339339903958166, 4.524178371815152, 6.250948788783988, 4.032771079543196, 2.7446813895241102, 3.2504297146685084, 2.8048718152528824, 4.90151852592643], [1.7271796142845135, 0.0, 1.3977140336993112, 2.4225701950614345, 3.989691864041633, 2.7979131437555385, 4.524178371815152, 2.421948620429426, 1.3998787768946281, 2.7446641634269215, 2.1576094734682645, 3.40791574426364], [2.6794063633573764, 1.3977140336993112, 0.0, 1.3977249335974513, 2.679343996205041, 2.421948620429426, 4.032771079543196, 2.794738148735942, 2.4219813438587834, 4.032748438720174, 1.0880895735186513, 3.8828277221633205], [3.9897684657132673, 2.4225701950614345, 1.3977249335974513, 0.0, 1.7271053065751378, 1.3998787768946281, 2.7446813895241102, 2.4219813438587834, 2.7979806861377723, 4.524170507396908, 2.1576150235850693, 3.407939956924124], [5.339339903958166, 3.989691864041633, 2.679343996205041, 1.7271053065751378, 0.0, 2.7446641634269215, 3.2504297146685084, 4.032748438720174, 4.524170507396908, 6.250866109588334, 2.8048187410240972, 4.9014961766791165], [4.524178371815152, 2.7979131437555385, 2.421948620429426, 1.3998787768946281, 2.7446641634269215, 0.0, 1.7271796142845135, 1.3977140336993112, 2.4225701950614345, 3.989691864041633, 3.40791574426364, 2.1576094734682645], [6.250948788783988, 4.524178371815152, 4.032771079543196, 2.7446813895241102, 3.2504297146685084, 1.7271796142845135, 0.0, 2.6794063633573764, 3.9897684657132673, 5.339339903958166, 4.90151852592643, 2.8048718152528824], [4.032771079543196, 2.421948620429426, 2.794738148735942, 2.4219813438587834, 4.032748438720174, 1.3977140336993112, 2.6794063633573764, 0.0, 1.3977249335974513, 2.679343996205041, 3.8828277221633205, 1.0880895735186513], [2.7446813895241102, 1.3998787768946281, 2.4219813438587834, 2.7979806861377723, 4.524170507396908, 2.4225701950614345, 3.9897684657132673, 1.3977249335974513, 0.0, 1.7271053065751378, 3.407939956924124, 2.1576150235850693], [3.2504297146685084, 2.7446641634269215, 4.032748438720174, 4.524170507396908, 6.250866109588334, 3.989691864041633, 5.339339903958166, 2.679343996205041, 1.7271053065751378, 0.0, 4.9014961766791165, 2.8048187410240972], [2.8048718152528824, 2.1576094734682645, 1.0880895735186513, 2.1576150235850693, 2.8048187410240972, 3.40791574426364, 4.90151852592643, 3.8828277221633205, 3.407939956924124, 4.9014961766791165, 0.0, 4.970917295630657], [4.90151852592643, 3.40791574426364, 3.8828277221633205, 3.407939956924124, 4.9014961766791165, 2.1576094734682645, 2.8048718152528824, 1.0880895735186513, 2.1576150235850693, 2.8048187410240972, 4.970917295630657, 0.0]]}