{"total energy": -56.67796372, "HOMO-LUMO gap/eV": 2.38991929, "electronic energy": -57.25897308, "dipole": [0.53755897, 1.89375006, 0.7123154], "partial charges": [-0.11201125, 0.02113097, -0.23721078, 0.39752402, -0.41336358, -0.26988907, 0.0401936, -0.22265134, 0.17633744, -0.10785578, 0.35752843, -0.423938, -0.2774366, 0.12284892, -0.11128262, -0.11474078, -0.12713031, 0.04474256, 0.05203536, 0.04996043, 0.05869692, 0.04672082, 0.20551596, 0.05638061, 0.06575222, 0.06538207, 0.0795178, 0.04743573, 0.04809887, 0.04581572, 0.05080014, 0.05387866, 0.04821862, 0.04963244, 0.08020167, 0.0906331, 0.06252702], "atomic dipole moments": [[0.05379843, -0.02237089, -0.1177119], [-0.07913518, 0.17152688, -0.06762685], [0.18287016, -0.05405886, 0.00252922], [0.08239207, 0.21454615, 0.10683852], [0.10117022, 0.35830067, 0.2879522], [-0.15130804, -0.11295686, 0.01693832], [0.27782297, -0.04863213, 0.07724403], [-0.02966383, 0.01206666, -0.12868077], [-0.29334328, -0.08768415, 0.10811325], [0.01013048, -0.00973891, 0.07735946], [0.14866028, 0.0159624, 0.0721848], [0.11220064, 0.03138752, -0.14572846], [-0.11393385, -0.03696523, 0.18721932], [-0.05559213, 0.05969759, -0.21580531], [0.01946523, -0.11558303, -0.04737848], [-0.12661334, 0.02889569, 0.02637757], [0.01932034, -0.0082009, 0.11709565], [0.04098101, 0.10914054, 0.05064077], [0.03324377, -0.09212474, 0.08238517], [-0.12765709, 0.0031875, -0.00150797], [-0.04072071, -0.11420501, -0.03629206], [0.12337604, 0.00029977, 0.00138113], [0.04552781, 0.08925549, 0.03613073], [-0.06371558, -0.04785482, 0.09696188], [-0.0175343, -0.05913772, -0.10887342], [-0.02661931, 0.120838, -0.01406396], [0.1134484, 0.03833656, -0.09551281], [-0.05103231, -0.09460006, 0.07348888], [0.04603429, 0.09636332, -0.07149249], [0.05469934, 0.00605025, 0.11654835], [-0.12418825, 0.03357691, 0.0129362], [0.06227714, 0.08135516, -0.07786061], [0.06294658, -0.00517532, 0.11292586], [0.01449566, -0.11172504, -0.0601848], [-0.09637532, 0.09098159, -0.02785747], [-0.02829855, -0.11971411, -0.05804514], [0.09620199, 0.04230845, -0.07225996]], "atomic quadrupole moments": [[-0.08356675, -0.03371104, -0.11093747, -0.13836241, 0.05474259, 0.19450423], [-0.24369602, -0.13011472, 0.02555031, -0.03227066, -0.21243856, 0.21814572], [-0.10778405, -0.05599047, -0.00386656, -0.02883798, -0.08585656, 0.11165061], [0.67717016, -0.35754331, -0.53284558, 0.1206725, -0.82261538, -0.14432458], [-0.2914664, 0.18043336, 0.33027685, 0.12127705, 0.46788512, -0.03881045], [0.09939067, -0.0346729, -0.00649788, 0.05856539, -0.04803614, -0.09289278], [0.50191736, -0.12751178, -0.2463527, 0.19958981, -0.0391477, -0.25556465], [0.06585683, 0.03334445, -0.04824668, -0.01664273, -0.0017814, -0.01761015], [-0.24404628, -0.11774024, 0.35757865, -0.30562364, -0.0102806, -0.11353237], [-0.25491943, -0.16685312, 0.32761199, 0.04049156, 0.06275178, -0.07269256], [-0.03790644, -0.08902101, 0.43964836, 0.04582554, 0.07699708, -0.40174193], [-0.08792553, -0.04749754, 0.18527196, -0.01748017, 0.02036427, -0.09734644], [0.01233415, 0.00609342, -0.07522208, 0.05714091, 0.00187323, 0.06288793], [0.00704748, -0.09498974, -0.21626639, 0.23533736, 0.1092526, 0.20921891], [-0.11322717, -0.03699507, 0.16842103, -0.01018816, 0.15142047, -0.05519386], [0.23783833, -0.08766768, -0.10798624, -0.03681886, 0.02045297, -0.12985209], [-0.03073114, 0.02035455, -0.1501763, 0.0746113, -0.02344517, 0.18090744], [-0.02077197, 0.04443247, 0.05189241, 0.00083058, 0.03352401, -0.03112044], [-0.03568157, -0.03456419, 0.0276518, 0.01614948, -0.05367305, 0.00802976], [0.07834074, -0.00386146, -0.04739674, 0.01665233, 0.00979283, -0.030944], [-0.02547573, 0.03102763, 0.02453534, 0.01338586, 0.01560652, 0.0009404], [0.02533412, 0.00476113, -0.02905934, 0.00755106, -0.0251503, 0.00372522], [-0.08138411, 0.00145098, 0.05993323, 0.01497636, 0.05559723, 0.02145088], [0.02531708, 0.006274, -0.03724546, -0.02483459, -0.03995606, 0.01192838], [-0.00190803, -0.00792314, -0.02514113, 0.02187504, 0.0495236, 0.02704916], [-0.02176971, -0.00900713, 0.07566939, 0.01171856, -0.00969236, -0.05389968], [0.0265266, 0.02239226, -0.06055065, -0.00040127, -0.01262092, 0.03402404], [0.00419867, 0.00944902, -0.00308138, -0.00266337, -0.00415299, -0.00111729], [-0.01761179, 0.03408621, 0.01109674, -0.04445626, -0.04486848, 0.00651505], [-0.02071205, -0.00926753, -0.03629409, 0.05576621, -0.00231254, 0.05700614], [0.0786593, -0.00992493, -0.02995186, -0.01171391, 0.00577856, -0.04870744], [-0.01974288, 0.02820701, 0.03083519, -0.02841326, -0.053912, -0.01109231], [-0.01620375, -0.00460545, -0.05086996, 0.04309885, 0.00118374, 0.06707371], [-0.03090397, 0.00127118, 0.0603398, -0.00533182, 0.04962009, -0.02943584], [0.03912218, -0.05893357, -0.0047643, -0.00616993, -0.00492078, -0.03435789], [-0.0301499, 0.03907575, 0.06116674, 0.00666982, 0.02339484, -0.03101684], [0.05320804, 0.04074426, -0.04490277, -0.04042613, -0.02021457, -0.00830528]], "number of molecular orbitals": 98, "number of electrons": 100, "number of unpaired electrons": 0, "orbital energies/eV": [-20.40429792, -20.01958823, -19.89835639, -19.21823167, -19.09363856, -18.38625892, -18.27849165, -17.98008551, -17.900263, -17.3802136, -17.23674123, -16.89612645, -16.71443122, -16.4856501, -16.44615443, -16.07901746, -16.06777321, -15.74759606, -15.58124786, -15.56360292, -15.40927949, -15.37104648, -15.1185863, -14.96949652, -14.89644337, -14.63510349, -14.11977003, -14.08182633, -13.974876, -13.6983931, -13.59055654, -13.51563022, -13.31050142, -13.17004337, -13.14301735, -12.96192989, -12.94482664, -12.88746252, -12.81495306, -12.67133612, -12.62673969, -12.52212492, -12.13391622, -12.10249832, -11.85824226, -11.35768122, -11.21157363, -11.14814739, -9.80946613, -9.77367633, -7.38375704, -4.66981246, -4.37676118, -3.89654132, -3.36266752, -1.49222372, -0.06833057, 0.42524934, 0.56270007, 0.96259944, 1.02727386, 2.13995319, 2.30286381, 2.59738917, 2.9106216, 3.01465672, 3.07922001, 3.20238591, 3.46465734, 3.62039055, 3.73896834, 4.00355497, 4.08449336, 4.13598732, 4.25916812, 4.47688549, 4.78708366, 4.93615395, 5.06191533, 5.11585303, 5.25079593, 5.59930813, 5.66681913, 5.73880405, 6.11661799, 6.18626854, 6.41773538, 6.68110953, 6.84483226, 7.62092908, 10.29113095, 11.04071267, 11.74090753, 13.44170599, 18.40429777, 27.3364965, 28.69776874, 36.0007423], "fractional occupation": [2.0, 2.0, 2.0, 2.0, 2.0, 2.0, 2.0, 2.0, 2.0, 2.0, 2.0, 2.0, 2.0, 2.0, 2.0, 2.0, 2.0, 2.0, 2.0, 2.0, 2.0, 2.0, 2.0, 2.0, 2.0, 2.0, 2.0, 2.0, 2.0, 2.0, 2.0, 2.0, 2.0, 2.0, 2.0, 2.0, 2.0, 2.0, 2.0, 2.0, 2.0, 2.0, 2.0, 2.0, 2.0, 2.0, 2.0, 2.0, 2.0, 2.0, 0.0, 0.0, 0.0, 0.0, 0.0, 0.0, 0.0, 0.0, 0.0, 0.0, 0.0, 0.0, 0.0, 0.0, 0.0, 0.0, 0.0, 0.0, 0.0, 0.0, 0.0, 0.0, 0.0, 0.0, 0.0, 0.0, 0.0, 0.0, 0.0, 0.0, 0.0, 0.0, 0.0, 0.0, 0.0, 0.0, 0.0, 0.0, 0.0, 0.0, 0.0, 0.0, 0.0, 0.0, 0.0, 0.0, 0.0, 0.0], "program call": "xtb /home/svss/Project-DBcg-Debug/aqme2_20220329/End-to-End-workflows-final/example-3/QDESCP/mol_205_rdkit_conf_7/mol_205_rdkit_conf_7.xyz --pop --wbo --acc 0.2 --gfn 2 --chrg 0 --uhf 0 --etemp 300 --input /home/svss/Project-DBcg-Debug/aqme2_20220329/End-to-End-workflows-final/example-3/QDESCP/mol_205_rdkit_conf_7/mol_205_rdkit_conf_7_xtb.inp", "method": "GFN2-xTB", "xtb version": "6.3.3 (7355c4f)", "Dipole module/D": 5.321, "Total charge": 0, "Transition dipole module/D": NaN, "HOMO": -9.7737, "LUMO": -7.3838, "HOMO occupancy": 2.0, "LUMO occupancy": 0, "mulliken charges": [-0.09563, 0.09896, -0.34162, 0.40715, -0.2217, -0.37548, 0.17672, -0.32283, 0.29927, -0.14267, 0.57997, -0.53826, -0.43166, 0.23281, -0.10279, -0.09945, -0.10699, 0.03234, 0.03337, 0.03042, 0.02655, 0.04241, 0.23002, 0.03189, 0.03094, 0.03303, 0.05669, 0.0391, 0.03655, 0.03049, 0.05094, 0.03967, 0.03072, 0.041, 0.06744, 0.0605, 0.04014], "cm5 charges": [-0.24033, 0.04998, -0.66787, 0.398, -0.19114, -0.44274, 0.06178, -0.36589, 0.31334, -0.18613, 0.63619, -0.58538, -0.51017, 0.18759, -0.24729, -0.24414, -0.24675, 0.08556, 0.08453, 0.08366, 0.09233, 0.11039, 0.43437, 0.09533, 0.09169, 0.09253, 0.11914, 0.10862, 0.09039, 0.08233, 0.10626, 0.09348, 0.08246, 0.0944, 0.12554, 0.1156, 0.09236], "FUKUI+": [0.008, 0.006, -0.003, -0.077, -0.076, 0.01, 0.013, -0.01, -0.111, -0.043, -0.069, -0.149, -0.072, 0.009, 0.013, 0.012, 0.036, -0.006, -0.015, -0.016, -0.013, 0.009, -0.011, -0.015, -0.013, -0.022, -0.083, -0.017, -0.019, -0.033, -0.001, -0.018, -0.03, -0.013, -0.065, -0.064, -0.049], "FUKUI-": [0.012, 0.014, -0.005, -0.139, -0.347, 0.001, 0.022, 0.007, -0.004, -0.023, -0.005, -0.05, -0.039, -0.0, 0.005, 0.008, 0.017, -0.02, -0.026, -0.024, -0.017, -0.027, -0.03, -0.014, -0.012, -0.036, -0.039, -0.024, -0.021, -0.026, -0.013, -0.028, -0.027, -0.024, -0.021, -0.011, -0.034], "FUKUIrad": [0.01, 0.01, -0.004, -0.108, -0.212, 0.005, 0.017, -0.001, -0.058, -0.033, -0.037, -0.1, -0.055, 0.004, 0.009, 0.01, 0.026, -0.013, -0.021, -0.02, -0.015, -0.009, -0.02, -0.014, -0.012, -0.029, -0.061, -0.02, -0.02, -0.03, -0.007, -0.023, -0.029, -0.019, -0.043, -0.038, -0.041], "s proportion": [1.013, 1.006, 1.449, 1.464, 1.889, 1.652, 0.972, 1.633, 1.042, 1.062, 0.97, 1.728, 1.7, 1.017, 1.016, 1.015, 1.016, 0.968, 0.967, 0.97, 0.973, 0.958, 0.77, 0.968, 0.969, 0.967, 0.943, 0.961, 0.963, 0.97, 0.949, 0.96, 0.969, 0.959, 0.933, 0.94, 0.96], "p proportion": [3.083, 2.895, 3.892, 2.008, 4.348, 4.724, 2.851, 4.69, 2.659, 3.081, 2.45, 4.81, 4.731, 2.75, 3.087, 3.084, 3.091, 0.0, 0.0, 0.0, 0.0, 0.0, 0.0, 0.0, 0.0, 0.0, 0.0, 0.0, 0.0, 0.0, 0.0, 0.0, 0.0, 0.0, 0.0, 0.0, 0.0], "d proportion": [0.0, 0.0, 0.0, 1.121, -0.014, 0.0, 0.0, 0.0, 0.0, 0.0, 0.0, 0.0, 0.0, 0.0, 0.0, 0.0, 0.0, 0.0, 0.0, 0.0, 0.0, 0.0, 0.0, 0.0, 0.0, 0.0, 0.0, 0.0, 0.0, 0.0, 0.0, 0.0, 0.0, 0.0, 0.0, 0.0, 0.0], "Fermi-level/eV": -8.5787, "Coordination numbers": [3.75, 3.909, 2.631, 3.978, 0.924, 1.657, 3.866, 1.661, 2.924, 2.895, 2.715, 0.856, 1.705, 3.744, 3.751, 3.751, 3.756, 0.924, 0.924, 0.924, 0.924, 0.924, 0.904, 0.924, 0.924, 0.924, 0.925, 0.924, 0.924, 0.924, 0.924, 0.924, 0.924, 0.924, 0.924, 0.924, 0.924], "Dispersion coefficient C6": [22.706, 20.161, 26.209, 143.771, 157.253, 18.491, 19.858, 17.709, 24.219, 30.724, 20.932, 22.166, 18.603, 18.645, 22.691, 22.758, 22.995, 2.387, 2.295, 2.321, 2.214, 2.361, 1.073, 2.242, 2.133, 2.137, 1.984, 2.352, 2.344, 2.373, 2.31, 2.272, 2.342, 2.325, 1.977, 1.873, 2.17], "Total dispersion C6": 15242.113622, "Total dispersion C8": 401933.525234, "Polarizability alpha": [6.796, 6.382, 7.603, 21.539, 21.21, 5.805, 6.337, 5.681, 8.07, 9.088, 7.489, 6.312, 5.823, 6.16, 6.793, 6.803, 6.837, 2.416, 2.369, 2.382, 2.327, 2.403, 1.621, 2.342, 2.284, 2.286, 2.203, 2.399, 2.394, 2.409, 2.377, 2.357, 2.393, 2.384, 2.199, 2.14, 2.304], "Total polarizability alpha": 190.718864, "Wiberg matrix": [[0.0, 1.0186376158727926, 0.0, 0.0, 0.0, 0.0, 0.0, 0.0, 0.0, 0.0, 0.0, 0.0, 0.0, 0.0, 0.0, 0.0, 0.0, 0.9852901849962501, 0.9831811591097921, 0.9859887915250533, 0.0, 0.0, 0.0, 0.0, 0.0, 0.0, 0.0, 0.0, 0.0, 0.0, 0.0, 0.0, 0.0, 0.0, 0.0, 0.0, 0.0], [1.0186376158727926, 0.0, 0.9689416806487692, 0.0, 0.0, 0.0, 0.0, 0.0, 0.0, 0.0, 0.0, 0.0, 0.0, 0.0, 0.0, 0.0, 0.0, 0.0, 0.0, 0.0, 0.9704307159317561, 0.9712885305457029, 0.0, 0.0, 0.0, 0.0, 0.0, 0.0, 0.0, 0.0, 0.0, 0.0, 0.0, 0.0, 0.0, 0.0, 0.0], [0.0, 0.9689416806487692, 0.0, 1.2014424298186837, 0.0, 0.0, 0.0, 0.0, 0.0, 0.0, 0.0, 0.0, 0.0, 0.0, 0.0, 0.0, 0.0, 0.0, 0.0, 0.0, 0.0, 0.0, 0.9001116950768192, 0.0, 0.0, 0.0, 0.0, 0.0, 0.0, 0.0, 0.0, 0.0, 0.0, 0.0, 0.0, 0.0, 0.0], [0.0, 0.0, 1.2014424298186837, 0.0, 1.6003404152815601, 1.2147446577220473, 0.0, 1.1990187086799968, 0.0, 0.0, 0.0, 0.0, 0.0, 0.0, 0.0, 0.0, 0.0, 0.0, 0.0, 0.0, 0.0, 0.0, 0.0, 0.0, 0.0, 0.0, 0.0, 0.0, 0.0, 0.0, 0.0, 0.0, 0.0, 0.0, 0.0, 0.0, 0.0], [0.0, 0.0, 0.0, 1.6003404152815601, 0.0, 0.0, 0.0, 0.0, 0.0, 0.0, 0.0, 0.0, 0.0, 0.0, 0.0, 0.0, 0.0, 0.0, 0.0, 0.0, 0.0, 0.0, 0.0, 0.0, 0.0, 0.0, 0.0, 0.0, 0.0, 0.0, 0.0, 0.0, 0.0, 0.0, 0.0, 0.0, 0.0], [0.0, 0.0, 0.0, 1.2147446577220473, 0.0, 0.0, 0.9449481055398612, 0.0, 0.0, 0.0, 0.0, 0.0, 0.0, 0.0, 0.0, 0.0, 0.0, 0.0, 0.0, 0.0, 0.0, 0.0, 0.0, 0.0, 0.0, 0.0, 0.0, 0.0, 0.0, 0.0, 0.0, 0.0, 0.0, 0.0, 0.0, 0.0, 0.0], [0.0, 0.0, 0.0, 0.0, 0.0, 0.9449481055398612, 0.0, 0.0, 0.0, 0.0, 0.0, 0.0, 0.0, 0.0, 0.0, 0.0, 0.0, 0.0, 0.0, 0.0, 0.0, 0.0, 0.0, 0.9788228924488681, 0.9792153032516414, 0.9781173624173937, 0.0, 0.0, 0.0, 0.0, 0.0, 0.0, 0.0, 0.0, 0.0, 0.0, 0.0], [0.0, 0.0, 0.0, 1.1990187086799968, 0.0, 0.0, 0.0, 0.0, 1.0071631033863886, 0.0, 0.0, 0.0, 0.0, 0.0, 0.0, 0.0, 0.0, 0.0, 0.0, 0.0, 0.0, 0.0, 0.0, 0.0, 0.0, 0.0, 0.0, 0.0, 0.0, 0.0, 0.0, 0.0, 0.0, 0.0, 0.0, 0.0, 0.0], [0.0, 0.0, 0.0, 0.0, 0.0, 0.0, 0.0, 1.0071631033863886, 0.0, 1.7287485956627273, 0.0, 0.0, 0.0, 0.0, 0.0, 0.0, 1.0310465700243792, 0.0, 0.0, 0.0, 0.0, 0.0, 0.0, 0.0, 0.0, 0.0, 0.0, 0.0, 0.0, 0.0, 0.0, 0.0, 0.0, 0.0, 0.0, 0.0, 0.0], [0.0, 0.0, 0.0, 0.0, 0.0, 0.0, 0.0, 0.0, 1.7287485956627273, 0.0, 1.04151868222112, 0.0, 0.0, 0.0, 0.0, 0.0, 0.0, 0.0, 0.0, 0.0, 0.0, 0.0, 0.0, 0.0, 0.0, 0.0, 0.9596910188433394, 0.0, 0.0, 0.0, 0.0, 0.0, 0.0, 0.0, 0.0, 0.0, 0.0], [0.0, 0.0, 0.0, 0.0, 0.0, 0.0, 0.0, 0.0, 0.0, 1.04151868222112, 0.0, 1.70868518663209, 1.108096181400243, 0.0, 0.0, 0.0, 0.0, 0.0, 0.0, 0.0, 0.0, 0.0, 0.0, 0.0, 0.0, 0.0, 0.0, 0.0, 0.0, 0.0, 0.0, 0.0, 0.0, 0.0, 0.0, 0.0, 0.0], [0.0, 0.0, 0.0, 0.0, 0.0, 0.0, 0.0, 0.0, 0.0, 0.0, 1.70868518663209, 0.0, 0.16756673467350017, 0.0, 0.0, 0.0, 0.0, 0.0, 0.0, 0.0, 0.0, 0.0, 0.0, 0.0, 0.0, 0.0, 0.0, 0.0, 0.0, 0.0, 0.0, 0.0, 0.0, 0.0, 0.0, 0.0, 0.0], [0.0, 0.0, 0.0, 0.0, 0.0, 0.0, 0.0, 0.0, 0.0, 0.0, 1.108096181400243, 0.16756673467350017, 0.0, 0.9274192815345494, 0.0, 0.0, 0.0, 0.0, 0.0, 0.0, 0.0, 0.0, 0.0, 0.0, 0.0, 0.0, 0.0, 0.0, 0.0, 0.0, 0.0, 0.0, 0.0, 0.0, 0.0, 0.0, 0.0], [0.0, 0.0, 0.0, 0.0, 0.0, 0.0, 0.0, 0.0, 0.0, 0.0, 0.0, 0.0, 0.9274192815345494, 0.0, 1.0023534431013503, 1.006152403659185, 0.0, 0.0, 0.0, 0.0, 0.0, 0.0, 0.0, 0.0, 0.0, 0.0, 0.0, 0.9612494523312687, 0.0, 0.0, 0.0, 0.0, 0.0, 0.0, 0.0, 0.0, 0.0], [0.0, 0.0, 0.0, 0.0, 0.0, 0.0, 0.0, 0.0, 0.0, 0.0, 0.0, 0.0, 0.0, 1.0023534431013503, 0.0, 0.0, 0.0, 0.0, 0.0, 0.0, 0.0, 0.0, 0.0, 0.0, 0.0, 0.0, 0.0, 0.0, 0.9852504141113887, 0.9841752925943852, 0.9842877245129475, 0.0, 0.0, 0.0, 0.0, 0.0, 0.0], [0.0, 0.0, 0.0, 0.0, 0.0, 0.0, 0.0, 0.0, 0.0, 0.0, 0.0, 0.0, 0.0, 1.006152403659185, 0.0, 0.0, 0.0, 0.0, 0.0, 0.0, 0.0, 0.0, 0.0, 0.0, 0.0, 0.0, 0.0, 0.0, 0.0, 0.0, 0.0, 0.9848919111966526, 0.984293963965563, 0.985261210687669, 0.0, 0.0, 0.0], [0.0, 0.0, 0.0, 0.0, 0.0, 0.0, 0.0, 0.0, 1.0310465700243792, 0.0, 0.0, 0.0, 0.0, 0.0, 0.0, 0.0, 0.0, 0.0, 0.0, 0.0, 0.0, 0.0, 0.0, 0.0, 0.0, 0.0, 0.0, 0.0, 0.0, 0.0, 0.0, 0.0, 0.0, 0.0, 0.9568911486525159, 0.9524091817237099, 0.9810793095142519], [0.9852901849962501, 0.0, 0.0, 0.0, 0.0, 0.0, 0.0, 0.0, 0.0, 0.0, 0.0, 0.0, 0.0, 0.0, 0.0, 0.0, 0.0, 0.0, 0.0, 0.0, 0.0, 0.0, 0.0, 0.0, 0.0, 0.0, 0.0, 0.0, 0.0, 0.0, 0.0, 0.0, 0.0, 0.0, 0.0, 0.0, 0.0], [0.9831811591097921, 0.0, 0.0, 0.0, 0.0, 0.0, 0.0, 0.0, 0.0, 0.0, 0.0, 0.0, 0.0, 0.0, 0.0, 0.0, 0.0, 0.0, 0.0, 0.0, 0.0, 0.0, 0.0, 0.0, 0.0, 0.0, 0.0, 0.0, 0.0, 0.0, 0.0, 0.0, 0.0, 0.0, 0.0, 0.0, 0.0], [0.9859887915250533, 0.0, 0.0, 0.0, 0.0, 0.0, 0.0, 0.0, 0.0, 0.0, 0.0, 0.0, 0.0, 0.0, 0.0, 0.0, 0.0, 0.0, 0.0, 0.0, 0.0, 0.0, 0.0, 0.0, 0.0, 0.0, 0.0, 0.0, 0.0, 0.0, 0.0, 0.0, 0.0, 0.0, 0.0, 0.0, 0.0], [0.0, 0.9704307159317561, 0.0, 0.0, 0.0, 0.0, 0.0, 0.0, 0.0, 0.0, 0.0, 0.0, 0.0, 0.0, 0.0, 0.0, 0.0, 0.0, 0.0, 0.0, 0.0, 0.0, 0.0, 0.0, 0.0, 0.0, 0.0, 0.0, 0.0, 0.0, 0.0, 0.0, 0.0, 0.0, 0.0, 0.0, 0.0], [0.0, 0.9712885305457029, 0.0, 0.0, 0.0, 0.0, 0.0, 0.0, 0.0, 0.0, 0.0, 0.0, 0.0, 0.0, 0.0, 0.0, 0.0, 0.0, 0.0, 0.0, 0.0, 0.0, 0.0, 0.0, 0.0, 0.0, 0.0, 0.0, 0.0, 0.0, 0.0, 0.0, 0.0, 0.0, 0.0, 0.0, 0.0], [0.0, 0.0, 0.9001116950768192, 0.0, 0.0, 0.0, 0.0, 0.0, 0.0, 0.0, 0.0, 0.0, 0.0, 0.0, 0.0, 0.0, 0.0, 0.0, 0.0, 0.0, 0.0, 0.0, 0.0, 0.0, 0.0, 0.0, 0.0, 0.0, 0.0, 0.0, 0.0, 0.0, 0.0, 0.0, 0.0, 0.0, 0.0], [0.0, 0.0, 0.0, 0.0, 0.0, 0.0, 0.9788228924488681, 0.0, 0.0, 0.0, 0.0, 0.0, 0.0, 0.0, 0.0, 0.0, 0.0, 0.0, 0.0, 0.0, 0.0, 0.0, 0.0, 0.0, 0.0, 0.0, 0.0, 0.0, 0.0, 0.0, 0.0, 0.0, 0.0, 0.0, 0.0, 0.0, 0.0], [0.0, 0.0, 0.0, 0.0, 0.0, 0.0, 0.9792153032516414, 0.0, 0.0, 0.0, 0.0, 0.0, 0.0, 0.0, 0.0, 0.0, 0.0, 0.0, 0.0, 0.0, 0.0, 0.0, 0.0, 0.0, 0.0, 0.0, 0.0, 0.0, 0.0, 0.0, 0.0, 0.0, 0.0, 0.0, 0.0, 0.0, 0.0], [0.0, 0.0, 0.0, 0.0, 0.0, 0.0, 0.9781173624173937, 0.0, 0.0, 0.0, 0.0, 0.0, 0.0, 0.0, 0.0, 0.0, 0.0, 0.0, 0.0, 0.0, 0.0, 0.0, 0.0, 0.0, 0.0, 0.0, 0.0, 0.0, 0.0, 0.0, 0.0, 0.0, 0.0, 0.0, 0.0, 0.0, 0.0], [0.0, 0.0, 0.0, 0.0, 0.0, 0.0, 0.0, 0.0, 0.0, 0.9596910188433394, 0.0, 0.0, 0.0, 0.0, 0.0, 0.0, 0.0, 0.0, 0.0, 0.0, 0.0, 0.0, 0.0, 0.0, 0.0, 0.0, 0.0, 0.0, 0.0, 0.0, 0.0, 0.0, 0.0, 0.0, 0.0, 0.0, 0.0], [0.0, 0.0, 0.0, 0.0, 0.0, 0.0, 0.0, 0.0, 0.0, 0.0, 0.0, 0.0, 0.0, 0.9612494523312687, 0.0, 0.0, 0.0, 0.0, 0.0, 0.0, 0.0, 0.0, 0.0, 0.0, 0.0, 0.0, 0.0, 0.0, 0.0, 0.0, 0.0, 0.0, 0.0, 0.0, 0.0, 0.0, 0.0], [0.0, 0.0, 0.0, 0.0, 0.0, 0.0, 0.0, 0.0, 0.0, 0.0, 0.0, 0.0, 0.0, 0.0, 0.9852504141113887, 0.0, 0.0, 0.0, 0.0, 0.0, 0.0, 0.0, 0.0, 0.0, 0.0, 0.0, 0.0, 0.0, 0.0, 0.0, 0.0, 0.0, 0.0, 0.0, 0.0, 0.0, 0.0], [0.0, 0.0, 0.0, 0.0, 0.0, 0.0, 0.0, 0.0, 0.0, 0.0, 0.0, 0.0, 0.0, 0.0, 0.9841752925943852, 0.0, 0.0, 0.0, 0.0, 0.0, 0.0, 0.0, 0.0, 0.0, 0.0, 0.0, 0.0, 0.0, 0.0, 0.0, 0.0, 0.0, 0.0, 0.0, 0.0, 0.0, 0.0], [0.0, 0.0, 0.0, 0.0, 0.0, 0.0, 0.0, 0.0, 0.0, 0.0, 0.0, 0.0, 0.0, 0.0, 0.9842877245129475, 0.0, 0.0, 0.0, 0.0, 0.0, 0.0, 0.0, 0.0, 0.0, 0.0, 0.0, 0.0, 0.0, 0.0, 0.0, 0.0, 0.0, 0.0, 0.0, 0.0, 0.0, 0.0], [0.0, 0.0, 0.0, 0.0, 0.0, 0.0, 0.0, 0.0, 0.0, 0.0, 0.0, 0.0, 0.0, 0.0, 0.0, 0.9848919111966526, 0.0, 0.0, 0.0, 0.0, 0.0, 0.0, 0.0, 0.0, 0.0, 0.0, 0.0, 0.0, 0.0, 0.0, 0.0, 0.0, 0.0, 0.0, 0.0, 0.0, 0.0], [0.0, 0.0, 0.0, 0.0, 0.0, 0.0, 0.0, 0.0, 0.0, 0.0, 0.0, 0.0, 0.0, 0.0, 0.0, 0.984293963965563, 0.0, 0.0, 0.0, 0.0, 0.0, 0.0, 0.0, 0.0, 0.0, 0.0, 0.0, 0.0, 0.0, 0.0, 0.0, 0.0, 0.0, 0.0, 0.0, 0.0, 0.0], [0.0, 0.0, 0.0, 0.0, 0.0, 0.0, 0.0, 0.0, 0.0, 0.0, 0.0, 0.0, 0.0, 0.0, 0.0, 0.985261210687669, 0.0, 0.0, 0.0, 0.0, 0.0, 0.0, 0.0, 0.0, 0.0, 0.0, 0.0, 0.0, 0.0, 0.0, 0.0, 0.0, 0.0, 0.0, 0.0, 0.0, 0.0], [0.0, 0.0, 0.0, 0.0, 0.0, 0.0, 0.0, 0.0, 0.0, 0.0, 0.0, 0.0, 0.0, 0.0, 0.0, 0.0, 0.9568911486525159, 0.0, 0.0, 0.0, 0.0, 0.0, 0.0, 0.0, 0.0, 0.0, 0.0, 0.0, 0.0, 0.0, 0.0, 0.0, 0.0, 0.0, 0.0, 0.0, 0.0], [0.0, 0.0, 0.0, 0.0, 0.0, 0.0, 0.0, 0.0, 0.0, 0.0, 0.0, 0.0, 0.0, 0.0, 0.0, 0.0, 0.9524091817237099, 0.0, 0.0, 0.0, 0.0, 0.0, 0.0, 0.0, 0.0, 0.0, 0.0, 0.0, 0.0, 0.0, 0.0, 0.0, 0.0, 0.0, 0.0, 0.0, 0.0], [0.0, 0.0, 0.0, 0.0, 0.0, 0.0, 0.0, 0.0, 0.0, 0.0, 0.0, 0.0, 0.0, 0.0, 0.0, 0.0, 0.9810793095142519, 0.0, 0.0, 0.0, 0.0, 0.0, 0.0, 0.0, 0.0, 0.0, 0.0, 0.0, 0.0, 0.0, 0.0, 0.0, 0.0, 0.0, 0.0, 0.0, 0.0]], "Born radii": [], "Atomic SASAs": [], "Solvent H bonds": [], "Total SASA": NaN, "Total FOD": 0.0, "FOD": [0.0, 0.0, 0.0, 0.0, 0.0, 0.0, 0.0, 0.0, 0.0, 0.0, 0.0, 0.0, 0.0, 0.0, 0.0, 0.0, 0.0, 0.0, 0.0, 0.0, 0.0, 0.0, 0.0, 0.0, 0.0, 0.0, 0.0, 0.0, 0.0, 0.0, 0.0, 0.0, 0.0, 0.0, 0.0, 0.0, 0.0], "FOD s proportion": [0.0, 0.0, 0.0, 0.0, 0.0, 0.0, 0.0, 0.0, 0.0, 0.0, 0.0, 0.0, 0.0, 0.0, 0.0, 0.0, 0.0, 0.0, 0.0, 0.0, 0.0, 0.0, 0.0, 0.0, 0.0, 0.0, 0.0, 0.0, 0.0, 0.0, 0.0, 0.0, 0.0, 0.0, 0.0, 0.0, 0.0], "FOD p proportion": [0.0, 0.0, 0.0, 0.0, 0.0, 0.0, 0.0, 0.0, 0.0, 0.0, 0.0, 0.0, 0.0, 0.0, 0.0, 0.0, 0.0, 0.0, 0.0, 0.0, 0.0, 0.0, 0.0, 0.0, 0.0, 0.0, 0.0, 0.0, 0.0, 0.0, 0.0, 0.0, 0.0, 0.0, 0.0, 0.0, 0.0], "FOD d proportion": [0.0, 0.0, 0.0, 0.0, 0.0, 0.0, 0.0, 0.0, 0.0, 0.0, 0.0, 0.0, 0.0, 0.0, 0.0, 0.0, 0.0, 0.0, 0.0, 0.0, 0.0, 0.0, 0.0, 0.0, 0.0, 0.0, 0.0, 0.0, 0.0, 0.0, 0.0, 0.0, 0.0, 0.0, 0.0, 0.0, 0.0], "coordinates": [["-3.14760", "-1.33650", "2.67030"], ["-2.56060", "-1.61090", "1.29510"], ["-2.96010", "-0.56420", "0.36060"], ["-2.36650", "-0.63720", "-1.18160"], ["-2.75610", "-2.21140", "-2.25250"], ["-2.87030", "0.76640", "-1.82060"], ["-4.24300", "0.91750", "-2.12790"], ["-0.79590", "-0.31710", "-0.96500"], ["0.20800", "0.03450", "-1.84640"], ["1.44800", "0.28470", "-1.39460"], ["1.83230", "0.21850", "0.03450"], ["1.08890", "0.00770", "0.97730"], ["3.17030", "0.44520", "0.10030"], ["3.74820", "0.42190", "1.41890"], ["3.58140", "1.78850", "2.07380"], ["5.22390", "0.07830", "1.25660"], ["-0.12690", "0.13410", "-3.30410"], ["-2.78750", "-0.38380", "3.07330"], ["-2.85760", "-2.12810", "3.36870"], ["-4.24180", "-1.30260", "2.63420"], ["-2.91530", "-2.58520", "0.94440"], ["-1.46890", "-1.65600", "1.36960"], ["-2.69380", "0.32990", "0.76270"], ["-4.87400", "0.52110", "-1.32800"], ["-4.47140", "0.41100", "-3.06900"], ["-4.45660", "1.98300", "-2.24530"], ["2.24320", "0.55560", "-2.08050"], ["3.27620", "-0.35600", "2.03140"], ["4.01890", "2.57690", "1.45130"], ["4.05540", "1.81570", "3.05970"], ["2.52200", "2.03700", "2.19470"], ["5.73120", "0.81090", "0.61910"], ["5.73310", "0.04190", "2.22450"], ["5.33590", "-0.89510", "0.76670"], ["-0.94640", "0.83710", "-3.47330"], ["-0.40230", "-0.84330", "-3.70740"], ["0.72580", "0.49330", "-3.89120"]], "bond_dist": [[0.0, 1.5202103143973207, 2.4426046814824542, 3.9920259655969175, 5.015244969091739, 4.966615196489456, 5.413237515572358, 4.4480417421602505, 5.791396312634804, 6.345962559769794, 5.845072339158858, 4.756159678774463, 7.049483335677871, 7.225650846809581, 7.4431766235929135, 8.607102821507365, 6.854250375496944, 1.0953165295931584, 1.0947571054804803, 1.095320071942443, 2.142882588944154, 2.147541485047495, 2.5732782904303217, 4.73471621219266, 6.143758392059375, 6.074181805807264, 7.430401583360081, 6.529531369095335, 8.255869597443992, 7.872179253548537, 6.614458539442212, 9.362256012308144, 8.998086279315176, 8.705647544554052, 6.878491067087316, 6.960960825920513, 7.836113695576399], [1.5202103143973207, 0.0, 1.4589281647839965, 2.668297095527408, 3.603371512902881, 3.9312918830837273, 4.576046909724593, 3.145812540505235, 4.499056497755946, 5.186198936600871, 4.922741830524936, 4.0049610547419805, 6.204700561670966, 6.629370989769693, 7.063034620472987, 7.965759169093678, 5.488220233372564, 2.1723842339696726, 2.157665822132797, 2.1713293485788836, 1.0945606744260457, 1.095168092121022, 2.0169027343925143, 4.096083149790785, 5.175384532573401, 5.389375230024348, 6.258186003148196, 6.0154090417859365, 7.800761983934647, 7.656817662710794, 6.32054406914468, 8.664643009380132, 8.507701915911253, 7.946463895972849, 5.597855321460175, 5.502042793363207, 6.490438374254855], [2.4426046814824542, 1.4589281647839965, 0.0, 1.6541072516617539, 3.095670436270631, 2.556598099037078, 3.167633114803543, 2.5499089022943546, 3.9071918688490332, 4.8200315206438225, 4.866832466810421, 4.135430993258139, 6.2183959836922575, 6.862483587594218, 7.159711850347052, 8.257934260455215, 4.684513979059087, 2.7241652317728455, 3.3918954980954235, 2.7124244524041585, 2.104108001030365, 2.105655641362091, 1.0158813464179763, 2.7734922498539634, 3.872621707577439, 3.939347014417491, 5.855531755528272, 6.4595942264201085, 7.73062589316027, 7.884561184365303, 6.339052347157263, 8.803204981709786, 8.911408792104648, 8.312522362075184, 4.551639110254678, 4.8134043721673745, 5.7255539731977025], [3.9920259655969175, 2.668297095527408, 1.6541072516617539, 0.0, 1.9433786584194033, 1.622414373703586, 2.614159143969625, 1.6174560055840774, 2.742478838569224, 3.9300990903538295, 4.454328584646625, 4.125110226406078, 5.785413693937539, 6.72858448338133, 7.201330714527697, 8.004432000460746, 3.1805216710470625, 4.283179493086882, 4.813438699100676, 4.303468007316889, 2.9352617327931765, 2.8900277922539077, 2.1960669821296435, 2.765980495231302, 3.015229014519461, 3.516450446117505, 4.845629694890025, 6.499423492126051, 7.618131948187824, 8.077508508816315, 6.515226748164641, 8.42094171634028, 8.812843705637812, 7.949172979624986, 3.0728054591854654, 3.206278916438805, 4.264068679090429], [5.015244969091739, 3.603371512902881, 3.095670436270631, 1.9433786584194033, 0.0, 3.011124721760957, 3.4664696710053584, 3.0146994510232688, 3.7409721771218774, 4.963966602425927, 5.6734643358357335, 5.4899943397056425, 6.907634063845594, 7.919555880224598, 8.653321787036468, 9.013151995833645, 3.676945124692508, 5.630741812585621, 5.622733372657821, 5.187779758239549, 3.2226139529890947, 3.8839363292927445, 3.9437948754974563, 3.5786529462913834, 3.2381951917696377, 4.526007451385824, 5.716543841343299, 7.627775013724513, 9.08551464310085, 9.530662909787544, 8.10461782010725, 9.455931743619981, 9.858367335923328, 8.736628544810635, 3.7494958301083625, 3.0868764244783105, 4.703654684391702], [4.966615196489456, 3.9312918830837273, 2.556598099037078, 1.622414373703586, 3.011124721760957, 0.0, 1.4147684580877542, 2.4918184063049216, 3.1642177769553093, 4.365916373454718, 5.084883202198454, 4.90704949434994, 6.346800344267968, 7.376827417664046, 7.604963685646368, 8.686697594022714, 3.1822663464895578, 5.027929304395598, 5.941979975563702, 5.099707471022235, 4.345166574482502, 4.243738889234351, 2.625856696394531, 2.0778932936991734, 2.0611484492874355, 2.0437302512807314, 5.124438203354589, 7.340105449515014, 7.838642516405503, 8.537193863911021, 6.842072620193386, 8.940912626236765, 9.534475644732646, 8.763356775802293, 2.5372833877988477, 3.498881582734689, 4.158593894575424], [5.413237515572358, 4.576046909724593, 3.167633114803543, 2.614159143969625, 3.4664696710053584, 1.4147684580877542, 0.0, 3.8417537635824606, 4.546463708202234, 5.772836887527657, 6.486435450229965, 6.236919166543688, 7.755318137897375, 8.756979333080558, 8.923797355946627, 10.088671493313678, 4.351946829868215, 5.555568681962271, 6.43487560718931, 5.254183272403048, 4.8446591077185195, 5.152770061821117, 3.3317957260312343, 1.0932218301881822, 1.092876031396059, 1.0930224014172811, 6.496461252866825, 8.686768523449901, 9.155505043961258, 9.827583607377756, 8.105761901881895, 10.346112226338935, 10.919369593982978, 10.169540458152474, 3.561479591405797, 4.510677707396085, 5.289437207302871], [4.4480417421602505, 3.145812540505235, 2.5499089022943546, 1.6174560055840774, 3.0146994510232688, 2.4918184063049216, 3.8417537635824606, 0.0, 1.3814136708459201, 2.3625847307557035, 2.862394600679648, 2.725893499386944, 4.176925642143993, 5.184394373502078, 5.7296258246067, 6.428828801578091, 2.4743749210659245, 4.503197346330716, 5.129452561433823, 5.079338313205766, 3.6444399199328283, 2.774155613876049, 2.646805754111926, 4.179144392097501, 4.297237003005536, 4.508919226377869, 3.3529202719420574, 5.055880198343311, 6.115230227064227, 6.654484023573879, 5.151111657690988, 6.810638091985216, 7.275275407158137, 6.397799631904707, 2.765211886998897, 2.8200292835358995, 3.3963164590479495], [5.791396312634804, 4.499056497755946, 3.9071918688490332, 2.742478838569224, 3.7409721771218774, 3.1642177769553093, 4.546463708202234, 1.3814136708459201, 0.0, 1.3432510115387966, 2.4919854132799415, 2.9580373121378982, 3.5684081422953846, 4.831695239768336, 5.461163941871733, 5.898286212960507, 1.4989888124999466, 5.775070841989733, 6.424329547120073, 6.454791461387424, 4.940282949386604, 4.001554680371118, 3.9134520835191022, 5.131495115460989, 4.851111972527536, 5.070923645648788, 2.113855969549486, 4.960209101439172, 5.644606439779483, 6.48420985240299, 5.069032596068011, 6.098132947878391, 6.862871962961279, 5.829906189639761, 2.1502580612568343, 2.146233894523148, 2.1586619281397446], [6.345962559769794, 5.186198936600871, 4.8200315206438225, 3.9300990903538295, 4.963966602425927, 4.365916373454718, 5.772836887527657, 2.3625847307557035, 1.3432510115387966, 0.0, 1.4813492970937003, 2.4148688204538153, 2.28622036339457, 3.6366916462631256, 4.3408073626918755, 4.6183203884096224, 2.479754145071644, 6.192615191500276, 6.85921439306281, 7.150145087339138, 5.7223800904868245, 4.46267002365176, 4.670170614656386, 6.326768884667748, 6.152955664556669, 6.202597402701549, 1.084522318811374, 3.9357702842010482, 4.467981027265, 5.3836125649975966, 4.136073715493958, 4.7621083954483865, 5.614171235365021, 4.602055208273798, 3.218585218694699, 3.1693907821535667, 2.607316313760185], [5.845072339158858, 4.922741830524936, 4.866832466810421, 4.454328584646625, 5.6734643358357335, 5.084883202198454, 6.486435450229965, 2.862394600679648, 2.4919854132799415, 1.4813492970937003, 0.0, 1.2189963248508997, 1.358663508746739, 2.372468699477403, 3.111751162930609, 3.607788104919689, 3.8719294879943256, 5.562339684880815, 6.214385183588155, 6.779887617800165, 5.588233840848109, 4.024197273991423, 4.585658776010269, 6.849995087589479, 7.028897651125672, 6.918179782283776, 2.1807567998289032, 2.530317582834218, 3.514340956708669, 4.0798353508444425, 2.9067322511714075, 3.9867425462399755, 4.476999910654455, 3.748524344325377, 4.517576838306129, 4.485830136106359, 4.0879062831723525], [4.756159678774463, 4.0049610547419805, 4.135430993258139, 4.125110226406078, 5.4899943397056425, 4.90704949434994, 6.236919166543688, 2.725893499386944, 2.9580373121378982, 2.4148688204538153, 1.2189963248508997, 0.0, 2.30060018473441, 2.727351955652222, 3.25363137739972, 4.145023262902153, 4.452474880333408, 4.424134402343582, 5.0848105028604555, 5.733983448703004, 4.770516791711355, 3.076383886968595, 3.8024577959525074, 6.413592133898131, 6.8885506944494495, 6.711149759914466, 3.3140222902086824, 2.4551345767594897, 3.925603729364441, 4.050355047400165, 2.766567703852555, 4.724868968553521, 4.8088742050504925, 4.34700002300437, 4.9636872191950205, 4.989418055244519, 4.9061126383319005], [7.049483335677871, 6.204700561670966, 6.2183959836922575, 5.785413693937539, 6.907634063845594, 6.346800344267968, 7.755318137897375, 4.176925642143993, 3.5684081422953846, 2.28622036339457, 1.358663508746739, 2.30060018473441, 0.0, 1.4398670980337038, 2.4224286057591042, 2.3851453330981744, 4.749552653671712, 6.709795141433158, 7.323925850252719, 8.025875681818153, 6.850573430742859, 5.2486513096223115, 5.902519517968578, 8.170469031212345, 8.272920344110657, 8.126270473593653, 2.3722544572621205, 2.093390422257635, 2.662605462700023, 3.379307713127054, 2.709359977928367, 2.6383894215979566, 3.3530315193865983, 2.6325494126416693, 5.465475410245663, 5.3779440588388425, 4.680808275287506], [7.225650846809581, 6.629370989769693, 6.862483587594218, 6.72858448338133, 7.919555880224598, 7.376827417664046, 8.756979333080558, 5.184394373502078, 4.831695239768336, 3.6366916462631256, 2.372468699477403, 2.727351955652222, 1.4398670980337038, 0.0, 1.5245693851051842, 1.5238414418829804, 6.116041027494829, 6.789813424535316, 7.3444410052773925, 8.263834118615886, 7.325983409072123, 5.615890963150905, 6.4759884527383145, 9.049731105950054, 9.364998098237928, 9.120424216559227, 3.8116533223786235, 1.0968448659678363, 2.172177076115113, 2.174689614634695, 2.1711702121206438, 2.173313148168022, 2.175596325148579, 2.163479865864251, 6.793031800308313, 6.7161248484524165, 6.1104142028180055], [7.4431766235929135, 7.063034620472987, 7.159711850347052, 7.201330714527697, 8.653321787036468, 7.604963685646368, 8.923797355946627, 5.7296258246067, 5.461163941871733, 4.3408073626918755, 3.111751162930609, 3.25363137739972, 2.4224286057591042, 1.5245693851051842, 0.0, 2.5080682068077818, 6.738719215103119, 6.802997482727743, 7.647041425937223, 8.430385851786381, 7.912768601444124, 6.153536217493158, 6.57454425873003, 9.201757177843804, 9.653677326801429, 9.126987403300172, 4.535309266191226, 2.1665237247720133, 1.0956674039141625, 1.0942644333066847, 1.0948504098734222, 2.773714817712881, 2.7754522045965775, 3.4624398363004083, 7.223327018071382, 7.4979003974446075, 6.738933105470034], [8.607102821507365, 7.965759169093678, 8.257934260455215, 8.004432000460746, 9.013151995833645, 8.686697594022714, 10.088671493313678, 6.428828801578091, 5.898286212960507, 4.6183203884096224, 3.607788104919689, 4.145023262902153, 2.3851453330981744, 1.5238414418829804, 2.5080682068077818, 0.0, 7.030942950273455, 8.227786170045986, 8.639433408505443, 9.664581887490012, 8.569613627813101, 6.914776737538241, 7.937078370534084, 10.432823846399401, 10.621692272891359, 10.469157843398866, 4.4998471296256275, 2.1406697129636796, 2.7808155368524536, 2.763172202378998, 3.466525769412367, 1.095656104806613, 1.0942760209380447, 1.0954695659852902, 7.811551288956631, 7.559415916590382, 6.848720570296325], [6.854250375496944, 5.488220233372564, 4.684513979059087, 3.1805216710470625, 3.676945124692508, 3.1822663464895578, 4.351946829868215, 2.4743749210659245, 1.4989888124999466, 2.479754145071644, 3.8719294879943256, 4.452474880333408, 4.749552653671712, 6.116041027494829, 6.738719215103119, 7.030942950273455, 0.0, 6.929519718566359, 7.5564893416188985, 7.366133028258449, 5.763637679452101, 5.181591811403133, 4.813125334956487, 5.156520010627322, 4.3596589167043795, 4.825535280152867, 2.7004135275916537, 6.347349672894979, 6.765261165690501, 7.798548729731705, 6.393316905957345, 7.082859033610651, 8.056892626813392, 6.89005436263024, 1.0928942721050376, 1.092614666751275, 1.0958140079411287], [1.0953165295931584, 2.1723842339696726, 2.7241652317728455, 4.283179493086882, 5.630741812585621, 5.027929304395598, 5.555568681962271, 4.503197346330716, 5.775070841989733, 6.192615191500276, 5.562339684880815, 4.424134402343582, 6.709795141433158, 6.789813424535316, 6.802997482727743, 8.227786170045986, 6.929519718566359, 0.0, 1.7705246849451153, 1.7753846738101575, 3.0650791196965863, 2.5019577314575083, 2.420128042067196, 4.954166726100364, 6.418339001642092, 6.056000578764833, 7.263061977568414, 6.152624329503631, 7.597612088676284, 7.187716300745321, 5.90110166409629, 8.945314718890556, 8.573348604250267, 8.459991655433237, 6.909284881954138, 7.202653107015497, 7.849639580897967], [1.0947571054804803, 2.157665822132797, 3.3918954980954235, 4.813438699100676, 5.622733372657821, 5.941979975563702, 6.43487560718931, 5.129452561433823, 6.424329547120073, 6.85921439306281, 6.214385183588155, 5.0848105028604555, 7.323925850252719, 7.3444410052773925, 7.647041425937223, 8.639433408505443, 7.5564893416188985, 1.7705246849451153, 0.0, 1.7711437378146355, 2.4676912671564084, 2.4794690782504225, 3.5860605739446174, 5.757006208959654, 7.106008763011765, 7.139673676716605, 7.931846378366136, 6.523205664395382, 8.549836256326785, 7.964835744696811, 6.904087931798088, 9.485014844479686, 8.934104327239524, 8.684706975482824, 7.697925725804323, 7.599368417177838, 8.509914308029195], [1.095320071942443, 2.1713293485788836, 2.7124244524041585, 4.303468007316889, 5.187779758239549, 5.099707471022235, 5.254183272403048, 5.079338313205766, 6.454791461387424, 7.150145087339138, 6.779887617800165, 5.733983448703004, 8.025875681818153, 8.263834118615886, 8.430385851786381, 9.664581887490012, 7.366133028258449, 1.7753846738101575, 1.7711437378146355, 0.0, 2.502016996345149, 3.0680741728322016, 2.9264094894597372, 4.407333362703575, 5.9594992541320115, 5.8864952773275885, 8.230220430219351, 7.60129879691622, 9.20265924339264, 8.874028001984218, 7.5561285622996115, 10.391738991140992, 10.073438556421536, 9.766573083226275, 7.2621989438461405, 7.42755729025364, 8.395424452045292], [2.142882588944154, 1.0945606744260457, 2.104108001030365, 2.9352617327931765, 3.2226139529890947, 4.345166574482502, 4.8446591077185195, 3.6444399199328283, 4.940282949386604, 5.7223800904868245, 5.588233840848109, 4.770516791711355, 6.850573430742859, 7.325983409072123, 7.912768601444124, 8.569613627813101, 5.763637679452101, 3.0650791196965863, 2.4676912671564084, 2.502016996345149, 0.0, 1.770954725564716, 2.9291440985380013, 4.318495934929198, 5.244620215992765, 5.780851409610872, 6.754610788194979, 6.669750661756405, 8.65952387028294, 8.510762209696614, 7.245151083310823, 9.295228751892015, 9.128807861928086, 8.424388211615131, 5.924928505053879, 5.566743019935445, 6.791008674710996], [2.147541485047495, 1.095168092121022, 2.105655641362091, 2.8900277922539077, 3.8839363292927445, 4.243738889234351, 5.152770061821117, 2.774155613876049, 4.001554680371118, 4.46267002365176, 4.024197273991423, 3.076383886968595, 5.2486513096223115, 5.615890963150905, 6.153536217493158, 6.914776737538241, 5.181591811403133, 2.5019577314575083, 2.4794690782504225, 3.0680741728322016, 1.770954725564716, 0.0, 2.410914023767749, 4.85916826010378, 5.743575994970381, 5.936006595346741, 5.529380704925281, 4.964267644879756, 6.931094151719481, 6.739957669748379, 5.499665609834837, 7.647894211480701, 7.448659102147177, 6.873700623390577, 5.471949768592545, 5.251099489630719, 6.0919795813840345], [2.5732782904303217, 2.0169027343925143, 1.0158813464179763, 2.1960669821296435, 3.9437948754974563, 2.625856696394531, 3.3317957260312343, 2.646805754111926, 3.9134520835191022, 4.670170614656386, 4.585658776010269, 3.8024577959525074, 5.902519517968578, 6.4759884527383145, 6.57454425873003, 7.937078370534084, 4.813125334956487, 2.420128042067196, 3.5860605739446174, 2.9264094894597372, 2.9291440985380013, 2.410914023767749, 0.0, 3.0266905970052504, 4.224732400992991, 3.8585317738746174, 5.7016397404606325, 6.141739045254202, 7.1122092383450015, 7.282548405606378, 5.671806065972284, 8.439941170411084, 8.557595856898127, 8.122605683522991, 4.610244527137362, 5.158407166946013, 5.777469076507463], [4.73471621219266, 4.096083149790785, 2.7734922498539634, 2.765980495231302, 3.5786529462913834, 2.0778932936991734, 1.0932218301881822, 4.179144392097501, 5.131495115460989, 6.326768884667748, 6.849995087589479, 6.413592133898131, 8.170469031212345, 9.049731105950054, 9.201757177843804, 10.432823846399401, 5.156520010627322, 4.954166726100364, 5.757006208959654, 4.407333362703575, 4.318495934929198, 4.85916826010378, 3.0266905970052504, 0.0, 1.7903323071430062, 1.7756164169099136, 7.1569534258649465, 8.85892955215245, 9.541199743218879, 10.03304962660905, 8.331157428592979, 10.786354782316407, 11.196448512809765, 10.518338677757052, 4.486447352861727, 5.245877677758031, 6.158614058373849], [6.143758392059375, 5.175384532573401, 3.872621707577439, 3.015229014519461, 3.2381951917696377, 2.0611484492874355, 1.092876031396059, 4.297237003005536, 4.851111972527536, 6.152955664556669, 7.028897651125672, 6.8885506944494495, 8.272920344110657, 9.364998098237928, 9.653677326801429, 10.621692272891359, 4.3596589167043795, 6.418339001642092, 7.106008763011765, 5.9594992541320115, 5.244620215992765, 5.743575994970381, 4.224732400992991, 1.7903323071430062, 0.0, 1.7747914609891495, 6.788511955502472, 9.307398934181343, 9.85948421521126, 10.594360009929812, 8.9026994361261, 10.856106501872576, 11.50170410460989, 10.61139128436983, 3.5736038812380984, 4.305623980330842, 5.262477930595054], [6.074181805807264, 5.389375230024348, 3.939347014417491, 3.516450446117505, 4.526007451385824, 2.0437302512807314, 1.0930224014172811, 4.508919226377869, 5.070923645648788, 6.202597402701549, 6.918179782283776, 6.711149759914466, 8.126270473593653, 9.120424216559227, 9.126987403300172, 10.469157843398866, 4.825535280152867, 6.056000578764833, 7.139673676716605, 5.8864952773275885, 5.780851409610872, 5.936006595346741, 3.8585317738746174, 1.7756164169099136, 1.7747914609891495, 0.0, 6.852149286172915, 9.140967111307205, 9.26561757358893, 10.031209213748859, 8.271479550842159, 10.647529037762704, 11.294997447542872, 10.641835361440243, 3.8913461488281915, 5.15393602890063, 5.637859758809188], [7.430401583360081, 6.258186003148196, 5.855531755528272, 4.845629694890025, 5.716543841343299, 5.124438203354589, 6.496461252866825, 3.3529202719420574, 2.113855969549486, 1.084522318811374, 2.1807567998289032, 3.3140222902086824, 2.3722544572621205, 3.8116533223786235, 4.535309266191226, 4.4998471296256275, 2.7004135275916537, 7.263061977568414, 7.931846378366136, 8.230220430219351, 6.754610788194979, 5.529380704925281, 5.7016397404606325, 7.1569534258649465, 6.788511955502472, 6.852149286172915, 0.0, 4.336568363349067, 4.4398620947051946, 5.594066221452871, 4.533167815115607, 4.418049597956093, 5.565636953664873, 4.447007040696023, 3.4918021493206055, 3.40622886342066, 2.36326438216