{"total energy": -24.05397703, "HOMO-LUMO gap/eV": 11.70896388, "electronic energy": -24.35123401, "dipole": [-0.07941934, -0.42113417, 0.66937439], "partial charges": [-0.09833979, -0.06649337, 0.10437788, -0.45061234, -0.0214399, -0.10637513, -0.103409, 0.03332534, 0.03304401, 0.03148888, 0.04393508, 0.0318636, 0.04095783, 0.28423745, 0.02782368, 0.03713524, 0.03451906, 0.03435849, 0.04210802, 0.03168729, 0.03580768], "atomic dipole moments": [[-0.05186881, 0.00304263, -0.0893149], [-0.02383791, 0.07664785, 0.08040775], [0.10861573, 0.12213202, 0.07772398], [-0.0672859, -0.17733024, 0.13286597], [-0.03726947, -0.01870976, -0.08611211], [0.05297639, 0.08881903, -0.0104949], [0.06521538, -0.0833679, 0.02051375], [0.08286903, -0.09456533, -0.00259707], [0.06739954, 0.10432249, 0.01838221], [-0.07249334, -0.01975232, 0.10049956], [0.0857835, 0.00739764, -0.09078308], [-0.05314223, -0.11129246, -0.01629418], [-0.0538914, -0.01309537, -0.11343165], [0.02301631, 0.01155804, 0.0728344], [0.04727289, 0.02694787, 0.11076858], [-0.09113756, 0.00752691, 0.08650739], [0.07147927, -0.09597304, 0.03775566], [-0.05649878, -0.03515639, -0.1092539], [0.05817715, 0.11392133, -0.00039497], [-0.087029, 0.00887207, 0.08952671], [-0.06299254, -0.01075718, -0.11116247]], "atomic quadrupole moments": [[-0.02893656, -0.00927381, -0.11163167, 0.14381963, 0.00374462, 0.14056823], [-0.01208048, -0.14422449, -0.01346006, 0.16143797, -0.02182652, 0.02554054], [-0.01285974, 0.15828271, 0.26235463, -0.10629036, -0.00784839, -0.24949489], [-0.04211082, 0.11205953, 0.09804968, 0.00179583, -0.0180083, -0.05593886], [0.0267421, -0.00308073, 0.09640521, -0.11553502, -0.06524372, -0.12314731], [-0.01504747, 0.13178208, 0.14206801, -0.01764834, -0.01451017, -0.12702054], [0.03222725, -0.16135194, 0.07434034, 0.02875409, -0.05887301, -0.10656759], [0.00421259, -0.06412174, 0.0244947, 0.00188721, 0.01363389, -0.0287073], [-0.02535779, 0.05268528, 0.0552469, 0.00903648, 0.00015076, -0.02988911], [0.02507057, 0.01253622, -0.052039, -0.05433173, -0.00852566, 0.02696842], [0.01597768, 0.00291249, -0.04087931, -0.03090869, -0.02243371, 0.02490164], [-0.00206568, 0.04196117, 0.03589482, 0.0154343, -0.00953478, -0.03382914], [-0.00263007, -0.00382233, -0.0111093, 0.02360764, 0.00733397, 0.01373937], [-0.05401609, 0.03823155, -0.04848202, 0.06969956, 0.03549487, 0.10249811], [-0.00281389, -0.00298129, -0.01251245, 0.03221849, 0.00316293, 0.01532635], [0.01381162, -0.01182064, -0.02474257, -0.06483158, 0.02016791, 0.01093095], [0.0240751, -0.05214609, 0.02095252, 0.02325455, -0.02243488, -0.04502762], [-0.0281472, 0.0151303, -0.0340052, 0.04238203, 0.01257977, 0.0621524], [0.00766392, 0.05226227, 0.04249189, 0.00333157, -0.00543787, -0.05015582], [0.00869878, -0.00519327, -0.03789984, -0.06354098, -0.01254276, 0.02920106], [-0.02242032, 0.00120064, -0.03055036, 0.04758313, 0.0255735, 0.05297068]], "number of molecular orbitals": 42, "number of electrons": 44, "number of unpaired electrons": 0, "orbital energies/eV": [-18.39391531, -17.18280111, -16.80323574, -16.38314748, -15.98405629, -15.50440803, -15.41492502, -14.47925519, -14.4297517, -13.89376225, -13.81417647, -13.30516839, -13.09004797, -12.89055697, -12.61376925, -12.47650434, -12.30787733, -11.98500915, -11.91977981, -11.81068017, -11.41818513, -10.85975055, 0.84921333, 1.4448371, 2.46421245, 2.66111748, 2.96836947, 3.16283614, 3.69380248, 3.88035425, 4.42552954, 4.91654194, 4.96047317, 5.42786012, 5.93175724, 6.07024076, 6.32505568, 6.85860597, 7.02923998, 7.4858339, 7.64671942, 7.92103846], "fractional occupation": [2.0, 2.0, 2.0, 2.0, 2.0, 2.0, 2.0, 2.0, 2.0, 2.0, 2.0, 2.0, 2.0, 2.0, 2.0, 2.0, 2.0, 2.0, 2.0, 2.0, 2.0, 2.0, 0.0, 0.0, 0.0, 0.0, 0.0, 0.0, 0.0, 0.0, 0.0, 0.0, 0.0, 0.0, 0.0, 0.0, 0.0, 0.0, 0.0, 0.0, 0.0, 0.0], "program call": "xtb /home/svss/Project-DBcg-Debug/aqme2_20220329/End-to-End-workflows-final/example-3/QDESCP/mol_748_rdkit_conf_11/mol_748_rdkit_conf_11.xyz --pop --wbo --acc 0.2 --gfn 2 --chrg 0 --uhf 0 --etemp 300 --input /home/svss/Project-DBcg-Debug/aqme2_20220329/End-to-End-workflows-final/example-3/QDESCP/mol_748_rdkit_conf_11/mol_748_rdkit_conf_11_xtb.inp", "method": "GFN2-xTB", "xtb version": "6.3.3 (7355c4f)", "Dipole module/D": 2.02, "Total charge": 0, "Transition dipole module/D": NaN, "HOMO": -10.8598, "LUMO": 0.8492, "HOMO occupancy": 2.0, "LUMO occupancy": 0, "mulliken charges": [-0.08458, -0.0636, 0.20814, -0.56542, -0.02577, -0.09309, -0.08473, 0.03147, 0.02749, 0.02369, 0.03912, 0.02336, 0.02951, 0.33234, 0.01915, 0.03319, 0.02881, 0.0288, 0.03704, 0.0259, 0.02918], "cm5 charges": [-0.23495, -0.17163, 0.16255, -0.77739, -0.09628, -0.24149, -0.23229, 0.08232, 0.08083, 0.07601, 0.09623, 0.07892, 0.09686, 0.50345, 0.08012, 0.08467, 0.08108, 0.08083, 0.09127, 0.07738, 0.08151], "FUKUI+": [0.023, 0.006, -0.044, -0.133, -0.023, 0.01, 0.014, -0.077, -0.031, -0.035, -0.066, -0.079, -0.083, -0.107, -0.049, -0.06, -0.049, -0.052, -0.04, -0.078, -0.048], "FUKUI-": [0.023, -0.003, -0.016, -0.127, -0.017, 0.025, 0.019, -0.091, -0.043, -0.059, -0.083, -0.063, -0.066, -0.054, -0.062, -0.085, -0.048, -0.055, -0.047, -0.081, -0.069], "FUKUIrad": [0.023, 0.002, -0.03, -0.13, -0.02, 0.018, 0.016, -0.084, -0.037, -0.047, -0.074, -0.071, -0.074, -0.08, -0.055, -0.072, -0.049, -0.054, -0.043, -0.079, -0.059], "s proportion": [1.007, 1.037, 1.026, 1.7, 1.061, 1.013, 1.012, 0.969, 0.973, 0.976, 0.961, 0.977, 0.97, 0.668, 0.981, 0.967, 0.971, 0.971, 0.963, 0.974, 0.971], "p proportion": [3.078, 3.027, 2.766, 4.866, 2.965, 3.08, 3.073, 0.0, 0.0, 0.0, 0.0, 0.0, 0.0, 0.0, 0.0, 0.0, 0.0, 0.0, 0.0, 0.0, 0.0], "d proportion": [0.0, 0.0, 0.0, 0.0, 0.0, 0.0, 0.0, 0.0, 0.0, 0.0, 0.0, 0.0, 0.0, 0.0, 0.0, 0.0, 0.0, 0.0, 0.0, 0.0, 0.0], "Fermi-level/eV": -5.0053, "Coordination numbers": [3.748, 3.798, 3.724, 1.653, 3.846, 3.752, 3.752, 0.924, 0.924, 0.924, 0.924, 0.924, 0.924, 0.804, 0.924, 0.924, 0.924, 0.924, 0.924, 0.924, 0.924], "Dispersion coefficient C6": [22.444, 21.778, 18.965, 21.858, 20.924, 22.594, 22.536, 2.54, 2.544, 2.565, 2.397, 2.56, 2.436, 0.771, 2.618, 2.487, 2.523, 2.525, 2.421, 2.563, 2.506], "Total dispersion C6": 2903.890238, "Total dispersion C8": 60006.61017, "Polarizability alpha": [6.757, 6.645, 6.219, 6.311, 6.507, 6.778, 6.77, 2.492, 2.494, 2.505, 2.421, 2.502, 2.441, 1.379, 2.53, 2.466, 2.484, 2.485, 2.433, 2.503, 2.475], "Total polarizability alpha": 79.599267, "Wiberg matrix": [[0.0, 1.0205984317429577, 0.0, 0.0, 0.0, 0.0, 0.0, 0.9866161640077719, 0.9846364136123769, 0.9857863756717218, 0.0, 0.0, 0.0, 0.0, 0.0, 0.0, 0.0, 0.0, 0.0, 0.0, 0.0], [1.0205984317429577, 0.0, 0.9872716239495956, 0.0, 0.0, 0.0, 0.0, 0.0, 0.0, 0.0, 0.97537170969763, 0.9750911819875852, 0.0, 0.0, 0.0, 0.0, 0.0, 0.0, 0.0, 0.0, 0.0], [0.0, 0.9872716239495956, 0.0, 0.9840267421958783, 0.9765984963453309, 0.0, 0.0, 0.0, 0.0, 0.0, 0.0, 0.0, 0.9630975551606171, 0.0, 0.0, 0.0, 0.0, 0.0, 0.0, 0.0, 0.0], [0.0, 0.0, 0.9840267421958783, 0.0, 0.0, 0.0, 0.0, 0.0, 0.0, 0.0, 0.0, 0.0, 0.0, 0.8990364303789595, 0.0, 0.0, 0.0, 0.0, 0.0, 0.0, 0.0], [0.0, 0.0, 0.9765984963453309, 0.0, 0.0, 1.0089810574790854, 1.0076284256801995, 0.0, 0.0, 0.0, 0.0, 0.0, 0.0, 0.0, 0.9655121641580575, 0.0, 0.0, 0.0, 0.0, 0.0, 0.0], [0.0, 0.0, 0.0, 0.0, 1.0089810574790854, 0.0, 0.0, 0.0, 0.0, 0.0, 0.0, 0.0, 0.0, 0.0, 0.0, 0.9854796115042366, 0.984521760533002, 0.9870157155688031, 0.0, 0.0, 0.0], [0.0, 0.0, 0.0, 0.0, 1.0076284256801995, 0.0, 0.0, 0.0, 0.0, 0.0, 0.0, 0.0, 0.0, 0.0, 0.0, 0.0, 0.0, 0.0, 0.9855710012350353, 0.9861780588994353, 0.9870288783980719], [0.9866161640077719, 0.0, 0.0, 0.0, 0.0, 0.0, 0.0, 0.0, 0.0, 0.0, 0.0, 0.0, 0.0, 0.0, 0.0, 0.0, 0.0, 0.0, 0.0, 0.0, 0.0], [0.9846364136123769, 0.0, 0.0, 0.0, 0.0, 0.0, 0.0, 0.0, 0.0, 0.0, 0.0, 0.0, 0.0, 0.0, 0.0, 0.0, 0.0, 0.0, 0.0, 0.0, 0.0], [0.9857863756717218, 0.0, 0.0, 0.0, 0.0, 0.0, 0.0, 0.0, 0.0, 0.0, 0.0, 0.0, 0.0, 0.0, 0.0, 0.0, 0.0, 0.0, 0.0, 0.0, 0.0], [0.0, 0.97537170969763, 0.0, 0.0, 0.0, 0.0, 0.0, 0.0, 0.0, 0.0, 0.0, 0.0, 0.0, 0.0, 0.0, 0.0, 0.0, 0.0, 0.0, 0.0, 0.0], [0.0, 0.9750911819875852, 0.0, 0.0, 0.0, 0.0, 0.0, 0.0, 0.0, 0.0, 0.0, 0.0, 0.0, 0.0, 0.0, 0.0, 0.0, 0.0, 0.0, 0.0, 0.0], [0.0, 0.0, 0.9630975551606171, 0.0, 0.0, 0.0, 0.0, 0.0, 0.0, 0.0, 0.0, 0.0, 0.0, 0.0, 0.0, 0.0, 0.0, 0.0, 0.0, 0.0, 0.0], [0.0, 0.0, 0.0, 0.8990364303789595, 0.0, 0.0, 0.0, 0.0, 0.0, 0.0, 0.0, 0.0, 0.0, 0.0, 0.0, 0.0, 0.0, 0.0, 0.0, 0.0, 0.0], [0.0, 0.0, 0.0, 0.0, 0.9655121641580575, 0.0, 0.0, 0.0, 0.0, 0.0, 0.0, 0.0, 0.0, 0.0, 0.0, 0.0, 0.0, 0.0, 0.0, 0.0, 0.0], [0.0, 0.0, 0.0, 0.0, 0.0, 0.9854796115042366, 0.0, 0.0, 0.0, 0.0, 0.0, 0.0, 0.0, 0.0, 0.0, 0.0, 0.0, 0.0, 0.0, 0.0, 0.0], [0.0, 0.0, 0.0, 0.0, 0.0, 0.984521760533002, 0.0, 0.0, 0.0, 0.0, 0.0, 0.0, 0.0, 0.0, 0.0, 0.0, 0.0, 0.0, 0.0, 0.0, 0.0], [0.0, 0.0, 0.0, 0.0, 0.0, 0.9870157155688031, 0.0, 0.0, 0.0, 0.0, 0.0, 0.0, 0.0, 0.0, 0.0, 0.0, 0.0, 0.0, 0.0, 0.0, 0.0], [0.0, 0.0, 0.0, 0.0, 0.0, 0.0, 0.9855710012350353, 0.0, 0.0, 0.0, 0.0, 0.0, 0.0, 0.0, 0.0, 0.0, 0.0, 0.0, 0.0, 0.0, 0.0], [0.0, 0.0, 0.0, 0.0, 0.0, 0.0, 0.9861780588994353, 0.0, 0.0, 0.0, 0.0, 0.0, 0.0, 0.0, 0.0, 0.0, 0.0, 0.0, 0.0, 0.0, 0.0], [0.0, 0.0, 0.0, 0.0, 0.0, 0.0, 0.9870288783980719, 0.0, 0.0, 0.0, 0.0, 0.0, 0.0, 0.0, 0.0, 0.0, 0.0, 0.0, 0.0, 0.0, 0.0]], "Born radii": [], "Atomic SASAs": [], "Solvent H bonds": [], "Total SASA": NaN, "Total FOD": 0.0, "FOD": [0.0, 0.0, 0.0, 0.0, 0.0, 0.0, 0.0, 0.0, 0.0, 0.0, 0.0, 0.0, 0.0, 0.0, 0.0, 0.0, 0.0, 0.0, 0.0, 0.0, 0.0], "FOD s proportion": [0.0, 0.0, 0.0, 0.0, 0.0, 0.0, 0.0, 0.0, 0.0, 0.0, 0.0, 0.0, 0.0, 0.0, 0.0, 0.0, 0.0, 0.0, 0.0, 0.0, 0.0], "FOD p proportion": [0.0, 0.0, 0.0, 0.0, 0.0, 0.0, 0.0, 0.0, 0.0, 0.0, 0.0, 0.0, 0.0, 0.0, 0.0, 0.0, 0.0, 0.0, 0.0, 0.0, 0.0], "FOD d proportion": [0.0, 0.0, 0.0, 0.0, 0.0, 0.0, 0.0, 0.0, 0.0, 0.0, 0.0, 0.0, 0.0, 0.0, 0.0, 0.0, 0.0, 0.0, 0.0, 0.0, 0.0], "coordinates": [["2.10670", "-0.86480", "0.56980"], ["1.31380", "-0.84590", "-0.73090"], ["0.29570", "0.29910", "-0.84720"], ["1.00780", "1.53740", "-0.90610"], ["-0.77370", "0.36360", "0.26730"], ["-1.56180", "-0.94120", "0.39460"], ["-1.74650", "1.52400", "0.01760"], ["2.83230", "-1.68470", "0.55100"], ["2.66220", "0.06640", "0.71510"], ["1.45650", "-1.01990", "1.43540"], ["2.03370", "-0.75490", "-1.55420"], ["0.81080", "-1.81060", "-0.85900"], ["-0.20920", "0.19340", "-1.81530"], ["1.34910", "1.73140", "-0.01690"], ["-0.28280", "0.57030", "1.22650"], ["-2.35240", "-0.84620", "1.14680"], ["-0.91820", "-1.76870", "0.70740"], ["-2.03210", "-1.21400", "-0.55620"], ["-1.22300", "2.48540", "0.00170"], ["-2.50080", "1.57550", "0.81020"], ["-2.26810", "1.40450", "-0.93810"]], "bond_dist": [[0.0, 1.5234395655883433, 2.577260795883878, 3.025958833163465, 3.145977903609623, 3.673475772344225, 4.567104172229927, 1.0950273101617147, 1.09399532905767, 1.093654154657678, 2.1280937502845125, 2.1483397985421204, 3.488822446041071, 2.7673866896406074, 2.8636475254472225, 4.49631491001242, 3.1600615468689845, 4.303426783390186, 4.757465684584599, 5.219378554962267, 5.153868444188308], [1.5234395655883433, 0.0, 1.5365800662510236, 2.409242605052468, 2.61092890366628, 3.089483403418766, 3.9423488366708495, 2.1570107324721404, 2.1774732719369942, 2.1779566065466045, 1.0974333237149307, 1.0954746459868434, 2.1390644800940435, 2.6746060233238094, 2.895888250606366, 4.119075117062081, 2.811065764083082, 3.3706178231890958, 4.25083717519267, 4.773818212919298, 4.23523784574137], [2.577260795883878, 1.5365800662510236, 0.0, 1.429665174087975, 1.5459258908498816, 2.5555268693559063, 2.5335429520732426, 3.510664501202016, 2.845215779163331, 2.8805347420227374, 2.1520708631455427, 2.1717047082879386, 1.0969567493752888, 1.9622774880225273, 2.169894785467719, 3.507161487585081, 2.857644346310436, 2.791559680537029, 2.7940988869401164, 3.492360801807282, 2.793428432947585], [3.025958833163465, 2.409242605052468, 1.429665174087975, 0.0, 2.4348339265748704, 3.7997529669703534, 2.9050937575231544, 3.9791794468206634, 2.7439332717834084, 3.4962461626721884, 2.593673786350165, 3.3541215556386743, 2.0283169476193805, 0.9720073713712257, 2.67374522533468, 4.602922051262654, 4.152487863919653, 4.11504847845077, 2.5882954777227427, 3.906073637298713, 3.2787508627524597], [3.145977903609623, 2.61092890366628, 1.5459258908498816, 2.4348339265748704, 0.0, 1.5296437297619339, 1.5346719812389877, 4.156832277107172, 3.477680475546884, 2.8726854857432618, 3.5285123295802725, 2.916562630906458, 2.164451674212201, 2.541245033443253, 1.0971655937004223, 2.174725265407104, 2.1820338104621566, 2.1795744011159606, 2.185051278574487, 2.1786042389566767, 2.1839627583821115], [3.673475772344225, 3.089483403418766, 2.5555268693559063, 3.7997529669703534, 1.5296437297619339, 0.0, 2.500690730578254, 4.459301292803616, 4.354325896163493, 3.193680200020033, 4.0939161422774655, 2.8207445967332814, 2.8285158528811536, 3.973092223948495, 2.147680343999079, 1.0953895197599801, 1.0939931672547136, 1.095272829024805, 3.465651945882621, 2.718128630142437, 2.788773470542202], [4.567104172229927, 3.9423488366708495, 2.5335429520732426, 2.9050937575231544, 1.5346719812389877, 2.500690730578254, 0.0, 5.616554165144319, 4.695502071131478, 4.329063761369194, 4.685493836299435, 4.292757623020428, 2.737391104683436, 3.1027317592727868, 2.1244765449399527, 2.69444901417711, 3.4646469113027956, 2.8120202346355905, 1.0948036444952125, 1.0953700288030526, 1.09531242118402], [1.0950273101617147, 2.1570107324721404, 3.510664501202016, 3.9791794468206634, 4.156832277107172, 4.459301292803616, 5.616554165144319, 0.0, 1.766978785950754, 1.7654880458388837, 2.436012528703414, 2.4678762246109507, 4.286882031267014, 3.7672445978460174, 3.904506788315267, 5.285751978668692, 3.754699350147759, 5.010971731111641, 5.842681113153446, 6.256040624068869, 6.1461089812986565], [1.09399532905767, 2.1774732719369942, 2.845215779163331, 2.7439332717834084, 3.477680475546884, 4.354325896163493, 4.695502071131478, 1.766978785950754, 0.0, 1.7755540740850446, 2.49384611193233, 3.0706028349495154, 3.8293591004239858, 2.243274528451656, 3.031248945566827, 5.115214248689883, 4.023296591105359, 5.02912321781839, 4.63198441275443, 5.379869498417225, 5.369491590458076], [1.093654154657678, 2.1779566065466045, 2.8805347420227374, 3.4962461626721884, 2.8726854857432618, 3.193680200020033, 4.329063761369194, 1.7654880458388837, 1.7755540740850446, 0.0, 3.0563201730185274, 2.51125592881331, 3.8488574759271095, 3.1129345865276385, 2.3659120313316806, 3.823765272607616, 2.5942022916495926, 4.021750281904634, 4.639218040790927, 4.773593980430259, 5.038240046881451], [2.1280937502845125, 1.0974333237149307, 2.1520708631455427, 2.593673786350165, 3.5285123295802725, 4.0939161422774655, 4.685493836299435, 2.436012528703414, 2.49384611193233, 3.0563201730185274, 0.0, 1.7587751249093786, 2.4490909558446377, 3.0022751606073683, 3.8541691426298352, 5.151854996018424, 3.854392119387959, 4.2115919139916675, 4.850408620930818, 5.619861365727806, 4.852635449938518], [2.1483397985421204, 1.0954746459868434, 2.1717047082879386, 3.3541215556386743, 2.916562630906458, 2.8207445967332814, 4.292757623020428, 2.4678762246109507, 3.0706028349495154, 2.51125592881331, 1.7587751249093786, 0.0, 2.4435477670796617, 3.680307500739578, 3.348724536297364, 3.867704130359508, 2.3334107160977897, 2.920564981300707, 4.830399872681349, 5.0218120643847275, 4.452274702890647], [3.488822446041071, 2.1390644800940435, 1.0969567493752888, 2.0283169476193805, 2.164451674212201, 2.8285158528811536, 2.737391104683436, 4.286882031267014, 3.8293591004239858, 3.8488574759271095, 2.4490909558446377, 2.4435477670796617, 0.0, 2.8333699811355384, 3.0659448478405475, 3.8010670620235048, 3.2736115682835676, 2.6247041699970683, 3.0955683549228885, 3.748984025039317, 2.5446634865930697], [2.7673866896406074, 2.6746060233238094, 1.9622774880225273, 0.9720073713712257, 2.541245033443253, 3.973092223948495, 3.1027317592727868, 3.7672445978460174, 2.243274528451656, 3.1129345865276385, 3.0022751606073683, 3.680307500739578, 2.8333699811355384, 0.0, 2.357391435464208, 4.658253073846461, 4.232724865851784, 4.516496329014339, 2.6804030238007117, 3.9408284953801274, 3.7469466089070447], [2.8636475254472225, 2.895888250606366, 2.169894785467719, 2.67374522533468, 1.0971655937004223, 2.147680343999079, 2.1244765449399527, 3.904506788315267, 3.031248945566827, 2.3659120313316806, 3.8541691426298352, 3.348724536297364, 3.0659448478405475, 2.357391435464208, 0.0, 2.509196783833424, 2.478733339833069, 3.0694944648915725, 2.4600242051654693, 2.4704770247869137, 3.0533258735352833], [4.49631491001242, 4.119075117062081, 3.507161487585081, 4.602922051262654, 2.174725265407104, 1.0953895197599801, 2.69444901417711, 5.285751978668692, 5.115214248689883, 3.823765272607616, 5.151854996018424, 3.867704130359508, 3.8010670620235048, 4.658253073846461, 2.509196783833424, 0.0, 1.7609679866482522, 1.7714620882197847, 3.6995076604867303, 2.4494801509708135, 3.069130982867952], [3.1600615468689845, 2.811065764083082, 2.857644346310436, 4.152487863919653, 2.1820338104621566, 1.0939931672547136, 3.4646469113027956, 3.754699350147759, 4.023296591105359, 2.5942022916495926, 3.854392119387959, 2.3334107160977897, 3.2736115682835676, 4.232724865851784, 2.478733339833069, 1.7609679866482522, 0.0, 1.7734571491863003, 4.322994603281387, 3.701197676428537, 3.820876666420941], [4.303426783390186, 3.3706178231890958, 2.791559680537029, 4.11504847845077, 2.1795744011159606, 1.095272829024805, 2.8120202346355905, 5.010971731111641, 5.02912321781839, 4.021750281904634, 4.2115919139916675, 2.920564981300707, 2.6247041699970683, 4.516496329014339, 3.0694944648915725, 1.7714620882197847, 1.7734571491863003, 0.0, 3.8277219831121485, 3.1413434864719902, 2.6567058286532217], [4.757465684584599, 4.25083717519267, 2.7940988869401164, 2.5882954777227427, 2.185051278574487, 3.465651945882621, 1.0948036444952125, 5.842681113153446, 4.63198441275443, 4.639218040790927, 4.850408620930818, 4.830399872681349, 3.0955683549228885, 2.6804030238007117, 2.4600242051654693, 3.6995076604867303, 4.322994603281387, 3.8277219831121485, 0.0, 1.76475581880327, 1.773077229000474], [5.219378554962267, 4.773818212919298, 3.492360801807282, 3.906073637298713, 2.1786042389566767, 2.718128630142437, 1.0953700288030526, 6.256040624068869, 5.379869498417225, 4.773593980430259, 5.619861365727806, 5.0218120643847275, 3.748984025039317, 3.9408284953801274, 2.4704770247869137, 2.4494801509708135, 3.701197676428537, 3.1413434864719902, 1.76475581880327, 0.0, 1.7719884819038751], [5.153868444188308, 4.23523784574137, 2.793428432947585, 3.2787508627524597, 2.1839627583821115, 2.788773470542202, 1.09531242118402, 6.1461089812986565, 5.369491590458076, 5.038240046881451, 4.852635449938518, 4.452274702890647, 2.5446634865930697, 3.7469466089070447, 3.0533258735352833, 3.069130982867952, 3.820876666420941, 2.6567058286532217, 1.773077229000474, 1.7719884819038751, 0.0]]}