{"total energy": -75.03160925, "HOMO-LUMO gap/eV": 1.00371573, "electronic energy": -75.68296202, "dipole": [-0.71799027, 0.06206599, -0.23569765], "partial charges": [-0.10666131, -0.05644996, 0.00674701, -0.16736817, 0.00339173, -0.05726261, -0.1044697, 0.10455711, 0.01545556, -0.01473197, -0.00589808, -0.01541073, 0.01149442, 0.54462738, -0.35269912, -0.35511748, 0.48210844, -0.1940781, -0.19381501, -0.19338283, 0.55472926, -0.34685306, -0.3462817, 0.04008533, 0.04623857, 0.04502716, 0.03953071, 0.04447084, 0.04587124, 0.03451705, 0.05991228, 0.02487051, 0.02889753, 0.0528995, 0.04215088, 0.04471036, 0.03901295, 0.1005943, 0.09857974], "atomic dipole moments": [[0.00039251, -0.00954155, -0.11946756], [0.11734283, 0.02285135, 0.04047014], [0.00170492, 0.14010118, 0.05908625], [0.07942333, -0.03802395, -0.23093961], [0.11004924, -0.04958573, 0.09218979], [-0.08028547, -0.03343072, -0.0940426], [0.05568073, -0.08780994, 0.05363709], [-0.07585446, -0.00049115, -0.01465016], [-0.1001972, 0.00033973, 0.12677315], [-0.02043879, 0.00218832, -0.0461034], [0.15406679, -0.00191756, 0.01683262], [-0.02917453, -0.00114565, 0.04164305], [-0.06500065, -0.00065144, -0.1526696], [-0.018367, -0.00605756, -0.0610314], [0.00157593, -0.2176264, 0.12237544], [0.06846238, 0.22546679, 0.07765812], [0.18202133, -0.00999507, 0.01799868], [-0.12413437, -0.1224982, 0.2073861], [-0.08314893, -0.12251433, -0.22654734], [-0.09034745, 0.25467439, -0.00852823], [-0.03536697, 0.00102436, 0.0434297], [0.03746471, 0.22180937, -0.10431285], [0.06760882, -0.22509692, -0.07567716], [-0.11662635, -0.02238662, 0.0415543], [0.07558975, -0.08734767, 0.0564908], [0.03058128, 0.11741466, 0.04150649], [-0.08564633, 0.07628776, -0.04705191], [-0.04630216, -0.11145724, -0.0286523], [0.06929042, -0.10370553, 0.04227338], [-0.01136038, -0.02028232, -0.12024381], [-0.12436645, 0.00434078, 0.01356849], [0.00729945, -0.00746503, -0.12307215], [0.12199391, 0.02126861, -0.01785283], [-0.0185132, 0.01357646, 0.1245451], [0.01973514, -0.00060874, -0.12591832], [0.04172678, 0.11209466, 0.04452581], [-0.12464112, -0.00451659, 0.02075908], [0.06902951, 0.00107987, 0.14824387], [0.09756713, -0.00517687, -0.13122697]], "atomic quadrupole moments": [[-0.11126467, 0.00491441, -0.14115556, -0.00557405, 0.03028859, 0.25242022], [0.06821693, 0.03945766, -0.20521796, -0.12407285, 0.01544875, 0.13700103], [0.07795388, 0.18283351, 0.11717169, -0.0637734, 0.07382397, -0.19512557], [0.06421667, 0.01693103, 0.04953565, 0.06863032, -0.01671146, -0.11375232], [-0.11865837, -0.05104974, 0.24437126, 0.14064669, -0.08137818, -0.1257129], [-0.09218153, -0.01596437, 0.21714257, 0.1328116, -0.00689473, -0.12496105], [-0.0358084, -0.13374457, 0.09040126, 0.08820277, -0.12641869, -0.05459286], [-0.16386369, 0.02996567, 0.50575418, 0.02867204, -0.02960367, -0.34189049], [-0.29940866, -0.00097173, 0.37155267, -0.26092111, -0.00616304, -0.07214401], [-0.27463123, 0.00531689, 0.57094074, -0.04150009, -0.01143449, -0.29630951], [-0.02459751, -0.00115996, 0.37309591, 0.02692985, -0.01768134, -0.3484984], [-0.29286187, 0.02123195, 0.56826498, 0.03894177, -0.02964719, -0.27540311], [-0.39696511, 0.02656056, 0.3702386, 0.20265894, -0.02508554, 0.02672651], [0.23316148, -0.054993, -0.08223903, -0.13598004, 0.01094231, -0.15092245], [0.11345008, -0.06161427, 0.00645331, -0.1107155, -0.10439999, -0.1199034], [0.13122488, 0.00901859, 0.02922328, -0.08388216, 0.10212592, -0.16044816], [-0.30588053, 0.01323734, 0.12733862, -0.04745488, 0.00247207, 0.17854191], [-0.03419214, 0.02288809, -0.0097907, -0.03870492, -0.04588519, 0.04398284], [-0.04568298, 0.01366563, -0.00968758, 0.02121953, 0.04916175, 0.05537056], [-0.04452413, -0.03266855, 0.08121946, -0.00071712, -0.00323999, -0.03669533], [0.16972171, 0.02764127, -0.09753372, 0.20713507, 0.01388325, -0.07218799], [0.07077916, 0.07153613, 0.00966292, 0.14487464, -0.0881609, -0.08044208], [0.08664954, -0.04399413, 0.01649058, 0.14065122, 0.09388097, -0.10314013], [0.06928073, 0.02529981, -0.04913854, -0.02827213, -0.00142472, -0.02014219], [0.00322267, -0.05904748, 0.01225218, 0.02581375, -0.02026463, -0.01547485], [-0.03865221, 0.03737728, 0.0624709, 0.01054923, 0.01867591, -0.02381869], [-0.01418081, -0.04402226, 0.01573306, 0.00392066, -0.02895133, -0.00155225], [-0.03198034, 0.02349007, 0.04757692, -0.00732297, 0.02145875, -0.01559658], [0.02636263, -0.01659893, -0.00403456, 0.02887358, -0.03080629, -0.02232807], [-0.01800701, 0.02074662, -0.02812121, -0.00360473, -0.00480274, 0.04612822], [0.04130017, 0.01232095, -0.01177197, -0.02697501, -0.00492331, -0.02952819], [-0.02372884, -0.01031028, -0.01612288, -0.03905793, 0.00427918, 0.03985172], [0.05240513, -0.00335136, -0.02149815, -0.02363847, -0.00328962, -0.03090698], [-0.02747678, -0.00052314, -0.02096973, -0.02268641, -0.00330157, 0.0484465], [-0.03516012, -0.01497528, -0.03743423, -0.02257293, 0.00901853, 0.07259435], [-0.02461291, 0.03257449, 0.04826886, 0.02889966, 0.03540774, -0.02365596], [0.0735952, 0.01280476, -0.037158, -0.02356653, -0.01582772, -0.03643721], [0.02856975, 0.00011966, -0.0513953, -0.01179264, 0.00151315, 0.02282555], [0.02324467, -0.00012932, -0.05181389, 0.01334936, 0.00368782, 0.02856921]], "number of molecular orbitals": 108, "number of electrons": 128, "number of unpaired electrons": 0, "orbital energies/eV": [-24.53072871, -24.19712132, -24.18133585, -21.94520482, -21.75767922, -21.39308013, -21.20960297, -20.56657351, -20.3413965, -20.11687427, -19.46429596, -19.26461399, -18.95727478, -18.40630936, -18.34570869, -18.30782483, -17.89371544, -17.83289994, -17.80719067, -17.67092981, -17.56804705, -17.49421904, -17.38740317, -16.99632021, -16.95045242, -16.87012598, -16.79659667, -16.75472651, -16.5077768, -16.02165279, -15.95080078, -15.79740958, -15.64475232, -15.56047425, -15.47040582, -15.35775115, -15.1704206, -15.16813152, -15.14575554, -15.13838624, -14.87538445, -14.74300779, -14.52171977, -14.43390863, -14.31294579, -13.96460922, -13.84773148, -13.78176673, -13.68364472, -13.65440296, -13.52863543, -13.44182116, -13.29791613, -13.21026139, -13.09750003, -13.07723068, -12.86981223, -12.78864787, -12.68237763, -12.47106129, -12.308474, -12.19369651, -12.08275828, -10.74391874, -9.74020301, -9.57742669, -8.84445841, -8.81883468, -5.66279232, -2.61095984, -1.81255195, -1.46968584, -0.44042555, -0.23401445, 0.40067398, 0.87412266, 1.64049579, 1.74938512, 1.9680402, 2.17989856, 2.27336705, 2.47764041, 3.13827101, 3.17593519, 3.48699941, 3.58956652, 3.63453487, 3.73759953, 4.02571082, 4.05357979, 4.31426711, 4.66963442, 5.02062034, 5.39737562, 5.75547605, 6.29590631, 6.51320098, 6.77643462, 6.88548134, 7.24759581, 7.49254279, 8.24423342, 8.49769639, 8.7508859, 9.23694657, 9.34750344, 13.32997224, 13.81291614], "fractional occupation": [2.0, 2.0, 2.0, 2.0, 2.0, 2.0, 2.0, 2.0, 2.0, 2.0, 2.0, 2.0, 2.0, 2.0, 2.0, 2.0, 2.0, 2.0, 2.0, 2.0, 2.0, 2.0, 2.0, 2.0, 2.0, 2.0, 2.0, 2.0, 2.0, 2.0, 2.0, 2.0, 2.0, 2.0, 2.0, 2.0, 2.0, 2.0, 2.0, 2.0, 2.0, 2.0, 2.0, 2.0, 2.0, 2.0, 2.0, 2.0, 2.0, 2.0, 2.0, 2.0, 2.0, 2.0, 2.0, 2.0, 2.0, 2.0, 2.0, 2.0, 2.0, 2.0, 2.0, 1.99999999, 1e-08, 0.0, 0.0, 0.0, 0.0, 0.0, 0.0, 0.0, 0.0, 0.0, 0.0, 0.0, 0.0, 0.0, 0.0, 0.0, 0.0, 0.0, 0.0, 0.0, 0.0, 0.0, 0.0, 0.0, 0.0, 0.0, 0.0, 0.0, 0.0, 0.0, 0.0, 0.0, 0.0, 0.0, 0.0, 0.0, 0.0, 0.0, 0.0, 0.0, 0.0, 0.0, 0.0, 0.0], "program call": "xtb /home/svss/Project-DBcg-Debug/aqme2_20220329/End-to-End-workflows-final/example-3/QDESCP/mol_983_rdkit_conf_9/mol_983_rdkit_conf_9.xyz --pop --wbo --acc 0.2 --gfn 2 --chrg 0 --uhf 0 --etemp 300 --input /home/svss/Project-DBcg-Debug/aqme2_20220329/End-to-End-workflows-final/example-3/QDESCP/mol_983_rdkit_conf_9/mol_983_rdkit_conf_9_xtb.inp", "method": "GFN2-xTB", "xtb version": "6.3.3 (7355c4f)", "Dipole module/D": 1.927, "Total charge": 0, "Transition dipole module/D": NaN, "HOMO": -10.7439, "LUMO": -9.7402, "HOMO occupancy": 2.0, "LUMO occupancy": 0, "mulliken charges": [-0.08472, -0.04572, 0.08896, -0.34502, 0.08409, -0.04889, -0.08301, 0.1764, 0.04277, -0.00046, -0.01266, -0.00019, 0.0347, 0.69025, -0.44605, -0.44561, 0.63886, -0.23665, -0.23632, -0.23555, 0.69483, -0.44461, -0.4412, 0.03273, 0.03734, 0.03688, 0.02932, 0.03334, 0.03128, 0.03658, 0.03893, 0.03177, 0.02006, 0.04117, 0.03521, 0.03808, 0.03124, 0.09117, 0.09067], "cm5 charges": [-0.23317, -0.15364, 0.03855, -0.58908, 0.0332, -0.15556, -0.23326, 0.24496, 0.10611, -0.04156, -0.01471, -0.04108, 0.09716, 0.52081, -0.40855, -0.40798, 0.69091, -0.25766, -0.25738, -0.2556, 0.52931, -0.40646, -0.40202, 0.08367, 0.09151, 0.09326, 0.0861, 0.08793, 0.09751, 0.10546, 0.10504, 0.10276, 0.07891, 0.10038, 0.08673, 0.08889, 0.0826, 0.15316, 0.15279], "FUKUI+": [0.006, 0.006, 0.006, -0.001, 0.01, 0.002, 0.008, -0.024, -0.002, -0.023, -0.033, -0.018, -0.004, -0.095, -0.125, -0.124, -0.002, -0.021, -0.021, -0.023, -0.088, -0.118, -0.117, -0.023, 0.001, 0.008, -0.015, -0.022, -0.005, -0.006, -0.027, -0.0, 0.007, -0.002, -0.007, -0.017, -0.015, -0.041, -0.039], "FUKUI-": [0.01, 0.005, 0.024, -0.136, 0.027, 0.007, 0.017, 0.024, -0.008, -0.009, -0.023, -0.01, -0.009, 0.006, -0.028, -0.024, -0.001, -0.015, -0.015, -0.017, 0.007, -0.029, -0.022, -0.054, -0.049, -0.023, -0.038, -0.049, -0.047, -0.079, -0.056, -0.095, -0.046, -0.056, -0.044, -0.042, -0.035, -0.033, -0.036], "FUKUIrad": [0.008, 0.006, 0.015, -0.068, 0.018, 0.005, 0.013, 0.0, -0.005, -0.016, -0.028, -0.014, -0.006, -0.045, -0.076, -0.074, -0.001, -0.018, -0.018, -0.02, -0.04, -0.074, -0.07, -0.039, -0.024, -0.007, -0.027, -0.035, -0.026, -0.043, -0.042, -0.048, -0.019, -0.029, -0.026, -0.029, -0.025, -0.037, -0.037], "s proportion": [1.007, 1.03, 1.017, 1.465, 1.016, 1.03, 1.008, 1.055, 1.073, 1.07, 1.075, 1.071, 1.074, 1.325, 1.746, 1.746, 1.023, 1.823, 1.822, 1.823, 1.324, 1.747, 1.746, 0.967, 0.963, 0.963, 0.971, 0.967, 0.969, 0.963, 0.961, 0.968, 0.98, 0.959, 0.965, 0.962, 0.969, 0.909, 0.909], "p proportion": [3.077, 3.016, 2.894, 3.88, 2.9, 3.019, 3.075, 2.769, 2.884, 2.93, 2.938, 2.929, 2.892, 2.985, 4.7, 4.7, 2.338, 5.414, 5.414, 5.412, 2.981, 4.698, 4.695, 0.0, 0.0, 0.0, 0.0, 0.0, 0.0, 0.0, 0.0, 0.0, 0.0, 0.0, 0.0, 0.0, 0.0, 0.0, 0.0], "d proportion": [0.0, 0.0, 0.0, 0.0, 0.0, 0.0, 0.0, 0.0, 0.0, 0.0, 0.0, 0.0, 0.0, 0.0, 0.0, 0.0, 0.0, 0.0, 0.0, 0.0, 0.0, 0.0, 0.0, 0.0, 0.0, 0.0, 0.0, 0.0, 0.0, 0.0, 0.0, 0.0, 0.0, 0.0, 0.0, 0.0, 0.0, 0.0, 0.0], "Fermi-level/eV": -10.2421, "Coordination numbers": [3.749, 3.798, 3.747, 2.725, 3.74, 3.799, 3.75, 2.903, 2.916, 2.912, 2.959, 2.913, 2.912, 2.759, 0.927, 0.927, 3.331, 0.788, 0.788, 0.788, 2.759, 0.927, 0.927, 0.924, 0.924, 0.924, 0.924, 0.924, 0.923, 0.924, 0.924, 0.924, 0.924, 0.924, 0.924, 0.924, 0.924, 0.924, 0.924], "Dispersion coefficient C6": [22.604, 21.591, 20.53, 24.618, 20.599, 21.606, 22.56, 25.687, 27.667, 28.38, 28.167, 28.396, 27.759, 13.538, 20.726, 20.773, 17.408, 11.174, 11.172, 11.167, 13.429, 20.616, 20.605, 2.448, 2.368, 2.383, 2.455, 2.39, 2.372, 2.523, 2.2, 2.661, 2.602, 2.284, 2.421, 2.387, 2.462, 1.78, 1.798], "Total dispersion C6": 16403.04731, "Total dispersion C8": 367066.729096, "Polarizability alpha": [6.781, 6.616, 6.463, 7.369, 6.476, 6.618, 6.774, 8.31, 8.625, 8.736, 8.705, 8.738, 8.64, 5.465, 6.106, 6.112, 6.619, 3.949, 3.948, 3.947, 5.443, 6.089, 6.088, 2.447, 2.406, 2.414, 2.45, 2.418, 2.409, 2.484, 2.32, 2.551, 2.523, 2.364, 2.433, 2.416, 2.454, 2.086, 2.097], "Total polarizability alpha": 190.886812, "Wiberg matrix": [[0.0, 1.0212711235474126, 0.0, 0.0, 0.0, 0.0, 0.0, 0.0, 0.0, 0.0, 0.0, 0.0, 0.0, 0.0, 0.0, 0.0, 0.0, 0.0, 0.0, 0.0, 0.0, 0.0, 0.0, 0.9862337897899636, 0.9854617636822222, 0.9864415124325765, 0.0, 0.0, 0.0, 0.0, 0.0, 0.0, 0.0, 0.0, 0.0, 0.0, 0.0, 0.0, 0.0], [1.0212711235474126, 0.0, 1.0021062743879026, 0.0, 0.0, 0.0, 0.0, 0.0, 0.0, 0.0, 0.0, 0.0, 0.0, 0.0, 0.0, 0.0, 0.0, 0.0, 0.0, 0.0, 0.0, 0.0, 0.0, 0.0, 0.0, 0.0, 0.9730941497095127, 0.9714230805891496, 0.0, 0.0, 0.0, 0.0, 0.0, 0.0, 0.0, 0.0, 0.0, 0.0, 0.0], [0.0, 1.0021062743879026, 0.0, 0.9496469156943251, 0.0, 0.0, 0.0, 0.0, 0.0, 0.0, 0.0, 0.0, 0.0, 0.0, 0.0, 0.0, 0.0, 0.0, 0.0, 0.0, 0.0, 0.0, 0.0, 0.0, 0.0, 0.0, 0.0, 0.0, 0.9730536420833291, 0.9680907646261863, 0.0, 0.0, 0.0, 0.0, 0.0, 0.0, 0.0, 0.0, 0.0], [0.0, 0.0, 0.9496469156943251, 0.0, 0.9650995875266503, 0.0, 0.0, 1.066027780074476, 0.0, 0.0, 0.0, 0.0, 0.0, 0.0, 0.0, 0.0, 0.0, 0.0, 0.0, 0.0, 0.0, 0.0, 0.0, 0.0, 0.0, 0.0, 0.0, 0.0, 0.0, 0.0, 0.0, 0.0, 0.0, 0.0, 0.0, 0.0, 0.0, 0.0, 0.0], [0.0, 0.0, 0.0, 0.9650995875266503, 0.0, 1.0056443674486135, 0.0, 0.0, 0.0, 0.0, 0.0, 0.0, 0.0, 0.0, 0.0, 0.0, 0.0, 0.0, 0.0, 0.0, 0.0, 0.0, 0.0, 0.0, 0.0, 0.0, 0.0, 0.0, 0.0, 0.0, 0.9652345456774994, 0.9670929445757237, 0.0, 0.0, 0.0, 0.0, 0.0, 0.0, 0.0], [0.0, 0.0, 0.0, 0.0, 1.0056443674486135, 0.0, 1.0183280791397036, 0.0, 0.0, 0.0, 0.0, 0.0, 0.0, 0.0, 0.0, 0.0, 0.0, 0.0, 0.0, 0.0, 0.0, 0.0, 0.0, 0.0, 0.0, 0.0, 0.0, 0.0, 0.0, 0.0, 0.0, 0.0, 0.9766198870869879, 0.9750708358393484, 0.0, 0.0, 0.0, 0.0, 0.0], [0.0, 0.0, 0.0, 0.0, 0.0, 1.0183280791397036, 0.0, 0.0, 0.0, 0.0, 0.0, 0.0, 0.0, 0.0, 0.0, 0.0, 0.0, 0.0, 0.0, 0.0, 0.0, 0.0, 0.0, 0.0, 0.0, 0.0, 0.0, 0.0, 0.0, 0.0, 0.0, 0.0, 0.0, 0.0, 0.9869286508683828, 0.9857388704612682, 0.9869159956807972, 0.0, 0.0], [0.0, 0.0, 0.0, 1.066027780074476, 0.0, 0.0, 0.0, 0.0, 1.3402372536354603, 0.0, 0.0, 0.0, 1.339363638301438, 0.0, 0.0, 0.0, 0.0, 0.0, 0.0, 0.0, 0.0, 0.0, 0.0, 0.0, 0.0, 0.0, 0.0, 0.0, 0.0, 0.0, 0.0, 0.0, 0.0, 0.0, 0.0, 0.0, 0.0, 0.0, 0.0], [0.0, 0.0, 0.0, 0.0, 0.0, 0.0, 0.0, 1.3402372536354603, 0.0, 1.411975776716544, 0.0, 0.10427096738271154, 0.0, 0.0, 0.0, 0.0, 0.0, 0.0, 0.0, 0.0, 0.9328265228473206, 0.0, 0.0, 0.0, 0.0, 0.0, 0.0, 0.0, 0.0, 0.0, 0.0, 0.0, 0.0, 0.0, 0.0, 0.0, 0.0, 0.0, 0.0], [0.0, 0.0, 0.0, 0.0, 0.0, 0.0, 0.0, 0.0, 1.411975776716544, 0.0, 1.407871855292121, 0.0, 0.10206528113135051, 0.0, 0.0, 0.0, 0.0, 0.0, 0.0, 0.0, 0.0, 0.0, 0.0, 0.0, 0.0, 0.0, 0.0, 0.0, 0.0, 0.0, 0.0, 0.0, 0.0, 0.0, 0.0, 0.0, 0.0, 0.9591556924590239, 0.0], [0.0, 0.0, 0.0, 0.0, 0.0, 0.0, 0.0, 0.0, 0.0, 1.407871855292121, 0.0, 1.4114403988767155, 0.0, 0.0, 0.0, 0.0, 0.9531861645515178, 0.0, 0.0, 0.0, 0.0, 0.0, 0.0, 0.0, 0.0, 0.0, 0.0, 0.0, 0.0, 0.0, 0.0, 0.0, 0.0, 0.0, 0.0, 0.0, 0.0, 0.0, 0.0], [0.0, 0.0, 0.0, 0.0, 0.0, 0.0, 0.0, 0.0, 0.10427096738271154, 0.0, 1.4114403988767155, 0.0, 1.4027627544570358, 0.0, 0.0, 0.0, 0.0, 0.0, 0.0, 0.0, 0.0, 0.0, 0.0, 0.0, 0.0, 0.0, 0.0, 0.0, 0.0, 0.0, 0.0, 0.0, 0.0, 0.0, 0.0, 0.0, 0.0, 0.0, 0.9599520750283635], [0.0, 0.0, 0.0, 0.0, 0.0, 0.0, 0.0, 1.339363638301438, 0.0, 0.10206528113135051, 0.0, 1.4027627544570358, 0.0, 0.9363685822549888, 0.0, 0.0, 0.0, 0.0, 0.0, 0.0, 0.0, 0.0, 0.0, 0.0, 0.0, 0.0, 0.0, 0.0, 0.0, 0.0, 0.0, 0.0, 0.0, 0.0, 0.0, 0.0, 0.0, 0.0, 0.0], [0.0, 0.0, 0.0, 0.0, 0.0, 0.0, 0.0, 0.0, 0.0, 0.0, 0.0, 0.0, 0.9363685822549888, 0.0, 1.4647797750687015, 1.4639106949702414, 0.0, 0.0, 0.0, 0.0, 0.0, 0.0, 0.0, 0.0, 0.0, 0.0, 0.0, 0.0, 0.0, 0.0, 0.0, 0.0, 0.0, 0.0, 0.0, 0.0, 0.0, 0.0, 0.0], [0.0, 0.0, 0.0, 0.0, 0.0, 0.0, 0.0, 0.0, 0.0, 0.0, 0.0, 0.0, 0.0, 1.4647797750687015, 0.0, 0.3974003788780184, 0.0, 0.0, 0.0, 0.0, 0.0, 0.0, 0.0, 0.0, 0.0, 0.0, 0.0, 0.0, 0.0, 0.0, 0.0, 0.0, 0.0, 0.0, 0.0, 0.0, 0.0, 0.0, 0.0], [0.0, 0.0, 0.0, 0.0, 0.0, 0.0, 0.0, 0.0, 0.0, 0.0, 0.0, 0.0, 0.0, 1.4639106949702414, 0.3974003788780184, 0.0, 0.0, 0.0, 0.0, 0.0, 0.0, 0.0, 0.0, 0.0, 0.0, 0.0, 0.0, 0.0, 0.0, 0.0, 0.0, 0.0, 0.0, 0.0, 0.0, 0.0, 0.0, 0.0, 0.0], [0.0, 0.0, 0.0, 0.0, 0.0, 0.0, 0.0, 0.0, 0.0, 0.0, 0.9531861645515178, 0.0, 0.0, 0.0, 0.0, 0.0, 0.0, 0.9530666282704527, 0.9536643157438266, 0.948651015552103, 0.0, 0.0, 0.0, 0.0, 0.0, 0.0, 0.0, 0.0, 0.0, 0.0, 0.0, 0.0, 0.0, 0.0, 0.0, 0.0, 0.0, 0.0, 0.0], [0.0, 0.0, 0.0, 0.0, 0.0, 0.0, 0.0, 0.0, 0.0, 0.0, 0.0, 0.0, 0.0, 0.0, 0.0, 0.0, 0.9530666282704527, 0.0, 0.0, 0.0, 0.0, 0.0, 0.0, 0.0, 0.0, 0.0, 0.0, 0.0, 0.0, 0.0, 0.0, 0.0, 0.0, 0.0, 0.0, 0.0, 0.0, 0.0, 0.0], [0.0, 0.0, 0.0, 0.0, 0.0, 0.0, 0.0, 0.0, 0.0, 0.0, 0.0, 0.0, 0.0, 0.0, 0.0, 0.0, 0.9536643157438266, 0.0, 0.0, 0.0, 0.0, 0.0, 0.0, 0.0, 0.0, 0.0, 0.0, 0.0, 0.0, 0.0, 0.0, 0.0, 0.0, 0.0, 0.0, 0.0, 0.0, 0.0, 0.0], [0.0, 0.0, 0.0, 0.0, 0.0, 0.0, 0.0, 0.0, 0.0, 0.0, 0.0, 0.0, 0.0, 0.0, 0.0, 0.0, 0.948651015552103, 0.0, 0.0, 0.0, 0.0, 0.0, 0.0, 0.0, 0.0, 0.0, 0.0, 0.0, 0.0, 0.0, 0.0, 0.0, 0.0, 0.0, 0.0, 0.0, 0.0, 0.0, 0.0], [0.0, 0.0, 0.0, 0.0, 0.0, 0.0, 0.0, 0.0, 0.9328265228473206, 0.0, 0.0, 0.0, 0.0, 0.0, 0.0, 0.0, 0.0, 0.0, 0.0, 0.0, 0.0, 1.4720148883368716, 1.4735242287745718, 0.0, 0.0, 0.0, 0.0, 0.0, 0.0, 0.0, 0.0, 0.0, 0.0, 0.0, 0.0, 0.0, 0.0, 0.0, 0.0], [0.0, 0.0, 0.0, 0.0, 0.0, 0.0, 0.0, 0.0, 0.0, 0.0, 0.0, 0.0, 0.0, 0.0, 0.0, 0.0, 0.0, 0.0, 0.0, 0.0, 1.4720148883368716, 0.0, 0.404956926104588, 0.0, 0.0, 0.0, 0.0, 0.0, 0.0, 0.0, 0.0, 0.0, 0.0, 0.0, 0.0, 0.0, 0.0, 0.0, 0.0], [0.0, 0.0, 0.0, 0.0, 0.0, 0.0, 0.0, 0.0, 0.0, 0.0, 0.0, 0.0, 0.0, 0.0, 0.0, 0.0, 0.0, 0.0, 0.0, 0.0, 1.4735242287745718, 0.404956926104588, 0.0, 0.0, 0.0, 0.0, 0.0, 0.0, 0.0, 0.0, 0.0, 0.0, 0.0, 0.0, 0.0, 0.0, 0.0, 0.0, 0.0], [0.9862337897899636, 0.0, 0.0, 0.0, 0.0, 0.0, 0.0, 0.0, 0.0, 0.0, 0.0, 0.0, 0.0, 0.0, 0.0, 0.0, 0.0, 0.0, 0.0, 0.0, 0.0, 0.0, 0.0, 0.0, 0.0, 0.0, 0.0, 0.0, 0.0, 0.0, 0.0, 0.0, 0.0, 0.0, 0.0, 0.0, 0.0, 0.0, 0.0], [0.9854617636822222, 0.0, 0.0, 0.0, 0.0, 0.0, 0.0, 0.0, 0.0, 0.0, 0.0, 0.0, 0.0, 0.0, 0.0, 0.0, 0.0, 0.0, 0.0, 0.0, 0.0, 0.0, 0.0, 0.0, 0.0, 0.0, 0.0, 0.0, 0.0, 0.0, 0.0, 0.0, 0.0, 0.0, 0.0, 0.0, 0.0, 0.0, 0.0], [0.9864415124325765, 0.0, 0.0, 0.0, 0.0, 0.0, 0.0, 0.0, 0.0, 0.0, 0.0, 0.0, 0.0, 0.0, 0.0, 0.0, 0.0, 0.0, 0.0, 0.0, 0.0, 0.0, 0.0, 0.0, 0.0, 0.0, 0.0, 0.0, 0.0, 0.0, 0.0, 0.0, 0.0, 0.0, 0.0, 0.0, 0.0, 0.0, 0.0], [0.0, 0.9730941497095127, 0.0, 0.0, 0.0, 0.0, 0.0, 0.0, 0.0, 0.0, 0.0, 0.0, 0.0, 0.0, 0.0, 0.0, 0.0, 0.0, 0.0, 0.0, 0.0, 0.0, 0.0, 0.0, 0.0, 0.0, 0.0, 0.0, 0.0, 0.0, 0.0, 0.0, 0.0, 0.0, 0.0, 0.0, 0.0, 0.0, 0.0], [0.0, 0.9714230805891496, 0.0, 0.0, 0.0, 0.0, 0.0, 0.0, 0.0, 0.0, 0.0, 0.0, 0.0, 0.0, 0.0, 0.0, 0.0, 0.0, 0.0, 0.0, 0.0, 0.0, 0.0, 0.0, 0.0, 0.0, 0.0, 0.0, 0.0, 0.0, 0.0, 0.0, 0.0, 0.0, 0.0, 0.0, 0.0, 0.0, 0.0], [0.0, 0.0, 0.9730536420833291, 0.0, 0.0, 0.0, 0.0, 0.0, 0.0, 0.0, 0.0, 0.0, 0.0, 0.0, 0.0, 0.0, 0.0, 0.0, 0.0, 0.0, 0.0, 0.0, 0.0, 0.0, 0.0, 0.0, 0.0, 0.0, 0.0, 0.0, 0.0, 0.0, 0.0, 0.0, 0.0, 0.0, 0.0, 0.0, 0.0], [0.0, 0.0, 0.9680907646261863, 0.0, 0.0, 0.0, 0.0, 0.0, 0.0, 0.0, 0.0, 0.0, 0.0, 0.0, 0.0, 0.0, 0.0, 0.0, 0.0, 0.0, 0.0, 0.0, 0.0, 0.0, 0.0, 0.0, 0.0, 0.0, 0.0, 0.0, 0.0, 0.0, 0.0, 0.0, 0.0, 0.0, 0.0, 0.0, 0.0], [0.0, 0.0, 0.0, 0.0, 0.9652345456774994, 0.0, 0.0, 0.0, 0.0, 0.0, 0.0, 0.0, 0.0, 0.0, 0.0, 0.0, 0.0, 0.0, 0.0, 0.0, 0.0, 0.0, 0.0, 0.0, 0.0, 0.0, 0.0, 0.0, 0.0, 0.0, 0.0, 0.0, 0.0, 0.0, 0.0, 0.0, 0.0, 0.0, 0.0], [0.0, 0.0, 0.0, 0.0, 0.9670929445757237, 0.0, 0.0, 0.0, 0.0, 0.0, 0.0, 0.0, 0.0, 0.0, 0.0, 0.0, 0.0, 0.0, 0.0, 0.0, 0.0, 0.0, 0.0, 0.0, 0.0, 0.0, 0.0, 0.0, 0.0, 0.0, 0.0, 0.0, 0.0, 0.0, 0.0, 0.0, 0.0, 0.0, 0.0], [0.0, 0.0, 0.0, 0.0, 0.0, 0.9766198870869879, 0.0, 0.0, 0.0, 0.0, 0.0, 0.0, 0.0, 0.0, 0.0, 0.0, 0.0, 0.0, 0.0, 0.0, 0.0, 0.0, 0.0, 0.0, 0.0, 0.0, 0.0, 0.0, 0.0, 0.0, 0.0, 0.0, 0.0, 0.0, 0.0, 0.0, 0.0, 0.0, 0.0], [0.0, 0.0, 0.0, 0.0, 0.0, 0.9750708358393484, 0.0, 0.0, 0.0, 0.0, 0.0, 0.0, 0.0, 0.0, 0.0, 0.0, 0.0, 0.0, 0.0, 0.0, 0.0, 0.0, 0.0, 0.0, 0.0, 0.0, 0.0, 0.0, 0.0, 0.0, 0.0, 0.0, 0.0, 0.0, 0.0, 0.0, 0.0, 0.0, 0.0], [0.0, 0.0, 0.0, 0.0, 0.0, 0.0, 0.9869286508683828, 0.0, 0.0, 0.0, 0.0, 0.0, 0.0, 0.0, 0.0, 0.0, 0.0, 0.0, 0.0, 0.0, 0.0, 0.0, 0.0, 0.0, 0.0, 0.0, 0.0, 0.0, 0.0, 0.0, 0.0, 0.0, 0.0, 0.0, 0.0, 0.0, 0.0, 0.0, 0.0], [0.0, 0.0, 0.0, 0.0, 0.0, 0.0, 0.9857388704612682, 0.0, 0.0, 0.0, 0.0, 0.0, 0.0, 0.0, 0.0, 0.0, 0.0, 0.0, 0.0, 0.0, 0.0, 0.0, 0.0, 0.0, 0.0, 0.0, 0.0, 0.0, 0.0, 0.0, 0.0, 0.0, 0.0, 0.0, 0.0, 0.0, 0.0, 0.0, 0.0], [0.0, 0.0, 0.0, 0.0, 0.0, 0.0, 0.9869159956807972, 0.0, 0.0, 0.0, 0.0, 0.0, 0.0, 0.0, 0.0, 0.0, 0.0, 0.0, 0.0, 0.0, 0.0, 0.0, 0.0, 0.0, 0.0, 0.0, 0.0, 0.0, 0.0, 0.0, 0.0, 0.0, 0.0, 0.0, 0.0, 0.0, 0.0, 0.0, 0.0], [0.0, 0.0, 0.0, 0.0, 0.0, 0.0, 0.0, 0.0, 0.0, 0.9591556924590239, 0.0, 0.0, 0.0, 0.0, 0.0, 0.0, 0.0, 0.0, 0.0, 0.0, 0.0, 0.0, 0.0, 0.0, 0.0, 0.0, 0.0, 0.0, 0.0, 0.0, 0.0, 0.0, 0.0, 0.0, 0.0, 0.0, 0.0, 0.0, 0.0], [0.0, 0.0, 0.0, 0.0, 0.0, 0.0, 0.0, 0.0, 0.0, 0.0, 0.0, 0.9599520750283635, 0.0, 0.0, 0.0, 0.0, 0.0, 0.0, 0.0, 0.0, 0.0, 0.0, 0.0, 0.0, 0.0, 0.0, 0.0, 0.0, 0.0, 0.0, 0.0, 0.0, 0.0, 0.0, 0.0, 0.0, 0.0, 0.0, 0.0]], "Born radii": [], "Atomic SASAs": [], "Solvent H bonds": [], "Total SASA": NaN, "Total FOD": 0.0, "FOD": [0.0, 0.0, 0.0, 0.0, 0.0, 0.0, 0.0, 0.0, 0.0, 0.0, 0.0, 0.0, 0.0, 0.0, 0.0, 0.0, 0.0, 0.0, 0.0, 0.0, 0.0, 0.0, 0.0, 0.0, 0.0, 0.0, 0.0, 0.0, 0.0, 0.0, 0.0, 0.0, 0.0, 0.0, 0.0, 0.0, 0.0, 0.0, 0.0], "FOD s proportion": [0.0, 0.0, 0.0, 0.0, 0.0, 0.0, 0.0, 0.0, 0.0, 0.0, 0.0, 0.0, 0.0, 0.0, 0.0, 0.0, 0.0, 0.0, 0.0, 0.0, 0.0, 0.0, 0.0, 0.0, 0.0, 0.0, 0.0, 0.0, 0.0, 0.0, 0.0, 0.0, 0.0, 0.0, 0.0, 0.0, 0.0, 0.0, 0.0], "FOD p proportion": [0.0, 0.0, 0.0, 0.0, 0.0, 0.0, 0.0, 0.0, 0.0, 0.0, 0.0, 0.0, 0.0, 0.0, 0.0, 0.0, 0.0, 0.0, 0.0, 0.0, 0.0, 0.0, 0.0, 0.0, 0.0, 0.0, 0.0, 0.0, 0.0, 0.0, 0.0, 0.0, 0.0, 0.0, 0.0, 0.0, 0.0, 0.0, 0.0], "FOD d proportion": [0.0, 0.0, 0.0, 0.0, 0.0, 0.0, 0.0, 0.0, 0.0, 0.0, 0.0, 0.0, 0.0, 0.0, 0.0, 0.0, 0.0, 0.0, 0.0, 0.0, 0.0, 0.0, 0.0, 0.0, 0.0, 0.0, 0.0, 0.0, 0.0, 0.0, 0.0, 0.0, 0.0, 0.0, 0.0, 0.0, 0.0, 0.0, 0.0], "coordinates": [["-2.94860", "-1.65160", "1.69460"], ["-2.90520", "-1.76320", "0.17950"], ["-1.50170", "-1.58540", "-0.41000"], ["-0.91540", "-0.25440", "-0.10980"], ["-1.54630", "0.88620", "-0.81900"], ["-1.06280", "2.24410", "-0.30220"], ["-1.79280", "3.38850", "-0.98890"], ["0.49380", "-0.28220", "-0.06190"], ["1.14860", "-0.26880", "1.18860"], ["2.54890", "-0.28580", "1.34740"], ["3.37920", "-0.31180", "0.22300"], ["2.77680", "-0.34330", "-1.04060"], ["1.36940", "-0.32990", "-1.16460"], ["0.87220", "-0.39170", "-2.52090"], ["0.87040", "0.66670", "-3.16300"], ["0.54310", "-1.50460", "-2.94960"], ["4.88320", "-0.35080", "0.36710"], ["5.52560", "0.25910", "-0.66470"], ["5.32180", "0.26010", "1.49990"], ["5.35720", "-1.62350", "0.41150"], ["0.37130", "-0.23760", "2.41050"], ["0.18480", "-1.32390", "2.97580"], ["0.03610", "0.87490", "2.83790"], ["-3.96380", "-1.84420", "2.05620"], ["-2.28250", "-2.38400", "2.16020"], ["-2.66120", "-0.65080", "2.02960"], ["-3.60610", "-1.04310", "-0.25490"], ["-3.27300", "-2.75660", "-0.10540"], ["-0.86190", "-2.38470", "-0.01240"], ["-1.56460", "-1.72980", "-1.49420"], ["-2.62850", "0.84450", "-0.65400"], ["-1.40610", "0.80710", "-1.90110"], ["0.01270", "2.36630", "-0.47120"], ["-1.22890", "2.31160", "0.77890"], ["-1.62310", "3.36820", "-2.07020"], ["-1.43500", "4.34960", "-0.60660"], ["-2.87100", "3.33170", "-0.80820"], ["2.98300", "-0.27600", "2.34840"], ["3.40070", "-0.38090", "-1.93590"]], "bond_dist": [[0.0, 1.5198243747222902, 2.5548470032469655, 3.0564570077133424, 3.8373244702526788, 4.76654281109485, 5.825774961324887, 4.1000812638288044, 4.353759258388089, 5.675250102858905, 6.633379488616643, 6.4786706267566965, 5.3448142652481385, 5.827203523131829, 6.599663146706807, 5.812243244221633, 8.049312276834588, 9.001618555570992, 8.490702040467559, 8.404370818806129, 3.6788102451743825, 3.4010375314012635, 4.0741589598345325, 1.0947512776882247, 1.09402117438375, 1.0938118668217125, 2.145490328572935, 2.1368809887310056, 2.793850658141913, 3.4770701287146917, 3.442223290258783, 4.620992364200573, 5.440910561661531, 4.416200722340414, 6.413194315627743, 6.603098351531651, 5.577034022668322, 6.124018971231228, 7.42353145275212], [1.5198243747222902, 0.0, 1.5326236785329919, 2.5138567918638484, 3.1405304997722916, 4.436769764141475, 5.398389131027884, 3.715485965523218, 4.436756541664192, 5.770087345959332, 6.449971904589972, 5.982464711137041, 4.704589127649724, 4.8416859842414395, 5.597488331385783, 4.663573057216966, 7.91765382420828, 8.710956294804836, 8.574422898947777, 8.266836991860913, 4.247383737078627, 4.190510491574982, 4.762132700796986, 2.156199863185229, 2.16709954086101, 2.172519222009324, 1.0947639836969432, 1.0969450350860797, 2.144332705062346, 2.1446667829758543, 2.7516148767587376, 3.6307904456192457, 5.098070335921229, 4.446713065849875, 5.74771228055128, 6.336068583119978, 5.189867718930802, 6.448782078036131, 6.793382460895309], [2.5548470032469655, 1.5326236785329919, 0.0, 1.4850685943753574, 2.5056090517077876, 3.856076282959143, 5.015929189093483, 2.4086353190136527, 3.3634874178447585, 4.6026921774109555, 5.0838893349481955, 4.499558980611322, 3.223184236124271, 3.39355561469088, 4.2752569302908565, 3.2614879794351532, 6.549432767805163, 7.2698003844672385, 7.3221404322779815, 6.908025989383653, 3.6441616443291864, 3.791609966755547, 4.355084309172442, 3.4944321842038946, 2.802380887745276, 2.8582451906720667, 2.178679567995257, 2.145225929826507, 1.0983215785916256, 1.0955808550718655, 2.6895405276738256, 2.8207401191885793, 4.2323853428061105, 4.083443650890753, 5.2258162003652595, 5.938629930379565, 5.119708794453059, 5.425479979688433, 5.273776333899646], [3.0564570077133424, 2.5138567918638484, 1.4850685943753574, 0.0, 1.4839028977665623, 2.5102284298445827, 3.8488138406527277, 1.4102878748681065, 2.4384720461797382, 3.758429497808892, 4.307857908520196, 3.80875736822392, 2.5176604874366997, 3.0046244790322802, 3.6550700526802493, 3.428510803541386, 5.818976587854603, 6.485219908376276, 6.46208234085577, 6.441405068771874, 2.829804095692845, 3.446040865979392, 3.2969085565116902, 4.0634668203394995, 3.399567409244888, 2.789620576350841, 2.8076624067006346, 3.437921168380683, 2.1331964513377573, 2.1248127352780997, 2.106762079590384, 2.1392345430083166, 2.803577724979281, 2.7335738402318674, 4.179382515396264, 4.659786518715208, 4.1439410143002755, 4.608767336284183, 4.688215296890705], [3.8373244702526788, 3.1405304997722916, 2.5056090517077876, 1.4839028977665623, 0.0, 1.5312566408019264, 2.5201455414320817, 2.4698920988577617, 3.553444634435719, 4.778863463209637, 5.175086303628182, 4.499996713332133, 3.177993873499444, 3.2215887804001304, 3.373863533102665, 3.8237381395697065, 6.653981699704322, 7.101326109255932, 7.275994504533384, 7.447888062397285, 3.9204319213576455, 4.720355522627506, 3.98459973648546, 4.643938570868482, 4.4846216250649285, 3.4234329217906403, 2.878052004394639, 4.0939845737374245, 3.4377018093487983, 2.7017930953350224, 1.0955002190780245, 1.0940078884541922, 2.1776459422964054, 2.164669104043387, 2.7805977199156295, 3.471691375972236, 2.7812617604245737, 5.64780400598321, 5.227410163742654], [4.76654281109485, 4.436769764141475, 3.856076282959143, 2.5102284298445827, 1.5312566408019264, 0.0, 1.5212193300112906, 2.977068917576481, 3.6643472829413977, 4.708072966724283, 5.151681652625674, 4.688539375967744, 3.6448328631090887, 3.9514929241996626, 3.7960017966276043, 4.862138753676206, 6.521992371967328, 6.890475006122582, 6.924372720326369, 7.528884210160228, 3.9464185016290405, 5.003240326028723, 3.5975711056211246, 5.540040473678871, 5.382415021159182, 4.04630940611318, 4.156476394736291, 5.470897071778997, 4.642212219405743, 4.179060713844679, 2.1293332031413024, 2.176994510787751, 1.095533700987788, 1.095866173398924, 2.168723334130013, 2.1597042505861768, 2.1699071408703183, 5.453905207280376, 5.429772825818774], [5.825774961324887, 5.398389131027884, 5.015929189093483, 3.8488138406527277, 2.5201455414320817, 1.5212193300112906, 0.0, 4.422884471699436, 5.173894422966129, 6.148913486950358, 6.473832381209757, 5.9000210414879035, 4.884350303776338, 4.872284991664589, 4.384921925188634, 5.765691711321375, 7.771105229631111, 7.96600455435471, 8.160793169784416, 8.84328921612315, 5.421056205205772, 6.468111131543737, 4.930259466802939, 6.431720166487346, 6.593814764610848, 5.116776846805028, 4.844160551633275, 6.382305092989522, 5.928740616690868, 5.148242245660163, 2.6986086229759216, 2.765008443025084, 2.1383957491540238, 2.1454168965494795, 1.0947236500596849, 1.0944803972662092, 1.0947118205262973, 6.882906158012036, 6.486727033720473], [4.1000812638288044, 3.715485965523218, 2.4086353190136527, 1.4102878748681065, 2.4698920988577617, 2.977068917576481, 4.422884471699436, 0.0, 1.411627730671228, 2.491901976402764, 2.8995822681896786, 2.4846882903092697, 1.4088640601562665, 2.4903529488809415, 3.264821584711789, 3.1361606368296893, 4.410847913950333, 5.096605220144091, 5.103223738971278, 5.067134575872245, 2.4758346410857084, 3.226180587009971, 3.1555046727900753, 5.176522903455562, 4.130754572714288, 3.8031911876738462, 4.174373943479429, 4.507031156981278, 2.5021748520037526, 2.895520611220027, 3.3717640175433394, 2.859869077422951, 2.722780922145592, 3.22528113038228, 4.673323727284469, 5.046834529682938, 4.993907882610571, 3.464924410430912, 3.460012326567638], [4.353759258388089, 4.436756541664192, 3.3634874178447585, 2.4384720461797382, 3.553444634435719, 3.6643472829413977, 5.173894422966129, 1.411627730671228, 0.0, 1.409378064963408, 2.431009814871178, 2.761506496461669, 2.364325715716851, 3.721812948013374, 4.459706049730183, 4.3610240918848415, 3.824764490788943, 4.782418666323558, 4.218085008626544, 4.489032240917856, 1.4485193612789575, 2.288281077577665, 2.2947541110105893, 5.419524765143159, 4.146145777707291, 3.920176149103507, 5.028956634332811, 5.235850589923284, 3.156191385198306, 4.085754652447942, 4.347539080905427, 4.150939530997772, 3.3149595563143754, 3.53253796865653, 5.615146242975333, 5.588143749045831, 5.753954696554363, 2.170302108002478, 3.8531832385704163], [5.675250102858905, 5.770087345959332, 4.6026921774109555, 3.758429497808892, 4.778863463209637, 4.708072966724283, 6.148913486950358, 2.491901976402764, 1.409378064963408, 0.0, 1.3979804898495543, 2.3995392599413745, 2.775483572280694, 4.217378639629124, 4.905948089819133, 4.8962144642570555, 2.532621088911644, 3.6340343022596797, 2.8302362922554716, 3.2483686659614235, 2.423725770379149, 3.052590208331279, 3.1437204996627806, 6.733963861649394, 5.3296822644506685, 5.267234934004748, 6.405067804481074, 6.489221840097625, 4.229420041802422, 5.203912836510619, 5.6646845287270855, 5.233469944501449, 4.095515939414716, 4.619680925128921, 6.514390973836311, 6.416892423128192, 6.863543809141165, 1.0911186232486363, 3.3933267069352455], [6.633379488616643, 6.449971904589972, 5.0838893349481955, 4.307857908520196, 5.175086303628182, 5.151681652625674, 6.473832381209757, 2.8995822681896786, 2.431009814871178, 1.3979804898495543, 0.0, 1.400201046278712, 2.442346701432866, 3.7175825774285096, 4.32626116756721, 4.419459900259307, 1.511390687413417, 2.3918551502965224, 2.3940004135337984, 2.380876548668578, 3.719962943363818, 4.336639898585078, 4.407071194115203, 7.721950595542554, 6.332582693498759, 6.313886023678286, 7.039716200955832, 7.094833221436569, 4.726442296273171, 5.422237386909576, 6.18050305234129, 5.353768215939124, 4.357459753113044, 5.331588691937892, 6.619982743935213, 6.752289075565411, 7.307767492880434, 2.162309237828854, 2.1601125595672093], [6.4786706267566965, 5.982464711137041, 4.499558980611322, 3.80875736822392, 4.499996713332133, 4.688539375967744, 5.9000210414879035, 2.4846882903092697, 2.761506496461669, 2.3995392599413745, 1.400201046278712, 0.0, 1.4129155388769707, 2.4127021801291604, 3.0263910388447823, 3.1594800806461816, 2.533494918092397, 2.839029413373521, 3.6462661463475206, 3.2258286702799324, 4.20805108690472, 4.8797038147822045, 4.9028777243574, 7.56825999883725, 6.325037044950804, 6.252401801707885, 6.469038331931571, 6.5801744634925905, 4.297050952688366, 4.579944232193227, 5.547755986883345, 4.422729114472195, 3.9123391123469857, 5.138551036041192, 5.847600227443734, 6.320674461637777, 6.742201391237138, 3.39593414688801, 1.0918915055993428], [5.3448142652481385, 4.704589127649724, 3.223184236124271, 2.5176604874366997, 3.177993873499444, 3.6448328631090887, 4.884350303776338, 1.4088640601562665, 2.364325715716851, 2.775483572280694, 2.442346701432866, 1.4129155388769707, 0.0, 1.4458826957952018, 2.2881903592140227, 2.291051457300774, 3.8331882473992853, 4.227389200203833, 4.803033001135845, 4.478843713504636, 3.7129587810801237, 4.419753988628779, 4.387395375390733, 6.411683037237571, 5.34883122373477, 5.152827069677382, 5.1080141522904965, 5.344404109907858, 3.2447600173202336, 3.267523859132478, 4.197991439962688, 3.08846264345224, 3.0969231327238327, 4.184002556165567, 4.842634739478086, 5.483953282988469, 5.61385141235498, 3.8662357882053704, 2.1734038695097606], [5.827203523131829, 4.8416859842414395, 3.39355561469088, 3.0046244790322802, 3.2215887804001304, 3.9514929241996626, 4.872284991664589, 2.4903529488809415, 3.721812948013374, 4.217378639629124, 3.7175825774285096, 2.4127021801291604, 1.4458826957952018, 0.0, 1.23794434850683, 1.2371891165056377, 4.942705515201164, 5.052044204082145, 6.032463513358369, 5.498320288960984, 4.959168637987621, 5.617403892368787, 5.5695669679069315, 6.815166664139623, 5.986158082610249, 5.76707019378124, 5.061052148516156, 5.348838687042263, 3.6430377516572623, 2.9635483360323316, 4.155527227681223, 2.6480038462963003, 3.542114388327966, 4.755116417081711, 4.535030384683216, 5.609602661508211, 5.5505490800460455, 5.3083844642226135, 2.5953138326607057], [6.599663146706807, 5.597488331385783, 4.2752569302908565, 3.6550700526802493, 3.373863533102665, 3.7960017966276043, 4.384921925188634, 3.264821584711789, 4.459706049730183, 4.905948089819133, 4.32626116756721, 3.0263910388447823, 2.2881903592140227, 1.23794434850683, 0.0, 2.206175092779356, 5.4405400559135675, 5.298917596075636, 6.459328287833031, 6.17684713506818, 5.668400263742848, 6.489792073710836, 6.062194696642463, 7.544147207604051, 6.898116202268558, 6.416470959179976, 5.605311222403266, 6.183499349882718, 4.715738076908004, 3.8022796701452672, 4.309175681032278, 2.6066369175625517, 3.296979934728144, 4.759341562653389, 3.8353430537567297, 5.041210423102769, 5.16191650455526, 5.977231132388976, 3.0009428951581203], [5.812243244221633, 4.663573057216966, 3.2614879794351532, 3.428510803541386, 3.8237381395697065, 4.862138753676206, 5.765691711321375, 3.1361606368296893, 4.3610240918848415, 4.8962144642570555, 4.419459900259307, 3.1594800806461816, 2.291051457300774, 1.2371891165056377, 2.206175092779356, 0.0, 5.582850646399203, 5.7581865157356615, 6.7637408310786125, 5.872536864933246, 5.510487841380289, 5.938972683890708, 6.278074983623562, 6.744294582089368, 5.904863737631885, 5.982386277230852, 4.968928554527626, 4.921340960551301, 3.372794812911097, 2.57124551336507, 4.565862101509418, 3.2004202505296084, 4.626840988190539, 5.621839440076531, 5.404622710236118, 6.608644811911137, 6.295353084617255, 5.9608199075295, 3.233599718579899], [8.049312276834588, 7.91765382420828, 6.549432767805163, 5.818976587854603, 6.653981699704322, 6.521992371967328, 7.771105229631111, 4.410847913950333, 3.824764490788943, 2.532621088911644, 1.511390687413417, 2.533494918092397, 3.8331882473992853, 4.942705515201164, 5.4405400559135675, 5.582850646399203, 0.0, 1.3598775716953344, 1.3597075457612198, 1.3588276748727188, 4.95434550773359, 5.461428554874631, 5.57687829704038, 9.129770608837882, 7.661355385308791, 7.731227432303361, 8.540162631940916, 8.516732256564135, 6.10630358482118, 6.851292106602958, 7.674439666190621, 6.785334047782762, 5.6397827573409245, 6.679499937121042, 7.880566729620402, 7.934828485228904, 8.664280349804017, 2.7462528598073415, 2.7390730658381495], [9.001618555570992, 8.710956294804836, 7.2698003844672385, 6.485219908376276, 7.101326109255932, 6.890475006122582, 7.96600455435471, 5.096605220144091, 4.782418666323558, 3.6340343022596797, 2.3918551502965224, 2.839029413373521, 4.227389200203833, 5.052044204082145, 5.298917596075636, 5.7581865157356615, 1.3598775716953344, 0.0, 2.174173084186261, 2.1750282205065754, 6.022489055199685, 6.654567896565486, 6.540797095920343, 10.093358215182894, 8.713923526747294, 8.666652452937063, 9.233179613221006, 9.317865900516063, 6.943725943612694, 7.41044732118109, 8.175093544418926, 7.062397174472701, 5.905065664325842, 7.205553931516993, 7.921227477481, 8.073754902150547, 8.94227904787141, 3.9786829956657765, 2.5574888953815615], [8.490702040467559, 8.574422898947777, 7.3221404322779815, 6.46208234085577, 7.275994504533384, 6.924372720326369, 8.160793169784416, 5.103223738971278, 4.218085008626544, 2.8302362922554716, 2.3940004135337984, 3.6462661463475206, 4.803033001135845, 6.032463513358369, 6.459328287833031, 6.7637408310786125, 1.3597075457612198, 2.174173084186261, 0.0, 2.175733595824636, 5.058097260828423, 5.574594676745566, 5.486970706136492, 9.53729078617193, 8.077910583189196, 8.052242538572717, 9.191575038588326, 9.249219103254068, 6.893487072592507, 7.768322970886316, 8.257607320525722, 7.558481885272994, 6.0421731570685715, 6.90218543216567, 8.404613948897355, 8.174087027919386, 9.04897916949752, 2.5450620621116484, 3.9882612564875934], [8.404370818806129, 8.266836991860913, 6.908025989383653, 6.441405068771874, 7.447888062397285, 7.528884210160228, 8.84328921612315, 5.067134575872245, 4.489032240917856, 3.2483686659614235, 2.380876548668578, 3.2258286702799324, 4.478843713504636, 5.498320288960984, 6.17684713506818, 5.872536864933246, 1.3588276748727188, 2.1750282205065754, 2.175733595824636, 0.0, 5.547604764220321, 5.7809269507579835, 6.3595223664989184, 9.467565029087469, 7.874092203549562, 8.237665413210225, 9.006758573982097, 8.719601668654365, 6.279834508965981, 7.1801328274621765, 8.426014404212706, 7.549712710428125, 6.727655132362241, 7.680931452629948, 8.933112104412436, 9.102111406701194, 9.682197600235185, 3.3472620901267947, 3.298823088618121], [3.6788102451743825, 4.247383737078627, 3.6441616443291864, 2.829804095692845, 3.9204319213576455, 3.9464185016290405, 5.421056205205772, 2.4758346410857084, 1.4485193612789575, 2.423725770379149, 3.719962943363818, 4.20805108690472, 3.7129587810801237, 4.959168637987621, 5.668400263742848, 5.510487841380289, 4.95434550773359, 6.022489055199685, 5.058097260828423, 5.547604764220321, 0.0, 1.2387065956068855, 1.2380169829206706, 4.636785962280338, 3.422329249210251, 3.0841328278788516, 4.855192907599038, 5.094706694207233, 3.464284206008508, 4.606631278928236, 4.422770703981837, 4.779167648241689, 3.9003953722667655, 3.423620779233588, 6.0873719690848525, 5.779966776721126, 5.797623777893837, 2.61272039453134, 5.299904924618931], [3.4010375314012635, 4.190510491574982, 3.791609966755547, 3.446040865979392, 4.720355522627506, 5.003240326028723, 6.468111131543737, 3.226180587009971, 2.288281077577665, 3.052590208331279, 4.336639898585078, 4.8797038147822045, 4.419753988628779, 5.617403892368787, 6.489792073710836, 5.938972683890708, 5.461428554874631, 6.654567896565486, 5.574594676745566, 5.7809269507579835, 1.2387065956068855, 0.0, 2.2081325911276255, 4.281034712543219, 2.806525371344432, 3.0737719580346234, 4.988706640001996, 4.847969014958738, 3.3391940300018508, 4.81726635863121, 5.0785887301493515, 5.554842699843084, 5.052623422540017, 4.476804390410642, 7.123652210769417, 6.9026041498843025, 6.7328434557770604, 3.053137469882416, 5.946096089031862], [4.0741589598345325, 4.762132700796986, 4.355084309172442, 3.2969085565116902, 3.98459973648546, 3.5975711056211246, 4.930259466802939, 3.1555046727900753, 2.2947541110105893, 3.1437204996627806, 4.407071194115203, 4.9028777243574, 4.387395375390733, 5.5695669679069315, 6.062194696642463, 6.278074983623562, 5.57687829704038, 6.540797095920343, 5.486970706136492, 6.3595223664989184, 1.2380169829206706, 2.2081325911276255, 0.0, 4.899363194334545, 4.056551794319899, 3.202582812356302, 5.148762635818435, 5.7272113589425, 4.4221721189931085, 5.3022441465854815, 4.3925371859552875, 4.954054771598715, 3.6297333689955793, 2.8113720653801764, 5.749690003817596, 5.109036655769852, 5.270781902146967, 3.2013123355898907, 5.973837396514907], [1.0947512776882247, 2.156199863185229, 3.4944321842038946, 4.0634668203394995, 4.643938570868482, 5.540040473678871, 6.431720166487346, 5.176522903455562, 5.4195247651