{"total energy": -23.15637609, "HOMO-LUMO gap/eV": 12.61381267, "electronic energy": -23.4929723, "dipole": [-0.00173427, -0.00097427, 0.0064662], "partial charges": [-0.09861803, -0.05530414, -0.01923747, -0.10162548, -0.01315131, -0.10036596, -0.10175957, 0.03076003, 0.02939626, 0.03221482, 0.03070755, 0.02791199, 0.02726092, 0.03269137, 0.02756082, 0.03426953, 0.03099303, 0.03318235, 0.02847952, 0.03221094, 0.02863499, 0.03380523, 0.02998262], "atomic dipole moments": [[-0.05149137, 0.08118666, -0.02183344], [-0.01361236, -0.09742567, -0.05122917], [-0.04383364, 0.02586659, 0.07730634], [0.04607153, -0.08691297, 0.01888904], [-0.05000307, 0.07809963, -0.01717838], [0.05345802, -0.01851188, -0.08144875], [0.06071829, 0.0136952, 0.07491629], [0.05312383, -0.0499651, -0.10318011], [0.09195563, 0.0288705, 0.07827998], [-0.06864377, -0.08791724, 0.05818672], [-0.04720017, 0.04568637, 0.10598691], [0.08068093, 0.08554813, -0.03101218], [0.06120695, -0.0279946, -0.10137601], [-0.06405158, 0.04926715, 0.0978404], [0.08424316, 0.08698745, -0.03092174], [-0.07701394, -0.00323835, -0.09974651], [0.0564788, -0.10712193, 0.01417302], [-0.0751151, 0.1021727, -0.00561342], [-0.07707651, -0.09575997, 0.02325581], [0.06996149, 0.00924104, 0.10395348], [0.06367305, -0.01826795, -0.10685018], [-0.08472164, 0.09236599, -0.01979887], [-0.06788164, -0.10370101, 0.01717054]], "atomic quadrupole moments": [[-0.01625849, -0.1395471, 0.12093714, 0.04782808, -0.04949575, -0.10467865], [-0.00576061, -0.11625953, 0.04284058, 0.1786921, -0.0346292, -0.03707997], [0.00123898, 0.02677953, 0.09444622, 0.13131493, -0.05467352, -0.0956852], [-0.01998795, -0.11382407, 0.13123818, 0.03509287, -0.04561248, -0.11125023], [0.02955382, 0.11171534, -0.14571865, -0.01839346, 0.02466302, 0.11616483], [-0.01255465, -0.01800496, -0.09397128, -0.13233227, 0.05854223, 0.10652593], [0.00591162, 0.03687517, -0.10440313, 0.144655, 0.02790286, 0.09849151], [-0.03278356, -0.02221458, -0.0229552, -0.03718911, 0.02928736, 0.05573877], [0.017843, 0.02266152, -0.01590767, 0.06381844, 0.02136587, -0.00193532], [0.01950304, 0.04327713, 0.01357212, -0.03415136, -0.03295254, -0.03307516], [0.00041495, -0.02174884, -0.03148658, -0.03783735, 0.00751058, 0.03107163], [0.01281244, 0.031087, 0.00465805, -0.01067697, -0.03773951, -0.01747049], [-0.00763081, -0.00341797, -0.00551677, -0.0211912, 0.016343, 0.01314758], [-0.01732279, -0.0197431, -0.03116067, -0.05323953, 0.01607869, 0.04848346], [0.03854999, 0.05042017, 0.00958604, -0.01965347, -0.0194811, -0.04813603], [0.00208035, 0.01065896, -0.02565737, 0.06422161, 0.02331634, 0.02357702], [0.00957366, -0.02170505, 0.00820547, 0.00695157, -0.00837503, -0.01777913], [-0.01693439, -0.05511919, 0.04629618, 0.00477096, -0.02418595, -0.02936179], [-0.00405324, 0.0596405, 0.04079603, -0.01434647, 0.00110292, -0.0367428], [0.02425913, 0.00699985, -0.05161764, 0.05633017, 0.01461341, 0.02735851], [0.01069762, -0.00596865, -0.05172245, -0.05411759, 0.01208412, 0.04102483], [-0.00632521, -0.05654969, 0.04499363, 0.0110162, 0.00120594, -0.03866843], [-0.01150217, 0.05313349, 0.04044497, -0.00269729, -0.03210927, -0.0289428]], "number of molecular orbitals": 44, "number of electrons": 44, "number of unpaired electrons": 0, "orbital energies/eV": [-16.94287284, -16.51850994, -16.19092841, -15.80094123, -15.4700208, -15.2024679, -14.49448309, -13.99407773, -13.70112095, -13.4311634, -13.20544259, -12.97893325, -12.78344678, -12.52250185, -12.38094946, -12.20238831, -11.98863896, -11.8332507, -11.78443376, -11.28118232, -11.2430801, -11.12400576, 1.48980691, 2.04488447, 2.28308296, 2.84225771, 3.42667506, 3.58502903, 3.73758398, 3.96228579, 4.32883807, 4.95001351, 5.33181877, 5.55971975, 5.6293986, 5.86660373, 6.19396276, 6.48536941, 6.99241588, 7.20738322, 7.48381167, 7.71265193, 8.05221507, 8.18550958], "fractional occupation": [2.0, 2.0, 2.0, 2.0, 2.0, 2.0, 2.0, 2.0, 2.0, 2.0, 2.0, 2.0, 2.0, 2.0, 2.0, 2.0, 2.0, 2.0, 2.0, 2.0, 2.0, 2.0, 0.0, 0.0, 0.0, 0.0, 0.0, 0.0, 0.0, 0.0, 0.0, 0.0, 0.0, 0.0, 0.0, 0.0, 0.0, 0.0, 0.0, 0.0, 0.0, 0.0, 0.0, 0.0], "program call": "xtb /home/svss/Project-DBcg-Debug/aqme2_20220329/End-to-End-workflows-final/example-3/QDESCP/mol_807_rdkit_conf_1/mol_807_rdkit_conf_1.xyz --pop --wbo --acc 0.2 --gfn 2 --chrg 0 --uhf 0 --etemp 300 --input /home/svss/Project-DBcg-Debug/aqme2_20220329/End-to-End-workflows-final/example-3/QDESCP/mol_807_rdkit_conf_1/mol_807_rdkit_conf_1_xtb.inp", "method": "GFN2-xTB", "xtb version": "6.3.3 (7355c4f)", "Dipole module/D": 0.017, "Total charge": 0, "Transition dipole module/D": NaN, "HOMO": -11.124, "LUMO": 1.4898, "HOMO occupancy": 2.0, "LUMO occupancy": 0, "mulliken charges": [-0.08397, -0.04545, -0.01478, -0.09062, -0.00671, -0.09129, -0.09004, 0.02661, 0.02824, 0.02678, 0.02288, 0.02375, 0.02059, 0.02731, 0.02793, 0.0292, 0.02103, 0.02743, 0.02824, 0.02896, 0.02798, 0.02752, 0.02842], "cm5 charges": [-0.23473, -0.15613, -0.08501, -0.23937, -0.0791, -0.23996, -0.23886, 0.07809, 0.079, 0.07873, 0.07848, 0.07872, 0.0796, 0.07969, 0.07934, 0.08135, 0.08039, 0.0798, 0.07966, 0.08124, 0.07955, 0.07981, 0.07971], "FUKUI+": [0.027, -0.015, -0.07, 0.031, -0.051, 0.029, 0.014, -0.044, -0.067, -0.033, -0.066, -0.089, -0.075, -0.05, -0.064, -0.055, -0.064, -0.044, -0.065, -0.041, -0.054, -0.057, -0.097], "FUKUI-": [0.022, 0.011, -0.013, 0.02, -0.016, 0.025, 0.024, -0.057, -0.064, -0.07, -0.076, -0.103, -0.072, -0.048, -0.059, -0.049, -0.096, -0.067, -0.07, -0.041, -0.049, -0.072, -0.08], "FUKUIrad": [0.024, -0.002, -0.042, 0.026, -0.034, 0.027, 0.019, -0.051, -0.065, -0.052, -0.071, -0.096, -0.073, -0.049, -0.061, -0.052, -0.08, -0.056, -0.067, -0.041, -0.051, -0.064, -0.089], "s proportion": [1.007, 1.032, 1.062, 1.012, 1.056, 1.011, 1.013, 0.973, 0.972, 0.973, 0.977, 0.976, 0.979, 0.973, 0.972, 0.971, 0.979, 0.973, 0.972, 0.971, 0.972, 0.972, 0.972], "p proportion": [3.077, 3.013, 2.953, 3.079, 2.951, 3.08, 3.077, 0.0, 0.0, 0.0, 0.0, 0.0, 0.0, 0.0, 0.0, 0.0, 0.0, 0.0, 0.0, 0.0, 0.0, 0.0, 0.0], "d proportion": [0.0, 0.0, 0.0, 0.0, 0.0, 0.0, 0.0, 0.0, 0.0, 0.0, 0.0, 0.0, 0.0, 0.0, 0.0, 0.0, 0.0, 0.0, 0.0, 0.0, 0.0, 0.0, 0.0], "Fermi-level/eV": -4.8171, "Coordination numbers": [3.748, 3.8, 3.846, 3.751, 3.846, 3.751, 3.751, 0.924, 0.924, 0.924, 0.924, 0.924, 0.923, 0.924, 0.924, 0.924, 0.924, 0.924, 0.924, 0.924, 0.924, 0.924, 0.924], "Dispersion coefficient C6": [22.449, 21.569, 20.885, 22.504, 20.778, 22.479, 22.505, 2.576, 2.595, 2.555, 2.577, 2.617, 2.626, 2.549, 2.622, 2.527, 2.573, 2.542, 2.608, 2.555, 2.606, 2.533, 2.587], "Total dispersion C6": 3403.235554, "Total dispersion C8": 70230.580342, "Polarizability alpha": [6.758, 6.612, 6.501, 6.765, 6.484, 6.761, 6.765, 2.51, 2.519, 2.5, 2.51, 2.53, 2.534, 2.497, 2.532, 2.486, 2.508, 2.493, 2.526, 2.5, 2.525, 2.489, 2.515], "Total polarizability alpha": 86.819716, "Wiberg matrix": [[0.0, 1.0205401116685047, 0.0, 0.0, 0.0, 0.0, 0.0, 0.9874435214320878, 0.9869039212846171, 0.9856871996700669, 0.0, 0.0, 0.0, 0.0, 0.0, 0.0, 0.0, 0.0, 0.0, 0.0, 0.0, 0.0, 0.0], [1.0205401116685047, 0.0, 0.9946404586031463, 0.0, 0.0, 0.0, 0.0, 0.0, 0.0, 0.0, 0.97562596896178, 0.9768970368962733, 0.0, 0.0, 0.0, 0.0, 0.0, 0.0, 0.0, 0.0, 0.0, 0.0, 0.0], [0.0, 0.9946404586031463, 0.0, 1.0090474017920226, 0.9818632342872418, 0.0, 0.0, 0.0, 0.0, 0.0, 0.0, 0.0, 0.9683909489878408, 0.0, 0.0, 0.0, 0.0, 0.0, 0.0, 0.0, 0.0, 0.0, 0.0], [0.0, 0.0, 1.0090474017920226, 0.0, 0.0, 0.0, 0.0, 0.0, 0.0, 0.0, 0.0, 0.0, 0.0, 0.9854952385436705, 0.9861274280632155, 0.984272176025669, 0.0, 0.0, 0.0, 0.0, 0.0, 0.0, 0.0], [0.0, 0.0, 0.9818632342872418, 0.0, 0.0, 1.0103629695326697, 1.0079024116340998, 0.0, 0.0, 0.0, 0.0, 0.0, 0.0, 0.0, 0.0, 0.0, 0.9665237575782074, 0.0, 0.0, 0.0, 0.0, 0.0, 0.0], [0.0, 0.0, 0.0, 0.0, 1.0103629695326697, 0.0, 0.0, 0.0, 0.0, 0.0, 0.0, 0.0, 0.0, 0.0, 0.0, 0.0, 0.0, 0.9851329698300234, 0.9862334891483019, 0.9843898084903651, 0.0, 0.0, 0.0], [0.0, 0.0, 0.0, 0.0, 1.0079024116340998, 0.0, 0.0, 0.0, 0.0, 0.0, 0.0, 0.0, 0.0, 0.0, 0.0, 0.0, 0.0, 0.0, 0.0, 0.0, 0.9867507337659813, 0.9849928508024447, 0.9866602184396825], [0.9874435214320878, 0.0, 0.0, 0.0, 0.0, 0.0, 0.0, 0.0, 0.0, 0.0, 0.0, 0.0, 0.0, 0.0, 0.0, 0.0, 0.0, 0.0, 0.0, 0.0, 0.0, 0.0, 0.0], [0.9869039212846171, 0.0, 0.0, 0.0, 0.0, 0.0, 0.0, 0.0, 0.0, 0.0, 0.0, 0.0, 0.0, 0.0, 0.0, 0.0, 0.0, 0.0, 0.0, 0.0, 0.0, 0.0, 0.0], [0.9856871996700669, 0.0, 0.0, 0.0, 0.0, 0.0, 0.0, 0.0, 0.0, 0.0, 0.0, 0.0, 0.0, 0.0, 0.0, 0.0, 0.0, 0.0, 0.0, 0.0, 0.0, 0.0, 0.0], [0.0, 0.97562596896178, 0.0, 0.0, 0.0, 0.0, 0.0, 0.0, 0.0, 0.0, 0.0, 0.0, 0.0, 0.0, 0.0, 0.0, 0.0, 0.0, 0.0, 0.0, 0.0, 0.0, 0.0], [0.0, 0.9768970368962733, 0.0, 0.0, 0.0, 0.0, 0.0, 0.0, 0.0, 0.0, 0.0, 0.0, 0.0, 0.0, 0.0, 0.0, 0.0, 0.0, 0.0, 0.0, 0.0, 0.0, 0.0], [0.0, 0.0, 0.9683909489878408, 0.0, 0.0, 0.0, 0.0, 0.0, 0.0, 0.0, 0.0, 0.0, 0.0, 0.0, 0.0, 0.0, 0.0, 0.0, 0.0, 0.0, 0.0, 0.0, 0.0], [0.0, 0.0, 0.0, 0.9854952385436705, 0.0, 0.0, 0.0, 0.0, 0.0, 0.0, 0.0, 0.0, 0.0, 0.0, 0.0, 0.0, 0.0, 0.0, 0.0, 0.0, 0.0, 0.0, 0.0], [0.0, 0.0, 0.0, 0.9861274280632155, 0.0, 0.0, 0.0, 0.0, 0.0, 0.0, 0.0, 0.0, 0.0, 0.0, 0.0, 0.0, 0.0, 0.0, 0.0, 0.0, 0.0, 0.0, 0.0], [0.0, 0.0, 0.0, 0.984272176025669, 0.0, 0.0, 0.0, 0.0, 0.0, 0.0, 0.0, 0.0, 0.0, 0.0, 0.0, 0.0, 0.0, 0.0, 0.0, 0.0, 0.0, 0.0, 0.0], [0.0, 0.0, 0.0, 0.0, 0.9665237575782074, 0.0, 0.0, 0.0, 0.0, 0.0, 0.0, 0.0, 0.0, 0.0, 0.0, 0.0, 0.0, 0.0, 0.0, 0.0, 0.0, 0.0, 0.0], [0.0, 0.0, 0.0, 0.0, 0.0, 0.9851329698300234, 0.0, 0.0, 0.0, 0.0, 0.0, 0.0, 0.0, 0.0, 0.0, 0.0, 0.0, 0.0, 0.0, 0.0, 0.0, 0.0, 0.0], [0.0, 0.0, 0.0, 0.0, 0.0, 0.9862334891483019, 0.0, 0.0, 0.0, 0.0, 0.0, 0.0, 0.0, 0.0, 0.0, 0.0, 0.0, 0.0, 0.0, 0.0, 0.0, 0.0, 0.0], [0.0, 0.0, 0.0, 0.0, 0.0, 0.9843898084903651, 0.0, 0.0, 0.0, 0.0, 0.0, 0.0, 0.0, 0.0, 0.0, 0.0, 0.0, 0.0, 0.0, 0.0, 0.0, 0.0, 0.0], [0.0, 0.0, 0.0, 0.0, 0.0, 0.0, 0.9867507337659813, 0.0, 0.0, 0.0, 0.0, 0.0, 0.0, 0.0, 0.0, 0.0, 0.0, 0.0, 0.0, 0.0, 0.0, 0.0, 0.0], [0.0, 0.0, 0.0, 0.0, 0.0, 0.0, 0.9849928508024447, 0.0, 0.0, 0.0, 0.0, 0.0, 0.0, 0.0, 0.0, 0.0, 0.0, 0.0, 0.0, 0.0, 0.0, 0.0, 0.0], [0.0, 0.0, 0.0, 0.0, 0.0, 0.0, 0.9866602184396825, 0.0, 0.0, 0.0, 0.0, 0.0, 0.0, 0.0, 0.0, 0.0, 0.0, 0.0, 0.0, 0.0, 0.0, 0.0, 0.0]], "Born radii": [], "Atomic SASAs": [], "Solvent H bonds": [], "Total SASA": NaN, "Total FOD": 0.0, "FOD": [0.0, 0.0, 0.0, 0.0, 0.0, 0.0, 0.0, 0.0, 0.0, 0.0, 0.0, 0.0, 0.0, 0.0, 0.0, 0.0, 0.0, 0.0, 0.0, 0.0, 0.0, 0.0, 0.0], "FOD s proportion": [0.0, 0.0, 0.0, 0.0, 0.0, 0.0, 0.0, 0.0, 0.0, 0.0, 0.0, 0.0, 0.0, 0.0, 0.0, 0.0, 0.0, 0.0, 0.0, 0.0, 0.0, 0.0, 0.0], "FOD p proportion": [0.0, 0.0, 0.0, 0.0, 0.0, 0.0, 0.0, 0.0, 0.0, 0.0, 0.0, 0.0, 0.0, 0.0, 0.0, 0.0, 0.0, 0.0, 0.0, 0.0, 0.0, 0.0, 0.0], "FOD d proportion": [0.0, 0.0, 0.0, 0.0, 0.0, 0.0, 0.0, 0.0, 0.0, 0.0, 0.0, 0.0, 0.0, 0.0, 0.0, 0.0, 0.0, 0.0, 0.0, 0.0, 0.0, 0.0, 0.0], "coordinates": [["2.26610", "-0.62920", "0.95030"], ["1.45570", "0.61810", "0.62820"], ["0.40120", "0.41570", "-0.48310"], ["-0.25850", "1.76850", "-0.78660"], ["-0.62510", "-0.71390", "-0.18110"], ["-1.45520", "-0.47750", "1.08350"], ["-1.56140", "-0.96950", "-1.36830"], ["2.71040", "-1.05480", "0.04510"], ["3.07850", "-0.37940", "1.64060"], ["1.65210", "-1.39550", "1.43190"], ["0.98410", "0.99040", "1.54490"], ["2.15730", "1.39910", "0.30770"], ["0.94680", "0.12020", "-1.39040"], ["-0.81500", "2.15040", "0.07480"], ["0.50040", "2.51540", "-1.04580"], ["-0.94230", "1.70230", "-1.63750"], ["-0.06430", "-1.64540", "-0.03420"], ["-2.07520", "0.42050", "1.00080"], ["-2.12640", "-1.32480", "1.26360"], ["-0.82010", "-0.37670", "1.96810"], ["-0.99170", "-1.11370", "-2.29210"], ["-2.26420", "-0.14440", "-1.52070"], ["-2.15320", "-1.87610", "-1.19950"]], "bond_dist": [[0.0, 1.5219243936542972, 2.573772247111232, 3.8909371698859387, 3.105845696424727, 3.7267719034038023, 4.487924498028014, 1.0944975513905912, 1.094946523808355, 1.0936865410162089, 2.1494597739897343, 2.13043964711512, 2.789449648228123, 4.240973192558519, 4.1219680809050425, 4.7356553559143215, 2.7262917763878463, 4.466688485891982, 4.458258909036127, 3.259494367229371, 4.621813372476218, 5.183096577336757, 5.07016884728704], [1.5219243936542972, 0.0, 1.5452908140541055, 2.502710698422812, 2.599792132075178, 3.143402020104969, 3.9508705901358, 2.1709150397931283, 2.157183313953638, 2.1769454770388714, 1.0960623796116715, 1.097690215862381, 2.14047414840731, 2.7946866264395367, 2.7045556714551098, 3.472648863619816, 2.8058164604977285, 3.555999343363269, 4.124322244927038, 2.822095797452666, 4.185337512077132, 4.363121986605463, 4.752439388356258], [2.573772247111232, 1.5452908140541055, 0.0, 1.5353775366339055, 1.5557929971561126, 2.588100222170695, 2.560108755502391, 2.788148154241449, 3.508592451396998, 2.9176053965538244, 2.1869697071518845, 2.162481771021435, 1.099178283992183, 2.190794134554865, 2.1760542318609617, 2.1892855387089187, 2.1601700558057924, 2.886960202358183, 3.531156028838148, 2.8509389488377335, 2.7480385313892524, 2.914563934793677, 3.505786011724047], [3.8909371698859387, 2.502710698422812, 1.5353775366339055, 0.0, 2.5813437527768364, 3.15814516765775, 3.087485595108097, 4.180563955975318, 4.651918233374271, 4.310803940102124, 2.7541580600974953, 2.677692754966485, 2.129369723650639, 1.0943261945142315, 1.0958893466039352, 1.09361587863381, 3.501218732098867, 2.8831062502100058, 4.154620962253958, 3.536332802494697, 3.333345066146018, 2.867214974500517, 4.128375426242143], [3.105845696424727, 2.599792132075178, 1.5557929971561126, 2.5813437527768364, 0.0, 1.5310663375569329, 1.5334382576419567, 3.3604969126603876, 4.140909815487412, 2.872627264369674, 2.910882878097296, 3.52781011393754, 2.151510843570164, 2.8819717746709457, 3.527440265971913, 2.838967988547951, 1.097163843735292, 2.1878164868196786, 2.171234347093837, 2.1842136983363143, 2.179577160827302, 2.1921467149805465, 2.1732319273377154], [3.7267719034038023, 3.143402020104969, 2.588100222170695, 3.15814516765775, 1.5310663375569329, 0.0, 2.5029314173584543, 4.331717120265357, 4.568853216070746, 3.2587451342502995, 2.8840604813353, 4.144110212096199, 3.499575760002918, 2.88672654402872, 4.161218602765301, 3.523980058116107, 2.1325680551860473, 1.0943689003256627, 1.0958388293905266, 1.0936314781497467, 3.4661589764464065, 2.747233927061909, 2.7668348270180494], [4.487924498028014, 3.9508705901358, 2.560108755502391, 3.087485595108097, 1.5334382576419567, 2.5029314173584543, 0.0, 4.500361195504201, 5.561507819827281, 4.283594085578137, 4.3367629056705415, 4.7167755564580345, 2.7347763601435493, 3.5175881765778096, 4.061964241595438, 2.755770072048828, 2.1161219317421196, 2.794409642482648, 2.7152091447989783, 3.468789773105312, 1.0948781530380445, 1.0945061032264738, 1.0957391295376835], [1.0944975513905912, 2.1709150397931283, 2.788148154241449, 4.180563955975318, 3.3604969126603876, 4.331717120265357, 4.500361195504201, 0.0, 1.7712377084965192, 1.7774390622465794, 3.067956122567596, 2.529130993048798, 2.5596035259391248, 4.764728144396067, 4.338258965299328, 4.8759573890673, 2.837967043501386, 5.09821929108586, 4.995225369290159, 4.07703064251423, 4.378529143445319, 5.294072436225255, 5.0870588565496275], [1.094946523808355, 2.157183313953638, 3.508592451396998, 4.651918233374271, 4.140909815487412, 4.568853216070746, 5.561507819827281, 1.7712377084965192, 0.0, 1.7636983472238104, 2.504400505110954, 2.405887383066797, 3.7390782353408976, 4.900097951061794, 4.716270943234708, 5.589834267668408, 3.7795373896814404, 5.254503567417193, 5.303479439952605, 3.912332488426821, 5.707175642995404, 6.212365570376554, 6.138156383638331], [1.0936865410162089, 2.1769454770388714, 2.9176053965538244, 4.310803940102124, 2.872627264369674, 3.2587451342502995, 4.283594085578137, 1.7774390622465794, 1.7636983472238104, 0.0, 2.480224145112695, 3.054315281695719, 3.2802700910138483, 4.527881362182538, 4.770801713548782, 5.074297247895515, 2.271107258585556, 4.168509145965737, 3.782907034279325, 2.727129758555687, 4.57572569982074, 5.061670046536024, 4.651403058218025], [2.1494597739897343, 1.0960623796116715, 2.1869697071518845, 2.7541580600974953, 2.910882878097296, 2.8840604813353, 4.3367629056705415, 3.067956122567596, 2.504400505110954, 2.480224145112695, 0.0, 1.753310517278671, 3.0618010092101016, 2.596835539652059, 3.0448837711807655, 3.7875438386901874, 3.246558333065956, 3.1591371147830865, 3.887735970973338, 2.3028674060831205, 4.801415567309291, 4.608375775693645, 5.058775039473489], [2.13043964711512, 1.097690215862381, 2.162481771021435, 2.677692754966485, 3.52781011393754, 4.144110212096199, 4.7167755564580345, 2.529130993048798, 2.405887383066797, 3.054315281695719, 1.753310517278671, 0.0, 2.4463113191088333, 3.074615649150313, 2.413173336086739, 3.6719549888308816, 3.7843602391949953, 4.399102387987804, 5.165603712055349, 3.843865835327763, 4.794718435945953, 5.027434838961118, 5.619519297057356], [2.789449648228123, 2.14047414840731, 1.099178283992183, 2.129369723650639, 2.151510843570164, 3.499575760002918, 2.7347763601435493, 2.5596035259391248, 3.7390782353408976, 3.2802700910138483, 3.0618010092101016, 2.4463113191088333, 0.0, 3.0614477490233276, 2.4606920083586243, 2.4764485922384902, 2.4451881338661856, 3.865294494601932, 4.310023113627118, 3.827318574406892, 2.468472067899493, 3.22451736698688, 3.6921073250922705], [4.240973192558519, 2.7946866264395367, 2.190794134554865, 1.0943261945142315, 2.8819717746709457, 2.88672654402872, 3.5175881765778096, 4.764728144396067, 4.900097951061794, 4.527881362182538, 2.596835539652059, 3.074615649150313, 3.0614477490233276, 0.0, 1.7661388733618884, 1.7745337951135223, 3.870856381990941, 2.331980713899667, 3.9000039025621502, 3.157664534113781, 4.035813091559122, 3.1483182701245442, 4.430273352740213], [4.1219680809050425, 2.7045556714551098, 2.1760542318609617, 1.0958893466039352, 3.527440265971913, 4.161218602765301, 4.061964241595438, 4.338258965299328, 4.716270943234708, 4.770801713548782, 3.0448837711807655, 2.413173336086739, 2.4606920083586243, 1.7661388733618884, 0.0, 1.7585857357547285, 4.3190829223343234, 3.900114476525016, 5.19427979993377, 4.380816803976172, 4.117036908991708, 3.8656279192389946, 5.133272727997219], [4.7356553559143215, 3.472648863619816, 2.1892855387089187, 1.09361587863381, 2.838967988547951, 3.523980058116107, 2.755770072048828, 4.8759573890673, 5.589834267668408, 5.074297247895515, 3.7875438386901874, 3.6719549888308816, 2.4764485922384902, 1.7745337951135223, 1.7585857357547285, 0.0, 3.8142561765041423, 3.144376017590772, 4.356811727628358, 4.163835395401696, 2.8915043697010034, 2.2740630466194207, 3.80303423203105], [2.7262917763878463, 2.8058164604977285, 2.1601700558057924, 3.501218732098867, 1.097163843735292, 2.1325680551860473, 2.1161219317421196, 2.837967043501386, 3.7795373896814404, 2.271107258585556, 3.246558333065956, 3.7843602391949953, 2.4451881338661856, 3.870856381990941, 4.3190829223343234, 3.8142561765041423, 0.0, 3.0631497873920566, 2.4575039389592033, 2.487978822257135, 2.498176947295768, 3.0499579111850057, 2.403050101433593], [4.466688485891982, 3.555999343363269, 2.886960202358183, 2.8831062502100058, 2.1878164868196786, 1.0943689003256627, 2.794409642482648, 5.09821929108586, 5.254503567417193, 4.168509145965737, 3.1591371147830865, 4.399102387987804, 3.865294494601932, 2.331980713899667, 3.900114476525016, 3.144376017590772, 3.0631497873920566, 0.0, 1.76571723953752, 1.773830076416566, 3.790901251681452, 2.5909062622951065, 3.1814738172740005], [4.458258909036127, 4.124322244927038, 3.531156028838148, 4.154620962253958, 2.171234347093837, 1.0958388293905266, 2.7152091447989783, 4.995225369290159, 5.303479439952605, 3.782907034279325, 3.887735970973338, 5.165603712055349, 4.310023113627118, 3.9000039025621502, 5.19427979993377, 4.356811727628358, 2.4575039389592033, 1.76571723953752, 0.0, 1.7611455220963426, 3.738329812897733, 3.027318861633178, 2.5241853220395685], [3.259494367229371, 2.822095797452666, 2.8509389488377335, 3.536332802494697, 2.1842136983363143, 1.0936314781497467, 3.468789773105312, 4.07703064251423, 3.912332488426821, 2.727129758555687, 2.3028674060831205, 3.843865835327763, 3.827318574406892, 3.157664534113781, 4.380816803976172, 4.163835395401696, 2.487978822257135, 1.773830076416566, 1.7611455220963426, 0.0, 4.3268833587236895, 3.783003243456183, 3.7495394023799777], [4.621813372476218, 4.185337512077132, 2.7480385313892524, 3.333345066146018, 2.179577160827302, 3.4661589764464065, 1.0948781530380445, 4.378529143445319, 5.707175642995404, 4.57572569982074, 4.801415567309291, 4.794718435945953, 2.468472067899493, 4.035813091559122, 4.117036908991708, 2.8915043697010034, 2.498176947295768, 3.790901251681452, 3.738329812897733, 4.3268833587236895, 0.0, 1.7759101047068797, 1.7675154228464316], [5.183096577336757, 4.363121986605463, 2.914563934793677, 2.867214974500517, 2.1921467149805465, 2.747233927061909, 1.0945061032264738, 5.294072436225255, 6.212365570376554, 5.061670046536024, 4.608375775693645, 5.027434838961118, 3.22451736698688, 3.1483182701245442, 3.8656279192389946, 2.2740630466194207, 3.0499579111850057, 2.5909062622951065, 3.027318861633178, 3.783003243456183, 1.7759101047068797, 0.0, 1.7647309511650777], [5.07016884728704, 4.752439388356258, 3.505786011724047, 4.128375426242143, 2.1732319273377154, 2.7668348270180494, 1.0957391295376835, 5.0870588565496275, 6.138156383638331, 4.651403058218025, 5.058775039473489, 5.619519297057356, 3.6921073250922705, 4.430273352740213, 5.133272727997219, 3.80303423203105, 2.403050101433593, 3.1814738172740005, 2.5241853220395685, 3.7495394023799777, 1.7675154228464316, 1.7647309511650777, 0.0]]}