{"total energy": -42.39372174, "HOMO-LUMO gap/eV": 4.2195738, "electronic energy": -42.9046797, "dipole": [-0.76697333, -0.28735327, -0.0991138], "partial charges": [-0.10461749, -0.05302471, -0.06317263, -0.00176185, -0.11847196, 0.01050428, -0.10689904, 0.29411109, -0.44531249, -0.18402239, 0.00800601, -0.0526181, -0.10264508, 0.03466005, 0.03528735, 0.04078494, 0.03564205, 0.03082372, 0.03476443, 0.04668991, 0.05123625, 0.06137233, 0.06340907, 0.04282306, 0.04387154, 0.03739255, 0.05255821, 0.05525645, 0.05515734, 0.04159931, 0.04150792, 0.03743855, 0.04025038, 0.03739895], "atomic dipole moments": [[-0.03127028, 0.09327475, 0.04518216], [0.11400425, -0.01011683, -0.02918964], [-0.02554109, -0.01731348, -0.12316239], [0.08405192, 0.07857682, 0.11078831], [-0.0422219, 0.01461177, -0.00573602], [0.05076304, -0.12899687, -0.09994686], [-0.00527466, -0.05366088, 0.11055279], [0.00428845, -0.05116312, -0.00141915], [-0.12824437, -0.13226896, -0.02586258], [0.32837023, 0.39902401, 0.07317509], [-0.11790359, -0.09000488, -0.0222192], [0.0415775, 0.11936872, 0.01435159], [-0.11046527, -0.00934182, -0.01561167], [0.03782599, 0.01742081, -0.1194923], [-0.09596013, -0.07940757, -0.0050508], [0.09367587, -0.05822262, 0.06462445], [-0.05107652, -0.02794607, 0.10709216], [-0.0915122, 0.050639, -0.06566785], [-0.04355714, 0.08832295, 0.07170809], [0.08831579, -0.0532019, 0.0763702], [-0.08854409, 0.05232622, -0.0710913], [0.04539198, -0.09287024, -0.07672636], [0.07476998, 0.06618694, 0.08083679], [-0.11346262, 0.00605348, 0.04929182], [-0.03780478, 0.1209378, 0.01017363], [-0.07412006, -0.05535537, -0.08429126], [0.11948007, 0.00101248, -0.05355078], [0.0482906, 0.074197, -0.0955768], [0.02007645, 0.05884164, 0.11451708], [-0.01765876, -0.06036203, -0.10882437], [-0.04454124, -0.07491627, 0.09048645], [0.05428041, 0.06870656, -0.0915809], [0.05458926, -0.11362772, -0.00095274], [0.0268663, 0.05385377, 0.11150002]], "atomic quadrupole moments": [[-0.0793164, -0.07803414, 0.13828441, -0.05348131, 0.13518062, -0.058968], [0.00621049, 0.07992532, 0.14115797, -0.00705061, 0.15443792, -0.14736846], [0.00442863, 0.20820894, -0.04437901, -0.07750551, -0.05516595, 0.03995038], [0.02921606, 0.24771104, 0.00973093, -0.01569689, -0.01291608, -0.038947], [-0.0407002, 0.0362639, 0.08528466, 0.00240257, 0.01052895, -0.04458446], [-0.1778669, -0.14187665, 0.21210375, -0.01525694, -0.07543353, -0.03423686], [-0.14194627, -0.00404692, -0.03043856, 0.00489381, -0.14961979, 0.17238483], [-0.30984285, -0.05732846, -0.07999438, -0.08980217, -0.03384863, 0.38983722], [-0.07610838, -0.00393941, -0.05305613, -0.02848071, -0.013068, 0.12916451], [0.29755979, -0.10785144, 0.24122565, 0.10116791, 0.04525562, -0.53878544], [0.35735532, -0.05026164, -0.02020532, 0.09098908, 0.01717599, -0.33715001], [0.1788268, -0.10154314, 0.06271607, 0.05034843, 0.00908109, -0.24154287], [0.23788653, 0.0303963, -0.11223792, 0.05231019, 0.00562238, -0.12564861], [-0.03689927, 0.0042488, -0.01902839, -0.03988599, -0.03040334, 0.05592766], [0.04088318, 0.05683284, 0.00593883, -0.00717932, 0.01165935, -0.04682201], [0.02068313, -0.03697286, -0.02326896, 0.05325914, -0.01450493, 0.00258583], [-0.03631474, 0.01847296, -0.00736118, -0.02738969, -0.01068521, 0.04367592], [-0.0053184, -0.02494813, 0.001414, 0.04364935, -0.01802902, 0.00390439], [-0.01699107, -0.02072303, 0.03687067, -0.0247794, 0.03028695, -0.0198796], [0.02867448, -0.0309086, -0.00784038, 0.01994339, -0.02458101, -0.0208341], [0.02105887, -0.02312673, 0.00304283, 0.02309827, -0.02333047, -0.02410169], [-0.00075056, -0.01982532, 0.02562121, -0.02291351, 0.0182845, -0.02487065], [0.00183628, 0.01852348, 0.00364014, 0.03561786, 0.00505299, -0.00547642], [0.0462597, 0.00280415, -0.01286865, -0.02065949, -0.01224613, -0.03339104], [-0.04009625, -0.04022698, 0.07020585, -0.00745237, 0.01586697, -0.03010961], [0.00477201, 0.04969128, -0.01068436, 0.042748, 0.03232499, 0.00591235], [0.06838845, -0.00824015, -0.0482973, -0.02684733, -0.00325067, -0.02009115], [0.00438729, 0.01088621, -0.0159053, -0.01495526, -0.03366993, 0.01151801], [-0.0025474, 0.00011016, -0.02534286, 0.01030161, 0.02915719, 0.02789026], [-0.01531562, -0.00691704, -0.02258796, 0.01469937, 0.0289293, 0.03790357], [-0.00420449, 0.00497477, -0.01297889, -0.02517386, -0.03601827, 0.01718338], [-0.01794734, 0.02563649, -0.01044087, -0.0227761, -0.05606574, 0.0283882], [-0.01303714, -0.03732398, 0.06638087, 0.0027989, 0.00376381, -0.05334373], [-0.02667681, 0.00859541, -0.02637306, 0.00797226, 0.05185552, 0.05304986]], "number of molecular orbitals": 78, "number of electrons": 78, "number of unpaired electrons": 0, "orbital energies/eV": [-19.53839434, -18.86030446, -17.92483924, -17.37044465, -17.18526089, -17.04152889, -16.83751786, -16.22926249, -16.16355825, -16.05998808, -15.4163597, -15.39812676, -15.17274627, -14.99943121, -14.72481585, -14.50132724, -14.22021482, -14.00108557, -13.84740397, -13.73496704, -13.67426145, -13.55445852, -13.33660488, -13.26119201, -13.03618729, -12.9344112, -12.87644387, -12.63805809, -12.57394619, -12.18320064, -12.1236234, -12.08066309, -11.97347177, -11.87443413, -11.86606398, -11.82916874, -10.80614984, -10.61140294, -10.12752338, -5.90794958, -5.36416756, -3.72591153, -0.91212932, -0.06930675, 0.00502385, 1.11071384, 2.0762276, 2.35947819, 2.77239336, 2.9312398, 3.24310368, 3.31230374, 3.40611958, 3.52686342, 3.6152538, 3.77570679, 3.83542612, 3.96130266, 4.20635602, 4.357244, 4.43811576, 4.91049931, 5.11386919, 5.52849571, 5.69612338, 5.91114938, 6.01226282, 6.0946526, 6.72763748, 6.74942144, 6.78495911, 7.21670393, 7.50141528, 7.70514443, 8.07247663, 9.48327209, 13.35790804, 16.17745408], "fractional occupation": [2.0, 2.0, 2.0, 2.0, 2.0, 2.0, 2.0, 2.0, 2.0, 2.0, 2.0, 2.0, 2.0, 2.0, 2.0, 2.0, 2.0, 2.0, 2.0, 2.0, 2.0, 2.0, 2.0, 2.0, 2.0, 2.0, 2.0, 2.0, 2.0, 2.0, 2.0, 2.0, 2.0, 2.0, 2.0, 2.0, 2.0, 2.0, 2.0, 0.0, 0.0, 0.0, 0.0, 0.0, 0.0, 0.0, 0.0, 0.0, 0.0, 0.0, 0.0, 0.0, 0.0, 0.0, 0.0, 0.0, 0.0, 0.0, 0.0, 0.0, 0.0, 0.0, 0.0, 0.0, 0.0, 0.0, 0.0, 0.0, 0.0, 0.0, 0.0, 0.0, 0.0, 0.0, 0.0, 0.0, 0.0, 0.0], "program call": "xtb /home/svss/Project-DBcg-Debug/aqme2_20220329/End-to-End-workflows-final/example-3/QDESCP/mol_575_rdkit_conf_13/mol_575_rdkit_conf_13.xyz --pop --wbo --acc 0.2 --gfn 2 --chrg 0 --uhf 0 --etemp 300 --input /home/svss/Project-DBcg-Debug/aqme2_20220329/End-to-End-workflows-final/example-3/QDESCP/mol_575_rdkit_conf_13/mol_575_rdkit_conf_13_xtb.inp", "method": "GFN2-xTB", "xtb version": "6.3.3 (7355c4f)", "Dipole module/D": 2.097, "Total charge": 0, "Transition dipole module/D": NaN, "HOMO": -10.1275, "LUMO": -5.9079, "HOMO occupancy": 2.0, "LUMO occupancy": 0, "mulliken charges": [-0.08651, -0.04056, -0.05919, 0.08758, -0.29595, 0.10337, -0.09408, 0.49718, -0.56166, -0.12895, 0.03312, -0.04202, -0.08375, 0.0268, 0.03188, 0.03108, 0.0291, 0.02305, 0.03086, 0.03224, 0.03154, 0.03286, 0.05196, 0.02124, 0.03164, 0.02593, 0.04839, 0.04071, 0.04061, 0.0258, 0.02569, 0.0299, 0.03032, 0.02985], "cm5 charges": [-0.23691, -0.15275, -0.16391, 0.03803, -0.54971, 0.05355, -0.23838, 0.60609, -0.60895, -0.16279, -0.05748, -0.15156, -0.23403, 0.07862, 0.08266, 0.08257, 0.08335, 0.07773, 0.08822, 0.09034, 0.0974, 0.10063, 0.12096, 0.08636, 0.08289, 0.07944, 0.10307, 0.09972, 0.09961, 0.08094, 0.08083, 0.08121, 0.08109, 0.08115], "FUKUI+": [0.007, 0.007, 0.004, 0.018, -0.06, 0.021, 0.015, -0.039, -0.142, -0.384, 0.027, 0.011, 0.017, 0.002, -0.022, 0.002, -0.022, -0.017, -0.019, 0.005, -0.045, -0.008, -0.022, -0.042, -0.036, -0.02, -0.007, -0.061, -0.063, -0.023, -0.024, -0.02, -0.035, -0.02], "FUKUI-": [0.013, 0.007, -0.0, 0.016, -0.087, 0.014, 0.006, 0.024, -0.069, -0.278, 0.036, 0.009, 0.013, -0.028, -0.037, -0.017, -0.059, -0.036, -0.028, -0.017, -0.046, -0.027, -0.038, -0.041, -0.041, -0.024, -0.02, -0.057, -0.056, -0.03, -0.029, -0.022, -0.029, -0.023], "FUKUIrad": [0.01, 0.007, 0.002, 0.017, -0.074, 0.018, 0.011, -0.007, -0.106, -0.331, 0.031, 0.01, 0.015, -0.013, -0.03, -0.007, -0.041, -0.026, -0.024, -0.006, -0.046, -0.017, -0.03, -0.042, -0.039, -0.022, -0.014, -0.059, -0.059, -0.026, -0.027, -0.021, -0.032, -0.021], "s proportion": [1.008, 1.027, 1.036, 1.01, 1.446, 1.004, 1.011, 0.995, 1.73, 1.925, 1.038, 1.028, 1.008, 0.973, 0.968, 0.969, 0.971, 0.977, 0.969, 0.968, 0.968, 0.967, 0.948, 0.979, 0.968, 0.974, 0.952, 0.959, 0.959, 0.974, 0.974, 0.97, 0.97, 0.97], "p proportion": [3.079, 3.013, 3.023, 2.902, 3.85, 2.893, 3.083, 2.507, 4.832, 4.204, 2.929, 3.014, 3.075, 0.0, 0.0, 0.0, 0.0, 0.0, 0.0, 0.0, 0.0, 0.0, 0.0, 0.0, 0.0, 0.0, 0.0, 0.0, 0.0, 0.0, 0.0, 0.0, 0.0, 0.0], "d proportion": [0.0, 0.0, 0.0, 0.0, 0.0, 0.0, 0.0, 0.0, 0.0, 0.0, 0.0, 0.0, 0.0, 0.0, 0.0, 0.0, 0.0, 0.0, 0.0, 0.0, 0.0, 0.0, 0.0, 0.0, 0.0, 0.0, 0.0, 0.0, 0.0, 0.0, 0.0, 0.0, 0.0, 0.0], "Fermi-level/eV": -8.0177, "Coordination numbers": [3.749, 3.799, 3.8, 3.737, 2.762, 3.744, 3.749, 2.749, 0.879, 2.043, 3.795, 3.84, 3.75, 0.924, 0.924, 0.924, 0.924, 0.924, 0.924, 0.924, 0.924, 0.924, 0.924, 0.924, 0.924, 0.924, 0.924, 0.924, 0.924, 0.924, 0.924, 0.924, 0.924, 0.924], "Dispersion coefficient C6": [22.564, 21.528, 21.714, 20.694, 23.576, 20.47, 22.608, 22.011, 22.597, 148.859, 20.449, 21.489, 22.524, 2.521, 2.513, 2.439, 2.508, 2.575, 2.52, 2.362, 2.305, 2.183, 2.16, 2.412, 2.398, 2.484, 2.288, 2.255, 2.257, 2.428, 2.429, 2.483, 2.446, 2.484], "Total dispersion C6": 10115.424824, "Total dispersion C8": 241408.085141, "Polarizability alpha": [6.775, 6.606, 6.635, 6.492, 7.212, 6.454, 6.781, 7.682, 6.374, 20.535, 6.439, 6.595, 6.768, 2.483, 2.479, 2.442, 2.477, 2.509, 2.482, 2.403, 2.374, 2.311, 2.298, 2.429, 2.422, 2.465, 2.366, 2.349, 2.349, 2.437, 2.437, 2.464, 2.446, 2.465], "Total polarizability alpha": 152.23351, "Wiberg matrix": [[0.0, 1.0211592244137444, 0.0, 0.0, 0.0, 0.0, 0.0, 0.0, 0.0, 0.0, 0.0, 0.0, 0.0, 0.9859832879768555, 0.986858830504079, 0.986845466058454, 0.0, 0.0, 0.0, 0.0, 0.0, 0.0, 0.0, 0.0, 0.0, 0.0, 0.0, 0.0, 0.0, 0.0, 0.0, 0.0, 0.0, 0.0], [1.0211592244137444, 0.0, 1.0053961305639516, 0.0, 0.0, 0.0, 0.0, 0.0, 0.0, 0.0, 0.0, 0.0, 0.0, 0.0, 0.0, 0.0, 0.9773125775630043, 0.9775461705017409, 0.0, 0.0, 0.0, 0.0, 0.0, 0.0, 0.0, 0.0, 0.0, 0.0, 0.0, 0.0, 0.0, 0.0, 0.0, 0.0], [0.0, 1.0053961305639516, 0.0, 0.9972330016431391, 0.0, 0.0, 0.0, 0.0, 0.0, 0.0, 0.0, 0.0, 0.0, 0.0, 0.0, 0.0, 0.0, 0.0, 0.9752495092157571, 0.9749907912190839, 0.0, 0.0, 0.0, 0.0, 0.0, 0.0, 0.0, 0.0, 0.0, 0.0, 0.0, 0.0, 0.0, 0.0], [0.0, 0.0, 0.9972330016431391, 0.0, 0.9838851687172949, 0.0, 0.0, 0.0, 0.0, 0.0, 0.0, 0.0, 0.0, 0.0, 0.0, 0.0, 0.0, 0.0, 0.0, 0.0, 0.9683765353405748, 0.9622125750959062, 0.0, 0.0, 0.0, 0.0, 0.0, 0.0, 0.0, 0.0, 0.0, 0.0, 0.0, 0.0], [0.0, 0.0, 0.0, 0.9838851687172949, 0.0, 0.9804475208288421, 0.0, 1.2130239803731162, 0.1710523139424806, 0.0, 0.0, 0.0, 0.0, 0.0, 0.0, 0.0, 0.0, 0.0, 0.0, 0.0, 0.0, 0.0, 0.0, 0.0, 0.0, 0.0, 0.0, 0.0, 0.0, 0.0, 0.0, 0.0, 0.0, 0.0], [0.0, 0.0, 0.0, 0.0, 0.9804475208288421, 0.0, 1.0110735892662637, 0.0, 0.0, 0.0, 0.0, 0.0, 0.0, 0.0, 0.0, 0.0, 0.0, 0.0, 0.0, 0.0, 0.0, 0.0, 0.9686016900265103, 0.9705414715675237, 0.0, 0.0, 0.0, 0.0, 0.0, 0.0, 0.0, 0.0, 0.0, 0.0], [0.0, 0.0, 0.0, 0.0, 0.0, 1.0110735892662637, 0.0, 0.0, 0.0, 0.0, 0.0, 0.0, 0.0, 0.0, 0.0, 0.0, 0.0, 0.0, 0.0, 0.0, 0.0, 0.0, 0.0, 0.0, 0.9839352521351544, 0.9860159807103863, 0.985786580857205, 0.0, 0.0, 0.0, 0.0, 0.0, 0.0, 0.0], [0.0, 0.0, 0.0, 0.0, 1.2130239803731162, 0.0, 0.0, 0.0, 1.6570206971254127, 1.0219718534527462, 0.0, 0.0, 0.0, 0.0, 0.0, 0.0, 0.0, 0.0, 0.0, 0.0, 0.0, 0.0, 0.0, 0.0, 0.0, 0.0, 0.0, 0.0, 0.0, 0.0, 0.0, 0.0, 0.0, 0.0], [0.0, 0.0, 0.0, 0.0, 0.1710523139424806, 0.0, 0.0, 1.6570206971254127, 0.0, 0.1610484276884004, 0.0, 0.0, 0.0, 0.0, 0.0, 0.0, 0.0, 0.0, 0.0, 0.0, 0.0, 0.0, 0.0, 0.0, 0.0, 0.0, 0.0, 0.0, 0.0, 0.0, 0.0, 0.0, 0.0, 0.0], [0.0, 0.0, 0.0, 0.0, 0.0, 0.0, 0.0, 1.0219718534527462, 0.1610484276884004, 0.0, 0.9812506149531933, 0.0, 0.0, 0.0, 0.0, 0.0, 0.0, 0.0, 0.0, 0.0, 0.0, 0.0, 0.0, 0.0, 0.0, 0.0, 0.0, 0.0, 0.0, 0.0, 0.0, 0.0, 0.0, 0.0], [0.0, 0.0, 0.0, 0.0, 0.0, 0.0, 0.0, 0.0, 0.0, 0.9812506149531933, 0.0, 1.010447438897937, 0.0, 0.0, 0.0, 0.0, 0.0, 0.0, 0.0, 0.0, 0.0, 0.0, 0.0, 0.0, 0.0, 0.0, 0.0, 0.9728217198451306, 0.9728266933953669, 0.0, 0.0, 0.0, 0.0, 0.0], [0.0, 0.0, 0.0, 0.0, 0.0, 0.0, 0.0, 0.0, 0.0, 0.0, 1.010447438897937, 0.0, 1.015505266249835, 0.0, 0.0, 0.0, 0.0, 0.0, 0.0, 0.0, 0.0, 0.0, 0.0, 0.0, 0.0, 0.0, 0.0, 0.0, 0.0, 0.9772973760243054, 0.9773027316331095, 0.0, 0.0, 0.0], [0.0, 0.0, 0.0, 0.0, 0.0, 0.0, 0.0, 0.0, 0.0, 0.0, 0.0, 1.015505266249835, 0.0, 0.0, 0.0, 0.0, 0.0, 0.0, 0.0, 0.0, 0.0, 0.0, 0.0, 0.0, 0.0, 0.0, 0.0, 0.0, 0.0, 0.0, 0.0, 0.9872483794685402, 0.9856246844546963, 0.9872450353469004], [0.9859832879768555, 0.0, 0.0, 0.0, 0.0, 0.0, 0.0, 0.0, 0.0, 0.0, 0.0, 0.0, 0.0, 0.0, 0.0, 0.0, 0.0, 0.0, 0.0, 0.0, 0.0, 0.0, 0.0, 0.0, 0.0, 0.0, 0.0, 0.0, 0.0, 0.0, 0.0, 0.0, 0.0, 0.0], [0.986858830504079, 0.0, 0.0, 0.0, 0.0, 0.0, 0.0, 0.0, 0.0, 0.0, 0.0, 0.0, 0.0, 0.0, 0.0, 0.0, 0.0, 0.0, 0.0, 0.0, 0.0, 0.0, 0.0, 0.0, 0.0, 0.0, 0.0, 0.0, 0.0, 0.0, 0.0, 0.0, 0.0, 0.0], [0.986845466058454, 0.0, 0.0, 0.0, 0.0, 0.0, 0.0, 0.0, 0.0, 0.0, 0.0, 0.0, 0.0, 0.0, 0.0, 0.0, 0.0, 0.0, 0.0, 0.0, 0.0, 0.0, 0.0, 0.0, 0.0, 0.0, 0.0, 0.0, 0.0, 0.0, 0.0, 0.0, 0.0, 0.0], [0.0, 0.9773125775630043, 0.0, 0.0, 0.0, 0.0, 0.0, 0.0, 0.0, 0.0, 0.0, 0.0, 0.0, 0.0, 0.0, 0.0, 0.0, 0.0, 0.0, 0.0, 0.0, 0.0, 0.0, 0.0, 0.0, 0.0, 0.0, 0.0, 0.0, 0.0, 0.0, 0.0, 0.0, 0.0], [0.0, 0.9775461705017409, 0.0, 0.0, 0.0, 0.0, 0.0, 0.0, 0.0, 0.0, 0.0, 0.0, 0.0, 0.0, 0.0, 0.0, 0.0, 0.0, 0.0, 0.0, 0.0, 0.0, 0.0, 0.0, 0.0, 0.0, 0.0, 0.0, 0.0, 0.0, 0.0, 0.0, 0.0, 0.0], [0.0, 0.0, 0.9752495092157571, 0.0, 0.0, 0.0, 0.0, 0.0, 0.0, 0.0, 0.0, 0.0, 0.0, 0.0, 0.0, 0.0, 0.0, 0.0, 0.0, 0.0, 0.0, 0.0, 0.0, 0.0, 0.0, 0.0, 0.0, 0.0, 0.0, 0.0, 0.0, 0.0, 0.0, 0.0], [0.0, 0.0, 0.9749907912190839, 0.0, 0.0, 0.0, 0.0, 0.0, 0.0, 0.0, 0.0, 0.0, 0.0, 0.0, 0.0, 0.0, 0.0, 0.0, 0.0, 0.0, 0.0, 0.0, 0.0, 0.0, 0.0, 0.0, 0.0, 0.0, 0.0, 0.0, 0.0, 0.0, 0.0, 0.0], [0.0, 0.0, 0.0, 0.9683765353405748, 0.0, 0.0, 0.0, 0.0, 0.0, 0.0, 0.0, 0.0, 0.0, 0.0, 0.0, 0.0, 0.0, 0.0, 0.0, 0.0, 0.0, 0.0, 0.0, 0.0, 0.0, 0.0, 0.0, 0.0, 0.0, 0.0, 0.0, 0.0, 0.0, 0.0], [0.0, 0.0, 0.0, 0.9622125750959062, 0.0, 0.0, 0.0, 0.0, 0.0, 0.0, 0.0, 0.0, 0.0, 0.0, 0.0, 0.0, 0.0, 0.0, 0.0, 0.0, 0.0, 0.0, 0.0, 0.0, 0.0, 0.0, 0.0, 0.0, 0.0, 0.0, 0.0, 0.0, 0.0, 0.0], [0.0, 0.0, 0.0, 0.0, 0.0, 0.9686016900265103, 0.0, 0.0, 0.0, 0.0, 0.0, 0.0, 0.0, 0.0, 0.0, 0.0, 0.0, 0.0, 0.0, 0.0, 0.0, 0.0, 0.0, 0.0, 0.0, 0.0, 0.0, 0.0, 0.0, 0.0, 0.0, 0.0, 0.0, 0.0], [0.0, 0.0, 0.0, 0.0, 0.0, 0.9705414715675237, 0.0, 0.0, 0.0, 0.0, 0.0, 0.0, 0.0, 0.0, 0.0, 0.0, 0.0, 0.0, 0.0, 0.0, 0.0, 0.0, 0.0, 0.0, 0.0, 0.0, 0.0, 0.0, 0.0, 0.0, 0.0, 0.0, 0.0, 0.0], [0.0, 0.0, 0.0, 0.0, 0.0, 0.0, 0.9839352521351544, 0.0, 0.0, 0.0, 0.0, 0.0, 0.0, 0.0, 0.0, 0.0, 0.0, 0.0, 0.0, 0.0, 0.0, 0.0, 0.0, 0.0, 0.0, 0.0, 0.0, 0.0, 0.0, 0.0, 0.0, 0.0, 0.0, 0.0], [0.0, 0.0, 0.0, 0.0, 0.0, 0.0, 0.9860159807103863, 0.0, 0.0, 0.0, 0.0, 0.0, 0.0, 0.0, 0.0, 0.0, 0.0, 0.0, 0.0, 0.0, 0.0, 0.0, 0.0, 0.0, 0.0, 0.0, 0.0, 0.0, 0.0, 0.0, 0.0, 0.0, 0.0, 0.0], [0.0, 0.0, 0.0, 0.0, 0.0, 0.0, 0.985786580857205, 0.0, 0.0, 0.0, 0.0, 0.0, 0.0, 0.0, 0.0, 0.0, 0.0, 0.0, 0.0, 0.0, 0.0, 0.0, 0.0, 0.0, 0.0, 0.0, 0.0, 0.0, 0.0, 0.0, 0.0, 0.0, 0.0, 0.0], [0.0, 0.0, 0.0, 0.0, 0.0, 0.0, 0.0, 0.0, 0.0, 0.0, 0.9728217198451306, 0.0, 0.0, 0.0, 0.0, 0.0, 0.0, 0.0, 0.0, 0.0, 0.0, 0.0, 0.0, 0.0, 0.0, 0.0, 0.0, 0.0, 0.0, 0.0, 0.0, 0.0, 0.0, 0.0], [0.0, 0.0, 0.0, 0.0, 0.0, 0.0, 0.0, 0.0, 0.0, 0.0, 0.9728266933953669, 0.0, 0.0, 0.0, 0.0, 0.0, 0.0, 0.0, 0.0, 0.0, 0.0, 0.0, 0.0, 0.0, 0.0, 0.0, 0.0, 0.0, 0.0, 0.0, 0.0, 0.0, 0.0, 0.0], [0.0, 0.0, 0.0, 0.0, 0.0, 0.0, 0.0, 0.0, 0.0, 0.0, 0.0, 0.9772973760243054, 0.0, 0.0, 0.0, 0.0, 0.0, 0.0, 0.0, 0.0, 0.0, 0.0, 0.0, 0.0, 0.0, 0.0, 0.0, 0.0, 0.0, 0.0, 0.0, 0.0, 0.0, 0.0], [0.0, 0.0, 0.0, 0.0, 0.0, 0.0, 0.0, 0.0, 0.0, 0.0, 0.0, 0.9773027316331095, 0.0, 0.0, 0.0, 0.0, 0.0, 0.0, 0.0, 0.0, 0.0, 0.0, 0.0, 0.0, 0.0, 0.0, 0.0, 0.0, 0.0, 0.0, 0.0, 0.0, 0.0, 0.0], [0.0, 0.0, 0.0, 0.0, 0.0, 0.0, 0.0, 0.0, 0.0, 0.0, 0.0, 0.0, 0.9872483794685402, 0.0, 0.0, 0.0, 0.0, 0.0, 0.0, 0.0, 0.0, 0.0, 0.0, 0.0, 0.0, 0.0, 0.0, 0.0, 0.0, 0.0, 0.0, 0.0, 0.0, 0.0], [0.0, 0.0, 0.0, 0.0, 0.0, 0.0, 0.0, 0.0, 0.0, 0.0, 0.0, 0.0, 0.9856246844546963, 0.0, 0.0, 0.0, 0.0, 0.0, 0.0, 0.0, 0.0, 0.0, 0.0, 0.0, 0.0, 0.0, 0.0, 0.0, 0.0, 0.0, 0.0, 0.0, 0.0, 0.0], [0.0, 0.0, 0.0, 0.0, 0.0, 0.0, 0.0, 0.0, 0.0, 0.0, 0.0, 0.0, 0.9872450353469004, 0.0, 0.0, 0.0, 0.0, 0.0, 0.0, 0.0, 0.0, 0.0, 0.0, 0.0, 0.0, 0.0, 0.0, 0.0, 0.0, 0.0, 0.0, 0.0, 0.0, 0.0]], "Born radii": [], "Atomic SASAs": [], "Solvent H bonds": [], "Total SASA": NaN, "Total FOD": 0.0, "FOD": [0.0, 0.0, 0.0, 0.0, 0.0, 0.0, 0.0, 0.0, 0.0, 0.0, 0.0, 0.0, 0.0, 0.0, 0.0, 0.0, 0.0, 0.0, 0.0, 0.0, 0.0, 0.0, 0.0, 0.0, 0.0, 0.0, 0.0, 0.0, 0.0, 0.0, 0.0, 0.0, 0.0, 0.0], "FOD s proportion": [0.0, 0.0, 0.0, 0.0, 0.0, 0.0, 0.0, 0.0, 0.0, 0.0, 0.0, 0.0, 0.0, 0.0, 0.0, 0.0, 0.0, 0.0, 0.0, 0.0, 0.0, 0.0, 0.0, 0.0, 0.0, 0.0, 0.0, 0.0, 0.0, 0.0, 0.0, 0.0, 0.0, 0.0], "FOD p proportion": [0.0, 0.0, 0.0, 0.0, 0.0, 0.0, 0.0, 0.0, 0.0, 0.0, 0.0, 0.0, 0.0, 0.0, 0.0, 0.0, 0.0, 0.0, 0.0, 0.0, 0.0, 0.0, 0.0, 0.0, 0.0, 0.0, 0.0, 0.0, 0.0, 0.0, 0.0, 0.0, 0.0, 0.0], "FOD d proportion": [0.0, 0.0, 0.0, 0.0, 0.0, 0.0, 0.0, 0.0, 0.0, 0.0, 0.0, 0.0, 0.0, 0.0, 0.0, 0.0, 0.0, 0.0, 0.0, 0.0, 0.0, 0.0, 0.0, 0.0, 0.0, 0.0, 0.0, 0.0, 0.0, 0.0, 0.0, 0.0, 0.0, 0.0], "coordinates": [["-3.04580", "-2.48730", "-0.10260"], ["-3.48410", "-1.19280", "0.56480"], ["-2.33650", "-0.20810", "0.79450"], ["-1.74330", "0.34170", "-0.50550"], ["-0.70220", "1.34440", "-0.24450"], ["-1.13880", "2.73610", "-0.15180"], ["-1.11100", "3.42760", "-1.50610"], ["0.65990", "1.08740", "-0.09560"], ["1.49370", "1.97050", "0.07570"], ["1.15610", "-0.60030", "-0.15560"], ["2.94350", "-0.40030", "0.10010"], ["3.62570", "-1.76600", "0.09220"], ["5.12650", "-1.63000", "0.30460"], ["-2.70090", "-2.31500", "-1.12620"], ["-3.88570", "-3.18790", "-0.15030"], ["-2.23760", "-2.96550", "0.45970"], ["-3.93170", "-1.43670", "1.53570"], ["-4.26920", "-0.71900", "-0.03580"], ["-2.71560", "0.62660", "1.39730"], ["-1.55610", "-0.68670", "1.39760"], ["-2.52890", "0.81290", "-1.10820"], ["-1.33320", "-0.46340", "-1.12020"], ["-0.48790", "3.27960", "0.54240"], ["-2.14920", "2.76560", "0.27080"], ["-1.44010", "4.46670", "-1.40900"], ["-1.77170", "2.92500", "-2.21980"], ["-0.10120", "3.42630", "-1.92930"], ["3.35410", "0.22750", "-0.69800"], ["3.11720", "0.09890", "1.05940"], ["3.45090", "-2.27530", "-0.86340"], ["3.21500", "-2.40320", "0.88490"], ["5.58180", "-1.02730", "-0.48770"], ["5.60120", "-2.61620", "0.29650"], ["5.34510", "-1.15560", "1.26670"]], "bond_dist": [[0.0, 1.5209404656330239, 2.5500289292476666, 3.140394188633013, 4.49383148994263, 5.560843209442251, 6.379600716345811, 5.148858279269298, 6.364812014506006, 4.6064673677341945, 6.345736425348913, 6.713205864562773, 8.22722689732087, 1.093800831961651, 1.0947820148321767, 1.0945518580679492, 2.1383652774958724, 2.151291400531318, 3.4720462640926892, 2.7770427598436433, 3.4885150150171347, 2.839837976012012, 6.34160965528469, 5.34193574746084, 7.255554386123779, 5.9496939366659864, 6.85406208098526, 6.9773462154317665, 6.783895889531324, 6.5445298937356835, 6.33875742555274, 8.758731858551215, 8.657164952800658, 8.605556936654361], [1.5209404656330239, 0.0, 1.5295038215055234, 2.5555071864504706, 3.8511450167450203, 4.631436371148803, 5.591808882642539, 4.7757906361146105, 5.918122889903521, 4.733021070098886, 6.492922616202969, 7.148507889063283, 8.625617672955368, 2.1753657347673747, 2.1570986486482253, 2.169625209569616, 1.0965763904078913, 1.0961700643604528, 2.143330319852729, 2.160295593200153, 2.781037311867642, 2.8280063949715535, 5.383314774374614, 4.187758895877365, 6.332753168251547, 5.257621873052492, 6.2450486010919075, 7.09738650279101, 6.744648229522427, 7.162805769389535, 6.815091560646855, 9.128290601750145, 9.200039594480016, 8.857133853002335], [2.5500289292476666, 1.5295038215055234, 0.0, 1.531067039681803, 2.48207851205396, 3.3163658754727288, 4.473580791714843, 3.3836387543589814, 4.464684024653929, 3.640709492667604, 5.328933495550492, 6.202266242269837, 7.613026377203747, 2.8741787453114327, 3.4888215374249225, 2.7794112703952254, 2.1455764819740173, 2.1646584464991236, 1.0971821817729268, 1.0962717409474714, 2.1678851560910695, 2.176663747573336, 3.9553669437866317, 3.025266049457469, 5.245255022398816, 4.384212488007396, 5.0620663656258005, 5.899172142767153, 5.468753486856031, 6.365213822802813, 5.9704094013727405, 8.06316317396591, 8.309875504482603, 7.754205803949235], [3.140394188633013, 2.5555071864504706, 1.531067039681803, 0.0, 1.468814998561766, 2.4947295043751736, 3.305114591054295, 2.5494032125185693, 3.670007068113085, 3.0686013703314416, 4.783660690308208, 5.7987762139955015, 7.192914217478198, 2.8914219927226115, 4.144167100878052, 3.4804475818492078, 3.481134665593964, 2.7795455365940667, 2.1557326225670934, 2.171276124770868, 1.0965601169110613, 1.0928056140046134, 3.36234739133243, 2.5773412094637376, 4.233658877377817, 3.100495112074844, 3.7733878690110827, 5.102311696672402, 5.111978491738791, 5.827220182042207, 5.835445746470445, 7.451950607055847, 7.958269702642654, 7.4584190476266485], [4.49383148994263, 3.8511450167450203, 2.48207851205396, 1.468814998561766, 0.0, 1.4615203522359856, 2.469508906645206, 1.3941078222289696, 2.305754986983656, 2.69128968897813, 4.0563352598127285, 5.340287769399699, 6.56675794132843, 4.2618546361883345, 5.5394304021261975, 4.629102376271235, 4.618798490949784, 4.126095521191917, 2.695278026475191, 2.7479091742632247, 2.0893307134103978, 2.1055052434035875, 2.100032175943978, 2.0926424754362603, 3.413109132448009, 2.7466227807982664, 2.7448241564807025, 4.231630601789338, 4.223652663276184, 5.5437807415156675, 5.537554149622377, 6.721068600304568, 7.464039450592421, 6.715918606564556], [5.560843209442251, 4.631436371148803, 3.3163658754727288, 2.4947295043751736, 1.4615203522359856, 0.0, 1.5208792128239508, 2.440633487437227, 2.7509917956984173, 4.049462360610357, 5.154185858115712, 6.559641808818528, 7.650170864758512, 5.376171777389558, 6.529872729234468, 5.838624516956028, 5.29718854676705, 4.663751298043239, 3.0554867533668015, 3.780256537591067, 2.5584716551097455, 3.3484907301648605, 1.0958908248543737, 1.0956136043332065, 2.160164320138633, 2.170914466302162, 2.1708284248185072, 5.174703741278335, 5.151248904877341, 6.832704487243686, 6.814890007916489, 7.709894469446388, 8.61833442029259, 7.694051621220123], [6.379600716345811, 5.591808882642539, 4.473580791714843, 3.305114591054295, 2.469508906645206, 1.5208792128239508, 0.0, 3.2560916909694053, 3.3778238171935495, 4.815347450600008, 5.8027292802611425, 7.208631682920137, 8.23191098712808, 5.970725314398578, 7.300821459260595, 6.78272252196712, 6.39298914593166, 5.415745644876613, 4.341667159053075, 5.05539832159643, 3.000903348993433, 3.9163979177300154, 2.1462781413414245, 2.1618225759761134, 1.094286996176049, 1.0947597636011293, 1.0948954150968029, 5.552547490116586, 5.961519032931121, 7.331238865976199, 7.643911671389198, 8.104125147725695, 9.210348204058302, 8.389002878173304], [5.148858279269298, 4.7757906361146105, 3.3836387543589814, 2.5494032125185693, 1.3941078222289696, 2.440633487437227, 3.2560916909694053, 0.0, 1.226552787286385, 1.7601550301038826, 2.7324675185626632, 4.119845875757975, 5.243561610203507, 4.892181390749938, 6.240485681419356, 5.01296945432545, 5.487714557081118, 5.2500175056851, 3.7195547179736446, 3.2074496176869247, 3.356956128697544, 2.7252951051216456, 2.5554314078057345, 3.292665638961843, 4.189831506158691, 3.7150609631606315, 3.0679279831834383, 2.891544122091171, 2.889546770689133, 4.4369977608739, 4.435561364697821, 5.371293895329132, 6.187636144764816, 5.370103288578349], [6.364812014506006, 5.918122889903521, 4.464684024653929, 3.670007068113085, 2.305754986983656, 2.7509917956984173, 3.3778238171935495, 1.226552787286385, 0.0, 2.6031684713056893, 2.7790660373585943, 4.301991225002673, 5.119885867868541, 6.115941711625447, 7.4564140791670095, 6.199528344156513, 6.570812506836578, 6.360570643425007, 4.612038622995258, 4.25551542001671, 4.350053761736745, 3.917321741955848, 2.4203905180776095, 3.7337606283745615, 4.128260041470257, 4.104050153202322, 2.946707425246015, 2.6641600646357566, 2.665765274738194, 4.768580322276222, 4.7693741748787115, 5.10066525170982, 6.161016619032933, 5.101398256360701], [4.6064673677341945, 4.733021070098886, 3.640709492667604, 3.0686013703314416, 2.69128968897813, 4.049462360610357, 4.815347450600008, 1.7601550301038826, 2.6031684713056893, 0.0, 1.8166400991941138, 2.74211332552103, 4.127486195010228, 4.3311325828240355, 5.667049416583555, 4.1821005272470435, 5.4263956260118, 5.427920579743222, 4.348199962053263, 3.1266474121653056, 4.060025369378867, 2.673164652616819, 4.271248530582129, 4.736676879416623, 5.82973026820281, 5.025999857739751, 4.576059717704742, 2.4105299417348047, 2.4106054944764397, 2.9279195480750495, 2.927824767638938, 4.458636551682589, 4.9017508331207535, 4.458589057089697], [6.345736425348913, 6.492922616202969, 5.328933495550492, 4.783660690308208, 4.0563352598127285, 5.154185858115712, 5.8027292802611425, 2.7324675185626632, 2.7790660373585943, 1.8166400991941138, 0.0, 1.5266288809006596, 2.513855870967944, 6.085157281451318, 7.380473328994557, 5.79252625458012, 7.099538531482169, 7.221016534394586, 5.895987131939823, 4.69168747573834, 5.73402170295858, 4.447839541845007, 5.050920634894197, 5.998971127618469, 6.721682882284763, 6.218735172042623, 5.29448108977641, 1.0953030676484021, 1.0952756821914746, 2.1682739702353113, 2.1682323906814047, 2.774754895481762, 3.4658556028778813, 2.7747281326284927], [6.713205864562773, 7.148507889063283, 6.202266242269837, 5.7987762139955015, 5.340287769399699, 6.559641808818528, 7.208631682920137, 4.119845875757975, 4.301991225002673, 2.74211332552103, 1.5266288809006596, 0.0, 1.5218444072900488, 6.46620190838486, 7.648642743650667, 5.996010622905867, 7.701066517048142, 7.965051099020019, 6.9021667945653125, 5.451606083531715, 6.780175995503362, 5.268526333805307, 6.525524067843134, 7.342803724055274, 8.170831069726017, 7.515500765750743, 6.7034487504567375, 2.161532986100374, 2.161457864497941, 1.0968650281598005, 1.0968462152918248, 2.16985919128408, 2.1603654274219446, 2.169878975887826], [8.22722689732087, 8.625617672955368, 7.613026377203747, 7.192914217478198, 6.56675794132843, 7.650170864758512, 8.23191098712808, 5.243561610203507, 5.119885867868541, 4.127486195010228, 2.513855870967944, 1.5218444072900488, 0.0, 7.986526428930164, 9.157168517615037, 7.485825610445384, 9.143520073800898, 9.445897080214245, 8.233150627797356, 6.83678335549694, 8.158977473311225, 6.717048063695837, 7.462051216656181, 8.500485414963077, 9.122851057098325, 8.643250754201222, 7.608240676398191, 2.7562501283446683, 2.7561031802165896, 2.1420250815525015, 2.142059424946003, 1.0946618975738582, 1.0945301000886183, 1.0947500765014817], [1.093800831961651, 2.1753657347673747, 2.8741787453114327, 2.8914219927226115, 4.2618546361883345, 5.376171777389558, 5.970725314398578, 4.892181390749938, 6.115941711625447, 4.3311325828240355, 6.085157281451318, 6.46620190838486, 7.986526428930164, 0.0, 1.765810369207294, 1.7756339572107762, 3.0613707942684765, 2.489126965423821, 3.875729466822988, 3.2142642035153237, 3.1326771953075534, 2.3019691244671376, 6.243488137251483, 5.297969257177698, 6.903698093775539, 5.432952567435133, 6.353419188909228, 6.581085510005169, 6.6673869079272725, 6.157538726634206, 6.2490139430153295, 8.40648397547988, 8.428502900278316, 8.473977505870545], [1.0947820148321767, 2.1570986486482253, 3.4888215374249225, 4.144167100878052, 5.5394304021261975, 6.529872729234468, 7.300821459260595, 6.240485681419356, 7.4564140791670095, 5.667049416583555, 7.380473328994557, 7.648642743650667, 9.157168517615037, 1.765810369207294, 0.0, 1.7713823330946934, 2.431339844612431, 2.501129686761564, 4.279557222423834, 3.752203620540868, 4.331844790617503, 3.8573128613064305, 7.338489925045888, 6.2158603354644315, 8.133768266308058, 6.7911245504702675, 7.825274620740157, 8.023692198109298, 7.829881016975929, 7.427452452220748, 7.2185409619950205, 9.716768360416955, 9.514606809532383, 9.557499721684538], [1.0945518580679492, 2.169625209569616, 2.7794112703952254, 3.4804475818492078, 4.629102376271235, 5.838624516956028, 6.78272252196712, 5.01296945432545, 6.199528344156513, 4.1821005272470435, 5.79252625458012, 5.996010622905867, 7.485825610445384, 1.7756339572107762, 1.7713823330946934, 0.0, 2.522891248151612, 3.069149892071093, 3.7430949987944473, 2.5567612520530734, 4.101155039741853, 3.0942733848191244, 6.486105410028425, 5.734893632840978, 7.704910303176799, 6.48804849781504, 7.150289029123228, 6.542371678527596, 6.198715228980921, 5.880986473373323, 5.497983547629076, 8.111547470119373, 7.848275617611809, 7.837367306691706], [2.1383652774958724, 1.0965763904078913, 2.1455764819740173, 3.481134665593964, 4.618798490949784, 5.29718854676705, 6.39298914593166, 5.487714557081118, 6.570812506836578, 5.4263956260118, 7.099538531482169, 7.701066517048142, 9.143520073800898, 3.0613707942684765, 2.431339844612431, 2.522891248151612, 0.0, 1.760287416872597, 2.3990124343154204, 2.495004402801727, 3.744162818307986, 3.841005070290848, 5.923671920354807, 4.73672920378609, 7.051911812409456, 6.147666804569031, 7.094203566997496, 7.800119163833332, 7.229932244495794, 7.807798251107671, 7.241062337806518, 9.734908226069726, 9.685195883408865, 9.284955382229903], [2.151291400531318, 1.0961700643604528, 2.1646584464991236, 2.7795455365940667, 4.126095521191917, 4.663751298043239, 5.415745644876613, 5.2500175056851, 6.360570643425007, 5.427920579743222, 7.221016534394586, 7.965051099020019, 9.445897080214245, 2.489126965423821, 2.501129686761564, 3.069149892071093, 1.760287416872597, 0.0, 2.5056112886878523, 3.0686463562945794, 2.5544869269581314, 3.140278764695899, 5.533655834075697, 4.090335037622224, 6.064731613187842, 4.928092759881859, 6.175846366288591, 7.710322560048962, 7.511812591512117, 7.91877108268701, 7.726413642175779, 9.86617775534173, 10.05656935987616, 9.711945752525597], [3.4720462640926892, 2.143330319852729, 1.0971821817729268, 2.1557326225670934, 2.695278026475191, 3.0554867533668015, 4.341667159053075, 3.7195547179736446, 4.612038622995258, 4.348199962053263, 5.895987131939823, 6.9021667945653125, 8.233150627797356, 3.875729466822988, 4.279557222423834, 3.7430949987944473, 2.3990124343154204, 2.5056112886878523, 0.0, 1.7519124492964822, 2.5193441269505046, 3.0719596367791033, 3.568180250491838, 2.4829684271049444, 4.924285526855647, 4.388280093612987, 5.073428329049302, 6.433569848070353, 5.866361695292918, 7.18035586513649, 6.679390553037006, 8.668071121650998, 8.994257874888845, 8.256402224334762], [2.7770427598436433, 2.160295593200153, 1.0962717409474714, 2.171276124770868, 2.7479091742632247, 3.780256537591067, 5.05539832159643, 3.2074496176869247, 4.25551542001671, 3.1266474121653056, 4.69168747573834, 5.451606083531715, 6.83678335549694, 3.2142642035153237, 3.752203620540868, 2.5567612520530734, 2.495004402801727, 3.0686463562945794, 1.7519124492964822, 0.0, 3.0780145613690655, 2.537491702449488, 4.195706611525644, 3.6796495947304546, 5.869241102561728, 5.116291919935765, 5.4865076888673, 5.416397791890843, 4.750924066957922, 5.718900240430847, 5.096334834957373, 7.390533191861058, 7.494153371128723, 6.918349764214007], [3.4885150150171347, 2.781037311867642, 2.1678851560910695, 1.0965601169110613, 2.0893307134103978, 2.5584716551097455, 3.000903348993433, 3.356956128697544, 4.350053761736745, 4.060025369378867, 5.73402170295858, 6.780175995503362, 8.158977473311225, 3.1326771953075534, 4.331844790617503, 4.101155039741853, 3.744162818307986, 2.5544869269581314, 2.5193441269505046, 3.0780145613690655, 0.0, 1.748938014910763, 3.6020508394524366, 2.420506223912676, 3.8244242076422434, 2.5039913757838703, 3.6602994494986336, 5.9262674762450605, 6.089887599126933, 6.7346057286228715, 6.87809087101937, 8.339952684518062, 8.934787905149177, 8.456655264346537], [2.839837976012012, 2.8280063949715535, 2.176663747573336, 1.0928056140046134, 2.1055052434035875, 3.3484907301648605, 3.9163979177300154, 2.7252951051216456, 3.917321741955848, 2.673164652616819, 4.447839541845007, 5.268526333805307, 6.717048063695837, 2.3019691244671376, 3.8573128613064305, 3.0942733848191244, 3.841005070290848, 3.140278764695899, 3.0719596367791033, 2.537491702449488, 1.748938014910763, 0.0, 4.18196363566208, 3.6093182181680796, 4.939708398276157, 3.5892418377701993, 4.159595280793553, 4.756719136127336, 4.987273564784671, 5.122161717478275, 5.335669900771599, 6.96672551920915, 7.3978030583410375, 7.125736687529227], [6.34160965528469, 5.383314774374614, 3.9553669437866317, 3.36234739133243, 2.100032175943978, 1.0958908248543737, 2.1462781413414245, 2.5554314078057345, 2.4203905180776095, 4.271248530582129, 5.050920634894197, 6.525524067843134, 7.462051216656181, 6.243488137251483, 7.338489925045888, 6.486105410028425, 5.923671920354807, 5.533655834075697, 3.568180250491838, 4.195706611525644, 3.6020508394524366, 4.18196363566208, 0.0, 1.7600796146765634, 2.47464203673986, 3.0665342717797888, 2.506064378662288, 5.0611135701542995, 4.835378733873904, 6.9532246540723825, 6.791390910557277, 7.513438075208978, 8.479272566676931, 7.363389065505096], [5.34193574746084, 4.187758895877365, 3.025266049457469, 2.5773412094637376, 2.0926424754362603, 1.0956136043332065, 2.1618225759761134, 3.292665638961843, 3.7337606283745615, 4.736676879416623, 5.998971127618469, 7.342803724055274, 8.500485414963077, 5.297969257177698, 6.2158603354644315, 5.734893632840978, 4.73672920378609, 4.090335037622224, 2.4829684271049444, 3.6796495947304546, 2.420506223912676, 3.6093182181680796, 1.7600796146765634, 0.0, 2.4936503483848735, 2.524084580595508, 3.0775426073411234, 6.1373313369900435, 5.955514067651927, 7.619593326418412, 7.474506932901996, 8.644638434312913, 9.435736955320449, 8.516581399834092], [7.255554386123779, 6.332753168251547, 5.245255022398816, 4.233658877377817, 3.413109132448009, 2.160164320138633, 1.094286996176049, 4.189831506158691, 4.128260041470257, 5.82973026820281, 6.721682882284763, 8.170831069726017, 9.122851057098325, 6.903698093775539, 8.133768266308058, 7.704910303176799, 7.051911812409456, 6.064731613187842, 4.924285526855647, 5.869241102561728, 3.8244242076422434, 4.939708398276157, 2.47464203673986, 2.4936503483848735, 0.0, 1.7731875507119945, 1.7736396082631896, 6.438997692187815, 6.777880102952545, 8.347102752452495, 8.609730496943559, 8.96325327657319, 10.131935074308364, 9.209156683431985], [5.9496939366659864, 5.257621873052492, 4.384212488007396, 3.100495112074844, 2.7466227807982664, 2.170914466302162, 1.0947597636011293, 3.7150609631606315, 4.104050153202322, 5.025999857739751, 6.218735172042623, 7.515500765750743, 8.643250754201222, 5.432952567435133, 6.7911245504702675, 6.48804849781504, 6.147666804569031, 4.928092759881859, 4.388280093612987, 5.116291919935765, 2.5039913757838703, 3.5892418377701993, 3.0665342717797888, 2.524084580595508, 1.7731875507119945, 0.0, 1.7681239181686335, 5.988840215767992, 6.530033465457891, 7.493896970869028, 7.930703261376005, 8.526125025473178, 9.560142129696608, 8.913799462070033], [6.85406208098526, 6.2450486010919075, 5.0620663656258005, 3.7733878690110827, 2.7448241564807025, 2.1708284248185072, 1.0948954150968029, 3.0679279831834383, 2.946707425246015, 4.576059717704742, 5.29448108977641, 6.7034487504567375, 7.608240676398191, 6.353419188909228, 7.825274620740157, 7.150289029123228, 7.094203566997496, 6.175846366288591, 5.073428329049302, 5.4865076888673, 3.6602994494986336, 4.159595280793553, 2.506064378662288, 3.0775426073411234, 1.7736396082631896, 1.7681239181686335, 0.0, 4.866982558012716, 5.510173954604337, 6.801602736120362, 7.2732368536986325, 7.362693292539083, 8.60135789570461, 7.801948942411762], [6.9773462154317665, 7.09738650279101, 5.899172142767153, 5.102311696672402, 4.231630601789338, 5.174703741278335, 5.552547490116586, 2.891544122091171, 2.6641600646357566, 2.4105299417348047, 1.0953030676484021, 2.161532986100374, 2.7562501283446683, 6.581085510005169, 8.023692198109298, 6.542371678527596, 7.800119163833332, 7.710322560048962, 6.433569848070353, 5.416397791890843, 5.9262674762450605, 4.756719136127336, 5.0611135701542995, 6.1373313369900435, 6.438997692187815, 5.988840215767992, 4.866982558012716, 0.0, 1.7779522856364844, 2.5101265386430223, 3.073353821153692, 2.565423243833267, 3.7583398396100374, 3.12043149259842], [6.783895889531324, 6.744648229522427, 5.468753486856031, 5.111978491738791, 4.223652663276184, 5.151248904877341, 5.961519032931121, 2.889546770689133, 2.665765274738194, 2.4106054944764397, 1.0952756821914746, 2.161457864497941, 2.7561031802165896, 6.6673869079272725, 7.829881016975929, 6.198715228980921, 7.229932244495794, 7.511812591512117, 5.866361695292918, 4.750924066957922, 6.089887599126933, 4.987273564784671, 4.835378733873904, 5.955514067651927, 6.777880102952545, 6.530033465457891, 5.510173954604337, 1.7779522856364844, 0.0, 3.0733273776153425, 2.510083564346016, 3.1202721051216034, 3.758196431800765, 2.5652060248642803], [6.5445298937356835, 7.162805769389535, 6.365213822802813, 5.827220182042207, 5.5437807415156675, 6.832704487243686, 7.331238865976199, 4.4369977608739, 4.768580322276222, 2.9279195480750495, 2.1682739702353113, 1.0968650281598005, 2.1420250815525015, 6.157538726634206, 7.427452452220748, 5.880986473373323, 7.807798251107671, 7.91877108268701, 7.18035586513649, 5.718900240430847, 6.7346057286228715, 5.122161717478275, 6.9532246540723825, 7.619593326418412, 8.347102752452495, 7.493896970869028, 6.801602736120362, 2.5101265386430223, 3.0733273776153425, 0.0, 1.7687736175101663, 2.4978769585389915, 2.466854456590417, 3.062523100321041], [6.33875742555274, 6.815091560646855, 5.9704094013727405, 5.835445746470445, 5.537554149622377, 6.814890007916489, 7.643911671389198, 4.435561364697821, 4.7693741748787115, 2.927824767638938, 2.1682323906814047, 1.0968462152918248, 2.142059424946003, 6.2490139430153295, 7.2185409619950205, 5.497983547629076, 7.241062337806518, 7.726413642175779, 6.679390553037006, 5.096334834957373, 6.87809087101937, 5.335669900771599, 6.791390910557277, 7.474506932901996, 8.609730496943559, 7.930703261376005, 7.2732368536986325, 3.073353821153692, 2.510083564346016, 1.7687736175101663, 0.0, 3.06249470366889, 2.466887512636116, 2.497919736500755], [8.758731858551215, 9.128290601750145, 8.06316317396591, 7.451950607055847, 6.721068600304568, 7.709894469446388, 8.104125147725695, 5.371293895329132, 5.10066525170982, 4.458636551682589, 2.774754895481762, 2.16985919128408, 1.0946618975738582, 8.40648397547988, 9.716768360416955, 8.111547470119373, 9.734908226069726, 9.86617775534173, 8.668071121650998, 7.390533191861058, 8.339952684518062, 6.96672551920915, 7.513438075208978, 8.644638434312913, 8.96325327657319, 8.526125025473178, 7.362693292539083, 2.565423243833267, 3.1202721051216034, 2.4978769585389915, 3.06249470366889, 0.0, 1.7719901833813867, 1.7749386299249896], [8.657164952800658, 9.200039594480016, 8.309875504482603, 7.958269702642654, 7.464039450592421, 8.61833442029259, 9.210348204058302, 6.187636144764816, 6.161016619032933, 4.9017508331207535, 3.4658556028778813, 2.1603654274219446, 1.0945301000886183, 8.428502900278316, 9.514606809532383, 7.848275617611809, 9.685195883408865, 10.05656935987616, 8.994257874888845, 7.494153371128723, 8.934787905149177, 7.3978030583410375, 8.479272566676931, 9.435736955320449, 10.131935074308364, 9.560142129696608, 8.60135789570461, 3.7583398396100374, 3.758196431800765, 2.466854456590417, 2.466887512636116, 1.7719901833813867, 0.0, 1.7720687373801278], [8.605556936654361, 8.8