{"total energy": -42.28320863, "HOMO-LUMO gap/eV": 4.4781314, "electronic energy": -42.84781731, "dipole": [0.03266825, -1.14759018, -0.4776234], "partial charges": [-0.03719377, -0.19070898, 0.39469761, -0.45063437, -0.30073766, 0.14401496, -0.03953344, -0.03118951, -0.03499554, -0.03959383, -0.00056854, -0.00583588, -0.09867906, -0.09466233, 0.05768751, 0.08056319, 0.05384305, 0.18152504, 0.05049805, 0.04101534, 0.03817077, 0.03914857, 0.0357716, 0.03219804, 0.03345084, 0.04040668, 0.03338914, 0.03513739, 0.03281514], "atomic dipole moments": [[-0.13743558, 0.02424154, -0.11411453], [0.01429337, 0.0044783, 0.09119832], [-0.09279103, -0.02611925, -0.10187624], [-0.01925802, -0.15189273, -0.12122834], [0.02102594, 0.17433273, 0.11805055], [0.19511449, -0.19600699, 0.03854215], [-0.00501472, -0.02360812, 0.01335286], [0.00805135, -0.01137086, 0.00487586], [0.00734023, -0.00437989, 0.00154729], [0.01642051, -0.01641553, 0.00460494], [0.00559498, -0.07200372, 0.01352668], [0.09569896, -0.01432345, -0.00571688], [-0.02441346, 0.07715812, 0.07302404], [-0.03880446, 0.03145169, -0.09429459], [0.07975882, -0.07966613, -0.0558875], [0.05654347, 0.1188419, 0.0288721], [-0.05571627, -0.04782248, 0.09894009], [-0.04883294, -0.10245501, -0.08060737], [0.14936373, 0.0356856, -0.03102355], [0.04320929, 0.13812914, -0.04282173], [-0.10138984, 0.11010531, -0.01479335], [-0.14756413, -0.0174585, 0.02568882], [-0.11887763, 0.00048209, 0.0131549], [-0.04406798, 0.03361136, -0.11484023], [-0.05635594, -0.10717854, 0.02886799], [0.1229044, -0.03247612, -0.01763047], [0.12496464, -0.02806746, 0.00421957], [-0.01951508, 0.08933077, 0.09039305], [-0.05567642, -0.10324808, 0.04055903]], "atomic quadrupole moments": [[0.13968162, -0.09054411, -0.17991552, 0.27684252, -0.05585359, 0.0402339], [0.03346535, -0.05268591, -0.04638984, 0.05201347, -0.03565536, 0.01292448], [0.07298341, 0.19189501, -0.18069037, -0.12000343, -0.25825661, 0.10770695], [-0.01855006, 0.06568919, -0.01204054, -0.09178369, -0.0590595, 0.03059061], [0.02695468, -0.04888982, 0.01312628, 0.04945379, 0.00983738, -0.04008097], [-0.15604186, -0.34670961, -0.07535469, 0.16794698, 0.15676992, 0.23139655], [-0.2494518, 0.01243541, -0.18744058, 0.12135177, 0.19772023, 0.43689238], [-0.24172866, 0.01544415, -0.21465541, 0.10896303, 0.2018664, 0.45638407], [-0.23878568, 0.03505378, -0.21899102, 0.10180673, 0.19573822, 0.45777671], [-0.24785691, 0.04091951, -0.19690269, 0.09600872, 0.18156741, 0.4447596], [-0.29740415, 0.09501751, -0.10477832, 0.06641177, 0.12507066, 0.40218247], [-0.18748715, -0.02602937, 0.09399195, 0.03905517, 0.00320427, 0.0934952], [-0.10610669, -0.03934206, 0.05099152, -0.04538048, 0.16000708, 0.05511517], [-0.06597344, -0.02738319, -0.08638229, 0.11144943, -0.08207641, 0.15235573], [0.01865631, -0.05690108, -0.00925292, -0.01560104, 0.03381432, -0.00940338], [-0.01959531, 0.03277108, 0.04758183, 0.02107003, 0.00597343, -0.02798651], [-0.00231355, 0.01489682, -0.0396157, -0.01579324, -0.04582204, 0.04192925], [-0.00670472, -0.02691529, 0.03046306, 0.02673136, 0.03197524, -0.02375834], [0.02891142, -0.01501511, 0.02020575, -0.00891732, -0.02265381, -0.04911717], [0.0372936, -0.00655237, 0.0222486, -0.01417096, -0.02541492, -0.0595422], [0.03444859, 0.00066505, 0.02604747, -0.01520366, -0.02606896, -0.06049606], [0.02493722, 0.00178689, 0.03544899, -0.01344338, -0.02764716, -0.0603862], [0.02902683, -0.01050222, -0.00603172, -0.00329763, -0.00382439, -0.02299511], [-0.03061186, -0.02600532, -0.01847479, 0.03854709, -0.03430724, 0.04908665], [-0.01515173, 0.04857683, 0.04126112, -0.03311431, -0.02615003, -0.02610939], [0.08166264, -0.00779069, -0.04083749, 0.00074623, 0.00853767, -0.04082515], [0.07757352, -0.01491502, -0.04787512, -0.02196263, -0.00161665, -0.0296984], [-0.04087886, -0.02617492, 0.03277676, -0.00800312, 0.0534742, 0.0081021], [-0.00618027, 0.05767415, 0.03908008, -0.00178393, -0.02919345, -0.03289981]], "number of molecular orbitals": 71, "number of electrons": 76, "number of unpaired electrons": 0, "orbital energies/eV": [-19.83734657, -19.11311686, -18.4380748, -17.91968593, -17.47833277, -17.15532896, -16.73515943, -16.63002225, -16.37478401, -16.01424091, -16.00060568, -15.90832843, -15.73498686, -15.38745739, -15.18123648, -14.7518509, -14.40234353, -14.207201, -14.0500936, -13.958854, -13.68210107, -13.47969878, -13.39044665, -13.29844907, -13.13503913, -13.04806568, -12.7434489, -12.55311692, -12.50973224, -12.25208523, -12.02898133, -11.83024115, -11.58224844, -11.43690956, -11.22848001, -11.02360246, -10.87070095, -10.67900872, -6.20087732, -6.18597915, -5.42270837, -2.82037647, -0.57738878, 1.3428868, 1.75936384, 2.46517103, 2.9698388, 3.38867342, 3.69461922, 3.72710991, 3.83473145, 4.47178219, 4.62218612, 4.71140077, 4.85486252, 4.98885448, 5.27555562, 5.4330028, 5.54166057, 5.81438381, 6.49856389, 6.85501742, 7.28806191, 8.90227326, 10.12208464, 10.42774107, 11.55340402, 11.70192504, 16.20431999, 16.68710055, 17.27640439], "fractional occupation": [2.0, 2.0, 2.0, 2.0, 2.0, 2.0, 2.0, 2.0, 2.0, 2.0, 2.0, 2.0, 2.0, 2.0, 2.0, 2.0, 2.0, 2.0, 2.0, 2.0, 2.0, 2.0, 2.0, 2.0, 2.0, 2.0, 2.0, 2.0, 2.0, 2.0, 2.0, 2.0, 2.0, 2.0, 2.0, 2.0, 2.0, 2.0, 0.0, 0.0, 0.0, 0.0, 0.0, 0.0, 0.0, 0.0, 0.0, 0.0, 0.0, 0.0, 0.0, 0.0, 0.0, 0.0, 0.0, 0.0, 0.0, 0.0, 0.0, 0.0, 0.0, 0.0, 0.0, 0.0, 0.0, 0.0, 0.0, 0.0, 0.0, 0.0, 0.0], "program call": "xtb /home/svss/Project-DBcg-Debug/aqme2_20220329/End-to-End-workflows-final/example-3/QDESCP/mol_1014_rdkit_conf_3/mol_1014_rdkit_conf_3.xyz --pop --wbo --acc 0.2 --gfn 2 --chrg 0 --uhf 0 --etemp 300 --input /home/svss/Project-DBcg-Debug/aqme2_20220329/End-to-End-workflows-final/example-3/QDESCP/mol_1014_rdkit_conf_3/mol_1014_rdkit_conf_3_xtb.inp", "method": "GFN2-xTB", "xtb version": "6.3.3 (7355c4f)", "Dipole module/D": 3.161, "Total charge": 0, "Transition dipole module/D": NaN, "HOMO": -10.679, "LUMO": -6.2009, "HOMO occupancy": 2.0, "LUMO occupancy": 0, "mulliken charges": [0.07221, -0.35017, 0.64991, -0.56382, -0.43115, 0.2446, -0.04746, -0.02665, -0.03515, -0.03852, -0.02328, 0.00921, -0.08601, -0.08592, 0.03107, 0.05687, 0.03703, 0.23467, 0.05138, 0.03417, 0.03171, 0.03239, 0.02167, 0.0285, 0.02659, 0.03262, 0.03323, 0.03391, 0.02639], "cm5 charges": [-0.0141, -0.7107, 0.77085, -0.60454, -0.49437, 0.26332, -0.09708, -0.08185, -0.09044, -0.0917, -0.03164, -0.05718, -0.23259, -0.23257, 0.0925, 0.12102, 0.09938, 0.43335, 0.11163, 0.08965, 0.08707, 0.08859, 0.08123, 0.08034, 0.07798, 0.08849, 0.08978, 0.08583, 0.07778], "FUKUI+": [0.022, -0.046, -0.039, -0.08, -0.046, -0.047, -0.035, -0.045, -0.049, -0.037, -0.061, 0.005, 0.013, 0.012, -0.036, -0.021, -0.029, -0.034, -0.066, -0.078, -0.079, -0.075, -0.032, -0.016, -0.036, -0.011, -0.006, -0.013, -0.037], "FUKUI-": [0.024, -0.075, 0.0, -0.07, -0.053, -0.03, -0.016, -0.04, -0.037, -0.017, -0.042, -0.003, 0.01, 0.008, -0.053, -0.043, -0.066, -0.039, -0.046, -0.061, -0.06, -0.052, -0.048, -0.032, -0.047, -0.025, -0.016, -0.028, -0.042], "FUKUIrad": [0.023, -0.061, -0.02, -0.075, -0.049, -0.039, -0.025, -0.042, -0.043, -0.027, -0.051, 0.001, 0.011, 0.01, -0.044, -0.032, -0.048, -0.036, -0.056, -0.069, -0.07, -0.064, -0.04, -0.024, -0.041, -0.018, -0.011, -0.021, -0.039], "s proportion": [0.976, 1.414, 0.924, 1.723, 1.694, 1.023, 1.063, 1.059, 1.06, 1.066, 1.094, 1.049, 1.011, 1.011, 0.969, 0.943, 0.963, 0.765, 0.949, 0.966, 0.968, 0.968, 0.978, 0.972, 0.973, 0.967, 0.967, 0.966, 0.974], "p proportion": [2.952, 3.936, 2.426, 4.84, 4.737, 2.732, 2.984, 2.967, 2.975, 2.973, 2.929, 2.942, 3.075, 3.075, 0.0, 0.0, 0.0, 0.0, 0.0, 0.0, 0.0, 0.0, 0.0, 0.0, 0.0, 0.0, 0.0, 0.0, 0.0], "d proportion": [0.0, 0.0, 0.0, 0.0, 0.0, 0.0, 0.0, 0.0, 0.0, 0.0, 0.0, 0.0, 0.0, 0.0, 0.0, 0.0, 0.0, 0.0, 0.0, 0.0, 0.0, 0.0, 0.0, 0.0, 0.0, 0.0, 0.0, 0.0, 0.0], "Fermi-level/eV": -8.4399, "Coordination numbers": [3.689, 2.682, 2.648, 0.857, 1.706, 2.865, 2.909, 2.912, 2.909, 2.917, 2.958, 3.852, 3.751, 3.751, 0.924, 0.924, 0.924, 0.86, 0.925, 0.925, 0.925, 0.925, 0.923, 0.924, 0.924, 0.924, 0.924, 0.924, 0.924], "Dispersion coefficient C6": [21.434, 25.137, 20.335, 22.719, 19.005, 24.863, 28.982, 28.778, 28.871, 28.984, 28.041, 20.647, 22.447, 22.369, 2.226, 1.973, 2.273, 1.205, 2.314, 2.435, 2.473, 2.46, 2.506, 2.556, 2.538, 2.444, 2.539, 2.515, 2.547], "Total dispersion C6": 8411.538948, "Total dispersion C8": 192263.220723, "Polarizability alpha": [6.626, 7.446, 7.377, 6.391, 5.886, 8.173, 8.828, 8.797, 8.811, 8.828, 8.686, 6.463, 6.757, 6.745, 2.333, 2.197, 2.357, 1.72, 2.379, 2.44, 2.459, 2.453, 2.476, 2.5, 2.491, 2.445, 2.492, 2.48, 2.496], "Total polarizability alpha": 141.530798, "Wiberg matrix": [[0.0, 1.0056976447933086, 0.0, 0.0, 0.0, 0.0, 0.0, 0.0, 0.0, 0.0, 0.0, 0.0, 0.0, 0.0, 0.9831647566786664, 0.9766322294701502, 0.9752096989989449, 0.0, 0.0, 0.0, 0.0, 0.0, 0.0, 0.0, 0.0, 0.0, 0.0, 0.0, 0.0], [1.0056976447933086, 0.0, 1.2078607457806665, 0.17137165836429133, 0.0, 0.0, 0.0, 0.0, 0.0, 0.0, 0.0, 0.0, 0.0, 0.0, 0.0, 0.0, 0.0, 0.9396717940226491, 0.0, 0.0, 0.0, 0.0, 0.0, 0.0, 0.0, 0.0, 0.0, 0.0, 0.0], [0.0, 1.2078607457806665, 0.0, 1.656411069963381, 1.0183334875381649, 0.0, 0.0, 0.0, 0.0, 0.0, 0.0, 0.0, 0.0, 0.0, 0.0, 0.0, 0.0, 0.0, 0.0, 0.0, 0.0, 0.0, 0.0, 0.0, 0.0, 0.0, 0.0, 0.0, 0.0], [0.0, 0.17137165836429133, 1.656411069963381, 0.0, 0.1301868195347603, 0.0, 0.0, 0.0, 0.0, 0.0, 0.0, 0.0, 0.0, 0.0, 0.0, 0.0, 0.0, 0.0, 0.0, 0.0, 0.0, 0.0, 0.0, 0.0, 0.0, 0.0, 0.0, 0.0, 0.0], [0.0, 0.0, 1.0183334875381649, 0.1301868195347603, 0.0, 0.9634977440771141, 0.0, 0.0, 0.0, 0.0, 0.0, 0.0, 0.0, 0.0, 0.0, 0.0, 0.0, 0.0, 0.0, 0.0, 0.0, 0.0, 0.0, 0.0, 0.0, 0.0, 0.0, 0.0, 0.0], [0.0, 0.0, 0.0, 0.0, 0.9634977440771141, 0.0, 1.4000020485046418, 0.0, 0.10208800821522959, 0.0, 1.374585895126072, 0.0, 0.0, 0.0, 0.0, 0.0, 0.0, 0.0, 0.0, 0.0, 0.0, 0.0, 0.0, 0.0, 0.0, 0.0, 0.0, 0.0, 0.0], [0.0, 0.0, 0.0, 0.0, 0.0, 1.4000020485046418, 0.0, 1.4412531343500774, 0.0, 0.11056800339320018, 0.0, 0.0, 0.0, 0.0, 0.0, 0.0, 0.0, 0.0, 0.9679410069415068, 0.0, 0.0, 0.0, 0.0, 0.0, 0.0, 0.0, 0.0, 0.0, 0.0], [0.0, 0.0, 0.0, 0.0, 0.0, 0.0, 1.4412531343500774, 0.0, 1.4366319922600101, 0.0, 0.10725847854893547, 0.0, 0.0, 0.0, 0.0, 0.0, 0.0, 0.0, 0.0, 0.9703188049882037, 0.0, 0.0, 0.0, 0.0, 0.0, 0.0, 0.0, 0.0, 0.0], [0.0, 0.0, 0.0, 0.0, 0.0, 0.10208800821522959, 0.0, 1.4366319922600101, 0.0, 1.442838833511612, 0.0, 0.0, 0.0, 0.0, 0.0, 0.0, 0.0, 0.0, 0.0, 0.0, 0.9707035313582455, 0.0, 0.0, 0.0, 0.0, 0.0, 0.0, 0.0, 0.0], [0.0, 0.0, 0.0, 0.0, 0.0, 0.0, 0.11056800339320018, 0.0, 1.442838833511612, 0.0, 1.4102244132105257, 0.0, 0.0, 0.0, 0.0, 0.0, 0.0, 0.0, 0.0, 0.0, 0.0, 0.9682043553190339, 0.0, 0.0, 0.0, 0.0, 0.0, 0.0, 0.0], [0.0, 0.0, 0.0, 0.0, 0.0, 1.374585895126072, 0.0, 0.10725847854893547, 0.0, 1.4102244132105257, 0.0, 0.997744636301905, 0.0, 0.0, 0.0, 0.0, 0.0, 0.0, 0.0, 0.0, 0.0, 0.0, 0.0, 0.0, 0.0, 0.0, 0.0, 0.0, 0.0], [0.0, 0.0, 0.0, 0.0, 0.0, 0.0, 0.0, 0.0, 0.0, 0.0, 0.997744636301905, 0.0, 0.9977234134744427, 0.997557783807623, 0.0, 0.0, 0.0, 0.0, 0.0, 0.0, 0.0, 0.0, 0.9665543480383509, 0.0, 0.0, 0.0, 0.0, 0.0, 0.0], [0.0, 0.0, 0.0, 0.0, 0.0, 0.0, 0.0, 0.0, 0.0, 0.0, 0.0, 0.9977234134744427, 0.0, 0.0, 0.0, 0.0, 0.0, 0.0, 0.0, 0.0, 0.0, 0.0, 0.0, 0.9872871201119459, 0.9856865566542963, 0.9852042796759939, 0.0, 0.0, 0.0], [0.0, 0.0, 0.0, 0.0, 0.0, 0.0, 0.0, 0.0, 0.0, 0.0, 0.0, 0.997557783807623, 0.0, 0.0, 0.0, 0.0, 0.0, 0.0, 0.0, 0.0, 0.0, 0.0, 0.0, 0.0, 0.0, 0.0, 0.9860306636685426, 0.9869680963652983, 0.9856495347549232], [0.9831647566786664, 0.0, 0.0, 0.0, 0.0, 0.0, 0.0, 0.0, 0.0, 0.0, 0.0, 0.0, 0.0, 0.0, 0.0, 0.0, 0.0, 0.0, 0.0, 0.0, 0.0, 0.0, 0.0, 0.0, 0.0, 0.0, 0.0, 0.0, 0.0], [0.9766322294701502, 0.0, 0.0, 0.0, 0.0, 0.0, 0.0, 0.0, 0.0, 0.0, 0.0, 0.0, 0.0, 0.0, 0.0, 0.0, 0.0, 0.0, 0.0, 0.0, 0.0, 0.0, 0.0, 0.0, 0.0, 0.0, 0.0, 0.0, 0.0], [0.9752096989989449, 0.0, 0.0, 0.0, 0.0, 0.0, 0.0, 0.0, 0.0, 0.0, 0.0, 0.0, 0.0, 0.0, 0.0, 0.0, 0.0, 0.0, 0.0, 0.0, 0.0, 0.0, 0.0, 0.0, 0.0, 0.0, 0.0, 0.0, 0.0], [0.0, 0.9396717940226491, 0.0, 0.0, 0.0, 0.0, 0.0, 0.0, 0.0, 0.0, 0.0, 0.0, 0.0, 0.0, 0.0, 0.0, 0.0, 0.0, 0.0, 0.0, 0.0, 0.0, 0.0, 0.0, 0.0, 0.0, 0.0, 0.0, 0.0], [0.0, 0.0, 0.0, 0.0, 0.0, 0.0, 0.9679410069415068, 0.0, 0.0, 0.0, 0.0, 0.0, 0.0, 0.0, 0.0, 0.0, 0.0, 0.0, 0.0, 0.0, 0.0, 0.0, 0.0, 0.0, 0.0, 0.0, 0.0, 0.0, 0.0], [0.0, 0.0, 0.0, 0.0, 0.0, 0.0, 0.0, 0.9703188049882037, 0.0, 0.0, 0.0, 0.0, 0.0, 0.0, 0.0, 0.0, 0.0, 0.0, 0.0, 0.0, 0.0, 0.0, 0.0, 0.0, 0.0, 0.0, 0.0, 0.0, 0.0], [0.0, 0.0, 0.0, 0.0, 0.0, 0.0, 0.0, 0.0, 0.9707035313582455, 0.0, 0.0, 0.0, 0.0, 0.0, 0.0, 0.0, 0.0, 0.0, 0.0, 0.0, 0.0, 0.0, 0.0, 0.0, 0.0, 0.0, 0.0, 0.0, 0.0], [0.0, 0.0, 0.0, 0.0, 0.0, 0.0, 0.0, 0.0, 0.0, 0.9682043553190339, 0.0, 0.0, 0.0, 0.0, 0.0, 0.0, 0.0, 0.0, 0.0, 0.0, 0.0, 0.0, 0.0, 0.0, 0.0, 0.0, 0.0, 0.0, 0.0], [0.0, 0.0, 0.0, 0.0, 0.0, 0.0, 0.0, 0.0, 0.0, 0.0, 0.0, 0.9665543480383509, 0.0, 0.0, 0.0, 0.0, 0.0, 0.0, 0.0, 0.0, 0.0, 0.0, 0.0, 0.0, 0.0, 0.0, 0.0, 0.0, 0.0], [0.0, 0.0, 0.0, 0.0, 0.0, 0.0, 0.0, 0.0, 0.0, 0.0, 0.0, 0.0, 0.9872871201119459, 0.0, 0.0, 0.0, 0.0, 0.0, 0.0, 0.0, 0.0, 0.0, 0.0, 0.0, 0.0, 0.0, 0.0, 0.0, 0.0], [0.0, 0.0, 0.0, 0.0, 0.0, 0.0, 0.0, 0.0, 0.0, 0.0, 0.0, 0.0, 0.9856865566542963, 0.0, 0.0, 0.0, 0.0, 0.0, 0.0, 0.0, 0.0, 0.0, 0.0, 0.0, 0.0, 0.0, 0.0, 0.0, 0.0], [0.0, 0.0, 0.0, 0.0, 0.0, 0.0, 0.0, 0.0, 0.0, 0.0, 0.0, 0.0, 0.9852042796759939, 0.0, 0.0, 0.0, 0.0, 0.0, 0.0, 0.0, 0.0, 0.0, 0.0, 0.0, 0.0, 0.0, 0.0, 0.0, 0.0], [0.0, 0.0, 0.0, 0.0, 0.0, 0.0, 0.0, 0.0, 0.0, 0.0, 0.0, 0.0, 0.0, 0.9860306636685426, 0.0, 0.0, 0.0, 0.0, 0.0, 0.0, 0.0, 0.0, 0.0, 0.0, 0.0, 0.0, 0.0, 0.0, 0.0], [0.0, 0.0, 0.0, 0.0, 0.0, 0.0, 0.0, 0.0, 0.0, 0.0, 0.0, 0.0, 0.0, 0.9869680963652983, 0.0, 0.0, 0.0, 0.0, 0.0, 0.0, 0.0, 0.0, 0.0, 0.0, 0.0, 0.0, 0.0, 0.0, 0.0], [0.0, 0.0, 0.0, 0.0, 0.0, 0.0, 0.0, 0.0, 0.0, 0.0, 0.0, 0.0, 0.0, 0.9856495347549232, 0.0, 0.0, 0.0, 0.0, 0.0, 0.0, 0.0, 0.0, 0.0, 0.0, 0.0, 0.0, 0.0, 0.0, 0.0]], "Born radii": [], "Atomic SASAs": [], "Solvent H bonds": [], "Total SASA": NaN, "Total FOD": 0.0, "FOD": [0.0, 0.0, 0.0, 0.0, 0.0, 0.0, 0.0, 0.0, 0.0, 0.0, 0.0, 0.0, 0.0, 0.0, 0.0, 0.0, 0.0, 0.0, 0.0, 0.0, 0.0, 0.0, 0.0, 0.0, 0.0, 0.0, 0.0, 0.0, 0.0], "FOD s proportion": [0.0, 0.0, 0.0, 0.0, 0.0, 0.0, 0.0, 0.0, 0.0, 0.0, 0.0, 0.0, 0.0, 0.0, 0.0, 0.0, 0.0, 0.0, 0.0, 0.0, 0.0, 0.0, 0.0, 0.0, 0.0, 0.0, 0.0, 0.0, 0.0], "FOD p proportion": [0.0, 0.0, 0.0, 0.0, 0.0, 0.0, 0.0, 0.0, 0.0, 0.0, 0.0, 0.0, 0.0, 0.0, 0.0, 0.0, 0.0, 0.0, 0.0, 0.0, 0.0, 0.0, 0.0, 0.0, 0.0, 0.0, 0.0, 0.0, 0.0], "FOD d proportion": [0.0, 0.0, 0.0, 0.0, 0.0, 0.0, 0.0, 0.0, 0.0, 0.0, 0.0, 0.0, 0.0, 0.0, 0.0, 0.0, 0.0, 0.0, 0.0, 0.0, 0.0, 0.0, 0.0, 0.0, 0.0, 0.0, 0.0, 0.0, 0.0], "coordinates": [["3.89200", "-1.24320", "1.24330"], ["2.81570", "-1.06940", "0.30740"], ["1.96160", "-0.00290", "0.37730"], ["2.08810", "0.93810", "1.14810"], ["0.93960", "-0.18260", "-0.54300"], ["-0.01740", "0.84200", "-0.62360"], ["0.38840", "2.11260", "-1.04900"], ["-0.55200", "3.12920", "-1.18940"], ["-1.89350", "2.87070", "-0.92260"], ["-2.29680", "1.59360", "-0.52140"], ["-1.36750", "0.54760", "-0.37210"], ["-1.87920", "-0.81960", "0.05000"], ["-1.62290", "-1.89580", "-1.00820"], ["-1.34700", "-1.24690", "1.41960"], ["4.62800", "-1.92120", "0.80540"], ["4.35920", "-0.28170", "1.47230"], ["3.48890", "-1.67880", "2.16130"], ["2.51740", "-1.83860", "-0.27570"], ["1.43440", "2.31440", "-1.26120"], ["-0.23860", "4.12060", "-1.50460"], ["-2.63030", "3.66290", "-1.02890"], ["-3.35380", "1.42170", "-0.32710"], ["-2.97100", "-0.75190", "0.15510"], ["-2.00730", "-1.58370", "-1.98550"], ["-2.12700", "-2.82880", "-0.73310"], ["-0.55890", "-2.12290", "-1.12410"], ["-0.27420", "-1.45790", "1.40210"], ["-1.52410", "-0.46900", "2.17050"], ["-1.85190", "-2.15870", "1.75720"]], "bond_dist": [[0.0, 1.4368496581062336, 2.4524975535155993, 2.832170182033559, 3.6100423557072014, 4.8079915775716575, 5.365747467967534, 6.692163106948305, 7.4220823405564555, 7.032982707926987, 5.786088665929688, 5.90848130148518, 5.9924336475258535, 5.241966842703223, 1.0923078366467944, 1.093251613307751, 1.0931427034015275, 2.1333980688094756, 4.996882605184957, 7.3063781184660845, 8.471901046400388, 7.878417722487175, 6.966083830244938, 6.733708501264366, 6.530593029733211, 5.117515574964086, 4.174749809270011, 5.549164323571613, 5.839059913205207], [1.4368496581062336, 0.0, 1.368135618277662, 2.294827771315312, 2.242620255415526, 3.542127407364111, 4.225722453025044, 5.58659605573913, 6.262096505963478, 5.823756063744429, 4.536030366961843, 4.708581613394846, 4.702649283116911, 4.312373636409535, 2.0634918293998648, 2.0880267119938867, 2.0643429487369587, 1.010275774231967, 3.977260123502108, 6.288735364920359, 7.337525262648164, 6.683629231936792, 5.797404456306287, 5.36499989748369, 5.3486831930859395, 3.814050295945244, 3.3010274688345147, 4.7608282693245725, 5.007492814772679], [2.4524975535155993, 1.368135618277662, 0.0, 1.2229537562802608, 1.3869852847092503, 2.3732041252281695, 2.9974372687347435, 4.310775366450912, 4.9808747203679, 4.635778737170272, 3.4565238925834145, 3.9402879108004276, 4.283844174336878, 3.6852081691540843, 3.3125267485712477, 2.650516968442195, 2.8851242780857813, 2.026108864301225, 2.8866072438071653, 5.038420377459587, 6.041608534984702, 5.547895247749366, 4.994088165020718, 4.881999558582528, 5.092676008740395, 3.6196024933685744, 2.8576286812670397, 3.9475207333211055, 4.5928618420327], [2.832170182033559, 2.294827771315312, 1.2229537562802608, 0.0, 2.3312743189080085, 2.7534135813567855, 3.0159043005374024, 4.151500146934841, 4.8862951005849, 4.737537177690535, 3.7953484227406573, 4.47602526690813, 5.1431643858620735, 4.080177601526678, 3.839808822063932, 2.5982518911760657, 3.1363960990283104, 3.149852031445287, 2.850658146814521, 4.751700372498249, 5.867466454953108, 5.659006945569161, 5.425554516360516, 5.740315789222749, 5.957811432061273, 4.641036828123647, 3.3742841151865086, 4.009142178820801, 5.048244551326729], [3.6100423557072014, 2.242620255415526, 1.3869852847092503, 2.3312743189080085, 0.0, 1.4043327668327048, 2.4140837765081806, 3.689271304742984, 4.182486420778912, 3.691833956179503, 2.4259244134968427, 2.950093462926217, 3.1173500813992643, 3.195789856983716, 4.294788362655371, 3.970506146576278, 4.006342898454899, 2.3028760561523933, 2.6449285963897022, 4.564028926288701, 5.26954979765824, 4.588428364919736, 4.013008654363955, 3.5676472737646026, 4.054941184530301, 2.5195125619849565, 2.6235690461659282, 3.676265074773581, 4.121694251154493], [4.8079915775716575, 3.542127407364111, 2.3732041252281695, 2.7534135813567855, 1.4043327668327048, 0.0, 1.4000225569611369, 2.4160320030992968, 2.779348107020781, 2.402293021261145, 1.4045261193726515, 2.5847535201639635, 3.1970449246139787, 3.2102968102653686, 5.59080105172774, 4.980976416326422, 5.138505652424643, 3.7056526834014005, 2.1638435155990368, 3.402103525761672, 3.8663925447372773, 3.3993424805394357, 3.445380074824837, 3.4203061427305013, 4.23523022396658, 3.055217587995984, 3.0755400728977667, 3.4345102562083, 4.247093050546456], [5.365747467967534, 4.225722453025044, 2.9974372687347435, 3.0159043005374024, 2.4140837765081806, 1.4000225569611369, 0.0, 1.3919554159526806, 2.4078538535384575, 2.7853225665979875, 2.44757092236364, 3.866213599893311, 4.484892740077515, 4.51573242896432, 6.13877430437054, 5.277961616002906, 5.85609428715078, 4.554406144603267, 1.0862173263210266, 2.1523857368046273, 3.393579789838453, 3.8733116657454767, 4.576110293688298, 4.503226002545286, 5.553779247503451, 4.340792272154935, 4.381255552920875, 4.548350806611118, 5.58011704357534], [6.692163106948305, 5.58659605573913, 4.310775366450912, 4.151500146934841, 3.689271304742984, 2.4160320030992968, 1.3919554159526806, 0.0, 1.3919866163149701, 2.418391696975492, 2.828016637150496, 4.3463310550394105, 5.141039316130543, 5.156467512745523, 7.504543104013727, 6.545133393598636, 7.11849192596297, 5.910592262201818, 2.148217689155361, 1.086482655176786, 2.151726476576426, 3.3925213013332725, 4.7667786250255, 4.996308608362778, 6.179530620524507, 5.252510457866791, 5.275844150465401, 5.018062341183098, 6.191452009020178], [7.4220823405564555, 6.262096505963478, 4.9808747203679, 4.8862951005849, 4.182486420778912, 2.779348107020781, 2.4078538535384575, 1.3919866163149701, 0.0, 1.398068932492243, 2.444692181032205, 3.8163424034014555, 4.774942300174946, 4.768562975362703, 8.27515872113641, 7.4006370712256935, 7.692764081914901, 6.484753265159746, 3.3910231582812873, 2.1539888625524504, 1.0870854474235225, 2.141657615026267, 3.9300985102157426, 4.580871774018565, 5.707427857625535, 5.172794251659348, 5.173310404373586, 4.5669815042323085, 5.698940512060115], [7.032982707926987, 5.823756063744429, 4.635778737170272, 4.737537177690535, 3.691833956179503, 2.402293021261145, 2.7853225665979875, 2.418391696975492, 1.398068932492243, 0.0, 1.407126497511862, 2.514840344833047, 3.5870639539879963, 3.5690392670857514, 7.878265819328516, 7.196799690140057, 7.167970810487442, 5.917506820443894, 3.871525554610224, 3.404203060923364, 2.1565669454018814, 1.0883708467245894, 2.5325023474816364, 3.510360999954278, 4.430718981158701, 4.146795865484579, 4.135506650943751, 3.4781761973770102, 4.412449349284363], [5.786088665929688, 4.536030366961843, 3.4565238925834145, 3.7953484227406573, 2.4259244134968427, 1.4045261193726515, 2.44757092236364, 2.828016637150496, 2.444692181032205, 1.407126497511862, 0.0, 1.519618748239176, 2.5377265278197334, 2.5359099727711154, 6.589954471769891, 6.073272819493621, 5.912663822677559, 4.560229315505965, 3.4296828803841324, 3.9144987495208117, 3.4250757904023086, 2.170590587835486, 2.1302235422602953, 2.7486075183627072, 3.479545690172785, 2.889793800602389, 2.892251852795672, 2.742774850402417, 3.4774446853975984], [5.90848130148518, 4.708581613394846, 3.9402879108004276, 4.47602526690813, 2.950093462926217, 2.5847535201639635, 3.866213599893311, 4.3463310550394105, 3.8163424034014555, 2.514840344833047, 1.519618748239176, 0.0, 1.5309093278179475, 1.5302373312659705, 6.642876151186322, 6.42105195898616, 5.832007367965168, 4.52487934093275, 4.745644993043622, 5.432672046056158, 4.67129346862301, 2.7092573262796575, 1.0989342746497628, 2.1779620451238353, 2.1706070786763783, 2.19551674782954, 2.1935419530977747, 2.178425261513463, 2.1698999838702244], [5.9924336475258535, 4.702649283116911, 4.283844174336878, 5.1431643858620735, 3.1173500813992643, 3.1970449246139787, 4.484892740077515, 5.141039316130543, 4.774942300174946, 3.5870639539879963, 2.5377265278197334, 1.5309093278179475, 0.0, 2.528122793694958, 6.508728057769813, 6.674108140418465, 6.018581102718481, 4.204986584996437, 5.209306703391537, 6.193526330774738, 5.649285701750267, 3.80338247747975, 2.116399704687184, 1.0955752187777887, 1.0955755656274926, 1.0941221229826221, 2.796478891391816, 3.4856352892980644, 2.787291619117024], [5.241966842703223, 4.312373636409535, 3.6852081691540843, 4.080177601526678, 3.195789856983716, 3.2102968102653686, 4.51573242896432, 5.156467512745523, 4.768562975362703, 3.5690392670857514, 2.5359099727711154, 1.5302373312659705, 2.528122793694958, 0.0, 6.044216006232736, 5.787495725268401, 4.91147486097608, 4.261189779861957, 5.2541157476781954, 6.212048973567416, 5.6345494212048575, 3.768240052066747, 2.1169225895152612, 3.484843804247186, 2.782970517271069, 2.803370703278466, 1.093493068107887, 1.0956019487021735, 1.0955715449024772], [1.0923078366467944, 2.0634918293998648, 3.3125267485712477, 3.839808822063932, 4.294788362655371, 5.59080105172774, 6.13877430437054, 7.504543104013727, 8.27515872113641, 7.878265819328516, 6.589954471769891, 6.642876151186322, 6.508728057769813, 6.044216006232736, 0.0, 1.7902428047614098, 1.7873923408138461, 2.3728110607463044, 5.69299779378141, 8.094642845734455, 9.339686728686354, 8.727351711716446, 7.7158896816893385, 7.206263605364433, 6.987184340633929, 5.537832134508954, 4.9600667959212, 6.466893942226052, 6.553734317166054], [1.093251613307751, 2.0880267119938867, 2.650516968442195, 2.5982518911760657, 3.970506146576278, 4.980976416326422, 5.277961616002906, 6.545133393598636, 7.4006370712256935, 7.196799690140057, 6.073272819493621, 6.42105195898616, 6.674108140418465, 5.787495725268401, 1.7902428047614098, 0.0, 1.7843854684456497, 2.9785346816849394, 4.771395236196641, 7.027228738272292, 8.406484452492611, 8.101220952424395, 7.462434985981453, 7.360971884880419, 7.309055890469029, 5.858243594286602, 4.780875447028504, 5.9275444679900975, 6.494771760423918], [1.0931427034015275, 2.0643429487369587, 2.8851242780857813, 3.1363960990283104, 4.006342898454899, 5.138505652424643, 5.85609428715078, 7.11849192596297, 7.692764081914901, 7.167970810487442, 5.912663822677559, 5.832007367965168, 6.018581102718481, 4.91147486097608, 1.7873923408138461, 1.7843854684456497, 0.0, 2.6283677996049186, 5.646248554571433, 7.808080392772605, 8.726725821864694, 7.913771420757615, 6.8274658593068045, 6.885724993782427, 6.421711934523379, 5.2321852805496105, 3.845270219373406, 5.156924440012671, 5.377522241702027], [2.1333980688094756, 1.010275774231967, 2.026108864301225, 3.149852031445287, 2.3028760561523933, 3.7056526834014005, 4.554406144603267, 5.910592262201818, 6.484753265159746, 5.917506820443894, 4.560229315505965, 4.52487934093275, 4.204986584996437, 4.261189779861957, 2.3728110607463044, 2.9785346816849394, 2.6283677996049186, 0.0, 4.4035790273367414, 6.679655369104007, 7.571831203876642, 6.715890669896287, 5.611509608830765, 4.843686626940268, 4.770761171972455, 3.2037838160525123, 3.2791730497184806, 4.9186808038334835, 4.829692423954138], [4.996882605184957, 3.977260123502108, 2.8866072438071653, 2.850658146814521, 2.6449285963897022, 2.1638435155990368, 1.0862173263210266, 2.148217689155361, 3.3910231582812873, 3.871525554610224, 3.4296828803841324, 4.745644993043622, 5.209306703391537, 5.2541157476781954, 5.69299779378141, 4.771395236196641, 5.646248554571433, 4.4035790273367414, 0.0, 2.4739706950568348, 4.2888461886619345, 4.959467243565583, 5.551184606910493, 5.250246945620749, 6.278133943298758, 4.8663818787678395, 4.9236905000213, 5.317574888988401, 6.318158739696242], [7.3063781184660845, 6.288735364920359, 5.038420377459587, 4.751700372498249, 4.564028926288701, 3.402103525761672, 2.1523857368046273, 1.086482655176786, 2.1539888625524504, 3.404203060923364, 3.9144987495208117, 5.432672046056158, 6.193526330774738, 6.212048973567416, 8.094642845734455, 7.027228738272292, 7.808080392772605, 6.679655369104007, 2.4739706950568348, 0.0, 2.4811305225642606, 4.286611540599404, 5.827681365689102, 5.991544290915322, 7.2426119024838, 6.263279060524127, 6.290455826090825, 6.018579435381741, 7.257526067469548], [8.471901046400388, 7.337525262648164, 6.041608534984702, 5.867466454953108, 5.26954979765824, 3.8663925447372773, 3.393579789838453, 2.151726476576426, 1.0870854474235225, 2.1565669454018814, 3.4250757904023086, 4.67129346862301, 5.649285701750267, 5.6345494212048575, 9.339686728686354, 8.406484452492611, 8.726725821864694, 7.571831203876642, 4.2888461886619345, 2.4811305225642606, 0.0, 2.457428112885502, 4.5834911944935595, 5.369359749541839, 6.517896702157837, 6.146156737344078, 6.138693741342697, 5.341576210258541, 6.500714293829564], [7.878417722487175, 6.683629231936792, 5.547895247749366, 5.659006945569161, 4.588428364919736, 3.3993424805394357, 3.8733116657454767, 3.3925213013332725, 2.141657615026267, 1.0883708467245894, 2.170590587835486, 2.7092573262796575, 3.80338247747975, 3.768240052066747, 8.727351711716446, 8.101220952424395, 7.913771420757615, 6.715890669896287, 4.959467243565583, 4.286611540599404, 2.457428112885502, 0.0, 2.2591125779827794, 3.687245851580825, 4.442592091335869, 4.583760919812463, 4.556990779011956, 3.6277478330225765, 4.406730563581123], [6.966083830244938, 5.797404456306287, 4.994088165020718, 5.425554516360516, 4.013008654363955, 3.445380074824837, 4.576110293688298, 4.7667786250255, 3.9300985102157426, 2.5325023474816364, 2.1302235422602953, 1.0989342746497628, 2.116399704687184, 2.1169225895152612, 7.7158896816893385, 7.462434985981453, 6.8274658593068045, 5.611509608830765, 5.551184606910493, 5.827681365689102, 4.5834911944935595, 2.2591125779827794, 0.0, 2.4905375504095497, 2.4113790349092783, 3.0551955829373676, 3.0538787205781435, 2.4970761261923915, 2.407944239387615], [6.733708501264366, 5.36499989748369, 4.881999558582528, 5.740315789222749, 3.5676472737646026, 3.4203061427305013, 4.503226002545286, 4.996308608362778, 4.580871774018565, 3.510360999954278, 2.7486075183627072, 2.1779620451238353, 1.0955752187777887, 3.484843804247186, 7.206263605364433, 7.360971884880419, 6.885724993782427, 4.843686626940268, 5.250246945620749, 5.991544290915322, 5.369359749541839, 3.687245851580825, 2.4905375504095497, 0.0, 1.770058716540217, 1.7693527517145924, 3.8072687073543943, 4.329939298650734, 3.78979913056088], [6.530593029733211, 5.3486831930859395, 5.092676008740395, 5.957811432061273, 4.054941184530301, 4.23523022396658, 5.553779247503451, 6.179530620524507, 5.707427857625535, 4.430718981158701, 3.479545690172785, 2.1706070786763783, 1.0955755656274926, 2.782970517271069, 6.987184340633929, 7.309055890469029, 6.421711934523379, 4.770761171972455, 6.278133943298758, 7.2426119024838, 6.517896702157837, 4.442592091335869, 2.4113790349092783, 1.770058716540217, 0.0, 1.7635513658524382, 3.1418646835915767, 3.789859814030065, 2.593512697096353], [5.117515574964086, 3.814050295945244, 3.6196024933685744, 4.641036828123647, 2.5195125619849565, 3.055217587995984, 4.340792272154935, 5.252510457866791, 5.172794251659348, 4.146795865484579, 2.889793800602389, 2.19551674782954, 1.0941221229826221, 2.803370703278466, 5.537832134508954, 5.858243594286602, 5.2321852805496105, 3.2037838160525123, 4.8663818787678395, 6.263279060524127, 6.146156737344078, 4.583760919812463, 3.0551955829373676, 1.7693527517145924, 1.7635513658524382, 0.0, 2.6277301098096055, 3.8106935602328353, 3.158325557949972], [4.174749809270011, 3.3010274688345147, 2.8576286812670397, 3.3742841151865086, 2.6235690461659282, 3.0755400728977667, 4.381255552920875, 5.275844150465401, 5.173310404373586, 4.135506650943751, 2.892251852795672, 2.1935419530977747, 2.796478891391816, 1.093493068107887, 4.9600667959212, 4.780875447028504, 3.845270219373406, 3.2791730497184806, 4.9236905000213, 6.290455826090825, 6.138693741342697, 4.556990779011956, 3.0538787205781435, 3.8072687073543943, 3.1418646835915767, 2.6277301098096055, 0.0, 1.7693534920981733, 1.7624851602212146], [5.549164323571613, 4.7608282693245725, 3.9475207333211055, 4.009142178820801, 3.676265074773581, 3.4345102562083, 4.548350806611118, 5.018062341183098, 4.5669815042323085, 3.4781761973770102, 2.742774850402417, 2.178425261513463, 3.4856352892980644, 1.0956019487021735, 6.466893942226052, 5.9275444679900975, 5.156924440012671, 4.9186808038334835, 5.317574888988401, 6.018579435381741, 5.341576210258541, 3.6277478330225765, 2.4970761261923915, 4.329939298650734, 3.789859814030065, 3.8106935602328353, 1.7693534920981733, 0.0, 1.770128758028636], [5.839059913205207, 5.007492814772679, 4.5928618420327, 5.048244551326729, 4.121694251154493, 4.247093050546456, 5.58011704357534, 6.191452009020178, 5.698940512060115, 4.412449349284363, 3.4774446853975984, 2.1698999838702244, 2.787291619117024, 1.0955715449024772, 6.553734317166054, 6.494771760423918, 5.377522241702027, 4.829692423954138, 6.318158739696242, 7.257526067469548, 6.500714293829564, 4.406730563581123, 2.407944239387615, 3.78979913056088, 2.593512697096353, 3.158325557949972, 1.7624851602212146, 1.770128758028636, 0.0]]}