{"total energy": -33.441826, "HOMO-LUMO gap/eV": 4.81921849, "electronic energy": -33.83451076, "dipole": [0.30564565, -0.42732553, 0.73856654], "partial charges": [-0.10099289, -0.05306645, -0.06008673, -0.05806723, -0.08808648, 0.34945318, -0.40610013, -0.27597295, 0.0851951, -0.11336772, 0.0333729, 0.03299545, 0.03298297, 0.03205178, 0.03205235, 0.0320831, 0.03207538, 0.04648534, 0.04649182, 0.06887384, 0.06887772, 0.05097909, 0.05099004, 0.05054876, 0.05510195, 0.05512982], "atomic dipole moments": [[0.08030507, 0.03957338, -0.05223221], [0.01729669, -0.05821463, 0.09697777], [-0.00042837, 0.06078983, -0.09862453], [0.04240015, -0.06428233, 0.11060496], [0.01061052, 0.05265399, -0.08384434], [0.15202783, -0.01323705, 0.0441344], [0.00957461, -0.09165965, 0.1500766], [0.01665455, 0.1199336, -0.19202263], [-0.16461395, -0.10793588, 0.15044243], [-0.10204949, 0.0427439, -0.08447503], [-0.10714726, 0.02637285, -0.05872929], [0.00853749, -0.1252282, 0.00937065], [-0.00741212, 0.04795599, 0.11614107], [-0.01860959, 0.12216719, -0.01144546], [-0.00315408, -0.0460819, -0.11519505], [-0.00093869, 0.04475872, 0.11535832], [0.01440733, -0.12227773, 0.01235515], [0.00038597, -0.04424665, -0.11931391], [-0.01522914, 0.12548585, -0.01466756], [-0.00296799, 0.05512288, 0.12048467], [0.01421503, -0.13165582, 0.00533985], [-0.00516606, 0.12741267, -0.00330086], [0.01150845, -0.05382622, -0.11506971], [0.11053474, 0.04199475, -0.05166228], [0.00582646, -0.12722055, 0.01494535], [-0.00989493, 0.04347871, 0.12021324]], "atomic quadrupole moments": [[0.10116717, 0.10347349, -0.07342176, -0.13343532, -0.07468107, -0.02774541], [0.22771803, 0.04655748, -0.16687599, -0.00589134, -0.11064902, -0.06084203], [0.22940798, 0.04891119, -0.16998376, -0.00849187, -0.11574208, -0.05942421], [0.2561805, 0.0354928, -0.18624886, 0.01961331, -0.11602235, -0.06993164], [0.2249188, 0.04225131, -0.18037874, 0.0052385, -0.13818018, -0.04454007], [-0.09868105, -0.09705295, 0.23306581, 0.07115498, 0.38503513, -0.13438476], [-0.10885344, -0.0245522, 0.12338662, -0.00788404, 0.13830349, -0.01453318], [0.07145626, 0.03619706, -0.05224643, -0.03593021, -0.04152056, -0.01920983], [0.38752581, 0.14832831, -0.27270467, -0.12268077, -0.18885535, -0.11482114], [0.13057368, -0.08541525, -0.11389293, 0.17960652, -0.0622777, -0.01668075], [0.04798236, -0.01965694, -0.04101439, 0.04721432, -0.02503793, -0.00696797], [-0.03409388, -0.01997864, 0.07709186, -0.01168494, -0.00556093, -0.04299798], [-0.03943757, 0.01348071, -0.01883119, -0.00131727, 0.04698136, 0.05826876], [-0.01645673, -0.00519394, 0.05579153, -0.00172076, 0.00232891, -0.0393348], [-0.01692535, 0.00074361, -0.01766215, -0.0056708, 0.03962908, 0.0345875], [-0.02124434, 0.00086501, -0.01410304, -0.00184769, 0.04026034, 0.03534737], [-0.01993531, -0.00947656, 0.05657287, -0.00083898, 0.00367372, -0.03663756], [-0.01735137, 0.00076614, -0.01294444, -0.00371395, 0.03986973, 0.03029581], [-0.01649562, -0.0069328, 0.05304443, -0.001608, 0.00601267, -0.03654881], [-0.00942936, -0.00995274, -0.0346991, 0.00733336, 0.0389581, 0.04412846], [-0.0100974, -0.01058898, 0.05781468, 0.01640541, -0.00699731, -0.04771727], [0.00034942, -0.00310295, 0.03594429, -0.00386717, -0.00159261, -0.03629371], [-0.00074983, 0.00546799, -0.02161429, -0.00458391, 0.02824282, 0.02236412], [0.04691572, 0.03609633, -0.03226728, -0.04368534, -0.02734091, -0.01464844], [-0.0431037, 0.00119704, 0.08072465, 0.01224197, 0.00204819, -0.03762096], [-0.03857115, -0.01904023, -0.01620002, -0.00986799, 0.04709889, 0.05477117]], "number of molecular orbitals": 56, "number of electrons": 60, "number of unpaired electrons": 0, "orbital energies/eV": [-20.03790596, -19.29970071, -18.30247454, -17.32022326, -16.92575822, -16.62025483, -16.40424203, -16.14280045, -15.84351847, -15.41508748, -15.34392394, -15.09454827, -14.81748992, -14.46412343, -14.07444854, -13.70474568, -13.49120028, -13.39897988, -13.22426465, -13.10407768, -12.87019089, -12.72900107, -12.64151482, -12.39907822, -11.97010778, -11.94792569, -11.81203272, -11.7939227, -11.50107539, -11.23029368, -6.41107519, -0.07326844, 1.97393639, 2.73488131, 2.89129052, 2.91516269, 3.31114097, 3.46823458, 3.71989524, 3.78773421, 4.1928024, 4.37490916, 4.37989246, 4.4922684, 4.61280744, 4.86939727, 5.90705395, 6.00397607, 6.10908181, 6.43627445, 6.87358225, 6.95086999, 7.19473991, 7.37788482, 8.27983015, 16.20784103], "fractional occupation": [2.0, 2.0, 2.0, 2.0, 2.0, 2.0, 2.0, 2.0, 2.0, 2.0, 2.0, 2.0, 2.0, 2.0, 2.0, 2.0, 2.0, 2.0, 2.0, 2.0, 2.0, 2.0, 2.0, 2.0, 2.0, 2.0, 2.0, 2.0, 2.0, 2.0, 0.0, 0.0, 0.0, 0.0, 0.0, 0.0, 0.0, 0.0, 0.0, 0.0, 0.0, 0.0, 0.0, 0.0, 0.0, 0.0, 0.0, 0.0, 0.0, 0.0, 0.0, 0.0, 0.0, 0.0, 0.0, 0.0], "program call": "xtb /home/svss/Project-DBcg-Debug/aqme2_20220329/End-to-End-workflows-final/example-3/QDESCP/mol_381_rdkit_conf_1/mol_381_rdkit_conf_1.xyz --pop --wbo --acc 0.2 --gfn 2 --chrg 0 --uhf 0 --etemp 300 --input /home/svss/Project-DBcg-Debug/aqme2_20220329/End-to-End-workflows-final/example-3/QDESCP/mol_381_rdkit_conf_1/mol_381_rdkit_conf_1_xtb.inp", "method": "GFN2-xTB", "xtb version": "6.3.3 (7355c4f)", "Dipole module/D": 2.304, "Total charge": 0, "Transition dipole module/D": NaN, "HOMO": -11.2303, "LUMO": -6.4111, "HOMO occupancy": 2.0, "LUMO occupancy": 0, "mulliken charges": [-0.08366, -0.03783, -0.04916, -0.04082, -0.07783, 0.57403, -0.52842, -0.42505, 0.2062, -0.09542, 0.02967, 0.0269, 0.0269, 0.02466, 0.02466, 0.02268, 0.02268, 0.03702, 0.03703, 0.05491, 0.05491, 0.03877, 0.03878, 0.03433, 0.04201, 0.04202], "cm5 charges": [-0.23398, -0.15032, -0.15965, -0.14906, -0.17654, 0.6232, -0.57807, -0.5083, 0.12382, -0.2421, 0.08045, 0.0782, 0.07819, 0.07937, 0.07937, 0.07805, 0.07804, 0.09433, 0.09434, 0.11375, 0.11376, 0.10357, 0.10358, 0.08552, 0.09523, 0.09526], "FUKUI+": [0.009, 0.004, 0.006, 0.015, 0.029, -0.188, -0.281, -0.122, 0.027, 0.017, -0.019, -0.011, -0.011, -0.011, -0.011, -0.018, -0.018, -0.023, -0.023, -0.097, -0.097, -0.039, -0.039, -0.044, -0.028, -0.028], "FUKUI-": [0.018, 0.005, 0.007, 0.01, -0.002, -0.01, -0.098, -0.055, 0.011, 0.011, -0.058, -0.063, -0.063, -0.079, -0.079, -0.065, -0.065, -0.042, -0.042, -0.041, -0.041, -0.055, -0.055, -0.047, -0.052, -0.052], "FUKUIrad": [0.014, 0.005, 0.007, 0.012, 0.014, -0.099, -0.189, -0.088, 0.019, 0.014, -0.039, -0.037, -0.037, -0.045, -0.045, -0.041, -0.041, -0.033, -0.033, -0.069, -0.069, -0.047, -0.047, -0.046, -0.04, -0.04], "s proportion": [1.008, 1.027, 1.033, 1.031, 1.039, 0.991, 1.731, 1.7, 0.994, 1.011, 0.97, 0.973, 0.973, 0.975, 0.975, 0.977, 0.977, 0.963, 0.963, 0.945, 0.945, 0.961, 0.961, 0.966, 0.958, 0.958], "p proportion": [3.076, 3.011, 3.016, 3.01, 3.039, 2.435, 4.797, 4.725, 2.8, 3.085, 0.0, 0.0, 0.0, 0.0, 0.0, 0.0, 0.0, 0.0, 0.0, 0.0, 0.0, 0.0, 0.0, 0.0, 0.0, 0.0], "d proportion": [0.0, 0.0, 0.0, 0.0, 0.0, 0.0, 0.0, 0.0, 0.0, 0.0, 0.0, 0.0, 0.0, 0.0, 0.0, 0.0, 0.0, 0.0, 0.0, 0.0, 0.0, 0.0, 0.0, 0.0, 0.0, 0.0], "Fermi-level/eV": -8.8207, "Coordination numbers": [3.75, 3.8, 3.802, 3.802, 3.803, 2.72, 0.856, 1.703, 3.703, 3.748, 0.924, 0.924, 0.924, 0.924, 0.924, 0.924, 0.924, 0.924, 0.924, 0.924, 0.924, 0.924, 0.924, 0.924, 0.924, 0.924], "Dispersion coefficient C6": [22.492, 21.527, 21.655, 21.617, 22.178, 21.065, 21.804, 18.579, 19.31, 22.736, 2.539, 2.544, 2.545, 2.558, 2.558, 2.557, 2.557, 2.364, 2.364, 2.098, 2.098, 2.308, 2.308, 2.313, 2.257, 2.257], "Total dispersion C6": 4995.453911, "Total dispersion C8": 105862.491643, "Polarizability alpha": [6.764, 6.606, 6.625, 6.619, 6.705, 7.513, 6.26, 5.82, 6.283, 6.801, 2.492, 2.494, 2.495, 2.501, 2.501, 2.501, 2.501, 2.405, 2.405, 2.265, 2.265, 2.376, 2.376, 2.378, 2.35, 2.349], "Total polarizability alpha": 104.649075, "Wiberg matrix": [[0.0, 1.0202413589592982, 0.0, 0.0, 0.0, 0.0, 0.0, 0.0, 0.0, 0.0, 0.9872378021096821, 0.9876404368681265, 0.9876403259262312, 0.0, 0.0, 0.0, 0.0, 0.0, 0.0, 0.0, 0.0, 0.0, 0.0, 0.0, 0.0, 0.0], [1.0202413589592982, 0.0, 1.0078278363963642, 0.0, 0.0, 0.0, 0.0, 0.0, 0.0, 0.0, 0.0, 0.0, 0.0, 0.9778120014376098, 0.977810827029328, 0.0, 0.0, 0.0, 0.0, 0.0, 0.0, 0.0, 0.0, 0.0, 0.0, 0.0], [0.0, 1.0078278363963642, 0.0, 1.0073983365432246, 0.0, 0.0, 0.0, 0.0, 0.0, 0.0, 0.0, 0.0, 0.0, 0.0, 0.0, 0.9768790403586933, 0.9768789367985615, 0.0, 0.0, 0.0, 0.0, 0.0, 0.0, 0.0, 0.0, 0.0], [0.0, 0.0, 1.0073983365432246, 0.0, 1.0065919907576337, 0.0, 0.0, 0.0, 0.0, 0.0, 0.0, 0.0, 0.0, 0.0, 0.0, 0.0, 0.0, 0.9760258535238577, 0.976025766666578, 0.0, 0.0, 0.0, 0.0, 0.0, 0.0, 0.0], [0.0, 0.0, 0.0, 1.0065919907576337, 0.0, 0.978674127555686, 0.0, 0.0, 0.0, 0.0, 0.0, 0.0, 0.0, 0.0, 0.0, 0.0, 0.0, 0.0, 0.0, 0.9529462868412144, 0.9529543757736884, 0.0, 0.0, 0.0, 0.0, 0.0], [0.0, 0.0, 0.0, 0.0, 0.978674127555686, 0.0, 1.7611504297234717, 1.1152791617924231, 0.0, 0.0, 0.0, 0.0, 0.0, 0.0, 0.0, 0.0, 0.0, 0.0, 0.0, 0.0, 0.0, 0.0, 0.0, 0.0, 0.0, 0.0], [0.0, 0.0, 0.0, 0.0, 0.0, 1.7611504297234717, 0.0, 0.16962462836466788, 0.0, 0.0, 0.0, 0.0, 0.0, 0.0, 0.0, 0.0, 0.0, 0.0, 0.0, 0.0, 0.0, 0.0, 0.0, 0.0, 0.0, 0.0], [0.0, 0.0, 0.0, 0.0, 0.0, 1.1152791617924231, 0.16962462836466788, 0.0, 0.9411272090560355, 0.0, 0.0, 0.0, 0.0, 0.0, 0.0, 0.0, 0.0, 0.0, 0.0, 0.0, 0.0, 0.0, 0.0, 0.0, 0.0, 0.0], [0.0, 0.0, 0.0, 0.0, 0.0, 0.0, 0.0, 0.9411272090560355, 0.0, 1.0197466879811419, 0.0, 0.0, 0.0, 0.0, 0.0, 0.0, 0.0, 0.0, 0.0, 0.0, 0.0, 0.9698025602990361, 0.9698082683839252, 0.0, 0.0, 0.0], [0.0, 0.0, 0.0, 0.0, 0.0, 0.0, 0.0, 0.0, 1.0197466879811419, 0.0, 0.0, 0.0, 0.0, 0.0, 0.0, 0.0, 0.0, 0.0, 0.0, 0.0, 0.0, 0.0, 0.0, 0.9838997965809098, 0.9855287493736491, 0.9855301354260331], [0.9872378021096821, 0.0, 0.0, 0.0, 0.0, 0.0, 0.0, 0.0, 0.0, 0.0, 0.0, 0.0, 0.0, 0.0, 0.0, 0.0, 0.0, 0.0, 0.0, 0.0, 0.0, 0.0, 0.0, 0.0, 0.0, 0.0], [0.9876404368681265, 0.0, 0.0, 0.0, 0.0, 0.0, 0.0, 0.0, 0.0, 0.0, 0.0, 0.0, 0.0, 0.0, 0.0, 0.0, 0.0, 0.0, 0.0, 0.0, 0.0, 0.0, 0.0, 0.0, 0.0, 0.0], [0.9876403259262312, 0.0, 0.0, 0.0, 0.0, 0.0, 0.0, 0.0, 0.0, 0.0, 0.0, 0.0, 0.0, 0.0, 0.0, 0.0, 0.0, 0.0, 0.0, 0.0, 0.0, 0.0, 0.0, 0.0, 0.0, 0.0], [0.0, 0.9778120014376098, 0.0, 0.0, 0.0, 0.0, 0.0, 0.0, 0.0, 0.0, 0.0, 0.0, 0.0, 0.0, 0.0, 0.0, 0.0, 0.0, 0.0, 0.0, 0.0, 0.0, 0.0, 0.0, 0.0, 0.0], [0.0, 0.977810827029328, 0.0, 0.0, 0.0, 0.0, 0.0, 0.0, 0.0, 0.0, 0.0, 0.0, 0.0, 0.0, 0.0, 0.0, 0.0, 0.0, 0.0, 0.0, 0.0, 0.0, 0.0, 0.0, 0.0, 0.0], [0.0, 0.0, 0.9768790403586933, 0.0, 0.0, 0.0, 0.0, 0.0, 0.0, 0.0, 0.0, 0.0, 0.0, 0.0, 0.0, 0.0, 0.0, 0.0, 0.0, 0.0, 0.0, 0.0, 0.0, 0.0, 0.0, 0.0], [0.0, 0.0, 0.9768789367985615, 0.0, 0.0, 0.0, 0.0, 0.0, 0.0, 0.0, 0.0, 0.0, 0.0, 0.0, 0.0, 0.0, 0.0, 0.0, 0.0, 0.0, 0.0, 0.0, 0.0, 0.0, 0.0, 0.0], [0.0, 0.0, 0.0, 0.9760258535238577, 0.0, 0.0, 0.0, 0.0, 0.0, 0.0, 0.0, 0.0, 0.0, 0.0, 0.0, 0.0, 0.0, 0.0, 0.0, 0.0, 0.0, 0.0, 0.0, 0.0, 0.0, 0.0], [0.0, 0.0, 0.0, 0.976025766666578, 0.0, 0.0, 0.0, 0.0, 0.0, 0.0, 0.0, 0.0, 0.0, 0.0, 0.0, 0.0, 0.0, 0.0, 0.0, 0.0, 0.0, 0.0, 0.0, 0.0, 0.0, 0.0], [0.0, 0.0, 0.0, 0.0, 0.9529462868412144, 0.0, 0.0, 0.0, 0.0, 0.0, 0.0, 0.0, 0.0, 0.0, 0.0, 0.0, 0.0, 0.0, 0.0, 0.0, 0.0, 0.0, 0.0, 0.0, 0.0, 0.0], [0.0, 0.0, 0.0, 0.0, 0.9529543757736884, 0.0, 0.0, 0.0, 0.0, 0.0, 0.0, 0.0, 0.0, 0.0, 0.0, 0.0, 0.0, 0.0, 0.0, 0.0, 0.0, 0.0, 0.0, 0.0, 0.0, 0.0], [0.0, 0.0, 0.0, 0.0, 0.0, 0.0, 0.0, 0.0, 0.9698025602990361, 0.0, 0.0, 0.0, 0.0, 0.0, 0.0, 0.0, 0.0, 0.0, 0.0, 0.0, 0.0, 0.0, 0.0, 0.0, 0.0, 0.0], [0.0, 0.0, 0.0, 0.0, 0.0, 0.0, 0.0, 0.0, 0.9698082683839252, 0.0, 0.0, 0.0, 0.0, 0.0, 0.0, 0.0, 0.0, 0.0, 0.0, 0.0, 0.0, 0.0, 0.0, 0.0, 0.0, 0.0], [0.0, 0.0, 0.0, 0.0, 0.0, 0.0, 0.0, 0.0, 0.0, 0.9838997965809098, 0.0, 0.0, 0.0, 0.0, 0.0, 0.0, 0.0, 0.0, 0.0, 0.0, 0.0, 0.0, 0.0, 0.0, 0.0, 0.0], [0.0, 0.0, 0.0, 0.0, 0.0, 0.0, 0.0, 0.0, 0.0, 0.9855287493736491, 0.0, 0.0, 0.0, 0.0, 0.0, 0.0, 0.0, 0.0, 0.0, 0.0, 0.0, 0.0, 0.0, 0.0, 0.0, 0.0], [0.0, 0.0, 0.0, 0.0, 0.0, 0.0, 0.0, 0.0, 0.0, 0.9855301354260331, 0.0, 0.0, 0.0, 0.0, 0.0, 0.0, 0.0, 0.0, 0.0, 0.0, 0.0, 0.0, 0.0, 0.0, 0.0, 0.0]], "Born radii": [], "Atomic SASAs": [], "Solvent H bonds": [], "Total SASA": NaN, "Total FOD": 0.0, "FOD": [0.0, 0.0, 0.0, 0.0, 0.0, 0.0, 0.0, 0.0, 0.0, 0.0, 0.0, 0.0, 0.0, 0.0, 0.0, 0.0, 0.0, 0.0, 0.0, 0.0, 0.0, 0.0, 0.0, 0.0, 0.0, 0.0], "FOD s proportion": [0.0, 0.0, 0.0, 0.0, 0.0, 0.0, 0.0, 0.0, 0.0, 0.0, 0.0, 0.0, 0.0, 0.0, 0.0, 0.0, 0.0, 0.0, 0.0, 0.0, 0.0, 0.0, 0.0, 0.0, 0.0, 0.0], "FOD p proportion": [0.0, 0.0, 0.0, 0.0, 0.0, 0.0, 0.0, 0.0, 0.0, 0.0, 0.0, 0.0, 0.0, 0.0, 0.0, 0.0, 0.0, 0.0, 0.0, 0.0, 0.0, 0.0, 0.0, 0.0, 0.0, 0.0], "FOD d proportion": [0.0, 0.0, 0.0, 0.0, 0.0, 0.0, 0.0, 0.0, 0.0, 0.0, 0.0, 0.0, 0.0, 0.0, 0.0, 0.0, 0.0, 0.0, 0.0, 0.0, 0.0, 0.0, 0.0, 0.0, 0.0, 0.0], "coordinates": [["-4.65800", "-0.71690", "0.57970"], ["-3.48960", "-0.13070", "-0.19670"], ["-2.15600", "-0.42990", "0.48750"], ["-0.98370", "0.16120", "-0.29630"], ["0.34940", "-0.13760", "0.38710"], ["1.51760", "0.44080", "-0.37670"], ["1.44270", "1.07620", "-1.41830"], ["2.67630", "0.14350", "0.27830"], ["3.85650", "0.64570", "-0.36020"], ["5.05540", "0.24100", "0.47510"], ["-5.60140", "-0.49110", "0.07280"], ["-4.56820", "-1.80480", "0.66160"], ["-4.70680", "-0.29870", "1.59020"], ["-3.62640", "0.95310", "-0.28830"], ["-3.48870", "-0.54460", "-1.21180"], ["-2.16380", "-0.01740", "1.50380"], ["-2.02610", "-1.51510", "0.58030"], ["-0.97620", "-0.24750", "-1.31460"], ["-1.11360", "1.24640", "-0.39350"], ["0.35340", "0.29320", "1.39460"], ["0.49270", "-1.22140", "0.46080"], ["3.80420", "1.73820", "-0.42710"], ["3.94410", "0.21730", "-1.36490"], ["5.98420", "0.60340", "0.02580"], ["5.10960", "-0.84870", "0.56910"], ["4.97220", "0.64430", "1.48970"]], "bond_dist": [[0.0, 1.5203900683706144, 2.520094014119315, 3.878004138729097, 5.044475989634603, 6.355549198141731, 6.665264593397625, 7.390743305649305, 8.673914976525882, 9.76107848190967, 1.0945029967980897, 1.0946680136004705, 1.0947067780917408, 2.1462810999493986, 2.1462576802425195, 2.7503262897336382, 2.750276569728943, 4.167056525894507, 4.167065693026689, 5.176726183602915, 5.176714010837378, 8.868483020787714, 8.868501745503577, 10.738082610037976, 9.768494938320849, 9.768404039555286], [1.5203900683706144, 0.0, 1.5284434042515278, 2.5248090185200143, 3.883141904437694, 5.042922177666437, 5.222690634146349, 6.190245023421932, 7.388823615434327, 8.579423123380732, 2.1592169066585227, 2.168563501491252, 2.168596654521076, 1.0962332051165025, 1.0962399509231542, 2.1592319884625644, 2.159195361703058, 2.7532748155605535, 2.7532727162415274, 4.180977864088735, 4.180986250874308, 7.532953591387643, 7.532973578209338, 9.504803811757505, 8.663037243369095, 8.6629457576508], [2.520094014119315, 1.5284434042515278, 0.0, 1.5290614572344698, 2.524390740356968, 3.873021700171586, 4.341779881569308, 4.8706955858480825, 6.1664955120392335, 7.242551382627534, 3.4708072101457894, 2.7819722608250426, 2.782039066943525, 2.1625519184519013, 2.1626062679091635, 1.0968513025930178, 1.096879615090006, 2.1616572831973158, 2.161652250016177, 2.764560069884538, 2.7645608747141024, 6.407896285833597, 6.407922721912305, 8.218499365455958, 7.278117569811579, 7.278017980192134], [3.878004138729097, 2.5248090185200143, 1.5290614572344698, 0.0, 1.5275708199622038, 2.5181624272472973, 2.825513397596975, 3.7048722582566866, 4.864808269603233, 6.088690730362316, 4.678128192984882, 4.198972333797879, 4.19903130138369, 2.7588100514533433, 2.7588618830959986, 2.1598365632612113, 2.1598627294344426, 1.0972815636836335, 1.0972606299325607, 2.159722949824815, 2.1597546457873404, 5.042620752148628, 5.042644743584462, 6.9893432924703305, 6.236755571609328, 6.236659876889231], [5.044475989634603, 3.883141904437694, 2.524390740356968, 1.5275708199622038, 0.0, 1.5108369336232155, 2.4347657977719335, 2.3463414627883976, 3.670390522819064, 4.722024773336115, 5.969570116850962, 5.199778442395407, 5.199861657775138, 4.177652126494019, 4.177695754839024, 2.75275156343612, 2.752786359309418, 2.159878760486338, 2.1598984605763296, 1.0957467271226504, 1.0957139316445694, 4.01462206440407, 4.014638975051182, 5.6947861882602755, 4.816460448296031, 4.81636524881575], [6.355549198141731, 5.042922177666437, 3.873021700171586, 2.5181624272472973, 1.5108369336232155, 0.0, 1.2224048960962157, 1.3638174291304535, 2.3479159844423734, 3.644380896668184, 7.193792383715282, 6.569455676842641, 6.569528995293346, 5.170203269698398, 5.170246112130448, 4.159198654789165, 4.159231118848772, 2.7518088123995827, 2.7518152263551414, 2.12477083234875, 2.1247906014475877, 2.6295106921250575, 2.6295234815456583, 4.487645325780549, 3.9318967293152554, 3.93180904546495], [6.665264593397625, 5.222690634146349, 4.341779881569308, 2.825513397596975, 2.4347657977719335, 1.2224048960962157, 0.0, 2.295680685548406, 2.6704561969820815, 4.163426940634361, 7.368795919958701, 6.982625854218455, 6.982676600702628, 5.19498107985005, 5.195030399333579, 4.7688019061395295, 4.768837498804085, 2.7593500303513503, 2.7593210704809255, 3.1164194037388486, 3.1164856120316036, 2.645260609089395, 2.6452906702288885, 4.788965117851664, 4.593599283786081, 4.5935141079570005], [7.390743305649305, 6.190245023421932, 4.8706955858480825, 3.7048722582566866, 2.3463414627883976, 1.3638174291304535, 2.295680685548406, 0.0, 1.4327453123287477, 2.389216042973092, 8.304532780355556, 7.511695682733693, 7.511776624740648, 6.379695526433844, 6.37974173615202, 4.995428617245971, 4.995470320200091, 4.003869086271428, 4.003878826837795, 2.5815499588425554, 2.581543573136041, 2.0767319663355694, 2.0767449337845996, 3.349248672463722, 2.6438559661978567, 2.6437563068482692], [8.673914976525882, 7.388823615434327, 6.1664955120392335, 4.864808269603233, 3.670390522819064, 2.3479159844423734, 2.6704561969820815, 1.4327453123287477, 0.0, 1.516202291912263, 9.535810172712123, 8.83315320709428, 8.83323601009279, 7.489556514240346, 7.489592758621793, 6.337050552110186, 6.337079741489766, 5.006363439663565, 5.006380268217748, 3.9338643723443236, 3.9338599174347832, 1.0957952135321634, 1.0957291681798016, 2.1628436328130616, 2.160344754894459, 2.1603051775154363], [9.76107848190967, 8.579423123380732, 7.242551382627534, 6.088690730362316, 4.722024773336115, 3.644380896668184, 4.163426940634361, 2.389216042973092, 1.516202291912263, 0.0, 10.68949025632186, 9.840414465356629, 9.840491498903903, 8.744342011266484, 8.74439499222216, 7.296700822289482, 7.296752462568537, 6.310456156253682, 6.310456094451493, 4.791347314691349, 4.791351535840383, 2.1496683744242966, 2.149685879378659, 1.0935600989428984, 1.095088914198295, 1.094982324058247], [1.0945029967980897, 2.1592169066585227, 3.4708072101457894, 4.678128192984882, 5.969570116850962, 7.193792383715282, 7.368795919958701, 8.304532780355556, 9.535810172712123, 10.68949025632186, 0.0, 1.7720032082363733, 1.7719564554469163, 2.4732027514945067, 2.4731681503690766, 3.7535644992460164, 3.753518661203112, 4.834945166183377, 4.834944754596479, 6.149953233155517, 6.149954219341799, 9.679100674132902, 9.679120936324745, 11.637279175563332, 10.728453404382199, 10.72836221098076], [1.0946680136004705, 2.168563501491252, 2.7819722608250426, 4.198972333797879, 5.199778442395407, 6.569455676842641, 6.982625854218455, 7.511695682733693, 8.83315320709428, 9.840414465356629, 1.7720032082363733, 0.0, 1.7747803047137976, 3.0651769377965765, 2.5026090086148094, 3.11211165609462, 2.559845344937854, 4.385546001354905, 4.728352631731267, 5.400096254697688, 5.098370819193128, 9.156156314196476, 8.980804081484017, 10.842362041547958, 9.725353273789082, 9.884486460105046], [1.0947067780917408, 2.168596654521076, 2.782039066943525, 4.19903130138369, 5.199861657775138, 6.569528995293346, 6.982676600702628, 7.511776624740648, 8.83323601009279, 9.840491498903903, 1.7719564554469163, 1.7747803047137976, 0.0, 2.502604573239648, 3.0651979414060686, 2.5599694627084912, 3.1121824271722893, 4.728409969535214, 4.385599838106527, 5.098453590060422, 5.400159247651869, 8.98084527758941, 9.156251570375293, 10.84244496273788, 9.884677747402797, 9.725347821543453], [2.1462810999493986, 1.0962332051165025, 2.1625519184519013, 2.7588100514533433, 4.177652126494019, 5.170203269698398, 5.19498107985005, 6.379695526433844, 7.489556514240346, 8.744342011266484, 2.4732027514945067, 3.0651769377965765, 2.502604573239648, 0.0, 1.76491326415776, 2.508523753126527, 3.067154591800029, 3.085172943288593, 2.532045767753814, 4.371090076857259, 4.717688615201304, 7.473249882748469, 7.681987988144734, 9.622088196436364, 8.96098844994234, 8.785929854033663], [2.1462576802425195, 1.0962399509231542, 2.1626062679091635, 2.7588618830959986, 4.177695754839024, 5.170246112130448, 5.195030399333579, 6.37974173615202, 7.489592758621793, 8.74439499222216, 2.4731681503690766, 2.5026090086148094, 3.0651979414060686, 1.76491326415776, 0.0, 3.067210982309499, 2.5085237531265276, 2.5320925141076502, 3.085189767259058, 4.7177285010903285, 4.371177754335781, 7.682012779213531, 7.473315667091817, 9.622130334286686, 8.786059669157728, 8.960938247192646], [2.7503262897336382, 2.1592319884625644, 1.0968513025930178, 2.1598365632612113, 2.75275156343612, 4.159198654789165, 4.7688019061395295, 4.995428617245971, 6.337050552110186, 7.296700822289482, 3.7535644992460164, 3.11211165609462, 2.5599694627084912, 2.508523753126527, 3.067210982309499, 0.0, 1.76491326415776, 3.067037386469229, 2.5099517465481287, 2.5386399587180537, 3.0974920903853818, 6.513641851529757, 6.752108277419728, 8.30420258905092, 7.380180982875692, 7.166626940199971], [2.750276569728943, 2.159195361703058, 1.096879615090006, 2.1598627294344426, 2.752786359309418, 4.159231118848772, 4.768837498804085, 4.995470320200091, 6.337079741489766, 7.296752462568537, 3.753518661203112, 2.559845344937854, 3.1121824271722893, 3.067154591800029, 2.5085237531265276, 1.76491326415776, 0.0, 2.5099294372551593, 3.0670547663841936, 3.097588357093305, 2.538679455937673, 6.752126608706326, 6.513701009410856, 8.304241000235965, 7.166758604138972, 7.380123278780647], [4.167056525894507, 2.7532748155605535, 2.1616572831973158, 1.0972815636836335, 2.159878760486338, 2.7518088123995827, 2.7593500303513503, 4.003869086271428, 5.006363439663565, 6.310456156253682, 4.834945166183377, 4.385546001354905, 4.728409969535214, 3.085172943288593, 2.5320925141076502, 3.067037386469229, 2.5099294372551593, 0.0, 1.7604093785253474, 3.0659349781102665, 2.5016381792737334, 5.251941060217641, 4.942461048910754, 7.139178603312849, 6.3989631011594374, 6.6364801129815785], [4.167065693026689, 2.7532727162415274, 2.161652250016177, 1.0972606299325607, 2.1598984605763296, 2.7518152263551414, 2.7593210704809255, 4.003878826837795, 5.006380268217748, 6.310456094451493, 4.834944754596479, 4.728352631731267, 4.385599838106527, 2.532045767753814, 3.085189767259058, 2.5099517465481287, 3.0670547663841936, 1.7604093785253474, 0.0, 2.501595660773339, 3.0659525469256694, 4.942444035090332, 5.2519514525555175, 7.139189472902369, 6.636585041269343, 6.39890055322006], [5.176726183602915, 4.180977864088735, 2.764560069884538, 2.159722949824815, 1.0957467271226504, 2.12477083234875, 3.1164194037388486, 2.5815499588425554, 3.9338643723443236, 4.791347314691349, 6.149953233155517, 5.400096254697688, 5.098453590060422, 4.371090076857259, 4.7177285010903285, 2.5386399587180537, 3.097588357093305, 3.0659349781102665, 2.501595660773339, 0.0, 1.784768917815413, 4.161085979645217, 4.529208269664799, 5.8030807438807885, 4.960526615189158, 4.633101408344091], [5.176714010837378, 4.180986250874308, 2.7645608747141024, 2.1597546457873404, 1.0957139316445694, 2.1247906014475877, 3.1164856120316036, 2.581543573136041, 3.9338599174347832, 4.791351535840383, 6.149954219341799, 5.098370819193128, 5.400159247651869, 4.717688615201304, 4.371177754335781, 3.0974920903853818, 2.538679455937673, 2.5016381792737334, 3.0659525469256694, 1.784768917815413, 0.0, 4.52919759118544, 4.161153703001128, 5.803076105825255, 4.633184627229958, 4.960382238295755], [8.868483020787714, 7.532953591387643, 6.407896285833597, 5.042620752148628, 4.01462206440407, 2.6295106921250575, 2.645260609089395, 2.0767319663355694, 1.0957952135321634, 2.1496683744242966, 9.679100674132902, 9.156156314196476, 8.98084527758941, 7.473249882748469, 7.682012779213531, 6.513641851529757, 6.752126608706326, 5.251941060217641, 4.942444035090332, 4.161085979645217, 4.52919759118544, 0.0, 1.7922549093251214, 2.499057712418823, 3.064071671811872, 2.4969908790382074], [8.868501745503577, 7.532973578209338, 6.407922721912305, 5.042644743584462, 4.014638975051182, 2.6295234815456583, 2.6452906702288885, 2.0767449337845996, 1.0957291681798016, 2.149685879378659, 9.679120936324745, 8.980804081484017, 9.156251570375293, 7.681987988144734, 7.473315667091817, 6.752108277419728, 6.513701009410856, 4.942461048910754, 5.2519514525555175, 4.529208269664799, 4.161153703001128, 1.7922549093251214, 0.0, 2.4990253520122603, 2.4970186723370733, 3.06399408778803], [10.738082610037976, 9.504803811757505, 8.218499365455958, 6.9893432924703305, 5.6947861882602755, 4.487645325780549, 4.788965117851664, 3.349248672463722, 2.1628436328130616, 1.0935600989428984, 11.637279175563332, 10.842362041547958, 10.84244496273788, 9.622088196436364, 9.622130334286686, 8.30420258905092, 8.304241000235965, 7.139178603312849, 7.139189472902369, 5.8030807438807885, 5.803076105825255, 2.499057712418823, 2.4990253520122603, 0.0, 1.7800827115614604, 1.780117979236208], [9.768494938320849, 8.663037243369095, 7.278117569811579, 6.236755571609328, 4.816460448296031, 3.9318967293152554, 4.593599283786081, 2.6438559661978567, 2.160344754894459, 1.095088914198295, 10.728453404382199, 9.725353273789082, 9.884677747402797, 8.96098844994234, 8.786059669157728, 7.380180982875692, 7.166758604138972, 6.3989631011594374, 6.636585041269343, 4.960526615189158, 4.633184627229958, 3.064071671811872, 2.4970186723370733, 1.7800827115614604, 0.0, 1.759384017206022], [9.768404039555286, 8.6629457576508, 7.278017980192134, 6.236659876889231, 4.81636524881575, 3.93180904546495, 4.5935141079570005, 2.6437563068482692, 2.1603051775154363, 1.094982324058247, 10.72836221098076, 9.884486460105046, 9.725347821543453, 8.785929854033663, 8.960938247192646, 7.166626940199971, 7.380123278780647, 6.6364801129815785, 6.39890055322006, 4.633101408344091, 4.960382238295755, 2.4969908790382074, 3.06399408778803, 1.780117979236208, 1.759384017206022, 0.0]]}