{"total energy": -26.32240489, "HOMO-LUMO gap/eV": 12.7800848, "electronic energy": -26.70660069, "dipole": [-0.00158206, 0.00636115, 0.00945225], "partial charges": [-0.09980129, -0.05171348, -0.05736718, -0.05701117, -0.06223856, -0.00937834, -0.10293462, -0.10347677, 0.03040429, 0.03094065, 0.03136185, 0.03057408, 0.02865167, 0.02851136, 0.02786022, 0.02629792, 0.03066368, 0.02970712, 0.03210257, 0.02624415, 0.03175663, 0.0331892, 0.03122171, 0.03175407, 0.02977689, 0.03290335], "atomic dipole moments": [[-0.09364267, 0.02875535, -0.01085158], [0.06045381, -0.04955588, -0.08123486], [-0.05603076, 0.05457744, 0.07618758], [0.0227648, -0.07938913, 0.07396078], [-0.02369902, 0.06675696, -0.08619587], [0.01107001, 0.02359936, 0.09091933], [0.01791584, -0.09687578, -0.01191642], [0.06395795, 0.05169541, -0.05471052], [0.04009909, 0.0264423, 0.11488704], [0.07607138, 0.05867104, -0.08117097], [0.01185623, -0.12425408, -0.01704343], [-0.06548873, -0.05674358, 0.08849987], [-0.00496626, 0.12105116, 0.02483639], [0.00420294, -0.12190921, -0.02303808], [0.07204896, 0.04822633, -0.08555147], [-0.02462175, -0.01699844, -0.11817436], [0.00028056, 0.12359993, 0.01486155], [0.01407801, -0.12222819, -0.00385036], [0.02036888, 0.02864456, 0.1200672], [-0.02035883, -0.03104852, -0.11791762], [0.06750365, 0.07036236, -0.07940148], [0.0215114, 0.04334566, 0.11712858], [-0.11951624, 0.02746687, -0.02664589], [-0.11879753, 0.02275044, -0.03379437], [0.01742488, -0.12314883, -0.01464946], [0.00847755, 0.02419778, 0.1240996]], "atomic quadrupole moments": [[0.1973615, -0.09969136, -0.09597245, 0.03940785, -0.006129, -0.10138905], [0.13422804, -0.08376651, -0.18441264, 0.12028758, 0.06075588, 0.0501846], [0.10521126, -0.09016233, -0.16580259, 0.13670722, 0.04213128, 0.06059133], [0.19926234, -0.02579014, -0.11220381, -0.06672719, -0.11033013, -0.08705854], [0.20317256, 0.02837679, -0.12395558, -0.03654929, -0.12279184, -0.07921698], [0.08902413, -0.0083503, 0.08469973, -0.04455088, -0.08253934, -0.17372385], [-0.08124266, -0.0486624, 0.20011021, -0.01360603, 0.03531303, -0.11886755], [0.03288716, 0.10271685, -0.00917004, -0.12116262, -0.10370145, -0.02371712], [-0.02176609, -0.00048348, -0.04396322, 0.03097031, 0.03147046, 0.06572931], [-0.00049728, 0.02356087, -0.01147394, -0.04311824, -0.04981698, 0.01197122], [-0.02766663, 0.0010781, 0.07687864, 0.00090283, 0.0218426, -0.04921201], [0.00922057, 0.02934244, -0.01192476, -0.02280088, -0.03220149, 0.00270419], [-0.0254465, -0.00329632, 0.05748985, 0.01054416, 0.00562116, -0.03204335], [-0.03062429, 0.00516252, 0.05879892, 0.0136258, 0.00183892, -0.02817463], [0.01275274, 0.02973535, -0.01995316, -0.02274503, -0.03407489, 0.00720042], [-0.00667084, 0.00868887, -0.04043812, 0.01771798, 0.02488017, 0.04710895], [-0.01755788, -0.00081472, 0.04893948, -0.01048199, 0.02648415, -0.0313816], [-0.01455465, -0.00551094, 0.05561653, -0.00818296, 0.0167634, -0.04106188], [-0.01751441, 0.01191524, -0.02479783, 0.00800813, 0.03359559, 0.04231223], [-0.01977377, 0.00049449, -0.01012801, 0.0032609, 0.01011391, 0.02990178], [0.00300229, 0.03087801, -0.00741422, -0.05742176, -0.03108476, 0.00441192], [-0.04423806, 0.00033995, -0.02790435, 0.02892541, 0.02263379, 0.07214241], [0.07556482, -0.00959556, -0.02843523, 0.02904558, -0.00015173, -0.04712959], [0.06169554, -0.02645753, -0.03520996, 0.03375657, -0.02211437, -0.02648558], [-0.03436861, -0.02501423, 0.07362545, -0.01663298, 0.01754862, -0.03925684], [-0.03647902, 0.0158051, -0.0325435, 0.01757806, 0.03247656, 0.06902252]], "number of molecular orbitals": 50, "number of electrons": 50, "number of unpaired electrons": 0, "orbital energies/eV": [-16.92907085, -16.77549089, -16.40334527, -15.85622694, -15.85221214, -15.30057966, -14.97120726, -14.78107794, -14.03326108, -13.71338141, -13.55754235, -13.48464879, -13.17229574, -12.99157937, -12.76429576, -12.50442564, -12.32871345, -12.18023372, -12.01064505, -11.95183596, -11.5993833, -11.54113832, -11.37896395, -11.24581235, -11.22044183, 1.55964297, 2.28365249, 2.4924093, 2.84547012, 3.24493163, 3.41919613, 3.72199039, 3.96537647, 4.07896409, 4.40781867, 4.52391384, 4.8296103, 5.09941028, 5.53363902, 5.63775813, 5.75017451, 6.09323054, 6.65300124, 6.77324698, 6.87287227, 7.07349702, 7.43027483, 7.94293364, 8.27577403, 8.35093478], "fractional occupation": [2.0, 2.0, 2.0, 2.0, 2.0, 2.0, 2.0, 2.0, 2.0, 2.0, 2.0, 2.0, 2.0, 2.0, 2.0, 2.0, 2.0, 2.0, 2.0, 2.0, 2.0, 2.0, 2.0, 2.0, 2.0, 0.0, 0.0, 0.0, 0.0, 0.0, 0.0, 0.0, 0.0, 0.0, 0.0, 0.0, 0.0, 0.0, 0.0, 0.0, 0.0, 0.0, 0.0, 0.0, 0.0, 0.0, 0.0, 0.0, 0.0, 0.0], "program call": "xtb /home/svss/Project-DBcg-Debug/aqme2_20220329/End-to-End-workflows-final/example-3/QDESCP/mol_744_rdkit_conf_4/mol_744_rdkit_conf_4.xyz --pop --wbo --acc 0.2 --gfn 2 --chrg 0 --uhf 0 --etemp 300 --input /home/svss/Project-DBcg-Debug/aqme2_20220329/End-to-End-workflows-final/example-3/QDESCP/mol_744_rdkit_conf_4/mol_744_rdkit_conf_4_xtb.inp", "method": "GFN2-xTB", "xtb version": "6.3.3 (7355c4f)", "Dipole module/D": 0.029, "Total charge": 0, "Transition dipole module/D": NaN, "HOMO": -11.2204, "LUMO": 1.5596, "HOMO occupancy": 2.0, "LUMO occupancy": 0, "mulliken charges": [-0.08338, -0.03986, -0.04658, -0.0458, -0.05473, 0.00101, -0.09163, -0.09052, 0.02771, 0.02618, 0.02638, 0.02234, 0.02206, 0.02253, 0.0236, 0.0234, 0.02296, 0.02433, 0.02341, 0.01889, 0.02831, 0.02738, 0.02858, 0.02843, 0.02781, 0.0272], "cm5 charges": [-0.23379, -0.15254, -0.15721, -0.15658, -0.16344, -0.0735, -0.24011, -0.239, 0.07849, 0.07747, 0.07768, 0.07765, 0.07689, 0.07771, 0.07849, 0.07848, 0.07877, 0.08016, 0.07976, 0.07705, 0.08023, 0.07932, 0.08003, 0.07979, 0.07918, 0.07902], "FUKUI+": [0.006, -0.0, -0.02, -0.031, -0.026, -0.041, 0.026, 0.012, -0.063, -0.04, -0.037, -0.029, -0.043, -0.055, -0.069, -0.061, -0.061, -0.058, -0.056, -0.056, -0.031, -0.039, -0.053, -0.084, -0.045, -0.047], "FUKUI-": [0.02, 0.005, 0.011, 0.011, 0.004, -0.008, 0.02, 0.015, -0.058, -0.069, -0.055, -0.078, -0.067, -0.064, -0.077, -0.061, -0.047, -0.044, -0.064, -0.089, -0.045, -0.054, -0.054, -0.055, -0.041, -0.056], "FUKUIrad": [0.013, 0.003, -0.005, -0.01, -0.011, -0.024, 0.023, 0.014, -0.06, -0.054, -0.046, -0.053, -0.055, -0.059, -0.073, -0.061, -0.054, -0.051, -0.06, -0.073, -0.038, -0.046, -0.054, -0.07, -0.043, -0.051], "s proportion": [1.008, 1.026, 1.032, 1.032, 1.036, 1.053, 1.012, 1.013, 0.972, 0.974, 0.974, 0.978, 0.978, 0.977, 0.976, 0.977, 0.977, 0.976, 0.977, 0.981, 0.972, 0.973, 0.971, 0.972, 0.972, 0.973], "p proportion": [3.076, 3.013, 3.014, 3.014, 3.018, 2.946, 3.08, 3.077, 0.0, 0.0, 0.0, 0.0, 0.0, 0.0, 0.0, 0.0, 0.0, 0.0, 0.0, 0.0, 0.0, 0.0, 0.0, 0.0, 0.0, 0.0], "d proportion": [0.0, 0.0, 0.0, 0.0, 0.0, 0.0, 0.0, 0.0, 0.0, 0.0, 0.0, 0.0, 0.0, 0.0, 0.0, 0.0, 0.0, 0.0, 0.0, 0.0, 0.0, 0.0, 0.0, 0.0, 0.0, 0.0], "Fermi-level/eV": -4.8304, "Coordination numbers": [3.75, 3.799, 3.801, 3.799, 3.802, 3.848, 3.752, 3.753, 0.924, 0.924, 0.924, 0.924, 0.924, 0.924, 0.924, 0.924, 0.924, 0.924, 0.924, 0.924, 0.924, 0.924, 0.924, 0.924, 0.924, 0.924], "Dispersion coefficient C6": [22.469, 21.504, 21.606, 21.601, 21.695, 20.711, 22.527, 22.536, 2.581, 2.573, 2.567, 2.578, 2.606, 2.608, 2.617, 2.64, 2.577, 2.591, 2.557, 2.641, 2.562, 2.542, 2.569, 2.562, 2.59, 2.546], "Total dispersion C6": 4383.032027, "Total dispersion C8": 90702.982694, "Polarizability alpha": [6.76, 6.603, 6.618, 6.618, 6.631, 6.473, 6.768, 6.769, 2.512, 2.509, 2.506, 2.511, 2.524, 2.525, 2.53, 2.541, 2.511, 2.517, 2.501, 2.541, 2.503, 2.493, 2.507, 2.503, 2.517, 2.495], "Total polarizability alpha": 98.486401, "Wiberg matrix": [[0.0, 1.0197780443360502, 0.0, 0.0, 0.0, 0.0, 0.0, 0.0, 0.9875315232016372, 0.9876917411385316, 0.9878578174229018, 0.0, 0.0, 0.0, 0.0, 0.0, 0.0, 0.0, 0.0, 0.0, 0.0, 0.0, 0.0, 0.0, 0.0, 0.0], [1.0197780443360502, 0.0, 1.008846951026578, 0.0, 0.0, 0.0, 0.0, 0.0, 0.0, 0.0, 0.0, 0.9765868415736696, 0.9779792576321855, 0.0, 0.0, 0.0, 0.0, 0.0, 0.0, 0.0, 0.0, 0.0, 0.0, 0.0, 0.0, 0.0], [0.0, 1.008846951026578, 0.0, 1.0059093340138268, 0.0, 0.0, 0.0, 0.0, 0.0, 0.0, 0.0, 0.0, 0.0, 0.9771684439093804, 0.9769078586893811, 0.0, 0.0, 0.0, 0.0, 0.0, 0.0, 0.0, 0.0, 0.0, 0.0, 0.0], [0.0, 0.0, 1.0059093340138268, 0.0, 1.0082029480323371, 0.0, 0.0, 0.0, 0.0, 0.0, 0.0, 0.0, 0.0, 0.0, 0.0, 0.977061131197289, 0.9758881900789568, 0.0, 0.0, 0.0, 0.0, 0.0, 0.0, 0.0, 0.0, 0.0], [0.0, 0.0, 0.0, 1.0082029480323371, 0.0, 0.9948511683205141, 0.0, 0.0, 0.0, 0.0, 0.0, 0.0, 0.0, 0.0, 0.0, 0.0, 0.0, 0.9758769602400977, 0.9753316733094883, 0.0, 0.0, 0.0, 0.0, 0.0, 0.0, 0.0], [0.0, 0.0, 0.0, 0.0, 0.9948511683205141, 0.0, 1.009900323507361, 1.0081815237396041, 0.0, 0.0, 0.0, 0.0, 0.0, 0.0, 0.0, 0.0, 0.0, 0.0, 0.0, 0.9690623678587372, 0.0, 0.0, 0.0, 0.0, 0.0, 0.0], [0.0, 0.0, 0.0, 0.0, 0.0, 1.009900323507361, 0.0, 0.0, 0.0, 0.0, 0.0, 0.0, 0.0, 0.0, 0.0, 0.0, 0.0, 0.0, 0.0, 0.0, 0.9850884105050531, 0.9869111648172513, 0.98612289764542, 0.0, 0.0, 0.0], [0.0, 0.0, 0.0, 0.0, 0.0, 1.0081815237396041, 0.0, 0.0, 0.0, 0.0, 0.0, 0.0, 0.0, 0.0, 0.0, 0.0, 0.0, 0.0, 0.0, 0.0, 0.0, 0.0, 0.0, 0.9865110212371191, 0.9868708826378586, 0.9871269743962705], [0.9875315232016372, 0.0, 0.0, 0.0, 0.0, 0.0, 0.0, 0.0, 0.0, 0.0, 0.0, 0.0, 0.0, 0.0, 0.0, 0.0, 0.0, 0.0, 0.0, 0.0, 0.0, 0.0, 0.0, 0.0, 0.0, 0.0], [0.9876917411385316, 0.0, 0.0, 0.0, 0.0, 0.0, 0.0, 0.0, 0.0, 0.0, 0.0, 0.0, 0.0, 0.0, 0.0, 0.0, 0.0, 0.0, 0.0, 0.0, 0.0, 0.0, 0.0, 0.0, 0.0, 0.0], [0.9878578174229018, 0.0, 0.0, 0.0, 0.0, 0.0, 0.0, 0.0, 0.0, 0.0, 0.0, 0.0, 0.0, 0.0, 0.0, 0.0, 0.0, 0.0, 0.0, 0.0, 0.0, 0.0, 0.0, 0.0, 0.0, 0.0], [0.0, 0.9765868415736696, 0.0, 0.0, 0.0, 0.0, 0.0, 0.0, 0.0, 0.0, 0.0, 0.0, 0.0, 0.0, 0.0, 0.0, 0.0, 0.0, 0.0, 0.0, 0.0, 0.0, 0.0, 0.0, 0.0, 0.0], [0.0, 0.9779792576321855, 0.0, 0.0, 0.0, 0.0, 0.0, 0.0, 0.0, 0.0, 0.0, 0.0, 0.0, 0.0, 0.0, 0.0, 0.0, 0.0, 0.0, 0.0, 0.0, 0.0, 0.0, 0.0, 0.0, 0.0], [0.0, 0.0, 0.9771684439093804, 0.0, 0.0, 0.0, 0.0, 0.0, 0.0, 0.0, 0.0, 0.0, 0.0, 0.0, 0.0, 0.0, 0.0, 0.0, 0.0, 0.0, 0.0, 0.0, 0.0, 0.0, 0.0, 0.0], [0.0, 0.0, 0.9769078586893811, 0.0, 0.0, 0.0, 0.0, 0.0, 0.0, 0.0, 0.0, 0.0, 0.0, 0.0, 0.0, 0.0, 0.0, 0.0, 0.0, 0.0, 0.0, 0.0, 0.0, 0.0, 0.0, 0.0], [0.0, 0.0, 0.0, 0.977061131197289, 0.0, 0.0, 0.0, 0.0, 0.0, 0.0, 0.0, 0.0, 0.0, 0.0, 0.0, 0.0, 0.0, 0.0, 0.0, 0.0, 0.0, 0.0, 0.0, 0.0, 0.0, 0.0], [0.0, 0.0, 0.0, 0.9758881900789568, 0.0, 0.0, 0.0, 0.0, 0.0, 0.0, 0.0, 0.0, 0.0, 0.0, 0.0, 0.0, 0.0, 0.0, 0.0, 0.0, 0.0, 0.0, 0.0, 0.0, 0.0, 0.0], [0.0, 0.0, 0.0, 0.0, 0.9758769602400977, 0.0, 0.0, 0.0, 0.0, 0.0, 0.0, 0.0, 0.0, 0.0, 0.0, 0.0, 0.0, 0.0, 0.0, 0.0, 0.0, 0.0, 0.0, 0.0, 0.0, 0.0], [0.0, 0.0, 0.0, 0.0, 0.9753316733094883, 0.0, 0.0, 0.0, 0.0, 0.0, 0.0, 0.0, 0.0, 0.0, 0.0, 0.0, 0.0, 0.0, 0.0, 0.0, 0.0, 0.0, 0.0, 0.0, 0.0, 0.0], [0.0, 0.0, 0.0, 0.0, 0.0, 0.9690623678587372, 0.0, 0.0, 0.0, 0.0, 0.0, 0.0, 0.0, 0.0, 0.0, 0.0, 0.0, 0.0, 0.0, 0.0, 0.0, 0.0, 0.0, 0.0, 0.0, 0.0], [0.0, 0.0, 0.0, 0.0, 0.0, 0.0, 0.9850884105050531, 0.0, 0.0, 0.0, 0.0, 0.0, 0.0, 0.0, 0.0, 0.0, 0.0, 0.0, 0.0, 0.0, 0.0, 0.0, 0.0, 0.0, 0.0, 0.0], [0.0, 0.0, 0.0, 0.0, 0.0, 0.0, 0.9869111648172513, 0.0, 0.0, 0.0, 0.0, 0.0, 0.0, 0.0, 0.0, 0.0, 0.0, 0.0, 0.0, 0.0, 0.0, 0.0, 0.0, 0.0, 0.0, 0.0], [0.0, 0.0, 0.0, 0.0, 0.0, 0.0, 0.98612289764542, 0.0, 0.0, 0.0, 0.0, 0.0, 0.0, 0.0, 0.0, 0.0, 0.0, 0.0, 0.0, 0.0, 0.0, 0.0, 0.0, 0.0, 0.0, 0.0], [0.0, 0.0, 0.0, 0.0, 0.0, 0.0, 0.0, 0.9865110212371191, 0.0, 0.0, 0.0, 0.0, 0.0, 0.0, 0.0, 0.0, 0.0, 0.0, 0.0, 0.0, 0.0, 0.0, 0.0, 0.0, 0.0, 0.0], [0.0, 0.0, 0.0, 0.0, 0.0, 0.0, 0.0, 0.9868708826378586, 0.0, 0.0, 0.0, 0.0, 0.0, 0.0, 0.0, 0.0, 0.0, 0.0, 0.0, 0.0, 0.0, 0.0, 0.0, 0.0, 0.0, 0.0], [0.0, 0.0, 0.0, 0.0, 0.0, 0.0, 0.0, 0.9871269743962705, 0.0, 0.0, 0.0, 0.0, 0.0, 0.0, 0.0, 0.0, 0.0, 0.0, 0.0, 0.0, 0.0, 0.0, 0.0, 0.0, 0.0, 0.0]], "Born radii": [], "Atomic SASAs": [], "Solvent H bonds": [], "Total SASA": NaN, "Total FOD": 0.0, "FOD": [0.0, 0.0, 0.0, 0.0, 0.0, 0.0, 0.0, 0.0, 0.0, 0.0, 0.0, 0.0, 0.0, 0.0, 0.0, 0.0, 0.0, 0.0, 0.0, 0.0, 0.0, 0.0, 0.0, 0.0, 0.0, 0.0], "FOD s proportion": [0.0, 0.0, 0.0, 0.0, 0.0, 0.0, 0.0, 0.0, 0.0, 0.0, 0.0, 0.0, 0.0, 0.0, 0.0, 0.0, 0.0, 0.0, 0.0, 0.0, 0.0, 0.0, 0.0, 0.0, 0.0, 0.0], "FOD p proportion": [0.0, 0.0, 0.0, 0.0, 0.0, 0.0, 0.0, 0.0, 0.0, 0.0, 0.0, 0.0, 0.0, 0.0, 0.0, 0.0, 0.0, 0.0, 0.0, 0.0, 0.0, 0.0, 0.0, 0.0, 0.0, 0.0], "FOD d proportion": [0.0, 0.0, 0.0, 0.0, 0.0, 0.0, 0.0, 0.0, 0.0, 0.0, 0.0, 0.0, 0.0, 0.0, 0.0, 0.0, 0.0, 0.0, 0.0, 0.0, 0.0, 0.0, 0.0, 0.0, 0.0, 0.0], "coordinates": [["3.76490", "-0.39410", "0.80460"], ["2.32100", "0.05840", "0.64860"], ["1.78770", "-0.25250", "-0.75040"], ["0.37290", "0.28310", "-0.99480"], ["-0.68720", "-0.38260", "-0.11100"], ["-2.13020", "-0.02270", "-0.51370"], ["-2.42350", "1.47040", "-0.36000"], ["-3.12090", "-0.83320", "0.32570"], ["4.12660", "-0.16630", "1.81220"], ["4.41590", "0.11550", "0.08710"], ["3.85670", "-1.47340", "0.64630"], ["1.71300", "-0.44400", "1.40840"], ["2.25960", "1.13580", "0.84030"], ["1.80580", "-1.33570", "-0.92180"], ["2.45590", "0.19530", "-1.49660"], ["0.12090", "0.11250", "-2.04860"], ["0.37020", "1.36750", "-0.83730"], ["-0.56460", "-1.47150", "-0.17280"], ["-0.52430", "-0.10460", "0.93720"], ["-2.28060", "-0.29570", "-1.56590"], ["-1.81300", "2.06860", "-1.04310"], ["-2.22610", "1.81060", "0.66210"], ["-3.47240", "1.68560", "-0.59090"], ["-4.15220", "-0.61890", "0.02560"], ["-2.95350", "-1.90770", "0.19600"], ["-3.02260", "-0.60060", "1.39160"]], "bond_dist": [[0.0, 1.5211638504776528, 2.519403778674629, 3.898987586540896, 4.545288771904377, 6.052111768630847, 6.567263354701104, 6.916386025953149, 1.0945215804176727, 1.094668630225604, 1.0947029825482344, 2.1394761181186386, 2.1465778788574155, 2.775813453746487, 2.7122674646870646, 4.655763073868773, 4.162097819609722, 4.567348439740502, 4.301003330619497, 6.494383963086877, 6.371173752928105, 6.385380907980353, 7.658399547555612, 7.958507928625817, 6.9136298338861035, 6.8159641651053295], [1.5211638504776528, 0.0, 1.529139856259067, 2.5585830570845265, 3.1338060565389174, 4.601162889965971, 5.05186086605718, 5.5239017532899695, 2.159779250293881, 2.1695964302146145, 2.1690530237871086, 1.095155605382176, 1.096042704460004, 2.162198420589563, 2.1537926223292714, 3.481128360172891, 2.779795362971886, 3.3677855231590983, 2.8645402859795848, 5.118995958193365, 4.898235287325427, 4.873038631080202, 6.143909476058384, 6.538285901518838, 5.647189231821438, 5.435107262970989], [2.519403778674629, 1.529139856259067, 0.0, 1.532402610282298, 2.5594703319241656, 3.9317649141320747, 4.566727713582232, 5.058612226688264, 3.4705622613634235, 2.7828520424197905, 2.7788718394341254, 2.168563990294038, 2.1634215932175587, 1.096826244215555, 1.0971921071535287, 2.1440080410296973, 2.154357876491276, 2.7116227705932845, 2.8662191420057193, 4.149454347260614, 4.293974730945677, 4.728861205406647, 5.608058832608659, 6.001569542211437, 5.110218922903401, 5.277151096946154], [3.898987586540896, 2.5585830570845265, 1.532402610282298, 0.0, 1.5323416525044278, 2.5671931092148093, 3.1036277627963056, 3.898266843098353, 4.70865936865261, 4.188609121176145, 4.23265447444036, 2.846034550036243, 2.7666452952989835, 2.1631099948916144, 2.144388276408916, 1.096860428678143, 1.0957814106837185, 2.1524895841792127, 2.1651566063451395, 2.775288615621806, 2.8228535119626734, 3.4399672760071427, 4.112964083237294, 4.725605799260028, 4.157228191956751, 4.243259466495067], [4.545288771904377, 3.1338060565389174, 2.5594703319241656, 1.5323416525044278, 0.0, 1.5407609483628535, 2.551538298752343, 2.5132932459225685, 5.188270845859918, 5.131176943937911, 4.73395977380459, 2.841356429594851, 3.4487882640138983, 2.7894166504844704, 3.4832360499971866, 2.1569523360519582, 2.1698977994366464, 1.0975213938689303, 1.0966055124793053, 2.1594464985268798, 2.853877623515066, 2.788552144034606, 3.5021556633022466, 3.4757333398867063, 2.7488715321018553, 2.7855742531837127], [6.052111768630847, 4.601162889965971, 3.9317649141320747, 2.5671931092148093, 1.5407609483628535, 0.0, 1.5293777133200286, 1.5306825601671954, 6.676674172819879, 6.575065405758333, 6.268421021278006, 4.317655421637998, 4.737697994807182, 4.169245808296748, 4.695309321013899, 2.7279384633821926, 2.8791271524543682, 2.1601707363076654, 2.1658100632326924, 1.0973941862430292, 2.180462311070751, 2.1800668200768527, 2.1738789225713564, 2.175955636036728, 2.1759416306509696, 2.181860275086377], [6.567263354701104, 5.05186086605718, 4.566727713582232, 3.1036277627963056, 2.551538298752343, 1.5293777133200286, 0.0, 2.502623465485769, 7.092323296353601, 6.986633293654391, 7.008531241993576, 4.8890488001246215, 4.8460399152297535, 5.106544324687684, 5.169746988973445, 3.3420403543344595, 2.836047141709743, 3.4850148722781658, 2.787528202547913, 2.1432975598362445, 1.0941567986353693, 1.0951672064118794, 1.0953616115237923, 2.73902638541508, 3.4643319139482, 2.7777804754875786], [6.916386025953149, 5.5239017532899695, 5.058612226688264, 3.898266843098353, 2.5132932459225685, 1.5306825601671954, 2.502623465485769, 0.0, 7.428370892059712, 7.600020782208427, 7.014238530303913, 4.968934004391686, 5.7525259156304545, 5.106969295971927, 5.9564492594162175, 4.128064464128437, 4.287590080686352, 2.6815291961863847, 2.765342975111767, 2.13849500817748, 3.4647740315928255, 2.811318274404376, 2.7033426068480484, 1.0952461778066152, 1.0951689823949544, 1.095403332111054], [1.0945215804176727, 2.159779250293881, 3.4705622613634235, 4.70865936865261, 5.188270845859918, 6.676674172819879, 7.092323296353601, 7.428370892059712, 0.0, 1.7717437004262213, 1.7721961601357794, 2.4628513333126705, 2.475023842309403, 3.7720505033734635, 3.724265093948066, 5.570380469052361, 4.8459192781143186, 5.25843412814119, 4.732895804895772, 7.24434371147587, 6.958905392373142, 6.7518635138752625, 8.182250559595447, 8.48146896239089, 7.46809161767583, 7.1747182167664265], [1.094668630225604, 2.1695964302146145, 2.7828520424197905, 4.188609121176145, 5.131176943937911, 6.575065405758333, 6.986633293654391, 7.600020782208427, 1.7717437004262213, 0.0, 1.7748274535852775, 3.0601539748842703, 2.5015898984445872, 3.152218688479592, 2.521125488745056, 4.796691410753875, 4.334709661557508, 5.2336886858123295, 5.017637896460844, 6.909747223307088, 6.625039385543303, 6.878964530363563, 8.071565827025136, 8.599736229675884, 7.6428563907743285, 7.585894918201807], [1.0947029825482344, 2.1690530237871086, 2.7788718394341254, 4.23265447444036, 4.73395977380459, 6.268421021278006, 7.008531241993576, 7.014238530303913, 1.7721961601357794, 1.7748274535852775, 0.0, 2.497180502086303, 3.0653366943942717, 2.585360653758001, 3.0559484190673114, 4.871731361641363, 4.735764354357172, 4.496534455555746, 4.599064823417909, 6.629272767053713, 6.895312498357127, 6.912695673903199, 8.076239945048686, 8.078237304635214, 6.838874952797426, 6.97438315695374], [2.1394761181186386, 1.095155605382176, 2.168563990294038, 2.846034550036243, 2.841356429594851, 4.317655421637998, 4.8890488001246215, 4.968934004391686, 2.4628513333126705, 3.0601539748842703, 2.497180502086303, 0.0, 1.7655812668920112, 2.496712392327158, 3.065881586102112, 3.84646898596622, 3.1824224389606104, 2.9569260136161675, 2.3114352878676923, 4.981695930102519, 4.975508718714098, 4.599640601177445, 5.951535080128487, 6.028540195602911, 5.03870555797816, 4.738218352925496], [2.1465778788574155, 1.096042704460004, 2.1634215932175587, 2.7666452952989835, 3.4487882640138983, 4.737697994807182, 4.8460399152297535, 5.7525259156304545, 2.475023842309403, 2.5015898984445872, 3.0653366943942717, 1.7655812668920112, 0.0, 3.069078542494473, 2.526692610904619, 3.7372347785495093, 2.537293638899526, 3.974983086756471, 3.0492754844388856, 5.334079745373143, 4.582944704008548, 4.5396712182712085, 5.933501283390776, 6.697304489120977, 6.0707846568627355, 5.5875444955722715], [2.775813453746487, 2.162198420589563, 1.096826244215555, 2.1631099948916144, 2.7894166504844704, 4.169245808296748, 5.106544324687684, 5.106969295971927, 3.7720505033734635, 3.152218688479592, 2.585360653758001, 2.496712392327158, 3.069078542494473, 0.0, 1.7598255737430346, 2.4911542485362084, 3.0619238805038904, 2.4896262370082782, 3.2250355377886923, 4.265574963589317, 4.969877827472221, 5.353892089872563, 6.0907424621305415, 6.075288717419115, 4.92215372880612, 5.404224100645716], [2.7122674646870646, 2.1537926223292714, 1.0971921071535287, 2.144388276408916, 3.4832360499971866, 4.695309321013899, 5.169746988973445, 5.9564492594162175, 3.724265093948066, 2.521125488745056, 3.0559484190673114, 3.065881586102112, 2.526692610904619, 1.7598255737430346, 0.0, 2.400788378845583, 2.4817078434013946, 3.6951439660722287, 3.8593930209295864, 4.762385509384977, 4.683846960565642, 5.402805176942808, 6.1794844016309325, 6.8298609129322685, 6.045586168437267, 6.244126704351858], [4.655763073868773, 3.481128360172891, 2.1440080410296973, 1.096860428678143, 2.1569523360519582, 2.7279384633821926, 3.3420403543344595, 4.128064464128437, 5.570380469052361, 4.796691410753875, 4.871731361641363, 3.84646898596622, 3.7372347785495093, 2.4911542485362084, 2.400788378845583, 0.0, 1.7619373371377314, 2.549037443820706, 3.0624201361015118, 2.4833100450809598, 2.9287073377174444, 3.9673476152210307, 4.184655038351428, 4.805895880062322, 4.3094515381890535, 4.714348300666805], [4.162097819609722, 2.779795362971886, 2.154357876491276, 1.0957814106837185, 2.1698977994366464, 2.8791271524543682, 2.836047141709743, 4.287590080686352, 4.8459192781143186, 4.334709661557508, 4.735764354357172, 3.1824224389606104, 2.537293638899526, 3.0619238805038904, 2.4817078434013946, 1.7619373371377314, 0.0, 3.0619164407279307, 2.4730667014862338, 3.213072180950811, 2.3022287223471087, 3.0307279092653636, 3.863609106780861, 5.014228069204671, 4.779291330312476, 4.511375029855088], [4.567348439740502, 3.3677855231590983, 2.7116227705932845, 2.1524895841792127, 1.0975213938689303, 2.1601707363076654, 3.4850148722781658, 2.6815291961863847, 5.25843412814119, 5.2336886858123295, 4.496534455555746, 2.9569260136161675, 3.974983086756471, 2.4896262370082782, 3.6951439660722287, 2.549037443820706, 3.0619164407279307, 0.0, 1.7612892153192787, 2.503575293455342, 3.8533404547223697, 3.7722434531721305, 4.312468998149436, 3.692852972973606, 2.456242473779818, 3.040983092685653], [4.301003330619497, 2.8645402859795848, 2.8662191420057193, 2.1651566063451395, 1.0966055124793053, 2.1658100632326924, 2.787528202547913, 2.765342975111767, 4.732895804895772, 5.017637896460844, 4.599064823417909, 2.3114352878676923, 3.0492754844388856, 3.2250355377886923, 3.8593930209295864, 3.0624201361015118, 2.4730667014862338, 1.7612892153192787, 0.0, 3.0637588857480282, 3.210161058264834, 2.57677982955471, 3.772426176878747, 3.7758677757569843, 3.11473268355408, 2.58727622220744], [6.494383963086877, 5.118995958193365, 4.149454347260614, 2.775288615621806, 2.1594464985268798, 1.0973941862430292, 2.1432975598362445, 2.13849500817748, 7.24434371147587, 6.909747223307088, 6.629272767053713, 4.981695930102519, 5.334079745373143, 4.265574963589317, 4.762385509384977, 2.4833100450809598, 3.213072180950811, 2.503575293455342, 3.0637588857480282, 0.0, 2.4661476212911504, 3.066505167124295, 2.509295106200146, 2.4779461354113406, 2.4810542154495536, 3.064365229537759], [6.371173752928105, 4.898235287325427, 4.293974730945677, 2.8228535119626734, 2.853877623515066, 2.180462311070751, 1.0941567986353693, 3.4647740315928255, 6.958905392373142, 6.625039385543303, 6.895312498357127, 4.975508718714098, 4.582944704008548, 4.969877827472221, 4.683846960565642, 2.9287073377174444, 2.3022287223471087, 3.8533404547223697, 3.210161058264834, 2.4661476212911504, 0.0, 1.7733929767538836, 1.762039216362678, 3.7197624359628128, 4.318225416765549, 3.80992452549916], [6.385380907980353, 4.873038631080202, 4.728861205406647, 3.4399672760071427, 2.788552144034606, 2.1800668200768527, 1.0951672064118794, 2.811318274404376, 6.7518635138752625, 6.878964530363563, 6.912695673903199, 4.599640601177445, 4.5396712182712085, 5.353892089872563, 5.402805176942808, 3.9673476152210307, 3.0307279092653636, 3.7722434531721305, 2.57677982955471, 3.066505167124295, 1.7733929767538836, 0.0, 1.771693452604033, 3.165037710675814, 3.817343953588673, 2.6420575201914134], [7.658399547555612, 6.143909476058384, 5.608058832608659, 4.112964083237294, 3.5021556633022466, 2.1738789225713564, 1.0953616115237923, 2.7033426068480484, 8.182250559595447, 8.071565827025136, 8.076239945048686, 5.951535080128487, 5.933501283390776, 6.0907424621305415, 6.1794844016309325, 4.184655038351428, 3.863609106780861, 4.312468998149436, 3.772426176878747, 2.509295106200146, 1.762039216362678, 1.771693452604033, 0.0, 2.480508121333208, 3.714871964146275, 3.059303307944474], [7.958507928625817, 6.538285901518838, 6.001569542211437, 4.725605799260028, 3.4757333398867063, 2.175955636036728, 2.73902638541508, 1.0952461778066152, 8.48146896239089, 8.599736229675884, 8.078237304635214, 6.028540195602911, 6.697304489120977, 6.075288717419115, 6.8298609129322685, 4.805895880062322, 5.014228069204671, 3.692852972973606, 3.7758677757569843, 2.4779461354113406, 3.7197624359628128, 3.165037710675814, 2.480508121333208, 0.0, 1.76831085785277, 1.7726497256931495], [6.9136298338861035, 5.647189231821438, 5.110218922903401, 4.157228191956751, 2.7488715321018553, 2.1759416306509696, 3.4643319139482, 1.0951689823949544, 7.46809161767583, 7.6428563907743285, 6.838874952797426, 5.03870555797816, 6.0707846568627355, 4.92215372880612, 6.045586168437267, 4.3094515381890535, 4.779291330312476, 2.456242473779818, 3.11473268355408, 2.4810542154495536, 4.318225416765549, 3.817343953588673, 3.714871964146275, 1.76831085785277, 0.0, 1.7727787735642595], [6.8159641651053295, 5.435107262970989, 5.277151096946154, 4.243259466495067, 2.7855742531837127, 2.181860275086377, 2.7777804754875786, 1.095403332111054, 7.1747182167664265, 7.585894918201807, 6.97438315695374, 4.738218352925496, 5.5875444955722715, 5.404224100645716, 6.244126704351858, 4.714348300666805, 4.511375029855088, 3.040983092685653, 2.58727622220744, 3.064365229537759, 3.80992452549916, 2.6420575201914134, 3.059303307944474, 1.7726497256931495, 1.7727787735642595, 0.0]]}