{"total energy": -19.9936945, "HOMO-LUMO gap/eV": 12.74971831, "electronic energy": -20.28459001, "dipole": [0.0, 0.0, -0.0], "partial charges": [-0.1027759, -0.01331698, -0.10276692, -0.01331698, -0.1027759, -0.10276692, 0.0314157, 0.03134152, 0.0324889, 0.02839118, 0.03248814, 0.03135417, 0.03138019, 0.02839118, 0.0314157, 0.03134152, 0.0324889, 0.03248814, 0.03138019, 0.03135417], "atomic dipole moments": [[0.05512038, 0.07476137, -0.03548015], [-0.02640588, 0.02154011, 0.09219845], [0.05246395, -0.08448506, 0.00092431], [0.02640588, -0.02154011, -0.09219845], [-0.05512038, -0.07476137, 0.03548015], [-0.05246395, 0.08448506, -0.00092431], [-0.0285987, 0.01264727, 0.12305922], [-0.10937057, -0.00951319, -0.06110394], [0.0531335, -0.1127791, -0.01636859], [0.02423575, -0.02759659, -0.1187683], [0.05655645, 0.09269655, -0.06340087], [-0.10944278, -0.01451162, -0.05993925], [-0.02811061, 0.04306012, 0.1161281], [-0.02423575, 0.02759659, 0.1187683], [0.0285987, -0.01264727, -0.12305922], [0.10937057, 0.00951319, 0.06110394], [-0.0531335, 0.1127791, 0.01636859], [-0.05655645, -0.09269655, 0.06340087], [0.02811061, -0.04306012, -0.1161281], [0.10944278, 0.01451162, 0.05993925]], "atomic quadrupole moments": [[0.00576605, 0.11646253, 0.07045765, -0.05787217, -0.10511153, -0.0762237], [0.0602592, 0.01471225, 0.10404012, 0.05994057, -0.06595034, -0.16429932], [-0.00235125, -0.12600197, 0.13317044, -0.00021971, 0.00696085, -0.13081918], [0.0602592, 0.01471225, 0.10404012, 0.05994057, -0.06595034, -0.16429932], [0.00576605, 0.11646253, 0.07045765, -0.05787217, -0.10511153, -0.0762237], [-0.00235125, -0.12600197, 0.13317044, -0.00021971, 0.00696085, -0.13081918], [-0.04197115, 0.00570301, -0.03178576, -0.01901215, 0.02751456, 0.07375691], [0.04275912, -0.00079004, -0.03442391, 0.05905277, -0.01468537, -0.00833521], [0.0040787, -0.05340484, 0.04279338, -0.01694489, 0.00739041, -0.04687208], [-0.01672234, -0.00426803, -0.00814774, -0.01913182, 0.00833547, 0.02487008], [0.00728807, 0.04142889, 0.01740171, -0.03951318, -0.03816522, -0.02468978], [0.04360828, 0.02431464, -0.01960713, 0.05393252, 0.01784002, -0.02400115], [-0.04258915, -0.01328092, -0.03249213, -0.01469178, 0.02458931, 0.07508128], [-0.01672234, -0.00426803, -0.00814774, -0.01913182, 0.00833547, 0.02487008], [-0.04197115, 0.00570301, -0.03178576, -0.01901215, 0.02751456, 0.07375691], [0.04275912, -0.00079004, -0.03442391, 0.05905277, -0.01468537, -0.00833521], [0.0040787, -0.05340484, 0.04279338, -0.01694489, 0.00739041, -0.04687208], [0.00728807, 0.04142889, 0.01740171, -0.03951318, -0.03816522, -0.02468978], [-0.04258915, -0.01328092, -0.03249213, -0.01469178, 0.02458931, 0.07508128], [0.04360828, 0.02431464, -0.01960713, 0.05393252, 0.01784002, -0.02400115]], "number of molecular orbitals": 38, "number of electrons": 38, "number of unpaired electrons": 0, "orbital energies/eV": [-16.93254801, -16.42054894, -15.96051039, -15.61770021, -15.26048253, -14.74830602, -13.7386177, -13.70929494, -13.28224069, -13.22391071, -12.61277768, -12.59233481, -12.39861127, -12.22376552, -12.07889674, -11.72149754, -11.45923804, -11.37500354, -11.22879621, 1.5209221, 2.00412814, 2.73211667, 2.98432802, 3.49688523, 3.78912343, 4.67320384, 4.72078594, 4.92865398, 5.21664937, 5.92778252, 5.94861305, 6.06719147, 6.42611113, 6.64607986, 6.9970823, 7.43627481, 8.0380776, 8.06303359], "fractional occupation": [2.0, 2.0, 2.0, 2.0, 2.0, 2.0, 2.0, 2.0, 2.0, 2.0, 2.0, 2.0, 2.0, 2.0, 2.0, 2.0, 2.0, 2.0, 2.0, 0.0, 0.0, 0.0, 0.0, 0.0, 0.0, 0.0, 0.0, 0.0, 0.0, 0.0, 0.0, 0.0, 0.0, 0.0, 0.0, 0.0, 0.0, 0.0], "program call": "xtb /home/svss/Project-DBcg-Debug/aqme2_20220329/End-to-End-workflows-final/example-3/QDESCP/mol_667_rdkit_conf_2/mol_667_rdkit_conf_2.xyz --pop --wbo --acc 0.2 --gfn 2 --chrg 0 --uhf 0 --etemp 300 --input /home/svss/Project-DBcg-Debug/aqme2_20220329/End-to-End-workflows-final/example-3/QDESCP/mol_667_rdkit_conf_2/mol_667_rdkit_conf_2_xtb.inp", "method": "GFN2-xTB", "xtb version": "6.3.3 (7355c4f)", "Dipole module/D": 0.0, "Total charge": 0, "Transition dipole module/D": NaN, "HOMO": -11.2288, "LUMO": 1.5209, "HOMO occupancy": 2.0, "LUMO occupancy": 0, "mulliken charges": [-0.09068, -0.00651, -0.09067, -0.00651, -0.09068, -0.09067, 0.02702, 0.0288, 0.02838, 0.01946, 0.02838, 0.02881, 0.027, 0.01946, 0.02702, 0.0288, 0.02838, 0.02838, 0.027, 0.02881], "cm5 charges": [-0.23933, -0.07864, -0.23932, -0.07864, -0.23933, -0.23932, 0.07898, 0.08025, 0.08038, 0.07809, 0.08038, 0.08027, 0.07894, 0.07809, 0.07898, 0.08025, 0.08038, 0.08038, 0.07894, 0.08027], "FUKUI+": [0.027, -0.065, 0.027, -0.065, 0.027, 0.027, -0.06, -0.089, -0.054, -0.084, -0.054, -0.089, -0.06, -0.084, -0.06, -0.089, -0.054, -0.054, -0.06, -0.089], "FUKUI-": [0.023, -0.014, 0.023, -0.014, 0.023, 0.023, -0.072, -0.076, -0.066, -0.103, -0.066, -0.076, -0.072, -0.103, -0.072, -0.076, -0.066, -0.066, -0.072, -0.076], "FUKUIrad": [0.025, -0.04, 0.025, -0.04, 0.025, 0.025, -0.066, -0.083, -0.06, -0.094, -0.06, -0.083, -0.066, -0.094, -0.066, -0.083, -0.06, -0.06, -0.066, -0.083], "s proportion": [1.013, 1.057, 1.013, 1.057, 1.013, 1.013, 0.973, 0.971, 0.972, 0.981, 0.972, 0.971, 0.973, 0.981, 0.973, 0.971, 0.972, 0.972, 0.973, 0.971], "p proportion": [3.078, 2.949, 3.078, 2.949, 3.078, 3.078, 0.0, 0.0, 0.0, 0.0, 0.0, 0.0, 0.0, 0.0, 0.0, 0.0, 0.0, 0.0, 0.0, 0.0], "d proportion": [0.0, 0.0, 0.0, 0.0, 0.0, 0.0, 0.0, 0.0, 0.0, 0.0, 0.0, 0.0, 0.0, 0.0, 0.0, 0.0, 0.0, 0.0, 0.0, 0.0], "Fermi-level/eV": -4.8539, "Coordination numbers": [3.752, 3.847, 3.752, 3.847, 3.752, 3.752, 0.924, 0.924, 0.924, 0.923, 0.924, 0.924, 0.924, 0.923, 0.924, 0.924, 0.924, 0.924, 0.924, 0.924], "Dispersion coefficient C6": [22.524, 20.781, 22.524, 20.781, 22.524, 22.524, 2.567, 2.568, 2.551, 2.61, 2.551, 2.567, 2.567, 2.61, 2.567, 2.568, 2.551, 2.551, 2.567, 2.567], "Total dispersion C6": 2546.211451, "Total dispersion C8": 52354.629178, "Polarizability alpha": [6.768, 6.484, 6.768, 6.484, 6.768, 6.768, 2.505, 2.506, 2.498, 2.526, 2.498, 2.506, 2.506, 2.526, 2.505, 2.506, 2.498, 2.498, 2.506, 2.506], "Total polarizability alpha": 75.129693, "Wiberg matrix": [[0.0, 1.0087886887721287, 0.0, 0.0, 0.0, 0.0, 0.987360406289483, 0.9855257114383, 0.9849179071779522, 0.0, 0.0, 0.0, 0.0, 0.0, 0.0, 0.0, 0.0, 0.0, 0.0, 0.0], [1.0087886887721287, 0.0, 1.0087911482588163, 0.9823649693956991, 0.0, 0.0, 0.0, 0.0, 0.0, 0.9691869184947411, 0.0, 0.0, 0.0, 0.0, 0.0, 0.0, 0.0, 0.0, 0.0, 0.0], [0.0, 1.0087911482588163, 0.0, 0.0, 0.0, 0.0, 0.0, 0.0, 0.0, 0.0, 0.9849170512925136, 0.9855263134675016, 0.9873572680216872, 0.0, 0.0, 0.0, 0.0, 0.0, 0.0, 0.0], [0.0, 0.9823649693956991, 0.0, 0.0, 1.0087886887721285, 1.008791148258818, 0.0, 0.0, 0.0, 0.0, 0.0, 0.0, 0.0, 0.9691869184947417, 0.0, 0.0, 0.0, 0.0, 0.0, 0.0], [0.0, 0.0, 0.0, 1.0087886887721285, 0.0, 0.0, 0.0, 0.0, 0.0, 0.0, 0.0, 0.0, 0.0, 0.0, 0.9873604062894825, 0.9855257114382998, 0.984917907177952, 0.0, 0.0, 0.0], [0.0, 0.0, 0.0, 1.008791148258818, 0.0, 0.0, 0.0, 0.0, 0.0, 0.0, 0.0, 0.0, 0.0, 0.0, 0.0, 0.0, 0.0, 0.9849170512925146, 0.9873572680216876, 0.985526313467503], [0.987360406289483, 0.0, 0.0, 0.0, 0.0, 0.0, 0.0, 0.0, 0.0, 0.0, 0.0, 0.0, 0.0, 0.0, 0.0, 0.0, 0.0, 0.0, 0.0, 0.0], [0.9855257114383, 0.0, 0.0, 0.0, 0.0, 0.0, 0.0, 0.0, 0.0, 0.0, 0.0, 0.0, 0.0, 0.0, 0.0, 0.0, 0.0, 0.0, 0.0, 0.0], [0.9849179071779522, 0.0, 0.0, 0.0, 0.0, 0.0, 0.0, 0.0, 0.0, 0.0, 0.0, 0.0, 0.0, 0.0, 0.0, 0.0, 0.0, 0.0, 0.0, 0.0], [0.0, 0.9691869184947411, 0.0, 0.0, 0.0, 0.0, 0.0, 0.0, 0.0, 0.0, 0.0, 0.0, 0.0, 0.0, 0.0, 0.0, 0.0, 0.0, 0.0, 0.0], [0.0, 0.0, 0.9849170512925136, 0.0, 0.0, 0.0, 0.0, 0.0, 0.0, 0.0, 0.0, 0.0, 0.0, 0.0, 0.0, 0.0, 0.0, 0.0, 0.0, 0.0], [0.0, 0.0, 0.9855263134675016, 0.0, 0.0, 0.0, 0.0, 0.0, 0.0, 0.0, 0.0, 0.0, 0.0, 0.0, 0.0, 0.0, 0.0, 0.0, 0.0, 0.0], [0.0, 0.0, 0.9873572680216872, 0.0, 0.0, 0.0, 0.0, 0.0, 0.0, 0.0, 0.0, 0.0, 0.0, 0.0, 0.0, 0.0, 0.0, 0.0, 0.0, 0.0], [0.0, 0.0, 0.0, 0.9691869184947417, 0.0, 0.0, 0.0, 0.0, 0.0, 0.0, 0.0, 0.0, 0.0, 0.0, 0.0, 0.0, 0.0, 0.0, 0.0, 0.0], [0.0, 0.0, 0.0, 0.0, 0.9873604062894825, 0.0, 0.0, 0.0, 0.0, 0.0, 0.0, 0.0, 0.0, 0.0, 0.0, 0.0, 0.0, 0.0, 0.0, 0.0], [0.0, 0.0, 0.0, 0.0, 0.9855257114382998, 0.0, 0.0, 0.0, 0.0, 0.0, 0.0, 0.0, 0.0, 0.0, 0.0, 0.0, 0.0, 0.0, 0.0, 0.0], [0.0, 0.0, 0.0, 0.0, 0.984917907177952, 0.0, 0.0, 0.0, 0.0, 0.0, 0.0, 0.0, 0.0, 0.0, 0.0, 0.0, 0.0, 0.0, 0.0, 0.0], [0.0, 0.0, 0.0, 0.0, 0.0, 0.9849170512925146, 0.0, 0.0, 0.0, 0.0, 0.0, 0.0, 0.0, 0.0, 0.0, 0.0, 0.0, 0.0, 0.0, 0.0], [0.0, 0.0, 0.0, 0.0, 0.0, 0.9873572680216876, 0.0, 0.0, 0.0, 0.0, 0.0, 0.0, 0.0, 0.0, 0.0, 0.0, 0.0, 0.0, 0.0, 0.0], [0.0, 0.0, 0.0, 0.0, 0.0, 0.985526313467503, 0.0, 0.0, 0.0, 0.0, 0.0, 0.0, 0.0, 0.0, 0.0, 0.0, 0.0, 0.0, 0.0, 0.0]], "Born radii": [], "Atomic SASAs": [], "Solvent H bonds": [], "Total SASA": NaN, "Total FOD": 0.0, "FOD": [0.0, 0.0, 0.0, 0.0, 0.0, 0.0, 0.0, 0.0, 0.0, 0.0, 0.0, 0.0, 0.0, 0.0, 0.0, 0.0, 0.0, 0.0, 0.0, 0.0], "FOD s proportion": [0.0, 0.0, 0.0, 0.0, 0.0, 0.0, 0.0, 0.0, 0.0, 0.0, 0.0, 0.0, 0.0, 0.0, 0.0, 0.0, 0.0, 0.0, 0.0, 0.0], "FOD p proportion": [0.0, 0.0, 0.0, 0.0, 0.0, 0.0, 0.0, 0.0, 0.0, 0.0, 0.0, 0.0, 0.0, 0.0, 0.0, 0.0, 0.0, 0.0, 0.0, 0.0], "FOD d proportion": [0.0, 0.0, 0.0, 0.0, 0.0, 0.0, 0.0, 0.0, 0.0, 0.0, 0.0, 0.0, 0.0, 0.0, 0.0, 0.0, 0.0, 0.0, 0.0, 0.0], "coordinates": [["-1.52990", "-1.22480", "0.12030"], ["-0.65430", "-0.08330", "-0.41170"], ["-1.48920", "1.20320", "-0.43560"], ["0.65430", "0.08330", "0.41170"], ["1.52990", "1.22480", "-0.12030"], ["1.48920", "-1.20320", "0.43560"], ["-1.75750", "-1.08710", "1.18260"], ["-2.47910", "-1.27560", "-0.42460"], ["-1.04190", "-2.19590", "-0.00480"], ["-0.38870", "-0.32530", "-1.44930"], ["-0.97150", "2.00720", "-0.96700"], ["-2.44020", "1.04220", "-0.95520"], ["-1.71340", "1.54860", "0.57930"], ["0.38870", "0.32530", "1.44930"], ["1.75750", "1.08710", "-1.18260"], ["2.47910", "1.27560", "0.42460"], ["1.04190", "2.19590", "0.00480"], ["0.97150", "-2.00720", "0.96700"], ["1.71340", "-1.54860", "-0.57930"], ["2.44020", "-1.04220", "0.95520"]], "bond_dist": [[0.0, 1.5338584061118552, 2.4911574217620207, 2.5625708204847726, 3.926933225813752, 3.035596392803233, 1.0951001506711613, 1.0956629454353193, 1.0939969012753188, 2.138944096978694, 3.4554096500993916, 2.6692012550574002, 2.8171085903812796, 2.8017988810762278, 4.224858433131222, 4.7346256082186695, 4.281201230963105, 2.7542789637217218, 3.333658874270131, 4.061046020423802], [1.5338584061118552, 0.0, 1.533855100718448, 1.5550488995526797, 2.5625708204847726, 2.5625544969814786, 2.1832217409141017, 2.1798258508422177, 2.1860649875975784, 1.098053332038112, 2.186129954966081, 2.1798122189766715, 2.1833166101140713, 2.1721242966276124, 2.7894268604858596, 3.5162767894464735, 2.8714664076043097, 2.8714857722092235, 2.7894797256836266, 3.5162245477216043], [2.4911574217620207, 1.533855100718448, 0.0, 2.5625544969814786, 3.035596392803233, 3.926909339416942, 2.8170960615499077, 2.6691707420095856, 3.455364921393976, 2.1389250080355784, 1.093990516412277, 1.0955848483800785, 1.0952574172312186, 2.8017967146101093, 3.333549024688253, 4.0611070768941815, 2.754246296176143, 4.2812380697644, 4.224890494438879, 4.734588700193503], [2.5625708204847726, 1.5550488995526797, 2.5625544969814786, 0.0, 1.5338584061118552, 1.533855100718448, 2.7894268604858596, 3.5162767894464735, 2.8714664076043097, 2.1721242966276124, 2.8714857722092235, 3.5162245477216043, 2.7894797256836266, 1.098053332038112, 2.1832217409141017, 2.1798258508422177, 2.1860649875975784, 2.186129954966081, 2.1833166101140713, 2.1798122189766715], [3.926933225813752, 2.5625708204847726, 3.035596392803233, 1.5338584061118552, 0.0, 2.4911574217620207, 4.224858433131222, 4.7346256082186695, 4.281201230963105, 2.8017988810762278, 2.7542789637217218, 4.061046020423802, 3.333658874270131, 2.138944096978694, 1.0951001506711613, 1.0956629454353193, 1.0939969012753188, 3.4554096500993916, 2.8171085903812796, 2.6692012550574002], [3.035596392803233, 2.5625544969814786, 3.926909339416942, 1.533855100718448, 2.4911574217620207, 0.0, 3.333549024688253, 4.0611070768941815, 2.754246296176143, 2.8017967146101093, 4.2812380697644, 4.734588700193503, 4.224890494438879, 2.1389250080355784, 2.8170960615499077, 2.6691707420095856, 3.455364921393976, 1.093990516412277, 1.0952574172312186, 1.0955848483800785], [1.0951001506711613, 2.1832217409141017, 2.8170960615499077, 2.7894268604858596, 4.224858433131222, 3.333549024688253, 0.0, 1.7718156365717062, 1.7752294386923624, 3.0628173778402132, 3.848800936655467, 3.0935718223438746, 2.7042245080614147, 2.58305576594854, 4.761989256602749, 4.909755070265726, 4.472353094289404, 2.887993831364603, 3.9197475263082957, 4.204094677811145], [1.0956629454353193, 2.1798258508422177, 2.6691707420095856, 3.5162767894464735, 4.7346256082186695, 4.0611070768941815, 1.7718156365717062, 0.0, 1.7574777295886281, 2.514528253967332, 3.65292093536118, 2.378076199367884, 3.093576787474331, 3.7813567485758335, 4.909755070265726, 5.640346560274466, 4.963178176330162, 3.791889961483587, 4.204226128552079, 5.114473197700815], [1.0939969012753188, 2.1860649875975784, 3.455364921393976, 2.8714664076043097, 4.281201230963105, 2.754246296176143, 1.7752294386923624, 1.7574777295886281, 0.0, 2.4520185256233282, 4.312404736339111, 3.6529159119804553, 3.8488134937926, 3.2430653107823777, 4.472353094289404, 4.963178176330162, 4.8610926590633925, 2.243609255195744, 2.888031445465925, 3.791786399574744], [2.138944096978694, 1.098053332038112, 2.1389250080355784, 2.1721242966276124, 2.8017988810762278, 2.8017967146101093, 3.0628173778402132, 2.514528253967332, 2.4520185256233282, 0.0, 2.4521063149871787, 2.514526458401263, 3.062931481440615, 3.0707512240492556, 2.58305576594854, 3.7813567485758335, 3.2430653107823777, 3.243059873021157, 2.5830577422891654, 3.7813015047731913], [3.4554096500993916, 2.186129954966081, 1.093990516412277, 2.8714857722092235, 2.7542789637217218, 4.2812380697644, 3.848800936655467, 3.65292093536118, 4.312404736339111, 2.4521063149871787, 0.0, 1.7573969187408973, 1.7753234240554594, 3.243059873021157, 2.887993831364603, 3.791889961483587, 2.243609255195744, 4.861173969320579, 4.472439260627247, 4.963203611579924], [2.6692012550574002, 2.1798122189766715, 1.0955848483800785, 3.5162245477216043, 4.061046020423802, 4.734588700193503, 3.0935718223438746, 2.378076199367884, 3.6529159119804553, 2.514526458401263, 1.7573969187408973, 0.0, 1.7718265857583242, 3.7813015047731913, 4.204094677811145, 5.114473197700815, 3.791786399574744, 4.963203611579924, 4.909779873884368, 5.6402708871117175], [2.8171085903812796, 2.1833166101140713, 1.0952574172312186, 2.7894797256836266, 3.333658874270131, 4.224890494438879, 2.7042245080614147, 3.093576787474331, 3.8488134937926, 3.062931481440615, 1.7753234240554594, 1.7718265857583242, 0.0, 2.5830577422891654, 3.9197475263082957, 4.204226128552079, 2.888031445465925, 4.472439260627247, 4.762138179431588, 4.909779873884368], [2.8017988810762278, 2.1721242966276124, 2.8017967146101093, 1.098053332038112, 2.138944096978694, 2.1389250080355784, 2.58305576594854, 3.7813567485758335, 3.2430653107823777, 3.0707512240492556, 3.243059873021157, 3.7813015047731913, 2.5830577422891654, 0.0, 3.0628173778402132, 2.514528253967332, 2.4520185256233282, 2.4521063149871787, 3.062931481440615, 2.514526458401263], [4.224858433131222, 2.7894268604858596, 3.333549024688253, 2.1832217409141017, 1.0951001506711613, 2.8170960615499077, 4.761989256602749, 4.909755070265726, 4.472353094289404, 2.58305576594854, 2.887993831364603, 4.204094677811145, 3.9197475263082957, 3.0628173778402132, 0.0, 1.7718156365717062, 1.7752294386923624, 3.848800936655467, 2.7042245080614147, 3.0935718223438746], [4.7346256082186695, 3.5162767894464735, 4.0611070768941815, 2.1798258508422177, 1.0956629454353193, 2.6691707420095856, 4.909755070265726, 5.640346560274466, 4.963178176330162, 3.7813567485758335, 3.791889961483587, 5.114473197700815, 4.204226128552079, 2.514528253967332, 1.7718156365717062, 0.0, 1.7574777295886281, 3.65292093536118, 3.093576787474331, 2.378076199367884], [4.281201230963105, 2.8714664076043097, 2.754246296176143, 2.1860649875975784, 1.0939969012753188, 3.455364921393976, 4.472353094289404, 4.963178176330162, 4.8610926590633925, 3.2430653107823777, 2.243609255195744, 3.791786399574744, 2.888031445465925, 2.4520185256233282, 1.7752294386923624, 1.7574777295886281, 0.0, 4.312404736339111, 3.8488134937926, 3.6529159119804553], [2.7542789637217218, 2.8714857722092235, 4.2812380697644, 2.186129954966081, 3.4554096500993916, 1.093990516412277, 2.887993831364603, 3.791889961483587, 2.243609255195744, 3.243059873021157, 4.861173969320579, 4.963203611579924, 4.472439260627247, 2.4521063149871787, 3.848800936655467, 3.65292093536118, 4.312404736339111, 0.0, 1.7753234240554594, 1.7573969187408973], [3.333658874270131, 2.7894797256836266, 4.224890494438879, 2.1833166101140713, 2.8171085903812796, 1.0952574172312186, 3.9197475263082957, 4.204226128552079, 2.888031445465925, 2.5830577422891654, 4.472439260627247, 4.909779873884368, 4.762138179431588, 3.062931481440615, 2.7042245080614147, 3.093576787474331, 3.8488134937926, 1.7753234240554594, 0.0, 1.7718265857583242], [4.061046020423802, 3.5162245477216043, 4.734588700193503, 2.1798122189766715, 2.6692012550574002, 1.0955848483800785, 4.204094677811145, 5.114473197700815, 3.791786399574744, 3.7813015047731913, 4.963203611579924, 5.6402708871117175, 4.909779873884368, 2.514526458401263, 3.0935718223438746, 2.378076199367884, 3.6529159119804553, 1.7573969187408973, 1.7718265857583242, 0.0]]}