{"total energy": -65.89912911, "HOMO-LUMO gap/eV": 3.20235446, "electronic energy": -66.82458101, "dipole": [-1.23324229, -0.0428305, -0.78905764], "partial charges": [-0.17208744, 0.09849676, -0.03978131, -0.03997517, -0.00158948, -0.0022918, -0.15501704, 0.04066469, -0.06691786, -0.05504757, -0.05770188, -0.06299147, 0.31604091, -0.4606799, -0.18553104, 0.08034182, -0.04400595, -0.02958892, -0.03817904, -0.0302464, -0.05585402, -0.03595984, -0.04002306, 0.05778848, 0.04430768, 0.04652637, 0.07248716, 0.06389746, 0.03836118, 0.03637831, 0.02690977, 0.03189911, 0.03616498, 0.03219775, 0.03031328, 0.04631731, 0.17488971, 0.06673658, 0.03623551, 0.02952245, 0.0310203, 0.0216217, 0.05569431, 0.0586556], "atomic dipole moments": [[-0.02224682, -0.03928713, 0.01572792], [-0.10032422, -0.22375222, 0.0602316], [-0.00196768, -0.00588463, 0.03902406], [-0.00553035, 0.00062626, 0.01358974], [0.03349234, 0.08127816, -0.02596432], [0.05913429, -0.00229505, 0.12724499], [0.00133311, 0.05169655, -0.08377217], [-0.04230536, -0.08537932, -0.11433968], [0.0681211, 0.05646687, -0.08630015], [0.11211144, -0.02017077, 0.03571121], [-0.00590836, -0.11901206, -0.00292881], [-0.08287979, -0.02019496, 0.0881344], [-0.01582067, -0.03782479, -0.0191196], [-0.13613615, -0.130304, -0.08141807], [0.02774067, 0.01857381, 0.04574254], [-0.15599385, 0.07195786, 0.03362797], [-0.03526402, -0.03936819, -0.00023101], [-0.00362058, 0.00517787, 0.00406186], [-0.00642033, 0.00015117, 0.00139881], [-0.00641151, -0.00123299, 0.00127734], [-0.01576563, 0.03542141, 0.00668891], [-0.00859342, -0.01621766, -0.012943], [-0.01028792, -0.02120932, -0.03079983], [-0.04600009, -0.0953299, -0.11379966], [0.01065161, 0.03344639, -0.14883768], [0.07390442, -0.01106696, -0.10176594], [-0.09867373, 0.07971084, -0.0355592], [0.06823905, 0.03038002, 0.10757324], [-0.0797218, -0.10510741, -0.00821961], [-0.00028, 0.03385656, 0.12127215], [-0.05103518, -0.04428539, -0.1031919], [-0.08907589, 0.06431016, 0.06602664], [0.03356381, 0.06932681, 0.10088647], [-0.02394788, 0.0770718, -0.0991476], [-0.01143056, -0.03362674, -0.12266653], [0.11961101, 0.05373807, 0.01257998], [-0.09652473, -0.08707335, 0.00527782], [0.00565985, 0.15482051, 0.02793221], [0.12625839, 0.0837876, 0.00546633], [0.13412019, -0.06366685, -0.0243384], [0.00951497, -0.14764924, -0.02980598], [-0.11799975, -0.09236866, -0.00802154], [0.04244478, 0.09202317, 0.1173302], [-0.01433624, -0.03591884, 0.15088436]], "atomic quadrupole moments": [[-0.10449034, 0.22754993, 0.30297134, -0.06656443, -0.14747026, -0.198481], [0.25925879, -0.04986121, 0.17569854, -0.07561934, -0.140971, -0.43495733], [0.38072673, -0.29097932, -0.13083548, -0.01936144, -0.00934575, -0.24989126], [0.38393895, -0.28197589, -0.10744218, -0.02063026, -0.00142154, -0.27649677], [0.3215042, -0.19368008, 0.00663303, -0.03171304, -0.06046767, -0.32813724], [-0.07675287, 0.16284056, 0.04845048, 0.14803964, 0.07856005, 0.02830239], [-0.02275392, 0.02188169, 0.04323207, 0.04917768, 0.07865575, -0.02047816], [-0.004311, -0.10265543, 0.15816907, -0.14306349, 0.00607794, -0.15385806], [0.13203219, -0.11552819, -0.01841124, -0.01079406, -0.15051633, -0.11362095], [0.04840633, 0.05351664, 0.07247612, 0.00106658, -0.19968334, -0.12088245], [0.18087404, -0.01253561, 0.04355691, -0.12798479, -0.01527427, -0.22443095], [-0.04293129, -0.16207151, 0.12073252, -0.09565185, -0.12008503, -0.07780123], [-0.23585607, 0.02310289, -0.10193391, -0.11327156, -0.22632203, 0.33778998], [-0.05172433, 0.03731622, -0.05172478, -0.02858748, -0.06764599, 0.10344911], [-0.00825183, -0.0381164, 0.01574251, 0.01470394, 0.02739862, -0.00749069], [-0.07935757, -0.16042433, -0.27480304, 0.01260269, -0.11488312, 0.35416061], [-0.23605531, -0.02584898, -0.24265642, 0.06132832, -0.13263209, 0.47871173], [-0.26993046, -0.02304237, -0.22967746, 0.0672377, -0.14725307, 0.49960792], [-0.24808165, -0.00814376, -0.22363878, 0.0639988, -0.14379575, 0.47172043], [-0.2520789, -0.00833909, -0.23788869, 0.06532274, -0.15136755, 0.48996758], [-0.21767716, -0.01734921, -0.19969927, 0.05395257, -0.13382675, 0.41737643], [0.39813915, -0.28888959, -0.11137974, -0.00927104, -0.00400207, -0.28675942], [0.3859096, -0.28453594, -0.11584415, -0.00272892, 0.01632432, -0.27006545], [-0.04498636, 0.036346, 0.01926723, -0.00096017, -0.00558586, 0.02571913], [-0.0476337, 0.04062655, 0.02191299, 0.00021611, -0.00192596, 0.02572071], [0.00146891, 0.01792191, -0.01659666, -0.02865442, 0.03348678, 0.01512775], [0.0192747, -0.02894896, 0.01945493, 0.01425931, 0.01672341, -0.03872963], [0.0127858, -0.00647896, -0.01862658, -0.00278804, 0.00504099, 0.00584078], [-0.02617682, 0.0295531, 0.04373782, 0.01691948, 0.02013313, -0.017561], [-0.0006304, -0.01667094, -0.0343171, 0.01370278, 0.02628012, 0.0349475], [-0.03406896, 0.02214772, -0.00284515, 0.02402929, 0.01639841, 0.03691412], [0.01028274, -0.03014595, -0.01569565, -0.02633795, 0.02526371, 0.00541291], [-0.00427408, 0.00926025, -0.0210043, 0.0116569, 0.03807742, 0.02527838], [-0.03488203, -0.00832316, 0.00500091, 0.0158279, -0.03568117, 0.02988112], [-0.03445863, -0.00478233, 9.935e-05, 0.02177818, 0.0347629, 0.03435927], [0.03444486, 0.02786706, -0.02055914, 0.01376198, 0.00480028, -0.01388572], [0.02557016, 0.00550797, 0.03091248, -5.034e-05, 0.02208723, -0.05648263], [0.0398957, -0.01397207, 0.01647585, -0.01357794, 0.01666398, -0.05637155], [0.03054731, -0.00457066, 0.03408232, -0.01006955, 0.02032283, -0.06462963], [0.03086824, 0.00459051, 0.03371667, -0.00764356, 0.01997095, -0.06458492], [0.0395708, 0.00451135, 0.02538185, -0.00833414, 0.01900192, -0.06495265], [0.04161751, -0.00123545, 0.02041556, -0.00967179, 0.01765591, -0.06203307], [-0.04624969, 0.03768621, 0.02205807, -0.00137264, -0.00563734, 0.02419162], [-0.04417436, 0.03765877, 0.02172892, 0.00022016, -0.00149081, 0.02244544]], "number of molecular orbitals": 118, "number of electrons": 120, "number of unpaired electrons": 0, "orbital energies/eV": [-28.92917741, -18.81337054, -18.36747939, -18.16059604, -17.96233335, -17.7277803, -17.66419232, -17.42631614, -17.40124775, -17.09096083, -17.04044363, -16.64579102, -16.60512781, -16.46258743, -16.3755222, -16.18088974, -16.0480125, -15.80825773, -15.47392938, -15.40811447, -15.31037216, -15.15458874, -15.02089944, -14.81745229, -14.73858116, -14.50646583, -14.33678621, -14.27295059, -14.16328103, -14.04378975, -13.93094718, -13.81274707, -13.72482301, -13.64820745, -13.59186594, -13.4413997, -13.39997731, -13.16061051, -13.10280044, -13.03952758, -12.81407331, -12.71152462, -12.54077163, -12.43720215, -12.35882076, -12.30429055, -12.24252658, -12.12967621, -11.93129417, -11.75944108, -11.74183338, -11.69766362, -11.66718351, -11.57131501, -11.50347209, -11.02189263, -10.84160947, -10.76096025, -10.42012437, -10.11150135, -6.90914689, -6.84197829, -6.11798494, -6.03302916, -4.92578712, -3.85329795, -3.56003558, -2.3868285, -1.25798148, 0.18892808, 0.33565448, 0.34895521, 0.385387, 0.71523129, 1.37162192, 1.56849533, 1.6250254, 1.95366202, 2.38578848, 2.67725444, 2.86854275, 3.11361976, 3.32957105, 3.41676658, 3.74661221, 3.76133827, 3.88133668, 3.96275144, 4.37150743, 4.48305955, 4.51794265, 4.60045919, 4.66880291, 4.90947196, 5.0184458, 5.24030848, 5.29293192, 5.38821971, 5.80245131, 6.70862755, 7.37785768, 7.52183398, 8.23865664, 8.40921574, 8.98973981, 9.15138856, 9.99221679, 10.63000088, 10.76004983, 10.87082116, 11.27319946, 11.61355582, 12.34045064, 15.61839754, 16.07360667, 16.36232193, 16.62819468, 17.69671196], "fractional occupation": [2.0, 2.0, 2.0, 2.0, 2.0, 2.0, 2.0, 2.0, 2.0, 2.0, 2.0, 2.0, 2.0, 2.0, 2.0, 2.0, 2.0, 2.0, 2.0, 2.0, 2.0, 2.0, 2.0, 2.0, 2.0, 2.0, 2.0, 2.0, 2.0, 2.0, 2.0, 2.0, 2.0, 2.0, 2.0, 2.0, 2.0, 2.0, 2.0, 2.0, 2.0, 2.0, 2.0, 2.0, 2.0, 2.0, 2.0, 2.0, 2.0, 2.0, 2.0, 2.0, 2.0, 2.0, 2.0, 2.0, 2.0, 2.0, 2.0, 2.0, 0.0, 0.0, 0.0, 0.0, 0.0, 0.0, 0.0, 0.0, 0.0, 0.0, 0.0, 0.0, 0.0, 0.0, 0.0, 0.0, 0.0, 0.0, 0.0, 0.0, 0.0, 0.0, 0.0, 0.0, 0.0, 0.0, 0.0, 0.0, 0.0, 0.0, 0.0, 0.0, 0.0, 0.0, 0.0, 0.0, 0.0, 0.0, 0.0, 0.0, 0.0, 0.0, 0.0, 0.0, 0.0, 0.0, 0.0, 0.0, 0.0, 0.0, 0.0, 0.0, 0.0, 0.0, 0.0, 0.0, 0.0, 0.0], "program call": "xtb /home/svss/Project-DBcg-Debug/aqme2_20220329/End-to-End-workflows-final/example-3/QDESCP/mol_776_rdkit_conf_1/mol_776_rdkit_conf_1.xyz --pop --wbo --acc 0.2 --gfn 2 --chrg 0 --uhf 0 --etemp 300 --input /home/svss/Project-DBcg-Debug/aqme2_20220329/End-to-End-workflows-final/example-3/QDESCP/mol_776_rdkit_conf_1/mol_776_rdkit_conf_1_xtb.inp", "method": "GFN2-xTB", "xtb version": "6.3.3 (7355c4f)", "Dipole module/D": 3.723, "Total charge": 0, "Transition dipole module/D": NaN, "HOMO": -10.1115, "LUMO": -6.9091, "HOMO occupancy": 2.0, "LUMO occupancy": 0, "mulliken charges": [-0.10925, 0.11125, -0.04641, -0.03816, -0.02029, 0.08393, -0.32175, 0.121, -0.06679, -0.04656, -0.04756, -0.06055, 0.55974, -0.5673, -0.34265, 0.15312, -0.05221, -0.02457, -0.04388, -0.02426, -0.07645, -0.03051, -0.04721, 0.04398, 0.0356, 0.03602, 0.04823, 0.05155, 0.02944, 0.03137, 0.0209, 0.02856, 0.02822, 0.02829, 0.02559, 0.04553, 0.22021, 0.0616, 0.0321, 0.02842, 0.02859, 0.02562, 0.04228, 0.04518], "cm5 charges": [-0.11127, 0.10386, -0.09836, -0.09125, -0.03164, 0.04146, -0.56657, 0.11374, -0.17037, -0.15551, -0.15635, -0.16237, 0.71715, -0.61197, -0.68574, 0.20534, -0.0994, -0.07973, -0.09918, -0.07942, -0.12436, -0.08196, -0.09914, 0.10046, 0.09169, 0.10588, 0.11555, 0.12599, 0.08814, 0.08677, 0.07636, 0.08261, 0.08349, 0.08239, 0.08502, 0.10224, 0.42599, 0.12639, 0.0875, 0.08381, 0.084, 0.08454, 0.10253, 0.10167], "FUKUI+": [-0.097, -0.035, -0.029, -0.033, -0.041, 0.013, -0.015, 0.009, 0.003, 0.004, 0.004, 0.003, -0.013, -0.05, -0.007, -0.021, -0.015, -0.023, -0.027, -0.017, -0.018, -0.028, -0.034, -0.057, -0.056, -0.026, -0.039, -0.011, 0.009, -0.013, -0.002, -0.015, -0.012, -0.015, -0.002, -0.009, -0.0, -0.03, -0.042, -0.044, -0.037, -0.022, -0.052, -0.058], "FUKUI-": [-0.118, -0.009, -0.01, -0.005, -0.008, 0.014, -0.066, 0.003, 0.004, 0.006, 0.005, -0.004, -0.001, -0.054, -0.046, -0.021, -0.02, -0.017, -0.038, -0.018, -0.018, -0.002, -0.009, -0.028, -0.022, -0.028, -0.03, -0.028, -0.012, -0.03, -0.016, -0.027, -0.02, -0.027, -0.015, -0.019, -0.027, -0.032, -0.044, -0.05, -0.043, -0.032, -0.01, -0.026], "FUKUIrad": [-0.107, -0.022, -0.02, -0.019, -0.024, 0.013, -0.041, 0.006, 0.004, 0.005, 0.004, -0.0, -0.007, -0.052, -0.027, -0.021, -0.018, -0.02, -0.032, -0.017, -0.018, -0.015, -0.022, -0.043, -0.039, -0.027, -0.035, -0.02, -0.002, -0.021, -0.009, -0.021, -0.016, -0.021, -0.009, -0.014, -0.013, -0.031, -0.043, -0.047, -0.04, -0.027, -0.031, -0.042], "s proportion": [1.943, 1.078, 1.062, 1.064, 1.094, 1.009, 1.455, 1.038, 1.038, 1.03, 1.029, 1.037, 0.948, 1.725, 1.42, 1.039, 1.061, 1.062, 1.056, 1.058, 1.058, 1.064, 1.063, 0.956, 0.964, 0.964, 0.952, 0.948, 0.971, 0.969, 0.979, 0.971, 0.972, 0.972, 0.974, 0.954, 0.78, 0.938, 0.968, 0.972, 0.971, 0.974, 0.958, 0.955], "p proportion": [5.177, 2.81, 2.984, 2.975, 2.926, 2.907, 3.867, 2.841, 3.028, 3.017, 3.019, 3.023, 2.493, 4.842, 3.923, 2.808, 2.991, 2.962, 2.987, 2.966, 3.018, 2.966, 2.984, 0.0, 0.0, 0.0, 0.0, 0.0, 0.0, 0.0, 0.0, 0.0, 0.0, 0.0, 0.0, 0.0, 0.0, 0.0, 0.0, 0.0, 0.0, 0.0, 0.0, 0.0], "d proportion": [-0.011, 0.0, 0.0, 0.0, 0.0, 0.0, 0.0, 0.0, 0.0, 0.0, 0.0, 0.0, 0.0, 0.0, 0.0, 0.0, 0.0, 0.0, 0.0, 0.0, 0.0, 0.0, 0.0, 0.0, 0.0, 0.0, 0.0, 0.0, 0.0, 0.0, 0.0, 0.0, 0.0, 0.0, 0.0, 0.0, 0.0, 0.0, 0.0, 0.0, 0.0, 0.0, 0.0, 0.0], "Fermi-level/eV": -8.5103, "Coordination numbers": [0.966, 2.879, 2.947, 2.915, 2.958, 3.74, 2.731, 3.811, 3.821, 3.829, 3.829, 3.828, 2.691, 0.857, 2.694, 2.896, 2.914, 2.912, 2.911, 2.911, 2.92, 2.914, 2.947, 0.925, 0.925, 0.924, 0.924, 0.923, 0.924, 0.924, 0.924, 0.924, 0.924, 0.924, 0.924, 0.924, 0.86, 0.925, 0.925, 0.925, 0.925, 0.925, 0.925, 0.925], "Dispersion coefficient C6": [104.554, 25.814, 28.988, 28.993, 28.065, 20.698, 24.35, 19.884, 21.765, 21.54, 21.589, 21.687, 21.629, 22.932, 25.021, 26.207, 29.093, 28.739, 28.949, 28.755, 29.388, 28.895, 28.994, 2.225, 2.392, 2.364, 2.059, 2.154, 2.471, 2.498, 2.631, 2.56, 2.501, 2.556, 2.582, 2.367, 1.244, 2.122, 2.5, 2.593, 2.572, 2.709, 2.25, 2.215], "Total dispersion C6": 23443.363324, "Total dispersion C8": 581317.239851, "Polarizability alpha": [15.643, 8.329, 8.831, 8.83, 8.689, 6.491, 7.329, 6.347, 6.639, 6.604, 6.611, 6.626, 7.611, 6.42, 7.429, 8.393, 8.845, 8.791, 8.823, 8.793, 8.89, 8.815, 8.831, 2.333, 2.419, 2.404, 2.244, 2.295, 2.458, 2.472, 2.537, 2.502, 2.473, 2.5, 2.513, 2.406, 1.747, 2.278, 2.472, 2.518, 2.508, 2.574, 2.346, 2.327], "Total polarizability alpha": 238.935588, "Wiberg matrix": [[0.0, 0.9802179078926129, 0.0, 0.0, 0.0, 0.0, 0.0, 0.0, 0.0, 0.0, 0.0, 0.0, 0.0, 0.0, 0.0, 0.0, 0.0, 0.0, 0.0, 0.0, 0.0, 0.0, 0.0, 0.0, 0.0, 0.0, 0.0, 0.0, 0.0, 0.0, 0.0, 0.0, 0.0, 0.0, 0.0, 0.0, 0.0, 0.0, 0.0, 0.0, 0.0, 0.0, 0.0, 0.0], [0.9802179078926129, 0.0, 1.3977564939615448, 0.0, 0.0, 0.0, 0.0, 0.0, 0.0, 0.0, 0.0, 0.0, 0.0, 0.0, 0.0, 0.0, 0.0, 0.0, 0.0, 0.0, 0.0, 0.0, 1.4028997814919744, 0.0, 0.0, 0.0, 0.0, 0.0, 0.0, 0.0, 0.0, 0.0, 0.0, 0.0, 0.0, 0.0, 0.0, 0.0, 0.0, 0.0, 0.0, 0.0, 0.0, 0.0], [0.0, 1.3977564939615448, 0.0, 1.4477909517571101, 0.0, 0.0, 0.0, 0.0, 0.0, 0.0, 0.0, 0.0, 0.0, 0.0, 0.0, 0.0, 0.0, 0.0, 0.0, 0.0, 0.0, 0.10767586478147478, 0.0, 0.9673695587269002, 0.0, 0.0, 0.0, 0.0, 0.0, 0.0, 0.0, 0.0, 0.0, 0.0, 0.0, 0.0, 0.0, 0.0, 0.0, 0.0, 0.0, 0.0, 0.0, 0.0], [0.0, 0.0, 1.4477909517571101, 0.0, 1.4019010479391725, 0.0, 0.0, 0.0, 0.0, 0.0, 0.0, 0.0, 0.0, 0.0, 0.0, 0.0, 0.0, 0.0, 0.0, 0.0, 0.0, 0.0, 0.10968603185581495, 0.0, 0.9683017683637433, 0.0, 0.0, 0.0, 0.0, 0.0, 0.0, 0.0, 0.0, 0.0, 0.0, 0.0, 0.0, 0.0, 0.0, 0.0, 0.0, 0.0, 0.0, 0.0], [0.0, 0.0, 0.0, 1.4019010479391725, 0.0, 0.9982566710724312, 0.0, 0.0, 0.0, 0.0, 0.0, 0.0, 0.0, 0.0, 0.0, 0.0, 0.0, 0.0, 0.0, 0.0, 0.0, 1.4087481985637058, 0.0, 0.0, 0.0, 0.0, 0.0, 0.0, 0.0, 0.0, 0.0, 0.0, 0.0, 0.0, 0.0, 0.0, 0.0, 0.0, 0.0, 0.0, 0.0, 0.0, 0.0, 0.0], [0.0, 0.0, 0.0, 0.0, 0.9982566710724312, 0.0, 0.9897462957691505, 0.0, 0.0, 0.0, 0.0, 0.0, 0.0, 0.0, 0.0, 0.0, 0.0, 0.0, 0.0, 0.0, 0.0, 0.0, 0.0, 0.0, 0.0, 0.9617952280775057, 0.9483576428124462, 0.0, 0.0, 0.0, 0.0, 0.0, 0.0, 0.0, 0.0, 0.0, 0.0, 0.0, 0.0, 0.0, 0.0, 0.0, 0.0, 0.0], [0.0, 0.0, 0.0, 0.0, 0.0, 0.9897462957691505, 0.0, 0.9757639307521708, 0.0, 0.0, 0.0, 0.0, 1.1277440782821253, 0.14991291844542715, 0.0, 0.0, 0.0, 0.0, 0.0, 0.0, 0.0, 0.0, 0.0, 0.0, 0.0, 0.0, 0.0, 0.0, 0.0, 0.0, 0.0, 0.0, 0.0, 0.0, 0.0, 0.0, 0.0, 0.0, 0.0, 0.0, 0.0, 0.0, 0.0, 0.0], [0.0, 0.0, 0.0, 0.0, 0.0, 0.0, 0.9757639307521708, 0.0, 0.9864370051974415, 0.0, 0.0, 0.9828459464418662, 0.0, 0.0, 0.0, 0.0, 0.0, 0.0, 0.0, 0.0, 0.0, 0.0, 0.0, 0.0, 0.0, 0.0, 0.0, 0.9642180575752353, 0.0, 0.0, 0.0, 0.0, 0.0, 0.0, 0.0, 0.0, 0.0, 0.0, 0.0, 0.0, 0.0, 0.0, 0.0, 0.0], [0.0, 0.0, 0.0, 0.0, 0.0, 0.0, 0.0, 0.9864370051974415, 0.0, 1.0067908546985174, 0.0, 0.0, 0.0, 0.0, 0.0, 0.0, 0.0, 0.0, 0.0, 0.0, 0.0, 0.0, 0.0, 0.0, 0.0, 0.0, 0.0, 0.0, 0.975380910658378, 0.9809933943927842, 0.0, 0.0, 0.0, 0.0, 0.0, 0.0, 0.0, 0.0, 0.0, 0.0, 0.0, 0.0, 0.0, 0.0], [0.0, 0.0, 0.0, 0.0, 0.0, 0.0, 0.0, 0.0, 1.0067908546985174, 0.0, 1.007966754805125, 0.0, 0.0, 0.0, 0.0, 0.0, 0.0, 0.0, 0.0, 0.0, 0.0, 0.0, 0.0, 0.0, 0.0, 0.0, 0.0, 0.0, 0.0, 0.0, 0.9786709338809813, 0.9794353162324162, 0.0, 0.0, 0.0, 0.0, 0.0, 0.0, 0.0, 0.0, 0.0, 0.0, 0.0, 0.0], [0.0, 0.0, 0.0, 0.0, 0.0, 0.0, 0.0, 0.0, 0.0, 1.007966754805125, 0.0, 1.007857318247833, 0.0, 0.0, 0.0, 0.0, 0.0, 0.0, 0.0, 0.0, 0.0, 0.0, 0.0, 0.0, 0.0, 0.0, 0.0, 0.0, 0.0, 0.0, 0.0, 0.0, 0.9789792304023546, 0.9787489573800543, 0.0, 0.0, 0.0, 0.0, 0.0, 0.0, 0.0, 0.0, 0.0, 0.0], [0.0, 0.0, 0.0, 0.0, 0.0, 0.0, 0.0, 0.9828459464418662, 0.0, 0.0, 1.007857318247833, 0.0, 0.0, 0.0, 0.0, 0.0, 0.0, 0.0, 0.0, 0.0, 0.0, 0.0, 0.0, 0.0, 0.0, 0.0, 0.0, 0.0, 0.0, 0.0, 0.0, 0.0, 0.0, 0.0, 0.9770667193113054, 0.9784817341997232, 0.0, 0.0, 0.0, 0.0, 0.0, 0.0, 0.0, 0.0], [0.0, 0.0, 0.0, 0.0, 0.0, 0.0, 1.1277440782821253, 0.0, 0.0, 0.0, 0.0, 0.0, 0.0, 1.6231490423708714, 1.136637821125736, 0.0, 0.0, 0.0, 0.0, 0.0, 0.0, 0.0, 0.0, 0.0, 0.0, 0.0, 0.0, 0.0, 0.0, 0.0, 0.0, 0.0, 0.0, 0.0, 0.0, 0.0, 0.0, 0.0, 0.0, 0.0, 0.0, 0.0, 0.0, 0.0], [0.0, 0.0, 0.0, 0.0, 0.0, 0.0, 0.14991291844542715, 0.0, 0.0, 0.0, 0.0, 0.0, 1.6231490423708714, 0.0, 0.12553781442309053, 0.0, 0.0, 0.0, 0.0, 0.0, 0.0, 0.0, 0.0, 0.0, 0.0, 0.0, 0.0, 0.0, 0.0, 0.0, 0.0, 0.0, 0.0, 0.0, 0.0, 0.0, 0.0, 0.0, 0.0, 0.0, 0.0, 0.0, 0.0, 0.0], [0.0, 0.0, 0.0, 0.0, 0.0, 0.0, 0.0, 0.0, 0.0, 0.0, 0.0, 0.0, 1.136637821125736, 0.12553781442309053, 0.0, 1.0724242105045114, 0.0, 0.0, 0.0, 0.0, 0.0, 0.0, 0.0, 0.0, 0.0, 0.0, 0.0, 0.0, 0.0, 0.0, 0.0, 0.0, 0.0, 0.0, 0.0, 0.0, 0.9280776925794403, 0.0, 0.0, 0.0, 0.0, 0.0, 0.0, 0.0], [0.0, 0.0, 0.0, 0.0, 0.0, 0.0, 0.0, 0.0, 0.0, 0.0, 0.0, 0.0, 0.0, 0.0, 1.0724242105045114, 0.0, 1.3772725577136635, 0.0, 0.0, 0.0, 1.3661646824066849, 0.0, 0.0, 0.0, 0.0, 0.0, 0.0, 0.0, 0.0, 0.0, 0.0, 0.0, 0.0, 0.0, 0.0, 0.0, 0.0, 0.0, 0.0, 0.0, 0.0, 0.0, 0.0, 0.0], [0.0, 0.0, 0.0, 0.0, 0.0, 0.0, 0.0, 0.0, 0.0, 0.0, 0.0, 0.0, 0.0, 0.0, 0.0, 1.3772725577136635, 0.0, 1.4439157825071414, 0.0, 0.10821689035008056, 0.0, 0.0, 0.0, 0.0, 0.0, 0.0, 0.0, 0.0, 0.0, 0.0, 0.0, 0.0, 0.0, 0.0, 0.0, 0.0, 0.0, 0.9634447759159541, 0.0, 0.0, 0.0, 0.0, 0.0, 0.0], [0.0, 0.0, 0.0, 0.0, 0.0, 0.0, 0.0, 0.0, 0.0, 0.0, 0.0, 0.0, 0.0, 0.0, 0.0, 0.0, 1.4439157825071414, 0.0, 1.4371348672684956, 0.0, 0.10926115318522533, 0.0, 0.0, 0.0, 0.0, 0.0, 0.0, 0.0, 0.0, 0.0, 0.0, 0.0, 0.0, 0.0, 0.0, 0.0, 0.0, 0.0, 0.9713414198932389, 0.0, 0.0, 0.0, 0.0, 0.0], [0.0, 0.0, 0.0, 0.0, 0.0, 0.0, 0.0, 0.0, 0.0, 0.0, 0.0, 0.0, 0.0, 0.0, 0.0, 0.0, 0.0, 1.4371348672684956, 0.0, 1.4319978718466322, 0.0, 0.0, 0.0, 0.0, 0.0, 0.0, 0.0, 0.0, 0.0, 0.0, 0.0, 0.0, 0.0, 0.0, 0.0, 0.0, 0.0, 0.0, 0.0, 0.9713000636144824, 0.0, 0.0, 0.0, 0.0], [0.0, 0.0, 0.0, 0.0, 0.0, 0.0, 0.0, 0.0, 0.0, 0.0, 0.0, 0.0, 0.0, 0.0, 0.0, 0.0, 0.10821689035008056, 0.0, 1.4319978718466322, 0.0, 1.4514372365760488, 0.0, 0.0, 0.0, 0.0, 0.0, 0.0, 0.0, 0.0, 0.0, 0.0, 0.0, 0.0, 0.0, 0.0, 0.0, 0.0, 0.0, 0.0, 0.0, 0.9715478761161006, 0.0, 0.0, 0.0], [0.0, 0.0, 0.0, 0.0, 0.0, 0.0, 0.0, 0.0, 0.0, 0.0, 0.0, 0.0, 0.0, 0.0, 0.0, 1.3661646824066849, 0.0, 0.10926115318522533, 0.0, 1.4514372365760488, 0.0, 0.0, 0.0, 0.0, 0.0, 0.0, 0.0, 0.0, 0.0, 0.0, 0.0, 0.0, 0.0, 0.0, 0.0, 0.0, 0.0, 0.0, 0.0, 0.0, 0.0, 0.9681540151077671, 0.0, 0.0], [0.0, 0.0, 0.10767586478147478, 0.0, 1.4087481985637058, 0.0, 0.0, 0.0, 0.0, 0.0, 0.0, 0.0, 0.0, 0.0, 0.0, 0.0, 0.0, 0.0, 0.0, 0.0, 0.0, 0.0, 1.440160322989444, 0.0, 0.0, 0.0, 0.0, 0.0, 0.0, 0.0, 0.0, 0.0, 0.0, 0.0, 0.0, 0.0, 0.0, 0.0, 0.0, 0.0, 0.0, 0.0, 0.9655281873432952, 0.0], [0.0, 1.4028997814919744, 0.0, 0.10968603185581495, 0.0, 0.0, 0.0, 0.0, 0.0, 0.0, 0.0, 0.0, 0.0, 0.0, 0.0, 0.0, 0.0, 0.0, 0.0, 0.0, 0.0, 1.440160322989444, 0.0, 0.0, 0.0, 0.0, 0.0, 0.0, 0.0, 0.0, 0.0, 0.0, 0.0, 0.0, 0.0, 0.0, 0.0, 0.0, 0.0, 0.0, 0.0, 0.0, 0.0, 0.9673283882443228], [0.0, 0.0, 0.9673695587269002, 0.0, 0.0, 0.0, 0.0, 0.0, 0.0, 0.0, 0.0, 0.0, 0.0, 0.0, 0.0, 0.0, 0.0, 0.0, 0.0, 0.0, 0.0, 0.0, 0.0, 0.0, 0.0, 0.0, 0.0, 0.0, 0.0, 0.0, 0.0, 0.0, 0.0, 0.0, 0.0, 0.0, 0.0, 0.0, 0.0, 0.0, 0.0, 0.0, 0.0, 0.0], [0.0, 0.0, 0.0, 0.9683017683637433, 0.0, 0.0, 0.0, 0.0, 0.0, 0.0, 0.0, 0.0, 0.0, 0.0, 0.0, 0.0, 0.0, 0.0, 0.0, 0.0, 0.0, 0.0, 0.0, 0.0, 0.0, 0.0, 0.0, 0.0, 0.0, 0.0, 0.0, 0.0, 0.0, 0.0, 0.0, 0.0, 0.0, 0.0, 0.0, 0.0, 0.0, 0.0, 0.0, 0.0], [0.0, 0.0, 0.0, 0.0, 0.0, 0.9617952280775057, 0.0, 0.0, 0.0, 0.0, 0.0, 0.0, 0.0, 0.0, 0.0, 0.0, 0.0, 0.0, 0.0, 0.0, 0.0, 0.0, 0.0, 0.0, 0.0, 0.0, 0.0, 0.0, 0.0, 0.0, 0.0, 0.0, 0.0, 0.0, 0.0, 0.0, 0.0, 0.0, 0.0, 0.0, 0.0, 0.0, 0.0, 0.0], [0.0, 0.0, 0.0, 0.0, 0.0, 0.9483576428124462, 0.0, 0.0, 0.0, 0.0, 0.0, 0.0, 0.0, 0.0, 0.0, 0.0, 0.0, 0.0, 0.0, 0.0, 0.0, 0.0, 0.0, 0.0, 0.0, 0.0, 0.0, 0.0, 0.0, 0.0, 0.0, 0.0, 0.0, 0.0, 0.0, 0.0, 0.0, 0.0, 0.0, 0.0, 0.0, 0.0, 0.0, 0.0], [0.0, 0.0, 0.0, 0.0, 0.0, 0.0, 0.0, 0.9642180575752353, 0.0, 0.0, 0.0, 0.0, 0.0, 0.0, 0.0, 0.0, 0.0, 0.0, 0.0, 0.0, 0.0, 0.0, 0.0, 0.0, 0.0, 0.0, 0.0, 0.0, 0.0, 0.0, 0.0, 0.0, 0.0, 0.0, 0.0, 0.0, 0.0, 0.0, 0.0, 0.0, 0.0, 0.0, 0.0, 0.0], [0.0, 0.0, 0.0, 0.0, 0.0, 0.0, 0.0, 0.0, 0.975380910658378, 0.0, 0.0, 0.0, 0.0, 0.0, 0.0, 0.0, 0.0, 0.0, 0.0, 0.0, 0.0, 0.0, 0.0, 0.0, 0.0, 0.0, 0.0, 0.0, 0.0, 0.0, 0.0, 0.0, 0.0, 0.0, 0.0, 0.0, 0.0, 0.0, 0.0, 0.0, 0.0, 0.0, 0.0, 0.0], [0.0, 0.0, 0.0, 0.0, 0.0, 0.0, 0.0, 0.0, 0.9809933943927842, 0.0, 0.0, 0.0, 0.0, 0.0, 0.0, 0.0, 0.0, 0.0, 0.0, 0.0, 0.0, 0.0, 0.0, 0.0, 0.0, 0.0, 0.0, 0.0, 0.0, 0.0, 0.0, 0.0, 0.0, 0.0, 0.0, 0.0, 0.0, 0.0, 0.0, 0.0, 0.0, 0.0, 0.0, 0.0], [0.0, 0.0, 0.0, 0.0, 0.0, 0.0, 0.0, 0.0, 0.0, 0.9786709338809813, 0.0, 0.0, 0.0, 0.0, 0.0, 0.0, 0.0, 0.0, 0.0, 0.0, 0.0, 0.0, 0.0, 0.0, 0.0, 0.0, 0.0, 0.0, 0.0, 0.0, 0.0, 0.0, 0.0, 0.0, 0.0, 0.0, 0.0, 0.0, 0.0, 0.0, 0.0, 0.0, 0.0, 0.0], [0.0, 0.0, 0.0, 0.0, 0.0, 0.0, 0.0, 0.0, 0.0, 0.9794353162324162, 0.0, 0.0, 0.0, 0.0, 0.0, 0.0, 0.0, 0.0, 0.0, 0.0, 0.0, 0.0, 0.0, 0.0, 0.0, 0.0, 0.0, 0.0, 0.0, 0.0, 0.0, 0.0, 0.0, 0.0, 0.0, 0.0, 0.0, 0.0, 0.0, 0.0, 0.0, 0.0, 0.0, 0.0], [0.0, 0.0, 0.0, 0.0, 0.0, 0.0, 0.0, 0.0, 0.0, 0.0, 0.9789792304023546, 0.0, 0.0, 0.0, 0.0, 0.0, 0.0, 0.0, 0.0, 0.0, 0.0, 0.0, 0.0, 0.0, 0.0, 0.0, 0.0, 0.0, 0.0, 0.0, 0.0, 0.0, 0.0, 0.0, 0.0, 0.0, 0.0, 0.0, 0.0, 0.0, 0.0, 0.0, 0.0, 0.0], [0.0, 0.0, 0.0, 0.0, 0.0, 0.0, 0.0, 0.0, 0.0, 0.0, 0.9787489573800543, 0.0, 0.0, 0.0, 0.0, 0.0, 0.0, 0.0, 0.0, 0.0, 0.0, 0.0, 0.0, 0.0, 0.0, 0.0, 0.0, 0.0, 0.0, 0.0, 0.0, 0.0, 0.0, 0.0, 0.0, 0.0, 0.0, 0.0, 0.0, 0.0, 0.0, 0.0, 0.0, 0.0], [0.0, 0.0, 0.0, 0.0, 0.0, 0.0, 0.0, 0.0, 0.0, 0.0, 0.0, 0.9770667193113054, 0.0, 0.0, 0.0, 0.0, 0.0, 0.0, 0.0, 0.0, 0.0, 0.0, 0.0, 0.0, 0.0, 0.0, 0.0, 0.0, 0.0, 0.0, 0.0, 0.0, 0.0, 0.0, 0.0, 0.0, 0.0, 0.0, 0.0, 0.0, 0.0, 0.0, 0.0, 0.0], [0.0, 0.0, 0.0, 0.0, 0.0, 0.0, 0.0, 0.0, 0.0, 0.0, 0.0, 0.9784817341997232, 0.0, 0.0, 0.0, 0.0, 0.0, 0.0, 0.0, 0.0, 0.0, 0.0, 0.0, 0.0, 0.0, 0.0, 0.0, 0.0, 0.0, 0.0, 0.0, 0.0, 0.0, 0.0, 0.0, 0.0, 0.0, 0.0, 0.0, 0.0, 0.0, 0.0, 0.0, 0.0], [0.0, 0.0, 0.0, 0.0, 0.0, 0.0, 0.0, 0.0, 0.0, 0.0, 0.0, 0.0, 0.0, 0.0, 0.9280776925794403, 0.0, 0.0, 0.0, 0.0, 0.0, 0.0, 0.0, 0.0, 0.0, 0.0, 0.0, 0.0, 0.0, 0.0, 0.0, 0.0, 0.0, 0.0, 0.0, 0.0, 0.0, 0.0, 0.0, 0.0, 0.0, 0.0, 0.0, 0.0, 0.0], [0.0, 0.0, 0.0, 0.0, 0.0, 0.0, 0.0, 0.0, 0.0, 0.0, 0.0, 0.0, 0.0, 0.0, 0.0, 0.0, 0.9634447759159541, 0.0, 0.0, 0.0, 0.0, 0.0, 0.0, 0.0, 0.0, 0.0, 0.0, 0.0, 0.0, 0.0, 0.0, 0.0, 0.0, 0.0, 0.0, 0.0, 0.0, 0.0, 0.0, 0.0, 0.0, 0.0, 0.0, 0.0], [0.0, 0.0, 0.0, 0.0, 0.0, 0.0, 0.0, 0.0, 0.0, 0.0, 0.0, 0.0, 0.0, 0.0, 0.0, 0.0, 0.0, 0.9713414198932389, 0.0, 0.0, 0.0, 0.0, 0.0, 0.0, 0.0, 0.0, 0.0, 0.0, 0.0, 0.0, 0.0, 0.0, 0.0, 0.0, 0.0, 0.0, 0.0, 0.0, 0.0, 0.0, 0.0, 0.0, 0.0, 0.0], [0.0, 0.0, 0.0, 0.0, 0.0, 0.0, 0.0, 0.0, 0.0, 0.0, 0.0, 0.0, 0.0, 0.0, 0.0, 0.0, 0.0, 0.0, 0.9713000636144824, 0.0, 0.0, 0.0, 0.0, 0.0, 0.0, 0.0, 0.0, 0.0, 0.0, 0.0, 0.0, 0.0, 0.0, 0.0, 0.0, 0.0, 0.0, 0.0, 0.0, 0.0, 0.0, 0.0, 0.0, 0.0], [0.0, 0.0, 0.0, 0.0, 0.0, 0.0, 0.0, 0.0, 0.0, 0.0, 0.0, 0.0, 0.0, 0.0, 0.0, 0.0, 0.0, 0.0, 0.0, 0.9715478761161006, 0.0, 0.0, 0.0, 0.0, 0.0, 0.0, 0.0, 0.0, 0.0, 0.0, 0.0, 0.0, 0.0, 0.0, 0.0, 0.0, 0.0, 0.0, 0.0, 0.0, 0.0, 0.0, 0.0, 0.0], [0.0, 0.0, 0.0, 0.0, 0.0, 0.0, 0.0, 0.0, 0.0, 0.0, 0.0, 0.0, 0.0, 0.0, 0.0, 0.0, 0.0, 0.0, 0.0, 0.0, 0.9681540151077671, 0.0, 0.0, 0.0, 0.0, 0.0, 0.0, 0.0, 0.0, 0.0, 0.0, 0.0, 0.0, 0.0, 0.0, 0.0, 0.0, 0.0, 0.0, 0.0, 0.0, 0.0, 0.0, 0.0], [0.0, 0.0, 0.0, 0.0, 0.0, 0.0, 0.0, 0.0, 0.0, 0.0, 0.0, 0.0, 0.0, 0.0, 0.0, 0.0, 0.0, 0.0, 0.0, 0.0, 0.0, 0.9655281873432952, 0.0, 0.0, 0.0, 0.0, 0.0, 0.0, 0.0, 0.0, 0.0, 0.0, 0.0, 0.0, 0.0, 0.0, 0.0, 0.0, 0.0, 0.0, 0.0, 0.0, 0.0, 0.0], [0.0, 0.0, 0.0, 0.0, 0.0, 0.0, 0.0, 0.0, 0.0, 0.0, 0.0, 0.0, 0.0, 0.0, 0.0, 0.0, 0.0, 0.0, 0.0, 0.0, 0.0, 0.0, 0.9673283882443228, 0.0, 0.0, 0.0, 0.0, 0.0, 0.0, 0.0, 0.0, 0.0, 0.0, 0.0, 0.0, 0.0, 0.0, 0.0, 0.0, 0.0, 0.0, 0.0, 0.0, 0.0]], "Born radii": [], "Atomic SASAs": [], "Solvent H bonds": [], "Total SASA": NaN, "Total FOD": 0.0, "FOD": [0.0, 0.0, 0.0, 0.0, 0.0, 0.0, 0.0, 0.0, 0.0, 0.0, 0.0, 0.0, 0.0, 0.0, 0.0, 0.0, 0.0, 0.0, 0.0, 0.0, 0.0, 0.0, 0.0, 0.0, 0.0, 0.0, 0.0, 0.0, 0.0, 0.0, 0.0, 0.0, 0.0, 0.0, 0.0, 0.0, 0.0, 0.0, 0.0, 0.0, 0.0, 0.0, 0.0, 0.0], "FOD s proportion": [0.0, 0.0, 0.0, 0.0, 0.0, 0.0, 0.0, 0.0, 0.0, 0.0, 0.0, 0.0, 0.0, 0.0, 0.0, 0.0, 0.0, 0.0, 0.0, 0.0, 0.0, 0.0, 0.0, 0.0, 0.0, 0.0, 0.0, 0.0, 0.0, 0.0, 0.0, 0.0, 0.0, 0.0, 0.0, 0.0, 0.0, 0.0, 0.0, 0.0, 0.0, 0.0, 0.0, 0.0], "FOD p proportion": [0.0, 0.0, 0.0, 0.0, 0.0, 0.0, 0.0, 0.0, 0.0, 0.0, 0.0, 0.0, 0.0, 0.0, 0.0, 0.0, 0.0, 0.0, 0.0, 0.0, 0.0, 0.0, 0.0, 0.0, 0.0, 0.0, 0.0, 0.0, 0.0, 0.0, 0.0, 0.0, 0.0, 0.0, 0.0, 0.0, 0.0, 0.0, 0.0, 0.0, 0.0, 0.0, 0.0, 0.0], "FOD d proportion": [0.0, 0.0, 0.0, 0.0, 0.0, 0.0, 0.0, 0.0, 0.0, 0.0, 0.0, 0.0, 0.0, 0.0, 0.0, 0.0, 0.0, 0.0, 0.0, 0.0, 0.0, 0.0, 0.0, 0.0, 0.0, 0.0, 0.0, 0.0, 0.0, 0.0, 0.0, 0.0, 0.0, 0.0, 0.0, 0.0, 0.0, 0.0, 0.0, 0.0, 0.0, 0.0, 0.0, 0.0], "coordinates": [["-3.49550", "-5.05220", "0.79780"], ["-2.81430", "-3.52990", "0.37760"], ["-2.67790", "-3.17870", "-0.96270"], ["-2.12290", "-1.94270", "-1.30400"], ["-1.69150", "-1.05020", "-0.30860"], ["-1.10610", "0.28550", "-0.72550"], ["-0.23670", "0.91430", "0.27780"], ["-0.63270", "2.22430", "0.81800"], ["-2.09840", "2.35270", "1.27980"], ["-2.69330", "3.49490", "0.46250"], ["-1.49970", "4.37510", "0.13520"], ["-0.40900", "3.36680", "-0.18770"], ["1.13460", "0.60320", "0.35980"], ["1.94080", "1.38790", "0.85340"], ["1.46230", "-0.63890", "-0.14010"], ["2.75200", "-1.17150", "-0.34220"], ["3.92220", "-0.41160", "-0.30330"], ["5.16440", "-1.01220", "-0.53200"], ["5.24520", "-2.37530", "-0.80760"], ["4.08300", "-3.14000", "-0.85830"], ["2.84200", "-2.54000", "-0.62980"], ["-1.84950", "-1.41750", "1.03700"], ["-2.40360", "-2.65410", "1.37870"], ["-3.00390", "-3.85900", "-1.74520"], ["-2.02900", "-1.68090", "-2.35680"], ["-0.51260", "0.15310", "-1.63930"], ["-1.93170", "0.95700", "-0.98230"], ["-0.00970", "2.42010", "1.70130"], ["-2.69220", "1.44070", "1.18460"], ["-2.11300", "2.62700", "2.34230"], ["-3.13780", "3.10460", "-0.46050"], ["-3.47090", "4.03460", "1.01080"], ["-1.21720", "4.97480", "1.00840"], ["-1.69860", "5.05380", "-0.69900"], ["-0.52250", "3.01730", "-1.22090"], ["0.59130", "3.80250", "-0.09830"], ["0.71160", "-1.31070", "-0.15890"], ["3.90010", "0.65540", "-0.10340"], ["6.06800", "-0.40920", "-0.49430"], ["6.21250", "-2.83850", "-0.98340"], ["4.14110", "-4.20350", "-1.07450"], ["1.94940", "-3.15850", "-0.67480"], ["-1.53740", "-0.74670", "1.83580"], ["-2.51290", "-2.92390", "2.42600"]], "bond_dist": [[0.0, 1.7198833594171437, 2.697745773789665, 3.996321339682283, 4.527089678811322, 6.043237256636545, 6.818306218556042, 7.819429910805519, 7.550944074749858, 8.591208840436833, 9.658997965110045, 9.020934181114503, 7.322104831945525, 8.42800908044124, 6.70348074808901, 7.442492105471123, 8.818722291806223, 9.647996478544133, 9.281322064232013, 7.9895455627964225, 6.965134374152448, 3.997196108524074, 2.6982538853858804, 2.851709276907448, 4.84435621109761, 6.475515184910001, 6.459466780625163, 8.29472007845955, 6.553827548845026, 7.954049229166237, 8.261032285374512, 9.089329370201083, 10.284732969309413, 10.373065884780642, 8.833499246617956, 9.793397854677407, 5.710848233844076, 9.385294804107113, 10.709225166182659, 10.115256058548395, 7.908442232197185, 5.949923231437528, 4.842409509737895, 2.8541546717022888], [1.7198833594171437, 0.0, 1.3922465622151847, 2.4135070664905873, 2.8072161245618408, 4.323430814758113, 5.138569396242499, 6.1696149280161725, 5.99428564634686, 7.026354961856112, 8.017228693258039, 7.325947247284818, 5.716348804962832, 6.857267567333215, 5.187986300097563, 6.088009386490793, 7.45438474657701, 8.415808882098025, 8.227596274125268, 7.0179924558238165, 5.829964533339804, 2.4141004867237816, 1.3920852488263784, 2.156509867818833, 3.3929987400528163, 4.7885485796846625, 4.770805212959339, 6.709728969936118, 5.037164060262481, 6.500714221529816, 6.69504698340497, 7.619299577388988, 8.676321751756328, 8.72260051475476, 7.118523535818365, 8.098683962842358, 4.200553737306548, 7.926617465855154, 9.454852266957955, 9.154969863412987, 7.137220784731266, 4.892680391155752, 3.391610692576611, 2.157317899615168], [2.697745773789665, 1.3922465622151847, 0.0, 1.397213902736442, 2.4354350781739185, 3.811495863830892, 4.924525021766058, 6.045340729024296, 5.996750158210696, 6.824102077196677, 7.723563561595127, 6.9708035734770215, 5.530545191027735, 6.744215629708173, 4.926308033405951, 5.82217194009246, 7.187000123834701, 8.147447086664632, 7.965238300264469, 6.761816757351534, 5.566691666510729, 2.7904967461009518, 2.415077557760827, 1.086917816580444, 2.146623129475689, 4.030781920421893, 4.202524609089161, 6.750018420715607, 5.094110142115108, 6.704348551499988, 6.320092700269515, 7.520322342825473, 8.514601690625346, 8.294734620830253, 6.565274739110314, 7.757061907707067, 3.9527495101511305, 7.662167010709177, 9.18587478795569, 8.896930745487458, 6.8964828195247465, 4.636291593504446, 3.8790419564629617, 3.402269203046696], [3.996321339682283, 2.4135070664905873, 1.397213902736442, 0.0, 1.4048072358868318, 2.516628643642125, 3.7712452426221237, 4.907898637910118, 5.012692275613974, 5.745726426658338, 6.509552344055619, 5.689847902185084, 4.456584286199465, 5.679870492361599, 3.9885105854190734, 5.028365409355212, 6.315766122173936, 7.386917864711912, 7.397462627820434, 6.336037451751686, 5.045943414268535, 2.4147181201953987, 2.7895809255155157, 2.15476776706911, 1.0889188629094453, 2.6641827677544945, 2.9237490350575577, 5.703636223498129, 4.238470008151526, 5.846174799815688, 5.2169676585158165, 6.5500777346532315, 7.349781799482214, 7.035415250004793, 5.212464462228976, 6.467450592776106, 3.1217091888899584, 6.668440070211323, 8.372459563951324, 8.38952532387858, 6.663451274677409, 4.296241330512056, 3.4105088022170533, 3.876564644114684], [4.527089678811322, 2.8072161245618408, 2.4354350781739185, 1.4048072358868318, 0.0, 1.5167706682290505, 2.513875146064339, 3.6211372868202605, 3.777341734606494, 4.717640560704048, 5.446799589667312, 4.60101206909958, 3.341755725662784, 4.526386958712213, 3.184966935464166, 4.44528231949333, 5.649908471825008, 6.859644041056358, 7.079738547432385, 6.165572510318892, 4.782812533436785, 1.4037494968832578, 2.4344533082398603, 3.416953432518506, 2.1695188360555893, 2.1467413887098745, 2.130826029970537, 4.348693061139174, 3.0717469850233434, 4.55266217723213, 4.401956421865169, 5.546374650165638, 6.185472859046429, 6.116475992759229, 4.329365835777799, 5.366945054684275, 2.4218092307198766, 5.8495443378095695, 7.788145205374639, 8.131825620978354, 6.674513200226665, 4.2231722839590615, 2.1712462826680903, 3.4151847402446625], [6.043237256636545, 4.323430814758113, 3.811495863830892, 2.516628643642125, 1.5167706682290505, 0.0, 1.4689644958269072, 2.522983402640612, 3.04617846161383, 3.772372754646603, 4.197684315190935, 3.2046196248540952, 2.5098896131105053, 3.6044154283323113, 2.791753406015653, 4.141823692529656, 5.093918152071153, 6.406296729780786, 6.886625352086463, 6.219199699318232, 4.855934755533686, 2.561104997847609, 3.840886883260167, 4.671007726390527, 2.716544323216538, 1.0976349347574539, 1.0947483044060857, 3.412912005897603, 2.738372191649631, 3.9884667104038867, 3.485018608271698, 4.76054277787733, 5.000828622338503, 4.805043536743449, 2.837030376996341, 3.955228893502878, 2.4845368361125177, 5.058248003014483, 7.211364110901625, 7.961645204981191, 6.91419046888354, 4.604322614674172, 2.7949444037404394, 4.712885193806444], [6.818306218556042, 5.138569396242499, 4.924525021766058, 3.7712452426221237, 2.513875146064339, 1.4689644958269072, 0.0, 1.4713028376238524, 2.5571322707282858, 3.567701502368156, 3.6868198220146318, 2.5022257671920816, 1.4085350190889823, 2.301546994957957, 2.3395879231180863, 3.696929716670307, 4.403650443666027, 5.791291695295618, 6.48465796553681, 6.0322367153486285, 4.715328190062702, 2.9350979063738234, 4.317512591759288, 5.876590655303464, 4.109564391757355, 2.0810619068158447, 2.112510426009775, 2.084541889720617, 2.6699931554219387, 3.2735306978856937, 3.709296724447911, 4.553417478114652, 4.240615151130789, 4.497415935845828, 2.5981517141999237, 3.02799181802065, 2.457764183155089, 4.162385961200619, 6.4882226187146195, 7.567450952599561, 6.869186630890152, 4.719552924801246, 2.622614247273129, 4.952537624289189], [7.819429910805519, 6.1696149280161725, 6.045340729024296, 4.907898637910118, 3.6211372868202605, 2.522983402640612, 1.4713028376238524, 0.0, 1.542083749346967, 2.446809549188494, 2.4174046992591043, 1.5384344087415622, 2.441569523892367, 2.7062373085152753, 3.674900658521261, 4.932921626176519, 5.380743118752279, 6.775234361998114, 7.638625788059001, 7.336451640268612, 6.071920570956112, 3.8459420796470662, 5.220082169851351, 7.014208620364808, 5.222987245820154, 3.215993896138486, 2.556272751487994, 1.0984923895958498, 2.233822904797961, 2.162624764030968, 2.9470351796339314, 3.371904086714211, 2.818358149703476, 3.3828245683156553, 2.19045800005387, 2.197384110709823, 3.906110738317592, 4.884332196933374, 7.318253482218281, 8.702513937937702, 8.227231340493592, 6.153879109147335, 3.2682166283770115, 5.711810508061345], [7.550944074749858, 5.99428564634686, 5.996750158210696, 5.012692275613974, 3.777341734606494, 3.04617846161383, 2.5571322707282858, 1.542083749346967, 0.0, 1.525288871001162, 2.399719277332246, 2.456832802613967, 3.7893850754442995, 4.174660781428834, 4.8625477951378535, 6.2110586698243315, 6.811401064391966, 8.206913859058105, 8.979960117951526, 8.54113170838619, 7.210592042960133, 3.7862000858380425, 5.017068316258012, 6.968197194396841, 5.431353871734007, 3.9842372682861145, 2.663243096301951, 2.1318707043345757, 1.092430995532441, 1.0974333237149305, 2.1620245280754795, 2.1874425386738734, 2.7794927253007877, 3.3721551995719294, 3.0296294261840013, 3.351949543176329, 4.835954636884014, 6.385614440286854, 8.80145507174808, 10.056922515859412, 9.351890032501453, 7.111854289845933, 3.1984585912592336, 5.415541731904574], [8.591208840436833, 7.026354961856112, 6.824102077196677, 5.745726426658338, 4.717640560704048, 3.772372754646603, 3.567701502368156, 2.446809549188494, 1.525288871001162, 0.0, 1.518735753842649, 2.3784861025450623, 4.798467941958141, 5.1055983606233655, 5.8924053288958325, 7.216240235746035, 7.720882860139765, 9.112981397435199, 9.954505728563323, 9.575210302651321, 8.26151822548374, 5.017342169914266, 6.223628325181381, 7.684416494438598, 5.93115946674847, 4.510060195828876, 3.018015574843841, 3.1450801961158317, 2.1774221593434744, 2.150266620677538, 1.096286157898566, 1.0938787592781936, 2.160319890664343, 2.183730649599442, 2.788244960544177, 3.346298187549938, 5.922269271993633, 7.201105930341533, 9.639390060579558, 11.0234230622797, 10.408494363739647, 8.192426144921905, 4.60578204651501, 6.714824632855277], [9.658997965110045, 8.017228693258039, 7.723563561595127, 6.509552344055619, 5.446799589667312, 4.197684315190935, 3.6868198220146318, 2.4174046992591043, 2.399719277332246, 1.518735753842649, 0.0, 1.52005256159121, 4.606214417501643, 4.612614803991333, 5.830045462086894, 7.00497217767494, 7.245811117466421, 8.59525368677388, 9.589079622674952, 9.414367187973921, 8.200865314099483, 5.8728032522808045, 7.195344335054438, 8.578981560185335, 6.5700348926014085, 4.6849226951999965, 3.621993630585233, 2.9145830250655065, 3.336764895823498, 2.881541412161206, 2.156942361306857, 2.1836311616204784, 1.0963232096421203, 1.0936565000035432, 2.1534966658901515, 2.1805214995500504, 6.107754426955949, 6.56132136768197, 8.975292754556811, 10.619101645619558, 10.338006417583614, 8.325113799222207, 5.396878439431445, 7.716847794274551], [9.020934181114503, 7.325947247284818, 6.9708035734770215, 5.689847902185084, 4.60101206909958, 3.2046196248540952, 2.5022257671920816, 1.5384344087415622, 2.456832802613967, 2.3784861025450623, 1.52005256159121, 0.0, 3.212466679982845, 3.2436853207424425, 4.421499964944023, 5.532807437458852, 5.748822780361211, 7.096264584272489, 8.082448023959078, 7.935125367629676, 6.756829112090967, 5.144361654277429, 6.533243829063783, 7.833996291804075, 5.727885307860135, 3.527852492664624, 2.9592466085137277, 2.150349362313017, 3.287258848949988, 3.138760908384071, 2.7549080057236033, 3.3552333301873363, 2.1609040816287983, 2.184139384288466, 1.096601449935208, 1.0947268791803735, 4.809945950839781, 5.0918699178199756, 7.503579716375377, 9.109508704095955, 8.876895084431267, 6.9554911444124485, 4.721093206027604, 7.129567265269331], [7.322104831945525, 5.716348804962832, 5.530545191027735, 4.456584286199465, 3.341755725662784, 2.5098896131105053, 1.4085350190889823, 2.441569523892367, 3.7893850754442995, 4.798467941958141, 4.606214417501643, 3.212466679982845, 0.0, 1.228557483392617, 1.378441043352961, 2.5016688130126257, 3.039775388083797, 4.432167916494139, 5.208773115619454, 4.918167993267412, 3.711364864844199, 3.6669716579215605, 4.915996312040927, 6.439676706947329, 4.754512943509566, 2.6291174678967844, 3.3657989452728754, 2.5318314221132496, 4.003261111893653, 4.309637856015282, 5.01829610624961, 5.7800464712664725, 5.00624927066162, 5.381070529179115, 3.3275323754998993, 3.2772779848526734, 2.02755811260738, 2.8045087502092056, 5.108118648778628, 6.279693745717223, 5.84812992588229, 3.985559319593676, 3.337722278740399, 5.478491863642767], [8.42800908044124, 6.857267567333215, 6.744215629708173, 5.679870492361599, 4.526386958712213, 3.6044154283323113, 2.301546994957957, 2.7062373085152753, 4.174660781428834, 5.1055983606233655, 4.612614803991333, 3.2436853207424425, 1.228557483392617, 0.0, 2.307362723977312, 2.9390531060190117, 2.91583626083496, 4.251048121346075, 5.276329652324615, 5.293469197038933, 4.29423358586838, 4.719147402868446, 5.957139871616244, 7.663728835234191, 5.956696191682098, 3.7091044593001157, 4.307171409405481, 2.3640688441752284, 4.645123279311325, 4.492826110590081, 5.519562488096316, 6.026300070524202, 4.781510285464208, 5.393885513245531, 3.609087383259098, 2.925265167467729, 3.133388882663625, 2.3001910746718415, 4.698898119772336, 6.283606614835146, 6.310457389127986, 4.796375940228206, 4.197559071651047, 6.395321234308719], [6.70348074808901, 5.187986300097563, 4.926308033405951, 3.9885105854190734, 3.184966935464166, 2.791753406015653, 2.3395879231180863, 3.674900658521261, 4.8625477951378535, 5.8924053288958325, 5.830045462086894, 4.421499964944023, 1.378441043352961, 2.307362723977312, 0.0, 1.409905408174605, 2.4757640315668215, 3.741454651602769, 4.215563262483436, 3.693153251626583, 2.399491485711087, 3.599972445727883, 4.616596938221919, 5.735183733761282, 4.2648210490007665, 2.6029011986627535, 3.8438826269801734, 3.861996758155035, 4.831090611859811, 5.441615813340739, 5.939475433066458, 6.892215558149643, 6.325535565467955, 6.5353264118940535, 4.298297118627329, 4.52619290353383, 1.0075808503539554, 2.7603311794058336, 4.625007267021318, 5.302244344614835, 4.555814522124447, 2.6213650375329265, 3.5936056739714783, 5.254360974466828], [7.442492105471123, 6.088009386490793, 5.82217194009246, 5.028365409355212, 4.44528231949333, 4.141823692529656, 3.696929716670307, 4.932921626176519, 6.2110586698243315, 7.216240235746035, 7.00497217767494, 5.532807437458852, 2.5016688130126257, 2.9390531060190117, 1.409905408174605, 0.0, 1.395825655302266, 2.4250926353440603, 2.80745041630302, 2.4316480954282844, 1.4012872689067006, 4.810042711868575, 5.633809628484086, 6.505493836750596, 5.213066517895201, 3.7542837838927414, 5.18433081023964, 4.970157914996263, 6.228484624690022, 6.73077762966509, 7.279338578469887, 8.22548300223154, 7.440139292378873, 7.6609076936091585, 5.3889246960780595, 5.428516160057001, 2.0533406171407607, 2.1708806185509144, 3.4058907351822074, 3.8942376262883602, 3.414511107025426, 2.1686305632818144, 4.829398658218225, 6.