{"total energy": -17.87316841, "HOMO-LUMO gap/eV": 5.13571445, "electronic energy": -18.17757337, "dipole": [0.00142058, -0.0680195, 0.09907206], "partial charges": [-0.0963861, -0.03051745, -0.05203804, -0.05610558, -0.03006834, -0.0951192, 0.03626357, 0.03181813, 0.02852801, 0.04205962, 0.04193205, 0.04149982, 0.040274, 0.02972173, 0.03545795, 0.03267984], "atomic dipole moments": [[0.03658894, 0.00610695, -0.0670175], [-0.12789788, -0.00995538, 0.09490906], [0.00034881, 0.00919173, -0.0944236], [-0.00201488, -0.01394547, 0.10413385], [0.1433756, -0.05209124, -0.0156776], [-0.0560337, 0.05507836, -0.01189676], [-0.08328828, 0.0073874, -0.12826628], [0.15041233, 0.00479726, -0.00617699], [0.09620465, -0.00559023, 0.11066239], [-0.02037347, -0.1058519, 0.06468045], [-0.02673497, 0.09352391, 0.08133153], [0.0211577, -0.09271241, -0.08274303], [0.01983571, 0.10633238, -0.06780879], [-0.05038803, -0.12491321, 0.06662576], [0.0371142, 0.13092262, -0.06856778], [-0.13945256, -0.02596965, 0.05064388]], "atomic quadrupole moments": [[-0.28305068, -0.02824914, 0.61767772, 0.03528698, 0.07281414, -0.33462704], [-0.12801617, -0.01972591, 0.55303681, 0.00436627, 0.0745146, -0.42502064], [0.14245257, 0.00388422, -0.20265349, 0.08466378, -0.02355466, 0.06020092], [0.15679119, -0.01323447, -0.19477056, 0.06334025, -0.02367198, 0.03797937], [-0.11879593, 0.17362234, -0.28023078, 0.11295656, 0.32123937, 0.39902671], [-0.25192222, 0.12593331, -0.17854211, 0.18559954, 0.32510546, 0.43046433], [0.03018506, 0.00114341, -0.06187317, 0.01663004, -0.00653026, 0.03168811], [0.04444196, 0.0037524, -0.06761699, -0.00831689, -0.0071063, 0.02317503], [0.02844483, 0.00376312, -0.07271159, -0.01230476, -0.00912454, 0.04426677], [-0.02022797, 0.02182548, 0.03960303, 0.01005248, -0.04104046, -0.01937506], [-0.01605221, -0.02462647, 0.02169589, 0.00435723, 0.04739853, -0.00564368], [-0.02583771, -0.01770794, 0.03245962, -0.00825051, 0.0417482, -0.00662191], [-0.01813202, 0.00981524, 0.04230032, 0.0020253, -0.03488276, -0.0241683], [0.02460815, -0.02460016, 0.02104189, -0.01935417, -0.03305656, -0.04565004], [0.01004026, -0.00124127, 0.02810961, -0.01935811, -0.03913592, -0.03814987], [0.04215431, -0.01112335, 0.00490751, -0.02510194, -0.02865863, -0.04706182]], "number of molecular orbitals": 34, "number of electrons": 34, "number of unpaired electrons": 0, "orbital energies/eV": [-16.99599615, -16.68025164, -16.20953286, -15.68579517, -14.77830505, -14.54747005, -14.00438362, -13.72190055, -13.31040458, -13.13183723, -12.64300685, -12.11517585, -12.02476575, -11.70435317, -11.53656508, -10.78113473, -10.72297377, -5.58725933, -5.50055203, 1.91629404, 3.03053113, 3.11615383, 3.62131683, 3.82598084, 4.41674211, 4.97723387, 5.36442376, 5.85552676, 6.07666132, 7.21577753, 10.95493952, 11.27958509, 15.42034015, 15.65492794], "fractional occupation": [2.0, 2.0, 2.0, 2.0, 2.0, 2.0, 2.0, 2.0, 2.0, 2.0, 2.0, 2.0, 2.0, 2.0, 2.0, 2.0, 2.0, 0.0, 0.0, 0.0, 0.0, 0.0, 0.0, 0.0, 0.0, 0.0, 0.0, 0.0, 0.0, 0.0, 0.0, 0.0, 0.0, 0.0], "program call": "xtb /home/svss/Project-DBcg-Debug/aqme2_20220329/End-to-End-workflows-final/example-3/QDESCP/mol_943_rdkit_conf_5/mol_943_rdkit_conf_5.xyz --pop --wbo --acc 0.2 --gfn 2 --chrg 0 --uhf 0 --etemp 300 --input /home/svss/Project-DBcg-Debug/aqme2_20220329/End-to-End-workflows-final/example-3/QDESCP/mol_943_rdkit_conf_5/mol_943_rdkit_conf_5_xtb.inp", "method": "GFN2-xTB", "xtb version": "6.3.3 (7355c4f)", "Dipole module/D": 0.305, "Total charge": 0, "Transition dipole module/D": NaN, "HOMO": -10.723, "LUMO": -5.5873, "HOMO occupancy": 2.0, "LUMO occupancy": 0, "mulliken charges": [-0.09021, -0.02243, -0.03972, -0.04266, -0.02262, -0.08563, 0.029, 0.0316, 0.02657, 0.03331, 0.03413, 0.03342, 0.02947, 0.02506, 0.02929, 0.03144], "cm5 charges": [-0.1923, -0.08654, -0.1445, -0.14807, -0.08705, -0.18763, 0.08248, 0.0838, 0.08167, 0.08846, 0.08934, 0.08875, 0.08531, 0.08053, 0.08209, 0.08366], "FUKUI+": [-0.063, -0.077, 0.017, 0.019, -0.078, -0.068, -0.081, -0.095, -0.09, -0.059, -0.056, -0.054, -0.04, -0.086, -0.09, -0.097], "FUKUI-": [-0.057, -0.044, 0.009, 0.013, -0.043, -0.059, -0.072, -0.09, -0.085, -0.091, -0.098, -0.095, -0.059, -0.069, -0.074, -0.085], "FUKUIrad": [-0.06, -0.061, 0.013, 0.016, -0.061, -0.064, -0.077, -0.093, -0.087, -0.075, -0.077, -0.075, -0.05, -0.077, -0.082, -0.091], "s proportion": [1.045, 1.072, 1.029, 1.027, 1.072, 1.048, 0.971, 0.968, 0.973, 0.967, 0.966, 0.967, 0.971, 0.975, 0.971, 0.969], "p proportion": [3.045, 2.95, 3.011, 3.015, 2.951, 3.038, 0.0, 0.0, 0.0, 0.0, 0.0, 0.0, 0.0, 0.0, 0.0, 0.0], "d proportion": [0.0, 0.0, 0.0, 0.0, 0.0, 0.0, 0.0, 0.0, 0.0, 0.0, 0.0, 0.0, 0.0, 0.0, 0.0, 0.0], "Fermi-level/eV": -8.1551, "Coordination numbers": [2.832, 2.883, 3.803, 3.802, 2.885, 2.834, 0.925, 0.925, 0.925, 0.924, 0.924, 0.924, 0.924, 0.925, 0.925, 0.925], "Dispersion coefficient C6": [30.414, 28.759, 21.507, 21.581, 28.748, 30.381, 2.499, 2.561, 2.607, 2.422, 2.423, 2.429, 2.445, 2.59, 2.51, 2.549], "Total dispersion C6": 2190.520802, "Total dispersion C8": 49128.628057, "Polarizability alpha": [9.037, 8.792, 6.602, 6.614, 8.79, 9.032, 2.472, 2.502, 2.525, 2.434, 2.435, 2.437, 2.445, 2.517, 2.478, 2.497], "Total polarizability alpha": 73.609912, "Wiberg matrix": [[0.0, 1.9724771897460638, 0.0, 0.0, 0.0, 0.0, 0.9757518234626419, 0.9779550816211704, 0.0, 0.0, 0.0, 0.0, 0.0, 0.0, 0.0, 0.0], [1.9724771897460638, 0.0, 1.0256268036510503, 0.0, 0.0, 0.0, 0.0, 0.0, 0.9669589750749298, 0.0, 0.0, 0.0, 0.0, 0.0, 0.0, 0.0], [0.0, 1.0256268036510503, 0.0, 0.9922850912426616, 0.0, 0.0, 0.0, 0.0, 0.0, 0.9594240130291116, 0.9601859367369436, 0.0, 0.0, 0.0, 0.0, 0.0], [0.0, 0.0, 0.9922850912426616, 0.0, 1.025698030046267, 0.0, 0.0, 0.0, 0.0, 0.0, 0.0, 0.9614022263150157, 0.974663843818321, 0.0, 0.0, 0.0], [0.0, 0.0, 0.0, 1.025698030046267, 0.0, 1.975662914265846, 0.0, 0.0, 0.0, 0.0, 0.0, 0.0, 0.0, 0.9678672590901388, 0.0, 0.0], [0.0, 0.0, 0.0, 0.0, 1.975662914265846, 0.0, 0.0, 0.0, 0.0, 0.0, 0.0, 0.0, 0.0, 0.0, 0.9766376205738216, 0.9781615833765699], [0.9757518234626419, 0.0, 0.0, 0.0, 0.0, 0.0, 0.0, 0.0, 0.0, 0.0, 0.0, 0.0, 0.0, 0.0, 0.0, 0.0], [0.9779550816211704, 0.0, 0.0, 0.0, 0.0, 0.0, 0.0, 0.0, 0.0, 0.0, 0.0, 0.0, 0.0, 0.0, 0.0, 0.0], [0.0, 0.9669589750749298, 0.0, 0.0, 0.0, 0.0, 0.0, 0.0, 0.0, 0.0, 0.0, 0.0, 0.0, 0.0, 0.0, 0.0], [0.0, 0.0, 0.9594240130291116, 0.0, 0.0, 0.0, 0.0, 0.0, 0.0, 0.0, 0.0, 0.0, 0.0, 0.0, 0.0, 0.0], [0.0, 0.0, 0.9601859367369436, 0.0, 0.0, 0.0, 0.0, 0.0, 0.0, 0.0, 0.0, 0.0, 0.0, 0.0, 0.0, 0.0], [0.0, 0.0, 0.0, 0.9614022263150157, 0.0, 0.0, 0.0, 0.0, 0.0, 0.0, 0.0, 0.0, 0.0, 0.0, 0.0, 0.0], [0.0, 0.0, 0.0, 0.974663843818321, 0.0, 0.0, 0.0, 0.0, 0.0, 0.0, 0.0, 0.0, 0.0, 0.0, 0.0, 0.0], [0.0, 0.0, 0.0, 0.0, 0.9678672590901388, 0.0, 0.0, 0.0, 0.0, 0.0, 0.0, 0.0, 0.0, 0.0, 0.0, 0.0], [0.0, 0.0, 0.0, 0.0, 0.0, 0.9766376205738216, 0.0, 0.0, 0.0, 0.0, 0.0, 0.0, 0.0, 0.0, 0.0, 0.0], [0.0, 0.0, 0.0, 0.0, 0.0, 0.9781615833765699, 0.0, 0.0, 0.0, 0.0, 0.0, 0.0, 0.0, 0.0, 0.0, 0.0]], "Born radii": [], "Atomic SASAs": [], "Solvent H bonds": [], "Total SASA": NaN, "Total FOD": 0.0, "FOD": [0.0, 0.0, 0.0, 0.0, 0.0, 0.0, 0.0, 0.0, 0.0, 0.0, 0.0, 0.0, 0.0, 0.0, 0.0, 0.0], "FOD s proportion": [0.0, 0.0, 0.0, 0.0, 0.0, 0.0, 0.0, 0.0, 0.0, 0.0, 0.0, 0.0, 0.0, 0.0, 0.0, 0.0], "FOD p proportion": [0.0, 0.0, 0.0, 0.0, 0.0, 0.0, 0.0, 0.0, 0.0, 0.0, 0.0, 0.0, 0.0, 0.0, 0.0, 0.0], "FOD d proportion": [0.0, 0.0, 0.0, 0.0, 0.0, 0.0, 0.0, 0.0, 0.0, 0.0, 0.0, 0.0, 0.0, 0.0, 0.0, 0.0], "coordinates": [["2.57150", "-0.04640", "-0.69400"], ["2.00630", "-0.15330", "0.51560"], ["0.53610", "-0.21920", "0.84110"], ["-0.43590", "-0.14900", "-0.34380"], ["-1.86630", "-0.25140", "0.11070"], ["-2.78040", "0.71150", "-0.06240"], ["1.99250", "0.00620", "-1.60960"], ["3.65260", "-0.00810", "-0.79390"], ["2.66690", "-0.19960", "1.38100"], ["0.36230", "-1.15110", "1.39490"], ["0.31340", "0.60120", "1.53570"], ["-0.24110", "-0.97460", "-1.03920"], ["-0.27900", "0.78390", "-0.89970"], ["-2.16200", "-1.17810", "0.59880"], ["-2.53580", "1.65100", "-0.54850"], ["-3.80120", "0.57690", "0.28240"]], "bond_dist": [[0.0, 1.3394068873945661, 2.555238738356947, 3.0294589549950994, 4.514824019826243, 5.442073555180967, 1.0845879955079716, 1.0863811992114005, 2.0828337427648904, 3.2348771135856147, 3.2388213072042116, 2.9818512773107915, 2.9760814555384734, 5.035682573395587, 5.383943749706158, 6.477126302612911], [1.3394068873945661, 0.0, 1.5072428802286644, 2.589001292004313, 3.894945234531546, 4.898414021905458, 2.1312216520108835, 2.1085959736279496, 1.0897032669493105, 2.114594365357101, 2.115605036390299, 2.8535492794062622, 2.8467549982392235, 4.293234464829519, 5.001847629626476, 5.857869111716308], [2.555238738356947, 1.5072428802286644, 0.0, 1.5341773202599496, 2.5111843341339957, 3.5611356320701972, 2.8596916984178553, 3.525671632469479, 2.1982231028719537, 1.0978790871494, 1.0977798549800413, 2.170298848085212, 2.1681748684089115, 2.8736635345843813, 3.8555422199737355, 4.445007557923833], [3.0294589549950994, 2.589001292004313, 1.5341773202599496, 0.0, 1.5043603856789103, 2.5132302839174927, 2.742893224316251, 4.115613571510329, 3.550332835101521, 2.1597234406284525, 2.15795523123164, 1.0968790088245832, 1.0972441979796477, 2.219676278199143, 2.773352141362506, 3.4991858110137564], [4.514824019826243, 3.894945234531546, 2.5111843341339957, 1.5043603856789103, 0.0, 1.3389245049665797, 4.2327446521140395, 5.5978346938794115, 4.70810445614793, 2.7249381075540047, 2.740190476955936, 2.1181509129427014, 2.1476209023009623, 1.0883257738379624, 2.1217682837671035, 2.111729099576932], [5.442073555180967, 4.898414021905458, 3.5611356320701972, 2.5132302839174927, 1.3389245049665797, 0.0, 5.066739616360802, 6.514323096838228, 5.708465998847676, 3.933136832097251, 3.4839185036392575, 3.200799265808464, 2.6388093925101903, 2.0952785399559652, 1.0857175599574689, 1.085834628292909], [1.0845879955079716, 2.1312216520108835, 2.8596916984178553, 2.742893224316251, 4.2327446521140395, 5.066739616360802, 0.0, 1.8497305182106933, 3.0725978194355337, 3.6088662457896663, 3.6147356611514483, 2.5052532327092205, 2.503694779720563, 4.851748890863994, 4.93323434878174, 6.121464055273052], [1.0863811992114005, 2.1085959736279496, 3.525671632469479, 4.115613571510329, 5.5978346938794115, 6.514323096838228, 1.8497305182106933, 0.0, 2.3955097056785224, 4.113802198696481, 4.116860368047476, 4.019352439137428, 4.01197410260834, 6.092461444276853, 6.411640081133687, 7.553792499797701], [2.0828337427648904, 1.0897032669493105, 2.1982231028719537, 3.550332835101521, 4.70810445614793, 5.708465998847676, 3.0725978194355337, 2.3955097056785224, 0.0, 2.4933364434026952, 2.4908181346698117, 3.8619240075382115, 3.8532053604758727, 4.988744761961669, 5.849425433322491, 6.60652645646712], [3.2348771135856147, 2.114594365357101, 1.0978790871494, 2.1597234406284525, 2.7249381075540047, 3.933136832097251, 3.6088662457896663, 4.113802198696481, 2.4933364434026952, 0.0, 1.758627629715853, 2.5139782457292665, 3.0693126021961334, 2.6469972988274844, 4.475215255158125, 4.643099449721059], [3.2388213072042116, 2.115605036390299, 1.0977798549800413, 2.15795523123164, 2.740190476955936, 3.4839185036392575, 3.6147356611514483, 4.116860368047476, 2.4908181346698117, 1.758627629715853, 0.0, 3.069320103866653, 2.5130639088570748, 3.189246817040036, 3.68292143820636, 4.3013119556712], [2.9818512773107915, 2.8535492794062622, 2.170298848085212, 1.0968790088245832, 2.1181509129427014, 3.200799265808464, 2.5052532327092205, 4.019352439137428, 3.8619240075382115, 2.5139782457292665, 3.069320103866653, 0.0, 1.7644316110294558, 2.532649415138226, 3.5213931816825, 4.102205604306055], [2.9760814555384734, 2.8467549982392235, 2.1681748684089115, 1.0972441979796477, 2.1476209023009623, 2.6388093925101903, 2.503694779720563, 4.01197410260834, 3.8532053604758727, 3.0693126021961334, 2.5130639088570748, 1.7644316110294558, 0.0, 3.1049372376909647, 2.4430206896381375, 3.721035104644943], [5.035682573395587, 4.293234464829519, 2.8736635345843813, 2.219676278199143, 1.0883257738379624, 2.0952785399559652, 4.851748890863994, 6.092461444276853, 4.988744761961669, 2.6469972988274844, 3.189246817040036, 2.532649415138226, 3.1049372376909647, 0.0, 3.0756837516233686, 2.4222119230158206], [5.383943749706158, 5.001847629626476, 3.8555422199737355, 2.773352141362506, 2.1217682837671035, 1.0857175599574689, 4.93323434878174, 6.411640081133687, 5.849425433322491, 4.475215255158125, 3.68292143820636, 3.5213931816825, 2.4430206896381375, 3.0756837516233686, 0.0, 1.8561580697774638], [6.477126302612911, 5.857869111716308, 4.445007557923833, 3.4991858110137564, 2.111729099576932, 1.085834628292909, 6.121464055273052, 7.553792499797701, 6.60652645646712, 4.643099449721059, 4.3013119556712, 4.102205604306055, 3.721035104644943, 2.4222119230158206, 1.8561580697774638, 0.0]]}