{"total energy": -22.47819727, "HOMO-LUMO gap/eV": 4.30401964, "electronic energy": -22.70917228, "dipole": [-0.65213206, -0.88019921, -0.19571242], "partial charges": [-0.3881274, 0.28252671, -0.02445808, -0.19927518, 0.33171514, -0.43984838, -0.16115976, 0.09153655, 0.09154016, 0.19280186, 0.2227484], "atomic dipole moments": [[0.12199779, -0.14790353, 0.01259256], [0.08349453, -0.02916216, 0.01415972], [0.13451169, 0.01192527, 0.02730786], [-0.05188563, 0.05488198, -0.00598352], [-0.08399986, 0.06969719, -0.01115078], [-0.20835007, 0.04195224, -0.03767751], [-0.00479128, -0.03550628, -0.00368508], [-0.07645197, -0.04818675, 0.10448759], [-0.03015072, -0.03005197, -0.13141955], [0.04081317, -0.14939385, -0.00346765], [0.07757762, 0.12946909, 0.02516888]], "atomic quadrupole moments": [[-0.09211158, -0.01987102, -0.10434216, -0.06096929, -0.02809965, 0.19645374], [-0.19245978, -0.03851695, -0.24842187, -0.13342968, -0.06291359, 0.44088164], [0.21636272, -0.1584567, 0.13459503, 0.10329628, 0.00781205, -0.35095775], [0.13417759, -0.02111433, -0.07694901, 0.03731144, -0.00512332, -0.05722858], [-0.17806863, -0.05238753, -0.19494478, -0.11758724, -0.05604686, 0.3730134], [-0.02259594, -0.00760264, -0.1157008, -0.03380662, -0.02165413, 0.13829674], [0.03210281, -0.1101123, -0.0327403, -0.00275129, -0.02436644, 0.00063749], [0.03623286, 0.00182981, -0.02982502, -0.03158296, -0.02326551, -0.00640784], [0.00854665, -0.01130225, -0.03586392, 0.03556457, 0.0147692, 0.02731727], [0.00415712, 0.01079254, 0.02933589, 0.00866326, 0.00712136, -0.03349301], [0.00585784, 0.00773617, 0.02339703, 0.00787881, 0.00571903, -0.02925487]], "number of molecular orbitals": 32, "number of electrons": 38, "number of unpaired electrons": 0, "orbital energies/eV": [-20.20033748, -20.00152431, -19.53396418, -18.82505566, -18.03901156, -17.62693237, -17.32512445, -16.49783992, -16.06471637, -15.40731834, -15.16621313, -14.93893003, -14.78554891, -14.64669971, -14.16547494, -12.44495816, -12.08933321, -11.61982246, -11.59083231, -7.28681267, -5.28407161, -1.30291986, 0.40412431, 1.72174016, 2.59554069, 4.42349415, 5.41765351, 6.14581653, 7.03846904, 9.32475282, 15.89775525, 17.8833485], "fractional occupation": [2.0, 2.0, 2.0, 2.0, 2.0, 2.0, 2.0, 2.0, 2.0, 2.0, 2.0, 2.0, 2.0, 2.0, 2.0, 2.0, 2.0, 2.0, 2.0, 0.0, 0.0, 0.0, 0.0, 0.0, 0.0, 0.0, 0.0, 0.0, 0.0, 0.0, 0.0, 0.0], "program call": "xtb /home/svss/Project-DBcg-Debug/aqme2_20220329/End-to-End-workflows-final/example-3/QDESCP/mol_847_rdkit_conf_1/mol_847_rdkit_conf_1.xyz --pop --wbo --acc 0.2 --gfn 2 --chrg 0 --uhf 0 --etemp 300 --input /home/svss/Project-DBcg-Debug/aqme2_20220329/End-to-End-workflows-final/example-3/QDESCP/mol_847_rdkit_conf_1/mol_847_rdkit_conf_1_xtb.inp", "method": "GFN2-xTB", "xtb version": "6.3.3 (7355c4f)", "Dipole module/D": 2.828, "Total charge": 0, "Transition dipole module/D": NaN, "HOMO": -11.5908, "LUMO": -7.2868, "HOMO occupancy": 2.0, "LUMO occupancy": 0, "mulliken charges": [-0.52012, 0.47621, 0.05493, -0.37979, 0.56855, -0.55682, -0.32112, 0.0697, 0.06971, 0.25877, 0.27998], "cm5 charges": [-0.55976, 0.57992, 0.02319, -0.728, 0.73687, -0.59193, -0.66667, 0.13687, 0.13688, 0.45271, 0.47994], "FUKUI+": [-0.22, -0.114, 0.031, -0.063, -0.062, -0.169, -0.058, -0.102, -0.102, -0.072, -0.07], "FUKUI-": [-0.217, -0.019, 0.008, -0.117, -0.012, -0.225, -0.069, -0.105, -0.105, -0.08, -0.061], "FUKUIrad": [-0.218, -0.067, 0.02, -0.09, -0.037, -0.197, -0.063, -0.104, -0.104, -0.076, -0.065], "s proportion": [1.726, 1.0, 1.016, 1.418, 0.935, 1.717, 1.418, 0.93, 0.93, 0.741, 0.72], "p proportion": [4.795, 2.524, 2.929, 3.962, 2.496, 4.84, 3.904, 0.0, 0.0, 0.0, 0.0], "d proportion": [0.0, 0.0, 0.0, 0.0, 0.0, 0.0, 0.0, 0.0, 0.0, 0.0, 0.0], "Fermi-level/eV": -9.4388, "Coordination numbers": [0.857, 2.881, 3.786, 2.75, 2.819, 0.858, 2.733, 0.924, 0.924, 0.86, 0.86], "Dispersion coefficient C6": [21.445, 22.23, 21.026, 25.323, 21.371, 22.493, 24.483, 1.864, 1.864, 1.143, 0.997], "Total dispersion C6": 1442.088682, "Total dispersion C8": 32432.500512, "Polarizability alpha": [6.209, 7.73, 6.531, 7.474, 7.575, 6.359, 7.349, 2.135, 2.135, 1.675, 1.564], "Total polarizability alpha": 56.735144, "Wiberg matrix": [[0.0, 1.740771878666986, 0.0, 0.0, 0.0, 0.0, 0.16010796932655968, 0.0, 0.0, 0.0, 0.0], [1.740771878666986, 0.0, 0.9639430585747285, 0.0, 0.0, 0.0, 1.1826003041531632, 0.0, 0.0, 0.0, 0.0], [0.0, 0.9639430585747285, 0.0, 1.0107376377873107, 0.0, 0.0, 0.0, 0.9452171354676104, 0.9452230363440146, 0.0, 0.0], [0.0, 0.0, 1.0107376377873107, 0.0, 1.1805715476835208, 0.17719448649754266, 0.0, 0.0, 0.0, 0.9367261165553566, 0.0], [0.0, 0.0, 0.0, 1.1805715476835208, 0.0, 1.641589218901156, 1.095913694528818, 0.0, 0.0, 0.0, 0.0], [0.0, 0.0, 0.0, 0.17719448649754266, 1.641589218901156, 0.0, 0.1051414866445112, 0.0, 0.0, 0.0, 0.0], [0.16010796932655968, 1.1826003041531632, 0.0, 0.0, 1.095913694528818, 0.1051414866445112, 0.0, 0.0, 0.0, 0.0, 0.9180372625087081], [0.0, 0.0, 0.9452171354676104, 0.0, 0.0, 0.0, 0.0, 0.0, 0.0, 0.0, 0.0], [0.0, 0.0, 0.9452230363440146, 0.0, 0.0, 0.0, 0.0, 0.0, 0.0, 0.0, 0.0], [0.0, 0.0, 0.0, 0.9367261165553566, 0.0, 0.0, 0.0, 0.0, 0.0, 0.0, 0.0], [0.0, 0.0, 0.0, 0.0, 0.0, 0.0, 0.9180372625087081, 0.0, 0.0, 0.0, 0.0]], "Born radii": [], "Atomic SASAs": [], "Solvent H bonds": [], "Total SASA": NaN, "Total FOD": 0.0, "FOD": [0.0, 0.0, 0.0, 0.0, 0.0, 0.0, 0.0, 0.0, 0.0, 0.0, 0.0], "FOD s proportion": [0.0, 0.0, 0.0, 0.0, 0.0, 0.0, 0.0, 0.0, 0.0, 0.0, 0.0], "FOD p proportion": [0.0, 0.0, 0.0, 0.0, 0.0, 0.0, 0.0, 0.0, 0.0, 0.0, 0.0], "FOD d proportion": [0.0, 0.0, 0.0, 0.0, 0.0, 0.0, 0.0, 0.0, 0.0, 0.0, 0.0], "coordinates": [["-1.43260", "1.91190", "-0.13440"], ["-0.66240", "0.96770", "-0.05570"], ["-1.02490", "-0.49770", "-0.23950"], ["0.26080", "-1.10760", "-0.03390"], ["1.23560", "-0.17520", "0.22910"], ["2.40770", "-0.42670", "0.43990"], ["0.66830", "1.05350", "0.21220"], ["-1.72190", "-0.83770", "0.52780"], ["-1.37220", "-0.70080", "-1.25350"], ["0.47210", "-2.09630", "-0.06840"], ["1.16960", "1.90890", "0.37630"]], "bond_dist": [[0.0, 1.221030454165661, 2.446106592117359, 3.4633919876329333, 3.4069649102977273, 4.532855009814455, 2.295814219400168, 2.8429744089597433, 2.8429270585085367, 4.438232230291695, 2.651842440643863], [1.221030454165661, 0.0, 1.5207188596187002, 2.2714848821861, 2.2337715751616143, 3.4081497516981263, 1.3601082824540112, 2.1731271614887153, 2.1731159955234784, 3.267315035315695, 2.1044489635056487], [2.446106592117359, 1.5207188596187002, 0.0, 1.4378017457215717, 2.330976718030448, 3.499909730264482, 2.3403377042640665, 1.090943761153617, 1.0909000412503431, 2.1967717610166053, 3.3146287046968017], [3.4633919876329333, 2.2714848821861, 1.4378017457215717, 0.0, 1.3743266715013573, 2.3015844238263345, 2.212910904216435, 2.078329182300051, 2.078364597465998, 1.0116153567438564, 3.177019630093588], [3.4069649102977273, 2.2337715751616143, 2.330976718030448, 1.3743266715013573, 0.0, 1.217171844892906, 1.3534469291405558, 3.045477662042525, 3.04548501227637, 2.088555412240719, 2.0903341000902222], [4.532855009814455, 3.4081497516981263, 3.499909730264482, 2.3015844238263345, 1.217171844892906, 0.0, 2.295289021016744, 4.150932855395278, 4.150949093882025, 2.606238747697532, 2.644232200469543], [2.295814219400168, 1.3601082824540112, 2.3403377042640665, 2.212910904216435, 1.3534469291405558, 2.295289021016744, 0.0, 3.064195953264086, 3.0642266936374014, 3.1683545950540317, 1.004957541391675], [2.8429744089597433, 2.1731271614887153, 1.090943761153617, 2.078329182300051, 3.045477662042525, 4.150932855395278, 3.064195953264086, 0.0, 1.8204563686065098, 2.598685129060464, 3.99093172830606], [2.8429270585085367, 2.1731159955234784, 1.0909000412503431, 2.078364597465998, 3.04548501227637, 4.150949093882025, 3.0642266936374014, 1.8204563686065098, 0.0, 2.598715981018318, 3.9909308901558296], [4.438232230291695, 3.267315035315695, 2.1967717610166053, 1.0116153567438564, 2.088555412240719, 2.606238747697532, 3.1683545950540317, 2.598685129060464, 2.598715981018318, 0.0, 4.089729988642283], [2.651842440643863, 2.1044489635056487, 3.3146287046968017, 3.177019630093588, 2.0903341000902222, 2.644232200469543, 1.004957541391675, 3.99093172830606, 3.9909308901558296, 4.089729988642283, 0.0]]}